swNum = 320
edgeNum = 1341

0 0
1 0
2 0
3 0
4 0
5 0
6 0
7 0
8 0
9 0
10 0
11 0
12 0
13 0
14 0
15 0
16 0
17 0
18 0
19 0
20 1
21 1
22 1
23 1
24 1
25 1
26 1
27 1
28 1
29 1
30 1
31 1
32 1
33 1
34 1
35 1
36 1
37 1
38 1
39 1
40 2
41 2
42 2
43 2
44 2
45 2
46 2
47 2
48 2
49 2
50 2
51 2
52 2
53 2
54 2
55 2
56 2
57 2
58 2
59 2
60 3
61 3
62 3
63 3
64 3
65 3
66 3
67 3
68 3
69 3
70 3
71 3
72 3
73 3
74 3
75 3
76 3
77 3
78 3
79 3
80 4
81 4
82 4
83 4
84 4
85 4
86 4
87 4
88 4
89 4
90 4
91 4
92 4
93 4
94 4
95 4
96 4
97 4
98 4
99 4
100 5
101 5
102 5
103 5
104 5
105 5
106 5
107 5
108 5
109 5
110 5
111 5
112 5
113 5
114 5
115 5
116 5
117 5
118 5
119 5
120 6
121 6
122 6
123 6
124 6
125 6
126 6
127 6
128 6
129 6
130 6
131 6
132 6
133 6
134 6
135 6
136 6
137 6
138 6
139 6
140 7
141 7
142 7
143 7
144 7
145 7
146 7
147 7
148 7
149 7
150 7
151 7
152 7
153 7
154 7
155 7
156 7
157 7
158 7
159 7
160 8
161 8
162 8
163 8
164 8
165 8
166 8
167 8
168 8
169 8
170 8
171 8
172 8
173 8
174 8
175 8
176 8
177 8
178 8
179 8
180 9
181 9
182 9
183 9
184 9
185 9
186 9
187 9
188 9
189 9
190 9
191 9
192 9
193 9
194 9
195 9
196 9
197 9
198 9
199 9
200 10
201 10
202 10
203 10
204 10
205 10
206 10
207 10
208 10
209 10
210 10
211 10
212 10
213 10
214 10
215 10
216 10
217 10
218 10
219 10
220 11
221 11
222 11
223 11
224 11
225 11
226 11
227 11
228 11
229 11
230 11
231 11
232 11
233 11
234 11
235 11
236 11
237 11
238 11
239 11
240 12
241 12
242 12
243 12
244 12
245 12
246 12
247 12
248 12
249 12
250 12
251 12
252 12
253 12
254 12
255 12
256 12
257 12
258 12
259 12
260 13
261 13
262 13
263 13
264 13
265 13
266 13
267 13
268 13
269 13
270 13
271 13
272 13
273 13
274 13
275 13
276 13
277 13
278 13
279 13
280 14
281 14
282 14
283 14
284 14
285 14
286 14
287 14
288 14
289 14
290 14
291 14
292 14
293 14
294 14
295 14
296 14
297 14
298 14
299 14
300 15
301 15
302 15
303 15
304 15
305 15
306 15
307 15
308 15
309 15
310 15
311 15
312 15
313 15
314 15
315 15
316 15
317 15
318 15
319 15

4 0 0 0
4 3 0 0
4 1 0 0
4 2 0 0
5 4 0 0
5 1 0 0
5 0 0 0
5 2 0 0
6 2 0 0
6 0 0 0
6 3 0 0
6 5 0 0
7 0 0 0
7 3 0 0
7 2 0 0
7 6 0 0
8 5 0 0
8 2 0 0
8 0 0 0
8 7 0 0
9 2 0 0
9 6 0 0
9 5 0 0
9 0 0 0
10 6 0 0
10 4 0 0
10 8 0 0
10 0 0 0
11 2 0 0
11 9 0 0
11 1 0 0
11 7 0 0
12 2 0 0
12 8 0 0
12 6 0 0
12 1 0 0
13 1 0 0
13 3 0 0
13 10 0 0
13 11 0 0
14 0 0 0
14 6 0 0
14 7 0 0
14 1 0 0
15 9 0 0
15 3 0 0
15 4 0 0
15 10 0 0
16 0 0 0
16 6 0 0
16 12 0 0
16 10 0 0
17 0 0 0
17 5 0 0
17 2 0 0
17 6 0 0
18 12 0 0
18 8 0 0
18 0 0 0
18 4 0 0
19 12 0 0
19 7 0 0
19 13 0 0
19 11 0 0
0 15 0 0
0 19 0 0
0 11 0 0
0 13 0 0
1 18 0 0
1 7 0 0
1 17 0 0
1 19 0 0
2 18 0 0
2 16 0 0
2 13 0 0
2 15 0 0
3 5 0 0
3 12 0 0
3 18 0 0
3 17 0 0
24 21 1 1
24 23 1 1
24 22 1 1
24 20 1 1
25 22 1 1
25 23 1 1
25 21 1 1
25 24 1 1
26 22 1 1
26 21 1 1
26 23 1 1
26 24 1 1
27 23 1 1
27 22 1 1
27 26 1 1
27 21 1 1
28 23 1 1
28 27 1 1
28 22 1 1
28 25 1 1
29 26 1 1
29 23 1 1
29 27 1 1
29 25 1 1
30 26 1 1
30 22 1 1
30 28 1 1
30 25 1 1
31 25 1 1
31 27 1 1
31 24 1 1
31 28 1 1
32 31 1 1
32 28 1 1
32 27 1 1
32 20 1 1
33 23 1 1
33 32 1 1
33 21 1 1
33 28 1 1
34 21 1 1
34 30 1 1
34 31 1 1
34 29 1 1
35 21 1 1
35 32 1 1
35 28 1 1
35 23 1 1
36 32 1 1
36 22 1 1
36 20 1 1
36 29 1 1
37 33 1 1
37 22 1 1
37 20 1 1
37 30 1 1
38 30 1 1
38 34 1 1
38 26 1 1
38 27 1 1
39 37 1 1
39 21 1 1
39 26 1 1
39 31 1 1
20 31 1 1
20 34 1 1
20 30 1 1
20 35 1 1
21 32 1 1
21 30 1 1
21 31 1 1
21 36 1 1
22 35 1 1
22 38 1 1
22 34 1 1
22 29 1 1
23 32 1 1
23 31 1 1
23 38 1 1
23 30 1 1
44 42 2 2
44 40 2 2
44 43 2 2
44 41 2 2
45 41 2 2
45 43 2 2
45 44 2 2
45 40 2 2
46 44 2 2
46 42 2 2
46 43 2 2
46 41 2 2
47 42 2 2
47 44 2 2
47 41 2 2
47 43 2 2
48 44 2 2
48 46 2 2
48 42 2 2
48 47 2 2
49 45 2 2
49 44 2 2
49 42 2 2
49 40 2 2
50 42 2 2
50 49 2 2
50 40 2 2
50 46 2 2
51 49 2 2
51 44 2 2
51 48 2 2
51 42 2 2
52 46 2 2
52 45 2 2
52 48 2 2
52 44 2 2
53 46 2 2
53 49 2 2
53 45 2 2
53 43 2 2
54 49 2 2
54 50 2 2
54 43 2 2
54 46 2 2
55 45 2 2
55 49 2 2
55 52 2 2
55 53 2 2
56 50 2 2
56 54 2 2
56 51 2 2
56 55 2 2
57 54 2 2
57 46 2 2
57 41 2 2
57 51 2 2
58 49 2 2
58 57 2 2
58 40 2 2
58 54 2 2
59 51 2 2
59 41 2 2
59 45 2 2
59 48 2 2
40 47 2 2
40 59 2 2
40 56 2 2
40 52 2 2
41 51 2 2
41 55 2 2
41 52 2 2
41 50 2 2
42 57 2 2
42 55 2 2
42 54 2 2
42 45 2 2
43 56 2 2
43 59 2 2
43 52 2 2
43 49 2 2
64 62 3 3
64 63 3 3
64 60 3 3
64 61 3 3
65 61 3 3
65 62 3 3
65 64 3 3
65 60 3 3
66 64 3 3
66 60 3 3
66 62 3 3
66 63 3 3
67 62 3 3
67 64 3 3
67 65 3 3
67 61 3 3
68 60 3 3
68 63 3 3
68 66 3 3
68 64 3 3
69 67 3 3
69 60 3 3
69 62 3 3
69 64 3 3
70 62 3 3
70 68 3 3
70 60 3 3
70 65 3 3
71 60 3 3
71 66 3 3
71 68 3 3
71 69 3 3
72 60 3 3
72 68 3 3
72 66 3 3
72 71 3 3
73 65 3 3
73 71 3 3
73 61 3 3
73 69 3 3
74 62 3 3
74 72 3 3
74 69 3 3
74 67 3 3
75 61 3 3
75 60 3 3
75 68 3 3
75 70 3 3
76 66 3 3
76 69 3 3
76 64 3 3
76 60 3 3
77 69 3 3
77 71 3 3
77 70 3 3
77 63 3 3
78 73 3 3
78 61 3 3
78 75 3 3
78 70 3 3
79 65 3 3
79 74 3 3
79 76 3 3
79 70 3 3
60 77 3 3
60 79 3 3
60 73 3 3
60 74 3 3
61 70 3 3
61 74 3 3
61 77 3 3
61 79 3 3
62 77 3 3
62 76 3 3
62 72 3 3
62 79 3 3
63 71 3 3
63 70 3 3
63 73 3 3
63 75 3 3
84 83 4 4
84 80 4 4
84 81 4 4
84 82 4 4
85 83 4 4
85 81 4 4
85 84 4 4
85 82 4 4
86 80 4 4
86 84 4 4
86 85 4 4
86 83 4 4
87 84 4 4
87 85 4 4
87 83 4 4
87 82 4 4
88 86 4 4
88 84 4 4
88 83 4 4
88 85 4 4
89 85 4 4
89 83 4 4
89 80 4 4
89 82 4 4
90 83 4 4
90 87 4 4
90 82 4 4
90 81 4 4
91 87 4 4
91 90 4 4
91 86 4 4
91 83 4 4
92 84 4 4
92 88 4 4
92 81 4 4
92 86 4 4
93 82 4 4
93 92 4 4
93 83 4 4
93 84 4 4
94 80 4 4
94 86 4 4
94 88 4 4
94 90 4 4
95 80 4 4
95 94 4 4
95 83 4 4
95 92 4 4
96 91 4 4
96 82 4 4
96 94 4 4
96 81 4 4
97 85 4 4
97 90 4 4
97 92 4 4
97 91 4 4
98 94 4 4
98 82 4 4
98 88 4 4
98 83 4 4
99 96 4 4
99 98 4 4
99 85 4 4
99 87 4 4
80 98 4 4
80 96 4 4
80 85 4 4
80 88 4 4
81 99 4 4
81 89 4 4
81 95 4 4
81 87 4 4
82 97 4 4
82 99 4 4
82 91 4 4
82 95 4 4
83 99 4 4
83 97 4 4
83 96 4 4
83 94 4 4
104 103 5 5
104 102 5 5
104 101 5 5
104 100 5 5
105 104 5 5
105 102 5 5
105 101 5 5
105 103 5 5
106 102 5 5
106 103 5 5
106 104 5 5
106 101 5 5
107 103 5 5
107 105 5 5
107 102 5 5
107 106 5 5
108 103 5 5
108 104 5 5
108 102 5 5
108 101 5 5
109 103 5 5
109 107 5 5
109 104 5 5
109 108 5 5
110 107 5 5
110 100 5 5
110 105 5 5
110 106 5 5
111 109 5 5
111 110 5 5
111 103 5 5
111 106 5 5
112 102 5 5
112 103 5 5
112 108 5 5
112 105 5 5
113 111 5 5
113 100 5 5
113 101 5 5
113 109 5 5
114 110 5 5
114 113 5 5
114 106 5 5
114 102 5 5
115 108 5 5
115 104 5 5
115 106 5 5
115 109 5 5
116 103 5 5
116 102 5 5
116 109 5 5
116 112 5 5
117 105 5 5
117 109 5 5
117 104 5 5
117 101 5 5
118 103 5 5
118 102 5 5
118 107 5 5
118 109 5 5
119 111 5 5
119 105 5 5
119 113 5 5
119 114 5 5
100 107 5 5
100 119 5 5
100 114 5 5
100 111 5 5
101 119 5 5
101 110 5 5
101 114 5 5
101 118 5 5
102 110 5 5
102 117 5 5
102 111 5 5
102 119 5 5
103 117 5 5
103 115 5 5
103 110 5 5
103 119 5 5
124 120 6 6
124 122 6 6
124 123 6 6
124 121 6 6
125 123 6 6
125 122 6 6
125 124 6 6
125 120 6 6
126 125 6 6
126 121 6 6
126 122 6 6
126 124 6 6
127 121 6 6
127 126 6 6
127 120 6 6
127 123 6 6
128 122 6 6
128 127 6 6
128 120 6 6
128 121 6 6
129 120 6 6
129 123 6 6
129 128 6 6
129 127 6 6
130 120 6 6
130 124 6 6
130 122 6 6
130 128 6 6
131 123 6 6
131 127 6 6
131 120 6 6
131 122 6 6
132 122 6 6
132 123 6 6
132 125 6 6
132 124 6 6
133 124 6 6
133 123 6 6
133 130 6 6
133 129 6 6
134 133 6 6
134 132 6 6
134 127 6 6
134 124 6 6
135 133 6 6
135 129 6 6
135 126 6 6
135 123 6 6
136 120 6 6
136 127 6 6
136 124 6 6
136 129 6 6
137 125 6 6
137 120 6 6
137 129 6 6
137 135 6 6
138 128 6 6
138 130 6 6
138 133 6 6
138 131 6 6
139 127 6 6
139 138 6 6
139 132 6 6
139 123 6 6
120 138 6 6
120 132 6 6
120 134 6 6
120 133 6 6
121 129 6 6
121 139 6 6
121 138 6 6
121 136 6 6
122 135 6 6
122 137 6 6
122 139 6 6
122 136 6 6
123 138 6 6
123 137 6 6
123 134 6 6
123 126 6 6
144 143 7 7
144 142 7 7
144 140 7 7
144 141 7 7
145 143 7 7
145 141 7 7
145 144 7 7
145 142 7 7
146 142 7 7
146 143 7 7
146 141 7 7
146 145 7 7
147 142 7 7
147 143 7 7
147 141 7 7
147 144 7 7
148 147 7 7
148 146 7 7
148 143 7 7
148 140 7 7
149 148 7 7
149 142 7 7
149 140 7 7
149 141 7 7
150 148 7 7
150 146 7 7
150 142 7 7
150 141 7 7
151 150 7 7
151 144 7 7
151 141 7 7
151 140 7 7
152 140 7 7
152 144 7 7
152 151 7 7
152 148 7 7
153 149 7 7
153 147 7 7
153 144 7 7
153 142 7 7
154 153 7 7
154 140 7 7
154 150 7 7
154 145 7 7
155 140 7 7
155 151 7 7
155 150 7 7
155 154 7 7
156 154 7 7
156 140 7 7
156 150 7 7
156 148 7 7
157 153 7 7
157 143 7 7
157 145 7 7
157 150 7 7
158 150 7 7
158 148 7 7
158 140 7 7
158 155 7 7
159 156 7 7
159 141 7 7
159 158 7 7
159 148 7 7
140 150 7 7
140 147 7 7
140 157 7 7
140 153 7 7
141 152 7 7
141 154 7 7
141 148 7 7
141 157 7 7
142 159 7 7
142 152 7 7
142 154 7 7
142 151 7 7
143 156 7 7
143 152 7 7
143 150 7 7
143 159 7 7
164 160 8 8
164 163 8 8
164 162 8 8
164 161 8 8
165 163 8 8
165 162 8 8
165 161 8 8
165 160 8 8
166 165 8 8
166 162 8 8
166 163 8 8
166 161 8 8
167 165 8 8
167 164 8 8
167 161 8 8
167 163 8 8
168 165 8 8
168 163 8 8
168 167 8 8
168 160 8 8
169 164 8 8
169 167 8 8
169 160 8 8
169 162 8 8
170 166 8 8
170 163 8 8
170 164 8 8
170 161 8 8
171 165 8 8
171 166 8 8
171 170 8 8
171 161 8 8
172 165 8 8
172 161 8 8
172 170 8 8
172 166 8 8
173 164 8 8
173 169 8 8
173 166 8 8
173 160 8 8
174 172 8 8
174 161 8 8
174 170 8 8
174 169 8 8
175 167 8 8
175 165 8 8
175 161 8 8
175 170 8 8
176 170 8 8
176 162 8 8
176 166 8 8
176 167 8 8
177 167 8 8
177 169 8 8
177 163 8 8
177 161 8 8
178 161 8 8
178 169 8 8
178 160 8 8
178 162 8 8
179 174 8 8
179 177 8 8
179 161 8 8
179 168 8 8
160 166 8 8
160 176 8 8
160 170 8 8
160 179 8 8
161 176 8 8
161 173 8 8
161 169 8 8
161 168 8 8
162 175 8 8
162 167 8 8
162 177 8 8
162 168 8 8
163 175 8 8
163 174 8 8
163 179 8 8
163 169 8 8
184 180 9 9
184 183 9 9
184 181 9 9
184 182 9 9
185 180 9 9
185 182 9 9
185 183 9 9
185 181 9 9
186 183 9 9
186 182 9 9
186 181 9 9
186 184 9 9
187 181 9 9
187 184 9 9
187 180 9 9
187 186 9 9
188 185 9 9
188 180 9 9
188 186 9 9
188 181 9 9
189 186 9 9
189 182 9 9
189 187 9 9
189 183 9 9
190 186 9 9
190 183 9 9
190 181 9 9
190 185 9 9
191 189 9 9
191 183 9 9
191 186 9 9
191 180 9 9
192 183 9 9
192 181 9 9
192 191 9 9
192 190 9 9
193 191 9 9
193 188 9 9
193 180 9 9
193 192 9 9
194 188 9 9
194 180 9 9
194 193 9 9
194 181 9 9
195 180 9 9
195 187 9 9
195 194 9 9
195 191 9 9
196 182 9 9
196 183 9 9
196 186 9 9
196 191 9 9
197 188 9 9
197 192 9 9
197 191 9 9
197 193 9 9
198 192 9 9
198 197 9 9
198 182 9 9
198 183 9 9
199 195 9 9
199 197 9 9
199 188 9 9
199 185 9 9
180 189 9 9
180 198 9 9
180 197 9 9
180 199 9 9
181 195 9 9
181 196 9 9
181 191 9 9
181 197 9 9
182 191 9 9
182 190 9 9
182 188 9 9
182 197 9 9
183 187 9 9
183 195 9 9
183 193 9 9
183 199 9 9
204 200 10 10
204 202 10 10
204 203 10 10
204 201 10 10
205 204 10 10
205 200 10 10
205 202 10 10
205 203 10 10
206 204 10 10
206 201 10 10
206 202 10 10
206 203 10 10
207 201 10 10
207 202 10 10
207 206 10 10
207 204 10 10
208 207 10 10
208 203 10 10
208 201 10 10
208 200 10 10
209 203 10 10
209 208 10 10
209 202 10 10
209 201 10 10
210 206 10 10
210 209 10 10
210 203 10 10
210 208 10 10
211 206 10 10
211 208 10 10
211 205 10 10
211 210 10 10
212 206 10 10
212 200 10 10
212 208 10 10
212 211 10 10
213 204 10 10
213 202 10 10
213 207 10 10
213 206 10 10
214 207 10 10
214 208 10 10
214 212 10 10
214 210 10 10
215 202 10 10
215 212 10 10
215 206 10 10
215 210 10 10
216 204 10 10
216 214 10 10
216 206 10 10
216 211 10 10
217 204 10 10
217 214 10 10
217 200 10 10
217 203 10 10
218 202 10 10
218 215 10 10
218 207 10 10
218 213 10 10
219 209 10 10
219 210 10 10
219 200 10 10
219 205 10 10
200 214 10 10
200 218 10 10
200 206 10 10
200 210 10 10
201 210 10 10
201 211 10 10
201 216 10 10
201 215 10 10
202 214 10 10
202 216 10 10
202 219 10 10
202 217 10 10
203 211 10 10
203 207 10 10
203 219 10 10
203 212 10 10
224 220 11 11
224 221 11 11
224 223 11 11
224 222 11 11
225 220 11 11
225 221 11 11
225 224 11 11
225 222 11 11
226 222 11 11
226 223 11 11
226 221 11 11
226 220 11 11
227 224 11 11
227 220 11 11
227 223 11 11
227 225 11 11
228 223 11 11
228 220 11 11
228 221 11 11
228 222 11 11
229 220 11 11
229 222 11 11
229 227 11 11
229 221 11 11
230 229 11 11
230 228 11 11
230 220 11 11
230 226 11 11
231 228 11 11
231 230 11 11
231 229 11 11
231 223 11 11
232 223 11 11
232 230 11 11
232 220 11 11
232 228 11 11
233 225 11 11
233 232 11 11
233 231 11 11
233 226 11 11
234 224 11 11
234 220 11 11
234 230 11 11
234 229 11 11
235 227 11 11
235 220 11 11
235 223 11 11
235 234 11 11
236 222 11 11
236 223 11 11
236 234 11 11
236 221 11 11
237 234 11 11
237 225 11 11
237 227 11 11
237 221 11 11
238 225 11 11
238 223 11 11
238 234 11 11
238 229 11 11
239 233 11 11
239 229 11 11
239 234 11 11
239 220 11 11
220 231 11 11
220 238 11 11
220 236 11 11
220 237 11 11
221 233 11 11
221 231 11 11
221 234 11 11
221 227 11 11
222 237 11 11
222 231 11 11
222 232 11 11
222 238 11 11
223 230 11 11
223 233 11 11
223 237 11 11
223 234 11 11
244 242 12 12
244 240 12 12
244 243 12 12
244 241 12 12
245 241 12 12
245 243 12 12
245 242 12 12
245 240 12 12
246 241 12 12
246 240 12 12
246 245 12 12
246 242 12 12
247 246 12 12
247 245 12 12
247 240 12 12
247 242 12 12
248 242 12 12
248 247 12 12
248 241 12 12
248 246 12 12
249 247 12 12
249 245 12 12
249 241 12 12
249 243 12 12
250 245 12 12
250 241 12 12
250 248 12 12
250 240 12 12
251 241 12 12
251 243 12 12
251 245 12 12
251 247 12 12
252 241 12 12
252 244 12 12
252 247 12 12
252 242 12 12
253 243 12 12
253 241 12 12
253 244 12 12
253 249 12 12
254 247 12 12
254 245 12 12
254 242 12 12
254 244 12 12
255 242 12 12
255 247 12 12
255 250 12 12
255 241 12 12
256 244 12 12
256 249 12 12
256 253 12 12
256 242 12 12
257 248 12 12
257 241 12 12
257 251 12 12
257 246 12 12
258 240 12 12
258 255 12 12
258 245 12 12
258 241 12 12
259 254 12 12
259 258 12 12
259 255 12 12
259 248 12 12
240 257 12 12
240 259 12 12
240 251 12 12
240 255 12 12
241 247 12 12
241 259 12 12
241 256 12 12
241 254 12 12
242 249 12 12
242 258 12 12
242 257 12 12
242 250 12 12
243 256 12 12
243 252 12 12
243 247 12 12
243 258 12 12
264 262 13 13
264 260 13 13
264 261 13 13
264 263 13 13
265 261 13 13
265 262 13 13
265 263 13 13
265 260 13 13
266 263 13 13
266 260 13 13
266 265 13 13
266 264 13 13
267 264 13 13
267 260 13 13
267 261 13 13
267 263 13 13
268 264 13 13
268 262 13 13
268 261 13 13
268 267 13 13
269 267 13 13
269 263 13 13
269 266 13 13
269 261 13 13
270 260 13 13
270 263 13 13
270 266 13 13
270 267 13 13
271 260 13 13
271 265 13 13
271 269 13 13
271 267 13 13
272 261 13 13
272 268 13 13
272 265 13 13
272 267 13 13
273 262 13 13
273 272 13 13
273 265 13 13
273 268 13 13
274 265 13 13
274 263 13 13
274 271 13 13
274 269 13 13
275 268 13 13
275 270 13 13
275 267 13 13
275 262 13 13
276 262 13 13
276 266 13 13
276 264 13 13
276 261 13 13
277 270 13 13
277 272 13 13
277 276 13 13
277 260 13 13
278 262 13 13
278 264 13 13
278 276 13 13
278 275 13 13
279 267 13 13
279 264 13 13
279 272 13 13
279 270 13 13
260 279 13 13
260 275 13 13
260 273 13 13
260 276 13 13
261 273 13 13
261 270 13 13
261 279 13 13
261 277 13 13
262 266 13 13
262 279 13 13
262 277 13 13
262 267 13 13
263 271 13 13
263 277 13 13
263 273 13 13
263 272 13 13
284 282 14 14
284 283 14 14
284 280 14 14
284 281 14 14
285 284 14 14
285 282 14 14
285 283 14 14
285 280 14 14
286 283 14 14
286 284 14 14
286 281 14 14
286 280 14 14
287 284 14 14
287 281 14 14
287 282 14 14
287 280 14 14
288 287 14 14
288 282 14 14
288 281 14 14
288 285 14 14
289 283 14 14
289 280 14 14
289 284 14 14
289 288 14 14
290 289 14 14
290 281 14 14
290 286 14 14
290 280 14 14
291 288 14 14
291 290 14 14
291 284 14 14
291 289 14 14
292 289 14 14
292 282 14 14
292 290 14 14
292 285 14 14
293 283 14 14
293 292 14 14
293 285 14 14
293 281 14 14
294 281 14 14
294 284 14 14
294 291 14 14
294 292 14 14
295 292 14 14
295 290 14 14
295 283 14 14
295 287 14 14
296 286 14 14
296 290 14 14
296 293 14 14
296 285 14 14
297 288 14 14
297 287 14 14
297 285 14 14
297 282 14 14
298 280 14 14
298 286 14 14
298 289 14 14
298 281 14 14
299 289 14 14
299 292 14 14
299 284 14 14
299 297 14 14
280 293 14 14
280 296 14 14
280 295 14 14
280 291 14 14
281 291 14 14
281 289 14 14
281 295 14 14
281 296 14 14
282 294 14 14
282 289 14 14
282 290 14 14
282 296 14 14
283 287 14 14
283 291 14 14
283 297 14 14
283 288 14 14
304 303 15 15
304 300 15 15
304 302 15 15
304 301 15 15
305 303 15 15
305 304 15 15
305 300 15 15
305 301 15 15
306 304 15 15
306 303 15 15
306 301 15 15
306 302 15 15
307 305 15 15
307 306 15 15
307 301 15 15
307 302 15 15
308 307 15 15
308 303 15 15
308 306 15 15
308 302 15 15
309 303 15 15
309 306 15 15
309 301 15 15
309 302 15 15
310 305 15 15
310 306 15 15
310 302 15 15
310 303 15 15
311 309 15 15
311 310 15 15
311 301 15 15
311 307 15 15
312 302 15 15
312 303 15 15
312 307 15 15
312 311 15 15
313 303 15 15
313 307 15 15
313 310 15 15
313 301 15 15
314 302 15 15
314 311 15 15
314 303 15 15
314 307 15 15
315 309 15 15
315 300 15 15
315 312 15 15
315 311 15 15
316 300 15 15
316 311 15 15
316 302 15 15
316 313 15 15
317 302 15 15
317 313 15 15
317 311 15 15
317 316 15 15
318 311 15 15
318 302 15 15
318 310 15 15
318 309 15 15
319 301 15 15
319 315 15 15
319 302 15 15
319 310 15 15
300 319 15 15
300 312 15 15
300 314 15 15
300 306 15 15
301 318 15 15
301 317 15 15
301 316 15 15
301 315 15 15
302 311 15 15
302 315 15 15
302 313 15 15
302 305 15 15
303 311 15 15
303 307 15 15
303 317 15 15
303 316 15 15
97 47 4 2
90 26 4 1
96 1 4 0
89 78 4 3
101 61 5 3
111 87 5 4
118 12 5 0
112 30 5 1
127 94 6 4
133 23 6 1
125 4 6 0
122 56 6 2
151 56 7 2
159 4 7 0
159 93 7 4
153 107 7 5
163 106 8 5
167 71 8 3
169 145 8 7
176 11 8 0
190 132 9 6
185 6 9 0
191 141 9 7
187 40 9 2
200 190 10 9
216 4 10 0
219 87 10 4
209 21 10 1
229 138 11 6
226 31 11 1
233 17 11 0
232 215 11 10
257 17 12 0
252 154 12 7
244 84 12 4
258 170 12 8
272 87 13 4
276 179 13 8
266 14 13 0
270 103 13 5
285 227 14 11
295 74 14 3
287 144 14 7
297 210 14 10
304 148 15 7
303 32 15 1
305 54 15 2
309 0 15 0
4 296 0 14
25 154 1 7
25 181 1 9
36 256 1 12
36 272 1 13
48 232 2 11
53 282 2 14
44 268 2 13
48 206 2 10
63 272 3 13
71 188 3 9
66 152 3 7
67 209 3 10
