swNum = 320
edgeNum = 1343

0 0
1 0
2 0
3 0
4 0
5 0
6 0
7 0
8 0
9 0
10 0
11 0
12 0
13 0
14 0
15 0
16 0
17 0
18 0
19 0
20 1
21 1
22 1
23 1
24 1
25 1
26 1
27 1
28 1
29 1
30 1
31 1
32 1
33 1
34 1
35 1
36 1
37 1
38 1
39 1
40 2
41 2
42 2
43 2
44 2
45 2
46 2
47 2
48 2
49 2
50 2
51 2
52 2
53 2
54 2
55 2
56 2
57 2
58 2
59 2
60 3
61 3
62 3
63 3
64 3
65 3
66 3
67 3
68 3
69 3
70 3
71 3
72 3
73 3
74 3
75 3
76 3
77 3
78 3
79 3
80 4
81 4
82 4
83 4
84 4
85 4
86 4
87 4
88 4
89 4
90 4
91 4
92 4
93 4
94 4
95 4
96 4
97 4
98 4
99 4
100 5
101 5
102 5
103 5
104 5
105 5
106 5
107 5
108 5
109 5
110 5
111 5
112 5
113 5
114 5
115 5
116 5
117 5
118 5
119 5
120 6
121 6
122 6
123 6
124 6
125 6
126 6
127 6
128 6
129 6
130 6
131 6
132 6
133 6
134 6
135 6
136 6
137 6
138 6
139 6
140 7
141 7
142 7
143 7
144 7
145 7
146 7
147 7
148 7
149 7
150 7
151 7
152 7
153 7
154 7
155 7
156 7
157 7
158 7
159 7
160 8
161 8
162 8
163 8
164 8
165 8
166 8
167 8
168 8
169 8
170 8
171 8
172 8
173 8
174 8
175 8
176 8
177 8
178 8
179 8
180 9
181 9
182 9
183 9
184 9
185 9
186 9
187 9
188 9
189 9
190 9
191 9
192 9
193 9
194 9
195 9
196 9
197 9
198 9
199 9
200 10
201 10
202 10
203 10
204 10
205 10
206 10
207 10
208 10
209 10
210 10
211 10
212 10
213 10
214 10
215 10
216 10
217 10
218 10
219 10
220 11
221 11
222 11
223 11
224 11
225 11
226 11
227 11
228 11
229 11
230 11
231 11
232 11
233 11
234 11
235 11
236 11
237 11
238 11
239 11
240 12
241 12
242 12
243 12
244 12
245 12
246 12
247 12
248 12
249 12
250 12
251 12
252 12
253 12
254 12
255 12
256 12
257 12
258 12
259 12
260 13
261 13
262 13
263 13
264 13
265 13
266 13
267 13
268 13
269 13
270 13
271 13
272 13
273 13
274 13
275 13
276 13
277 13
278 13
279 13
280 14
281 14
282 14
283 14
284 14
285 14
286 14
287 14
288 14
289 14
290 14
291 14
292 14
293 14
294 14
295 14
296 14
297 14
298 14
299 14
300 15
301 15
302 15
303 15
304 15
305 15
306 15
307 15
308 15
309 15
310 15
311 15
312 15
313 15
314 15
315 15
316 15
317 15
318 15
319 15

4 1 0 0
4 3 0 0
4 2 0 0
4 0 0 0
5 4 0 0
5 1 0 0
5 0 0 0
5 3 0 0
6 0 0 0
6 1 0 0
6 5 0 0
6 4 0 0
7 2 0 0
7 3 0 0
7 4 0 0
7 1 0 0
8 2 0 0
8 7 0 0
8 3 0 0
8 0 0 0
9 5 0 0
9 4 0 0
9 0 0 0
9 1 0 0
10 3 0 0
10 9 0 0
10 5 0 0
10 4 0 0
11 9 0 0
11 5 0 0
11 7 0 0
11 2 0 0
12 1 0 0
12 11 0 0
12 6 0 0
12 5 0 0
13 2 0 0
13 7 0 0
13 8 0 0
13 3 0 0
14 12 0 0
14 1 0 0
14 6 0 0
14 11 0 0
15 1 0 0
15 13 0 0
15 0 0 0
15 3 0 0
16 3 0 0
16 1 0 0
16 6 0 0
16 12 0 0
17 14 0 0
17 13 0 0
17 1 0 0
17 3 0 0
18 17 0 0
18 5 0 0
18 1 0 0
18 16 0 0
19 6 0 0
19 1 0 0
19 0 0 0
19 12 0 0
0 12 0 0
0 14 0 0
0 17 0 0
0 16 0 0
1 8 0 0
1 13 0 0
1 11 0 0
1 10 0 0
2 18 0 0
2 9 0 0
2 5 0 0
2 17 0 0
3 18 0 0
3 6 0 0
3 12 0 0
3 14 0 0
24 22 1 1
24 20 1 1
24 23 1 1
24 21 1 1
25 23 1 1
25 20 1 1
25 24 1 1
25 22 1 1
26 21 1 1
26 22 1 1
26 24 1 1
26 20 1 1
27 26 1 1
27 21 1 1
27 22 1 1
27 20 1 1
28 27 1 1
28 24 1 1
28 21 1 1
28 25 1 1
29 22 1 1
29 28 1 1
29 24 1 1
29 21 1 1
30 24 1 1
30 23 1 1
30 21 1 1
30 29 1 1
31 21 1 1
31 27 1 1
31 24 1 1
31 22 1 1
32 27 1 1
32 22 1 1
32 30 1 1
32 29 1 1
33 28 1 1
33 32 1 1
33 22 1 1
33 23 1 1
34 30 1 1
34 33 1 1
34 22 1 1
34 31 1 1
35 25 1 1
35 29 1 1
35 28 1 1
35 21 1 1
36 31 1 1
36 22 1 1
36 35 1 1
36 21 1 1
37 21 1 1
37 32 1 1
37 36 1 1
37 28 1 1
38 34 1 1
38 33 1 1
38 20 1 1
38 22 1 1
39 22 1 1
39 26 1 1
39 33 1 1
39 34 1 1
20 32 1 1
20 30 1 1
20 34 1 1
20 39 1 1
21 33 1 1
21 39 1 1
21 32 1 1
21 25 1 1
22 30 1 1
22 37 1 1
22 28 1 1
22 35 1 1
23 39 1 1
23 29 1 1
23 27 1 1
23 34 1 1
44 40 2 2
44 43 2 2
44 42 2 2
44 41 2 2
45 44 2 2
45 40 2 2
45 43 2 2
45 41 2 2
46 43 2 2
46 44 2 2
46 42 2 2
46 41 2 2
47 43 2 2
47 44 2 2
47 45 2 2
47 46 2 2
48 40 2 2
48 42 2 2
48 43 2 2
48 41 2 2
49 42 2 2
49 47 2 2
49 45 2 2
49 44 2 2
50 40 2 2
50 46 2 2
50 43 2 2
50 48 2 2
51 50 2 2
51 41 2 2
51 43 2 2
51 47 2 2
52 49 2 2
52 40 2 2
52 48 2 2
52 50 2 2
53 45 2 2
53 43 2 2
53 46 2 2
53 50 2 2
54 52 2 2
54 49 2 2
54 43 2 2
54 45 2 2
55 48 2 2
55 54 2 2
55 45 2 2
55 42 2 2
56 48 2 2
56 49 2 2
56 41 2 2
56 47 2 2
57 56 2 2
57 55 2 2
57 48 2 2
57 49 2 2
58 48 2 2
58 52 2 2
58 51 2 2
58 43 2 2
59 51 2 2
59 47 2 2
59 57 2 2
59 56 2 2
40 59 2 2
40 53 2 2
40 49 2 2
40 55 2 2
41 59 2 2
41 50 2 2
41 47 2 2
41 52 2 2
42 57 2 2
42 51 2 2
42 59 2 2
42 47 2 2
43 52 2 2
43 59 2 2
43 57 2 2
43 55 2 2
64 60 3 3
64 62 3 3
64 61 3 3
64 63 3 3
65 61 3 3
65 63 3 3
65 62 3 3
65 64 3 3
66 60 3 3
66 64 3 3
66 62 3 3
66 65 3 3
67 64 3 3
67 61 3 3
67 63 3 3
67 62 3 3
68 67 3 3
68 63 3 3
68 65 3 3
68 62 3 3
69 62 3 3
69 63 3 3
69 68 3 3
69 67 3 3
70 61 3 3
70 68 3 3
70 63 3 3
70 67 3 3
71 62 3 3
71 69 3 3
71 61 3 3
71 60 3 3
72 66 3 3
72 70 3 3
72 68 3 3
72 61 3 3
73 64 3 3
73 67 3 3
73 69 3 3
73 66 3 3
74 68 3 3
74 65 3 3
74 70 3 3
74 72 3 3
75 71 3 3
75 66 3 3
75 62 3 3
75 72 3 3
76 60 3 3
76 63 3 3
76 74 3 3
76 72 3 3
77 62 3 3
77 72 3 3
77 60 3 3
77 61 3 3
78 60 3 3
78 77 3 3
78 64 3 3
78 63 3 3
79 70 3 3
79 78 3 3
79 75 3 3
79 62 3 3
60 79 3 3
60 67 3 3
60 69 3 3
60 72 3 3
61 73 3 3
61 79 3 3
61 69 3 3
61 76 3 3
62 72 3 3
62 73 3 3
62 74 3 3
62 76 3 3
63 79 3 3
63 74 3 3
63 72 3 3
63 71 3 3
84 82 4 4
84 81 4 4
84 80 4 4
84 83 4 4
85 81 4 4
85 82 4 4
85 83 4 4
85 80 4 4
86 81 4 4
86 84 4 4
86 80 4 4
86 82 4 4
87 83 4 4
87 84 4 4
87 81 4 4
87 80 4 4
88 81 4 4
88 87 4 4
88 84 4 4
88 83 4 4
89 83 4 4
89 81 4 4
89 80 4 4
89 86 4 4
90 87 4 4
90 80 4 4
90 86 4 4
90 84 4 4
91 81 4 4
91 90 4 4
91 82 4 4
91 88 4 4
92 88 4 4
92 82 4 4
92 89 4 4
92 81 4 4
93 80 4 4
93 86 4 4
93 88 4 4
93 91 4 4
94 87 4 4
94 90 4 4
94 93 4 4
94 92 4 4
95 91 4 4
95 93 4 4
95 89 4 4
95 92 4 4
96 93 4 4
96 88 4 4
96 94 4 4
96 91 4 4
97 90 4 4
97 82 4 4
97 84 4 4
97 96 4 4
98 86 4 4
98 90 4 4
98 83 4 4
98 89 4 4
99 88 4 4
99 92 4 4
99 93 4 4
99 85 4 4
80 99 4 4
80 96 4 4
80 95 4 4
80 88 4 4
81 98 4 4
81 97 4 4
81 94 4 4
81 96 4 4
82 93 4 4
82 94 4 4
82 87 4 4
82 98 4 4
83 90 4 4
83 94 4 4
83 91 4 4
83 99 4 4
104 102 5 5
104 101 5 5
104 103 5 5
104 100 5 5
105 101 5 5
105 102 5 5
105 103 5 5
105 104 5 5
106 100 5 5
106 102 5 5
106 103 5 5
106 105 5 5
107 101 5 5
107 100 5 5
107 103 5 5
107 104 5 5
108 102 5 5
108 107 5 5
108 103 5 5
108 101 5 5
109 104 5 5
109 103 5 5
109 100 5 5
109 105 5 5
110 104 5 5
110 100 5 5
110 105 5 5
110 107 5 5
111 110 5 5
111 106 5 5
111 103 5 5
111 105 5 5
112 102 5 5
112 111 5 5
112 109 5 5
112 108 5 5
113 101 5 5
113 102 5 5
113 110 5 5
113 103 5 5
114 107 5 5
114 101 5 5
114 111 5 5
114 105 5 5
115 104 5 5
115 112 5 5
115 100 5 5
115 103 5 5
116 101 5 5
116 103 5 5
116 109 5 5
116 102 5 5
117 115 5 5
117 102 5 5
117 113 5 5
117 112 5 5
118 100 5 5
118 114 5 5
118 105 5 5
118 115 5 5
119 102 5 5
119 108 5 5
119 105 5 5
119 101 5 5
100 111 5 5
100 108 5 5
100 119 5 5
100 114 5 5
101 115 5 5
101 109 5 5
101 110 5 5
101 118 5 5
102 110 5 5
102 115 5 5
102 118 5 5
102 107 5 5
103 118 5 5
103 117 5 5
103 114 5 5
103 110 5 5
124 122 6 6
124 121 6 6
124 120 6 6
124 123 6 6
125 123 6 6
125 122 6 6
125 121 6 6
125 124 6 6
126 122 6 6
126 120 6 6
126 124 6 6
126 125 6 6
127 124 6 6
127 123 6 6
127 122 6 6
127 120 6 6
128 124 6 6
128 121 6 6
128 122 6 6
128 127 6 6
129 127 6 6
129 124 6 6
129 128 6 6
129 122 6 6
130 121 6 6
130 128 6 6
130 127 6 6
130 126 6 6
131 130 6 6
131 121 6 6
131 123 6 6
131 122 6 6
132 124 6 6
132 122 6 6
132 128 6 6
132 129 6 6
133 127 6 6
133 129 6 6
133 122 6 6
133 128 6 6
134 120 6 6
134 131 6 6
134 132 6 6
134 130 6 6
135 126 6 6
135 122 6 6
135 131 6 6
135 125 6 6
136 123 6 6
136 126 6 6
136 125 6 6
136 130 6 6
137 123 6 6
137 127 6 6
137 122 6 6
137 134 6 6
138 124 6 6
138 136 6 6
138 121 6 6
138 134 6 6
139 132 6 6
139 124 6 6
139 122 6 6
139 127 6 6
120 137 6 6
120 133 6 6
120 139 6 6
120 130 6 6
121 132 6 6
121 133 6 6
121 127 6 6
121 139 6 6
122 134 6 6
122 130 6 6
122 138 6 6
122 136 6 6
123 129 6 6
123 128 6 6
123 134 6 6
123 135 6 6
144 140 7 7
144 142 7 7
144 143 7 7
144 141 7 7
145 144 7 7
145 142 7 7
145 143 7 7
145 141 7 7
146 140 7 7
146 142 7 7
146 144 7 7
146 143 7 7
147 143 7 7
147 140 7 7
147 145 7 7
147 146 7 7
148 140 7 7
148 146 7 7
148 147 7 7
148 144 7 7
149 147 7 7
149 144 7 7
149 148 7 7
149 145 7 7
150 145 7 7
150 148 7 7
150 143 7 7
150 140 7 7
151 146 7 7
151 140 7 7
151 144 7 7
151 150 7 7
152 145 7 7
152 147 7 7
152 150 7 7
152 141 7 7
153 144 7 7
153 152 7 7
153 145 7 7
153 151 7 7
154 147 7 7
154 152 7 7
154 142 7 7
154 153 7 7
155 144 7 7
155 140 7 7
155 147 7 7
155 148 7 7
156 149 7 7
156 146 7 7
156 153 7 7
156 154 7 7
157 152 7 7
157 145 7 7
157 149 7 7
157 154 7 7
158 152 7 7
158 153 7 7
158 157 7 7
158 140 7 7
159 158 7 7
159 155 7 7
159 141 7 7
159 145 7 7
140 149 7 7
140 152 7 7
140 153 7 7
140 145 7 7
141 155 7 7
141 154 7 7
141 147 7 7
141 157 7 7
142 153 7 7
142 150 7 7
142 156 7 7
142 147 7 7
143 156 7 7
143 148 7 7
143 157 7 7
143 155 7 7
164 163 8 8
164 160 8 8
164 162 8 8
164 161 8 8
165 160 8 8
165 161 8 8
165 164 8 8
165 163 8 8
166 160 8 8
166 163 8 8
166 165 8 8
166 164 8 8
167 165 8 8
167 161 8 8
167 160 8 8
167 163 8 8
168 165 8 8
168 164 8 8
168 160 8 8
168 166 8 8
169 160 8 8
169 162 8 8
169 163 8 8
169 166 8 8
170 166 8 8
170 167 8 8
170 161 8 8
170 162 8 8
171 170 8 8
171 165 8 8
171 164 8 8
171 161 8 8
172 162 8 8
172 163 8 8
172 165 8 8
172 167 8 8
173 169 8 8
173 172 8 8
173 170 8 8
173 167 8 8
174 172 8 8
174 162 8 8
174 165 8 8
174 168 8 8
175 174 8 8
175 172 8 8
175 168 8 8
175 160 8 8
176 163 8 8
176 169 8 8
176 172 8 8
176 168 8 8
177 161 8 8
177 171 8 8
177 173 8 8
177 172 8 8
178 177 8 8
178 176 8 8
178 161 8 8
178 173 8 8
179 169 8 8
179 176 8 8
179 166 8 8
179 160 8 8
160 172 8 8
160 174 8 8
160 176 8 8
160 178 8 8
161 176 8 8
161 173 8 8
161 166 8 8
161 168 8 8
162 176 8 8
162 171 8 8
162 168 8 8
162 177 8 8
163 177 8 8
163 173 8 8
163 174 8 8
163 171 8 8
184 183 9 9
184 182 9 9
184 181 9 9
184 180 9 9
185 184 9 9
185 183 9 9
185 182 9 9
185 180 9 9
186 185 9 9
186 181 9 9
186 180 9 9
186 182 9 9
187 186 9 9
187 181 9 9
187 183 9 9
187 182 9 9
188 185 9 9
188 183 9 9
188 182 9 9
188 186 9 9
189 181 9 9
189 183 9 9
189 188 9 9
189 184 9 9
190 183 9 9
190 189 9 9
190 188 9 9
190 182 9 9
191 183 9 9
191 187 9 9
191 189 9 9
191 184 9 9
192 186 9 9
192 183 9 9
192 182 9 9
192 185 9 9
193 188 9 9
193 186 9 9
193 182 9 9
193 192 9 9
194 192 9 9
194 181 9 9
194 180 9 9
194 188 9 9
195 180 9 9
195 181 9 9
195 192 9 9
195 194 9 9
196 187 9 9
196 191 9 9
196 181 9 9
196 194 9 9
197 196 9 9
197 181 9 9
197 187 9 9
197 183 9 9
198 191 9 9
198 189 9 9
198 188 9 9
198 181 9 9
199 187 9 9
199 191 9 9
199 193 9 9
199 183 9 9
180 197 9 9
180 192 9 9
180 187 9 9
180 196 9 9
181 199 9 9
181 192 9 9
181 193 9 9
181 191 9 9
182 199 9 9
182 194 9 9
182 189 9 9
182 198 9 9
183 198 9 9
183 193 9 9
183 186 9 9
183 196 9 9
204 201 10 10
204 200 10 10
204 202 10 10
204 203 10 10
205 202 10 10
205 203 10 10
205 200 10 10
205 201 10 10
206 203 10 10
206 205 10 10
206 200 10 10
206 204 10 10
207 204 10 10
207 200 10 10
207 202 10 10
207 203 10 10
208 203 10 10
208 204 10 10
208 206 10 10
208 207 10 10
209 205 10 10
209 203 10 10
209 204 10 10
209 208 10 10
210 204 10 10
210 209 10 10
210 206 10 10
210 208 10 10
211 209 10 10
211 204 10 10
211 207 10 10
211 202 10 10
212 209 10 10
212 210 10 10
212 207 10 10
212 206 10 10
213 210 10 10
213 209 10 10
213 208 10 10
213 212 10 10
214 207 10 10
214 206 10 10
214 211 10 10
214 203 10 10
215 208 10 10
215 213 10 10
215 206 10 10
215 205 10 10
216 215 10 10
216 209 10 10
216 211 10 10
216 210 10 10
217 200 10 10
217 208 10 10
217 204 10 10
217 214 10 10
218 205 10 10
218 208 10 10
218 217 10 10
218 206 10 10
219 203 10 10
219 202 10 10
219 215 10 10
219 216 10 10
200 211 10 10
200 219 10 10
200 208 10 10
200 210 10 10
201 214 10 10
201 208 10 10
201 219 10 10
201 207 10 10
202 210 10 10
202 209 10 10
202 216 10 10
202 215 10 10
203 217 10 10
203 210 10 10
203 213 10 10
203 216 10 10
224 221 11 11
224 223 11 11
224 222 11 11
224 220 11 11
225 224 11 11
225 221 11 11
225 223 11 11
225 222 11 11
226 225 11 11
226 220 11 11
226 223 11 11
226 221 11 11
227 226 11 11
227 221 11 11
227 222 11 11
227 220 11 11
228 225 11 11
228 227 11 11
228 220 11 11
228 221 11 11
229 221 11 11
229 220 11 11
229 227 11 11
229 222 11 11
230 222 11 11
230 221 11 11
230 227 11 11
230 223 11 11
231 221 11 11
231 222 11 11
231 225 11 11
231 229 11 11
232 221 11 11
232 229 11 11
232 225 11 11
232 230 11 11
233 230 11 11
233 226 11 11
233 220 11 11
233 227 11 11
234 233 11 11
234 225 11 11
234 220 11 11
234 222 11 11
235 232 11 11
235 224 11 11
235 226 11 11
235 233 11 11
236 223 11 11
236 229 11 11
236 230 11 11
236 221 11 11
237 228 11 11
237 222 11 11
237 231 11 11
237 223 11 11
238 223 11 11
238 231 11 11
238 228 11 11
238 225 11 11
239 226 11 11
239 227 11 11
239 230 11 11
239 223 11 11
220 237 11 11
220 239 11 11
220 238 11 11
220 235 11 11
221 233 11 11
221 234 11 11
221 238 11 11
221 237 11 11
222 232 11 11
222 238 11 11
222 226 11 11
222 228 11 11
223 227 11 11
223 228 11 11
223 234 11 11
223 231 11 11
244 241 12 12
244 243 12 12
244 240 12 12
244 242 12 12
245 241 12 12
245 244 12 12
245 243 12 12
245 240 12 12
246 244 12 12
246 245 12 12
246 240 12 12
246 243 12 12
247 245 12 12
247 244 12 12
247 243 12 12
247 240 12 12
248 247 12 12
248 241 12 12
248 246 12 12
248 240 12 12
249 242 12 12
249 241 12 12
249 243 12 12
249 245 12 12
250 248 12 12
250 246 12 12
250 242 12 12
250 240 12 12
251 248 12 12
251 250 12 12
251 247 12 12
251 244 12 12
252 244 12 12
252 241 12 12
252 250 12 12
252 242 12 12
253 244 12 12
253 245 12 12
253 242 12 12
253 241 12 12
254 241 12 12
254 244 12 12
254 252 12 12
254 253 12 12
255 253 12 12
255 246 12 12
255 242 12 12
255 243 12 12
256 240 12 12
256 255 12 12
256 246 12 12
256 249 12 12
257 255 12 12
257 246 12 12
257 250 12 12
257 256 12 12
258 252 12 12
258 247 12 12
258 249 12 12
258 254 12 12
259 257 12 12
259 246 12 12
259 252 12 12
259 245 12 12
240 252 12 12
240 258 12 12
240 257 12 12
240 254 12 12
241 256 12 12
241 257 12 12
241 255 12 12
241 251 12 12
242 258 12 12
242 256 12 12
242 254 12 12
242 259 12 12
243 258 12 12
243 252 12 12
243 259 12 12
243 257 12 12
264 261 13 13
264 260 13 13
264 262 13 13
264 263 13 13
265 264 13 13
265 263 13 13
265 260 13 13
265 262 13 13
266 265 13 13
266 264 13 13
266 260 13 13
266 262 13 13
267 266 13 13
267 260 13 13
267 262 13 13
267 264 13 13
268 261 13 13
268 265 13 13
268 263 13 13
268 264 13 13
269 268 13 13
269 264 13 13
269 265 13 13
269 261 13 13
270 260 13 13
270 267 13 13
270 265 13 13
270 262 13 13
271 261 13 13
271 265 13 13
271 263 13 13
271 260 13 13
272 264 13 13
272 261 13 13
272 268 13 13
272 263 13 13
273 261 13 13
273 269 13 13
273 268 13 13
273 265 13 13
274 273 13 13
274 271 13 13
274 265 13 13
274 272 13 13
275 272 13 13
275 270 13 13
275 265 13 13
275 269 13 13
276 268 13 13
276 261 13 13
276 264 13 13
276 271 13 13
277 262 13 13
277 267 13 13
277 264 13 13
277 266 13 13
278 273 13 13
278 267 13 13
278 268 13 13
278 264 13 13
279 274 13 13
279 260 13 13
279 275 13 13
279 270 13 13
260 277 13 13
260 274 13 13
260 268 13 13
260 272 13 13
261 279 13 13
261 266 13 13
261 265 13 13
261 270 13 13
262 271 13 13
262 279 13 13
262 272 13 13
262 274 13 13
263 274 13 13
263 273 13 13
263 277 13 13
263 279 13 13
284 280 14 14
284 283 14 14
284 282 14 14
284 281 14 14
285 281 14 14
285 283 14 14
285 280 14 14
285 282 14 14
286 281 14 14
286 283 14 14
286 284 14 14
286 280 14 14
287 286 14 14
287 283 14 14
287 282 14 14
287 284 14 14
288 280 14 14
288 287 14 14
288 285 14 14
288 283 14 14
289 284 14 14
289 286 14 14
289 282 14 14
289 285 14 14
290 284 14 14
290 287 14 14
290 288 14 14
290 283 14 14
291 289 14 14
291 288 14 14
291 290 14 14
291 286 14 14
292 291 14 14
292 283 14 14
292 290 14 14
292 289 14 14
293 290 14 14
293 291 14 14
293 289 14 14
293 292 14 14
294 290 14 14
294 293 14 14
294 286 14 14
294 285 14 14
295 291 14 14
295 290 14 14
295 289 14 14
295 287 14 14
296 285 14 14
296 281 14 14
296 280 14 14
296 292 14 14
297 294 14 14
297 285 14 14
297 296 14 14
297 281 14 14
298 293 14 14
298 290 14 14
298 289 14 14
298 292 14 14
299 295 14 14
299 297 14 14
299 291 14 14
299 283 14 14
280 299 14 14
280 298 14 14
280 297 14 14
280 291 14 14
281 299 14 14
281 294 14 14
281 289 14 14
281 290 14 14
282 299 14 14
282 292 14 14
282 293 14 14
282 294 14 14
283 291 14 14
283 296 14 14
283 289 14 14
283 294 14 14
304 300 15 15
304 301 15 15
304 302 15 15
304 303 15 15
305 304 15 15
305 301 15 15
305 302 15 15
305 300 15 15
306 304 15 15
306 305 15 15
306 303 15 15
306 302 15 15
307 304 15 15
307 305 15 15
307 302 15 15
307 300 15 15
308 301 15 15
308 300 15 15
308 302 15 15
308 304 15 15
309 300 15 15
309 305 15 15
309 306 15 15
309 307 15 15
310 304 15 15
310 300 15 15
310 306 15 15
310 307 15 15
311 300 15 15
311 307 15 15
311 304 15 15
311 305 15 15
312 311 15 15
312 307 15 15
312 301 15 15
312 308 15 15
313 312 15 15
313 302 15 15
313 301 15 15
313 304 15 15
314 302 15 15
314 301 15 15
314 307 15 15
314 313 15 15
315 303 15 15
315 314 15 15
315 308 15 15
315 300 15 15
316 310 15 15
316 308 15 15
316 305 15 15
316 304 15 15
317 306 15 15
317 304 15 15
317 305 15 15
317 303 15 15
318 314 15 15
318 307 15 15
318 300 15 15
318 313 15 15
319 306 15 15
319 301 15 15
319 303 15 15
319 305 15 15
300 313 15 15
300 316 15 15
300 306 15 15
300 314 15 15
301 318 15 15
301 311 15 15
301 306 15 15
301 307 15 15
302 316 15 15
302 309 15 15
302 318 15 15
302 317 15 15
303 311 15 15
303 314 15 15
303 318 15 15
303 307 15 15
88 13 4 0
82 75 4 3
89 54 4 2
99 36 4 1
108 2 5 0
106 81 5 4
116 51 5 2
115 71 5 3
129 37 6 1
125 86 6 4
121 5 6 0
134 59 6 2
143 48 7 2
153 80 7 4
159 74 7 3
142 16 7 0
170 42 8 2
164 10 8 0
168 142 8 7
177 96 8 4
186 64 9 3
180 38 9 1
182 57 9 2
195 179 9 8
218 26 10 1
207 182 10 9
217 121 10 6
212 59 10 2
238 199 11 9
220 59 11 2
222 68 11 3
236 115 11 5
249 195 12 9
243 29 12 1
257 231 12 11
242 203 12 10
264 219 13 10
268 55 13 2
275 133 13 6
262 235 13 11
298 37 14 1
291 127 14 6
290 262 14 13
296 228 14 11
318 252 15 12
316 99 15 4
303 100 15 5
314 152 15 7
14 310 0 15
13 267 0 13
9 298 0 14
9 211 0 10
20 278 1 13
35 302 1 15
22 229 1 11
29 171 1 8
54 256 2 12
57 303 2 15
40 298 2 14
72 279 3 13
74 164 3 8
75 251 3 12
76 131 3 6
