swNum = 320
edgeNum = 1344

0 0
1 0
2 0
3 0
4 0
5 0
6 0
7 0
8 0
9 0
10 0
11 0
12 0
13 0
14 0
15 0
16 0
17 0
18 0
19 0
20 1
21 1
22 1
23 1
24 1
25 1
26 1
27 1
28 1
29 1
30 1
31 1
32 1
33 1
34 1
35 1
36 1
37 1
38 1
39 1
40 2
41 2
42 2
43 2
44 2
45 2
46 2
47 2
48 2
49 2
50 2
51 2
52 2
53 2
54 2
55 2
56 2
57 2
58 2
59 2
60 3
61 3
62 3
63 3
64 3
65 3
66 3
67 3
68 3
69 3
70 3
71 3
72 3
73 3
74 3
75 3
76 3
77 3
78 3
79 3
80 4
81 4
82 4
83 4
84 4
85 4
86 4
87 4
88 4
89 4
90 4
91 4
92 4
93 4
94 4
95 4
96 4
97 4
98 4
99 4
100 5
101 5
102 5
103 5
104 5
105 5
106 5
107 5
108 5
109 5
110 5
111 5
112 5
113 5
114 5
115 5
116 5
117 5
118 5
119 5
120 6
121 6
122 6
123 6
124 6
125 6
126 6
127 6
128 6
129 6
130 6
131 6
132 6
133 6
134 6
135 6
136 6
137 6
138 6
139 6
140 7
141 7
142 7
143 7
144 7
145 7
146 7
147 7
148 7
149 7
150 7
151 7
152 7
153 7
154 7
155 7
156 7
157 7
158 7
159 7
160 8
161 8
162 8
163 8
164 8
165 8
166 8
167 8
168 8
169 8
170 8
171 8
172 8
173 8
174 8
175 8
176 8
177 8
178 8
179 8
180 9
181 9
182 9
183 9
184 9
185 9
186 9
187 9
188 9
189 9
190 9
191 9
192 9
193 9
194 9
195 9
196 9
197 9
198 9
199 9
200 10
201 10
202 10
203 10
204 10
205 10
206 10
207 10
208 10
209 10
210 10
211 10
212 10
213 10
214 10
215 10
216 10
217 10
218 10
219 10
220 11
221 11
222 11
223 11
224 11
225 11
226 11
227 11
228 11
229 11
230 11
231 11
232 11
233 11
234 11
235 11
236 11
237 11
238 11
239 11
240 12
241 12
242 12
243 12
244 12
245 12
246 12
247 12
248 12
249 12
250 12
251 12
252 12
253 12
254 12
255 12
256 12
257 12
258 12
259 12
260 13
261 13
262 13
263 13
264 13
265 13
266 13
267 13
268 13
269 13
270 13
271 13
272 13
273 13
274 13
275 13
276 13
277 13
278 13
279 13
280 14
281 14
282 14
283 14
284 14
285 14
286 14
287 14
288 14
289 14
290 14
291 14
292 14
293 14
294 14
295 14
296 14
297 14
298 14
299 14
300 15
301 15
302 15
303 15
304 15
305 15
306 15
307 15
308 15
309 15
310 15
311 15
312 15
313 15
314 15
315 15
316 15
317 15
318 15
319 15

4 2 0 0
4 0 0 0
4 1 0 0
4 3 0 0
5 0 0 0
5 1 0 0
5 2 0 0
5 4 0 0
6 0 0 0
6 5 0 0
6 3 0 0
6 1 0 0
7 1 0 0
7 2 0 0
7 5 0 0
7 6 0 0
8 4 0 0
8 3 0 0
8 0 0 0
8 6 0 0
9 4 0 0
9 3 0 0
9 6 0 0
9 8 0 0
10 6 0 0
10 2 0 0
10 4 0 0
10 0 0 0
11 7 0 0
11 5 0 0
11 4 0 0
11 2 0 0
12 9 0 0
12 8 0 0
12 6 0 0
12 4 0 0
13 6 0 0
13 2 0 0
13 12 0 0
13 3 0 0
14 11 0 0
14 12 0 0
14 2 0 0
14 6 0 0
15 8 0 0
15 10 0 0
15 13 0 0
15 14 0 0
16 11 0 0
16 5 0 0
16 1 0 0
16 14 0 0
17 5 0 0
17 1 0 0
17 16 0 0
17 14 0 0
18 8 0 0
18 5 0 0
18 2 0 0
18 11 0 0
19 13 0 0
19 12 0 0
19 14 0 0
19 3 0 0
0 7 0 0
0 13 0 0
0 19 0 0
0 12 0 0
1 12 0 0
1 11 0 0
1 13 0 0
1 14 0 0
2 16 0 0
2 9 0 0
2 17 0 0
2 8 0 0
3 14 0 0
3 15 0 0
3 18 0 0
3 17 0 0
24 20 1 1
24 23 1 1
24 22 1 1
24 21 1 1
25 20 1 1
25 23 1 1
25 24 1 1
25 22 1 1
26 23 1 1
26 24 1 1
26 22 1 1
26 25 1 1
27 24 1 1
27 21 1 1
27 26 1 1
27 23 1 1
28 27 1 1
28 20 1 1
28 21 1 1
28 26 1 1
29 20 1 1
29 21 1 1
29 22 1 1
29 27 1 1
30 26 1 1
30 21 1 1
30 27 1 1
30 29 1 1
31 29 1 1
31 22 1 1
31 20 1 1
31 24 1 1
32 23 1 1
32 28 1 1
32 22 1 1
32 26 1 1
33 25 1 1
33 30 1 1
33 29 1 1
33 24 1 1
34 26 1 1
34 21 1 1
34 23 1 1
34 33 1 1
35 31 1 1
35 25 1 1
35 24 1 1
35 20 1 1
36 28 1 1
36 31 1 1
36 21 1 1
36 29 1 1
37 28 1 1
37 31 1 1
37 23 1 1
37 33 1 1
38 31 1 1
38 20 1 1
38 22 1 1
38 23 1 1
39 33 1 1
39 27 1 1
39 23 1 1
39 34 1 1
20 34 1 1
20 32 1 1
20 27 1 1
20 36 1 1
21 33 1 1
21 37 1 1
21 26 1 1
21 31 1 1
22 27 1 1
22 28 1 1
22 39 1 1
22 37 1 1
23 28 1 1
23 36 1 1
23 35 1 1
23 31 1 1
44 41 2 2
44 43 2 2
44 42 2 2
44 40 2 2
45 40 2 2
45 41 2 2
45 42 2 2
45 44 2 2
46 43 2 2
46 41 2 2
46 44 2 2
46 40 2 2
47 41 2 2
47 42 2 2
47 45 2 2
47 44 2 2
48 40 2 2
48 42 2 2
48 47 2 2
48 45 2 2
49 42 2 2
49 47 2 2
49 46 2 2
49 45 2 2
50 41 2 2
50 44 2 2
50 48 2 2
50 45 2 2
51 48 2 2
51 45 2 2
51 49 2 2
51 42 2 2
52 43 2 2
52 50 2 2
52 41 2 2
52 49 2 2
53 52 2 2
53 48 2 2
53 49 2 2
53 51 2 2
54 51 2 2
54 40 2 2
54 46 2 2
54 45 2 2
55 45 2 2
55 40 2 2
55 53 2 2
55 52 2 2
56 50 2 2
56 44 2 2
56 40 2 2
56 52 2 2
57 52 2 2
57 56 2 2
57 51 2 2
57 45 2 2
58 50 2 2
58 44 2 2
58 54 2 2
58 41 2 2
59 54 2 2
59 50 2 2
59 41 2 2
59 49 2 2
40 53 2 2
40 47 2 2
40 50 2 2
40 58 2 2
41 57 2 2
41 56 2 2
41 53 2 2
41 49 2 2
42 50 2 2
42 58 2 2
42 54 2 2
42 57 2 2
43 57 2 2
43 55 2 2
43 49 2 2
43 51 2 2
64 62 3 3
64 63 3 3
64 61 3 3
64 60 3 3
65 63 3 3
65 62 3 3
65 60 3 3
65 64 3 3
66 64 3 3
66 62 3 3
66 60 3 3
66 61 3 3
67 60 3 3
67 66 3 3
67 63 3 3
67 61 3 3
68 64 3 3
68 61 3 3
68 62 3 3
68 63 3 3
69 64 3 3
69 62 3 3
69 61 3 3
69 67 3 3
70 60 3 3
70 61 3 3
70 67 3 3
70 62 3 3
71 70 3 3
71 60 3 3
71 65 3 3
71 63 3 3
72 66 3 3
72 67 3 3
72 61 3 3
72 69 3 3
73 68 3 3
73 64 3 3
73 62 3 3
73 63 3 3
74 70 3 3
74 66 3 3
74 65 3 3
74 71 3 3
75 68 3 3
75 69 3 3
75 73 3 3
75 64 3 3
76 69 3 3
76 73 3 3
76 62 3 3
76 64 3 3
77 63 3 3
77 73 3 3
77 76 3 3
77 62 3 3
78 76 3 3
78 67 3 3
78 71 3 3
78 70 3 3
79 66 3 3
79 69 3 3
79 72 3 3
79 78 3 3
60 78 3 3
60 77 3 3
60 75 3 3
60 73 3 3
61 73 3 3
61 76 3 3
61 79 3 3
61 77 3 3
62 75 3 3
62 72 3 3
62 67 3 3
62 74 3 3
63 70 3 3
63 74 3 3
63 66 3 3
63 76 3 3
84 80 4 4
84 82 4 4
84 83 4 4
84 81 4 4
85 80 4 4
85 82 4 4
85 83 4 4
85 81 4 4
86 80 4 4
86 81 4 4
86 83 4 4
86 85 4 4
87 82 4 4
87 86 4 4
87 83 4 4
87 84 4 4
88 80 4 4
88 81 4 4
88 85 4 4
88 86 4 4
89 84 4 4
89 82 4 4
89 85 4 4
89 80 4 4
90 85 4 4
90 84 4 4
90 86 4 4
90 81 4 4
91 84 4 4
91 82 4 4
91 81 4 4
91 80 4 4
92 84 4 4
92 91 4 4
92 87 4 4
92 88 4 4
93 84 4 4
93 85 4 4
93 83 4 4
93 80 4 4
94 89 4 4
94 82 4 4
94 91 4 4
94 84 4 4
95 84 4 4
95 85 4 4
95 80 4 4
95 93 4 4
96 94 4 4
96 87 4 4
96 80 4 4
96 84 4 4
97 84 4 4
97 91 4 4
97 81 4 4
97 88 4 4
98 84 4 4
98 87 4 4
98 90 4 4
98 82 4 4
99 92 4 4
99 85 4 4
99 86 4 4
99 88 4 4
80 94 4 4
80 97 4 4
80 99 4 4
80 98 4 4
81 87 4 4
81 96 4 4
81 89 4 4
81 93 4 4
82 92 4 4
82 97 4 4
82 90 4 4
82 86 4 4
83 92 4 4
83 88 4 4
83 97 4 4
83 96 4 4
104 103 5 5
104 101 5 5
104 100 5 5
104 102 5 5
105 101 5 5
105 103 5 5
105 102 5 5
105 104 5 5
106 105 5 5
106 104 5 5
106 103 5 5
106 102 5 5
107 105 5 5
107 104 5 5
107 106 5 5
107 101 5 5
108 102 5 5
108 106 5 5
108 105 5 5
108 100 5 5
109 106 5 5
109 104 5 5
109 107 5 5
109 105 5 5
110 108 5 5
110 102 5 5
110 105 5 5
110 101 5 5
111 103 5 5
111 108 5 5
111 106 5 5
111 102 5 5
112 106 5 5
112 101 5 5
112 104 5 5
112 108 5 5
113 105 5 5
113 102 5 5
113 110 5 5
113 106 5 5
114 112 5 5
114 111 5 5
114 108 5 5
114 100 5 5
115 103 5 5
115 105 5 5
115 100 5 5
115 104 5 5
116 104 5 5
116 106 5 5
116 114 5 5
116 103 5 5
117 106 5 5
117 107 5 5
117 113 5 5
117 111 5 5
118 100 5 5
118 101 5 5
118 105 5 5
118 115 5 5
119 104 5 5
119 100 5 5
119 109 5 5
119 118 5 5
100 116 5 5
100 109 5 5
100 113 5 5
100 107 5 5
101 111 5 5
101 117 5 5
101 115 5 5
101 106 5 5
102 117 5 5
102 115 5 5
102 119 5 5
102 112 5 5
103 118 5 5
103 109 5 5
103 110 5 5
103 119 5 5
124 120 6 6
124 121 6 6
124 123 6 6
124 122 6 6
125 120 6 6
125 124 6 6
125 121 6 6
125 123 6 6
126 120 6 6
126 125 6 6
126 122 6 6
126 121 6 6
127 122 6 6
127 125 6 6
127 126 6 6
127 121 6 6
128 122 6 6
128 125 6 6
128 126 6 6
128 120 6 6
129 121 6 6
129 123 6 6
129 125 6 6
129 127 6 6
130 127 6 6
130 128 6 6
130 122 6 6
130 126 6 6
131 124 6 6
131 121 6 6
131 126 6 6
131 129 6 6
132 126 6 6
132 123 6 6
132 131 6 6
132 121 6 6
133 123 6 6
133 131 6 6
133 126 6 6
133 124 6 6
134 121 6 6
134 132 6 6
134 124 6 6
134 123 6 6
135 134 6 6
135 133 6 6
135 127 6 6
135 124 6 6
136 131 6 6
136 127 6 6
136 122 6 6
136 135 6 6
137 134 6 6
137 135 6 6
137 127 6 6
137 120 6 6
138 136 6 6
138 122 6 6
138 125 6 6
138 127 6 6
139 128 6 6
139 127 6 6
139 122 6 6
139 121 6 6
120 138 6 6
120 127 6 6
120 133 6 6
120 132 6 6
121 135 6 6
121 130 6 6
121 138 6 6
121 137 6 6
122 131 6 6
122 133 6 6
122 132 6 6
122 134 6 6
123 131 6 6
123 135 6 6
123 126 6 6
123 130 6 6
144 140 7 7
144 143 7 7
144 141 7 7
144 142 7 7
145 141 7 7
145 142 7 7
145 144 7 7
145 140 7 7
146 141 7 7
146 145 7 7
146 140 7 7
146 144 7 7
147 141 7 7
147 142 7 7
147 143 7 7
147 144 7 7
148 145 7 7
148 140 7 7
148 141 7 7
148 146 7 7
149 145 7 7
149 147 7 7
149 146 7 7
149 142 7 7
150 149 7 7
150 146 7 7
150 148 7 7
150 145 7 7
151 141 7 7
151 140 7 7
151 149 7 7
151 147 7 7
152 147 7 7
152 149 7 7
152 151 7 7
152 146 7 7
153 142 7 7
153 140 7 7
153 144 7 7
153 143 7 7
154 143 7 7
154 145 7 7
154 151 7 7
154 150 7 7
155 150 7 7
155 145 7 7
155 152 7 7
155 144 7 7
156 140 7 7
156 148 7 7
156 142 7 7
156 153 7 7
157 156 7 7
157 153 7 7
157 143 7 7
157 141 7 7
158 157 7 7
158 140 7 7
158 142 7 7
158 145 7 7
159 153 7 7
159 158 7 7
159 154 7 7
159 155 7 7
140 157 7 7
140 154 7 7
140 155 7 7
140 152 7 7
141 153 7 7
141 154 7 7
141 158 7 7
141 156 7 7
142 154 7 7
142 159 7 7
142 151 7 7
142 155 7 7
143 159 7 7
143 148 7 7
143 158 7 7
143 156 7 7
164 162 8 8
164 160 8 8
164 161 8 8
164 163 8 8
165 164 8 8
165 160 8 8
165 162 8 8
165 161 8 8
166 164 8 8
166 163 8 8
166 160 8 8
166 161 8 8
167 165 8 8
167 164 8 8
167 160 8 8
167 162 8 8
168 166 8 8
168 167 8 8
168 162 8 8
168 163 8 8
169 162 8 8
169 163 8 8
169 160 8 8
169 164 8 8
170 166 8 8
170 165 8 8
170 168 8 8
170 167 8 8
171 161 8 8
171 160 8 8
171 169 8 8
171 162 8 8
172 168 8 8
172 164 8 8
172 170 8 8
172 161 8 8
173 167 8 8
173 169 8 8
173 170 8 8
173 163 8 8
174 166 8 8
174 162 8 8
174 164 8 8
174 160 8 8
175 165 8 8
175 172 8 8
175 164 8 8
175 173 8 8
176 164 8 8
176 161 8 8
176 173 8 8
176 171 8 8
177 165 8 8
177 172 8 8
177 164 8 8
177 171 8 8
178 172 8 8
178 164 8 8
178 168 8 8
178 169 8 8
179 168 8 8
179 178 8 8
179 164 8 8
179 177 8 8
160 175 8 8
160 179 8 8
160 176 8 8
160 178 8 8
161 170 8 8
161 175 8 8
161 177 8 8
161 173 8 8
162 172 8 8
162 173 8 8
162 179 8 8
162 178 8 8
163 179 8 8
163 175 8 8
163 174 8 8
163 171 8 8
184 181 9 9
184 183 9 9
184 182 9 9
184 180 9 9
185 182 9 9
185 180 9 9
185 181 9 9
185 183 9 9
186 183 9 9
186 180 9 9
186 182 9 9
186 185 9 9
187 180 9 9
187 184 9 9
187 186 9 9
187 183 9 9
188 185 9 9
188 183 9 9
188 182 9 9
188 184 9 9
189 188 9 9
189 185 9 9
189 183 9 9
189 180 9 9
190 186 9 9
190 183 9 9
190 185 9 9
190 189 9 9
191 186 9 9
191 181 9 9
191 187 9 9
191 183 9 9
192 191 9 9
192 182 9 9
192 188 9 9
192 185 9 9
193 183 9 9
193 180 9 9
193 182 9 9
193 187 9 9
194 182 9 9
194 181 9 9
194 180 9 9
194 191 9 9
195 186 9 9
195 183 9 9
195 193 9 9
195 189 9 9
196 183 9 9
196 189 9 9
196 184 9 9
196 181 9 9
197 195 9 9
197 182 9 9
197 187 9 9
197 190 9 9
198 192 9 9
198 197 9 9
198 196 9 9
198 186 9 9
199 189 9 9
199 190 9 9
199 191 9 9
199 195 9 9
180 191 9 9
180 198 9 9
180 196 9 9
180 195 9 9
181 199 9 9
181 198 9 9
181 186 9 9
181 189 9 9
182 189 9 9
182 195 9 9
182 187 9 9
182 196 9 9
183 198 9 9
183 194 9 9
183 197 9 9
183 192 9 9
204 203 10 10
204 201 10 10
204 202 10 10
204 200 10 10
205 203 10 10
205 202 10 10
205 204 10 10
205 200 10 10
206 202 10 10
206 200 10 10
206 204 10 10
206 205 10 10
207 203 10 10
207 202 10 10
207 201 10 10
207 200 10 10
208 204 10 10
208 205 10 10
208 203 10 10
208 206 10 10
209 208 10 10
209 203 10 10
209 205 10 10
209 202 10 10
210 200 10 10
210 205 10 10
210 202 10 10
210 203 10 10
211 208 10 10
211 203 10 10
211 204 10 10
211 205 10 10
212 205 10 10
212 208 10 10
212 209 10 10
212 204 10 10
213 200 10 10
213 201 10 10
213 207 10 10
213 212 10 10
214 205 10 10
214 209 10 10
214 204 10 10
214 211 10 10
215 203 10 10
215 210 10 10
215 204 10 10
215 213 10 10
216 209 10 10
216 214 10 10
216 203 10 10
216 204 10 10
217 213 10 10
217 211 10 10
217 214 10 10
217 204 10 10
218 217 10 10
218 215 10 10
218 203 10 10
218 207 10 10
219 218 10 10
219 210 10 10
219 201 10 10
219 200 10 10
200 211 10 10
200 217 10 10
200 209 10 10
200 212 10 10
201 218 10 10
201 214 10 10
201 209 10 10
201 215 10 10
202 208 10 10
202 212 10 10
202 219 10 10
202 218 10 10
203 213 10 10
203 206 10 10
203 214 10 10
203 219 10 10
224 220 11 11
224 222 11 11
224 223 11 11
224 221 11 11
225 223 11 11
225 224 11 11
225 222 11 11
225 220 11 11
226 223 11 11
226 225 11 11
226 224 11 11
226 220 11 11
227 223 11 11
227 221 11 11
227 222 11 11
227 226 11 11
228 226 11 11
228 220 11 11
228 227 11 11
228 225 11 11
229 225 11 11
229 228 11 11
229 226 11 11
229 222 11 11
230 220 11 11
230 229 11 11
230 223 11 11
230 221 11 11
231 222 11 11
231 225 11 11
231 224 11 11
231 221 11 11
232 226 11 11
232 231 11 11
232 225 11 11
232 230 11 11
233 229 11 11
233 220 11 11
233 223 11 11
233 228 11 11
234 230 11 11
234 220 11 11
234 231 11 11
234 228 11 11
235 224 11 11
235 222 11 11
235 231 11 11
235 229 11 11
236 224 11 11
236 233 11 11
236 230 11 11
236 221 11 11
237 232 11 11
237 234 11 11
237 226 11 11
237 222 11 11
238 231 11 11
238 220 11 11
238 233 11 11
238 234 11 11
239 224 11 11
239 235 11 11
239 226 11 11
239 231 11 11
220 236 11 11
220 235 11 11
220 231 11 11
220 229 11 11
221 229 11 11
221 226 11 11
221 233 11 11
221 234 11 11
222 233 11 11
222 228 11 11
222 226 11 11
222 236 11 11
223 229 11 11
223 239 11 11
223 236 11 11
223 235 11 11
244 242 12 12
244 241 12 12
244 243 12 12
244 240 12 12
245 243 12 12
245 241 12 12
245 240 12 12
245 242 12 12
246 241 12 12
246 243 12 12
246 244 12 12
246 242 12 12
247 243 12 12
247 240 12 12
247 242 12 12
247 245 12 12
248 243 12 12
248 244 12 12
248 246 12 12
248 247 12 12
249 241 12 12
249 240 12 12
249 245 12 12
249 248 12 12
250 244 12 12
250 240 12 12
250 243 12 12
250 242 12 12
251 250 12 12
251 244 12 12
251 241 12 12
251 242 12 12
252 245 12 12
252 241 12 12
252 243 12 12
252 240 12 12
253 240 12 12
253 246 12 12
253 245 12 12
253 244 12 12
254 242 12 12
254 240 12 12
254 250 12 12
254 248 12 12
255 254 12 12
255 245 12 12
255 241 12 12
255 243 12 12
256 254 12 12
256 240 12 12
256 241 12 12
256 250 12 12
257 242 12 12
257 244 12 12
257 249 12 12
257 241 12 12
258 244 12 12
258 249 12 12
258 246 12 12
258 248 12 12
259 258 12 12
259 250 12 12
259 243 12 12
259 241 12 12
240 246 12 12
240 251 12 12
240 255 12 12
240 257 12 12
241 248 12 12
241 258 12 12
241 253 12 12
241 254 12 12
242 256 12 12
242 253 12 12
242 249 12 12
242 259 12 12
243 257 12 12
243 258 12 12
243 254 12 12
243 256 12 12
264 260 13 13
264 263 13 13
264 261 13 13
264 262 13 13
265 260 13 13
265 261 13 13
265 263 13 13
265 264 13 13
266 262 13 13
266 264 13 13
266 265 13 13
266 263 13 13
267 261 13 13
267 263 13 13
267 262 13 13
267 266 13 13
268 260 13 13
268 266 13 13
268 263 13 13
268 264 13 13
269 263 13 13
269 268 13 13
269 260 13 13
269 264 13 13
270 264 13 13
270 267 13 13
270 263 13 13
270 262 13 13
271 262 13 13
271 260 13 13
271 267 13 13
271 264 13 13
272 260 13 13
272 262 13 13
272 267 13 13
272 265 13 13
273 265 13 13
273 260 13 13
273 268 13 13
273 272 13 13
274 267 13 13
274 262 13 13
274 268 13 13
274 266 13 13
275 267 13 13
275 266 13 13
275 261 13 13
275 263 13 13
276 273 13 13
276 266 13 13
276 260 13 13
276 275 13 13
277 274 13 13
277 260 13 13
277 273 13 13
277 265 13 13
278 275 13 13
278 262 13 13
278 266 13 13
278 265 13 13
279 267 13 13
279 272 13 13
279 271 13 13
279 264 13 13
260 270 13 13
260 278 13 13
260 267 13 13
260 266 13 13
261 279 13 13
261 274 13 13
261 272 13 13
261 270 13 13
262 268 13 13
262 269 13 13
262 273 13 13
262 279 13 13
263 274 13 13
263 272 13 13
263 271 13 13
263 279 13 13
284 281 14 14
284 283 14 14
284 280 14 14
284 282 14 14
285 283 14 14
285 282 14 14
285 280 14 14
285 281 14 14
286 282 14 14
286 285 14 14
286 283 14 14
286 284 14 14
287 281 14 14
287 284 14 14
287 280 14 14
287 286 14 14
288 283 14 14
288 285 14 14
288 284 14 14
288 287 14 14
289 280 14 14
289 288 14 14
289 286 14 14
289 285 14 14
290 283 14 14
290 286 14 14
290 288 14 14
290 285 14 14
291 289 14 14
291 285 14 14
291 282 14 14
291 286 14 14
292 286 14 14
292 282 14 14
292 281 14 14
292 288 14 14
293 292 14 14
293 290 14 14
293 282 14 14
293 285 14 14
294 287 14 14
294 293 14 14
294 289 14 14
294 292 14 14
295 282 14 14
295 289 14 14
295 292 14 14
295 294 14 14
296 282 14 14
296 292 14 14
296 285 14 14
296 283 14 14
297 292 14 14
297 287 14 14
297 289 14 14
297 288 14 14
298 296 14 14
298 285 14 14
298 290 14 14
298 284 14 14
299 294 14 14
299 295 14 14
299 293 14 14
299 297 14 14
280 288 14 14
280 295 14 14
280 299 14 14
280 292 14 14
281 295 14 14
281 288 14 14
281 298 14 14
281 294 14 14
282 289 14 14
282 298 14 14
282 288 14 14
282 290 14 14
283 293 14 14
283 292 14 14
283 295 14 14
283 289 14 14
304 300 15 15
304 301 15 15
304 302 15 15
304 303 15 15
305 304 15 15
305 302 15 15
305 300 15 15
305 301 15 15
306 304 15 15
306 302 15 15
306 301 15 15
306 305 15 15
307 300 15 15
307 302 15 15
307 303 15 15
307 304 15 15
308 302 15 15
308 305 15 15
308 307 15 15
308 300 15 15
309 301 15 15
309 307 15 15
309 302 15 15
309 306 15 15
310 300 15 15
310 308 15 15
310 309 15 15
310 305 15 15
311 309 15 15
311 301 15 15
311 307 15 15
311 303 15 15
312 308 15 15
312 309 15 15
312 307 15 15
312 306 15 15
313 304 15 15
313 308 15 15
313 305 15 15
313 307 15 15
314 313 15 15
314 304 15 15
314 307 15 15
314 300 15 15
315 303 15 15
315 305 15 15
315 309 15 15
315 301 15 15
316 301 15 15
316 304 15 15
316 300 15 15
316 303 15 15
317 310 15 15
317 311 15 15
317 307 15 15
317 313 15 15
318 306 15 15
318 304 15 15
318 313 15 15
318 302 15 15
319 301 15 15
319 318 15 15
319 309 15 15
319 304 15 15
300 319 15 15
300 306 15 15
300 311 15 15
300 313 15 15
301 307 15 15
301 313 15 15
301 308 15 15
301 318 15 15
302 314 15 15
302 316 15 15
302 315 15 15
302 313 15 15
303 310 15 15
303 318 15 15
303 319 15 15
303 309 15 15
84 29 4 1
95 74 4 3
87 40 4 2
86 9 4 0
112 17 5 0
117 48 5 2
118 77 5 3
105 84 5 4
138 24 6 1
131 40 6 2
137 62 6 3
125 87 6 4
159 103 7 5
159 120 7 6
150 34 7 1
158 9 7 0
165 11 8 0
173 156 8 7
162 116 8 5
175 98 8 4
185 93 9 4
198 126 9 6
184 74 9 3
180 105 9 5
203 96 10 4
212 187 10 9
205 179 10 8
201 43 10 2
227 50 11 2
238 147 11 7
235 63 11 3
231 98 11 4
259 40 12 2
240 4 12 0
241 143 12 7
251 71 12 3
269 216 13 10
276 66 13 3
268 124 13 6
275 87 13 4
287 208 14 10
289 199 14 9
287 277 14 13
297 66 14 3
318 109 15 5
302 283 15 14
313 8 15 0
310 152 15 7
8 225 0 11
4 290 0 14
16 192 0 9
19 266 0 13
21 276 1 13
25 205 1 10
26 285 1 14
25 303 1 15
59 313 2 15
51 264 2 13
54 191 2 9
58 156 2 7
66 207 3 10
72 175 3 8
77 140 3 7
77 305 3 15
