swNum = 320
edgeNum = 1344

0 0
1 0
2 0
3 0
4 0
5 0
6 0
7 0
8 0
9 0
10 0
11 0
12 0
13 0
14 0
15 0
16 0
17 0
18 0
19 0
20 1
21 1
22 1
23 1
24 1
25 1
26 1
27 1
28 1
29 1
30 1
31 1
32 1
33 1
34 1
35 1
36 1
37 1
38 1
39 1
40 2
41 2
42 2
43 2
44 2
45 2
46 2
47 2
48 2
49 2
50 2
51 2
52 2
53 2
54 2
55 2
56 2
57 2
58 2
59 2
60 3
61 3
62 3
63 3
64 3
65 3
66 3
67 3
68 3
69 3
70 3
71 3
72 3
73 3
74 3
75 3
76 3
77 3
78 3
79 3
80 4
81 4
82 4
83 4
84 4
85 4
86 4
87 4
88 4
89 4
90 4
91 4
92 4
93 4
94 4
95 4
96 4
97 4
98 4
99 4
100 5
101 5
102 5
103 5
104 5
105 5
106 5
107 5
108 5
109 5
110 5
111 5
112 5
113 5
114 5
115 5
116 5
117 5
118 5
119 5
120 6
121 6
122 6
123 6
124 6
125 6
126 6
127 6
128 6
129 6
130 6
131 6
132 6
133 6
134 6
135 6
136 6
137 6
138 6
139 6
140 7
141 7
142 7
143 7
144 7
145 7
146 7
147 7
148 7
149 7
150 7
151 7
152 7
153 7
154 7
155 7
156 7
157 7
158 7
159 7
160 8
161 8
162 8
163 8
164 8
165 8
166 8
167 8
168 8
169 8
170 8
171 8
172 8
173 8
174 8
175 8
176 8
177 8
178 8
179 8
180 9
181 9
182 9
183 9
184 9
185 9
186 9
187 9
188 9
189 9
190 9
191 9
192 9
193 9
194 9
195 9
196 9
197 9
198 9
199 9
200 10
201 10
202 10
203 10
204 10
205 10
206 10
207 10
208 10
209 10
210 10
211 10
212 10
213 10
214 10
215 10
216 10
217 10
218 10
219 10
220 11
221 11
222 11
223 11
224 11
225 11
226 11
227 11
228 11
229 11
230 11
231 11
232 11
233 11
234 11
235 11
236 11
237 11
238 11
239 11
240 12
241 12
242 12
243 12
244 12
245 12
246 12
247 12
248 12
249 12
250 12
251 12
252 12
253 12
254 12
255 12
256 12
257 12
258 12
259 12
260 13
261 13
262 13
263 13
264 13
265 13
266 13
267 13
268 13
269 13
270 13
271 13
272 13
273 13
274 13
275 13
276 13
277 13
278 13
279 13
280 14
281 14
282 14
283 14
284 14
285 14
286 14
287 14
288 14
289 14
290 14
291 14
292 14
293 14
294 14
295 14
296 14
297 14
298 14
299 14
300 15
301 15
302 15
303 15
304 15
305 15
306 15
307 15
308 15
309 15
310 15
311 15
312 15
313 15
314 15
315 15
316 15
317 15
318 15
319 15

4 3 0 0
4 2 0 0
4 1 0 0
4 0 0 0
5 2 0 0
5 4 0 0
5 1 0 0
5 3 0 0
6 4 0 0
6 1 0 0
6 2 0 0
6 5 0 0
7 2 0 0
7 6 0 0
7 0 0 0
7 3 0 0
8 7 0 0
8 0 0 0
8 2 0 0
8 5 0 0
9 0 0 0
9 2 0 0
9 1 0 0
9 5 0 0
10 5 0 0
10 0 0 0
10 8 0 0
10 9 0 0
11 8 0 0
11 5 0 0
11 6 0 0
11 1 0 0
12 0 0 0
12 9 0 0
12 7 0 0
12 11 0 0
13 0 0 0
13 2 0 0
13 1 0 0
13 9 0 0
14 10 0 0
14 11 0 0
14 9 0 0
14 0 0 0
15 12 0 0
15 7 0 0
15 3 0 0
15 0 0 0
16 0 0 0
16 10 0 0
16 9 0 0
16 5 0 0
17 14 0 0
17 10 0 0
17 4 0 0
17 2 0 0
18 10 0 0
18 3 0 0
18 7 0 0
18 2 0 0
19 7 0 0
19 18 0 0
19 13 0 0
19 15 0 0
0 5 0 0
0 18 0 0
0 19 0 0
0 11 0 0
1 18 0 0
1 10 0 0
1 19 0 0
1 12 0 0
2 19 0 0
2 10 0 0
2 15 0 0
2 11 0 0
3 17 0 0
3 11 0 0
3 13 0 0
3 19 0 0
24 23 1 1
24 21 1 1
24 20 1 1
24 22 1 1
25 20 1 1
25 24 1 1
25 22 1 1
25 23 1 1
26 20 1 1
26 23 1 1
26 21 1 1
26 24 1 1
27 20 1 1
27 23 1 1
27 26 1 1
27 21 1 1
28 24 1 1
28 27 1 1
28 21 1 1
28 22 1 1
29 22 1 1
29 24 1 1
29 27 1 1
29 28 1 1
30 26 1 1
30 25 1 1
30 24 1 1
30 22 1 1
31 27 1 1
31 28 1 1
31 21 1 1
31 26 1 1
32 28 1 1
32 22 1 1
32 27 1 1
32 20 1 1
33 29 1 1
33 27 1 1
33 31 1 1
33 22 1 1
34 31 1 1
34 23 1 1
34 27 1 1
34 30 1 1
35 28 1 1
35 23 1 1
35 24 1 1
35 21 1 1
36 27 1 1
36 32 1 1
36 23 1 1
36 28 1 1
37 24 1 1
37 22 1 1
37 36 1 1
37 25 1 1
38 36 1 1
38 28 1 1
38 32 1 1
38 27 1 1
39 31 1 1
39 22 1 1
39 23 1 1
39 32 1 1
20 31 1 1
20 30 1 1
20 29 1 1
20 34 1 1
21 34 1 1
21 29 1 1
21 39 1 1
21 36 1 1
22 27 1 1
22 31 1 1
22 34 1 1
22 26 1 1
23 28 1 1
23 37 1 1
23 31 1 1
23 29 1 1
44 40 2 2
44 43 2 2
44 41 2 2
44 42 2 2
45 43 2 2
45 41 2 2
45 44 2 2
45 42 2 2
46 41 2 2
46 42 2 2
46 44 2 2
46 43 2 2
47 45 2 2
47 44 2 2
47 40 2 2
47 43 2 2
48 44 2 2
48 47 2 2
48 46 2 2
48 43 2 2
49 45 2 2
49 47 2 2
49 48 2 2
49 42 2 2
50 49 2 2
50 48 2 2
50 47 2 2
50 44 2 2
51 41 2 2
51 46 2 2
51 49 2 2
51 45 2 2
52 51 2 2
52 45 2 2
52 47 2 2
52 44 2 2
53 40 2 2
53 42 2 2
53 43 2 2
53 47 2 2
54 49 2 2
54 53 2 2
54 46 2 2
54 43 2 2
55 50 2 2
55 42 2 2
55 52 2 2
55 54 2 2
56 52 2 2
56 49 2 2
56 40 2 2
56 41 2 2
57 52 2 2
57 48 2 2
57 50 2 2
57 54 2 2
58 47 2 2
58 52 2 2
58 53 2 2
58 50 2 2
59 41 2 2
59 49 2 2
59 58 2 2
59 42 2 2
40 52 2 2
40 45 2 2
40 48 2 2
40 59 2 2
41 58 2 2
41 55 2 2
41 49 2 2
41 47 2 2
42 51 2 2
42 52 2 2
42 54 2 2
42 50 2 2
43 59 2 2
43 58 2 2
43 55 2 2
43 51 2 2
64 63 3 3
64 60 3 3
64 61 3 3
64 62 3 3
65 60 3 3
65 62 3 3
65 64 3 3
65 61 3 3
66 62 3 3
66 61 3 3
66 65 3 3
66 60 3 3
67 66 3 3
67 64 3 3
67 65 3 3
67 61 3 3
68 60 3 3
68 64 3 3
68 66 3 3
68 61 3 3
69 67 3 3
69 64 3 3
69 61 3 3
69 66 3 3
70 61 3 3
70 68 3 3
70 64 3 3
70 63 3 3
71 65 3 3
71 63 3 3
71 69 3 3
71 70 3 3
72 65 3 3
72 67 3 3
72 71 3 3
72 68 3 3
73 69 3 3
73 63 3 3
73 61 3 3
73 65 3 3
74 64 3 3
74 72 3 3
74 73 3 3
74 71 3 3
75 65 3 3
75 72 3 3
75 67 3 3
75 61 3 3
76 60 3 3
76 69 3 3
76 75 3 3
76 71 3 3
77 66 3 3
77 75 3 3
77 69 3 3
77 64 3 3
78 65 3 3
78 61 3 3
78 75 3 3
78 77 3 3
79 62 3 3
79 71 3 3
79 67 3 3
79 73 3 3
60 67 3 3
60 69 3 3
60 79 3 3
60 73 3 3
61 79 3 3
61 76 3 3
61 71 3 3
61 74 3 3
62 70 3 3
62 72 3 3
62 71 3 3
62 67 3 3
63 72 3 3
63 69 3 3
63 66 3 3
63 76 3 3
84 80 4 4
84 81 4 4
84 82 4 4
84 83 4 4
85 83 4 4
85 80 4 4
85 84 4 4
85 81 4 4
86 82 4 4
86 81 4 4
86 83 4 4
86 84 4 4
87 82 4 4
87 81 4 4
87 80 4 4
87 84 4 4
88 86 4 4
88 87 4 4
88 83 4 4
88 84 4 4
89 86 4 4
89 88 4 4
89 85 4 4
89 84 4 4
90 81 4 4
90 80 4 4
90 82 4 4
90 84 4 4
91 89 4 4
91 86 4 4
91 81 4 4
91 84 4 4
92 87 4 4
92 82 4 4
92 81 4 4
92 89 4 4
93 84 4 4
93 82 4 4
93 85 4 4
93 87 4 4
94 88 4 4
94 85 4 4
94 93 4 4
94 84 4 4
95 93 4 4
95 87 4 4
95 81 4 4
95 84 4 4
96 92 4 4
96 94 4 4
96 85 4 4
96 88 4 4
97 87 4 4
97 92 4 4
97 88 4 4
97 81 4 4
98 91 4 4
98 83 4 4
98 94 4 4
98 89 4 4
99 81 4 4
99 96 4 4
99 93 4 4
99 98 4 4
80 93 4 4
80 99 4 4
80 95 4 4
80 94 4 4
81 89 4 4
81 88 4 4
81 93 4 4
81 98 4 4
82 95 4 4
82 91 4 4
82 98 4 4
82 97 4 4
83 89 4 4
83 95 4 4
83 87 4 4
83 91 4 4
104 103 5 5
104 100 5 5
104 102 5 5
104 101 5 5
105 102 5 5
105 100 5 5
105 101 5 5
105 103 5 5
106 104 5 5
106 102 5 5
106 105 5 5
106 100 5 5
107 102 5 5
107 101 5 5
107 100 5 5
107 104 5 5
108 101 5 5
108 100 5 5
108 104 5 5
108 103 5 5
109 108 5 5
109 101 5 5
109 103 5 5
109 104 5 5
110 103 5 5
110 101 5 5
110 100 5 5
110 104 5 5
111 108 5 5
111 110 5 5
111 100 5 5
111 109 5 5
112 104 5 5
112 101 5 5
112 100 5 5
112 108 5 5
113 106 5 5
113 112 5 5
113 105 5 5
113 107 5 5
114 110 5 5
114 107 5 5
114 100 5 5
114 111 5 5
115 113 5 5
115 100 5 5
115 114 5 5
115 103 5 5
116 114 5 5
116 111 5 5
116 115 5 5
116 103 5 5
117 102 5 5
117 106 5 5
117 101 5 5
117 113 5 5
118 107 5 5
118 101 5 5
118 114 5 5
118 103 5 5
119 102 5 5
119 113 5 5
119 107 5 5
119 110 5 5
100 113 5 5
100 116 5 5
100 119 5 5
100 118 5 5
101 106 5 5
101 119 5 5
101 116 5 5
101 111 5 5
102 114 5 5
102 113 5 5
102 109 5 5
102 111 5 5
103 112 5 5
103 111 5 5
103 114 5 5
103 113 5 5
124 122 6 6
124 123 6 6
124 121 6 6
124 120 6 6
125 120 6 6
125 121 6 6
125 123 6 6
125 124 6 6
126 123 6 6
126 124 6 6
126 122 6 6
126 125 6 6
127 123 6 6
127 124 6 6
127 126 6 6
127 125 6 6
128 124 6 6
128 122 6 6
128 126 6 6
128 121 6 6
129 121 6 6
129 120 6 6
129 128 6 6
129 125 6 6
130 122 6 6
130 128 6 6
130 124 6 6
130 123 6 6
131 124 6 6
131 122 6 6
131 123 6 6
131 127 6 6
132 125 6 6
132 124 6 6
132 123 6 6
132 127 6 6
133 124 6 6
133 126 6 6
133 131 6 6
133 132 6 6
134 121 6 6
134 129 6 6
134 125 6 6
134 128 6 6
135 131 6 6
135 125 6 6
135 127 6 6
135 121 6 6
136 123 6 6
136 120 6 6
136 130 6 6
136 128 6 6
137 121 6 6
137 123 6 6
137 120 6 6
137 136 6 6
138 133 6 6
138 121 6 6
138 137 6 6
138 136 6 6
139 123 6 6
139 135 6 6
139 136 6 6
139 130 6 6
120 128 6 6
120 130 6 6
120 127 6 6
120 132 6 6
121 136 6 6
121 130 6 6
121 133 6 6
121 132 6 6
122 129 6 6
122 138 6 6
122 127 6 6
122 137 6 6
123 128 6 6
123 138 6 6
123 133 6 6
123 129 6 6
144 142 7 7
144 140 7 7
144 143 7 7
144 141 7 7
145 140 7 7
145 142 7 7
145 144 7 7
145 143 7 7
146 140 7 7
146 145 7 7
146 142 7 7
146 144 7 7
147 146 7 7
147 144 7 7
147 141 7 7
147 145 7 7
148 140 7 7
148 146 7 7
148 147 7 7
148 144 7 7
149 140 7 7
149 145 7 7
149 143 7 7
149 147 7 7
150 144 7 7
150 146 7 7
150 140 7 7
150 145 7 7
151 150 7 7
151 147 7 7
151 149 7 7
151 148 7 7
152 140 7 7
152 141 7 7
152 142 7 7
152 144 7 7
153 147 7 7
153 140 7 7
153 143 7 7
153 141 7 7
154 146 7 7
154 142 7 7
154 153 7 7
154 141 7 7
155 148 7 7
155 150 7 7
155 147 7 7
155 146 7 7
156 147 7 7
156 151 7 7
156 149 7 7
156 155 7 7
157 152 7 7
157 141 7 7
157 151 7 7
157 156 7 7
158 147 7 7
158 154 7 7
158 151 7 7
158 145 7 7
159 156 7 7
159 141 7 7
159 157 7 7
159 144 7 7
140 154 7 7
140 156 7 7
140 151 7 7
140 158 7 7
141 145 7 7
141 149 7 7
141 156 7 7
141 148 7 7
142 148 7 7
142 155 7 7
142 150 7 7
142 153 7 7
143 159 7 7
143 156 7 7
143 148 7 7
143 157 7 7
164 163 8 8
164 161 8 8
164 162 8 8
164 160 8 8
165 164 8 8
165 163 8 8
165 160 8 8
165 161 8 8
166 163 8 8
166 165 8 8
166 160 8 8
166 164 8 8
167 163 8 8
167 164 8 8
167 165 8 8
167 160 8 8
168 163 8 8
168 164 8 8
168 162 8 8
168 165 8 8
169 162 8 8
169 168 8 8
169 164 8 8
169 167 8 8
170 162 8 8
170 160 8 8
170 163 8 8
170 166 8 8
171 164 8 8
171 167 8 8
171 168 8 8
171 165 8 8
172 163 8 8
172 164 8 8
172 162 8 8
172 170 8 8
173 160 8 8
173 168 8 8
173 165 8 8
173 166 8 8
174 164 8 8
174 171 8 8
174 170 8 8
174 168 8 8
175 169 8 8
175 170 8 8
175 160 8 8
175 174 8 8
176 171 8 8
176 163 8 8
176 164 8 8
176 162 8 8
177 170 8 8
177 163 8 8
177 174 8 8
177 175 8 8
178 175 8 8
178 166 8 8
178 170 8 8
178 172 8 8
179 166 8 8
179 178 8 8
179 161 8 8
179 165 8 8
160 169 8 8
160 172 8 8
160 177 8 8
160 168 8 8
161 166 8 8
161 174 8 8
161 173 8 8
161 178 8 8
162 177 8 8
162 175 8 8
162 174 8 8
162 179 8 8
163 173 8 8
163 171 8 8
163 174 8 8
163 175 8 8
184 181 9 9
184 180 9 9
184 183 9 9
184 182 9 9
185 180 9 9
185 182 9 9
185 183 9 9
185 181 9 9
186 185 9 9
186 182 9 9
186 184 9 9
186 180 9 9
187 184 9 9
187 183 9 9
187 181 9 9
187 186 9 9
188 187 9 9
188 184 9 9
188 181 9 9
188 182 9 9
189 183 9 9
189 185 9 9
189 186 9 9
189 188 9 9
190 182 9 9
190 189 9 9
190 181 9 9
190 183 9 9
191 188 9 9
191 181 9 9
191 182 9 9
191 186 9 9
192 181 9 9
192 183 9 9
192 190 9 9
192 182 9 9
193 186 9 9
193 188 9 9
193 185 9 9
193 192 9 9
194 191 9 9
194 187 9 9
194 190 9 9
194 181 9 9
195 189 9 9
195 183 9 9
195 182 9 9
195 192 9 9
196 195 9 9
196 192 9 9
196 194 9 9
196 183 9 9
197 189 9 9
197 196 9 9
197 190 9 9
197 180 9 9
198 188 9 9
198 184 9 9
198 196 9 9
198 194 9 9
199 188 9 9
199 187 9 9
199 180 9 9
199 186 9 9
180 191 9 9
180 190 9 9
180 194 9 9
180 188 9 9
181 198 9 9
181 189 9 9
181 195 9 9
181 197 9 9
182 194 9 9
182 193 9 9
182 198 9 9
182 189 9 9
183 188 9 9
183 198 9 9
183 197 9 9
183 194 9 9
204 201 10 10
204 200 10 10
204 202 10 10
204 203 10 10
205 201 10 10
205 202 10 10
205 203 10 10
205 200 10 10
206 201 10 10
206 204 10 10
206 200 10 10
206 202 10 10
207 206 10 10
207 204 10 10
207 202 10 10
207 205 10 10
208 207 10 10
208 201 10 10
208 202 10 10
208 206 10 10
209 207 10 10
209 205 10 10
209 201 10 10
209 208 10 10
210 208 10 10
210 200 10 10
210 209 10 10
210 207 10 10
211 203 10 10
211 201 10 10
211 206 10 10
211 209 10 10
212 211 10 10
212 209 10 10
212 200 10 10
212 206 10 10
213 210 10 10
213 203 10 10
213 202 10 10
213 209 10 10
214 200 10 10
214 209 10 10
214 206 10 10
214 205 10 10
215 206 10 10
215 214 10 10
215 209 10 10
215 205 10 10
216 211 10 10
216 204 10 10
216 200 10 10
216 208 10 10
217 207 10 10
217 204 10 10
217 200 10 10
217 211 10 10
218 214 10 10
218 213 10 10
218 205 10 10
218 207 10 10
219 210 10 10
219 212 10 10
219 216 10 10
219 206 10 10
200 219 10 10
200 207 10 10
200 211 10 10
200 215 10 10
201 214 10 10
201 213 10 10
201 215 10 10
201 212 10 10
202 209 10 10
202 214 10 10
202 217 10 10
202 215 10 10
203 214 10 10
203 207 10 10
203 216 10 10
203 218 10 10
224 223 11 11
224 220 11 11
224 222 11 11
224 221 11 11
225 221 11 11
225 222 11 11
225 223 11 11
225 224 11 11
226 221 11 11
226 222 11 11
226 223 11 11
226 220 11 11
227 220 11 11
227 226 11 11
227 224 11 11
227 222 11 11
228 223 11 11
228 221 11 11
228 225 11 11
228 227 11 11
229 228 11 11
229 221 11 11
229 225 11 11
229 226 11 11
230 221 11 11
230 225 11 11
230 223 11 11
230 222 11 11
231 225 11 11
231 221 11 11
231 229 11 11
231 223 11 11
232 230 11 11
232 227 11 11
232 222 11 11
232 228 11 11
233 223 11 11
233 232 11 11
233 229 11 11
233 226 11 11
234 231 11 11
234 225 11 11
234 230 11 11
234 229 11 11
235 225 11 11
235 229 11 11
235 221 11 11
235 222 11 11
236 235 11 11
236 230 11 11
236 229 11 11
236 221 11 11
237 221 11 11
237 223 11 11
237 233 11 11
237 232 11 11
238 237 11 11
238 224 11 11
238 227 11 11
238 232 11 11
239 228 11 11
239 224 11 11
239 238 11 11
239 221 11 11
220 233 11 11
220 232 11 11
220 236 11 11
220 228 11 11
221 238 11 11
221 232 11 11
221 233 11 11
221 234 11 11
222 228 11 11
222 234 11 11
222 233 11 11
222 236 11 11
223 232 11 11
223 227 11 11
223 238 11 11
223 236 11 11
244 240 12 12
244 242 12 12
244 243 12 12
244 241 12 12
245 241 12 12
245 243 12 12
245 240 12 12
245 244 12 12
246 240 12 12
246 242 12 12
246 244 12 12
246 243 12 12
247 240 12 12
247 243 12 12
247 244 12 12
247 241 12 12
248 242 12 12
248 247 12 12
248 246 12 12
248 244 12 12
249 246 12 12
249 247 12 12
249 244 12 12
249 245 12 12
250 240 12 12
250 245 12 12
250 243 12 12
250 246 12 12
251 248 12 12
251 249 12 12
251 245 12 12
251 241 12 12
252 240 12 12
252 245 12 12
252 248 12 12
252 251 12 12
253 243 12 12
253 248 12 12
253 245 12 12
253 252 12 12
254 243 12 12
254 252 12 12
254 248 12 12
254 245 12 12
255 246 12 12
255 253 12 12
255 247 12 12
255 249 12 12
256 244 12 12
256 250 12 12
256 243 12 12
256 252 12 12
257 251 12 12
257 243 12 12
257 252 12 12
257 248 12 12
258 240 12 12
258 255 12 12
258 244 12 12
258 241 12 12
259 253 12 12
259 248 12 12
259 240 12 12
259 242 12 12
240 251 12 12
240 253 12 12
240 255 12 12
240 254 12 12
241 250 12 12
241 254 12 12
241 257 12 12
241 259 12 12
242 257 12 12
242 251 12 12
242 252 12 12
242 249 12 12
243 249 12 12
243 255 12 12
243 251 12 12
243 258 12 12
264 261 13 13
264 262 13 13
264 263 13 13
264 260 13 13
265 261 13 13
265 262 13 13
265 263 13 13
265 260 13 13
266 260 13 13
266 262 13 13
266 261 13 13
266 264 13 13
267 263 13 13
267 262 13 13
267 260 13 13
267 266 13 13
268 264 13 13
268 265 13 13
268 261 13 13
268 262 13 13
269 265 13 13
269 267 13 13
269 262 13 13
269 268 13 13
270 262 13 13
270 265 13 13
270 269 13 13
270 266 13 13
271 263 13 13
271 264 13 13
271 267 13 13
271 260 13 13
272 265 13 13
272 267 13 13
272 269 13 13
272 270 13 13
273 268 13 13
273 261 13 13
273 269 13 13
273 260 13 13
274 261 13 13
274 264 13 13
274 273 13 13
274 271 13 13
275 260 13 13
275 268 13 13
275 266 13 13
275 272 13 13
276 272 13 13
276 270 13 13
276 262 13 13
276 260 13 13
277 275 13 13
277 268 13 13
277 274 13 13
277 271 13 13
278 264 13 13
278 277 13 13
278 268 13 13
278 274 13 13
279 273 13 13
279 268 13 13
279 277 13 13
279 275 13 13
260 269 13 13
260 270 13 13
260 272 13 13
260 268 13 13
261 269 13 13
261 278 13 13
261 279 13 13
261 277 13 13
262 271 13 13
262 277 13 13
262 272 13 13
262 273 13 13
263 272 13 13
263 266 13 13
263 276 13 13
263 275 13 13
284 281 14 14
284 280 14 14
284 283 14 14
284 282 14 14
285 283 14 14
285 280 14 14
285 284 14 14
285 282 14 14
286 283 14 14
286 281 14 14
286 282 14 14
286 285 14 14
287 283 14 14
287 284 14 14
287 280 14 14
287 286 14 14
288 285 14 14
288 284 14 14
288 281 14 14
288 283 14 14
289 282 14 14
289 285 14 14
289 286 14 14
289 280 14 14
290 283 14 14
290 287 14 14
290 285 14 14
290 286 14 14
291 283 14 14
291 281 14 14
291 285 14 14
291 284 14 14
292 291 14 14
292 287 14 14
292 288 14 14
292 280 14 14
293 292 14 14
293 285 14 14
293 281 14 14
293 288 14 14
294 292 14 14
294 284 14 14
294 288 14 14
294 291 14 14
295 281 14 14
295 283 14 14
295 282 14 14
295 286 14 14
296 283 14 14
296 286 14 14
296 281 14 14
296 295 14 14
297 292 14 14
297 294 14 14
297 283 14 14
297 295 14 14
298 290 14 14
298 282 14 14
298 286 14 14
298 287 14 14
299 294 14 14
299 291 14 14
299 297 14 14
299 288 14 14
280 291 14 14
280 298 14 14
280 290 14 14
280 299 14 14
281 297 14 14
281 294 14 14
281 298 14 14
281 292 14 14
282 290 14 14
282 287 14 14
282 292 14 14
282 297 14 14
283 292 14 14
283 294 14 14
283 293 14 14
283 289 14 14
304 301 15 15
304 303 15 15
304 300 15 15
304 302 15 15
305 301 15 15
305 300 15 15
305 303 15 15
305 302 15 15
306 303 15 15
306 300 15 15
306 304 15 15
306 302 15 15
307 302 15 15
307 304 15 15
307 300 15 15
307 301 15 15
308 300 15 15
308 306 15 15
308 303 15 15
308 307 15 15
309 308 15 15
309 301 15 15
309 305 15 15
309 304 15 15
310 308 15 15
310 307 15 15
310 302 15 15
310 309 15 15
311 302 15 15
311 303 15 15
311 305 15 15
311 310 15 15
312 305 15 15
312 301 15 15
312 309 15 15
312 304 15 15
313 306 15 15
313 310 15 15
313 303 15 15
313 308 15 15
314 301 15 15
314 313 15 15
314 311 15 15
314 308 15 15
315 314 15 15
315 311 15 15
315 300 15 15
315 310 15 15
316 300 15 15
316 301 15 15
316 304 15 15
316 306 15 15
317 310 15 15
317 308 15 15
317 316 15 15
317 301 15 15
318 315 15 15
318 314 15 15
318 316 15 15
318 308 15 15
319 318 15 15
319 302 15 15
319 314 15 15
319 306 15 15
300 313 15 15
300 317 15 15
300 311 15 15
300 309 15 15
301 315 15 15
301 306 15 15
301 308 15 15
301 313 15 15
302 308 15 15
302 318 15 15
302 317 15 15
302 312 15 15
303 307 15 15
303 309 15 15
303 316 15 15
303 312 15 15
84 60 4 3
93 34 4 1
88 17 4 0
91 58 4 2
104 97 5 4
105 53 5 2
113 69 5 3
119 28 5 1
127 64 6 3
128 23 6 1
125 92 6 4
138 3 6 0
150 90 7 4
154 48 7 2
154 30 7 1
156 121 7 6
165 49 8 2
168 62 8 3
160 96 8 4
175 107 8 5
185 169 9 8
182 103 9 5
188 5 9 0
196 82 9 4
209 155 10 7
217 43 10 2
213 87 10 4
206 166 10 8
234 78 11 3
235 33 11 1
231 192 11 9
230 12 11 0
242 21 12 1
259 88 12 4
246 174 12 8
241 230 12 11
266 147 13 7
275 203 13 10
265 19 13 0
261 94 13 4
295 257 14 12
283 237 14 11
285 128 14 6
296 35 14 1
308 247 15 12
312 299 15 14
305 11 15 0
314 183 15 9
17 294 0 14
16 118 0 5
11 166 0 8
7 243 0 12
39 274 1 13
36 200 1 10
28 305 1 15
29 175 1 8
58 243 2 12
40 314 2 15
40 279 2 13
53 187 2 9
67 200 3 10
69 295 3 14
71 277 3 13
71 154 3 7
