swNum = 320
edgeNum = 1342

0 0
1 0
2 0
3 0
4 0
5 0
6 0
7 0
8 0
9 0
10 0
11 0
12 0
13 0
14 0
15 0
16 0
17 0
18 0
19 0
20 1
21 1
22 1
23 1
24 1
25 1
26 1
27 1
28 1
29 1
30 1
31 1
32 1
33 1
34 1
35 1
36 1
37 1
38 1
39 1
40 2
41 2
42 2
43 2
44 2
45 2
46 2
47 2
48 2
49 2
50 2
51 2
52 2
53 2
54 2
55 2
56 2
57 2
58 2
59 2
60 3
61 3
62 3
63 3
64 3
65 3
66 3
67 3
68 3
69 3
70 3
71 3
72 3
73 3
74 3
75 3
76 3
77 3
78 3
79 3
80 4
81 4
82 4
83 4
84 4
85 4
86 4
87 4
88 4
89 4
90 4
91 4
92 4
93 4
94 4
95 4
96 4
97 4
98 4
99 4
100 5
101 5
102 5
103 5
104 5
105 5
106 5
107 5
108 5
109 5
110 5
111 5
112 5
113 5
114 5
115 5
116 5
117 5
118 5
119 5
120 6
121 6
122 6
123 6
124 6
125 6
126 6
127 6
128 6
129 6
130 6
131 6
132 6
133 6
134 6
135 6
136 6
137 6
138 6
139 6
140 7
141 7
142 7
143 7
144 7
145 7
146 7
147 7
148 7
149 7
150 7
151 7
152 7
153 7
154 7
155 7
156 7
157 7
158 7
159 7
160 8
161 8
162 8
163 8
164 8
165 8
166 8
167 8
168 8
169 8
170 8
171 8
172 8
173 8
174 8
175 8
176 8
177 8
178 8
179 8
180 9
181 9
182 9
183 9
184 9
185 9
186 9
187 9
188 9
189 9
190 9
191 9
192 9
193 9
194 9
195 9
196 9
197 9
198 9
199 9
200 10
201 10
202 10
203 10
204 10
205 10
206 10
207 10
208 10
209 10
210 10
211 10
212 10
213 10
214 10
215 10
216 10
217 10
218 10
219 10
220 11
221 11
222 11
223 11
224 11
225 11
226 11
227 11
228 11
229 11
230 11
231 11
232 11
233 11
234 11
235 11
236 11
237 11
238 11
239 11
240 12
241 12
242 12
243 12
244 12
245 12
246 12
247 12
248 12
249 12
250 12
251 12
252 12
253 12
254 12
255 12
256 12
257 12
258 12
259 12
260 13
261 13
262 13
263 13
264 13
265 13
266 13
267 13
268 13
269 13
270 13
271 13
272 13
273 13
274 13
275 13
276 13
277 13
278 13
279 13
280 14
281 14
282 14
283 14
284 14
285 14
286 14
287 14
288 14
289 14
290 14
291 14
292 14
293 14
294 14
295 14
296 14
297 14
298 14
299 14
300 15
301 15
302 15
303 15
304 15
305 15
306 15
307 15
308 15
309 15
310 15
311 15
312 15
313 15
314 15
315 15
316 15
317 15
318 15
319 15

4 3 0 0
4 1 0 0
4 2 0 0
4 0 0 0
5 0 0 0
5 4 0 0
5 2 0 0
5 1 0 0
6 0 0 0
6 5 0 0
6 4 0 0
6 1 0 0
7 5 0 0
7 3 0 0
7 4 0 0
7 1 0 0
8 6 0 0
8 4 0 0
8 7 0 0
8 5 0 0
9 8 0 0
9 6 0 0
9 4 0 0
9 0 0 0
10 6 0 0
10 5 0 0
10 0 0 0
10 3 0 0
11 7 0 0
11 5 0 0
11 4 0 0
11 1 0 0
12 10 0 0
12 3 0 0
12 5 0 0
12 0 0 0
13 9 0 0
13 6 0 0
13 8 0 0
13 5 0 0
14 11 0 0
14 4 0 0
14 3 0 0
14 2 0 0
15 7 0 0
15 13 0 0
15 8 0 0
15 9 0 0
16 1 0 0
16 6 0 0
16 7 0 0
16 11 0 0
17 11 0 0
17 4 0 0
17 0 0 0
17 6 0 0
18 16 0 0
18 8 0 0
18 4 0 0
18 1 0 0
19 0 0 0
19 10 0 0
19 1 0 0
19 2 0 0
0 15 0 0
0 13 0 0
0 8 0 0
0 14 0 0
1 12 0 0
1 9 0 0
1 10 0 0
1 8 0 0
2 12 0 0
2 17 0 0
2 11 0 0
2 18 0 0
3 16 0 0
3 17 0 0
3 18 0 0
3 5 0 0
24 21 1 1
24 22 1 1
24 23 1 1
24 20 1 1
25 22 1 1
25 21 1 1
25 24 1 1
25 23 1 1
26 21 1 1
26 22 1 1
26 24 1 1
26 23 1 1
27 23 1 1
27 21 1 1
27 25 1 1
27 22 1 1
28 21 1 1
28 27 1 1
28 23 1 1
28 22 1 1
29 26 1 1
29 20 1 1
29 21 1 1
29 23 1 1
30 24 1 1
30 26 1 1
30 20 1 1
30 25 1 1
31 29 1 1
31 22 1 1
31 28 1 1
31 25 1 1
32 28 1 1
32 21 1 1
32 20 1 1
32 23 1 1
33 32 1 1
33 23 1 1
33 28 1 1
33 25 1 1
34 23 1 1
34 24 1 1
34 29 1 1
34 33 1 1
35 29 1 1
35 34 1 1
35 22 1 1
35 30 1 1
36 23 1 1
36 28 1 1
36 35 1 1
36 20 1 1
37 24 1 1
37 21 1 1
37 32 1 1
37 31 1 1
38 28 1 1
38 34 1 1
38 25 1 1
38 32 1 1
39 33 1 1
39 37 1 1
39 34 1 1
39 35 1 1
20 38 1 1
20 27 1 1
20 33 1 1
20 26 1 1
21 33 1 1
21 36 1 1
21 30 1 1
21 38 1 1
22 37 1 1
22 34 1 1
22 36 1 1
22 38 1 1
23 38 1 1
23 39 1 1
23 37 1 1
23 35 1 1
44 40 2 2
44 41 2 2
44 42 2 2
44 43 2 2
45 41 2 2
45 40 2 2
45 43 2 2
45 44 2 2
46 44 2 2
46 40 2 2
46 42 2 2
46 45 2 2
47 42 2 2
47 45 2 2
47 43 2 2
47 46 2 2
48 44 2 2
48 46 2 2
48 47 2 2
48 42 2 2
49 42 2 2
49 45 2 2
49 46 2 2
49 44 2 2
50 43 2 2
50 48 2 2
50 40 2 2
50 45 2 2
51 44 2 2
51 46 2 2
51 47 2 2
51 41 2 2
52 45 2 2
52 49 2 2
52 51 2 2
52 40 2 2
53 49 2 2
53 43 2 2
53 42 2 2
53 48 2 2
54 46 2 2
54 49 2 2
54 41 2 2
54 52 2 2
55 40 2 2
55 45 2 2
55 53 2 2
55 41 2 2
56 54 2 2
56 49 2 2
56 51 2 2
56 41 2 2
57 42 2 2
57 48 2 2
57 47 2 2
57 53 2 2
58 49 2 2
58 56 2 2
58 51 2 2
58 47 2 2
59 51 2 2
59 49 2 2
59 44 2 2
59 41 2 2
40 56 2 2
40 48 2 2
40 59 2 2
40 51 2 2
41 50 2 2
41 48 2 2
41 47 2 2
41 53 2 2
42 58 2 2
42 51 2 2
42 52 2 2
42 56 2 2
43 57 2 2
43 49 2 2
43 51 2 2
43 54 2 2
64 63 3 3
64 62 3 3
64 61 3 3
64 60 3 3
65 62 3 3
65 60 3 3
65 64 3 3
65 63 3 3
66 64 3 3
66 61 3 3
66 60 3 3
66 65 3 3
67 63 3 3
67 64 3 3
67 62 3 3
67 60 3 3
68 67 3 3
68 60 3 3
68 62 3 3
68 65 3 3
69 60 3 3
69 62 3 3
69 66 3 3
69 61 3 3
70 65 3 3
70 60 3 3
70 67 3 3
70 68 3 3
71 69 3 3
71 65 3 3
71 61 3 3
71 64 3 3
72 67 3 3
72 63 3 3
72 65 3 3
72 71 3 3
73 61 3 3
73 62 3 3
73 66 3 3
73 60 3 3
74 72 3 3
74 62 3 3
74 69 3 3
74 65 3 3
75 73 3 3
75 64 3 3
75 67 3 3
75 65 3 3
76 71 3 3
76 67 3 3
76 62 3 3
76 66 3 3
77 60 3 3
77 65 3 3
77 68 3 3
77 70 3 3
78 66 3 3
78 77 3 3
78 65 3 3
78 60 3 3
79 68 3 3
79 78 3 3
79 62 3 3
79 60 3 3
60 76 3 3
60 75 3 3
60 72 3 3
60 71 3 3
61 74 3 3
61 72 3 3
61 65 3 3
61 67 3 3
62 77 3 3
62 71 3 3
62 70 3 3
62 75 3 3
63 73 3 3
63 75 3 3
63 70 3 3
63 79 3 3
84 83 4 4
84 82 4 4
84 81 4 4
84 80 4 4
85 83 4 4
85 84 4 4
85 81 4 4
85 80 4 4
86 81 4 4
86 84 4 4
86 82 4 4
86 83 4 4
87 83 4 4
87 84 4 4
87 82 4 4
87 85 4 4
88 85 4 4
88 84 4 4
88 86 4 4
88 83 4 4
89 86 4 4
89 81 4 4
89 82 4 4
89 80 4 4
90 84 4 4
90 80 4 4
90 83 4 4
90 81 4 4
91 84 4 4
91 81 4 4
91 87 4 4
91 83 4 4
92 90 4 4
92 88 4 4
92 85 4 4
92 81 4 4
93 80 4 4
93 83 4 4
93 82 4 4
93 92 4 4
94 87 4 4
94 90 4 4
94 91 4 4
94 84 4 4
95 93 4 4
95 82 4 4
95 91 4 4
95 92 4 4
96 80 4 4
96 82 4 4
96 94 4 4
96 87 4 4
97 95 4 4
97 93 4 4
97 94 4 4
97 83 4 4
98 95 4 4
98 89 4 4
98 86 4 4
98 81 4 4
99 94 4 4
99 92 4 4
99 80 4 4
99 84 4 4
80 95 4 4
80 91 4 4
80 98 4 4
80 97 4 4
81 99 4 4
81 93 4 4
81 95 4 4
81 94 4 4
82 98 4 4
82 88 4 4
82 90 4 4
82 94 4 4
83 99 4 4
83 94 4 4
83 92 4 4
83 89 4 4
104 102 5 5
104 103 5 5
104 100 5 5
104 101 5 5
105 102 5 5
105 100 5 5
105 104 5 5
105 101 5 5
106 104 5 5
106 105 5 5
106 102 5 5
106 100 5 5
107 101 5 5
107 104 5 5
107 106 5 5
107 103 5 5
108 101 5 5
108 106 5 5
108 104 5 5
108 107 5 5
109 101 5 5
109 105 5 5
109 106 5 5
109 102 5 5
110 102 5 5
110 100 5 5
110 109 5 5
110 105 5 5
111 106 5 5
111 103 5 5
111 110 5 5
111 109 5 5
112 108 5 5
112 102 5 5
112 103 5 5
112 111 5 5
113 109 5 5
113 100 5 5
113 105 5 5
113 102 5 5
114 101 5 5
114 102 5 5
114 111 5 5
114 110 5 5
115 109 5 5
115 105 5 5
115 101 5 5
115 113 5 5
116 102 5 5
116 103 5 5
116 106 5 5
116 105 5 5
117 112 5 5
117 115 5 5
117 104 5 5
117 107 5 5
118 111 5 5
118 114 5 5
118 112 5 5
118 100 5 5
119 116 5 5
119 106 5 5
119 113 5 5
119 109 5 5
100 111 5 5
100 115 5 5
100 114 5 5
100 108 5 5
101 111 5 5
101 116 5 5
101 118 5 5
101 110 5 5
102 111 5 5
102 108 5 5
102 117 5 5
102 115 5 5
103 119 5 5
103 108 5 5
103 115 5 5
103 117 5 5
124 121 6 6
124 120 6 6
124 123 6 6
124 122 6 6
125 124 6 6
125 121 6 6
125 122 6 6
125 123 6 6
126 121 6 6
126 123 6 6
126 120 6 6
126 124 6 6
127 124 6 6
127 125 6 6
127 120 6 6
127 126 6 6
128 123 6 6
128 124 6 6
128 127 6 6
128 122 6 6
129 120 6 6
129 126 6 6
129 123 6 6
129 121 6 6
130 123 6 6
130 124 6 6
130 129 6 6
130 122 6 6
131 127 6 6
131 120 6 6
131 124 6 6
131 126 6 6
132 125 6 6
132 127 6 6
132 120 6 6
132 122 6 6
133 126 6 6
133 124 6 6
133 130 6 6
133 128 6 6
134 121 6 6
134 133 6 6
134 128 6 6
134 126 6 6
135 128 6 6
135 131 6 6
135 124 6 6
135 127 6 6
136 127 6 6
136 135 6 6
136 129 6 6
136 124 6 6
137 120 6 6
137 126 6 6
137 125 6 6
137 129 6 6
138 126 6 6
138 121 6 6
138 122 6 6
138 125 6 6
139 123 6 6
139 132 6 6
139 127 6 6
139 128 6 6
120 133 6 6
120 139 6 6
120 125 6 6
120 128 6 6
121 130 6 6
121 137 6 6
121 133 6 6
121 128 6 6
122 127 6 6
122 133 6 6
122 126 6 6
122 137 6 6
123 133 6 6
123 138 6 6
123 135 6 6
123 134 6 6
144 140 7 7
144 141 7 7
144 142 7 7
144 143 7 7
145 142 7 7
145 140 7 7
145 144 7 7
145 141 7 7
146 143 7 7
146 141 7 7
146 142 7 7
146 145 7 7
147 142 7 7
147 140 7 7
147 144 7 7
147 145 7 7
148 145 7 7
148 144 7 7
148 142 7 7
148 143 7 7
149 143 7 7
149 146 7 7
149 147 7 7
149 145 7 7
150 145 7 7
150 146 7 7
150 148 7 7
150 144 7 7
151 142 7 7
151 140 7 7
151 143 7 7
151 145 7 7
152 141 7 7
152 150 7 7
152 146 7 7
152 144 7 7
153 149 7 7
153 147 7 7
153 145 7 7
153 150 7 7
154 140 7 7
154 153 7 7
154 145 7 7
154 144 7 7
155 148 7 7
155 147 7 7
155 144 7 7
155 149 7 7
156 147 7 7
156 151 7 7
156 149 7 7
156 144 7 7
157 149 7 7
157 152 7 7
157 141 7 7
157 150 7 7
158 147 7 7
158 156 7 7
158 145 7 7
158 150 7 7
159 140 7 7
159 156 7 7
159 155 7 7
159 142 7 7
140 153 7 7
140 150 7 7
140 156 7 7
140 158 7 7
141 149 7 7
141 150 7 7
141 155 7 7
141 153 7 7
142 156 7 7
142 153 7 7
142 154 7 7
142 158 7 7
143 157 7 7
143 154 7 7
143 156 7 7
143 155 7 7
164 162 8 8
164 161 8 8
164 163 8 8
164 160 8 8
165 164 8 8
165 163 8 8
165 162 8 8
165 160 8 8
166 165 8 8
166 162 8 8
166 161 8 8
166 163 8 8
167 163 8 8
167 162 8 8
167 165 8 8
167 166 8 8
168 166 8 8
168 165 8 8
168 163 8 8
168 160 8 8
169 162 8 8
169 164 8 8
169 167 8 8
169 163 8 8
170 161 8 8
170 160 8 8
170 168 8 8
170 166 8 8
171 170 8 8
171 161 8 8
171 166 8 8
171 168 8 8
172 170 8 8
172 164 8 8
172 161 8 8
172 167 8 8
173 161 8 8
173 160 8 8
173 169 8 8
173 166 8 8
174 168 8 8
174 173 8 8
174 161 8 8
174 162 8 8
175 163 8 8
175 174 8 8
175 166 8 8
175 162 8 8
176 175 8 8
176 173 8 8
176 167 8 8
176 169 8 8
177 170 8 8
177 176 8 8
177 167 8 8
177 163 8 8
178 173 8 8
178 167 8 8
178 163 8 8
178 177 8 8
179 167 8 8
179 176 8 8
179 175 8 8
179 173 8 8
160 175 8 8
160 177 8 8
160 171 8 8
160 167 8 8
161 178 8 8
161 177 8 8
161 167 8 8
161 175 8 8
162 172 8 8
162 177 8 8
162 173 8 8
162 170 8 8
163 176 8 8
163 173 8 8
163 174 8 8
163 171 8 8
184 182 9 9
184 183 9 9
184 181 9 9
184 180 9 9
185 184 9 9
185 182 9 9
185 180 9 9
185 181 9 9
186 181 9 9
186 184 9 9
186 182 9 9
186 183 9 9
187 183 9 9
187 180 9 9
187 184 9 9
187 181 9 9
188 181 9 9
188 185 9 9
188 186 9 9
188 184 9 9
189 186 9 9
189 187 9 9
189 182 9 9
189 180 9 9
190 186 9 9
190 182 9 9
190 184 9 9
190 185 9 9
191 181 9 9
191 190 9 9
191 182 9 9
191 186 9 9
192 187 9 9
192 183 9 9
192 180 9 9
192 191 9 9
193 191 9 9
193 187 9 9
193 188 9 9
193 181 9 9
194 193 9 9
194 181 9 9
194 182 9 9
194 187 9 9
195 194 9 9
195 180 9 9
195 184 9 9
195 192 9 9
196 189 9 9
196 190 9 9
196 180 9 9
196 182 9 9
197 186 9 9
197 192 9 9
197 189 9 9
197 184 9 9
198 190 9 9
198 197 9 9
198 196 9 9
198 193 9 9
199 181 9 9
199 198 9 9
199 190 9 9
199 185 9 9
180 190 9 9
180 186 9 9
180 188 9 9
180 197 9 9
181 197 9 9
181 189 9 9
181 196 9 9
181 190 9 9
182 197 9 9
182 195 9 9
182 188 9 9
182 198 9 9
183 194 9 9
183 196 9 9
183 195 9 9
183 198 9 9
204 202 10 10
204 203 10 10
204 200 10 10
204 201 10 10
205 202 10 10
205 204 10 10
205 203 10 10
205 201 10 10
206 204 10 10
206 202 10 10
206 205 10 10
206 200 10 10
207 203 10 10
207 201 10 10
207 206 10 10
207 204 10 10
208 201 10 10
208 203 10 10
208 206 10 10
208 204 10 10
209 204 10 10
209 205 10 10
209 207 10 10
209 200 10 10
210 205 10 10
210 200 10 10
210 201 10 10
210 204 10 10
211 201 10 10
211 210 10 10
211 202 10 10
211 204 10 10
212 205 10 10
212 207 10 10
212 201 10 10
212 204 10 10
213 204 10 10
213 210 10 10
213 209 10 10
213 203 10 10
214 203 10 10
214 210 10 10
214 207 10 10
214 212 10 10
215 200 10 10
215 207 10 10
215 209 10 10
215 204 10 10
216 211 10 10
216 213 10 10
216 204 10 10
216 207 10 10
217 208 10 10
217 204 10 10
217 209 10 10
217 213 10 10
218 210 10 10
218 217 10 10
218 207 10 10
218 212 10 10
219 204 10 10
219 211 10 10
219 203 10 10
219 216 10 10
200 219 10 10
200 211 10 10
200 205 10 10
200 214 10 10
201 215 10 10
201 214 10 10
201 217 10 10
201 213 10 10
202 219 10 10
202 213 10 10
202 214 10 10
202 217 10 10
203 211 10 10
203 217 10 10
203 212 10 10
203 210 10 10
224 221 11 11
224 220 11 11
224 222 11 11
224 223 11 11
225 221 11 11
225 222 11 11
225 224 11 11
225 223 11 11
226 224 11 11
226 225 11 11
226 222 11 11
226 221 11 11
227 223 11 11
227 225 11 11
227 221 11 11
227 220 11 11
228 221 11 11
228 225 11 11
228 224 11 11
228 222 11 11
229 221 11 11
229 222 11 11
229 223 11 11
229 224 11 11
230 227 11 11
230 229 11 11
230 221 11 11
230 223 11 11
231 226 11 11
231 230 11 11
231 222 11 11
231 229 11 11
232 228 11 11
232 231 11 11
232 229 11 11
232 227 11 11
233 220 11 11
233 224 11 11
233 225 11 11
233 228 11 11
234 233 11 11
234 226 11 11
234 225 11 11
234 232 11 11
235 234 11 11
235 230 11 11
235 233 11 11
235 221 11 11
236 223 11 11
236 229 11 11
236 231 11 11
236 235 11 11
237 236 11 11
237 232 11 11
237 229 11 11
237 228 11 11
238 225 11 11
238 226 11 11
238 228 11 11
238 221 11 11
239 221 11 11
239 233 11 11
239 235 11 11
239 222 11 11
220 231 11 11
220 232 11 11
220 239 11 11
220 234 11 11
221 231 11 11
221 232 11 11
221 237 11 11
221 233 11 11
222 237 11 11
222 232 11 11
222 234 11 11
222 238 11 11
223 231 11 11
223 232 11 11
223 237 11 11
223 239 11 11
244 243 12 12
244 240 12 12
244 241 12 12
244 242 12 12
245 242 12 12
245 241 12 12
245 244 12 12
245 240 12 12
246 243 12 12
246 241 12 12
246 240 12 12
246 245 12 12
247 241 12 12
247 240 12 12
247 242 12 12
247 244 12 12
248 242 12 12
248 246 12 12
248 240 12 12
248 245 12 12
249 240 12 12
249 246 12 12
249 241 12 12
249 242 12 12
250 247 12 12
250 244 12 12
250 240 12 12
250 246 12 12
251 241 12 12
251 248 12 12
251 246 12 12
251 243 12 12
252 247 12 12
252 242 12 12
252 245 12 12
252 246 12 12
253 246 12 12
253 249 12 12
253 245 12 12
253 248 12 12
254 242 12 12
254 247 12 12
254 253 12 12
254 251 12 12
255 250 12 12
255 246 12 12
255 244 12 12
255 254 12 12
256 242 12 12
256 254 12 12
256 240 12 12
256 247 12 12
257 248 12 12
257 251 12 12
257 246 12 12
257 252 12 12
258 244 12 12
258 246 12 12
258 240 12 12
258 254 12 12
259 240 12 12
259 248 12 12
259 244 12 12
259 251 12 12
240 252 12 12
240 251 12 12
240 255 12 12
240 253 12 12
241 254 12 12
241 253 12 12
241 256 12 12
241 252 12 12
242 253 12 12
242 246 12 12
242 251 12 12
242 257 12 12
243 249 12 12
243 250 12 12
243 259 12 12
243 252 12 12
264 260 13 13
264 263 13 13
264 261 13 13
264 262 13 13
265 264 13 13
265 261 13 13
265 260 13 13
265 263 13 13
266 262 13 13
266 264 13 13
266 261 13 13
266 263 13 13
267 261 13 13
267 263 13 13
267 260 13 13
267 266 13 13
268 263 13 13
268 267 13 13
268 262 13 13
268 264 13 13
269 262 13 13
269 260 13 13
269 267 13 13
269 261 13 13
270 269 13 13
270 261 13 13
270 266 13 13
270 265 13 13
271 270 13 13
271 260 13 13
271 265 13 13
271 264 13 13
272 262 13 13
272 270 13 13
272 268 13 13
272 266 13 13
273 267 13 13
273 270 13 13
273 261 13 13
273 269 13 13
274 260 13 13
274 271 13 13
274 270 13 13
274 263 13 13
275 261 13 13
275 264 13 13
275 272 13 13
275 262 13 13
276 271 13 13
276 272 13 13
276 263 13 13
276 275 13 13
277 266 13 13
277 260 13 13
277 261 13 13
277 265 13 13
278 268 13 13
278 270 13 13
278 277 13 13
278 275 13 13
279 267 13 13
279 261 13 13
279 263 13 13
279 278 13 13
260 266 13 13
260 276 13 13
260 270 13 13
260 268 13 13
261 276 13 13
261 272 13 13
261 268 13 13
261 278 13 13
262 276 13 13
262 278 13 13
262 279 13 13
262 267 13 13
263 273 13 13
263 272 13 13
263 275 13 13
263 277 13 13
284 282 14 14
284 280 14 14
284 283 14 14
284 281 14 14
285 283 14 14
285 284 14 14
285 281 14 14
285 282 14 14
286 281 14 14
286 285 14 14
286 282 14 14
286 280 14 14
287 282 14 14
287 284 14 14
287 283 14 14
287 286 14 14
288 281 14 14
288 283 14 14
288 285 14 14
288 287 14 14
289 288 14 14
289 281 14 14
289 285 14 14
289 286 14 14
290 284 14 14
290 289 14 14
290 283 14 14
290 287 14 14
291 283 14 14
291 281 14 14
291 290 14 14
291 287 14 14
292 288 14 14
292 285 14 14
292 280 14 14
292 291 14 14
293 292 14 14
293 290 14 14
293 288 14 14
293 286 14 14
294 291 14 14
294 292 14 14
294 281 14 14
294 293 14 14
295 286 14 14
295 285 14 14
295 293 14 14
295 292 14 14
296 295 14 14
296 280 14 14
296 286 14 14
296 283 14 14
297 290 14 14
297 296 14 14
297 286 14 14
297 284 14 14
298 286 14 14
298 281 14 14
298 293 14 14
298 285 14 14
299 285 14 14
299 284 14 14
299 280 14 14
299 283 14 14
280 297 14 14
280 293 14 14
280 287 14 14
280 290 14 14
281 295 14 14
281 293 14 14
281 287 14 14
281 290 14 14
282 289 14 14
282 296 14 14
282 298 14 14
282 293 14 14
283 297 14 14
283 292 14 14
283 293 14 14
283 286 14 14
304 302 15 15
304 301 15 15
304 300 15 15
304 303 15 15
305 301 15 15
305 300 15 15
305 304 15 15
305 302 15 15
306 304 15 15
306 300 15 15
306 301 15 15
306 302 15 15
307 300 15 15
307 301 15 15
307 305 15 15
307 302 15 15
308 300 15 15
308 305 15 15
308 301 15 15
308 303 15 15
309 305 15 15
309 308 15 15
309 300 15 15
309 303 15 15
310 301 15 15
310 302 15 15
310 307 15 15
310 306 15 15
311 306 15 15
311 310 15 15
311 309 15 15
311 305 15 15
312 305 15 15
312 309 15 15
312 306 15 15
312 307 15 15
313 303 15 15
313 307 15 15
313 309 15 15
313 300 15 15
314 302 15 15
314 303 15 15
314 306 15 15
314 310 15 15
315 303 15 15
315 310 15 15
315 307 15 15
315 314 15 15
316 302 15 15
316 311 15 15
316 315 15 15
316 314 15 15
317 300 15 15
317 313 15 15
317 301 15 15
317 304 15 15
318 301 15 15
318 302 15 15
318 304 15 15
318 310 15 15
319 315 15 15
319 306 15 15
319 302 15 15
319 300 15 15
300 318 15 15
300 315 15 15
300 314 15 15
300 316 15 15
301 315 15 15
301 314 15 15
301 319 15 15
301 316 15 15
302 308 15 15
302 315 15 15
302 309 15 15
302 312 15 15
303 307 15 15
303 319 15 15
303 310 15 15
303 306 15 15
85 12 4 0
88 58 4 2
88 27 4 1
98 60 4 3
108 92 5 4
111 12 5 0
100 66 5 3
116 31 5 1
130 52 6 2
132 38 6 1
122 16 6 0
123 68 6 3
152 132 7 6
158 106 7 5
145 21 7 1
155 67 7 3
163 70 8 3
177 140 8 7
170 105 8 5
178 30 8 1
181 176 9 8
198 64 9 3
199 113 9 5
191 9 9 0
201 192 10 9
203 22 10 1
219 110 10 5
208 89 10 4
228 60 11 3
227 38 11 1
231 155 11 7
231 166 11 8
249 212 12 10
246 126 12 6
245 34 12 1
245 62 12 3
279 219 13 10
275 25 13 1
266 8 13 0
267 87 13 4
281 84 14 4
297 43 14 2
290 266 14 13
288 132 14 6
316 222 15 11
302 177 15 8
316 110 15 5
305 22 15 1
5 234 0 11
0 289 0 14
11 160 0 8
0 318 0 15
39 191 1 9
27 295 1 14
40 104 2 5
41 140 2 7
59 236 2 11
59 273 2 13
72 304 3 15
60 205 3 10
71 295 3 14
68 270 3 13
