swNum = 320
edgeNum = 1344

0 0
1 0
2 0
3 0
4 0
5 0
6 0
7 0
8 0
9 0
10 0
11 0
12 0
13 0
14 0
15 0
16 0
17 0
18 0
19 0
20 1
21 1
22 1
23 1
24 1
25 1
26 1
27 1
28 1
29 1
30 1
31 1
32 1
33 1
34 1
35 1
36 1
37 1
38 1
39 1
40 2
41 2
42 2
43 2
44 2
45 2
46 2
47 2
48 2
49 2
50 2
51 2
52 2
53 2
54 2
55 2
56 2
57 2
58 2
59 2
60 3
61 3
62 3
63 3
64 3
65 3
66 3
67 3
68 3
69 3
70 3
71 3
72 3
73 3
74 3
75 3
76 3
77 3
78 3
79 3
80 4
81 4
82 4
83 4
84 4
85 4
86 4
87 4
88 4
89 4
90 4
91 4
92 4
93 4
94 4
95 4
96 4
97 4
98 4
99 4
100 5
101 5
102 5
103 5
104 5
105 5
106 5
107 5
108 5
109 5
110 5
111 5
112 5
113 5
114 5
115 5
116 5
117 5
118 5
119 5
120 6
121 6
122 6
123 6
124 6
125 6
126 6
127 6
128 6
129 6
130 6
131 6
132 6
133 6
134 6
135 6
136 6
137 6
138 6
139 6
140 7
141 7
142 7
143 7
144 7
145 7
146 7
147 7
148 7
149 7
150 7
151 7
152 7
153 7
154 7
155 7
156 7
157 7
158 7
159 7
160 8
161 8
162 8
163 8
164 8
165 8
166 8
167 8
168 8
169 8
170 8
171 8
172 8
173 8
174 8
175 8
176 8
177 8
178 8
179 8
180 9
181 9
182 9
183 9
184 9
185 9
186 9
187 9
188 9
189 9
190 9
191 9
192 9
193 9
194 9
195 9
196 9
197 9
198 9
199 9
200 10
201 10
202 10
203 10
204 10
205 10
206 10
207 10
208 10
209 10
210 10
211 10
212 10
213 10
214 10
215 10
216 10
217 10
218 10
219 10
220 11
221 11
222 11
223 11
224 11
225 11
226 11
227 11
228 11
229 11
230 11
231 11
232 11
233 11
234 11
235 11
236 11
237 11
238 11
239 11
240 12
241 12
242 12
243 12
244 12
245 12
246 12
247 12
248 12
249 12
250 12
251 12
252 12
253 12
254 12
255 12
256 12
257 12
258 12
259 12
260 13
261 13
262 13
263 13
264 13
265 13
266 13
267 13
268 13
269 13
270 13
271 13
272 13
273 13
274 13
275 13
276 13
277 13
278 13
279 13
280 14
281 14
282 14
283 14
284 14
285 14
286 14
287 14
288 14
289 14
290 14
291 14
292 14
293 14
294 14
295 14
296 14
297 14
298 14
299 14
300 15
301 15
302 15
303 15
304 15
305 15
306 15
307 15
308 15
309 15
310 15
311 15
312 15
313 15
314 15
315 15
316 15
317 15
318 15
319 15

4 2 0 0
4 1 0 0
4 3 0 0
4 0 0 0
5 4 0 0
5 2 0 0
5 3 0 0
5 1 0 0
6 3 0 0
6 2 0 0
6 0 0 0
6 4 0 0
7 4 0 0
7 5 0 0
7 3 0 0
7 6 0 0
8 7 0 0
8 2 0 0
8 3 0 0
8 4 0 0
9 0 0 0
9 8 0 0
9 2 0 0
9 6 0 0
10 1 0 0
10 6 0 0
10 8 0 0
10 7 0 0
11 10 0 0
11 6 0 0
11 1 0 0
11 3 0 0
12 6 0 0
12 7 0 0
12 8 0 0
12 10 0 0
13 4 0 0
13 12 0 0
13 7 0 0
13 8 0 0
14 4 0 0
14 12 0 0
14 7 0 0
14 1 0 0
15 13 0 0
15 12 0 0
15 4 0 0
15 7 0 0
16 12 0 0
16 11 0 0
16 9 0 0
16 3 0 0
17 5 0 0
17 8 0 0
17 2 0 0
17 12 0 0
18 8 0 0
18 16 0 0
18 17 0 0
18 11 0 0
19 16 0 0
19 7 0 0
19 5 0 0
19 4 0 0
0 17 0 0
0 16 0 0
0 18 0 0
0 8 0 0
1 13 0 0
1 9 0 0
1 7 0 0
1 6 0 0
2 15 0 0
2 14 0 0
2 7 0 0
2 13 0 0
3 9 0 0
3 15 0 0
3 10 0 0
3 13 0 0
24 23 1 1
24 22 1 1
24 21 1 1
24 20 1 1
25 20 1 1
25 24 1 1
25 23 1 1
25 22 1 1
26 25 1 1
26 21 1 1
26 23 1 1
26 22 1 1
27 26 1 1
27 24 1 1
27 23 1 1
27 20 1 1
28 27 1 1
28 21 1 1
28 20 1 1
28 24 1 1
29 24 1 1
29 26 1 1
29 21 1 1
29 25 1 1
30 21 1 1
30 23 1 1
30 29 1 1
30 25 1 1
31 21 1 1
31 23 1 1
31 30 1 1
31 20 1 1
32 21 1 1
32 26 1 1
32 24 1 1
32 23 1 1
33 22 1 1
33 30 1 1
33 20 1 1
33 26 1 1
34 32 1 1
34 23 1 1
34 28 1 1
34 25 1 1
35 30 1 1
35 21 1 1
35 31 1 1
35 33 1 1
36 26 1 1
36 20 1 1
36 23 1 1
36 34 1 1
37 21 1 1
37 31 1 1
37 26 1 1
37 36 1 1
38 20 1 1
38 21 1 1
38 22 1 1
38 23 1 1
39 28 1 1
39 24 1 1
39 36 1 1
39 26 1 1
20 32 1 1
20 29 1 1
20 34 1 1
20 35 1 1
21 33 1 1
21 36 1 1
21 25 1 1
21 34 1 1
22 37 1 1
22 31 1 1
22 36 1 1
22 30 1 1
23 39 1 1
23 33 1 1
23 28 1 1
23 29 1 1
44 40 2 2
44 42 2 2
44 43 2 2
44 41 2 2
45 41 2 2
45 44 2 2
45 40 2 2
45 42 2 2
46 40 2 2
46 44 2 2
46 42 2 2
46 43 2 2
47 46 2 2
47 41 2 2
47 43 2 2
47 40 2 2
48 41 2 2
48 40 2 2
48 45 2 2
48 43 2 2
49 40 2 2
49 44 2 2
49 47 2 2
49 46 2 2
50 43 2 2
50 44 2 2
50 47 2 2
50 40 2 2
51 46 2 2
51 44 2 2
51 40 2 2
51 45 2 2
52 42 2 2
52 43 2 2
52 41 2 2
52 45 2 2
53 45 2 2
53 51 2 2
53 52 2 2
53 42 2 2
54 41 2 2
54 53 2 2
54 40 2 2
54 48 2 2
55 49 2 2
55 40 2 2
55 48 2 2
55 43 2 2
56 50 2 2
56 41 2 2
56 53 2 2
56 40 2 2
57 46 2 2
57 55 2 2
57 42 2 2
57 50 2 2
58 53 2 2
58 47 2 2
58 46 2 2
58 57 2 2
59 53 2 2
59 57 2 2
59 55 2 2
59 49 2 2
40 52 2 2
40 58 2 2
40 59 2 2
40 53 2 2
41 51 2 2
41 58 2 2
41 55 2 2
41 46 2 2
42 55 2 2
42 47 2 2
42 54 2 2
42 48 2 2
43 57 2 2
43 59 2 2
43 56 2 2
43 53 2 2
64 62 3 3
64 61 3 3
64 60 3 3
64 63 3 3
65 60 3 3
65 64 3 3
65 61 3 3
65 62 3 3
66 63 3 3
66 62 3 3
66 61 3 3
66 64 3 3
67 64 3 3
67 66 3 3
67 61 3 3
67 63 3 3
68 66 3 3
68 64 3 3
68 63 3 3
68 62 3 3
69 62 3 3
69 63 3 3
69 68 3 3
69 64 3 3
70 67 3 3
70 64 3 3
70 62 3 3
70 69 3 3
71 64 3 3
71 67 3 3
71 70 3 3
71 63 3 3
72 68 3 3
72 65 3 3
72 69 3 3
72 66 3 3
73 64 3 3
73 68 3 3
73 69 3 3
73 66 3 3
74 72 3 3
74 64 3 3
74 68 3 3
74 71 3 3
75 62 3 3
75 64 3 3
75 73 3 3
75 65 3 3
76 68 3 3
76 64 3 3
76 73 3 3
76 65 3 3
77 61 3 3
77 76 3 3
77 64 3 3
77 60 3 3
78 63 3 3
78 73 3 3
78 65 3 3
78 74 3 3
79 65 3 3
79 77 3 3
79 64 3 3
79 74 3 3
60 78 3 3
60 79 3 3
60 66 3 3
60 67 3 3
61 71 3 3
61 68 3 3
61 69 3 3
61 70 3 3
62 73 3 3
62 67 3 3
62 77 3 3
62 71 3 3
63 73 3 3
63 76 3 3
63 77 3 3
63 70 3 3
84 80 4 4
84 81 4 4
84 83 4 4
84 82 4 4
85 81 4 4
85 84 4 4
85 82 4 4
85 83 4 4
86 84 4 4
86 81 4 4
86 80 4 4
86 83 4 4
87 81 4 4
87 86 4 4
87 83 4 4
87 84 4 4
88 87 4 4
88 83 4 4
88 81 4 4
88 82 4 4
89 82 4 4
89 81 4 4
89 87 4 4
89 88 4 4
90 88 4 4
90 85 4 4
90 89 4 4
90 83 4 4
91 85 4 4
91 90 4 4
91 87 4 4
91 88 4 4
92 90 4 4
92 82 4 4
92 87 4 4
92 89 4 4
93 83 4 4
93 80 4 4
93 82 4 4
93 92 4 4
94 81 4 4
94 90 4 4
94 87 4 4
94 88 4 4
95 84 4 4
95 86 4 4
95 88 4 4
95 87 4 4
96 88 4 4
96 89 4 4
96 84 4 4
96 80 4 4
97 93 4 4
97 80 4 4
97 88 4 4
97 89 4 4
98 96 4 4
98 85 4 4
98 81 4 4
98 88 4 4
99 83 4 4
99 93 4 4
99 90 4 4
99 96 4 4
80 91 4 4
80 92 4 4
80 94 4 4
80 98 4 4
81 90 4 4
81 95 4 4
81 97 4 4
81 92 4 4
82 96 4 4
82 86 4 4
82 97 4 4
82 90 4 4
83 98 4 4
83 96 4 4
83 94 4 4
83 89 4 4
104 102 5 5
104 103 5 5
104 101 5 5
104 100 5 5
105 102 5 5
105 104 5 5
105 101 5 5
105 100 5 5
106 105 5 5
106 104 5 5
106 102 5 5
106 101 5 5
107 103 5 5
107 100 5 5
107 102 5 5
107 106 5 5
108 102 5 5
108 106 5 5
108 107 5 5
108 100 5 5
109 100 5 5
109 101 5 5
109 106 5 5
109 102 5 5
110 108 5 5
110 104 5 5
110 109 5 5
110 105 5 5
111 102 5 5
111 107 5 5
111 110 5 5
111 109 5 5
112 105 5 5
112 100 5 5
112 101 5 5
112 102 5 5
113 102 5 5
113 106 5 5
113 107 5 5
113 105 5 5
114 109 5 5
114 112 5 5
114 102 5 5
114 111 5 5
115 108 5 5
115 109 5 5
115 112 5 5
115 114 5 5
116 101 5 5
116 100 5 5
116 115 5 5
116 108 5 5
117 109 5 5
117 114 5 5
117 111 5 5
117 105 5 5
118 111 5 5
118 102 5 5
118 101 5 5
118 108 5 5
119 111 5 5
119 112 5 5
119 114 5 5
119 107 5 5
100 115 5 5
100 111 5 5
100 117 5 5
100 119 5 5
101 107 5 5
101 110 5 5
101 111 5 5
101 115 5 5
102 115 5 5
102 119 5 5
102 117 5 5
102 110 5 5
103 118 5 5
103 106 5 5
103 119 5 5
103 114 5 5
124 121 6 6
124 122 6 6
124 120 6 6
124 123 6 6
125 120 6 6
125 124 6 6
125 122 6 6
125 121 6 6
126 124 6 6
126 125 6 6
126 122 6 6
126 120 6 6
127 126 6 6
127 124 6 6
127 121 6 6
127 122 6 6
128 121 6 6
128 122 6 6
128 127 6 6
128 123 6 6
129 123 6 6
129 125 6 6
129 120 6 6
129 122 6 6
130 126 6 6
130 124 6 6
130 120 6 6
130 121 6 6
131 120 6 6
131 123 6 6
131 124 6 6
131 129 6 6
132 130 6 6
132 120 6 6
132 123 6 6
132 129 6 6
133 131 6 6
133 127 6 6
133 123 6 6
133 120 6 6
134 123 6 6
134 121 6 6
134 126 6 6
134 130 6 6
135 125 6 6
135 120 6 6
135 123 6 6
135 129 6 6
136 132 6 6
136 126 6 6
136 130 6 6
136 121 6 6
137 122 6 6
137 128 6 6
137 126 6 6
137 121 6 6
138 132 6 6
138 135 6 6
138 131 6 6
138 124 6 6
139 127 6 6
139 125 6 6
139 138 6 6
139 134 6 6
120 139 6 6
120 128 6 6
120 136 6 6
120 138 6 6
121 138 6 6
121 126 6 6
121 131 6 6
121 133 6 6
122 130 6 6
122 138 6 6
122 131 6 6
122 134 6 6
123 127 6 6
123 130 6 6
123 138 6 6
123 139 6 6
144 142 7 7
144 143 7 7
144 140 7 7
144 141 7 7
145 144 7 7
145 141 7 7
145 142 7 7
145 143 7 7
146 140 7 7
146 143 7 7
146 144 7 7
146 145 7 7
147 141 7 7
147 140 7 7
147 143 7 7
147 144 7 7
148 147 7 7
148 142 7 7
148 141 7 7
148 145 7 7
149 147 7 7
149 144 7 7
149 148 7 7
149 145 7 7
150 142 7 7
150 141 7 7
150 148 7 7
150 145 7 7
151 144 7 7
151 147 7 7
151 146 7 7
151 150 7 7
152 143 7 7
152 144 7 7
152 145 7 7
152 149 7 7
153 140 7 7
153 142 7 7
153 148 7 7
153 146 7 7
154 146 7 7
154 151 7 7
154 141 7 7
154 148 7 7
155 153 7 7
155 144 7 7
155 145 7 7
155 150 7 7
156 141 7 7
156 148 7 7
156 154 7 7
156 151 7 7
157 147 7 7
157 150 7 7
157 155 7 7
157 142 7 7
158 143 7 7
158 156 7 7
158 150 7 7
158 154 7 7
159 140 7 7
159 155 7 7
159 146 7 7
159 141 7 7
140 155 7 7
140 156 7 7
140 150 7 7
140 151 7 7
141 151 7 7
141 146 7 7
141 158 7 7
141 152 7 7
142 159 7 7
142 152 7 7
142 158 7 7
142 149 7 7
143 155 7 7
143 151 7 7
143 149 7 7
143 153 7 7
164 163 8 8
164 160 8 8
164 161 8 8
164 162 8 8
165 161 8 8
165 164 8 8
165 163 8 8
165 162 8 8
166 165 8 8
166 162 8 8
166 161 8 8
166 160 8 8
167 161 8 8
167 165 8 8
167 164 8 8
167 160 8 8
168 164 8 8
168 166 8 8
168 161 8 8
168 163 8 8
169 162 8 8
169 168 8 8
169 167 8 8
169 164 8 8
170 167 8 8
170 160 8 8
170 169 8 8
170 168 8 8
171 160 8 8
171 169 8 8
171 164 8 8
171 170 8 8
172 164 8 8
172 169 8 8
172 165 8 8
172 160 8 8
173 172 8 8
173 160 8 8
173 171 8 8
173 164 8 8
174 164 8 8
174 165 8 8
174 163 8 8
174 172 8 8
175 162 8 8
175 161 8 8
175 171 8 8
175 172 8 8
176 175 8 8
176 166 8 8
176 163 8 8
176 165 8 8
177 174 8 8
177 160 8 8
177 167 8 8
177 173 8 8
178 171 8 8
178 166 8 8
178 173 8 8
178 174 8 8
179 164 8 8
179 171 8 8
179 173 8 8
179 168 8 8
160 178 8 8
160 174 8 8
160 168 8 8
160 179 8 8
161 172 8 8
161 178 8 8
161 169 8 8
161 179 8 8
162 173 8 8
162 176 8 8
162 174 8 8
162 178 8 8
163 178 8 8
163 173 8 8
163 172 8 8
163 177 8 8
184 182 9 9
184 181 9 9
184 180 9 9
184 183 9 9
185 181 9 9
185 183 9 9
185 184 9 9
185 182 9 9
186 185 9 9
186 181 9 9
186 183 9 9
186 182 9 9
187 180 9 9
187 181 9 9
187 182 9 9
187 183 9 9
188 187 9 9
188 181 9 9
188 183 9 9
188 185 9 9
189 180 9 9
189 185 9 9
189 188 9 9
189 182 9 9
190 187 9 9
190 183 9 9
190 181 9 9
190 188 9 9
191 181 9 9
191 183 9 9
191 180 9 9
191 190 9 9
192 191 9 9
192 184 9 9
192 188 9 9
192 182 9 9
193 186 9 9
193 184 9 9
193 191 9 9
193 192 9 9
194 193 9 9
194 192 9 9
194 186 9 9
194 190 9 9
195 183 9 9
195 194 9 9
195 186 9 9
195 182 9 9
196 184 9 9
196 189 9 9
196 183 9 9
196 188 9 9
197 196 9 9
197 184 9 9
197 192 9 9
197 194 9 9
198 185 9 9
198 196 9 9
198 189 9 9
198 186 9 9
199 193 9 9
199 180 9 9
199 181 9 9
199 182 9 9
180 196 9 9
180 193 9 9
180 194 9 9
180 185 9 9
181 189 9 9
181 192 9 9
181 196 9 9
181 198 9 9
182 194 9 9
182 193 9 9
182 188 9 9
182 197 9 9
183 198 9 9
183 193 9 9
183 189 9 9
183 199 9 9
204 201 10 10
204 203 10 10
204 202 10 10
204 200 10 10
205 202 10 10
205 200 10 10
205 201 10 10
205 203 10 10
206 201 10 10
206 202 10 10
206 204 10 10
206 200 10 10
207 202 10 10
207 206 10 10
207 204 10 10
207 200 10 10
208 206 10 10
208 205 10 10
208 201 10 10
208 202 10 10
209 201 10 10
209 208 10 10
209 206 10 10
209 200 10 10
210 200 10 10
210 206 10 10
210 204 10 10
210 208 10 10
211 206 10 10
211 210 10 10
211 207 10 10
211 209 10 10
212 209 10 10
212 207 10 10
212 203 10 10
212 204 10 10
213 203 10 10
213 202 10 10
213 212 10 10
213 211 10 10
214 209 10 10
214 200 10 10
214 206 10 10
214 201 10 10
215 209 10 10
215 201 10 10
215 202 10 10
215 214 10 10
216 207 10 10
216 214 10 10
216 206 10 10
216 202 10 10
217 207 10 10
217 211 10 10
217 212 10 10
217 206 10 10
218 202 10 10
218 205 10 10
218 200 10 10
218 214 10 10
219 212 10 10
219 205 10 10
219 206 10 10
219 204 10 10
200 217 10 10
200 211 10 10
200 215 10 10
200 216 10 10
201 213 10 10
201 218 10 10
201 216 10 10
201 217 10 10
202 212 10 10
202 210 10 10
202 217 10 10
202 219 10 10
203 216 10 10
203 215 10 10
203 211 10 10
203 210 10 10
224 223 11 11
224 222 11 11
224 220 11 11
224 221 11 11
225 224 11 11
225 221 11 11
225 223 11 11
225 222 11 11
226 222 11 11
226 221 11 11
226 225 11 11
226 223 11 11
227 223 11 11
227 222 11 11
227 226 11 11
227 221 11 11
228 221 11 11
228 222 11 11
228 220 11 11
228 227 11 11
229 226 11 11
229 223 11 11
229 224 11 11
229 227 11 11
230 228 11 11
230 226 11 11
230 223 11 11
230 225 11 11
231 223 11 11
231 227 11 11
231 221 11 11
231 222 11 11
232 230 11 11
232 229 11 11
232 226 11 11
232 221 11 11
233 226 11 11
233 224 11 11
233 223 11 11
233 221 11 11
234 226 11 11
234 228 11 11
234 233 11 11
234 221 11 11
235 227 11 11
235 229 11 11
235 231 11 11
235 222 11 11
236 227 11 11
236 233 11 11
236 226 11 11
236 223 11 11
237 227 11 11
237 222 11 11
237 236 11 11
237 228 11 11
238 230 11 11
238 232 11 11
238 234 11 11
238 236 11 11
239 233 11 11
239 238 11 11
239 225 11 11
239 226 11 11
220 229 11 11
220 227 11 11
220 226 11 11
220 234 11 11
221 237 11 11
221 238 11 11
221 229 11 11
221 235 11 11
222 234 11 11
222 229 11 11
222 238 11 11
222 232 11 11
223 232 11 11
223 239 11 11
223 238 11 11
223 235 11 11
244 242 12 12
244 241 12 12
244 243 12 12
244 240 12 12
245 242 12 12
245 243 12 12
245 241 12 12
245 240 12 12
246 244 12 12
246 245 12 12
246 242 12 12
246 243 12 12
247 242 12 12
247 246 12 12
247 244 12 12
247 245 12 12
248 243 12 12
248 241 12 12
248 244 12 12
248 247 12 12
249 243 12 12
249 241 12 12
249 246 12 12
249 247 12 12
250 242 12 12
250 241 12 12
250 248 12 12
250 240 12 12
251 242 12 12
251 240 12 12
251 246 12 12
251 243 12 12
252 247 12 12
252 249 12 12
252 250 12 12
252 246 12 12
253 246 12 12
253 244 12 12
253 248 12 12
253 252 12 12
254 252 12 12
254 245 12 12
254 248 12 12
254 250 12 12
255 252 12 12
255 247 12 12
255 250 12 12
255 251 12 12
256 242 12 12
256 249 12 12
256 241 12 12
256 250 12 12
257 244 12 12
257 254 12 12
257 253 12 12
257 242 12 12
258 246 12 12
258 253 12 12
258 247 12 12
258 256 12 12
259 244 12 12
259 245 12 12
259 256 12 12
259 241 12 12
240 249 12 12
240 253 12 12
240 254 12 12
240 252 12 12
241 252 12 12
241 251 12 12
241 258 12 12
241 253 12 12
242 252 12 12
242 255 12 12
242 249 12 12
242 253 12 12
243 253 12 12
243 256 12 12
243 250 12 12
243 252 12 12
264 260 13 13
264 262 13 13
264 263 13 13
264 261 13 13
265 263 13 13
265 261 13 13
265 264 13 13
265 262 13 13
266 263 13 13
266 261 13 13
266 265 13 13
266 264 13 13
267 265 13 13
267 261 13 13
267 263 13 13
267 264 13 13
268 262 13 13
268 261 13 13
268 263 13 13
268 267 13 13
269 263 13 13
269 265 13 13
269 266 13 13
269 261 13 13
270 265 13 13
270 261 13 13
270 266 13 13
270 262 13 13
271 260 13 13
271 262 13 13
271 261 13 13
271 264 13 13
272 260 13 13
272 264 13 13
272 267 13 13
272 271 13 13
273 263 13 13
273 270 13 13
273 265 13 13
273 267 13 13
274 270 13 13
274 266 13 13
274 267 13 13
274 265 13 13
275 260 13 13
275 270 13 13
275 271 13 13
275 266 13 13
276 263 13 13
276 265 13 13
276 264 13 13
276 261 13 13
277 269 13 13
277 261 13 13
277 276 13 13
277 273 13 13
278 269 13 13
278 263 13 13
278 275 13 13
278 267 13 13
279 266 13 13
279 270 13 13
279 261 13 13
279 275 13 13
260 274 13 13
260 266 13 13
260 267 13 13
260 276 13 13
261 275 13 13
261 274 13 13
261 273 13 13
261 278 13 13
262 267 13 13
262 273 13 13
262 266 13 13
262 269 13 13
263 277 13 13
263 271 13 13
263 274 13 13
263 272 13 13
284 281 14 14
284 280 14 14
284 283 14 14
284 282 14 14
285 283 14 14
285 281 14 14
285 282 14 14
285 280 14 14
286 280 14 14
286 285 14 14
286 283 14 14
286 281 14 14
287 286 14 14
287 281 14 14
287 280 14 14
287 284 14 14
288 280 14 14
288 283 14 14
288 281 14 14
288 282 14 14
289 281 14 14
289 288 14 14
289 283 14 14
289 286 14 14
290 280 14 14
290 286 14 14
290 285 14 14
290 281 14 14
291 289 14 14
291 287 14 14
291 285 14 14
291 284 14 14
292 280 14 14
292 282 14 14
292 283 14 14
292 285 14 14
293 291 14 14
293 292 14 14
293 282 14 14
293 280 14 14
294 290 14 14
294 282 14 14
294 287 14 14
294 280 14 14
295 293 14 14
295 289 14 14
295 291 14 14
295 280 14 14
296 286 14 14
296 287 14 14
296 290 14 14
296 283 14 14
297 281 14 14
297 288 14 14
297 294 14 14
297 283 14 14
298 288 14 14
298 290 14 14
298 282 14 14
298 281 14 14
299 287 14 14
299 286 14 14
299 298 14 14
299 290 14 14
280 291 14 14
280 297 14 14
280 298 14 14
280 289 14 14
281 291 14 14
281 295 14 14
281 293 14 14
281 294 14 14
282 287 14 14
282 291 14 14
282 297 14 14
282 290 14 14
283 294 14 14
283 299 14 14
283 287 14 14
283 298 14 14
304 303 15 15
304 301 15 15
304 300 15 15
304 302 15 15
305 303 15 15
305 304 15 15
305 302 15 15
305 300 15 15
306 303 15 15
306 305 15 15
306 304 15 15
306 301 15 15
307 305 15 15
307 306 15 15
307 304 15 15
307 301 15 15
308 302 15 15
308 306 15 15
308 305 15 15
308 307 15 15
309 301 15 15
309 304 15 15
309 300 15 15
309 303 15 15
310 308 15 15
310 302 15 15
310 305 15 15
310 307 15 15
311 306 15 15
311 303 15 15
311 301 15 15
311 307 15 15
312 306 15 15
312 309 15 15
312 302 15 15
312 308 15 15
313 312 15 15
313 311 15 15
313 305 15 15
313 307 15 15
314 302 15 15
314 311 15 15
314 313 15 15
314 306 15 15
315 302 15 15
315 312 15 15
315 305 15 15
315 310 15 15
316 314 15 15
316 304 15 15
316 306 15 15
316 303 15 15
317 309 15 15
317 312 15 15
317 306 15 15
317 308 15 15
318 308 15 15
318 310 15 15
318 302 15 15
318 315 15 15
319 316 15 15
319 301 15 15
319 307 15 15
319 315 15 15
300 313 15 15
300 307 15 15
300 316 15 15
300 306 15 15
301 308 15 15
301 313 15 15
301 317 15 15
301 312 15 15
302 317 15 15
302 319 15 15
302 313 15 15
302 316 15 15
303 315 15 15
303 317 15 15
303 313 15 15
303 307 15 15
96 33 4 1
82 46 4 2
90 0 4 0
88 65 4 3
109 82 5 4
100 8 5 0
110 32 5 1
115 73 5 3
128 81 6 4
127 110 6 5
121 33 6 1
130 68 6 3
147 13 7 0
152 123 7 6
141 118 7 5
158 22 7 1
174 87 8 4
176 3 8 0
163 130 8 6
174 115 8 5
199 117 9 5
186 179 9 8
184 28 9 1
185 82 9 4
203 80 10 4
215 128 10 6
207 72 10 3
209 40 10 2
221 168 11 8
239 83 11 4
225 154 11 7
221 201 11 10
254 25 12 1
258 179 12 8
255 223 12 11
253 105 12 5
270 196 13 9
263 18 13 0
263 136 13 6
269 231 13 11
293 270 14 13
299 144 14 7
298 231 14 11
292 180 14 9
309 65 15 3
319 49 15 2
303 258 15 12
313 192 15 9
7 128 0 6
4 215 0 10
6 237 0 11
15 182 0 9
38 200 1 10
22 227 1 11
33 170 1 8
23 287 1 14
45 293 2 14
56 272 2 13
56 222 2 11
49 107 2 5
66 257 3 12
60 192 3 9
64 159 3 7
65 260 3 13
