swNum = 320
edgeNum = 1344

0 0
1 0
2 0
3 0
4 0
5 0
6 0
7 0
8 0
9 0
10 0
11 0
12 0
13 0
14 0
15 0
16 0
17 0
18 0
19 0
20 1
21 1
22 1
23 1
24 1
25 1
26 1
27 1
28 1
29 1
30 1
31 1
32 1
33 1
34 1
35 1
36 1
37 1
38 1
39 1
40 2
41 2
42 2
43 2
44 2
45 2
46 2
47 2
48 2
49 2
50 2
51 2
52 2
53 2
54 2
55 2
56 2
57 2
58 2
59 2
60 3
61 3
62 3
63 3
64 3
65 3
66 3
67 3
68 3
69 3
70 3
71 3
72 3
73 3
74 3
75 3
76 3
77 3
78 3
79 3
80 4
81 4
82 4
83 4
84 4
85 4
86 4
87 4
88 4
89 4
90 4
91 4
92 4
93 4
94 4
95 4
96 4
97 4
98 4
99 4
100 5
101 5
102 5
103 5
104 5
105 5
106 5
107 5
108 5
109 5
110 5
111 5
112 5
113 5
114 5
115 5
116 5
117 5
118 5
119 5
120 6
121 6
122 6
123 6
124 6
125 6
126 6
127 6
128 6
129 6
130 6
131 6
132 6
133 6
134 6
135 6
136 6
137 6
138 6
139 6
140 7
141 7
142 7
143 7
144 7
145 7
146 7
147 7
148 7
149 7
150 7
151 7
152 7
153 7
154 7
155 7
156 7
157 7
158 7
159 7
160 8
161 8
162 8
163 8
164 8
165 8
166 8
167 8
168 8
169 8
170 8
171 8
172 8
173 8
174 8
175 8
176 8
177 8
178 8
179 8
180 9
181 9
182 9
183 9
184 9
185 9
186 9
187 9
188 9
189 9
190 9
191 9
192 9
193 9
194 9
195 9
196 9
197 9
198 9
199 9
200 10
201 10
202 10
203 10
204 10
205 10
206 10
207 10
208 10
209 10
210 10
211 10
212 10
213 10
214 10
215 10
216 10
217 10
218 10
219 10
220 11
221 11
222 11
223 11
224 11
225 11
226 11
227 11
228 11
229 11
230 11
231 11
232 11
233 11
234 11
235 11
236 11
237 11
238 11
239 11
240 12
241 12
242 12
243 12
244 12
245 12
246 12
247 12
248 12
249 12
250 12
251 12
252 12
253 12
254 12
255 12
256 12
257 12
258 12
259 12
260 13
261 13
262 13
263 13
264 13
265 13
266 13
267 13
268 13
269 13
270 13
271 13
272 13
273 13
274 13
275 13
276 13
277 13
278 13
279 13
280 14
281 14
282 14
283 14
284 14
285 14
286 14
287 14
288 14
289 14
290 14
291 14
292 14
293 14
294 14
295 14
296 14
297 14
298 14
299 14
300 15
301 15
302 15
303 15
304 15
305 15
306 15
307 15
308 15
309 15
310 15
311 15
312 15
313 15
314 15
315 15
316 15
317 15
318 15
319 15

4 1 0 0
4 0 0 0
4 3 0 0
4 2 0 0
5 3 0 0
5 4 0 0
5 1 0 0
5 2 0 0
6 2 0 0
6 0 0 0
6 5 0 0
6 1 0 0
7 0 0 0
7 1 0 0
7 5 0 0
7 4 0 0
8 3 0 0
8 7 0 0
8 0 0 0
8 5 0 0
9 7 0 0
9 4 0 0
9 1 0 0
9 8 0 0
10 8 0 0
10 6 0 0
10 3 0 0
10 2 0 0
11 5 0 0
11 3 0 0
11 7 0 0
11 1 0 0
12 7 0 0
12 1 0 0
12 3 0 0
12 0 0 0
13 1 0 0
13 5 0 0
13 4 0 0
13 0 0 0
14 6 0 0
14 3 0 0
14 0 0 0
14 4 0 0
15 7 0 0
15 6 0 0
15 1 0 0
15 10 0 0
16 9 0 0
16 3 0 0
16 5 0 0
16 12 0 0
17 9 0 0
17 2 0 0
17 7 0 0
17 15 0 0
18 14 0 0
18 0 0 0
18 5 0 0
18 2 0 0
19 9 0 0
19 13 0 0
19 3 0 0
19 0 0 0
0 16 0 0
0 5 0 0
0 9 0 0
0 11 0 0
1 14 0 0
1 16 0 0
1 18 0 0
1 19 0 0
2 12 0 0
2 14 0 0
2 9 0 0
2 16 0 0
3 17 0 0
3 18 0 0
3 9 0 0
3 6 0 0
24 20 1 1
24 22 1 1
24 21 1 1
24 23 1 1
25 24 1 1
25 21 1 1
25 22 1 1
25 20 1 1
26 23 1 1
26 20 1 1
26 22 1 1
26 21 1 1
27 25 1 1
27 23 1 1
27 24 1 1
27 26 1 1
28 27 1 1
28 22 1 1
28 20 1 1
28 24 1 1
29 28 1 1
29 21 1 1
29 27 1 1
29 25 1 1
30 26 1 1
30 29 1 1
30 24 1 1
30 25 1 1
31 30 1 1
31 21 1 1
31 26 1 1
31 28 1 1
32 23 1 1
32 26 1 1
32 25 1 1
32 27 1 1
33 27 1 1
33 25 1 1
33 20 1 1
33 29 1 1
34 26 1 1
34 29 1 1
34 30 1 1
34 31 1 1
35 29 1 1
35 28 1 1
35 24 1 1
35 20 1 1
36 33 1 1
36 34 1 1
36 23 1 1
36 31 1 1
37 36 1 1
37 33 1 1
37 27 1 1
37 32 1 1
38 23 1 1
38 20 1 1
38 36 1 1
38 32 1 1
39 30 1 1
39 33 1 1
39 27 1 1
39 32 1 1
20 32 1 1
20 39 1 1
20 29 1 1
20 27 1 1
21 27 1 1
21 33 1 1
21 28 1 1
21 37 1 1
22 27 1 1
22 29 1 1
22 31 1 1
22 37 1 1
23 34 1 1
23 35 1 1
23 31 1 1
23 39 1 1
44 43 2 2
44 42 2 2
44 41 2 2
44 40 2 2
45 41 2 2
45 42 2 2
45 40 2 2
45 44 2 2
46 42 2 2
46 40 2 2
46 41 2 2
46 45 2 2
47 45 2 2
47 42 2 2
47 41 2 2
47 40 2 2
48 45 2 2
48 47 2 2
48 41 2 2
48 40 2 2
49 45 2 2
49 43 2 2
49 42 2 2
49 47 2 2
50 47 2 2
50 46 2 2
50 48 2 2
50 45 2 2
51 41 2 2
51 46 2 2
51 49 2 2
51 43 2 2
52 45 2 2
52 44 2 2
52 49 2 2
52 47 2 2
53 41 2 2
53 46 2 2
53 47 2 2
53 45 2 2
54 43 2 2
54 51 2 2
54 49 2 2
54 52 2 2
55 53 2 2
55 43 2 2
55 42 2 2
55 41 2 2
56 55 2 2
56 42 2 2
56 44 2 2
56 52 2 2
57 43 2 2
57 52 2 2
57 49 2 2
57 54 2 2
58 53 2 2
58 51 2 2
58 47 2 2
58 46 2 2
59 55 2 2
59 50 2 2
59 47 2 2
59 40 2 2
40 53 2 2
40 55 2 2
40 50 2 2
40 54 2 2
41 50 2 2
41 57 2 2
41 54 2 2
41 56 2 2
42 54 2 2
42 50 2 2
42 59 2 2
42 48 2 2
43 56 2 2
43 50 2 2
43 47 2 2
43 58 2 2
64 63 3 3
64 62 3 3
64 61 3 3
64 60 3 3
65 60 3 3
65 61 3 3
65 62 3 3
65 64 3 3
66 60 3 3
66 62 3 3
66 61 3 3
66 63 3 3
67 61 3 3
67 62 3 3
67 65 3 3
67 60 3 3
68 67 3 3
68 64 3 3
68 63 3 3
68 65 3 3
69 60 3 3
69 62 3 3
69 65 3 3
69 66 3 3
70 69 3 3
70 62 3 3
70 65 3 3
70 68 3 3
71 67 3 3
71 61 3 3
71 69 3 3
71 64 3 3
72 67 3 3
72 69 3 3
72 62 3 3
72 61 3 3
73 68 3 3
73 65 3 3
73 70 3 3
73 63 3 3
74 64 3 3
74 63 3 3
74 73 3 3
74 70 3 3
75 64 3 3
75 63 3 3
75 71 3 3
75 69 3 3
76 66 3 3
76 64 3 3
76 62 3 3
76 60 3 3
77 62 3 3
77 67 3 3
77 75 3 3
77 71 3 3
78 62 3 3
78 74 3 3
78 67 3 3
78 72 3 3
79 65 3 3
79 71 3 3
79 78 3 3
79 62 3 3
60 68 3 3
60 72 3 3
60 77 3 3
60 79 3 3
61 79 3 3
61 77 3 3
61 78 3 3
61 69 3 3
62 71 3 3
62 68 3 3
62 74 3 3
62 73 3 3
63 78 3 3
63 70 3 3
63 77 3 3
63 65 3 3
84 83 4 4
84 81 4 4
84 80 4 4
84 82 4 4
85 81 4 4
85 80 4 4
85 83 4 4
85 84 4 4
86 85 4 4
86 82 4 4
86 83 4 4
86 81 4 4
87 81 4 4
87 86 4 4
87 83 4 4
87 82 4 4
88 80 4 4
88 84 4 4
88 82 4 4
88 85 4 4
89 86 4 4
89 82 4 4
89 85 4 4
89 83 4 4
90 89 4 4
90 86 4 4
90 82 4 4
90 83 4 4
91 82 4 4
91 86 4 4
91 85 4 4
91 89 4 4
92 85 4 4
92 83 4 4
92 84 4 4
92 91 4 4
93 82 4 4
93 86 4 4
93 84 4 4
93 81 4 4
94 87 4 4
94 93 4 4
94 92 4 4
94 84 4 4
95 92 4 4
95 87 4 4
95 93 4 4
95 88 4 4
96 90 4 4
96 81 4 4
96 95 4 4
96 86 4 4
97 85 4 4
97 84 4 4
97 86 4 4
97 82 4 4
98 94 4 4
98 93 4 4
98 96 4 4
98 87 4 4
99 82 4 4
99 84 4 4
99 88 4 4
99 97 4 4
80 99 4 4
80 86 4 4
80 92 4 4
80 97 4 4
81 95 4 4
81 98 4 4
81 92 4 4
81 94 4 4
82 95 4 4
82 85 4 4
82 94 4 4
82 98 4 4
83 91 4 4
83 96 4 4
83 98 4 4
83 94 4 4
104 100 5 5
104 101 5 5
104 103 5 5
104 102 5 5
105 103 5 5
105 102 5 5
105 100 5 5
105 104 5 5
106 103 5 5
106 104 5 5
106 100 5 5
106 105 5 5
107 103 5 5
107 106 5 5
107 101 5 5
107 104 5 5
108 106 5 5
108 103 5 5
108 101 5 5
108 107 5 5
109 107 5 5
109 101 5 5
109 103 5 5
109 104 5 5
110 106 5 5
110 108 5 5
110 100 5 5
110 102 5 5
111 103 5 5
111 110 5 5
111 109 5 5
111 104 5 5
112 108 5 5
112 104 5 5
112 110 5 5
112 107 5 5
113 109 5 5
113 103 5 5
113 106 5 5
113 100 5 5
114 113 5 5
114 109 5 5
114 105 5 5
114 100 5 5
115 101 5 5
115 111 5 5
115 104 5 5
115 103 5 5
116 107 5 5
116 110 5 5
116 103 5 5
116 101 5 5
117 115 5 5
117 111 5 5
117 101 5 5
117 104 5 5
118 113 5 5
118 110 5 5
118 102 5 5
118 105 5 5
119 108 5 5
119 117 5 5
119 105 5 5
119 112 5 5
100 108 5 5
100 109 5 5
100 107 5 5
100 111 5 5
101 111 5 5
101 106 5 5
101 110 5 5
101 113 5 5
102 112 5 5
102 114 5 5
102 108 5 5
102 111 5 5
103 119 5 5
103 110 5 5
103 118 5 5
103 117 5 5
124 122 6 6
124 123 6 6
124 121 6 6
124 120 6 6
125 122 6 6
125 121 6 6
125 123 6 6
125 124 6 6
126 124 6 6
126 121 6 6
126 123 6 6
126 122 6 6
127 123 6 6
127 125 6 6
127 120 6 6
127 124 6 6
128 123 6 6
128 127 6 6
128 124 6 6
128 120 6 6
129 127 6 6
129 124 6 6
129 120 6 6
129 128 6 6
130 125 6 6
130 120 6 6
130 128 6 6
130 122 6 6
131 129 6 6
131 120 6 6
131 127 6 6
131 123 6 6
132 129 6 6
132 120 6 6
132 125 6 6
132 128 6 6
133 132 6 6
133 124 6 6
133 131 6 6
133 130 6 6
134 124 6 6
134 126 6 6
134 122 6 6
134 123 6 6
135 125 6 6
135 124 6 6
135 132 6 6
135 123 6 6
136 132 6 6
136 128 6 6
136 124 6 6
136 123 6 6
137 129 6 6
137 123 6 6
137 127 6 6
137 124 6 6
138 124 6 6
138 125 6 6
138 135 6 6
138 122 6 6
139 123 6 6
139 131 6 6
139 137 6 6
139 122 6 6
120 135 6 6
120 136 6 6
120 137 6 6
120 125 6 6
121 134 6 6
121 137 6 6
121 136 6 6
121 139 6 6
122 135 6 6
122 133 6 6
122 129 6 6
122 128 6 6
123 138 6 6
123 133 6 6
123 130 6 6
123 129 6 6
144 140 7 7
144 143 7 7
144 141 7 7
144 142 7 7
145 143 7 7
145 142 7 7
145 141 7 7
145 140 7 7
146 143 7 7
146 140 7 7
146 144 7 7
146 141 7 7
147 141 7 7
147 144 7 7
147 140 7 7
147 143 7 7
148 143 7 7
148 147 7 7
148 144 7 7
148 141 7 7
149 140 7 7
149 143 7 7
149 144 7 7
149 146 7 7
150 143 7 7
150 149 7 7
150 147 7 7
150 140 7 7
151 141 7 7
151 149 7 7
151 144 7 7
151 143 7 7
152 144 7 7
152 151 7 7
152 146 7 7
152 147 7 7
153 144 7 7
153 140 7 7
153 146 7 7
153 150 7 7
154 140 7 7
154 151 7 7
154 147 7 7
154 142 7 7
155 150 7 7
155 141 7 7
155 151 7 7
155 148 7 7
156 154 7 7
156 141 7 7
156 148 7 7
156 143 7 7
157 148 7 7
157 152 7 7
157 143 7 7
157 149 7 7
158 150 7 7
158 142 7 7
158 140 7 7
158 149 7 7
159 152 7 7
159 143 7 7
159 146 7 7
159 150 7 7
140 157 7 7
140 159 7 7
140 152 7 7
140 148 7 7
141 153 7 7
141 158 7 7
141 154 7 7
141 157 7 7
142 151 7 7
142 147 7 7
142 156 7 7
142 148 7 7
143 154 7 7
143 152 7 7
143 155 7 7
143 153 7 7
164 162 8 8
164 163 8 8
164 161 8 8
164 160 8 8
165 163 8 8
165 162 8 8
165 164 8 8
165 160 8 8
166 163 8 8
166 161 8 8
166 165 8 8
166 160 8 8
167 166 8 8
167 162 8 8
167 160 8 8
167 165 8 8
168 166 8 8
168 161 8 8
168 163 8 8
168 160 8 8
169 168 8 8
169 162 8 8
169 165 8 8
169 164 8 8
170 163 8 8
170 161 8 8
170 164 8 8
170 168 8 8
171 170 8 8
171 166 8 8
171 168 8 8
171 164 8 8
172 167 8 8
172 162 8 8
172 164 8 8
172 160 8 8
173 165 8 8
173 166 8 8
173 164 8 8
173 171 8 8
174 169 8 8
174 165 8 8
174 166 8 8
174 167 8 8
175 164 8 8
175 173 8 8
175 167 8 8
175 166 8 8
176 164 8 8
176 160 8 8
176 161 8 8
176 165 8 8
177 162 8 8
177 167 8 8
177 169 8 8
177 166 8 8
178 175 8 8
178 164 8 8
178 166 8 8
178 168 8 8
179 171 8 8
179 164 8 8
179 174 8 8
179 160 8 8
160 171 8 8
160 177 8 8
160 173 8 8
160 170 8 8
161 165 8 8
161 172 8 8
161 167 8 8
161 171 8 8
162 171 8 8
162 176 8 8
162 173 8 8
162 178 8 8
163 176 8 8
163 178 8 8
163 173 8 8
163 171 8 8
184 180 9 9
184 182 9 9
184 183 9 9
184 181 9 9
185 184 9 9
185 181 9 9
185 180 9 9
185 183 9 9
186 183 9 9
186 182 9 9
186 180 9 9
186 185 9 9
187 182 9 9
187 186 9 9
187 180 9 9
187 183 9 9
188 181 9 9
188 183 9 9
188 184 9 9
188 180 9 9
189 181 9 9
189 188 9 9
189 184 9 9
189 187 9 9
190 181 9 9
190 185 9 9
190 189 9 9
190 188 9 9
191 190 9 9
191 184 9 9
191 189 9 9
191 186 9 9
192 188 9 9
192 184 9 9
192 181 9 9
192 191 9 9
193 183 9 9
193 192 9 9
193 188 9 9
193 184 9 9
194 189 9 9
194 185 9 9
194 193 9 9
194 181 9 9
195 191 9 9
195 185 9 9
195 189 9 9
195 184 9 9
196 189 9 9
196 181 9 9
196 192 9 9
196 190 9 9
197 190 9 9
197 189 9 9
197 191 9 9
197 194 9 9
198 186 9 9
198 193 9 9
198 181 9 9
198 195 9 9
199 189 9 9
199 193 9 9
199 195 9 9
199 192 9 9
180 193 9 9
180 199 9 9
180 197 9 9
180 198 9 9
181 197 9 9
181 195 9 9
181 191 9 9
181 193 9 9
182 185 9 9
182 191 9 9
182 194 9 9
182 199 9 9
183 199 9 9
183 194 9 9
183 198 9 9
183 197 9 9
204 201 10 10
204 202 10 10
204 200 10 10
204 203 10 10
205 200 10 10
205 203 10 10
205 204 10 10
205 202 10 10
206 204 10 10
206 201 10 10
206 203 10 10
206 202 10 10
207 202 10 10
207 201 10 10
207 206 10 10
207 205 10 10
208 207 10 10
208 200 10 10
208 202 10 10
208 201 10 10
209 203 10 10
209 207 10 10
209 201 10 10
209 205 10 10
210 200 10 10
210 204 10 10
210 201 10 10
210 207 10 10
211 207 10 10
211 205 10 10
211 202 10 10
211 206 10 10
212 204 10 10
212 203 10 10
212 211 10 10
212 200 10 10
213 208 10 10
213 209 10 10
213 201 10 10
213 207 10 10
214 209 10 10
214 210 10 10
214 213 10 10
214 208 10 10
215 203 10 10
215 212 10 10
215 204 10 10
215 213 10 10
216 209 10 10
216 205 10 10
216 208 10 10
216 211 10 10
217 215 10 10
217 213 10 10
217 200 10 10
217 205 10 10
218 211 10 10
218 200 10 10
218 215 10 10
218 208 10 10
219 204 10 10
219 208 10 10
219 209 10 10
219 216 10 10
200 214 10 10
200 219 10 10
200 209 10 10
200 215 10 10
201 218 10 10
201 219 10 10
201 214 10 10
201 205 10 10
202 218 10 10
202 214 10 10
202 210 10 10
202 209 10 10
203 207 10 10
203 210 10 10
203 217 10 10
203 219 10 10
224 223 11 11
224 220 11 11
224 222 11 11
224 221 11 11
225 222 11 11
225 220 11 11
225 223 11 11
225 224 11 11
226 224 11 11
226 223 11 11
226 225 11 11
226 222 11 11
227 222 11 11
227 225 11 11
227 220 11 11
227 221 11 11
228 224 11 11
228 222 11 11
228 226 11 11
228 223 11 11
229 224 11 11
229 228 11 11
229 223 11 11
229 226 11 11
230 228 11 11
230 220 11 11
230 221 11 11
230 222 11 11
231 226 11 11
231 228 11 11
231 225 11 11
231 227 11 11
232 228 11 11
232 226 11 11
232 227 11 11
232 231 11 11
233 227 11 11
233 220 11 11
233 230 11 11
233 226 11 11
234 221 11 11
234 227 11 11
234 223 11 11
234 226 11 11
235 221 11 11
235 222 11 11
235 220 11 11
235 227 11 11
236 224 11 11
236 223 11 11
236 226 11 11
236 233 11 11
237 229 11 11
237 236 11 11
237 230 11 11
237 234 11 11
238 227 11 11
238 225 11 11
238 220 11 11
238 232 11 11
239 238 11 11
239 220 11 11
239 235 11 11
239 225 11 11
220 234 11 11
220 229 11 11
220 228 11 11
220 232 11 11
221 239 11 11
221 226 11 11
221 237 11 11
221 232 11 11
222 238 11 11
222 233 11 11
222 239 11 11
222 237 11 11
223 231 11 11
223 232 11 11
223 237 11 11
223 233 11 11
244 240 12 12
244 241 12 12
244 242 12 12
244 243 12 12
245 240 12 12
245 244 12 12
245 242 12 12
245 241 12 12
246 241 12 12
246 244 12 12
246 245 12 12
246 240 12 12
247 241 12 12
247 240 12 12
247 246 12 12
247 244 12 12
248 241 12 12
248 245 12 12
248 247 12 12
248 246 12 12
249 244 12 12
249 240 12 12
249 242 12 12
249 248 12 12
250 247 12 12
250 241 12 12
250 243 12 12
250 245 12 12
251 246 12 12
251 248 12 12
251 249 12 12
251 241 12 12
252 245 12 12
252 244 12 12
252 240 12 12
252 241 12 12
253 242 12 12
253 244 12 12
253 252 12 12
253 247 12 12
254 253 12 12
254 244 12 12
254 243 12 12
254 240 12 12
255 253 12 12
255 241 12 12
255 251 12 12
255 252 12 12
256 246 12 12
256 253 12 12
256 241 12 12
256 243 12 12
257 251 12 12
257 255 12 12
257 256 12 12
257 244 12 12
258 242 12 12
258 245 12 12
258 247 12 12
258 240 12 12
259 253 12 12
259 257 12 12
259 246 12 12
259 252 12 12
240 253 12 12
240 259 12 12
240 251 12 12
240 257 12 12
241 257 12 12
241 253 12 12
241 249 12 12
241 258 12 12
242 251 12 12
242 254 12 12
242 252 12 12
242 250 12 12
243 253 12 12
243 258 12 12
243 252 12 12
243 255 12 12
264 262 13 13
264 261 13 13
264 260 13 13
264 263 13 13
265 263 13 13
265 262 13 13
265 261 13 13
265 264 13 13
266 262 13 13
266 260 13 13
266 263 13 13
266 264 13 13
267 262 13 13
267 263 13 13
267 265 13 13
267 261 13 13
268 260 13 13
268 266 13 13
268 262 13 13
268 264 13 13
269 268 13 13
269 266 13 13
269 264 13 13
269 260 13 13
270 265 13 13
270 267 13 13
270 261 13 13
270 264 13 13
271 269 13 13
271 268 13 13
271 265 13 13
271 266 13 13
272 260 13 13
272 268 13 13
272 269 13 13
272 264 13 13
273 266 13 13
273 262 13 13
273 264 13 13
273 269 13 13
274 263 13 13
274 267 13 13
274 265 13 13
274 270 13 13
275 260 13 13
275 268 13 13
275 266 13 13
275 273 13 13
276 262 13 13
276 271 13 13
276 269 13 13
276 272 13 13
277 271 13 13
277 273 13 13
277 264 13 13
277 269 13 13
278 266 13 13
278 275 13 13
278 271 13 13
278 269 13 13
279 271 13 13
279 272 13 13
279 275 13 13
279 262 13 13
260 279 13 13
260 276 13 13
260 273 13 13
260 278 13 13
261 277 13 13
261 269 13 13
261 276 13 13
261 279 13 13
262 278 13 13
262 269 13 13
262 271 13 13
262 275 13 13
263 276 13 13
263 270 13 13
263 269 13 13
263 278 13 13
284 283 14 14
284 281 14 14
284 280 14 14
284 282 14 14
285 284 14 14
285 280 14 14
285 281 14 14
285 283 14 14
286 280 14 14
286 283 14 14
286 282 14 14
286 281 14 14
287 286 14 14
287 282 14 14
287 281 14 14
287 283 14 14
288 280 14 14
288 287 14 14
288 283 14 14
288 286 14 14
289 281 14 14
289 280 14 14
289 287 14 14
289 283 14 14
290 284 14 14
290 283 14 14
290 281 14 14
290 286 14 14
291 281 14 14
291 286 14 14
291 289 14 14
291 290 14 14
292 289 14 14
292 287 14 14
292 290 14 14
292 280 14 14
293 280 14 14
293 285 14 14
293 288 14 14
293 283 14 14
294 284 14 14
294 281 14 14
294 293 14 14
294 288 14 14
295 283 14 14
295 292 14 14
295 280 14 14
295 284 14 14
296 280 14 14
296 291 14 14
296 295 14 14
296 292 14 14
297 286 14 14
297 283 14 14
297 287 14 14
297 290 14 14
298 284 14 14
298 288 14 14
298 297 14 14
298 293 14 14
299 288 14 14
299 282 14 14
299 292 14 14
299 289 14 14
280 297 14 14
280 298 14 14
280 291 14 14
280 299 14 14
281 297 14 14
281 298 14 14
281 299 14 14
281 295 14 14
282 290 14 14
282 292 14 14
282 297 14 14
282 298 14 14
283 296 14 14
283 292 14 14
283 294 14 14
283 299 14 14
304 302 15 15
304 303 15 15
304 300 15 15
304 301 15 15
305 304 15 15
305 303 15 15
305 300 15 15
305 301 15 15
306 300 15 15
306 305 15 15
306 303 15 15
306 302 15 15
307 303 15 15
307 306 15 15
307 302 15 15
307 305 15 15
308 301 15 15
308 302 15 15
308 307 15 15
308 304 15 15
309 303 15 15
309 306 15 15
309 305 15 15
309 301 15 15
310 302 15 15
310 307 15 15
310 301 15 15
310 306 15 15
311 303 15 15
311 306 15 15
311 305 15 15
311 307 15 15
312 304 15 15
312 300 15 15
312 308 15 15
312 303 15 15
313 305 15 15
313 311 15 15
313 306 15 15
313 304 15 15
314 310 15 15
314 304 15 15
314 300 15 15
314 306 15 15
315 309 15 15
315 313 15 15
315 314 15 15
315 303 15 15
316 312 15 15
316 308 15 15
316 303 15 15
316 310 15 15
317 308 15 15
317 305 15 15
317 306 15 15
317 316 15 15
318 302 15 15
318 303 15 15
318 316 15 15
318 309 15 15
319 303 15 15
319 306 15 15
319 318 15 15
319 316 15 15
300 311 15 15
300 308 15 15
300 310 15 15
300 315 15 15
301 307 15 15
301 315 15 15
301 318 15 15
301 311 15 15
302 311 15 15
302 314 15 15
302 305 15 15
302 317 15 15
303 313 15 15
303 317 15 15
303 314 15 15
303 310 15 15
96 58 4 2
97 16 4 0
99 61 4 3
93 21 4 1
111 45 5 2
109 73 5 3
118 81 5 4
119 22 5 1
134 3 6 0
122 98 6 4
138 42 6 2
128 112 6 5
149 45 7 2
141 135 7 6
153 104 7 5
157 5 7 0
164 61 8 3
164 155 8 7
171 45 8 2
173 114 8 5
197 16 9 0
191 86 9 4
182 51 9 2
186 71 9 3
213 151 10 7
203 85 10 4
205 23 10 1
213 114 10 5
222 34 11 1
238 144 11 7
224 63 11 3
225 170 11 8
248 223 12 11
242 153 12 7
250 66 12 3
252 168 12 8
261 117 13 5
274 203 13 10
275 127 13 6
274 88 13 4
290 156 14 7
294 215 14 10
281 184 14 9
289 124 14 6
310 235 15 11
300 91 15 4
306 12 15 0
319 61 15 3
7 272 0 13
16 113 0 5
16 283 0 14
8 238 0 11
24 300 1 15
32 191 1 9
22 130 1 6
23 243 1 12
59 269 2 13
51 281 2 14
52 228 2 11
56 217 2 10
64 297 3 14
78 141 3 7
62 270 3 13
71 202 3 10
