swNum = 320
edgeNum = 1342

0 0
1 0
2 0
3 0
4 0
5 0
6 0
7 0
8 0
9 0
10 0
11 0
12 0
13 0
14 0
15 0
16 0
17 0
18 0
19 0
20 1
21 1
22 1
23 1
24 1
25 1
26 1
27 1
28 1
29 1
30 1
31 1
32 1
33 1
34 1
35 1
36 1
37 1
38 1
39 1
40 2
41 2
42 2
43 2
44 2
45 2
46 2
47 2
48 2
49 2
50 2
51 2
52 2
53 2
54 2
55 2
56 2
57 2
58 2
59 2
60 3
61 3
62 3
63 3
64 3
65 3
66 3
67 3
68 3
69 3
70 3
71 3
72 3
73 3
74 3
75 3
76 3
77 3
78 3
79 3
80 4
81 4
82 4
83 4
84 4
85 4
86 4
87 4
88 4
89 4
90 4
91 4
92 4
93 4
94 4
95 4
96 4
97 4
98 4
99 4
100 5
101 5
102 5
103 5
104 5
105 5
106 5
107 5
108 5
109 5
110 5
111 5
112 5
113 5
114 5
115 5
116 5
117 5
118 5
119 5
120 6
121 6
122 6
123 6
124 6
125 6
126 6
127 6
128 6
129 6
130 6
131 6
132 6
133 6
134 6
135 6
136 6
137 6
138 6
139 6
140 7
141 7
142 7
143 7
144 7
145 7
146 7
147 7
148 7
149 7
150 7
151 7
152 7
153 7
154 7
155 7
156 7
157 7
158 7
159 7
160 8
161 8
162 8
163 8
164 8
165 8
166 8
167 8
168 8
169 8
170 8
171 8
172 8
173 8
174 8
175 8
176 8
177 8
178 8
179 8
180 9
181 9
182 9
183 9
184 9
185 9
186 9
187 9
188 9
189 9
190 9
191 9
192 9
193 9
194 9
195 9
196 9
197 9
198 9
199 9
200 10
201 10
202 10
203 10
204 10
205 10
206 10
207 10
208 10
209 10
210 10
211 10
212 10
213 10
214 10
215 10
216 10
217 10
218 10
219 10
220 11
221 11
222 11
223 11
224 11
225 11
226 11
227 11
228 11
229 11
230 11
231 11
232 11
233 11
234 11
235 11
236 11
237 11
238 11
239 11
240 12
241 12
242 12
243 12
244 12
245 12
246 12
247 12
248 12
249 12
250 12
251 12
252 12
253 12
254 12
255 12
256 12
257 12
258 12
259 12
260 13
261 13
262 13
263 13
264 13
265 13
266 13
267 13
268 13
269 13
270 13
271 13
272 13
273 13
274 13
275 13
276 13
277 13
278 13
279 13
280 14
281 14
282 14
283 14
284 14
285 14
286 14
287 14
288 14
289 14
290 14
291 14
292 14
293 14
294 14
295 14
296 14
297 14
298 14
299 14
300 15
301 15
302 15
303 15
304 15
305 15
306 15
307 15
308 15
309 15
310 15
311 15
312 15
313 15
314 15
315 15
316 15
317 15
318 15
319 15

4 0 0 0
4 2 0 0
4 3 0 0
4 1 0 0
5 2 0 0
5 4 0 0
5 1 0 0
5 0 0 0
6 0 0 0
6 3 0 0
6 1 0 0
6 5 0 0
7 1 0 0
7 2 0 0
7 6 0 0
7 3 0 0
8 5 0 0
8 4 0 0
8 3 0 0
8 2 0 0
9 8 0 0
9 2 0 0
9 4 0 0
9 7 0 0
10 5 0 0
10 3 0 0
10 4 0 0
10 7 0 0
11 10 0 0
11 8 0 0
11 1 0 0
11 4 0 0
12 3 0 0
12 2 0 0
12 1 0 0
12 9 0 0
13 10 0 0
13 0 0 0
13 12 0 0
13 8 0 0
14 2 0 0
14 7 0 0
14 6 0 0
14 3 0 0
15 5 0 0
15 9 0 0
15 2 0 0
15 4 0 0
16 11 0 0
16 13 0 0
16 7 0 0
16 10 0 0
17 0 0 0
17 14 0 0
17 6 0 0
17 11 0 0
18 6 0 0
18 14 0 0
18 13 0 0
18 3 0 0
19 12 0 0
19 17 0 0
19 6 0 0
19 14 0 0
0 10 0 0
0 7 0 0
0 9 0 0
0 8 0 0
1 14 0 0
1 10 0 0
1 18 0 0
1 13 0 0
2 18 0 0
2 11 0 0
2 16 0 0
2 13 0 0
3 13 0 0
3 19 0 0
3 5 0 0
3 9 0 0
24 22 1 1
24 23 1 1
24 20 1 1
24 21 1 1
25 21 1 1
25 22 1 1
25 23 1 1
25 20 1 1
26 20 1 1
26 21 1 1
26 23 1 1
26 22 1 1
27 20 1 1
27 26 1 1
27 22 1 1
27 23 1 1
28 27 1 1
28 20 1 1
28 26 1 1
28 22 1 1
29 28 1 1
29 20 1 1
29 27 1 1
29 25 1 1
30 22 1 1
30 27 1 1
30 29 1 1
30 24 1 1
31 26 1 1
31 20 1 1
31 21 1 1
31 28 1 1
32 22 1 1
32 20 1 1
32 29 1 1
32 30 1 1
33 24 1 1
33 21 1 1
33 31 1 1
33 22 1 1
34 30 1 1
34 33 1 1
34 26 1 1
34 22 1 1
35 22 1 1
35 30 1 1
35 34 1 1
35 32 1 1
36 32 1 1
36 25 1 1
36 27 1 1
36 23 1 1
37 27 1 1
37 21 1 1
37 23 1 1
37 36 1 1
38 32 1 1
38 24 1 1
38 33 1 1
38 28 1 1
39 24 1 1
39 30 1 1
39 26 1 1
39 33 1 1
20 36 1 1
20 39 1 1
20 37 1 1
20 34 1 1
21 28 1 1
21 32 1 1
21 35 1 1
21 36 1 1
22 39 1 1
22 36 1 1
22 31 1 1
22 38 1 1
23 35 1 1
23 28 1 1
23 30 1 1
23 32 1 1
44 40 2 2
44 42 2 2
44 41 2 2
44 43 2 2
45 41 2 2
45 44 2 2
45 42 2 2
45 40 2 2
46 42 2 2
46 44 2 2
46 41 2 2
46 40 2 2
47 42 2 2
47 44 2 2
47 40 2 2
47 46 2 2
48 41 2 2
48 40 2 2
48 44 2 2
48 46 2 2
49 47 2 2
49 42 2 2
49 48 2 2
49 41 2 2
50 47 2 2
50 42 2 2
50 45 2 2
50 46 2 2
51 45 2 2
51 42 2 2
51 50 2 2
51 44 2 2
52 40 2 2
52 46 2 2
52 48 2 2
52 51 2 2
53 52 2 2
53 40 2 2
53 42 2 2
53 48 2 2
54 49 2 2
54 48 2 2
54 52 2 2
54 42 2 2
55 43 2 2
55 54 2 2
55 47 2 2
55 44 2 2
56 50 2 2
56 51 2 2
56 52 2 2
56 45 2 2
57 46 2 2
57 53 2 2
57 51 2 2
57 42 2 2
58 53 2 2
58 57 2 2
58 44 2 2
58 46 2 2
59 42 2 2
59 55 2 2
59 53 2 2
59 49 2 2
40 59 2 2
40 55 2 2
40 57 2 2
40 54 2 2
41 47 2 2
41 52 2 2
41 58 2 2
41 57 2 2
42 48 2 2
42 55 2 2
42 52 2 2
42 56 2 2
43 57 2 2
43 49 2 2
43 56 2 2
43 53 2 2
64 60 3 3
64 63 3 3
64 61 3 3
64 62 3 3
65 64 3 3
65 60 3 3
65 61 3 3
65 62 3 3
66 64 3 3
66 62 3 3
66 61 3 3
66 63 3 3
67 66 3 3
67 63 3 3
67 61 3 3
67 62 3 3
68 61 3 3
68 65 3 3
68 63 3 3
68 62 3 3
69 65 3 3
69 64 3 3
69 68 3 3
69 60 3 3
70 64 3 3
70 65 3 3
70 63 3 3
70 66 3 3
71 62 3 3
71 63 3 3
71 66 3 3
71 67 3 3
72 64 3 3
72 69 3 3
72 66 3 3
72 71 3 3
73 69 3 3
73 64 3 3
73 63 3 3
73 60 3 3
74 70 3 3
74 66 3 3
74 68 3 3
74 61 3 3
75 70 3 3
75 69 3 3
75 73 3 3
75 68 3 3
76 70 3 3
76 65 3 3
76 74 3 3
76 73 3 3
77 69 3 3
77 60 3 3
77 68 3 3
77 71 3 3
78 69 3 3
78 75 3 3
78 65 3 3
78 64 3 3
79 77 3 3
79 67 3 3
79 68 3 3
79 69 3 3
60 76 3 3
60 75 3 3
60 70 3 3
60 66 3 3
61 69 3 3
61 75 3 3
61 73 3 3
61 79 3 3
62 78 3 3
62 73 3 3
62 79 3 3
62 75 3 3
63 74 3 3
63 77 3 3
63 72 3 3
63 76 3 3
84 80 4 4
84 82 4 4
84 83 4 4
84 81 4 4
85 82 4 4
85 83 4 4
85 84 4 4
85 81 4 4
86 81 4 4
86 80 4 4
86 83 4 4
86 82 4 4
87 80 4 4
87 82 4 4
87 86 4 4
87 85 4 4
88 81 4 4
88 84 4 4
88 82 4 4
88 80 4 4
89 85 4 4
89 86 4 4
89 88 4 4
89 83 4 4
90 82 4 4
90 88 4 4
90 84 4 4
90 86 4 4
91 85 4 4
91 88 4 4
91 81 4 4
91 89 4 4
92 84 4 4
92 80 4 4
92 88 4 4
92 91 4 4
93 86 4 4
93 91 4 4
93 90 4 4
93 82 4 4
94 86 4 4
94 90 4 4
94 81 4 4
94 91 4 4
95 81 4 4
95 83 4 4
95 85 4 4
95 94 4 4
96 84 4 4
96 85 4 4
96 88 4 4
96 86 4 4
97 92 4 4
97 80 4 4
97 83 4 4
97 85 4 4
98 80 4 4
98 93 4 4
98 96 4 4
98 81 4 4
99 93 4 4
99 91 4 4
99 86 4 4
99 94 4 4
80 96 4 4
80 90 4 4
80 94 4 4
80 89 4 4
81 99 4 4
81 96 4 4
81 90 4 4
81 89 4 4
82 91 4 4
82 96 4 4
82 92 4 4
82 97 4 4
83 96 4 4
83 94 4 4
83 99 4 4
83 87 4 4
104 101 5 5
104 100 5 5
104 102 5 5
104 103 5 5
105 104 5 5
105 100 5 5
105 103 5 5
105 102 5 5
106 103 5 5
106 102 5 5
106 101 5 5
106 104 5 5
107 102 5 5
107 101 5 5
107 106 5 5
107 100 5 5
108 105 5 5
108 100 5 5
108 106 5 5
108 107 5 5
109 106 5 5
109 105 5 5
109 107 5 5
109 101 5 5
110 105 5 5
110 107 5 5
110 102 5 5
110 106 5 5
111 109 5 5
111 108 5 5
111 102 5 5
111 105 5 5
112 100 5 5
112 107 5 5
112 105 5 5
112 101 5 5
113 103 5 5
113 104 5 5
113 102 5 5
113 106 5 5
114 105 5 5
114 113 5 5
114 107 5 5
114 106 5 5
115 110 5 5
115 114 5 5
115 113 5 5
115 106 5 5
116 100 5 5
116 110 5 5
116 102 5 5
116 104 5 5
117 100 5 5
117 116 5 5
117 109 5 5
117 101 5 5
118 108 5 5
118 116 5 5
118 103 5 5
118 112 5 5
119 115 5 5
119 106 5 5
119 113 5 5
119 111 5 5
100 118 5 5
100 111 5 5
100 106 5 5
100 110 5 5
101 110 5 5
101 114 5 5
101 113 5 5
101 108 5 5
102 118 5 5
102 114 5 5
102 115 5 5
102 109 5 5
103 110 5 5
103 114 5 5
103 109 5 5
103 107 5 5
124 122 6 6
124 121 6 6
124 123 6 6
124 120 6 6
125 121 6 6
125 124 6 6
125 122 6 6
125 123 6 6
126 122 6 6
126 120 6 6
126 121 6 6
126 123 6 6
127 120 6 6
127 121 6 6
127 123 6 6
127 125 6 6
128 124 6 6
128 125 6 6
128 120 6 6
128 127 6 6
129 123 6 6
129 125 6 6
129 124 6 6
129 128 6 6
130 121 6 6
130 126 6 6
130 127 6 6
130 125 6 6
131 122 6 6
131 127 6 6
131 125 6 6
131 123 6 6
132 124 6 6
132 123 6 6
132 122 6 6
132 127 6 6
133 123 6 6
133 122 6 6
133 125 6 6
133 131 6 6
134 129 6 6
134 128 6 6
134 133 6 6
134 123 6 6
135 129 6 6
135 125 6 6
135 132 6 6
135 123 6 6
136 123 6 6
136 134 6 6
136 133 6 6
136 135 6 6
137 131 6 6
137 126 6 6
137 123 6 6
137 134 6 6
138 127 6 6
138 126 6 6
138 123 6 6
138 122 6 6
139 123 6 6
139 128 6 6
139 120 6 6
139 137 6 6
120 133 6 6
120 125 6 6
120 135 6 6
120 131 6 6
121 139 6 6
121 134 6 6
121 132 6 6
121 137 6 6
122 127 6 6
122 130 6 6
122 139 6 6
122 136 6 6
123 130 6 6
123 128 6 6
144 142 7 7
144 141 7 7
144 140 7 7
144 143 7 7
145 143 7 7
145 144 7 7
145 141 7 7
145 140 7 7
146 143 7 7
146 140 7 7
146 141 7 7
146 142 7 7
147 145 7 7
147 142 7 7
147 146 7 7
147 143 7 7
148 147 7 7
148 140 7 7
148 146 7 7
148 144 7 7
149 145 7 7
149 140 7 7
149 142 7 7
149 141 7 7
150 141 7 7
150 144 7 7
150 146 7 7
150 148 7 7
151 146 7 7
151 150 7 7
151 148 7 7
151 144 7 7
152 150 7 7
152 151 7 7
152 143 7 7
152 146 7 7
153 150 7 7
153 143 7 7
153 144 7 7
153 152 7 7
154 143 7 7
154 150 7 7
154 146 7 7
154 151 7 7
155 148 7 7
155 141 7 7
155 149 7 7
155 145 7 7
156 144 7 7
156 152 7 7
156 150 7 7
156 153 7 7
157 146 7 7
157 143 7 7
157 148 7 7
157 147 7 7
158 154 7 7
158 155 7 7
158 151 7 7
158 150 7 7
159 145 7 7
159 149 7 7
159 144 7 7
159 151 7 7
140 156 7 7
140 151 7 7
140 153 7 7
140 155 7 7
141 153 7 7
141 158 7 7
141 148 7 7
141 152 7 7
142 156 7 7
142 159 7 7
142 145 7 7
142 157 7 7
143 158 7 7
143 155 7 7
143 151 7 7
143 148 7 7
164 160 8 8
164 161 8 8
164 162 8 8
164 163 8 8
165 163 8 8
165 161 8 8
165 160 8 8
165 162 8 8
166 164 8 8
166 162 8 8
166 163 8 8
166 161 8 8
167 160 8 8
167 161 8 8
167 162 8 8
167 166 8 8
168 167 8 8
168 166 8 8
168 161 8 8
168 165 8 8
169 165 8 8
169 164 8 8
169 166 8 8
169 163 8 8
170 169 8 8
170 165 8 8
170 166 8 8
170 163 8 8
171 161 8 8
171 169 8 8
171 168 8 8
171 160 8 8
172 165 8 8
172 168 8 8
172 162 8 8
172 163 8 8
173 160 8 8
173 164 8 8
173 170 8 8
173 162 8 8
174 171 8 8
174 160 8 8
174 165 8 8
174 172 8 8
175 173 8 8
175 162 8 8
175 169 8 8
175 164 8 8
176 171 8 8
176 163 8 8
176 162 8 8
176 165 8 8
177 166 8 8
177 173 8 8
177 164 8 8
177 163 8 8
178 162 8 8
178 172 8 8
178 170 8 8
178 167 8 8
179 171 8 8
179 161 8 8
179 175 8 8
179 176 8 8
160 168 8 8
160 166 8 8
160 176 8 8
160 169 8 8
161 169 8 8
161 176 8 8
161 174 8 8
161 175 8 8
162 179 8 8
162 177 8 8
162 171 8 8
162 168 8 8
163 173 8 8
163 171 8 8
163 178 8 8
163 175 8 8
184 183 9 9
184 180 9 9
184 181 9 9
184 182 9 9
185 180 9 9
185 183 9 9
185 182 9 9
185 181 9 9
186 180 9 9
186 182 9 9
186 183 9 9
186 181 9 9
187 183 9 9
187 184 9 9
187 185 9 9
187 182 9 9
188 180 9 9
188 181 9 9
188 185 9 9
188 184 9 9
189 184 9 9
189 183 9 9
189 185 9 9
189 182 9 9
190 182 9 9
190 186 9 9
190 181 9 9
190 180 9 9
191 182 9 9
191 188 9 9
191 186 9 9
191 180 9 9
192 184 9 9
192 187 9 9
192 186 9 9
192 189 9 9
193 191 9 9
193 184 9 9
193 180 9 9
193 189 9 9
194 183 9 9
194 187 9 9
194 182 9 9
194 191 9 9
195 192 9 9
195 189 9 9
195 188 9 9
195 181 9 9
196 187 9 9
196 182 9 9
196 180 9 9
196 190 9 9
197 185 9 9
197 189 9 9
197 186 9 9
197 188 9 9
198 191 9 9
198 195 9 9
198 188 9 9
198 180 9 9
199 197 9 9
199 194 9 9
199 198 9 9
199 188 9 9
180 195 9 9
180 197 9 9
180 194 9 9
180 189 9 9
181 197 9 9
181 192 9 9
181 199 9 9
181 193 9 9
182 188 9 9
182 192 9 9
182 195 9 9
182 197 9 9
183 193 9 9
183 191 9 9
183 195 9 9
183 198 9 9
204 202 10 10
204 201 10 10
204 200 10 10
204 203 10 10
205 200 10 10
205 201 10 10
205 204 10 10
205 203 10 10
206 205 10 10
206 201 10 10
206 200 10 10
206 204 10 10
207 204 10 10
207 205 10 10
207 206 10 10
207 203 10 10
208 205 10 10
208 202 10 10
208 201 10 10
208 206 10 10
209 201 10 10
209 206 10 10
209 207 10 10
209 204 10 10
210 208 10 10
210 202 10 10
210 200 10 10
210 209 10 10
211 205 10 10
211 206 10 10
211 200 10 10
211 207 10 10
212 206 10 10
212 208 10 10
212 209 10 10
212 204 10 10
213 209 10 10
213 205 10 10
213 206 10 10
213 203 10 10
214 205 10 10
214 200 10 10
214 210 10 10
214 203 10 10
215 206 10 10
215 200 10 10
215 211 10 10
215 204 10 10
216 208 10 10
216 202 10 10
216 212 10 10
216 201 10 10
217 202 10 10
217 200 10 10
217 206 10 10
217 204 10 10
218 213 10 10
218 204 10 10
218 216 10 10
218 217 10 10
219 205 10 10
219 200 10 10
219 216 10 10
219 212 10 10
200 208 10 10
200 218 10 10
200 212 10 10
200 216 10 10
201 213 10 10
201 211 10 10
201 219 10 10
201 212 10 10
202 212 10 10
202 205 10 10
202 211 10 10
202 207 10 10
203 217 10 10
203 210 10 10
203 215 10 10
203 208 10 10
224 221 11 11
224 223 11 11
224 222 11 11
224 220 11 11
225 223 11 11
225 224 11 11
225 220 11 11
225 221 11 11
226 220 11 11
226 224 11 11
226 223 11 11
226 221 11 11
227 220 11 11
227 225 11 11
227 223 11 11
227 221 11 11
228 226 11 11
228 222 11 11
228 225 11 11
228 221 11 11
229 223 11 11
229 228 11 11
229 220 11 11
229 224 11 11
230 223 11 11
230 225 11 11
230 220 11 11
230 224 11 11
231 230 11 11
231 228 11 11
231 223 11 11
231 227 11 11
232 229 11 11
232 223 11 11
232 221 11 11
232 220 11 11
233 229 11 11
233 223 11 11
233 221 11 11
233 227 11 11
234 231 11 11
234 228 11 11
234 233 11 11
234 227 11 11
235 229 11 11
235 234 11 11
235 231 11 11
235 233 11 11
236 233 11 11
236 230 11 11
236 234 11 11
236 226 11 11
237 229 11 11
237 221 11 11
237 236 11 11
237 226 11 11
238 221 11 11
238 236 11 11
238 233 11 11
238 232 11 11
239 236 11 11
239 228 11 11
239 231 11 11
239 229 11 11
220 238 11 11
220 236 11 11
220 235 11 11
220 228 11 11
221 235 11 11
221 229 11 11
221 234 11 11
221 231 11 11
222 225 11 11
222 232 11 11
222 234 11 11
222 239 11 11
223 239 11 11
223 234 11 11
223 236 11 11
223 237 11 11
244 242 12 12
244 243 12 12
244 240 12 12
244 241 12 12
245 240 12 12
245 243 12 12
245 241 12 12
245 242 12 12
246 240 12 12
246 242 12 12
246 243 12 12
246 244 12 12
247 244 12 12
247 246 12 12
247 243 12 12
247 240 12 12
248 244 12 12
248 243 12 12
248 242 12 12
248 247 12 12
249 240 12 12
249 246 12 12
249 244 12 12
249 247 12 12
250 240 12 12
250 244 12 12
250 247 12 12
250 249 12 12
251 245 12 12
251 248 12 12
251 246 12 12
251 247 12 12
252 242 12 12
252 240 12 12
252 248 12 12
252 243 12 12
253 240 12 12
253 252 12 12
253 247 12 12
253 249 12 12
254 250 12 12
254 241 12 12
254 252 12 12
254 240 12 12
255 251 12 12
255 243 12 12
255 245 12 12
255 250 12 12
256 251 12 12
256 248 12 12
256 242 12 12
256 247 12 12
257 245 12 12
257 255 12 12
257 242 12 12
257 251 12 12
258 243 12 12
258 241 12 12
258 251 12 12
258 240 12 12
259 246 12 12
259 242 12 12
259 251 12 12
259 256 12 12
240 248 12 12
240 259 12 12
240 255 12 12
240 256 12 12
241 246 12 12
241 259 12 12
241 253 12 12
241 255 12 12
242 258 12 12
242 249 12 12
242 254 12 12
242 247 12 12
243 250 12 12
243 254 12 12
243 256 12 12
243 259 12 12
264 260 13 13
264 262 13 13
264 263 13 13
264 261 13 13
265 263 13 13
265 262 13 13
265 260 13 13
265 261 13 13
266 260 13 13
266 264 13 13
266 265 13 13
266 263 13 13
267 260 13 13
267 264 13 13
267 261 13 13
267 263 13 13
268 261 13 13
268 266 13 13
268 262 13 13
268 263 13 13
269 263 13 13
269 265 13 13
269 266 13 13
269 268 13 13
270 266 13 13
270 268 13 13
270 263 13 13
270 269 13 13
271 269 13 13
271 260 13 13
271 264 13 13
271 263 13 13
272 265 13 13
272 266 13 13
272 268 13 13
272 263 13 13
273 262 13 13
273 260 13 13
273 265 13 13
273 263 13 13
274 268 13 13
274 273 13 13
274 269 13 13
274 272 13 13
275 272 13 13
275 273 13 13
275 274 13 13
275 264 13 13
276 272 13 13
276 269 13 13
276 260 13 13
276 270 13 13
277 274 13 13
277 266 13 13
277 275 13 13
277 270 13 13
278 276 13 13
278 275 13 13
278 267 13 13
278 260 13 13
279 268 13 13
279 275 13 13
279 278 13 13
279 267 13 13
260 272 13 13
260 277 13 13
260 268 13 13
260 279 13 13
261 278 13 13
261 279 13 13
261 271 13 13
261 274 13 13
262 279 13 13
262 267 13 13
262 271 13 13
262 270 13 13
263 275 13 13
263 276 13 13
263 274 13 13
263 277 13 13
284 283 14 14
284 281 14 14
284 282 14 14
284 280 14 14
285 281 14 14
285 282 14 14
285 284 14 14
285 280 14 14
286 283 14 14
286 280 14 14
286 285 14 14
286 284 14 14
287 284 14 14
287 280 14 14
287 286 14 14
287 281 14 14
288 287 14 14
288 286 14 14
288 284 14 14
288 283 14 14
289 284 14 14
289 280 14 14
289 281 14 14
289 283 14 14
290 281 14 14
290 283 14 14
290 282 14 14
290 284 14 14
291 284 14 14
291 285 14 14
291 290 14 14
291 281 14 14
292 283 14 14
292 288 14 14
292 290 14 14
292 286 14 14
293 282 14 14
293 286 14 14
293 280 14 14
293 281 14 14
294 282 14 14
294 291 14 14
294 284 14 14
294 288 14 14
295 282 14 14
295 283 14 14
295 285 14 14
295 293 14 14
296 288 14 14
296 286 14 14
296 293 14 14
296 280 14 14
297 280 14 14
297 284 14 14
297 285 14 14
297 288 14 14
298 281 14 14
298 295 14 14
298 286 14 14
298 291 14 14
299 282 14 14
299 290 14 14
299 298 14 14
299 285 14 14
280 290 14 14
280 288 14 14
280 291 14 14
280 294 14 14
281 292 14 14
281 297 14 14
281 295 14 14
281 286 14 14
282 291 14 14
282 288 14 14
282 296 14 14
282 297 14 14
283 294 14 14
283 285 14 14
283 299 14 14
283 298 14 14
304 303 15 15
304 301 15 15
304 302 15 15
304 300 15 15
305 300 15 15
305 302 15 15
305 301 15 15
305 303 15 15
306 301 15 15
306 302 15 15
306 303 15 15
306 305 15 15
307 306 15 15
307 302 15 15
307 301 15 15
307 300 15 15
308 300 15 15
308 302 15 15
308 307 15 15
308 301 15 15
309 301 15 15
309 306 15 15
309 302 15 15
309 308 15 15
310 308 15 15
310 306 15 15
310 309 15 15
310 305 15 15
311 300 15 15
311 309 15 15
311 307 15 15
311 302 15 15
312 310 15 15
312 307 15 15
312 300 15 15
312 309 15 15
313 303 15 15
313 307 15 15
313 300 15 15
313 305 15 15
314 301 15 15
314 305 15 15
314 309 15 15
314 310 15 15
315 302 15 15
315 310 15 15
315 314 15 15
315 312 15 15
316 315 15 15
316 300 15 15
316 302 15 15
316 303 15 15
317 305 15 15
317 313 15 15
317 310 15 15
317 308 15 15
318 312 15 15
318 317 15 15
318 315 15 15
318 301 15 15
319 318 15 15
319 314 15 15
319 306 15 15
319 315 15 15
300 319 15 15
300 309 15 15
300 317 15 15
300 306 15 15
301 317 15 15
301 311 15 15
301 313 15 15
301 316 15 15
302 318 15 15
302 314 15 15
302 310 15 15
302 317 15 15
303 311 15 15
303 318 15 15
303 319 15 15
303 309 15 15
99 66 4 3
92 31 4 1
96 0 4 0
94 45 4 2
118 47 5 2
107 20 5 1
103 78 5 3
118 86 5 4
130 18 6 0
134 50 6 2
139 106 6 5
135 39 6 1
141 80 7 4
158 28 7 1
148 126 7 6
145 63 7 3
170 37 8 1
172 77 8 3
175 87 8 4
177 155 8 7
199 105 9 5
192 3 9 0
190 178 9 8
187 53 9 2
207 64 10 3
216 170 10 8
214 141 10 7
206 23 10 1
235 116 11 5
226 47 11 2
225 219 11 10
232 195 11 9
252 76 12 3
243 96 12 4
253 1 12 0
242 181 12 9
264 130 13 6
268 245 13 12
271 18 13 0
275 77 13 3
298 132 14 6
295 59 14 2
284 273 14 13
294 82 14 4
301 295 15 14
305 258 15 12
311 68 15 3
310 112 15 5
9 318 0 15
8 287 0 14
8 145 0 7
16 161 0 8
38 185 1 9
31 227 1 11
33 294 1 14
20 305 1 15
50 160 2 8
57 266 2 13
42 306 2 15
53 214 2 10
75 191 3 9
73 135 3 6
72 294 3 14
76 233 3 11
