swNum = 320
edgeNum = 1344

0 0
1 0
2 0
3 0
4 0
5 0
6 0
7 0
8 0
9 0
10 0
11 0
12 0
13 0
14 0
15 0
16 0
17 0
18 0
19 0
20 1
21 1
22 1
23 1
24 1
25 1
26 1
27 1
28 1
29 1
30 1
31 1
32 1
33 1
34 1
35 1
36 1
37 1
38 1
39 1
40 2
41 2
42 2
43 2
44 2
45 2
46 2
47 2
48 2
49 2
50 2
51 2
52 2
53 2
54 2
55 2
56 2
57 2
58 2
59 2
60 3
61 3
62 3
63 3
64 3
65 3
66 3
67 3
68 3
69 3
70 3
71 3
72 3
73 3
74 3
75 3
76 3
77 3
78 3
79 3
80 4
81 4
82 4
83 4
84 4
85 4
86 4
87 4
88 4
89 4
90 4
91 4
92 4
93 4
94 4
95 4
96 4
97 4
98 4
99 4
100 5
101 5
102 5
103 5
104 5
105 5
106 5
107 5
108 5
109 5
110 5
111 5
112 5
113 5
114 5
115 5
116 5
117 5
118 5
119 5
120 6
121 6
122 6
123 6
124 6
125 6
126 6
127 6
128 6
129 6
130 6
131 6
132 6
133 6
134 6
135 6
136 6
137 6
138 6
139 6
140 7
141 7
142 7
143 7
144 7
145 7
146 7
147 7
148 7
149 7
150 7
151 7
152 7
153 7
154 7
155 7
156 7
157 7
158 7
159 7
160 8
161 8
162 8
163 8
164 8
165 8
166 8
167 8
168 8
169 8
170 8
171 8
172 8
173 8
174 8
175 8
176 8
177 8
178 8
179 8
180 9
181 9
182 9
183 9
184 9
185 9
186 9
187 9
188 9
189 9
190 9
191 9
192 9
193 9
194 9
195 9
196 9
197 9
198 9
199 9
200 10
201 10
202 10
203 10
204 10
205 10
206 10
207 10
208 10
209 10
210 10
211 10
212 10
213 10
214 10
215 10
216 10
217 10
218 10
219 10
220 11
221 11
222 11
223 11
224 11
225 11
226 11
227 11
228 11
229 11
230 11
231 11
232 11
233 11
234 11
235 11
236 11
237 11
238 11
239 11
240 12
241 12
242 12
243 12
244 12
245 12
246 12
247 12
248 12
249 12
250 12
251 12
252 12
253 12
254 12
255 12
256 12
257 12
258 12
259 12
260 13
261 13
262 13
263 13
264 13
265 13
266 13
267 13
268 13
269 13
270 13
271 13
272 13
273 13
274 13
275 13
276 13
277 13
278 13
279 13
280 14
281 14
282 14
283 14
284 14
285 14
286 14
287 14
288 14
289 14
290 14
291 14
292 14
293 14
294 14
295 14
296 14
297 14
298 14
299 14
300 15
301 15
302 15
303 15
304 15
305 15
306 15
307 15
308 15
309 15
310 15
311 15
312 15
313 15
314 15
315 15
316 15
317 15
318 15
319 15

4 0 0 0
4 1 0 0
4 3 0 0
4 2 0 0
5 3 0 0
5 0 0 0
5 4 0 0
5 2 0 0
6 5 0 0
6 1 0 0
6 2 0 0
6 4 0 0
7 3 0 0
7 1 0 0
7 2 0 0
7 6 0 0
8 6 0 0
8 7 0 0
8 5 0 0
8 4 0 0
9 1 0 0
9 3 0 0
9 4 0 0
9 0 0 0
10 4 0 0
10 9 0 0
10 2 0 0
10 3 0 0
11 5 0 0
11 1 0 0
11 8 0 0
11 3 0 0
12 11 0 0
12 2 0 0
12 4 0 0
12 6 0 0
13 3 0 0
13 1 0 0
13 10 0 0
13 12 0 0
14 3 0 0
14 11 0 0
14 5 0 0
14 1 0 0
15 8 0 0
15 11 0 0
15 0 0 0
15 2 0 0
16 14 0 0
16 2 0 0
16 3 0 0
16 7 0 0
17 14 0 0
17 7 0 0
17 5 0 0
17 11 0 0
18 14 0 0
18 1 0 0
18 2 0 0
18 0 0 0
19 17 0 0
19 16 0 0
19 3 0 0
19 14 0 0
0 17 0 0
0 10 0 0
0 6 0 0
0 13 0 0
1 16 0 0
1 15 0 0
1 10 0 0
1 8 0 0
2 9 0 0
2 19 0 0
2 14 0 0
2 17 0 0
3 15 0 0
3 17 0 0
3 6 0 0
3 18 0 0
24 20 1 1
24 22 1 1
24 23 1 1
24 21 1 1
25 20 1 1
25 23 1 1
25 22 1 1
25 24 1 1
26 22 1 1
26 21 1 1
26 25 1 1
26 20 1 1
27 20 1 1
27 23 1 1
27 24 1 1
27 22 1 1
28 24 1 1
28 22 1 1
28 27 1 1
28 20 1 1
29 20 1 1
29 27 1 1
29 25 1 1
29 21 1 1
30 25 1 1
30 29 1 1
30 21 1 1
30 23 1 1
31 22 1 1
31 23 1 1
31 25 1 1
31 24 1 1
32 21 1 1
32 31 1 1
32 27 1 1
32 29 1 1
33 26 1 1
33 27 1 1
33 29 1 1
33 24 1 1
34 30 1 1
34 26 1 1
34 29 1 1
34 25 1 1
35 23 1 1
35 28 1 1
35 24 1 1
35 31 1 1
36 30 1 1
36 27 1 1
36 32 1 1
36 34 1 1
37 27 1 1
37 30 1 1
37 29 1 1
37 36 1 1
38 21 1 1
38 34 1 1
38 36 1 1
38 25 1 1
39 33 1 1
39 31 1 1
39 24 1 1
39 37 1 1
20 35 1 1
20 36 1 1
20 33 1 1
20 38 1 1
21 27 1 1
21 25 1 1
21 35 1 1
21 36 1 1
22 33 1 1
22 35 1 1
22 32 1 1
22 30 1 1
23 32 1 1
23 38 1 1
23 28 1 1
23 36 1 1
44 42 2 2
44 43 2 2
44 40 2 2
44 41 2 2
45 42 2 2
45 41 2 2
45 40 2 2
45 43 2 2
46 40 2 2
46 42 2 2
46 43 2 2
46 45 2 2
47 45 2 2
47 46 2 2
47 42 2 2
47 41 2 2
48 45 2 2
48 41 2 2
48 40 2 2
48 46 2 2
49 44 2 2
49 43 2 2
49 42 2 2
49 40 2 2
50 45 2 2
50 48 2 2
50 49 2 2
50 42 2 2
51 44 2 2
51 48 2 2
51 49 2 2
51 42 2 2
52 48 2 2
52 45 2 2
52 49 2 2
52 43 2 2
53 42 2 2
53 46 2 2
53 48 2 2
53 47 2 2
54 41 2 2
54 50 2 2
54 49 2 2
54 40 2 2
55 47 2 2
55 50 2 2
55 48 2 2
55 52 2 2
56 45 2 2
56 50 2 2
56 42 2 2
56 48 2 2
57 46 2 2
57 49 2 2
57 45 2 2
57 50 2 2
58 47 2 2
58 55 2 2
58 49 2 2
58 45 2 2
59 50 2 2
59 47 2 2
59 57 2 2
59 46 2 2
40 47 2 2
40 59 2 2
40 56 2 2
40 51 2 2
41 53 2 2
41 46 2 2
41 58 2 2
41 56 2 2
42 52 2 2
42 48 2 2
42 57 2 2
42 55 2 2
43 50 2 2
43 53 2 2
43 47 2 2
43 54 2 2
64 61 3 3
64 60 3 3
64 62 3 3
64 63 3 3
65 61 3 3
65 63 3 3
65 60 3 3
65 64 3 3
66 60 3 3
66 61 3 3
66 64 3 3
66 62 3 3
67 62 3 3
67 60 3 3
67 63 3 3
67 64 3 3
68 62 3 3
68 64 3 3
68 60 3 3
68 61 3 3
69 60 3 3
69 61 3 3
69 65 3 3
69 63 3 3
70 65 3 3
70 61 3 3
70 69 3 3
70 60 3 3
71 67 3 3
71 69 3 3
71 60 3 3
71 65 3 3
72 65 3 3
72 66 3 3
72 64 3 3
72 69 3 3
73 67 3 3
73 60 3 3
73 65 3 3
73 70 3 3
74 73 3 3
74 62 3 3
74 63 3 3
74 70 3 3
75 64 3 3
75 63 3 3
75 72 3 3
75 66 3 3
76 75 3 3
76 68 3 3
76 69 3 3
76 60 3 3
77 66 3 3
77 68 3 3
77 63 3 3
77 76 3 3
78 67 3 3
78 65 3 3
78 61 3 3
78 74 3 3
79 67 3 3
79 62 3 3
79 64 3 3
79 68 3 3
60 78 3 3
60 74 3 3
60 79 3 3
60 75 3 3
61 67 3 3
61 77 3 3
61 79 3 3
61 76 3 3
62 75 3 3
62 65 3 3
62 69 3 3
62 77 3 3
63 79 3 3
63 73 3 3
63 66 3 3
63 68 3 3
84 83 4 4
84 80 4 4
84 81 4 4
84 82 4 4
85 83 4 4
85 82 4 4
85 80 4 4
85 84 4 4
86 82 4 4
86 81 4 4
86 85 4 4
86 80 4 4
87 82 4 4
87 81 4 4
87 86 4 4
87 83 4 4
88 82 4 4
88 86 4 4
88 87 4 4
88 83 4 4
89 88 4 4
89 81 4 4
89 83 4 4
89 82 4 4
90 82 4 4
90 80 4 4
90 86 4 4
90 89 4 4
91 81 4 4
91 85 4 4
91 87 4 4
91 90 4 4
92 80 4 4
92 83 4 4
92 84 4 4
92 88 4 4
93 91 4 4
93 88 4 4
93 85 4 4
93 90 4 4
94 83 4 4
94 86 4 4
94 90 4 4
94 82 4 4
95 92 4 4
95 80 4 4
95 84 4 4
95 83 4 4
96 89 4 4
96 91 4 4
96 93 4 4
96 92 4 4
97 82 4 4
97 81 4 4
97 86 4 4
97 91 4 4
98 85 4 4
98 97 4 4
98 87 4 4
98 95 4 4
99 85 4 4
99 81 4 4
99 90 4 4
99 82 4 4
80 98 4 4
80 99 4 4
80 91 4 4
80 93 4 4
81 90 4 4
81 92 4 4
81 96 4 4
81 98 4 4
82 91 4 4
82 98 4 4
82 92 4 4
82 96 4 4
83 96 4 4
83 86 4 4
83 91 4 4
83 99 4 4
104 102 5 5
104 101 5 5
104 103 5 5
104 100 5 5
105 104 5 5
105 102 5 5
105 103 5 5
105 101 5 5
106 105 5 5
106 103 5 5
106 102 5 5
106 101 5 5
107 106 5 5
107 105 5 5
107 101 5 5
107 103 5 5
108 100 5 5
108 103 5 5
108 104 5 5
108 101 5 5
109 107 5 5
109 100 5 5
109 101 5 5
109 103 5 5
110 101 5 5
110 103 5 5
110 102 5 5
110 104 5 5
111 102 5 5
111 110 5 5
111 101 5 5
111 100 5 5
112 102 5 5
112 103 5 5
112 109 5 5
112 108 5 5
113 102 5 5
113 111 5 5
113 110 5 5
113 104 5 5
114 106 5 5
114 109 5 5
114 103 5 5
114 107 5 5
115 106 5 5
115 113 5 5
115 100 5 5
115 111 5 5
116 100 5 5
116 105 5 5
116 111 5 5
116 103 5 5
117 108 5 5
117 107 5 5
117 110 5 5
117 100 5 5
118 108 5 5
118 111 5 5
118 104 5 5
118 115 5 5
119 106 5 5
119 115 5 5
119 117 5 5
119 108 5 5
100 112 5 5
100 114 5 5
100 113 5 5
100 119 5 5
101 113 5 5
101 119 5 5
101 116 5 5
101 115 5 5
102 107 5 5
102 115 5 5
102 119 5 5
102 108 5 5
103 119 5 5
103 115 5 5
103 111 5 5
103 118 5 5
124 120 6 6
124 121 6 6
124 123 6 6
124 122 6 6
125 122 6 6
125 121 6 6
125 123 6 6
125 124 6 6
126 124 6 6
126 123 6 6
126 125 6 6
126 122 6 6
127 124 6 6
127 122 6 6
127 120 6 6
127 121 6 6
128 120 6 6
128 121 6 6
128 125 6 6
128 122 6 6
129 124 6 6
129 123 6 6
129 128 6 6
129 125 6 6
130 123 6 6
130 127 6 6
130 129 6 6
130 125 6 6
131 123 6 6
131 125 6 6
131 129 6 6
131 126 6 6
132 131 6 6
132 122 6 6
132 126 6 6
132 125 6 6
133 123 6 6
133 127 6 6
133 128 6 6
133 120 6 6
134 121 6 6
134 128 6 6
134 127 6 6
134 122 6 6
135 123 6 6
135 124 6 6
135 125 6 6
135 127 6 6
136 131 6 6
136 125 6 6
136 130 6 6
136 127 6 6
137 136 6 6
137 131 6 6
137 127 6 6
137 128 6 6
138 134 6 6
138 136 6 6
138 125 6 6
138 132 6 6
139 133 6 6
139 131 6 6
139 125 6 6
139 132 6 6
120 134 6 6
120 137 6 6
120 136 6 6
120 135 6 6
121 131 6 6
121 132 6 6
121 136 6 6
121 138 6 6
122 133 6 6
122 129 6 6
122 139 6 6
122 130 6 6
123 127 6 6
123 139 6 6
123 137 6 6
123 132 6 6
144 142 7 7
144 143 7 7
144 141 7 7
144 140 7 7
145 140 7 7
145 144 7 7
145 141 7 7
145 143 7 7
146 142 7 7
146 143 7 7
146 144 7 7
146 141 7 7
147 143 7 7
147 145 7 7
147 141 7 7
147 142 7 7
148 145 7 7
148 141 7 7
148 140 7 7
148 142 7 7
149 142 7 7
149 144 7 7
149 141 7 7
149 148 7 7
150 143 7 7
150 141 7 7
150 142 7 7
150 149 7 7
151 140 7 7
151 145 7 7
151 150 7 7
151 149 7 7
152 150 7 7
152 142 7 7
152 149 7 7
152 151 7 7
153 146 7 7
153 140 7 7
153 143 7 7
153 141 7 7
154 153 7 7
154 146 7 7
154 141 7 7
154 144 7 7
155 140 7 7
155 148 7 7
155 145 7 7
155 150 7 7
156 141 7 7
156 152 7 7
156 146 7 7
156 154 7 7
157 144 7 7
157 143 7 7
157 153 7 7
157 147 7 7
158 152 7 7
158 142 7 7
158 141 7 7
158 148 7 7
159 154 7 7
159 146 7 7
159 156 7 7
159 142 7 7
140 159 7 7
140 157 7 7
140 152 7 7
140 158 7 7
141 152 7 7
141 151 7 7
141 155 7 7
141 159 7 7
142 154 7 7
142 156 7 7
142 153 7 7
142 157 7 7
143 159 7 7
143 151 7 7
143 149 7 7
143 152 7 7
164 160 8 8
164 161 8 8
164 162 8 8
164 163 8 8
165 160 8 8
165 164 8 8
165 161 8 8
165 162 8 8
166 164 8 8
166 162 8 8
166 163 8 8
166 165 8 8
167 161 8 8
167 160 8 8
167 165 8 8
167 162 8 8
168 166 8 8
168 162 8 8
168 161 8 8
168 165 8 8
169 164 8 8
169 162 8 8
169 167 8 8
169 161 8 8
170 160 8 8
170 168 8 8
170 161 8 8
170 164 8 8
171 163 8 8
171 164 8 8
171 162 8 8
171 161 8 8
172 166 8 8
172 168 8 8
172 161 8 8
172 170 8 8
173 170 8 8
173 166 8 8
173 167 8 8
173 171 8 8
174 164 8 8
174 171 8 8
174 165 8 8
174 161 8 8
175 174 8 8
175 169 8 8
175 161 8 8
175 164 8 8
176 170 8 8
176 166 8 8
176 174 8 8
176 162 8 8
177 165 8 8
177 163 8 8
177 166 8 8
177 162 8 8
178 175 8 8
178 166 8 8
178 170 8 8
178 162 8 8
179 166 8 8
179 178 8 8
179 164 8 8
179 160 8 8
160 166 8 8
160 169 8 8
160 175 8 8
160 177 8 8
161 178 8 8
161 166 8 8
161 173 8 8
161 179 8 8
162 172 8 8
162 179 8 8
162 174 8 8
162 170 8 8
163 174 8 8
163 173 8 8
163 169 8 8
163 178 8 8
184 180 9 9
184 181 9 9
184 183 9 9
184 182 9 9
185 183 9 9
185 181 9 9
185 184 9 9
185 180 9 9
186 184 9 9
186 181 9 9
186 183 9 9
186 180 9 9
187 184 9 9
187 183 9 9
187 180 9 9
187 186 9 9
188 182 9 9
188 183 9 9
188 180 9 9
188 181 9 9
189 180 9 9
189 184 9 9
189 187 9 9
189 182 9 9
190 180 9 9
190 189 9 9
190 185 9 9
190 187 9 9
191 184 9 9
191 189 9 9
191 185 9 9
191 187 9 9
192 191 9 9
192 184 9 9
192 190 9 9
192 187 9 9
193 187 9 9
193 188 9 9
193 191 9 9
193 185 9 9
194 181 9 9
194 186 9 9
194 180 9 9
194 183 9 9
195 187 9 9
195 183 9 9
195 182 9 9
195 180 9 9
196 182 9 9
196 184 9 9
196 183 9 9
196 185 9 9
197 190 9 9
197 183 9 9
197 181 9 9
197 184 9 9
198 187 9 9
198 184 9 9
198 188 9 9
198 191 9 9
199 195 9 9
199 198 9 9
199 182 9 9
199 181 9 9
180 191 9 9
180 196 9 9
180 199 9 9
180 193 9 9
181 196 9 9
181 187 9 9
181 193 9 9
181 191 9 9
182 187 9 9
182 194 9 9
182 192 9 9
182 197 9 9
183 198 9 9
183 190 9 9
183 199 9 9
183 191 9 9
204 201 10 10
204 203 10 10
204 202 10 10
204 200 10 10
205 203 10 10
205 202 10 10
205 201 10 10
205 204 10 10
206 200 10 10
206 201 10 10
206 202 10 10
206 203 10 10
207 200 10 10
207 206 10 10
207 202 10 10
207 203 10 10
208 201 10 10
208 203 10 10
208 202 10 10
208 206 10 10
209 208 10 10
209 204 10 10
209 207 10 10
209 203 10 10
210 209 10 10
210 203 10 10
210 208 10 10
210 205 10 10
211 208 10 10
211 210 10 10
211 209 10 10
211 206 10 10
212 202 10 10
212 211 10 10
212 208 10 10
212 205 10 10
213 200 10 10
213 202 10 10
213 207 10 10
213 206 10 10
214 213 10 10
214 208 10 10
214 206 10 10
214 204 10 10
215 203 10 10
215 209 10 10
215 210 10 10
215 211 10 10
216 200 10 10
216 201 10 10
216 207 10 10
216 214 10 10
217 212 10 10
217 207 10 10
217 213 10 10
217 211 10 10
218 210 10 10
218 212 10 10
218 207 10 10
218 211 10 10
219 213 10 10
219 202 10 10
219 211 10 10
219 209 10 10
200 214 10 10
200 215 10 10
200 208 10 10
200 217 10 10
201 219 10 10
201 214 10 10
201 215 10 10
201 211 10 10
202 211 10 10
202 210 10 10
202 214 10 10
202 217 10 10
203 219 10 10
203 211 10 10
203 218 10 10
203 213 10 10
224 220 11 11
224 223 11 11
224 222 11 11
224 221 11 11
225 223 11 11
225 220 11 11
225 221 11 11
225 222 11 11
226 222 11 11
226 221 11 11
226 224 11 11
226 220 11 11
227 221 11 11
227 222 11 11
227 224 11 11
227 220 11 11
228 222 11 11
228 224 11 11
228 221 11 11
228 226 11 11
229 220 11 11
229 225 11 11
229 224 11 11
229 223 11 11
230 228 11 11
230 223 11 11
230 220 11 11
230 224 11 11
231 224 11 11
231 229 11 11
231 228 11 11
231 221 11 11
232 220 11 11
232 226 11 11
232 229 11 11
232 225 11 11
233 220 11 11
233 224 11 11
233 230 11 11
233 229 11 11
234 220 11 11
234 229 11 11
234 223 11 11
234 225 11 11
235 224 11 11
235 230 11 11
235 228 11 11
235 225 11 11
236 227 11 11
236 228 11 11
236 235 11 11
236 231 11 11
237 233 11 11
237 230 11 11
237 232 11 11
237 231 11 11
238 224 11 11
238 226 11 11
238 221 11 11
238 236 11 11
239 230 11 11
239 220 11 11
239 224 11 11
239 223 11 11
220 228 11 11
220 238 11 11
220 237 11 11
220 231 11 11
221 234 11 11
221 232 11 11
221 235 11 11
221 230 11 11
222 231 11 11
222 232 11 11
222 236 11 11
222 238 11 11
223 238 11 11
223 233 11 11
223 237 11 11
223 236 11 11
244 243 12 12
244 242 12 12
244 240 12 12
244 241 12 12
245 241 12 12
245 242 12 12
245 240 12 12
245 244 12 12
246 241 12 12
246 245 12 12
246 242 12 12
246 243 12 12
247 243 12 12
247 241 12 12
247 242 12 12
247 246 12 12
248 241 12 12
248 246 12 12
248 247 12 12
248 240 12 12
249 242 12 12
249 241 12 12
249 243 12 12
249 244 12 12
250 241 12 12
250 245 12 12
250 244 12 12
250 246 12 12
251 247 12 12
251 245 12 12
251 242 12 12
251 241 12 12
252 240 12 12
252 247 12 12
252 250 12 12
252 249 12 12
253 242 12 12
253 246 12 12
253 240 12 12
253 243 12 12
254 250 12 12
254 247 12 12
254 244 12 12
254 245 12 12
255 242 12 12
255 247 12 12
255 252 12 12
255 243 12 12
256 244 12 12
256 249 12 12
256 243 12 12
256 251 12 12
257 247 12 12
257 241 12 12
257 251 12 12
257 240 12 12
258 241 12 12
258 256 12 12
258 255 12 12
258 245 12 12
259 247 12 12
259 256 12 12
259 242 12 12
259 254 12 12
240 250 12 12
240 247 12 12
240 255 12 12
240 251 12 12
241 252 12 12
241 256 12 12
241 255 12 12
241 259 12 12
242 254 12 12
242 258 12 12
242 256 12 12
242 252 12 12
243 252 12 12
243 258 12 12
243 245 12 12
243 248 12 12
264 262 13 13
264 261 13 13
264 260 13 13
264 263 13 13
265 262 13 13
265 260 13 13
265 264 13 13
265 261 13 13
266 261 13 13
266 260 13 13
266 263 13 13
266 262 13 13
267 262 13 13
267 265 13 13
267 264 13 13
267 266 13 13
268 266 13 13
268 264 13 13
268 261 13 13
268 263 13 13
269 267 13 13
269 264 13 13
269 266 13 13
269 261 13 13
270 268 13 13
270 260 13 13
270 266 13 13
270 263 13 13
271 266 13 13
271 262 13 13
271 263 13 13
271 260 13 13
272 260 13 13
272 265 13 13
272 262 13 13
272 271 13 13
273 260 13 13
273 264 13 13
273 261 13 13
273 270 13 13
274 260 13 13
274 268 13 13
274 270 13 13
274 264 13 13
275 268 13 13
275 266 13 13
275 270 13 13
275 263 13 13
276 261 13 13
276 274 13 13
276 263 13 13
276 269 13 13
277 270 13 13
277 262 13 13
277 263 13 13
277 260 13 13
278 272 13 13
278 271 13 13
278 275 13 13
278 262 13 13
279 262 13 13
279 265 13 13
279 277 13 13
279 269 13 13
260 278 13 13
260 269 13 13
260 267 13 13
260 276 13 13
261 267 13 13
261 277 13 13
261 270 13 13
261 271 13 13
262 274 13 13
262 275 13 13
262 270 13 13
262 269 13 13
263 274 13 13
263 272 13 13
263 278 13 13
263 267 13 13
284 280 14 14
284 281 14 14
284 283 14 14
284 282 14 14
285 282 14 14
285 281 14 14
285 284 14 14
285 283 14 14
286 283 14 14
286 284 14 14
286 285 14 14
286 281 14 14
287 283 14 14
287 285 14 14
287 281 14 14
287 282 14 14
288 285 14 14
288 282 14 14
288 280 14 14
288 284 14 14
289 281 14 14
289 288 14 14
289 284 14 14
289 287 14 14
290 289 14 14
290 281 14 14
290 280 14 14
290 284 14 14
291 285 14 14
291 290 14 14
291 282 14 14
291 280 14 14
292 290 14 14
292 282 14 14
292 291 14 14
292 280 14 14
293 285 14 14
293 290 14 14
293 280 14 14
293 284 14 14
294 289 14 14
294 293 14 14
294 292 14 14
294 285 14 14
295 281 14 14
295 287 14 14
295 288 14 14
295 285 14 14
296 289 14 14
296 293 14 14
296 287 14 14
296 285 14 14
297 290 14 14
297 293 14 14
297 287 14 14
297 296 14 14
298 296 14 14
298 293 14 14
298 282 14 14
298 295 14 14
299 283 14 14
299 294 14 14
299 295 14 14
299 290 14 14
280 285 14 14
280 294 14 14
280 295 14 14
280 289 14 14
281 297 14 14
281 298 14 14
281 294 14 14
281 291 14 14
282 290 14 14
282 297 14 14
282 289 14 14
282 293 14 14
283 297 14 14
283 290 14 14
283 298 14 14
283 293 14 14
304 303 15 15
304 302 15 15
304 301 15 15
304 300 15 15
305 300 15 15
305 304 15 15
305 301 15 15
305 302 15 15
306 304 15 15
306 302 15 15
306 303 15 15
306 300 15 15
307 304 15 15
307 306 15 15
307 302 15 15
307 301 15 15
308 306 15 15
308 304 15 15
308 302 15 15
308 301 15 15
309 308 15 15
309 300 15 15
309 307 15 15
309 301 15 15
310 309 15 15
310 301 15 15
310 306 15 15
310 304 15 15
311 310 15 15
311 305 15 15
311 300 15 15
311 303 15 15
312 308 15 15
312 307 15 15
312 305 15 15
312 310 15 15
313 305 15 15
313 312 15 15
313 300 15 15
313 311 15 15
314 308 15 15
314 305 15 15
314 313 15 15
314 301 15 15
315 303 15 15
315 306 15 15
315 307 15 15
315 309 15 15
316 308 15 15
316 312 15 15
316 314 15 15
316 303 15 15
317 313 15 15
317 300 15 15
317 306 15 15
317 307 15 15
318 304 15 15
318 310 15 15
318 306 15 15
318 307 15 15
319 303 15 15
319 301 15 15
319 312 15 15
319 316 15 15
300 315 15 15
300 316 15 15
300 319 15 15
300 312 15 15
301 315 15 15
301 312 15 15
301 313 15 15
301 306 15 15
302 311 15 15
302 319 15 15
302 313 15 15
302 315 15 15
303 312 15 15
303 314 15 15
303 310 15 15
303 308 15 15
80 32 4 1
80 65 4 3
94 55 4 2
83 19 4 0
102 57 5 2
104 87 5 4
116 60 5 3
108 4 5 0
139 103 6 5
123 84 6 4
128 42 6 2
139 30 6 1
149 78 7 3
153 22 7 1
158 96 7 4
150 46 7 2
172 150 8 7
166 118 8 5
173 88 8 4
165 124 8 6
181 22 9 1
194 129 9 6
185 67 9 3
186 140 9 7
203 27 10 1
209 91 10 4
202 160 10 8
211 141 10 7
221 93 11 4
222 152 11 7
239 50 11 2
235 14 11 0
244 86 12 4
254 141 12 7
248 108 12 5
247 182 12 9
277 112 13 5
265 80 13 4
274 139 13 6
262 169 13 8
288 214 14 10
284 21 14 1
289 196 14 9
299 141 14 7
317 113 15 5
308 242 15 12
307 98 15 4
308 34 15 1
18 247 0 12
14 205 0 10
0 315 0 15
11 183 0 9
23 227 1 11
34 117 1 5
25 275 1 13
36 161 1 8
57 168 2 8
45 241 2 12
55 280 2 14
52 194 2 9
75 214 3 10
76 238 3 11
60 252 3 12
72 263 3 13
