swNum = 320
edgeNum = 1342

0 0
1 0
2 0
3 0
4 0
5 0
6 0
7 0
8 0
9 0
10 0
11 0
12 0
13 0
14 0
15 0
16 0
17 0
18 0
19 0
20 1
21 1
22 1
23 1
24 1
25 1
26 1
27 1
28 1
29 1
30 1
31 1
32 1
33 1
34 1
35 1
36 1
37 1
38 1
39 1
40 2
41 2
42 2
43 2
44 2
45 2
46 2
47 2
48 2
49 2
50 2
51 2
52 2
53 2
54 2
55 2
56 2
57 2
58 2
59 2
60 3
61 3
62 3
63 3
64 3
65 3
66 3
67 3
68 3
69 3
70 3
71 3
72 3
73 3
74 3
75 3
76 3
77 3
78 3
79 3
80 4
81 4
82 4
83 4
84 4
85 4
86 4
87 4
88 4
89 4
90 4
91 4
92 4
93 4
94 4
95 4
96 4
97 4
98 4
99 4
100 5
101 5
102 5
103 5
104 5
105 5
106 5
107 5
108 5
109 5
110 5
111 5
112 5
113 5
114 5
115 5
116 5
117 5
118 5
119 5
120 6
121 6
122 6
123 6
124 6
125 6
126 6
127 6
128 6
129 6
130 6
131 6
132 6
133 6
134 6
135 6
136 6
137 6
138 6
139 6
140 7
141 7
142 7
143 7
144 7
145 7
146 7
147 7
148 7
149 7
150 7
151 7
152 7
153 7
154 7
155 7
156 7
157 7
158 7
159 7
160 8
161 8
162 8
163 8
164 8
165 8
166 8
167 8
168 8
169 8
170 8
171 8
172 8
173 8
174 8
175 8
176 8
177 8
178 8
179 8
180 9
181 9
182 9
183 9
184 9
185 9
186 9
187 9
188 9
189 9
190 9
191 9
192 9
193 9
194 9
195 9
196 9
197 9
198 9
199 9
200 10
201 10
202 10
203 10
204 10
205 10
206 10
207 10
208 10
209 10
210 10
211 10
212 10
213 10
214 10
215 10
216 10
217 10
218 10
219 10
220 11
221 11
222 11
223 11
224 11
225 11
226 11
227 11
228 11
229 11
230 11
231 11
232 11
233 11
234 11
235 11
236 11
237 11
238 11
239 11
240 12
241 12
242 12
243 12
244 12
245 12
246 12
247 12
248 12
249 12
250 12
251 12
252 12
253 12
254 12
255 12
256 12
257 12
258 12
259 12
260 13
261 13
262 13
263 13
264 13
265 13
266 13
267 13
268 13
269 13
270 13
271 13
272 13
273 13
274 13
275 13
276 13
277 13
278 13
279 13
280 14
281 14
282 14
283 14
284 14
285 14
286 14
287 14
288 14
289 14
290 14
291 14
292 14
293 14
294 14
295 14
296 14
297 14
298 14
299 14
300 15
301 15
302 15
303 15
304 15
305 15
306 15
307 15
308 15
309 15
310 15
311 15
312 15
313 15
314 15
315 15
316 15
317 15
318 15
319 15

4 0 0 0
4 2 0 0
4 3 0 0
4 1 0 0
5 2 0 0
5 0 0 0
5 3 0 0
5 4 0 0
6 5 0 0
6 2 0 0
6 0 0 0
6 3 0 0
7 1 0 0
7 3 0 0
7 2 0 0
7 0 0 0
8 7 0 0
8 6 0 0
8 4 0 0
8 2 0 0
9 6 0 0
9 5 0 0
9 7 0 0
9 2 0 0
10 4 0 0
10 0 0 0
10 9 0 0
10 2 0 0
11 2 0 0
11 6 0 0
11 9 0 0
11 8 0 0
12 4 0 0
12 2 0 0
12 10 0 0
12 11 0 0
13 4 0 0
13 5 0 0
13 1 0 0
13 10 0 0
14 4 0 0
14 0 0 0
14 2 0 0
14 12 0 0
15 10 0 0
15 5 0 0
15 11 0 0
15 8 0 0
16 3 0 0
16 4 0 0
16 0 0 0
16 12 0 0
17 11 0 0
17 14 0 0
17 12 0 0
17 15 0 0
18 4 0 0
18 2 0 0
18 7 0 0
18 6 0 0
19 4 0 0
19 7 0 0
19 0 0 0
19 1 0 0
0 18 0 0
0 8 0 0
0 12 0 0
0 11 0 0
1 15 0 0
1 11 0 0
1 10 0 0
1 5 0 0
2 13 0 0
2 16 0 0
2 15 0 0
2 19 0 0
3 18 0 0
3 12 0 0
3 9 0 0
3 14 0 0
24 22 1 1
24 21 1 1
24 23 1 1
24 20 1 1
25 20 1 1
25 23 1 1
25 24 1 1
25 22 1 1
26 24 1 1
26 23 1 1
26 21 1 1
26 22 1 1
27 22 1 1
27 21 1 1
27 26 1 1
27 24 1 1
28 27 1 1
28 26 1 1
28 21 1 1
28 23 1 1
29 28 1 1
29 25 1 1
29 26 1 1
29 22 1 1
30 28 1 1
30 26 1 1
30 22 1 1
30 23 1 1
31 20 1 1
31 26 1 1
31 29 1 1
31 27 1 1
32 31 1 1
32 20 1 1
32 29 1 1
32 22 1 1
33 30 1 1
33 31 1 1
33 29 1 1
33 25 1 1
34 33 1 1
34 28 1 1
34 23 1 1
34 30 1 1
35 31 1 1
35 20 1 1
35 34 1 1
35 26 1 1
36 21 1 1
36 26 1 1
36 22 1 1
36 23 1 1
37 33 1 1
37 31 1 1
37 35 1 1
37 23 1 1
38 32 1 1
38 29 1 1
38 28 1 1
38 31 1 1
39 35 1 1
39 33 1 1
39 29 1 1
39 38 1 1
20 34 1 1
20 28 1 1
20 29 1 1
20 39 1 1
21 39 1 1
21 32 1 1
21 34 1 1
21 33 1 1
22 39 1 1
22 31 1 1
22 34 1 1
22 28 1 1
23 35 1 1
23 38 1 1
23 33 1 1
23 27 1 1
44 40 2 2
44 43 2 2
44 42 2 2
44 41 2 2
45 44 2 2
45 41 2 2
45 40 2 2
45 42 2 2
46 45 2 2
46 41 2 2
46 42 2 2
46 44 2 2
47 40 2 2
47 43 2 2
47 41 2 2
47 45 2 2
48 44 2 2
48 46 2 2
48 41 2 2
48 43 2 2
49 47 2 2
49 41 2 2
49 48 2 2
49 40 2 2
50 41 2 2
50 49 2 2
50 47 2 2
50 42 2 2
51 49 2 2
51 47 2 2
51 43 2 2
51 48 2 2
52 46 2 2
52 50 2 2
52 42 2 2
52 40 2 2
53 41 2 2
53 47 2 2
53 44 2 2
53 48 2 2
54 43 2 2
54 40 2 2
54 44 2 2
54 52 2 2
55 45 2 2
55 44 2 2
55 42 2 2
55 41 2 2
56 54 2 2
56 49 2 2
56 41 2 2
56 51 2 2
57 52 2 2
57 53 2 2
57 56 2 2
57 54 2 2
58 52 2 2
58 46 2 2
58 49 2 2
58 57 2 2
59 48 2 2
59 42 2 2
59 54 2 2
59 41 2 2
40 58 2 2
40 53 2 2
40 51 2 2
40 56 2 2
41 52 2 2
41 58 2 2
41 51 2 2
41 57 2 2
42 49 2 2
42 54 2 2
42 53 2 2
42 48 2 2
43 59 2 2
43 53 2 2
43 55 2 2
43 50 2 2
64 62 3 3
64 63 3 3
64 61 3 3
64 60 3 3
65 61 3 3
65 64 3 3
65 62 3 3
65 60 3 3
66 62 3 3
66 60 3 3
66 65 3 3
66 63 3 3
67 60 3 3
67 64 3 3
67 63 3 3
67 61 3 3
68 64 3 3
68 65 3 3
68 67 3 3
68 60 3 3
69 60 3 3
69 61 3 3
69 67 3 3
69 68 3 3
70 64 3 3
70 61 3 3
70 65 3 3
70 66 3 3
71 60 3 3
71 63 3 3
71 67 3 3
71 61 3 3
72 67 3 3
72 71 3 3
72 64 3 3
72 68 3 3
73 72 3 3
73 64 3 3
73 62 3 3
73 66 3 3
74 71 3 3
74 64 3 3
74 63 3 3
74 62 3 3
75 70 3 3
75 63 3 3
75 73 3 3
75 67 3 3
76 66 3 3
76 65 3 3
76 67 3 3
76 70 3 3
77 74 3 3
77 70 3 3
77 71 3 3
77 63 3 3
78 61 3 3
78 60 3 3
78 73 3 3
78 64 3 3
79 66 3 3
79 60 3 3
79 71 3 3
79 77 3 3
60 74 3 3
60 70 3 3
60 77 3 3
60 75 3 3
61 73 3 3
61 72 3 3
61 77 3 3
61 76 3 3
62 70 3 3
62 76 3 3
62 69 3 3
62 78 3 3
63 72 3 3
63 79 3 3
63 68 3 3
63 65 3 3
84 83 4 4
84 82 4 4
84 81 4 4
84 80 4 4
85 80 4 4
85 83 4 4
85 82 4 4
85 81 4 4
86 84 4 4
86 83 4 4
86 82 4 4
86 85 4 4
87 86 4 4
87 81 4 4
87 80 4 4
87 83 4 4
88 87 4 4
88 85 4 4
88 82 4 4
88 80 4 4
89 83 4 4
89 85 4 4
89 88 4 4
89 87 4 4
90 83 4 4
90 86 4 4
90 84 4 4
90 81 4 4
91 90 4 4
91 85 4 4
91 81 4 4
91 86 4 4
92 90 4 4
92 85 4 4
92 86 4 4
92 83 4 4
93 82 4 4
93 80 4 4
93 87 4 4
93 89 4 4
94 86 4 4
94 89 4 4
94 83 4 4
94 91 4 4
95 86 4 4
95 80 4 4
95 83 4 4
95 92 4 4
96 95 4 4
96 85 4 4
96 81 4 4
96 93 4 4
97 90 4 4
97 96 4 4
97 80 4 4
97 88 4 4
98 90 4 4
98 83 4 4
98 85 4 4
98 91 4 4
99 84 4 4
99 92 4 4
99 86 4 4
99 80 4 4
80 98 4 4
80 92 4 4
80 96 4 4
80 86 4 4
81 94 4 4
81 95 4 4
81 98 4 4
81 86 4 4
82 94 4 4
82 95 4 4
82 89 4 4
82 87 4 4
83 99 4 4
83 93 4 4
83 91 4 4
83 97 4 4
104 102 5 5
104 101 5 5
104 103 5 5
104 100 5 5
105 101 5 5
105 102 5 5
105 104 5 5
105 103 5 5
106 103 5 5
106 100 5 5
106 101 5 5
106 102 5 5
107 106 5 5
107 103 5 5
107 101 5 5
107 100 5 5
108 106 5 5
108 105 5 5
108 101 5 5
108 107 5 5
109 103 5 5
109 100 5 5
109 106 5 5
109 101 5 5
110 101 5 5
110 102 5 5
110 105 5 5
110 103 5 5
111 104 5 5
111 100 5 5
111 110 5 5
111 102 5 5
112 111 5 5
112 103 5 5
112 102 5 5
112 104 5 5
113 110 5 5
113 101 5 5
113 103 5 5
113 102 5 5
114 106 5 5
114 101 5 5
114 109 5 5
114 107 5 5
115 110 5 5
115 105 5 5
115 103 5 5
115 102 5 5
116 113 5 5
116 108 5 5
116 106 5 5
116 101 5 5
117 108 5 5
117 110 5 5
117 116 5 5
117 107 5 5
118 107 5 5
118 117 5 5
118 101 5 5
118 103 5 5
119 106 5 5
119 111 5 5
119 100 5 5
119 104 5 5
100 116 5 5
100 114 5 5
100 110 5 5
100 118 5 5
101 115 5 5
101 112 5 5
101 117 5 5
101 111 5 5
102 116 5 5
102 107 5 5
102 117 5 5
102 108 5 5
103 116 5 5
103 111 5 5
103 117 5 5
103 114 5 5
124 123 6 6
124 121 6 6
124 120 6 6
124 122 6 6
125 120 6 6
125 123 6 6
125 124 6 6
125 121 6 6
126 123 6 6
126 121 6 6
126 122 6 6
126 120 6 6
127 126 6 6
127 125 6 6
127 123 6 6
127 122 6 6
128 125 6 6
128 127 6 6
128 122 6 6
128 124 6 6
129 126 6 6
129 121 6 6
129 120 6 6
129 124 6 6
130 127 6 6
130 126 6 6
130 120 6 6
130 129 6 6
131 121 6 6
131 126 6 6
131 123 6 6
131 125 6 6
132 127 6 6
132 125 6 6
132 129 6 6
132 121 6 6
133 126 6 6
133 125 6 6
133 132 6 6
133 127 6 6
134 125 6 6
134 120 6 6
134 123 6 6
134 132 6 6
135 131 6 6
135 129 6 6
135 126 6 6
135 125 6 6
136 126 6 6
136 130 6 6
136 129 6 6
136 132 6 6
137 136 6 6
137 128 6 6
137 125 6 6
137 127 6 6
138 135 6 6
138 129 6 6
138 133 6 6
138 132 6 6
139 133 6 6
139 136 6 6
139 124 6 6
139 122 6 6
120 137 6 6
120 133 6 6
120 138 6 6
120 128 6 6
121 137 6 6
121 139 6 6
121 128 6 6
121 127 6 6
122 137 6 6
122 133 6 6
122 132 6 6
122 134 6 6
123 138 6 6
123 129 6 6
123 136 6 6
123 132 6 6
144 143 7 7
144 142 7 7
144 140 7 7
144 141 7 7
145 141 7 7
145 144 7 7
145 143 7 7
145 142 7 7
146 142 7 7
146 140 7 7
146 145 7 7
146 144 7 7
147 142 7 7
147 140 7 7
147 146 7 7
147 143 7 7
148 142 7 7
148 140 7 7
148 145 7 7
148 141 7 7
149 141 7 7
149 145 7 7
149 142 7 7
149 147 7 7
150 147 7 7
150 140 7 7
150 142 7 7
150 146 7 7
151 140 7 7
151 150 7 7
151 146 7 7
151 142 7 7
152 142 7 7
152 150 7 7
152 148 7 7
152 141 7 7
153 147 7 7
153 145 7 7
153 142 7 7
153 149 7 7
154 147 7 7
154 146 7 7
154 148 7 7
154 151 7 7
155 153 7 7
155 149 7 7
155 141 7 7
155 145 7 7
156 143 7 7
156 146 7 7
156 141 7 7
156 144 7 7
157 142 7 7
157 153 7 7
157 147 7 7
157 140 7 7
158 149 7 7
158 147 7 7
158 148 7 7
158 145 7 7
159 140 7 7
159 146 7 7
159 153 7 7
159 151 7 7
140 158 7 7
140 145 7 7
140 153 7 7
140 154 7 7
141 158 7 7
141 150 7 7
141 157 7 7
141 151 7 7
142 154 7 7
142 159 7 7
142 156 7 7
142 158 7 7
143 154 7 7
143 159 7 7
143 149 7 7
143 152 7 7
164 162 8 8
164 160 8 8
164 163 8 8
164 161 8 8
165 160 8 8
165 162 8 8
165 161 8 8
165 163 8 8
166 161 8 8
166 162 8 8
166 165 8 8
166 160 8 8
167 163 8 8
167 165 8 8
167 160 8 8
167 162 8 8
168 162 8 8
168 164 8 8
168 160 8 8
168 165 8 8
169 162 8 8
169 167 8 8
169 165 8 8
169 168 8 8
170 162 8 8
170 163 8 8
170 169 8 8
170 167 8 8
171 169 8 8
171 164 8 8
171 170 8 8
171 163 8 8
172 163 8 8
172 169 8 8
172 167 8 8
172 165 8 8
173 164 8 8
173 163 8 8
173 169 8 8
173 172 8 8
174 166 8 8
174 162 8 8
174 165 8 8
174 167 8 8
175 169 8 8
175 173 8 8
175 162 8 8
175 166 8 8
176 166 8 8
176 163 8 8
176 174 8 8
176 161 8 8
177 162 8 8
177 164 8 8
177 166 8 8
177 176 8 8
178 160 8 8
178 173 8 8
178 174 8 8
178 165 8 8
179 170 8 8
179 160 8 8
179 177 8 8
179 162 8 8
160 173 8 8
160 172 8 8
160 175 8 8
160 171 8 8
161 178 8 8
161 167 8 8
161 179 8 8
161 174 8 8
162 176 8 8
162 172 8 8
162 171 8 8
162 173 8 8
163 169 8 8
163 168 8 8
163 178 8 8
163 177 8 8
184 183 9 9
184 181 9 9
184 180 9 9
184 182 9 9
185 182 9 9
185 183 9 9
185 184 9 9
185 180 9 9
186 181 9 9
186 185 9 9
186 183 9 9
186 180 9 9
187 184 9 9
187 181 9 9
187 182 9 9
187 185 9 9
188 183 9 9
188 182 9 9
188 187 9 9
188 186 9 9
189 183 9 9
189 185 9 9
189 181 9 9
189 188 9 9
190 181 9 9
190 189 9 9
190 183 9 9
190 180 9 9
191 181 9 9
191 189 9 9
191 183 9 9
191 186 9 9
192 186 9 9
192 181 9 9
192 185 9 9
192 187 9 9
193 185 9 9
193 183 9 9
193 181 9 9
193 182 9 9
194 180 9 9
194 184 9 9
194 189 9 9
194 187 9 9
195 188 9 9
195 190 9 9
195 192 9 9
195 182 9 9
196 190 9 9
196 187 9 9
196 180 9 9
196 191 9 9
197 188 9 9
197 182 9 9
197 185 9 9
197 192 9 9
198 192 9 9
198 189 9 9
198 188 9 9
198 193 9 9
199 188 9 9
199 194 9 9
199 187 9 9
199 193 9 9
180 187 9 9
180 189 9 9
180 191 9 9
180 195 9 9
181 185 9 9
181 199 9 9
181 196 9 9
181 198 9 9
182 191 9 9
182 186 9 9
182 199 9 9
182 194 9 9
183 199 9 9
183 198 9 9
183 187 9 9
183 197 9 9
204 200 10 10
204 202 10 10
204 203 10 10
204 201 10 10
205 204 10 10
205 200 10 10
205 201 10 10
205 202 10 10
206 205 10 10
206 204 10 10
206 200 10 10
206 201 10 10
207 202 10 10
207 203 10 10
207 204 10 10
207 200 10 10
208 205 10 10
208 200 10 10
208 201 10 10
208 202 10 10
209 201 10 10
209 200 10 10
209 208 10 10
209 207 10 10
210 207 10 10
210 201 10 10
210 200 10 10
210 203 10 10
211 206 10 10
211 201 10 10
211 207 10 10
211 204 10 10
212 202 10 10
212 210 10 10
212 208 10 10
212 207 10 10
213 203 10 10
213 210 10 10
213 212 10 10
213 209 10 10
214 209 10 10
214 200 10 10
214 207 10 10
214 213 10 10
215 207 10 10
215 213 10 10
215 201 10 10
215 202 10 10
216 204 10 10
216 212 10 10
216 213 10 10
216 215 10 10
217 213 10 10
217 211 10 10
217 200 10 10
217 208 10 10
218 201 10 10
218 212 10 10
218 213 10 10
218 205 10 10
219 214 10 10
219 206 10 10
219 200 10 10
219 217 10 10
200 212 10 10
200 216 10 10
200 211 10 10
200 218 10 10
201 213 10 10
201 212 10 10
201 216 10 10
201 207 10 10
202 211 10 10
202 210 10 10
202 213 10 10
202 214 10 10
203 205 10 10
203 216 10 10
203 218 10 10
203 214 10 10
224 223 11 11
224 220 11 11
224 221 11 11
224 222 11 11
225 221 11 11
225 224 11 11
225 220 11 11
225 222 11 11
226 220 11 11
226 221 11 11
226 223 11 11
226 224 11 11
227 223 11 11
227 224 11 11
227 222 11 11
227 225 11 11
228 221 11 11
228 225 11 11
228 227 11 11
228 222 11 11
229 221 11 11
229 227 11 11
229 228 11 11
229 225 11 11
230 228 11 11
230 227 11 11
230 222 11 11
230 223 11 11
231 224 11 11
231 227 11 11
231 225 11 11
231 223 11 11
232 224 11 11
232 220 11 11
232 228 11 11
232 229 11 11
233 220 11 11
233 230 11 11
233 221 11 11
233 222 11 11
234 227 11 11
234 233 11 11
234 224 11 11
234 221 11 11
235 229 11 11
235 225 11 11
235 226 11 11
235 220 11 11
236 220 11 11
236 233 11 11
236 232 11 11
236 224 11 11
237 224 11 11
237 230 11 11
237 228 11 11
237 231 11 11
238 227 11 11
238 224 11 11
238 234 11 11
238 223 11 11
239 221 11 11
239 233 11 11
239 228 11 11
239 237 11 11
220 234 11 11
220 237 11 11
220 238 11 11
220 231 11 11
221 227 11 11
221 231 11 11
221 237 11 11
221 238 11 11
222 238 11 11
222 235 11 11
222 237 11 11
222 231 11 11
223 228 11 11
223 225 11 11
223 229 11 11
223 233 11 11
244 243 12 12
244 240 12 12
244 241 12 12
244 242 12 12
245 243 12 12
245 244 12 12
245 242 12 12
245 241 12 12
246 241 12 12
246 242 12 12
246 243 12 12
246 244 12 12
247 245 12 12
247 240 12 12
247 243 12 12
247 246 12 12
248 242 12 12
248 241 12 12
248 246 12 12
248 243 12 12
249 246 12 12
249 242 12 12
249 248 12 12
249 247 12 12
250 244 12 12
250 240 12 12
250 247 12 12
250 241 12 12
251 241 12 12
251 243 12 12
251 245 12 12
251 246 12 12
252 251 12 12
252 241 12 12
252 243 12 12
252 245 12 12
253 241 12 12
253 248 12 12
253 245 12 12
253 252 12 12
254 252 12 12
254 248 12 12
254 249 12 12
254 243 12 12
255 248 12 12
255 246 12 12
255 242 12 12
255 251 12 12
256 255 12 12
256 253 12 12
256 247 12 12
256 248 12 12
257 250 12 12
257 240 12 12
257 246 12 12
257 251 12 12
258 244 12 12
258 249 12 12
258 242 12 12
258 241 12 12
259 250 12 12
259 258 12 12
259 249 12 12
259 245 12 12
240 255 12 12
240 253 12 12
240 251 12 12
240 249 12 12
241 255 12 12
241 249 12 12
241 259 12 12
241 257 12 12
242 254 12 12
242 259 12 12
242 253 12 12
242 256 12 12
243 250 12 12
243 255 12 12
243 249 12 12
243 257 12 12
264 263 13 13
264 262 13 13
264 261 13 13
264 260 13 13
265 264 13 13
265 263 13 13
265 262 13 13
265 261 13 13
266 263 13 13
266 261 13 13
266 262 13 13
266 260 13 13
267 262 13 13
267 265 13 13
267 266 13 13
267 264 13 13
268 266 13 13
268 263 13 13
268 262 13 13
268 265 13 13
269 266 13 13
269 262 13 13
269 265 13 13
269 264 13 13
270 263 13 13
270 266 13 13
270 262 13 13
270 269 13 13
271 262 13 13
271 264 13 13
271 270 13 13
271 268 13 13
272 267 13 13
272 268 13 13
272 271 13 13
272 262 13 13
273 270 13 13
273 266 13 13
273 261 13 13
273 263 13 13
274 262 13 13
274 269 13 13
274 264 13 13
274 265 13 13
275 262 13 13
275 272 13 13
275 267 13 13
275 269 13 13
276 273 13 13
276 261 13 13
276 266 13 13
276 270 13 13
277 264 13 13
277 262 13 13
277 274 13 13
277 269 13 13
278 270 13 13
278 261 13 13
278 260 13 13
278 262 13 13
279 260 13 13
279 261 13 13
279 264 13 13
279 262 13 13
260 268 13 13
260 277 13 13
260 276 13 13
260 267 13 13
261 270 13 13
261 275 13 13
261 271 13 13
261 272 13 13
262 273 13 13
262 276 13 13
263 277 13 13
263 269 13 13
263 278 13 13
263 267 13 13
284 282 14 14
284 283 14 14
284 281 14 14
284 280 14 14
285 284 14 14
285 280 14 14
285 281 14 14
285 282 14 14
286 283 14 14
286 281 14 14
286 282 14 14
286 280 14 14
287 285 14 14
287 280 14 14
287 283 14 14
287 286 14 14
288 282 14 14
288 286 14 14
288 281 14 14
288 285 14 14
289 284 14 14
289 282 14 14
289 286 14 14
289 285 14 14
290 281 14 14
290 286 14 14
290 285 14 14
290 288 14 14
291 286 14 14
291 280 14 14
291 288 14 14
291 290 14 14
292 287 14 14
292 280 14 14
292 291 14 14
292 285 14 14
293 280 14 14
293 284 14 14
293 287 14 14
293 292 14 14
294 287 14 14
294 283 14 14
294 282 14 14
294 285 14 14
295 292 14 14
295 287 14 14
295 280 14 14
295 291 14 14
296 286 14 14
296 295 14 14
296 293 14 14
296 291 14 14
297 282 14 14
297 296 14 14
297 281 14 14
297 290 14 14
298 288 14 14
298 281 14 14
298 290 14 14
298 289 14 14
299 295 14 14
299 280 14 14
299 292 14 14
299 291 14 14
280 288 14 14
280 294 14 14
280 297 14 14
280 298 14 14
281 291 14 14
281 294 14 14
281 295 14 14
281 296 14 14
282 296 14 14
282 291 14 14
282 293 14 14
282 298 14 14
283 293 14 14
283 295 14 14
283 296 14 14
283 291 14 14
304 300 15 15
304 303 15 15
304 301 15 15
304 302 15 15
305 304 15 15
305 301 15 15
305 302 15 15
305 303 15 15
306 304 15 15
306 305 15 15
306 300 15 15
306 301 15 15
307 300 15 15
307 306 15 15
307 304 15 15
307 305 15 15
308 307 15 15
308 303 15 15
308 305 15 15
308 304 15 15
309 302 15 15
309 303 15 15
309 306 15 15
309 308 15 15
310 306 15 15
310 305 15 15
310 300 15 15
310 309 15 15
311 304 15 15
311 305 15 15
311 306 15 15
311 307 15 15
312 304 15 15
312 308 15 15
312 305 15 15
312 311 15 15
313 303 15 15
313 300 15 15
313 311 15 15
313 301 15 15
314 308 15 15
314 303 15 15
314 306 15 15
314 307 15 15
315 301 15 15
315 308 15 15
315 300 15 15
315 304 15 15
316 307 15 15
316 300 15 15
316 311 15 15
316 308 15 15
317 304 15 15
317 305 15 15
317 312 15 15
317 307 15 15
318 317 15 15
318 314 15 15
318 306 15 15
318 300 15 15
319 309 15 15
319 307 15 15
319 305 15 15
319 308 15 15
300 314 15 15
300 311 15 15
300 317 15 15
300 312 15 15
301 314 15 15
301 307 15 15
301 311 15 15
301 317 15 15
302 317 15 15
302 308 15 15
302 310 15 15
302 307 15 15
303 319 15 15
303 307 15 15
303 315 15 15
303 310 15 15
80 6 4 0
82 49 4 2
94 33 4 1
89 67 4 3
106 93 5 4
103 61 5 3
103 39 5 1
105 52 5 2
124 13 6 0
134 56 6 2
137 76 6 3
131 39 6 1
152 51 7 2
143 135 7 6
155 76 7 3
154 85 7 4
162 50 8 2
176 66 8 3
162 158 8 7
177 35 8 1
198 66 9 3
191 1 9 0
193 36 9 1
180 167 9 8
206 74 10 3
200 143 10 7
210 111 10 5
214 133 10 6
230 20 11 1
224 108 11 5
226 65 11 3
224 184 11 9
256 221 12 11
245 163 12 8
252 31 12 1
245 52 12 2
279 236 13 11
268 8 13 0
264 245 13 12
279 52 13 2
280 117 14 5
297 262 14 13
290 24 14 1
285 237 14 11
300 121 15 6
316 46 15 2
305 293 15 14
303 145 15 7
7 166 0 8
9 259 0 12
3 119 0 5
13 283 0 14
29 269 1 13
21 142 1 7
36 215 1 10
35 304 1 15
49 280 2 14
47 225 2 11
58 209 2 10
45 199 2 9
77 309 3 15
68 251 3 12
66 287 3 14
76 270 3 13
