swNum = 320
edgeNum = 1344

0 0
1 0
2 0
3 0
4 0
5 0
6 0
7 0
8 0
9 0
10 0
11 0
12 0
13 0
14 0
15 0
16 0
17 0
18 0
19 0
20 1
21 1
22 1
23 1
24 1
25 1
26 1
27 1
28 1
29 1
30 1
31 1
32 1
33 1
34 1
35 1
36 1
37 1
38 1
39 1
40 2
41 2
42 2
43 2
44 2
45 2
46 2
47 2
48 2
49 2
50 2
51 2
52 2
53 2
54 2
55 2
56 2
57 2
58 2
59 2
60 3
61 3
62 3
63 3
64 3
65 3
66 3
67 3
68 3
69 3
70 3
71 3
72 3
73 3
74 3
75 3
76 3
77 3
78 3
79 3
80 4
81 4
82 4
83 4
84 4
85 4
86 4
87 4
88 4
89 4
90 4
91 4
92 4
93 4
94 4
95 4
96 4
97 4
98 4
99 4
100 5
101 5
102 5
103 5
104 5
105 5
106 5
107 5
108 5
109 5
110 5
111 5
112 5
113 5
114 5
115 5
116 5
117 5
118 5
119 5
120 6
121 6
122 6
123 6
124 6
125 6
126 6
127 6
128 6
129 6
130 6
131 6
132 6
133 6
134 6
135 6
136 6
137 6
138 6
139 6
140 7
141 7
142 7
143 7
144 7
145 7
146 7
147 7
148 7
149 7
150 7
151 7
152 7
153 7
154 7
155 7
156 7
157 7
158 7
159 7
160 8
161 8
162 8
163 8
164 8
165 8
166 8
167 8
168 8
169 8
170 8
171 8
172 8
173 8
174 8
175 8
176 8
177 8
178 8
179 8
180 9
181 9
182 9
183 9
184 9
185 9
186 9
187 9
188 9
189 9
190 9
191 9
192 9
193 9
194 9
195 9
196 9
197 9
198 9
199 9
200 10
201 10
202 10
203 10
204 10
205 10
206 10
207 10
208 10
209 10
210 10
211 10
212 10
213 10
214 10
215 10
216 10
217 10
218 10
219 10
220 11
221 11
222 11
223 11
224 11
225 11
226 11
227 11
228 11
229 11
230 11
231 11
232 11
233 11
234 11
235 11
236 11
237 11
238 11
239 11
240 12
241 12
242 12
243 12
244 12
245 12
246 12
247 12
248 12
249 12
250 12
251 12
252 12
253 12
254 12
255 12
256 12
257 12
258 12
259 12
260 13
261 13
262 13
263 13
264 13
265 13
266 13
267 13
268 13
269 13
270 13
271 13
272 13
273 13
274 13
275 13
276 13
277 13
278 13
279 13
280 14
281 14
282 14
283 14
284 14
285 14
286 14
287 14
288 14
289 14
290 14
291 14
292 14
293 14
294 14
295 14
296 14
297 14
298 14
299 14
300 15
301 15
302 15
303 15
304 15
305 15
306 15
307 15
308 15
309 15
310 15
311 15
312 15
313 15
314 15
315 15
316 15
317 15
318 15
319 15

4 0 0 0
4 1 0 0
4 2 0 0
4 3 0 0
5 0 0 0
5 3 0 0
5 4 0 0
5 1 0 0
6 3 0 0
6 5 0 0
6 4 0 0
6 2 0 0
7 0 0 0
7 1 0 0
7 4 0 0
7 5 0 0
8 4 0 0
8 5 0 0
8 7 0 0
8 1 0 0
9 3 0 0
9 6 0 0
9 2 0 0
9 5 0 0
10 3 0 0
10 9 0 0
10 6 0 0
10 2 0 0
11 2 0 0
11 5 0 0
11 9 0 0
11 1 0 0
12 7 0 0
12 5 0 0
12 8 0 0
12 3 0 0
13 4 0 0
13 5 0 0
13 7 0 0
13 12 0 0
14 12 0 0
14 7 0 0
14 9 0 0
14 0 0 0
15 12 0 0
15 11 0 0
15 1 0 0
15 0 0 0
16 11 0 0
16 7 0 0
16 15 0 0
16 8 0 0
17 5 0 0
17 13 0 0
17 1 0 0
17 3 0 0
18 8 0 0
18 12 0 0
18 17 0 0
18 9 0 0
19 15 0 0
19 3 0 0
19 1 0 0
19 5 0 0
0 10 0 0
0 11 0 0
0 8 0 0
0 16 0 0
1 12 0 0
1 10 0 0
1 13 0 0
1 18 0 0
2 15 0 0
2 19 0 0
2 5 0 0
2 12 0 0
3 7 0 0
3 16 0 0
3 13 0 0
3 14 0 0
24 21 1 1
24 22 1 1
24 23 1 1
24 20 1 1
25 22 1 1
25 23 1 1
25 21 1 1
25 24 1 1
26 20 1 1
26 22 1 1
26 24 1 1
26 21 1 1
27 25 1 1
27 26 1 1
27 20 1 1
27 21 1 1
28 20 1 1
28 22 1 1
28 27 1 1
28 21 1 1
29 22 1 1
29 23 1 1
29 24 1 1
29 25 1 1
30 21 1 1
30 28 1 1
30 23 1 1
30 22 1 1
31 28 1 1
31 29 1 1
31 23 1 1
31 21 1 1
32 29 1 1
32 21 1 1
32 25 1 1
32 27 1 1
33 24 1 1
33 27 1 1
33 26 1 1
33 23 1 1
34 28 1 1
34 29 1 1
34 26 1 1
34 21 1 1
35 27 1 1
35 23 1 1
35 26 1 1
35 30 1 1
36 34 1 1
36 31 1 1
36 26 1 1
36 28 1 1
37 36 1 1
37 33 1 1
37 34 1 1
37 26 1 1
38 20 1 1
38 37 1 1
38 29 1 1
38 36 1 1
39 31 1 1
39 28 1 1
39 21 1 1
39 36 1 1
20 34 1 1
20 33 1 1
20 31 1 1
20 29 1 1
21 37 1 1
21 29 1 1
21 33 1 1
21 35 1 1
22 34 1 1
22 38 1 1
22 32 1 1
22 31 1 1
23 32 1 1
23 27 1 1
23 34 1 1
23 26 1 1
44 43 2 2
44 40 2 2
44 42 2 2
44 41 2 2
45 44 2 2
45 43 2 2
45 42 2 2
45 41 2 2
46 44 2 2
46 40 2 2
46 42 2 2
46 43 2 2
47 45 2 2
47 41 2 2
47 43 2 2
47 42 2 2
48 41 2 2
48 44 2 2
48 45 2 2
48 40 2 2
49 43 2 2
49 40 2 2
49 45 2 2
49 42 2 2
50 41 2 2
50 49 2 2
50 47 2 2
50 44 2 2
51 48 2 2
51 43 2 2
51 47 2 2
51 49 2 2
52 48 2 2
52 49 2 2
52 40 2 2
52 41 2 2
53 51 2 2
53 46 2 2
53 43 2 2
53 47 2 2
54 43 2 2
54 52 2 2
54 41 2 2
54 48 2 2
55 53 2 2
55 48 2 2
55 54 2 2
55 43 2 2
56 44 2 2
56 40 2 2
56 46 2 2
56 49 2 2
57 41 2 2
57 44 2 2
57 43 2 2
57 56 2 2
58 51 2 2
58 43 2 2
58 55 2 2
58 54 2 2
59 58 2 2
59 51 2 2
59 52 2 2
59 53 2 2
40 54 2 2
40 55 2 2
40 53 2 2
40 59 2 2
41 51 2 2
41 55 2 2
41 53 2 2
41 58 2 2
42 56 2 2
42 55 2 2
42 52 2 2
42 57 2 2
43 59 2 2
43 48 2 2
43 52 2 2
43 56 2 2
64 63 3 3
64 61 3 3
64 62 3 3
64 60 3 3
65 62 3 3
65 61 3 3
65 63 3 3
65 64 3 3
66 61 3 3
66 62 3 3
66 64 3 3
66 65 3 3
67 60 3 3
67 61 3 3
67 64 3 3
67 65 3 3
68 63 3 3
68 60 3 3
68 64 3 3
68 67 3 3
69 67 3 3
69 60 3 3
69 65 3 3
69 68 3 3
70 68 3 3
70 69 3 3
70 65 3 3
70 60 3 3
71 67 3 3
71 66 3 3
71 62 3 3
71 69 3 3
72 65 3 3
72 61 3 3
72 63 3 3
72 66 3 3
73 60 3 3
73 68 3 3
73 63 3 3
73 70 3 3
74 68 3 3
74 67 3 3
74 62 3 3
74 73 3 3
75 63 3 3
75 68 3 3
75 69 3 3
75 67 3 3
76 65 3 3
76 66 3 3
76 69 3 3
76 63 3 3
77 70 3 3
77 67 3 3
77 64 3 3
77 61 3 3
78 75 3 3
78 76 3 3
78 71 3 3
78 77 3 3
79 76 3 3
79 62 3 3
79 77 3 3
79 64 3 3
60 75 3 3
60 79 3 3
60 65 3 3
60 77 3 3
61 68 3 3
61 76 3 3
61 69 3 3
61 75 3 3
62 72 3 3
62 77 3 3
62 67 3 3
62 78 3 3
63 71 3 3
63 79 3 3
63 77 3 3
63 69 3 3
84 81 4 4
84 82 4 4
84 83 4 4
84 80 4 4
85 81 4 4
85 84 4 4
85 82 4 4
85 80 4 4
86 80 4 4
86 82 4 4
86 81 4 4
86 85 4 4
87 86 4 4
87 84 4 4
87 81 4 4
87 82 4 4
88 80 4 4
88 84 4 4
88 87 4 4
88 83 4 4
89 86 4 4
89 82 4 4
89 81 4 4
89 88 4 4
90 88 4 4
90 89 4 4
90 84 4 4
90 82 4 4
91 82 4 4
91 87 4 4
91 84 4 4
91 90 4 4
92 88 4 4
92 86 4 4
92 87 4 4
92 83 4 4
93 80 4 4
93 90 4 4
93 89 4 4
93 86 4 4
94 80 4 4
94 84 4 4
94 85 4 4
94 81 4 4
95 84 4 4
95 85 4 4
95 94 4 4
95 88 4 4
96 92 4 4
96 93 4 4
96 86 4 4
96 84 4 4
97 93 4 4
97 90 4 4
97 89 4 4
97 91 4 4
98 97 4 4
98 86 4 4
98 89 4 4
98 90 4 4
99 80 4 4
99 89 4 4
99 97 4 4
99 82 4 4
80 95 4 4
80 98 4 4
80 87 4 4
80 92 4 4
81 95 4 4
81 88 4 4
81 96 4 4
81 92 4 4
82 98 4 4
82 94 4 4
82 95 4 4
82 88 4 4
83 95 4 4
83 91 4 4
83 98 4 4
83 94 4 4
104 101 5 5
104 100 5 5
104 102 5 5
104 103 5 5
105 104 5 5
105 102 5 5
105 103 5 5
105 100 5 5
106 103 5 5
106 100 5 5
106 101 5 5
106 102 5 5
107 101 5 5
107 105 5 5
107 102 5 5
107 103 5 5
108 106 5 5
108 102 5 5
108 103 5 5
108 100 5 5
109 101 5 5
109 102 5 5
109 104 5 5
109 106 5 5
110 104 5 5
110 105 5 5
110 102 5 5
110 106 5 5
111 104 5 5
111 107 5 5
111 102 5 5
111 105 5 5
112 103 5 5
112 105 5 5
112 109 5 5
112 107 5 5
113 102 5 5
113 110 5 5
113 101 5 5
113 109 5 5
114 104 5 5
114 112 5 5
114 113 5 5
114 107 5 5
115 109 5 5
115 113 5 5
115 112 5 5
115 114 5 5
116 100 5 5
116 109 5 5
116 113 5 5
116 115 5 5
117 110 5 5
117 107 5 5
117 100 5 5
117 111 5 5
118 114 5 5
118 103 5 5
118 102 5 5
118 104 5 5
119 115 5 5
119 109 5 5
119 113 5 5
119 116 5 5
100 113 5 5
100 109 5 5
100 115 5 5
100 110 5 5
101 116 5 5
101 105 5 5
101 119 5 5
101 114 5 5
102 112 5 5
102 117 5 5
102 116 5 5
102 119 5 5
103 117 5 5
103 111 5 5
103 119 5 5
103 109 5 5
124 123 6 6
124 121 6 6
124 122 6 6
124 120 6 6
125 120 6 6
125 124 6 6
125 121 6 6
125 123 6 6
126 124 6 6
126 122 6 6
126 123 6 6
126 121 6 6
127 124 6 6
127 122 6 6
127 123 6 6
127 125 6 6
128 124 6 6
128 123 6 6
128 127 6 6
128 125 6 6
129 121 6 6
129 125 6 6
129 123 6 6
129 120 6 6
130 125 6 6
130 122 6 6
130 121 6 6
130 129 6 6
131 128 6 6
131 124 6 6
131 123 6 6
131 129 6 6
132 122 6 6
132 131 6 6
132 127 6 6
132 124 6 6
133 121 6 6
133 127 6 6
133 124 6 6
133 132 6 6
134 130 6 6
134 125 6 6
134 121 6 6
134 123 6 6
135 132 6 6
135 133 6 6
135 125 6 6
135 126 6 6
136 120 6 6
136 122 6 6
136 129 6 6
136 128 6 6
137 125 6 6
137 126 6 6
137 120 6 6
137 136 6 6
138 120 6 6
138 123 6 6
138 127 6 6
138 128 6 6
139 123 6 6
139 126 6 6
139 129 6 6
139 138 6 6
120 130 6 6
120 132 6 6
120 139 6 6
120 126 6 6
121 139 6 6
121 128 6 6
121 136 6 6
121 137 6 6
122 134 6 6
122 135 6 6
122 133 6 6
122 129 6 6
123 132 6 6
123 136 6 6
123 133 6 6
123 137 6 6
144 142 7 7
144 141 7 7
144 140 7 7
144 143 7 7
145 140 7 7
145 143 7 7
145 144 7 7
145 142 7 7
146 141 7 7
146 143 7 7
146 145 7 7
146 140 7 7
147 140 7 7
147 143 7 7
147 144 7 7
147 146 7 7
148 144 7 7
148 145 7 7
148 140 7 7
148 146 7 7
149 145 7 7
149 146 7 7
149 141 7 7
149 144 7 7
150 147 7 7
150 140 7 7
150 148 7 7
150 146 7 7
151 141 7 7
151 144 7 7
151 145 7 7
151 149 7 7
152 144 7 7
152 143 7 7
152 150 7 7
152 148 7 7
153 151 7 7
153 140 7 7
153 141 7 7
153 149 7 7
154 149 7 7
154 151 7 7
154 147 7 7
154 145 7 7
155 142 7 7
155 141 7 7
155 144 7 7
155 152 7 7
156 148 7 7
156 144 7 7
156 153 7 7
156 154 7 7
157 149 7 7
157 154 7 7
157 153 7 7
157 151 7 7
158 151 7 7
158 156 7 7
158 141 7 7
158 154 7 7
159 155 7 7
159 146 7 7
159 142 7 7
159 150 7 7
140 154 7 7
140 158 7 7
140 159 7 7
140 149 7 7
141 147 7 7
141 159 7 7
141 150 7 7
141 148 7 7
142 147 7 7
142 150 7 7
142 148 7 7
142 158 7 7
143 159 7 7
143 154 7 7
143 155 7 7
143 156 7 7
164 162 8 8
164 160 8 8
164 163 8 8
164 161 8 8
165 164 8 8
165 162 8 8
165 161 8 8
165 163 8 8
166 165 8 8
166 162 8 8
166 163 8 8
166 161 8 8
167 166 8 8
167 162 8 8
167 163 8 8
167 160 8 8
168 165 8 8
168 162 8 8
168 167 8 8
168 161 8 8
169 162 8 8
169 168 8 8
169 161 8 8
169 163 8 8
170 163 8 8
170 162 8 8
170 165 8 8
170 168 8 8
171 165 8 8
171 164 8 8
171 168 8 8
171 162 8 8
172 168 8 8
172 171 8 8
172 170 8 8
172 167 8 8
173 166 8 8
173 167 8 8
173 168 8 8
173 169 8 8
174 167 8 8
174 166 8 8
174 165 8 8
174 169 8 8
175 166 8 8
175 167 8 8
175 171 8 8
175 168 8 8
176 167 8 8
176 166 8 8
176 163 8 8
176 165 8 8
177 169 8 8
177 174 8 8
177 175 8 8
177 172 8 8
178 167 8 8
178 174 8 8
178 176 8 8
178 171 8 8
179 167 8 8
179 166 8 8
179 177 8 8
179 171 8 8
160 170 8 8
160 174 8 8
160 169 8 8
160 171 8 8
161 171 8 8
161 170 8 8
161 167 8 8
161 177 8 8
162 175 8 8
162 172 8 8
162 174 8 8
162 178 8 8
163 173 8 8
163 168 8 8
163 172 8 8
163 175 8 8
184 182 9 9
184 180 9 9
184 183 9 9
184 181 9 9
185 181 9 9
185 180 9 9
185 182 9 9
185 183 9 9
186 182 9 9
186 180 9 9
186 181 9 9
186 185 9 9
187 186 9 9
187 185 9 9
187 184 9 9
187 182 9 9
188 180 9 9
188 181 9 9
188 185 9 9
188 183 9 9
189 188 9 9
189 186 9 9
189 184 9 9
189 187 9 9
190 181 9 9
190 184 9 9
190 188 9 9
190 180 9 9
191 185 9 9
191 180 9 9
191 190 9 9
191 187 9 9
192 180 9 9
192 182 9 9
192 183 9 9
192 190 9 9
193 189 9 9
193 190 9 9
193 180 9 9
193 185 9 9
194 185 9 9
194 180 9 9
194 192 9 9
194 186 9 9
195 194 9 9
195 190 9 9
195 192 9 9
195 191 9 9
196 190 9 9
196 184 9 9
196 183 9 9
196 186 9 9
197 187 9 9
197 190 9 9
197 183 9 9
197 180 9 9
198 185 9 9
198 197 9 9
198 186 9 9
198 184 9 9
199 183 9 9
199 182 9 9
199 198 9 9
199 187 9 9
180 195 9 9
180 198 9 9
180 189 9 9
180 187 9 9
181 196 9 9
181 189 9 9
181 198 9 9
181 193 9 9
182 198 9 9
182 191 9 9
182 197 9 9
182 193 9 9
183 187 9 9
183 190 9 9
183 191 9 9
183 195 9 9
204 201 10 10
204 200 10 10
204 203 10 10
204 202 10 10
205 202 10 10
205 204 10 10
205 203 10 10
205 201 10 10
206 205 10 10
206 204 10 10
206 203 10 10
206 202 10 10
207 205 10 10
207 203 10 10
207 200 10 10
207 201 10 10
208 201 10 10
208 204 10 10
208 206 10 10
208 207 10 10
209 201 10 10
209 208 10 10
209 204 10 10
209 205 10 10
210 202 10 10
210 206 10 10
210 200 10 10
210 203 10 10
211 204 10 10
211 208 10 10
211 205 10 10
211 210 10 10
212 201 10 10
212 206 10 10
212 209 10 10
212 207 10 10
213 202 10 10
213 211 10 10
213 206 10 10
213 205 10 10
214 206 10 10
214 211 10 10
214 209 10 10
214 208 10 10
215 200 10 10
215 213 10 10
215 205 10 10
215 210 10 10
216 213 10 10
216 203 10 10
216 211 10 10
216 208 10 10
217 209 10 10
217 213 10 10
217 201 10 10
217 216 10 10
218 206 10 10
218 202 10 10
218 211 10 10
218 208 10 10
219 200 10 10
219 212 10 10
219 203 10 10
219 207 10 10
200 211 10 10
200 212 10 10
200 205 10 10
200 216 10 10
201 216 10 10
201 215 10 10
201 218 10 10
201 210 10 10
202 219 10 10
202 215 10 10
202 211 10 10
202 216 10 10
203 213 10 10
203 215 10 10
203 208 10 10
203 212 10 10
224 223 11 11
224 220 11 11
224 222 11 11
224 221 11 11
225 223 11 11
225 224 11 11
225 220 11 11
225 221 11 11
226 223 11 11
226 224 11 11
226 225 11 11
226 222 11 11
227 221 11 11
227 222 11 11
227 226 11 11
227 225 11 11
228 227 11 11
228 223 11 11
228 226 11 11
228 221 11 11
229 221 11 11
229 227 11 11
229 228 11 11
229 223 11 11
230 224 11 11
230 223 11 11
230 225 11 11
230 229 11 11
231 228 11 11
231 222 11 11
231 220 11 11
231 225 11 11
232 231 11 11
232 220 11 11
232 230 11 11
232 222 11 11
233 228 11 11
233 225 11 11
233 232 11 11
233 221 11 11
234 224 11 11
234 226 11 11
234 222 11 11
234 223 11 11
235 224 11 11
235 232 11 11
235 233 11 11
235 229 11 11
236 224 11 11
236 223 11 11
236 225 11 11
236 226 11 11
237 225 11 11
237 236 11 11
237 234 11 11
237 224 11 11
238 222 11 11
238 227 11 11
238 233 11 11
238 234 11 11
239 226 11 11
239 236 11 11
239 225 11 11
239 222 11 11
220 238 11 11
220 230 11 11
220 235 11 11
220 229 11 11
221 232 11 11
221 231 11 11
221 238 11 11
221 234 11 11
222 233 11 11
222 228 11 11
222 229 11 11
222 235 11 11
223 237 11 11
223 232 11 11
223 235 11 11
223 238 11 11
244 242 12 12
244 241 12 12
244 243 12 12
244 240 12 12
245 240 12 12
245 241 12 12
245 244 12 12
245 242 12 12
246 240 12 12
246 242 12 12
246 241 12 12
246 244 12 12
247 242 12 12
247 241 12 12
247 245 12 12
247 246 12 12
248 241 12 12
248 246 12 12
248 242 12 12
248 245 12 12
249 245 12 12
249 248 12 12
249 240 12 12
249 247 12 12
250 241 12 12
250 248 12 12
250 246 12 12
250 242 12 12
251 247 12 12
251 243 12 12
251 246 12 12
251 240 12 12
252 246 12 12
252 244 12 12
252 250 12 12
252 251 12 12
253 243 12 12
253 251 12 12
253 244 12 12
253 248 12 12
254 247 12 12
254 246 12 12
254 244 12 12
254 250 12 12
255 254 12 12
255 246 12 12
255 245 12 12
255 244 12 12
256 242 12 12
256 248 12 12
256 253 12 12
256 240 12 12
257 242 12 12
257 247 12 12
257 250 12 12
257 241 12 12
258 253 12 12
258 251 12 12
258 249 12 12
258 247 12 12
259 257 12 12
259 258 12 12
259 250 12 12
259 253 12 12
240 257 12 12
240 259 12 12
240 255 12 12
240 253 12 12
241 259 12 12
241 258 12 12
241 256 12 12
241 251 12 12
242 259 12 12
242 258 12 12
242 255 12 12
242 249 12 12
243 259 12 12
243 256 12 12
243 249 12 12
243 246 12 12
264 262 13 13
264 263 13 13
264 260 13 13
264 261 13 13
265 260 13 13
265 264 13 13
265 263 13 13
265 262 13 13
266 263 13 13
266 262 13 13
266 265 13 13
266 260 13 13
267 262 13 13
267 260 13 13
267 263 13 13
267 266 13 13
268 265 13 13
268 261 13 13
268 263 13 13
268 266 13 13
269 267 13 13
269 262 13 13
269 263 13 13
269 260 13 13
270 264 13 13
270 265 13 13
270 260 13 13
270 268 13 13
271 263 13 13
271 270 13 13
271 265 13 13
271 261 13 13
272 263 13 13
272 261 13 13
272 266 13 13
272 260 13 13
273 262 13 13
273 265 13 13
273 271 13 13
273 268 13 13
274 260 13 13
274 269 13 13
274 268 13 13
274 265 13 13
275 268 13 13
275 264 13 13
275 271 13 13
275 269 13 13
276 268 13 13
276 274 13 13
276 273 13 13
276 269 13 13
277 271 13 13
277 266 13 13
277 274 13 13
277 275 13 13
278 265 13 13
278 263 13 13
278 274 13 13
278 276 13 13
279 268 13 13
279 270 13 13
279 278 13 13
279 273 13 13
260 275 13 13
260 277 13 13
260 273 13 13
260 276 13 13
261 274 13 13
261 275 13 13
261 279 13 13
261 265 13 13
262 277 13 13
262 274 13 13
262 271 13 13
262 276 13 13
263 273 13 13
263 277 13 13
263 274 13 13
263 279 13 13
284 280 14 14
284 282 14 14
284 283 14 14
284 281 14 14
285 282 14 14
285 281 14 14
285 280 14 14
285 284 14 14
286 280 14 14
286 281 14 14
286 282 14 14
286 283 14 14
287 286 14 14
287 280 14 14
287 284 14 14
287 283 14 14
288 281 14 14
288 282 14 14
288 285 14 14
288 286 14 14
289 286 14 14
289 282 14 14
289 285 14 14
289 287 14 14
290 283 14 14
290 286 14 14
290 280 14 14
290 285 14 14
291 288 14 14
291 281 14 14
291 290 14 14
291 286 14 14
292 290 14 14
292 280 14 14
292 284 14 14
292 281 14 14
293 285 14 14
293 287 14 14
293 280 14 14
293 290 14 14
294 288 14 14
294 289 14 14
294 285 14 14
294 287 14 14
295 280 14 14
295 284 14 14
295 287 14 14
295 282 14 14
296 281 14 14
296 286 14 14
296 294 14 14
296 289 14 14
297 294 14 14
297 281 14 14
297 287 14 14
297 283 14 14
298 289 14 14
298 282 14 14
298 297 14 14
298 294 14 14
299 290 14 14
299 295 14 14
299 294 14 14
299 296 14 14
280 297 14 14
280 289 14 14
280 291 14 14
280 299 14 14
281 298 14 14
281 290 14 14
281 294 14 14
281 299 14 14
282 291 14 14
282 294 14 14
282 292 14 14
282 296 14 14
283 285 14 14
283 295 14 14
283 296 14 14
283 289 14 14
304 303 15 15
304 302 15 15
304 300 15 15
304 301 15 15
305 302 15 15
305 300 15 15
305 303 15 15
305 304 15 15
306 300 15 15
306 301 15 15
306 302 15 15
306 304 15 15
307 303 15 15
307 300 15 15
307 304 15 15
307 306 15 15
308 300 15 15
308 302 15 15
308 307 15 15
308 303 15 15
309 304 15 15
309 301 15 15
309 303 15 15
309 306 15 15
310 307 15 15
310 303 15 15
310 302 15 15
310 304 15 15
311 301 15 15
311 309 15 15
311 300 15 15
311 310 15 15
312 304 15 15
312 307 15 15
312 302 15 15
312 309 15 15
313 305 15 15
313 303 15 15
313 302 15 15
313 306 15 15
314 302 15 15
314 311 15 15
314 312 15 15
314 313 15 15
315 312 15 15
315 303 15 15
315 301 15 15
315 314 15 15
316 310 15 15
316 302 15 15
316 306 15 15
316 315 15 15
317 313 15 15
317 315 15 15
317 306 15 15
317 312 15 15
318 304 15 15
318 314 15 15
318 317 15 15
318 310 15 15
319 317 15 15
319 318 15 15
319 311 15 15
319 304 15 15
300 312 15 15
300 315 15 15
300 317 15 15
300 314 15 15
301 305 15 15
301 314 15 15
301 308 15 15
301 313 15 15
302 315 15 15
302 317 15 15
302 319 15 15
302 309 15 15
303 318 15 15
303 316 15 15
303 314 15 15
303 312 15 15
80 50 4 2
87 23 4 1
86 1 4 0
85 61 4 3
106 15 5 0
110 99 5 4
109 59 5 2
101 22 5 1
127 81 6 4
138 7 6 0
132 36 6 1
138 78 6 3
147 102 7 5
148 41 7 2
157 91 7 4
152 132 7 6
164 47 8 2
165 17 8 0
168 129 8 6
165 88 8 4
194 11 9 0
188 155 9 7
190 166 9 8
183 25 9 1
215 196 10 9
219 104 10 5
218 148 10 7
217 80 10 4
235 128 11 6
237 71 11 3
221 87 11 4
226 3 11 0
245 42 12 2
247 12 12 0
252 32 12 1
257 129 12 6
267 130 13 6
260 12 13 0
263 107 13 5
272 90 13 4
299 120 14 6
287 111 14 5
281 245 14 12
285 223 14 11
309 233 15 11
309 81 15 4
302 281 15 14
310 130 15 6
6 306 0 15
11 214 0 10
0 280 0 14
3 143 0 7
34 217 1 10
25 179 1 8
37 149 1 7
20 239 1 11
53 221 2 11
41 260 2 13
45 182 2 9
52 294 2 14
75 248 3 12
79 316 3 15
66 102 3 5
64 275 3 13
