swNum = 320
edgeNum = 1344

0 0
1 0
2 0
3 0
4 0
5 0
6 0
7 0
8 0
9 0
10 0
11 0
12 0
13 0
14 0
15 0
16 0
17 0
18 0
19 0
20 1
21 1
22 1
23 1
24 1
25 1
26 1
27 1
28 1
29 1
30 1
31 1
32 1
33 1
34 1
35 1
36 1
37 1
38 1
39 1
40 2
41 2
42 2
43 2
44 2
45 2
46 2
47 2
48 2
49 2
50 2
51 2
52 2
53 2
54 2
55 2
56 2
57 2
58 2
59 2
60 3
61 3
62 3
63 3
64 3
65 3
66 3
67 3
68 3
69 3
70 3
71 3
72 3
73 3
74 3
75 3
76 3
77 3
78 3
79 3
80 4
81 4
82 4
83 4
84 4
85 4
86 4
87 4
88 4
89 4
90 4
91 4
92 4
93 4
94 4
95 4
96 4
97 4
98 4
99 4
100 5
101 5
102 5
103 5
104 5
105 5
106 5
107 5
108 5
109 5
110 5
111 5
112 5
113 5
114 5
115 5
116 5
117 5
118 5
119 5
120 6
121 6
122 6
123 6
124 6
125 6
126 6
127 6
128 6
129 6
130 6
131 6
132 6
133 6
134 6
135 6
136 6
137 6
138 6
139 6
140 7
141 7
142 7
143 7
144 7
145 7
146 7
147 7
148 7
149 7
150 7
151 7
152 7
153 7
154 7
155 7
156 7
157 7
158 7
159 7
160 8
161 8
162 8
163 8
164 8
165 8
166 8
167 8
168 8
169 8
170 8
171 8
172 8
173 8
174 8
175 8
176 8
177 8
178 8
179 8
180 9
181 9
182 9
183 9
184 9
185 9
186 9
187 9
188 9
189 9
190 9
191 9
192 9
193 9
194 9
195 9
196 9
197 9
198 9
199 9
200 10
201 10
202 10
203 10
204 10
205 10
206 10
207 10
208 10
209 10
210 10
211 10
212 10
213 10
214 10
215 10
216 10
217 10
218 10
219 10
220 11
221 11
222 11
223 11
224 11
225 11
226 11
227 11
228 11
229 11
230 11
231 11
232 11
233 11
234 11
235 11
236 11
237 11
238 11
239 11
240 12
241 12
242 12
243 12
244 12
245 12
246 12
247 12
248 12
249 12
250 12
251 12
252 12
253 12
254 12
255 12
256 12
257 12
258 12
259 12
260 13
261 13
262 13
263 13
264 13
265 13
266 13
267 13
268 13
269 13
270 13
271 13
272 13
273 13
274 13
275 13
276 13
277 13
278 13
279 13
280 14
281 14
282 14
283 14
284 14
285 14
286 14
287 14
288 14
289 14
290 14
291 14
292 14
293 14
294 14
295 14
296 14
297 14
298 14
299 14
300 15
301 15
302 15
303 15
304 15
305 15
306 15
307 15
308 15
309 15
310 15
311 15
312 15
313 15
314 15
315 15
316 15
317 15
318 15
319 15

4 3 0 0
4 0 0 0
4 2 0 0
4 1 0 0
5 1 0 0
5 4 0 0
5 0 0 0
5 2 0 0
6 1 0 0
6 5 0 0
6 2 0 0
6 0 0 0
7 1 0 0
7 0 0 0
7 5 0 0
7 3 0 0
8 3 0 0
8 0 0 0
8 4 0 0
8 1 0 0
9 8 0 0
9 7 0 0
9 0 0 0
9 5 0 0
10 3 0 0
10 5 0 0
10 0 0 0
10 8 0 0
11 5 0 0
11 10 0 0
11 1 0 0
11 8 0 0
12 2 0 0
12 1 0 0
12 8 0 0
12 9 0 0
13 7 0 0
13 9 0 0
13 3 0 0
13 0 0 0
14 2 0 0
14 6 0 0
14 12 0 0
14 0 0 0
15 12 0 0
15 6 0 0
15 1 0 0
15 2 0 0
16 2 0 0
16 3 0 0
16 15 0 0
16 9 0 0
17 11 0 0
17 5 0 0
17 0 0 0
17 9 0 0
18 4 0 0
18 14 0 0
18 11 0 0
18 10 0 0
19 18 0 0
19 11 0 0
19 4 0 0
19 1 0 0
0 19 0 0
0 15 0 0
0 16 0 0
0 11 0 0
1 10 0 0
1 9 0 0
1 16 0 0
1 18 0 0
2 8 0 0
2 10 0 0
2 18 0 0
2 19 0 0
3 19 0 0
3 15 0 0
3 6 0 0
3 14 0 0
24 23 1 1
24 20 1 1
24 22 1 1
24 21 1 1
25 20 1 1
25 21 1 1
25 23 1 1
25 24 1 1
26 20 1 1
26 22 1 1
26 21 1 1
26 25 1 1
27 21 1 1
27 23 1 1
27 25 1 1
27 24 1 1
28 27 1 1
28 26 1 1
28 25 1 1
28 20 1 1
29 23 1 1
29 24 1 1
29 20 1 1
29 27 1 1
30 27 1 1
30 26 1 1
30 20 1 1
30 25 1 1
31 30 1 1
31 25 1 1
31 21 1 1
31 28 1 1
32 22 1 1
32 27 1 1
32 29 1 1
32 24 1 1
33 30 1 1
33 24 1 1
33 27 1 1
33 21 1 1
34 30 1 1
34 20 1 1
34 23 1 1
34 32 1 1
35 27 1 1
35 32 1 1
35 33 1 1
35 30 1 1
36 29 1 1
36 28 1 1
36 30 1 1
36 23 1 1
37 27 1 1
37 30 1 1
37 36 1 1
37 32 1 1
38 24 1 1
38 27 1 1
38 32 1 1
38 30 1 1
39 25 1 1
39 36 1 1
39 30 1 1
39 21 1 1
20 32 1 1
20 39 1 1
20 31 1 1
20 37 1 1
21 30 1 1
21 28 1 1
21 36 1 1
21 37 1 1
22 36 1 1
22 30 1 1
22 39 1 1
22 31 1 1
23 33 1 1
23 38 1 1
23 31 1 1
23 28 1 1
44 43 2 2
44 42 2 2
44 40 2 2
44 41 2 2
45 41 2 2
45 44 2 2
45 42 2 2
45 40 2 2
46 45 2 2
46 44 2 2
46 40 2 2
46 41 2 2
47 40 2 2
47 42 2 2
47 45 2 2
47 41 2 2
48 41 2 2
48 46 2 2
48 44 2 2
48 42 2 2
49 44 2 2
49 45 2 2
49 48 2 2
49 46 2 2
50 41 2 2
50 42 2 2
50 46 2 2
50 40 2 2
51 40 2 2
51 47 2 2
51 41 2 2
51 45 2 2
52 50 2 2
52 47 2 2
52 45 2 2
52 40 2 2
53 49 2 2
53 40 2 2
53 52 2 2
53 44 2 2
54 51 2 2
54 45 2 2
54 41 2 2
54 46 2 2
55 46 2 2
55 42 2 2
55 43 2 2
55 49 2 2
56 55 2 2
56 45 2 2
56 54 2 2
56 42 2 2
57 56 2 2
57 53 2 2
57 52 2 2
57 45 2 2
58 51 2 2
58 57 2 2
58 53 2 2
58 54 2 2
59 41 2 2
59 46 2 2
59 47 2 2
59 54 2 2
40 57 2 2
40 48 2 2
40 55 2 2
40 58 2 2
41 49 2 2
41 58 2 2
41 57 2 2
41 53 2 2
42 46 2 2
42 49 2 2
42 58 2 2
42 53 2 2
43 51 2 2
43 49 2 2
43 48 2 2
43 56 2 2
64 62 3 3
64 60 3 3
64 63 3 3
64 61 3 3
65 64 3 3
65 62 3 3
65 60 3 3
65 61 3 3
66 61 3 3
66 65 3 3
66 63 3 3
66 62 3 3
67 64 3 3
67 60 3 3
67 65 3 3
67 62 3 3
68 66 3 3
68 63 3 3
68 61 3 3
68 62 3 3
69 67 3 3
69 66 3 3
69 62 3 3
69 68 3 3
70 62 3 3
70 68 3 3
70 60 3 3
70 66 3 3
71 63 3 3
71 66 3 3
71 62 3 3
71 70 3 3
72 68 3 3
72 66 3 3
72 63 3 3
72 71 3 3
73 68 3 3
73 71 3 3
73 70 3 3
73 61 3 3
74 70 3 3
74 73 3 3
74 64 3 3
74 67 3 3
75 66 3 3
75 62 3 3
75 73 3 3
75 68 3 3
76 65 3 3
76 67 3 3
76 61 3 3
76 69 3 3
77 71 3 3
77 73 3 3
77 75 3 3
77 74 3 3
78 68 3 3
78 75 3 3
78 70 3 3
78 65 3 3
79 62 3 3
79 71 3 3
79 64 3 3
79 70 3 3
60 76 3 3
60 66 3 3
60 74 3 3
60 72 3 3
61 79 3 3
61 72 3 3
61 78 3 3
61 67 3 3
62 76 3 3
62 73 3 3
62 78 3 3
62 74 3 3
63 67 3 3
63 73 3 3
63 74 3 3
63 77 3 3
84 83 4 4
84 80 4 4
84 82 4 4
84 81 4 4
85 84 4 4
85 83 4 4
85 80 4 4
85 81 4 4
86 83 4 4
86 84 4 4
86 85 4 4
86 80 4 4
87 86 4 4
87 83 4 4
87 80 4 4
87 85 4 4
88 87 4 4
88 81 4 4
88 82 4 4
88 80 4 4
89 85 4 4
89 80 4 4
89 82 4 4
89 81 4 4
90 89 4 4
90 82 4 4
90 86 4 4
90 80 4 4
91 82 4 4
91 80 4 4
91 87 4 4
91 90 4 4
92 81 4 4
92 85 4 4
92 87 4 4
92 90 4 4
93 92 4 4
93 85 4 4
93 84 4 4
93 86 4 4
94 89 4 4
94 83 4 4
94 90 4 4
94 88 4 4
95 85 4 4
95 92 4 4
95 87 4 4
95 86 4 4
96 80 4 4
96 91 4 4
96 83 4 4
96 90 4 4
97 89 4 4
97 84 4 4
97 85 4 4
97 92 4 4
98 95 4 4
98 92 4 4
98 89 4 4
98 85 4 4
99 98 4 4
99 87 4 4
99 95 4 4
99 92 4 4
80 92 4 4
80 95 4 4
80 98 4 4
80 94 4 4
81 86 4 4
81 96 4 4
81 97 4 4
81 87 4 4
82 95 4 4
82 96 4 4
82 87 4 4
82 97 4 4
83 93 4 4
83 90 4 4
83 91 4 4
83 92 4 4
104 102 5 5
104 103 5 5
104 100 5 5
104 101 5 5
105 101 5 5
105 103 5 5
105 100 5 5
105 104 5 5
106 102 5 5
106 100 5 5
106 103 5 5
106 101 5 5
107 106 5 5
107 102 5 5
107 105 5 5
107 100 5 5
108 104 5 5
108 103 5 5
108 101 5 5
108 107 5 5
109 100 5 5
109 104 5 5
109 101 5 5
109 102 5 5
110 109 5 5
110 103 5 5
110 105 5 5
110 107 5 5
111 110 5 5
111 107 5 5
111 106 5 5
111 102 5 5
112 110 5 5
112 106 5 5
112 108 5 5
112 105 5 5
113 103 5 5
113 109 5 5
113 110 5 5
113 105 5 5
114 105 5 5
114 109 5 5
114 108 5 5
114 107 5 5
115 111 5 5
115 112 5 5
115 103 5 5
115 110 5 5
116 114 5 5
116 104 5 5
116 111 5 5
116 105 5 5
117 106 5 5
117 104 5 5
117 103 5 5
117 110 5 5
118 112 5 5
118 111 5 5
118 109 5 5
118 103 5 5
119 100 5 5
119 114 5 5
119 107 5 5
119 105 5 5
100 114 5 5
100 116 5 5
100 115 5 5
100 112 5 5
101 119 5 5
101 116 5 5
101 110 5 5
101 118 5 5
102 110 5 5
102 112 5 5
102 116 5 5
102 118 5 5
103 112 5 5
103 109 5 5
103 114 5 5
103 116 5 5
124 122 6 6
124 121 6 6
124 120 6 6
124 123 6 6
125 124 6 6
125 122 6 6
125 120 6 6
125 121 6 6
126 122 6 6
126 124 6 6
126 120 6 6
126 125 6 6
127 123 6 6
127 122 6 6
127 121 6 6
127 125 6 6
128 126 6 6
128 121 6 6
128 127 6 6
128 120 6 6
129 120 6 6
129 122 6 6
129 121 6 6
129 125 6 6
130 128 6 6
130 125 6 6
130 126 6 6
130 121 6 6
131 123 6 6
131 125 6 6
131 127 6 6
131 122 6 6
132 130 6 6
132 122 6 6
132 124 6 6
132 128 6 6
133 124 6 6
133 131 6 6
133 132 6 6
133 120 6 6
134 127 6 6
134 121 6 6
134 122 6 6
134 125 6 6
135 130 6 6
135 128 6 6
135 132 6 6
135 122 6 6
136 132 6 6
136 122 6 6
136 120 6 6
136 129 6 6
137 125 6 6
137 134 6 6
137 120 6 6
137 122 6 6
138 124 6 6
138 131 6 6
138 134 6 6
138 120 6 6
139 134 6 6
139 129 6 6
139 127 6 6
139 120 6 6
120 127 6 6
120 132 6 6
120 131 6 6
120 134 6 6
121 138 6 6
121 135 6 6
121 126 6 6
121 133 6 6
122 139 6 6
122 128 6 6
122 130 6 6
122 133 6 6
123 139 6 6
123 134 6 6
123 138 6 6
123 135 6 6
144 142 7 7
144 141 7 7
144 143 7 7
144 140 7 7
145 144 7 7
145 140 7 7
145 143 7 7
145 142 7 7
146 145 7 7
146 142 7 7
146 140 7 7
146 141 7 7
147 142 7 7
147 144 7 7
147 140 7 7
147 143 7 7
148 143 7 7
148 142 7 7
148 144 7 7
148 147 7 7
149 145 7 7
149 142 7 7
149 141 7 7
149 146 7 7
150 149 7 7
150 145 7 7
150 140 7 7
150 143 7 7
151 147 7 7
151 140 7 7
151 141 7 7
151 150 7 7
152 151 7 7
152 140 7 7
152 141 7 7
152 150 7 7
153 150 7 7
153 141 7 7
153 142 7 7
153 147 7 7
154 147 7 7
154 152 7 7
154 148 7 7
154 153 7 7
155 142 7 7
155 151 7 7
155 141 7 7
155 147 7 7
156 155 7 7
156 154 7 7
156 151 7 7
156 140 7 7
157 142 7 7
157 151 7 7
157 144 7 7
157 143 7 7
158 144 7 7
158 149 7 7
158 141 7 7
158 150 7 7
159 150 7 7
159 147 7 7
159 142 7 7
159 156 7 7
140 159 7 7
140 153 7 7
140 157 7 7
140 158 7 7
141 150 7 7
141 156 7 7
141 154 7 7
141 159 7 7
142 158 7 7
142 154 7 7
142 150 7 7
142 156 7 7
143 149 7 7
143 152 7 7
143 146 7 7
143 158 7 7
164 161 8 8
164 162 8 8
164 160 8 8
164 163 8 8
165 161 8 8
165 163 8 8
165 164 8 8
165 162 8 8
166 162 8 8
166 160 8 8
166 164 8 8
166 161 8 8
167 161 8 8
167 160 8 8
167 166 8 8
167 165 8 8
168 162 8 8
168 160 8 8
168 163 8 8
168 167 8 8
169 164 8 8
169 160 8 8
169 162 8 8
169 168 8 8
170 169 8 8
170 164 8 8
170 162 8 8
170 168 8 8
171 160 8 8
171 162 8 8
171 170 8 8
171 166 8 8
172 163 8 8
172 168 8 8
172 160 8 8
172 164 8 8
173 163 8 8
173 171 8 8
173 165 8 8
173 161 8 8
174 169 8 8
174 173 8 8
174 160 8 8
174 166 8 8
175 167 8 8
175 171 8 8
175 169 8 8
175 163 8 8
176 161 8 8
176 160 8 8
176 162 8 8
176 175 8 8
177 176 8 8
177 162 8 8
177 167 8 8
177 160 8 8
178 168 8 8
178 165 8 8
178 176 8 8
178 173 8 8
179 175 8 8
179 164 8 8
179 172 8 8
179 174 8 8
160 173 8 8
160 175 8 8
160 178 8 8
160 179 8 8
161 178 8 8
161 177 8 8
161 171 8 8
161 179 8 8
162 178 8 8
162 179 8 8
162 167 8 8
162 175 8 8
163 177 8 8
163 167 8 8
163 171 8 8
163 166 8 8
184 180 9 9
184 183 9 9
184 181 9 9
184 182 9 9
185 184 9 9
185 181 9 9
185 182 9 9
185 183 9 9
186 184 9 9
186 181 9 9
186 183 9 9
186 185 9 9
187 186 9 9
187 184 9 9
187 185 9 9
187 182 9 9
188 186 9 9
188 184 9 9
188 183 9 9
188 181 9 9
189 185 9 9
189 184 9 9
189 183 9 9
189 188 9 9
190 187 9 9
190 185 9 9
190 180 9 9
190 186 9 9
191 186 9 9
191 189 9 9
191 185 9 9
191 184 9 9
192 181 9 9
192 191 9 9
192 184 9 9
192 188 9 9
193 183 9 9
193 187 9 9
193 181 9 9
193 184 9 9
194 185 9 9
194 189 9 9
194 192 9 9
194 181 9 9
195 182 9 9
195 186 9 9
195 183 9 9
195 180 9 9
196 180 9 9
196 195 9 9
196 190 9 9
196 182 9 9
197 183 9 9
197 195 9 9
197 188 9 9
197 189 9 9
198 189 9 9
198 191 9 9
198 181 9 9
198 184 9 9
199 192 9 9
199 193 9 9
199 181 9 9
199 187 9 9
180 198 9 9
180 193 9 9
180 197 9 9
180 199 9 9
181 191 9 9
181 195 9 9
181 197 9 9
181 187 9 9
182 199 9 9
182 190 9 9
182 193 9 9
182 198 9 9
183 198 9 9
183 199 9 9
183 191 9 9
183 187 9 9
204 200 10 10
204 203 10 10
204 202 10 10
204 201 10 10
205 204 10 10
205 201 10 10
205 200 10 10
205 202 10 10
206 203 10 10
206 200 10 10
206 201 10 10
206 202 10 10
207 201 10 10
207 204 10 10
207 202 10 10
207 205 10 10
208 205 10 10
208 207 10 10
208 202 10 10
208 206 10 10
209 201 10 10
209 207 10 10
209 202 10 10
209 205 10 10
210 206 10 10
210 202 10 10
210 209 10 10
210 207 10 10
211 204 10 10
211 208 10 10
211 200 10 10
211 206 10 10
212 206 10 10
212 201 10 10
212 202 10 10
212 207 10 10
213 211 10 10
213 204 10 10
213 210 10 10
213 200 10 10
214 209 10 10
214 202 10 10
214 212 10 10
214 207 10 10
215 213 10 10
215 202 10 10
215 211 10 10
215 208 10 10
216 204 10 10
216 215 10 10
216 203 10 10
216 205 10 10
217 208 10 10
217 216 10 10
217 207 10 10
217 215 10 10
218 212 10 10
218 209 10 10
218 207 10 10
218 201 10 10
219 217 10 10
219 209 10 10
219 212 10 10
219 205 10 10
200 216 10 10
200 207 10 10
200 214 10 10
200 218 10 10
201 214 10 10
201 216 10 10
201 217 10 10
201 210 10 10
202 213 10 10
202 218 10 10
202 216 10 10
202 211 10 10
203 211 10 10
203 213 10 10
203 214 10 10
203 207 10 10
224 222 11 11
224 221 11 11
224 223 11 11
224 220 11 11
225 223 11 11
225 221 11 11
225 222 11 11
225 220 11 11
226 222 11 11
226 225 11 11
226 221 11 11
226 223 11 11
227 221 11 11
227 224 11 11
227 220 11 11
227 226 11 11
228 223 11 11
228 220 11 11
228 222 11 11
228 225 11 11
229 224 11 11
229 220 11 11
229 227 11 11
229 222 11 11
230 225 11 11
230 221 11 11
230 226 11 11
230 220 11 11
231 230 11 11
231 220 11 11
231 222 11 11
231 229 11 11
232 226 11 11
232 228 11 11
232 222 11 11
232 223 11 11
233 223 11 11
233 225 11 11
233 220 11 11
233 232 11 11
234 225 11 11
234 222 11 11
234 233 11 11
234 228 11 11
235 228 11 11
235 225 11 11
235 220 11 11
235 222 11 11
236 228 11 11
236 220 11 11
236 224 11 11
236 233 11 11
237 222 11 11
237 225 11 11
237 224 11 11
237 231 11 11
238 224 11 11
238 225 11 11
238 235 11 11
238 233 11 11
239 230 11 11
239 236 11 11
239 233 11 11
239 231 11 11
220 237 11 11
220 239 11 11
220 232 11 11
220 238 11 11
221 233 11 11
221 235 11 11
221 231 11 11
221 229 11 11
222 238 11 11
222 236 11 11
222 230 11 11
222 239 11 11
223 237 11 11
223 230 11 11
223 231 11 11
223 236 11 11
244 243 12 12
244 241 12 12
244 242 12 12
244 240 12 12
245 242 12 12
245 241 12 12
245 240 12 12
245 243 12 12
246 241 12 12
246 245 12 12
246 244 12 12
246 242 12 12
247 241 12 12
247 242 12 12
247 246 12 12
247 243 12 12
248 243 12 12
248 247 12 12
248 241 12 12
248 246 12 12
249 243 12 12
249 245 12 12
249 242 12 12
249 247 12 12
250 248 12 12
250 244 12 12
250 247 12 12
250 240 12 12
251 247 12 12
251 246 12 12
251 250 12 12
251 248 12 12
252 245 12 12
252 243 12 12
252 244 12 12
252 246 12 12
253 248 12 12
253 251 12 12
253 247 12 12
253 243 12 12
254 246 12 12
254 241 12 12
254 245 12 12
254 242 12 12
255 245 12 12
255 254 12 12
255 243 12 12
255 240 12 12
256 244 12 12
256 255 12 12
256 247 12 12
256 248 12 12
257 242 12 12
257 246 12 12
257 247 12 12
257 249 12 12
258 251 12 12
258 240 12 12
258 244 12 12
258 257 12 12
259 241 12 12
259 251 12 12
259 257 12 12
259 242 12 12
240 254 12 12
240 247 12 12
240 251 12 12
240 249 12 12
241 251 12 12
241 258 12 12
241 250 12 12
241 249 12 12
242 255 12 12
242 248 12 12
242 258 12 12
242 251 12 12
243 250 12 12
243 254 12 12
243 257 12 12
243 259 12 12
264 261 13 13
264 260 13 13
264 263 13 13
264 262 13 13
265 264 13 13
265 263 13 13
265 261 13 13
265 260 13 13
266 261 13 13
266 260 13 13
266 264 13 13
266 262 13 13
267 263 13 13
267 265 13 13
267 262 13 13
267 264 13 13
268 262 13 13
268 267 13 13
268 263 13 13
268 266 13 13
269 265 13 13
269 263 13 13
269 268 13 13
269 264 13 13
270 261 13 13
270 265 13 13
270 267 13 13
270 260 13 13
271 267 13 13
271 261 13 13
271 270 13 13
271 264 13 13
272 265 13 13
272 268 13 13
272 266 13 13
272 263 13 13
273 269 13 13
273 265 13 13
273 261 13 13
273 262 13 13
274 263 13 13
274 264 13 13
274 272 13 13
274 266 13 13
275 265 13 13
275 267 13 13
275 268 13 13
275 272 13 13
276 263 13 13
276 261 13 13
276 267 13 13
276 273 13 13
277 261 13 13
277 266 13 13
277 271 13 13
277 263 13 13
278 269 13 13
278 270 13 13
278 271 13 13
278 273 13 13
279 270 13 13
279 276 13 13
279 267 13 13
279 263 13 13
260 277 13 13
260 274 13 13
260 278 13 13
260 269 13 13
261 269 13 13
261 272 13 13
261 275 13 13
261 268 13 13
262 269 13 13
262 270 13 13
262 277 13 13
262 272 13 13
263 273 13 13
263 275 13 13
263 271 13 13
263 270 13 13
284 280 14 14
284 282 14 14
284 283 14 14
284 281 14 14
285 283 14 14
285 281 14 14
285 282 14 14
285 280 14 14
286 284 14 14
286 282 14 14
286 285 14 14
286 281 14 14
287 283 14 14
287 285 14 14
287 284 14 14
287 286 14 14
288 280 14 14
288 282 14 14
288 283 14 14
288 281 14 14
289 282 14 14
289 288 14 14
289 283 14 14
289 280 14 14
290 287 14 14
290 285 14 14
290 284 14 14
290 286 14 14
291 289 14 14
291 288 14 14
291 283 14 14
291 280 14 14
292 282 14 14
292 285 14 14
292 291 14 14
292 280 14 14
293 287 14 14
293 281 14 14
293 283 14 14
293 292 14 14
294 287 14 14
294 281 14 14
294 284 14 14
294 292 14 14
295 287 14 14
295 284 14 14
295 290 14 14
295 293 14 14
296 284 14 14
296 285 14 14
296 281 14 14
296 292 14 14
297 296 14 14
297 285 14 14
297 290 14 14
297 288 14 14
298 283 14 14
298 280 14 14
298 296 14 14
298 292 14 14
299 294 14 14
299 282 14 14
299 297 14 14
299 284 14 14
280 297 14 14
280 299 14 14
280 294 14 14
280 295 14 14
281 289 14 14
281 292 14 14
281 299 14 14
281 297 14 14
282 294 14 14
282 287 14 14
282 298 14 14
282 290 14 14
283 297 14 14
283 295 14 14
283 292 14 14
283 296 14 14
304 303 15 15
304 301 15 15
304 302 15 15
304 300 15 15
305 300 15 15
305 304 15 15
305 303 15 15
305 301 15 15
306 305 15 15
306 303 15 15
306 304 15 15
306 300 15 15
307 303 15 15
307 302 15 15
307 304 15 15
307 301 15 15
308 306 15 15
308 304 15 15
308 301 15 15
308 302 15 15
309 304 15 15
309 303 15 15
309 307 15 15
309 308 15 15
310 308 15 15
310 303 15 15
310 304 15 15
310 301 15 15
311 300 15 15
311 307 15 15
311 310 15 15
311 306 15 15
312 303 15 15
312 305 15 15
312 300 15 15
312 308 15 15
313 310 15 15
313 303 15 15
313 300 15 15
313 312 15 15
314 310 15 15
314 309 15 15
314 302 15 15
314 303 15 15
315 300 15 15
315 301 15 15
315 310 15 15
315 314 15 15
316 303 15 15
316 315 15 15
316 306 15 15
316 310 15 15
317 309 15 15
317 311 15 15
317 312 15 15
317 305 15 15
318 309 15 15
318 310 15 15
318 307 15 15
318 301 15 15
319 317 15 15
319 316 15 15
319 302 15 15
319 314 15 15
300 316 15 15
300 307 15 15
300 310 15 15
300 314 15 15
301 313 15 15
301 314 15 15
301 309 15 15
301 306 15 15
302 310 15 15
302 313 15 15
302 315 15 15
302 309 15 15
303 317 15 15
303 319 15 15
303 315 15 15
303 311 15 15
82 76 4 3
98 44 4 2
97 35 4 1
91 9 4 0
103 28 5 1
113 84 5 4
113 40 5 2
118 74 5 3
136 25 6 1
134 107 6 5
126 96 6 4
120 64 6 3
144 51 7 2
144 12 7 0
146 94 7 4
154 119 7 5
165 112 8 5
167 42 8 2
171 125 8 6
179 39 8 1
186 100 9 5
197 124 9 6
199 169 9 8
186 35 9 1
208 61 10 3
213 145 10 7
204 47 10 2
217 8 10 0
225 158 11 7
238 69 11 3
222 59 11 2
223 14 11 0
250 70 12 3
240 217 12 10
257 99 12 4
243 151 12 7
268 255 13 12
265 95 13 4
272 161 13 8
275 192 13 9
298 180 14 9
289 27 14 1
293 148 14 7
287 163 14 8
300 286 15 14
315 246 15 12
310 32 15 1
316 77 15 3
6 312 0 15
14 253 0 12
13 272 0 13
3 283 0 14
34 266 1 13
36 245 1 12
28 202 1 10
28 225 1 11
57 313 2 15
46 278 2 13
42 291 2 14
47 256 2 12
73 165 3 8
73 293 3 14
63 145 3 7
70 269 3 13
