swNum = 320
edgeNum = 1344

0 0
1 0
2 0
3 0
4 0
5 0
6 0
7 0
8 0
9 0
10 0
11 0
12 0
13 0
14 0
15 0
16 0
17 0
18 0
19 0
20 1
21 1
22 1
23 1
24 1
25 1
26 1
27 1
28 1
29 1
30 1
31 1
32 1
33 1
34 1
35 1
36 1
37 1
38 1
39 1
40 2
41 2
42 2
43 2
44 2
45 2
46 2
47 2
48 2
49 2
50 2
51 2
52 2
53 2
54 2
55 2
56 2
57 2
58 2
59 2
60 3
61 3
62 3
63 3
64 3
65 3
66 3
67 3
68 3
69 3
70 3
71 3
72 3
73 3
74 3
75 3
76 3
77 3
78 3
79 3
80 4
81 4
82 4
83 4
84 4
85 4
86 4
87 4
88 4
89 4
90 4
91 4
92 4
93 4
94 4
95 4
96 4
97 4
98 4
99 4
100 5
101 5
102 5
103 5
104 5
105 5
106 5
107 5
108 5
109 5
110 5
111 5
112 5
113 5
114 5
115 5
116 5
117 5
118 5
119 5
120 6
121 6
122 6
123 6
124 6
125 6
126 6
127 6
128 6
129 6
130 6
131 6
132 6
133 6
134 6
135 6
136 6
137 6
138 6
139 6
140 7
141 7
142 7
143 7
144 7
145 7
146 7
147 7
148 7
149 7
150 7
151 7
152 7
153 7
154 7
155 7
156 7
157 7
158 7
159 7
160 8
161 8
162 8
163 8
164 8
165 8
166 8
167 8
168 8
169 8
170 8
171 8
172 8
173 8
174 8
175 8
176 8
177 8
178 8
179 8
180 9
181 9
182 9
183 9
184 9
185 9
186 9
187 9
188 9
189 9
190 9
191 9
192 9
193 9
194 9
195 9
196 9
197 9
198 9
199 9
200 10
201 10
202 10
203 10
204 10
205 10
206 10
207 10
208 10
209 10
210 10
211 10
212 10
213 10
214 10
215 10
216 10
217 10
218 10
219 10
220 11
221 11
222 11
223 11
224 11
225 11
226 11
227 11
228 11
229 11
230 11
231 11
232 11
233 11
234 11
235 11
236 11
237 11
238 11
239 11
240 12
241 12
242 12
243 12
244 12
245 12
246 12
247 12
248 12
249 12
250 12
251 12
252 12
253 12
254 12
255 12
256 12
257 12
258 12
259 12
260 13
261 13
262 13
263 13
264 13
265 13
266 13
267 13
268 13
269 13
270 13
271 13
272 13
273 13
274 13
275 13
276 13
277 13
278 13
279 13
280 14
281 14
282 14
283 14
284 14
285 14
286 14
287 14
288 14
289 14
290 14
291 14
292 14
293 14
294 14
295 14
296 14
297 14
298 14
299 14
300 15
301 15
302 15
303 15
304 15
305 15
306 15
307 15
308 15
309 15
310 15
311 15
312 15
313 15
314 15
315 15
316 15
317 15
318 15
319 15

4 2 0 0
4 0 0 0
4 3 0 0
4 1 0 0
5 2 0 0
5 4 0 0
5 1 0 0
5 0 0 0
6 5 0 0
6 0 0 0
6 2 0 0
6 3 0 0
7 0 0 0
7 6 0 0
7 3 0 0
7 1 0 0
8 4 0 0
8 3 0 0
8 1 0 0
8 0 0 0
9 7 0 0
9 3 0 0
9 1 0 0
9 8 0 0
10 0 0 0
10 2 0 0
10 6 0 0
10 8 0 0
11 3 0 0
11 1 0 0
11 9 0 0
11 7 0 0
12 1 0 0
12 3 0 0
12 11 0 0
12 9 0 0
13 0 0 0
13 6 0 0
13 10 0 0
13 2 0 0
14 3 0 0
14 10 0 0
14 2 0 0
14 7 0 0
15 2 0 0
15 6 0 0
15 0 0 0
15 14 0 0
16 4 0 0
16 10 0 0
16 13 0 0
16 6 0 0
17 16 0 0
17 0 0 0
17 5 0 0
17 13 0 0
18 9 0 0
18 5 0 0
18 13 0 0
18 12 0 0
19 5 0 0
19 1 0 0
19 8 0 0
19 14 0 0
0 16 0 0
0 11 0 0
0 9 0 0
0 14 0 0
1 18 0 0
1 14 0 0
1 6 0 0
1 13 0 0
2 8 0 0
2 19 0 0
2 18 0 0
2 16 0 0
3 5 0 0
3 13 0 0
3 18 0 0
3 15 0 0
24 20 1 1
24 21 1 1
24 23 1 1
24 22 1 1
25 23 1 1
25 21 1 1
25 24 1 1
25 20 1 1
26 25 1 1
26 22 1 1
26 20 1 1
26 23 1 1
27 25 1 1
27 26 1 1
27 23 1 1
27 21 1 1
28 25 1 1
28 20 1 1
28 24 1 1
28 27 1 1
29 23 1 1
29 27 1 1
29 22 1 1
29 26 1 1
30 20 1 1
30 28 1 1
30 22 1 1
30 26 1 1
31 30 1 1
31 23 1 1
31 26 1 1
31 28 1 1
32 31 1 1
32 23 1 1
32 22 1 1
32 29 1 1
33 26 1 1
33 27 1 1
33 23 1 1
33 29 1 1
34 29 1 1
34 25 1 1
34 30 1 1
34 22 1 1
35 24 1 1
35 31 1 1
35 21 1 1
35 30 1 1
36 28 1 1
36 20 1 1
36 30 1 1
36 35 1 1
37 28 1 1
37 24 1 1
37 25 1 1
37 21 1 1
38 35 1 1
38 25 1 1
38 34 1 1
38 27 1 1
39 35 1 1
39 21 1 1
39 24 1 1
39 20 1 1
20 31 1 1
20 27 1 1
20 37 1 1
20 32 1 1
21 31 1 1
21 29 1 1
21 32 1 1
21 33 1 1
22 37 1 1
22 28 1 1
22 38 1 1
22 33 1 1
23 30 1 1
23 35 1 1
23 28 1 1
23 39 1 1
44 43 2 2
44 41 2 2
44 40 2 2
44 42 2 2
45 44 2 2
45 43 2 2
45 41 2 2
45 42 2 2
46 40 2 2
46 42 2 2
46 45 2 2
46 43 2 2
47 43 2 2
47 44 2 2
47 41 2 2
47 45 2 2
48 47 2 2
48 46 2 2
48 45 2 2
48 43 2 2
49 42 2 2
49 43 2 2
49 45 2 2
49 44 2 2
50 44 2 2
50 40 2 2
50 47 2 2
50 49 2 2
51 40 2 2
51 49 2 2
51 46 2 2
51 50 2 2
52 42 2 2
52 46 2 2
52 47 2 2
52 50 2 2
53 44 2 2
53 50 2 2
53 48 2 2
53 46 2 2
54 46 2 2
54 45 2 2
54 47 2 2
54 43 2 2
55 45 2 2
55 43 2 2
55 46 2 2
55 54 2 2
56 50 2 2
56 54 2 2
56 40 2 2
56 51 2 2
57 50 2 2
57 49 2 2
57 55 2 2
57 54 2 2
58 49 2 2
58 41 2 2
58 47 2 2
58 43 2 2
59 41 2 2
59 48 2 2
59 54 2 2
59 53 2 2
40 59 2 2
40 53 2 2
40 58 2 2
40 47 2 2
41 49 2 2
41 53 2 2
41 48 2 2
41 55 2 2
42 47 2 2
42 48 2 2
42 53 2 2
42 57 2 2
43 52 2 2
43 59 2 2
43 51 2 2
43 50 2 2
64 61 3 3
64 60 3 3
64 62 3 3
64 63 3 3
65 62 3 3
65 64 3 3
65 63 3 3
65 61 3 3
66 61 3 3
66 60 3 3
66 65 3 3
66 63 3 3
67 60 3 3
67 61 3 3
67 66 3 3
67 62 3 3
68 65 3 3
68 67 3 3
68 60 3 3
68 61 3 3
69 60 3 3
69 62 3 3
69 68 3 3
69 67 3 3
70 65 3 3
70 69 3 3
70 67 3 3
70 62 3 3
71 65 3 3
71 62 3 3
71 68 3 3
71 70 3 3
72 65 3 3
72 67 3 3
72 61 3 3
72 69 3 3
73 67 3 3
73 64 3 3
73 68 3 3
73 69 3 3
74 61 3 3
74 73 3 3
74 70 3 3
74 64 3 3
75 64 3 3
75 67 3 3
75 63 3 3
75 66 3 3
76 70 3 3
76 73 3 3
76 68 3 3
76 60 3 3
77 70 3 3
77 66 3 3
77 71 3 3
77 74 3 3
78 69 3 3
78 73 3 3
78 64 3 3
78 60 3 3
79 68 3 3
79 78 3 3
79 61 3 3
79 70 3 3
60 74 3 3
60 70 3 3
60 73 3 3
60 75 3 3
61 75 3 3
61 70 3 3
61 78 3 3
61 77 3 3
62 68 3 3
62 72 3 3
62 73 3 3
62 77 3 3
63 72 3 3
63 77 3 3
63 67 3 3
63 69 3 3
84 81 4 4
84 83 4 4
84 82 4 4
84 80 4 4
85 82 4 4
85 81 4 4
85 83 4 4
85 80 4 4
86 81 4 4
86 82 4 4
86 84 4 4
86 85 4 4
87 82 4 4
87 85 4 4
87 81 4 4
87 83 4 4
88 84 4 4
88 80 4 4
88 85 4 4
88 86 4 4
89 80 4 4
89 81 4 4
89 83 4 4
89 86 4 4
90 89 4 4
90 86 4 4
90 82 4 4
90 88 4 4
91 86 4 4
91 88 4 4
91 89 4 4
91 85 4 4
92 82 4 4
92 86 4 4
92 80 4 4
92 90 4 4
93 92 4 4
93 90 4 4
93 91 4 4
93 82 4 4
94 80 4 4
94 88 4 4
94 83 4 4
94 84 4 4
95 83 4 4
95 81 4 4
95 90 4 4
95 84 4 4
96 92 4 4
96 94 4 4
96 85 4 4
96 90 4 4
97 93 4 4
97 94 4 4
97 86 4 4
97 92 4 4
98 81 4 4
98 95 4 4
98 83 4 4
98 90 4 4
99 87 4 4
99 97 4 4
99 89 4 4
99 82 4 4
80 93 4 4
80 91 4 4
80 96 4 4
80 86 4 4
81 91 4 4
81 96 4 4
81 90 4 4
81 93 4 4
82 98 4 4
82 97 4 4
82 94 4 4
82 89 4 4
83 99 4 4
83 90 4 4
83 96 4 4
83 86 4 4
104 103 5 5
104 100 5 5
104 102 5 5
104 101 5 5
105 102 5 5
105 101 5 5
105 100 5 5
105 103 5 5
106 102 5 5
106 104 5 5
106 103 5 5
106 105 5 5
107 101 5 5
107 102 5 5
107 105 5 5
107 100 5 5
108 103 5 5
108 104 5 5
108 105 5 5
108 100 5 5
109 107 5 5
109 101 5 5
109 105 5 5
109 103 5 5
110 104 5 5
110 108 5 5
110 105 5 5
110 107 5 5
111 105 5 5
111 101 5 5
111 102 5 5
111 106 5 5
112 103 5 5
112 100 5 5
112 109 5 5
112 102 5 5
113 105 5 5
113 109 5 5
113 111 5 5
113 101 5 5
114 110 5 5
114 112 5 5
114 106 5 5
114 104 5 5
115 111 5 5
115 101 5 5
115 105 5 5
115 100 5 5
116 104 5 5
116 114 5 5
116 103 5 5
116 110 5 5
117 101 5 5
117 104 5 5
117 116 5 5
117 105 5 5
118 113 5 5
118 105 5 5
118 110 5 5
118 107 5 5
119 118 5 5
119 113 5 5
119 112 5 5
119 105 5 5
100 111 5 5
100 116 5 5
100 118 5 5
100 106 5 5
101 119 5 5
101 110 5 5
101 108 5 5
101 118 5 5
102 113 5 5
102 114 5 5
102 115 5 5
102 116 5 5
103 110 5 5
103 114 5 5
103 107 5 5
103 115 5 5
124 123 6 6
124 121 6 6
124 122 6 6
124 120 6 6
125 121 6 6
125 120 6 6
125 124 6 6
125 122 6 6
126 124 6 6
126 122 6 6
126 120 6 6
126 125 6 6
127 121 6 6
127 122 6 6
127 126 6 6
127 125 6 6
128 125 6 6
128 126 6 6
128 120 6 6
128 121 6 6
129 125 6 6
129 124 6 6
129 128 6 6
129 123 6 6
130 121 6 6
130 124 6 6
130 123 6 6
130 126 6 6
131 126 6 6
131 123 6 6
131 128 6 6
131 130 6 6
132 126 6 6
132 120 6 6
132 130 6 6
132 121 6 6
133 129 6 6
133 131 6 6
133 128 6 6
133 127 6 6
134 121 6 6
134 124 6 6
134 127 6 6
134 122 6 6
135 131 6 6
135 133 6 6
135 128 6 6
135 132 6 6
136 127 6 6
136 123 6 6
136 122 6 6
136 126 6 6
137 130 6 6
137 128 6 6
137 127 6 6
137 133 6 6
138 120 6 6
138 135 6 6
138 129 6 6
138 127 6 6
139 123 6 6
139 129 6 6
139 122 6 6
139 138 6 6
120 127 6 6
120 135 6 6
120 137 6 6
120 134 6 6
121 135 6 6
121 129 6 6
121 137 6 6
121 131 6 6
122 133 6 6
122 130 6 6
122 137 6 6
122 138 6 6
123 138 6 6
123 128 6 6
123 127 6 6
123 137 6 6
144 143 7 7
144 140 7 7
144 142 7 7
144 141 7 7
145 140 7 7
145 143 7 7
145 142 7 7
145 144 7 7
146 140 7 7
146 141 7 7
146 144 7 7
146 142 7 7
147 146 7 7
147 143 7 7
147 140 7 7
147 145 7 7
148 147 7 7
148 143 7 7
148 142 7 7
148 141 7 7
149 142 7 7
149 143 7 7
149 141 7 7
149 146 7 7
150 146 7 7
150 144 7 7
150 143 7 7
150 140 7 7
151 148 7 7
151 143 7 7
151 140 7 7
151 150 7 7
152 140 7 7
152 141 7 7
152 143 7 7
152 146 7 7
153 144 7 7
153 148 7 7
153 147 7 7
153 145 7 7
154 151 7 7
154 141 7 7
154 140 7 7
154 148 7 7
155 142 7 7
155 148 7 7
155 151 7 7
155 145 7 7
156 147 7 7
156 148 7 7
156 152 7 7
156 150 7 7
157 150 7 7
157 156 7 7
157 147 7 7
157 140 7 7
158 149 7 7
158 153 7 7
158 148 7 7
158 155 7 7
159 157 7 7
159 158 7 7
159 148 7 7
159 145 7 7
140 159 7 7
140 153 7 7
140 149 7 7
140 148 7 7
141 150 7 7
141 158 7 7
141 155 7 7
141 147 7 7
142 156 7 7
142 159 7 7
142 153 7 7
142 147 7 7
143 155 7 7
143 158 7 7
143 153 7 7
143 157 7 7
164 160 8 8
164 162 8 8
164 161 8 8
164 163 8 8
165 161 8 8
165 160 8 8
165 163 8 8
165 164 8 8
166 163 8 8
166 165 8 8
166 162 8 8
166 160 8 8
167 161 8 8
167 166 8 8
167 163 8 8
167 164 8 8
168 164 8 8
168 160 8 8
168 166 8 8
168 161 8 8
169 163 8 8
169 167 8 8
169 165 8 8
169 168 8 8
170 167 8 8
170 163 8 8
170 161 8 8
170 168 8 8
171 164 8 8
171 161 8 8
171 168 8 8
171 165 8 8
172 171 8 8
172 166 8 8
172 164 8 8
172 165 8 8
173 169 8 8
173 160 8 8
173 165 8 8
173 166 8 8
174 170 8 8
174 173 8 8
174 172 8 8
174 171 8 8
175 161 8 8
175 166 8 8
175 167 8 8
175 164 8 8
176 167 8 8
176 172 8 8
176 160 8 8
176 175 8 8
177 164 8 8
177 163 8 8
177 172 8 8
177 171 8 8
178 166 8 8
178 162 8 8
178 174 8 8
178 163 8 8
179 164 8 8
179 173 8 8
179 165 8 8
179 168 8 8
160 177 8 8
160 178 8 8
160 170 8 8
160 175 8 8
161 178 8 8
161 177 8 8
161 172 8 8
161 166 8 8
162 168 8 8
162 179 8 8
162 169 8 8
162 167 8 8
163 168 8 8
163 171 8 8
163 172 8 8
163 175 8 8
184 181 9 9
184 182 9 9
184 180 9 9
184 183 9 9
185 182 9 9
185 181 9 9
185 183 9 9
185 180 9 9
186 183 9 9
186 184 9 9
186 185 9 9
186 180 9 9
187 180 9 9
187 184 9 9
187 183 9 9
187 186 9 9
188 180 9 9
188 187 9 9
188 183 9 9
188 185 9 9
189 184 9 9
189 187 9 9
189 186 9 9
189 188 9 9
190 187 9 9
190 183 9 9
190 182 9 9
190 181 9 9
191 184 9 9
191 181 9 9
191 190 9 9
191 185 9 9
192 187 9 9
192 190 9 9
192 183 9 9
192 180 9 9
193 180 9 9
193 191 9 9
193 182 9 9
193 184 9 9
194 184 9 9
194 193 9 9
194 189 9 9
194 190 9 9
195 188 9 9
195 186 9 9
195 180 9 9
195 183 9 9
196 194 9 9
196 182 9 9
196 186 9 9
196 184 9 9
197 193 9 9
197 196 9 9
197 190 9 9
197 189 9 9
198 194 9 9
198 193 9 9
198 182 9 9
198 185 9 9
199 197 9 9
199 194 9 9
199 182 9 9
199 193 9 9
180 190 9 9
180 189 9 9
180 198 9 9
180 191 9 9
181 189 9 9
181 186 9 9
181 199 9 9
181 188 9 9
182 194 9 9
182 197 9 9
182 187 9 9
182 195 9 9
183 189 9 9
183 194 9 9
183 191 9 9
183 198 9 9
204 201 10 10
204 200 10 10
204 203 10 10
204 202 10 10
205 202 10 10
205 204 10 10
205 201 10 10
205 200 10 10
206 203 10 10
206 200 10 10
206 205 10 10
206 201 10 10
207 205 10 10
207 206 10 10
207 200 10 10
207 201 10 10
208 200 10 10
208 204 10 10
208 206 10 10
208 203 10 10
209 207 10 10
209 204 10 10
209 208 10 10
209 203 10 10
210 208 10 10
210 206 10 10
210 200 10 10
210 205 10 10
211 207 10 10
211 200 10 10
211 203 10 10
211 202 10 10
212 209 10 10
212 203 10 10
212 207 10 10
212 211 10 10
213 206 10 10
213 203 10 10
213 210 10 10
213 207 10 10
214 213 10 10
214 209 10 10
214 204 10 10
214 205 10 10
215 201 10 10
215 210 10 10
215 205 10 10
215 207 10 10
216 201 10 10
216 205 10 10
216 202 10 10
216 211 10 10
217 215 10 10
217 207 10 10
217 214 10 10
217 211 10 10
218 210 10 10
218 213 10 10
218 217 10 10
218 216 10 10
219 205 10 10
219 214 10 10
219 202 10 10
219 204 10 10
200 215 10 10
200 212 10 10
200 217 10 10
200 213 10 10
201 214 10 10
201 208 10 10
201 217 10 10
201 211 10 10
202 214 10 10
202 209 10 10
202 213 10 10
202 217 10 10
203 216 10 10
203 205 10 10
203 219 10 10
203 218 10 10
224 221 11 11
224 222 11 11
224 223 11 11
224 220 11 11
225 223 11 11
225 220 11 11
225 222 11 11
225 221 11 11
226 225 11 11
226 221 11 11
226 220 11 11
226 223 11 11
227 223 11 11
227 220 11 11
227 221 11 11
227 224 11 11
228 226 11 11
228 223 11 11
228 222 11 11
228 221 11 11
229 226 11 11
229 223 11 11
229 225 11 11
229 224 11 11
230 223 11 11
230 225 11 11
230 226 11 11
230 220 11 11
231 220 11 11
231 225 11 11
231 230 11 11
231 223 11 11
232 226 11 11
232 229 11 11
232 227 11 11
232 223 11 11
233 230 11 11
233 225 11 11
233 232 11 11
233 226 11 11
234 225 11 11
234 227 11 11
234 220 11 11
234 221 11 11
235 226 11 11
235 223 11 11
235 227 11 11
235 220 11 11
236 228 11 11
236 224 11 11
236 234 11 11
236 222 11 11
237 235 11 11
237 226 11 11
237 227 11 11
237 231 11 11
238 234 11 11
238 221 11 11
238 226 11 11
238 227 11 11
239 221 11 11
239 234 11 11
239 236 11 11
239 229 11 11
220 238 11 11
220 229 11 11
220 232 11 11
220 239 11 11
221 236 11 11
221 232 11 11
221 231 11 11
221 235 11 11
222 239 11 11
222 227 11 11
222 231 11 11
222 237 11 11
223 234 11 11
223 237 11 11
223 233 11 11
223 236 11 11
244 241 12 12
244 242 12 12
244 240 12 12
244 243 12 12
245 243 12 12
245 240 12 12
245 244 12 12
245 242 12 12
246 244 12 12
246 242 12 12
246 245 12 12
246 243 12 12
247 244 12 12
247 241 12 12
247 243 12 12
247 245 12 12
248 240 12 12
248 245 12 12
248 243 12 12
248 244 12 12
249 244 12 12
249 243 12 12
249 247 12 12
249 245 12 12
250 248 12 12
250 245 12 12
250 242 12 12
250 243 12 12
251 243 12 12
251 248 12 12
251 240 12 12
251 250 12 12
252 250 12 12
252 251 12 12
252 248 12 12
252 246 12 12
253 241 12 12
253 252 12 12
253 251 12 12
253 250 12 12
254 253 12 12
254 241 12 12
254 251 12 12
254 245 12 12
255 241 12 12
255 244 12 12
255 247 12 12
255 254 12 12
256 242 12 12
256 243 12 12
256 246 12 12
256 250 12 12
257 254 12 12
257 256 12 12
257 242 12 12
257 250 12 12
258 242 12 12
258 251 12 12
258 250 12 12
258 246 12 12
259 250 12 12
259 257 12 12
259 242 12 12
259 256 12 12
240 249 12 12
240 258 12 12
240 247 12 12
240 256 12 12
241 251 12 12
241 257 12 12
241 249 12 12
241 256 12 12
242 255 12 12
242 253 12 12
242 254 12 12
242 251 12 12
243 253 12 12
243 258 12 12
243 257 12 12
243 255 12 12
264 262 13 13
264 263 13 13
264 260 13 13
264 261 13 13
265 261 13 13
265 264 13 13
265 262 13 13
265 263 13 13
266 262 13 13
266 261 13 13
266 260 13 13
266 264 13 13
267 264 13 13
267 261 13 13
267 260 13 13
267 263 13 13
268 265 13 13
268 262 13 13
268 264 13 13
268 266 13 13
269 261 13 13
269 260 13 13
269 266 13 13
269 267 13 13
270 269 13 13
270 267 13 13
270 261 13 13
270 264 13 13
271 269 13 13
271 268 13 13
271 261 13 13
271 267 13 13
272 262 13 13
272 261 13 13
272 263 13 13
272 264 13 13
273 270 13 13
273 266 13 13
273 271 13 13
273 269 13 13
274 267 13 13
274 273 13 13
274 272 13 13
274 262 13 13
275 261 13 13
275 273 13 13
275 267 13 13
275 266 13 13
276 268 13 13
276 260 13 13
276 271 13 13
276 264 13 13
277 270 13 13
277 273 13 13
277 269 13 13
277 274 13 13
278 267 13 13
278 261 13 13
278 272 13 13
278 271 13 13
279 274 13 13
279 273 13 13
279 267 13 13
279 270 13 13
260 274 13 13
260 273 13 13
260 271 13 13
260 277 13 13
261 276 13 13
261 268 13 13
261 277 13 13
261 274 13 13
262 270 13 13
262 279 13 13
262 267 13 13
262 273 13 13
263 278 13 13
263 270 13 13
263 268 13 13
263 274 13 13
284 282 14 14
284 281 14 14
284 280 14 14
284 283 14 14
285 283 14 14
285 280 14 14
285 282 14 14
285 281 14 14
286 280 14 14
286 285 14 14
286 281 14 14
286 284 14 14
287 284 14 14
287 280 14 14
287 285 14 14
287 282 14 14
288 284 14 14
288 281 14 14
288 286 14 14
288 280 14 14
289 281 14 14
289 286 14 14
289 283 14 14
289 287 14 14
290 286 14 14
290 280 14 14
290 288 14 14
290 284 14 14
291 282 14 14
291 288 14 14
291 290 14 14
291 284 14 14
292 290 14 14
292 280 14 14
292 284 14 14
292 281 14 14
293 283 14 14
293 285 14 14
293 291 14 14
293 289 14 14
294 284 14 14
294 290 14 14
294 283 14 14
294 286 14 14
295 290 14 14
295 282 14 14
295 287 14 14
295 284 14 14
296 281 14 14
296 285 14 14
296 295 14 14
296 292 14 14
297 284 14 14
297 296 14 14
297 280 14 14
297 288 14 14
298 287 14 14
298 295 14 14
298 286 14 14
298 292 14 14
299 281 14 14
299 283 14 14
299 289 14 14
299 284 14 14
280 291 14 14
280 298 14 14
280 295 14 14
280 296 14 14
281 293 14 14
281 287 14 14
281 294 14 14
281 295 14 14
282 297 14 14
282 294 14 14
282 299 14 14
282 289 14 14
283 297 14 14
283 296 14 14
283 287 14 14
283 288 14 14
304 302 15 15
304 303 15 15
304 301 15 15
304 300 15 15
305 303 15 15
305 300 15 15
305 304 15 15
305 302 15 15
306 301 15 15
306 302 15 15
306 304 15 15
306 305 15 15
307 305 15 15
307 304 15 15
307 302 15 15
307 303 15 15
308 305 15 15
308 303 15 15
308 307 15 15
308 301 15 15
309 302 15 15
309 301 15 15
309 304 15 15
309 306 15 15
310 302 15 15
310 305 15 15
310 303 15 15
310 306 15 15
311 301 15 15
311 307 15 15
311 306 15 15
311 304 15 15
312 310 15 15
312 301 15 15
312 306 15 15
312 304 15 15
313 300 15 15
313 311 15 15
313 308 15 15
313 309 15 15
314 302 15 15
314 306 15 15
314 308 15 15
314 300 15 15
315 306 15 15
315 314 15 15
315 302 15 15
315 312 15 15
316 314 15 15
316 312 15 15
316 315 15 15
316 303 15 15
317 301 15 15
317 313 15 15
317 303 15 15
317 310 15 15
318 302 15 15
318 314 15 15
318 304 15 15
318 300 15 15
319 306 15 15
319 309 15 15
319 310 15 15
319 301 15 15
300 311 15 15
300 312 15 15
300 310 15 15
300 307 15 15
301 316 15 15
301 315 15 15
301 318 15 15
301 314 15 15
302 319 15 15
302 313 15 15
302 311 15 15
302 316 15 15
303 311 15 15
303 314 15 15
303 318 15 15
303 313 15 15
83 54 4 2
89 77 4 3
87 5 4 0
95 36 4 1
115 3 5 0
100 78 5 3
101 98 5 4
117 25 5 1
126 24 6 1
125 76 6 3
136 49 6 2
139 86 6 4
153 8 7 0
146 21 7 1
156 85 7 4
158 127 7 6
178 87 8 4
171 79 8 3
163 55 8 2
161 140 8 7
190 109 9 5
183 71 9 3
182 50 9 2
191 150 9 7
217 139 10 6
206 20 10 1
217 53 10 2
212 10 10 0
234 47 11 2
227 61 11 3
232 169 11 8
234 102 11 5
252 2 12 0
247 102 12 5
251 152 12 7
253 37 12 1
277 225 13 11
262 211 13 10
266 3 13 0
277 65 13 3
283 67 14 3
284 91 14 4
286 256 14 12
294 40 14 2
314 191 15 9
316 107 15 5
303 258 15 12
316 267 15 13
1 130 0 6
14 296 0 14
4 224 0 11
14 184 0 9
21 294 1 14
25 187 1 9
28 303 1 15
32 174 1 8
45 147 2 7
42 264 2 13
46 117 2 5
40 259 2 12
78 244 3 12
68 206 3 10
72 147 3 7
76 308 3 15
