swNum = 320
edgeNum = 1344

0 0
1 0
2 0
3 0
4 0
5 0
6 0
7 0
8 0
9 0
10 0
11 0
12 0
13 0
14 0
15 0
16 0
17 0
18 0
19 0
20 1
21 1
22 1
23 1
24 1
25 1
26 1
27 1
28 1
29 1
30 1
31 1
32 1
33 1
34 1
35 1
36 1
37 1
38 1
39 1
40 2
41 2
42 2
43 2
44 2
45 2
46 2
47 2
48 2
49 2
50 2
51 2
52 2
53 2
54 2
55 2
56 2
57 2
58 2
59 2
60 3
61 3
62 3
63 3
64 3
65 3
66 3
67 3
68 3
69 3
70 3
71 3
72 3
73 3
74 3
75 3
76 3
77 3
78 3
79 3
80 4
81 4
82 4
83 4
84 4
85 4
86 4
87 4
88 4
89 4
90 4
91 4
92 4
93 4
94 4
95 4
96 4
97 4
98 4
99 4
100 5
101 5
102 5
103 5
104 5
105 5
106 5
107 5
108 5
109 5
110 5
111 5
112 5
113 5
114 5
115 5
116 5
117 5
118 5
119 5
120 6
121 6
122 6
123 6
124 6
125 6
126 6
127 6
128 6
129 6
130 6
131 6
132 6
133 6
134 6
135 6
136 6
137 6
138 6
139 6
140 7
141 7
142 7
143 7
144 7
145 7
146 7
147 7
148 7
149 7
150 7
151 7
152 7
153 7
154 7
155 7
156 7
157 7
158 7
159 7
160 8
161 8
162 8
163 8
164 8
165 8
166 8
167 8
168 8
169 8
170 8
171 8
172 8
173 8
174 8
175 8
176 8
177 8
178 8
179 8
180 9
181 9
182 9
183 9
184 9
185 9
186 9
187 9
188 9
189 9
190 9
191 9
192 9
193 9
194 9
195 9
196 9
197 9
198 9
199 9
200 10
201 10
202 10
203 10
204 10
205 10
206 10
207 10
208 10
209 10
210 10
211 10
212 10
213 10
214 10
215 10
216 10
217 10
218 10
219 10
220 11
221 11
222 11
223 11
224 11
225 11
226 11
227 11
228 11
229 11
230 11
231 11
232 11
233 11
234 11
235 11
236 11
237 11
238 11
239 11
240 12
241 12
242 12
243 12
244 12
245 12
246 12
247 12
248 12
249 12
250 12
251 12
252 12
253 12
254 12
255 12
256 12
257 12
258 12
259 12
260 13
261 13
262 13
263 13
264 13
265 13
266 13
267 13
268 13
269 13
270 13
271 13
272 13
273 13
274 13
275 13
276 13
277 13
278 13
279 13
280 14
281 14
282 14
283 14
284 14
285 14
286 14
287 14
288 14
289 14
290 14
291 14
292 14
293 14
294 14
295 14
296 14
297 14
298 14
299 14
300 15
301 15
302 15
303 15
304 15
305 15
306 15
307 15
308 15
309 15
310 15
311 15
312 15
313 15
314 15
315 15
316 15
317 15
318 15
319 15

4 2 0 0
4 1 0 0
4 0 0 0
4 3 0 0
5 3 0 0
5 4 0 0
5 1 0 0
5 0 0 0
6 2 0 0
6 3 0 0
6 5 0 0
6 0 0 0
7 3 0 0
7 4 0 0
7 0 0 0
7 1 0 0
8 5 0 0
8 4 0 0
8 2 0 0
8 3 0 0
9 8 0 0
9 5 0 0
9 6 0 0
9 7 0 0
10 7 0 0
10 3 0 0
10 5 0 0
10 2 0 0
11 5 0 0
11 0 0 0
11 4 0 0
11 6 0 0
12 4 0 0
12 0 0 0
12 8 0 0
12 1 0 0
13 9 0 0
13 4 0 0
13 6 0 0
13 1 0 0
14 9 0 0
14 3 0 0
14 5 0 0
14 7 0 0
15 2 0 0
15 14 0 0
15 4 0 0
15 8 0 0
16 4 0 0
16 8 0 0
16 2 0 0
16 11 0 0
17 3 0 0
17 13 0 0
17 14 0 0
17 10 0 0
18 0 0 0
18 4 0 0
18 6 0 0
18 13 0 0
19 15 0 0
19 7 0 0
19 2 0 0
19 5 0 0
0 16 0 0
0 13 0 0
0 19 0 0
0 8 0 0
1 11 0 0
1 17 0 0
1 18 0 0
1 10 0 0
2 17 0 0
2 18 0 0
2 7 0 0
2 5 0 0
3 19 0 0
3 13 0 0
3 9 0 0
3 15 0 0
24 23 1 1
24 21 1 1
24 22 1 1
24 20 1 1
25 22 1 1
25 21 1 1
25 24 1 1
25 23 1 1
26 23 1 1
26 21 1 1
26 24 1 1
26 20 1 1
27 21 1 1
27 22 1 1
27 26 1 1
27 25 1 1
28 26 1 1
28 22 1 1
28 20 1 1
28 24 1 1
29 20 1 1
29 21 1 1
29 24 1 1
29 22 1 1
30 26 1 1
30 23 1 1
30 25 1 1
30 21 1 1
31 28 1 1
31 29 1 1
31 26 1 1
31 30 1 1
32 26 1 1
32 20 1 1
32 21 1 1
32 22 1 1
33 32 1 1
33 22 1 1
33 24 1 1
33 31 1 1
34 30 1 1
34 23 1 1
34 33 1 1
34 32 1 1
35 20 1 1
35 22 1 1
35 34 1 1
35 23 1 1
36 26 1 1
36 23 1 1
36 31 1 1
36 29 1 1
37 25 1 1
37 21 1 1
37 27 1 1
37 23 1 1
38 25 1 1
38 27 1 1
38 21 1 1
38 28 1 1
39 37 1 1
39 38 1 1
39 27 1 1
39 23 1 1
20 30 1 1
20 31 1 1
20 37 1 1
20 38 1 1
21 34 1 1
21 33 1 1
21 39 1 1
21 36 1 1
22 31 1 1
22 26 1 1
22 36 1 1
22 38 1 1
23 27 1 1
23 28 1 1
23 33 1 1
23 29 1 1
44 40 2 2
44 41 2 2
44 43 2 2
44 42 2 2
45 44 2 2
45 40 2 2
45 42 2 2
45 41 2 2
46 42 2 2
46 45 2 2
46 40 2 2
46 43 2 2
47 41 2 2
47 42 2 2
47 44 2 2
47 43 2 2
48 40 2 2
48 44 2 2
48 45 2 2
48 41 2 2
49 45 2 2
49 42 2 2
49 47 2 2
49 41 2 2
50 44 2 2
50 47 2 2
50 49 2 2
50 45 2 2
51 47 2 2
51 50 2 2
51 45 2 2
51 42 2 2
52 44 2 2
52 50 2 2
52 45 2 2
52 48 2 2
53 45 2 2
53 44 2 2
53 52 2 2
53 47 2 2
54 47 2 2
54 52 2 2
54 50 2 2
54 48 2 2
55 42 2 2
55 44 2 2
55 40 2 2
55 41 2 2
56 50 2 2
56 43 2 2
56 53 2 2
56 40 2 2
57 42 2 2
57 41 2 2
57 46 2 2
57 48 2 2
58 45 2 2
58 53 2 2
58 50 2 2
58 57 2 2
59 57 2 2
59 49 2 2
59 42 2 2
59 55 2 2
40 47 2 2
40 52 2 2
40 59 2 2
40 53 2 2
41 54 2 2
41 56 2 2
41 46 2 2
41 51 2 2
42 56 2 2
42 48 2 2
42 58 2 2
42 53 2 2
43 54 2 2
43 49 2 2
43 52 2 2
43 53 2 2
64 60 3 3
64 61 3 3
64 62 3 3
64 63 3 3
65 62 3 3
65 60 3 3
65 61 3 3
65 63 3 3
66 60 3 3
66 61 3 3
66 65 3 3
66 63 3 3
67 61 3 3
67 62 3 3
67 66 3 3
67 63 3 3
68 67 3 3
68 60 3 3
68 63 3 3
68 64 3 3
69 64 3 3
69 67 3 3
69 62 3 3
69 68 3 3
70 68 3 3
70 66 3 3
70 69 3 3
70 67 3 3
71 65 3 3
71 64 3 3
71 63 3 3
71 61 3 3
72 70 3 3
72 65 3 3
72 63 3 3
72 69 3 3
73 68 3 3
73 71 3 3
73 67 3 3
73 66 3 3
74 61 3 3
74 67 3 3
74 66 3 3
74 60 3 3
75 71 3 3
75 69 3 3
75 67 3 3
75 62 3 3
76 61 3 3
76 65 3 3
76 60 3 3
76 75 3 3
77 66 3 3
77 62 3 3
77 68 3 3
77 75 3 3
78 63 3 3
78 60 3 3
78 65 3 3
78 73 3 3
79 62 3 3
79 72 3 3
79 70 3 3
79 73 3 3
60 77 3 3
60 73 3 3
60 67 3 3
60 71 3 3
61 75 3 3
61 73 3 3
61 78 3 3
61 69 3 3
62 71 3 3
62 73 3 3
62 72 3 3
62 70 3 3
63 74 3 3
63 73 3 3
63 76 3 3
63 75 3 3
84 82 4 4
84 80 4 4
84 83 4 4
84 81 4 4
85 83 4 4
85 82 4 4
85 84 4 4
85 80 4 4
86 83 4 4
86 80 4 4
86 82 4 4
86 81 4 4
87 83 4 4
87 81 4 4
87 82 4 4
87 84 4 4
88 87 4 4
88 80 4 4
88 83 4 4
88 82 4 4
89 88 4 4
89 81 4 4
89 87 4 4
89 80 4 4
90 85 4 4
90 87 4 4
90 84 4 4
90 82 4 4
91 83 4 4
91 90 4 4
91 84 4 4
91 87 4 4
92 89 4 4
92 83 4 4
92 80 4 4
92 81 4 4
93 88 4 4
93 84 4 4
93 91 4 4
93 90 4 4
94 82 4 4
94 88 4 4
94 86 4 4
94 81 4 4
95 80 4 4
95 81 4 4
95 84 4 4
95 89 4 4
96 95 4 4
96 86 4 4
96 93 4 4
96 83 4 4
97 83 4 4
97 84 4 4
97 85 4 4
97 88 4 4
98 85 4 4
98 84 4 4
98 90 4 4
98 82 4 4
99 93 4 4
99 80 4 4
99 88 4 4
99 95 4 4
80 97 4 4
80 94 4 4
80 90 4 4
80 93 4 4
81 90 4 4
81 85 4 4
81 93 4 4
81 96 4 4
82 91 4 4
82 97 4 4
82 93 4 4
82 95 4 4
83 93 4 4
83 98 4 4
83 90 4 4
83 95 4 4
104 102 5 5
104 101 5 5
104 103 5 5
104 100 5 5
105 103 5 5
105 101 5 5
105 104 5 5
105 100 5 5
106 100 5 5
106 102 5 5
106 103 5 5
106 105 5 5
107 105 5 5
107 101 5 5
107 106 5 5
107 100 5 5
108 107 5 5
108 101 5 5
108 105 5 5
108 100 5 5
109 102 5 5
109 101 5 5
109 100 5 5
109 108 5 5
110 101 5 5
110 109 5 5
110 102 5 5
110 108 5 5
111 104 5 5
111 101 5 5
111 106 5 5
111 109 5 5
112 107 5 5
112 105 5 5
112 101 5 5
112 110 5 5
113 111 5 5
113 101 5 5
113 103 5 5
113 100 5 5
114 107 5 5
114 100 5 5
114 112 5 5
114 105 5 5
115 105 5 5
115 102 5 5
115 107 5 5
115 103 5 5
116 103 5 5
116 113 5 5
116 107 5 5
116 115 5 5
117 116 5 5
117 111 5 5
117 106 5 5
117 108 5 5
118 102 5 5
118 110 5 5
118 115 5 5
118 107 5 5
119 111 5 5
119 116 5 5
119 108 5 5
119 115 5 5
100 111 5 5
100 119 5 5
100 117 5 5
100 118 5 5
101 117 5 5
101 119 5 5
101 115 5 5
101 118 5 5
102 107 5 5
102 114 5 5
102 108 5 5
102 116 5 5
103 117 5 5
103 119 5 5
103 111 5 5
103 108 5 5
124 120 6 6
124 121 6 6
124 123 6 6
124 122 6 6
125 122 6 6
125 120 6 6
125 121 6 6
125 124 6 6
126 120 6 6
126 121 6 6
126 122 6 6
126 124 6 6
127 121 6 6
127 125 6 6
127 120 6 6
127 123 6 6
128 125 6 6
128 120 6 6
128 123 6 6
128 127 6 6
129 121 6 6
129 120 6 6
129 122 6 6
129 123 6 6
130 129 6 6
130 120 6 6
130 121 6 6
130 123 6 6
131 129 6 6
131 124 6 6
131 130 6 6
131 123 6 6
132 121 6 6
132 123 6 6
132 120 6 6
132 129 6 6
133 120 6 6
133 126 6 6
133 132 6 6
133 130 6 6
134 127 6 6
134 126 6 6
134 120 6 6
134 122 6 6
135 133 6 6
135 131 6 6
135 130 6 6
135 132 6 6
136 127 6 6
136 124 6 6
136 131 6 6
136 130 6 6
137 134 6 6
137 130 6 6
137 133 6 6
137 121 6 6
138 125 6 6
138 129 6 6
138 128 6 6
138 123 6 6
139 124 6 6
139 127 6 6
139 132 6 6
139 120 6 6
120 137 6 6
120 136 6 6
120 138 6 6
120 131 6 6
121 131 6 6
121 128 6 6
121 136 6 6
121 139 6 6
122 138 6 6
122 132 6 6
122 128 6 6
122 139 6 6
123 137 6 6
123 139 6 6
123 133 6 6
123 136 6 6
144 141 7 7
144 140 7 7
144 143 7 7
144 142 7 7
145 140 7 7
145 143 7 7
145 144 7 7
145 141 7 7
146 144 7 7
146 145 7 7
146 143 7 7
146 141 7 7
147 143 7 7
147 146 7 7
147 142 7 7
147 144 7 7
148 144 7 7
148 147 7 7
148 146 7 7
148 142 7 7
149 141 7 7
149 140 7 7
149 148 7 7
149 145 7 7
150 143 7 7
150 140 7 7
150 141 7 7
150 145 7 7
151 146 7 7
151 148 7 7
151 143 7 7
151 147 7 7
152 142 7 7
152 149 7 7
152 143 7 7
152 140 7 7
153 148 7 7
153 147 7 7
153 146 7 7
153 151 7 7
154 150 7 7
154 140 7 7
154 143 7 7
154 144 7 7
155 144 7 7
155 153 7 7
155 142 7 7
155 151 7 7
156 155 7 7
156 145 7 7
156 154 7 7
156 150 7 7
157 144 7 7
157 152 7 7
157 154 7 7
157 145 7 7
158 157 7 7
158 149 7 7
158 150 7 7
158 154 7 7
159 150 7 7
159 155 7 7
159 157 7 7
159 153 7 7
140 156 7 7
140 157 7 7
140 146 7 7
140 158 7 7
141 151 7 7
141 158 7 7
141 159 7 7
141 155 7 7
142 145 7 7
142 159 7 7
142 150 7 7
142 151 7 7
143 149 7 7
143 157 7 7
143 155 7 7
143 148 7 7
164 163 8 8
164 161 8 8
164 160 8 8
164 162 8 8
165 161 8 8
165 160 8 8
165 162 8 8
165 164 8 8
166 165 8 8
166 164 8 8
166 160 8 8
166 161 8 8
167 163 8 8
167 166 8 8
167 161 8 8
167 160 8 8
168 160 8 8
168 162 8 8
168 167 8 8
168 164 8 8
169 164 8 8
169 167 8 8
169 166 8 8
169 163 8 8
170 169 8 8
170 166 8 8
170 167 8 8
170 160 8 8
171 162 8 8
171 161 8 8
171 166 8 8
171 170 8 8
172 162 8 8
172 170 8 8
172 166 8 8
172 167 8 8
173 164 8 8
173 163 8 8
173 172 8 8
173 168 8 8
174 162 8 8
174 165 8 8
174 166 8 8
174 172 8 8
175 160 8 8
175 170 8 8
175 161 8 8
175 174 8 8
176 160 8 8
176 165 8 8
176 175 8 8
176 171 8 8
177 174 8 8
177 161 8 8
177 170 8 8
177 173 8 8
178 166 8 8
178 169 8 8
178 161 8 8
178 164 8 8
179 165 8 8
179 167 8 8
179 163 8 8
179 166 8 8
160 171 8 8
160 174 8 8
160 177 8 8
160 179 8 8
161 169 8 8
161 173 8 8
161 168 8 8
161 174 8 8
162 167 8 8
162 177 8 8
162 175 8 8
162 170 8 8
163 174 8 8
163 168 8 8
163 176 8 8
163 178 8 8
184 181 9 9
184 180 9 9
184 183 9 9
184 182 9 9
185 180 9 9
185 183 9 9
185 181 9 9
185 182 9 9
186 182 9 9
186 185 9 9
186 183 9 9
186 180 9 9
187 181 9 9
187 186 9 9
187 185 9 9
187 183 9 9
188 187 9 9
188 182 9 9
188 183 9 9
188 180 9 9
189 182 9 9
189 187 9 9
189 186 9 9
189 184 9 9
190 189 9 9
190 188 9 9
190 185 9 9
190 181 9 9
191 184 9 9
191 190 9 9
191 186 9 9
191 180 9 9
192 181 9 9
192 191 9 9
192 184 9 9
192 190 9 9
193 189 9 9
193 190 9 9
193 192 9 9
193 186 9 9
194 188 9 9
194 186 9 9
194 181 9 9
194 182 9 9
195 191 9 9
195 183 9 9
195 194 9 9
195 190 9 9
196 190 9 9
196 195 9 9
196 183 9 9
196 186 9 9
197 183 9 9
197 195 9 9
197 186 9 9
197 184 9 9
198 180 9 9
198 192 9 9
198 187 9 9
198 197 9 9
199 183 9 9
199 195 9 9
199 187 9 9
199 186 9 9
180 196 9 9
180 192 9 9
180 194 9 9
180 199 9 9
181 199 9 9
181 188 9 9
181 195 9 9
181 198 9 9
182 198 9 9
182 199 9 9
182 193 9 9
182 195 9 9
183 193 9 9
183 192 9 9
183 190 9 9
183 191 9 9
204 202 10 10
204 203 10 10
204 201 10 10
204 200 10 10
205 203 10 10
205 200 10 10
205 204 10 10
205 202 10 10
206 203 10 10
206 201 10 10
206 204 10 10
206 200 10 10
207 205 10 10
207 201 10 10
207 206 10 10
207 202 10 10
208 201 10 10
208 206 10 10
208 203 10 10
208 205 10 10
209 206 10 10
209 208 10 10
209 202 10 10
209 205 10 10
210 209 10 10
210 200 10 10
210 203 10 10
210 207 10 10
211 207 10 10
211 210 10 10
211 200 10 10
211 203 10 10
212 205 10 10
212 204 10 10
212 200 10 10
212 208 10 10
213 200 10 10
213 207 10 10
213 205 10 10
213 203 10 10
214 205 10 10
214 204 10 10
214 211 10 10
214 203 10 10
215 207 10 10
215 208 10 10
215 210 10 10
215 206 10 10
216 213 10 10
216 205 10 10
216 207 10 10
216 211 10 10
217 209 10 10
217 215 10 10
217 206 10 10
217 207 10 10
218 201 10 10
218 214 10 10
218 208 10 10
218 212 10 10
219 200 10 10
219 208 10 10
219 210 10 10
219 203 10 10
200 215 10 10
200 218 10 10
200 208 10 10
200 217 10 10
201 219 10 10
201 213 10 10
201 212 10 10
201 209 10 10
202 217 10 10
202 216 10 10
202 214 10 10
202 213 10 10
203 216 10 10
203 218 10 10
203 212 10 10
203 215 10 10
224 221 11 11
224 223 11 11
224 220 11 11
224 222 11 11
225 220 11 11
225 224 11 11
225 221 11 11
225 223 11 11
226 223 11 11
226 221 11 11
226 224 11 11
226 225 11 11
227 222 11 11
227 221 11 11
227 223 11 11
227 226 11 11
228 222 11 11
228 224 11 11
228 227 11 11
228 223 11 11
229 227 11 11
229 223 11 11
229 222 11 11
229 228 11 11
230 221 11 11
230 224 11 11
230 223 11 11
230 226 11 11
231 228 11 11
231 229 11 11
231 220 11 11
231 222 11 11
232 230 11 11
232 229 11 11
232 225 11 11
232 223 11 11
233 221 11 11
233 220 11 11
233 224 11 11
233 223 11 11
234 229 11 11
234 223 11 11
234 226 11 11
234 222 11 11
235 228 11 11
235 227 11 11
235 233 11 11
235 226 11 11
236 233 11 11
236 224 11 11
236 235 11 11
236 225 11 11
237 233 11 11
237 221 11 11
237 222 11 11
237 223 11 11
238 227 11 11
238 234 11 11
238 235 11 11
238 229 11 11
239 227 11 11
239 228 11 11
239 233 11 11
239 226 11 11
220 234 11 11
220 237 11 11
220 236 11 11
220 228 11 11
221 234 11 11
221 239 11 11
221 235 11 11
221 231 11 11
222 239 11 11
222 230 11 11
222 235 11 11
222 238 11 11
223 235 11 11
223 231 11 11
223 239 11 11
223 238 11 11
244 242 12 12
244 241 12 12
244 243 12 12
244 240 12 12
245 244 12 12
245 243 12 12
245 240 12 12
245 241 12 12
246 244 12 12
246 240 12 12
246 245 12 12
246 241 12 12
247 242 12 12
247 246 12 12
247 241 12 12
247 244 12 12
248 244 12 12
248 246 12 12
248 245 12 12
248 247 12 12
249 242 12 12
249 241 12 12
249 244 12 12
249 245 12 12
250 243 12 12
250 241 12 12
250 242 12 12
250 244 12 12
251 246 12 12
251 241 12 12
251 245 12 12
251 248 12 12
252 242 12 12
252 243 12 12
252 249 12 12
252 250 12 12
253 241 12 12
253 249 12 12
253 252 12 12
253 246 12 12
254 244 12 12
254 245 12 12
254 240 12 12
254 251 12 12
255 246 12 12
255 247 12 12
255 251 12 12
255 253 12 12
256 250 12 12
256 242 12 12
256 244 12 12
256 247 12 12
257 241 12 12
257 252 12 12
257 244 12 12
257 246 12 12
258 246 12 12
258 241 12 12
258 248 12 12
258 251 12 12
259 244 12 12
259 243 12 12
259 240 12 12
259 251 12 12
240 247 12 12
240 251 12 12
240 256 12 12
240 257 12 12
241 259 12 12
241 255 12 12
241 256 12 12
241 248 12 12
242 259 12 12
242 253 12 12
242 246 12 12
242 248 12 12
243 254 12 12
243 248 12 12
243 247 12 12
243 257 12 12
264 260 13 13
264 261 13 13
264 262 13 13
264 263 13 13
265 260 13 13
265 264 13 13
265 261 13 13
265 263 13 13
266 261 13 13
266 263 13 13
266 262 13 13
266 265 13 13
267 266 13 13
267 260 13 13
267 263 13 13
267 264 13 13
268 266 13 13
268 267 13 13
268 262 13 13
268 263 13 13
269 263 13 13
269 261 13 13
269 267 13 13
269 260 13 13
270 260 13 13
270 265 13 13
270 261 13 13
270 264 13 13
271 261 13 13
271 269 13 13
271 270 13 13
271 265 13 13
272 261 13 13
272 267 13 13
272 266 13 13
272 271 13 13
273 261 13 13
273 272 13 13
273 267 13 13
273 269 13 13
274 261 13 13
274 267 13 13
274 260 13 13
274 273 13 13
275 270 13 13
275 271 13 13
275 261 13 13
275 272 13 13
276 274 13 13
276 263 13 13
276 261 13 13
276 270 13 13
277 276 13 13
277 275 13 13
277 262 13 13
277 260 13 13
278 261 13 13
278 269 13 13
278 267 13 13
278 274 13 13
279 273 13 13
279 271 13 13
279 270 13 13
279 264 13 13
260 268 13 13
260 276 13 13
260 275 13 13
260 271 13 13
261 277 13 13
261 279 13 13
261 268 13 13
261 267 13 13
262 276 13 13
262 269 13 13
262 275 13 13
262 278 13 13
263 278 13 13
263 277 13 13
263 274 13 13
263 275 13 13
284 283 14 14
284 281 14 14
284 280 14 14
284 282 14 14
285 281 14 14
285 284 14 14
285 282 14 14
285 283 14 14
286 285 14 14
286 280 14 14
286 282 14 14
286 281 14 14
287 285 14 14
287 284 14 14
287 282 14 14
287 286 14 14
288 283 14 14
288 284 14 14
288 287 14 14
288 281 14 14
289 283 14 14
289 287 14 14
289 284 14 14
289 282 14 14
290 284 14 14
290 286 14 14
290 287 14 14
290 288 14 14
291 287 14 14
291 284 14 14
291 290 14 14
291 286 14 14
292 284 14 14
292 282 14 14
292 288 14 14
292 280 14 14
293 287 14 14
293 282 14 14
293 290 14 14
293 286 14 14
294 292 14 14
294 285 14 14
294 281 14 14
294 290 14 14
295 283 14 14
295 288 14 14
295 290 14 14
295 289 14 14
296 288 14 14
296 282 14 14
296 281 14 14
296 286 14 14
297 292 14 14
297 289 14 14
297 294 14 14
297 281 14 14
298 283 14 14
298 281 14 14
298 286 14 14
298 280 14 14
299 295 14 14
299 298 14 14
299 290 14 14
299 281 14 14
280 285 14 14
280 295 14 14
280 296 14 14
280 294 14 14
281 290 14 14
281 287 14 14
281 289 14 14
281 293 14 14
282 294 14 14
282 297 14 14
282 295 14 14
282 288 14 14
283 286 14 14
283 294 14 14
283 291 14 14
283 290 14 14
304 302 15 15
304 303 15 15
304 300 15 15
304 301 15 15
305 303 15 15
305 301 15 15
305 302 15 15
305 304 15 15
306 300 15 15
306 301 15 15
306 305 15 15
306 302 15 15
307 300 15 15
307 301 15 15
307 305 15 15
307 306 15 15
308 302 15 15
308 301 15 15
308 306 15 15
308 307 15 15
309 306 15 15
309 300 15 15
309 305 15 15
309 308 15 15
310 303 15 15
310 301 15 15
310 309 15 15
310 300 15 15
311 305 15 15
311 301 15 15
311 307 15 15
311 309 15 15
312 310 15 15
312 307 15 15
312 304 15 15
312 300 15 15
313 312 15 15
313 311 15 15
313 306 15 15
313 307 15 15
314 312 15 15
314 313 15 15
314 305 15 15
314 302 15 15
315 306 15 15
315 300 15 15
315 312 15 15
315 309 15 15
316 309 15 15
316 304 15 15
316 305 15 15
316 311 15 15
317 306 15 15
317 315 15 15
317 300 15 15
317 308 15 15
318 317 15 15
318 311 15 15
318 312 15 15
318 303 15 15
319 302 15 15
319 314 15 15
319 306 15 15
319 313 15 15
300 319 15 15
300 308 15 15
300 318 15 15
300 313 15 15
301 312 15 15
301 318 15 15
301 313 15 15
301 317 15 15
302 313 15 15
302 309 15 15
302 311 15 15
302 312 15 15
303 307 15 15
303 314 15 15
303 312 15 15
303 309 15 15
90 38 4 1
90 51 4 2
95 62 4 3
81 4 4 0
103 75 5 3
113 30 5 1
100 14 5 0
116 59 5 2
131 33 6 1
138 98 6 4
138 1 6 0
136 73 6 3
147 55 7 2
155 68 7 3
141 104 7 5
150 95 7 4
160 146 8 7
174 79 8 3
160 40 8 2
160 39 8 1
198 106 9 5
182 15 9 0
194 33 9 1
194 46 9 2
212 175 10 8
219 49 10 2
203 15 10 0
212 198 10 9
239 110 11 5
233 5 11 0
239 180 11 9
238 26 11 1
252 151 12 7
241 78 12 3
247 119 12 5
252 166 12 8
273 44 13 2
279 112 13 5
275 130 13 6
276 182 13 9
294 6 14 0
288 155 14 7
296 174 14 8
296 30 14 1
300 222 15 11
312 75 15 3
305 125 15 6
309 194 15 9
18 272 0 13
2 152 0 7
4 174 0 8
3 315 0 15
35 277 1 13
39 302 1 15
36 210 1 10
29 151 1 7
45 231 2 11
51 288 2 14
52 302 2 15
53 123 2 6
62 225 3 11
77 180 3 9
70 296 3 14
75 268 3 13
