swNum = 320
edgeNum = 1344

0 0
1 0
2 0
3 0
4 0
5 0
6 0
7 0
8 0
9 0
10 0
11 0
12 0
13 0
14 0
15 0
16 0
17 0
18 0
19 0
20 1
21 1
22 1
23 1
24 1
25 1
26 1
27 1
28 1
29 1
30 1
31 1
32 1
33 1
34 1
35 1
36 1
37 1
38 1
39 1
40 2
41 2
42 2
43 2
44 2
45 2
46 2
47 2
48 2
49 2
50 2
51 2
52 2
53 2
54 2
55 2
56 2
57 2
58 2
59 2
60 3
61 3
62 3
63 3
64 3
65 3
66 3
67 3
68 3
69 3
70 3
71 3
72 3
73 3
74 3
75 3
76 3
77 3
78 3
79 3
80 4
81 4
82 4
83 4
84 4
85 4
86 4
87 4
88 4
89 4
90 4
91 4
92 4
93 4
94 4
95 4
96 4
97 4
98 4
99 4
100 5
101 5
102 5
103 5
104 5
105 5
106 5
107 5
108 5
109 5
110 5
111 5
112 5
113 5
114 5
115 5
116 5
117 5
118 5
119 5
120 6
121 6
122 6
123 6
124 6
125 6
126 6
127 6
128 6
129 6
130 6
131 6
132 6
133 6
134 6
135 6
136 6
137 6
138 6
139 6
140 7
141 7
142 7
143 7
144 7
145 7
146 7
147 7
148 7
149 7
150 7
151 7
152 7
153 7
154 7
155 7
156 7
157 7
158 7
159 7
160 8
161 8
162 8
163 8
164 8
165 8
166 8
167 8
168 8
169 8
170 8
171 8
172 8
173 8
174 8
175 8
176 8
177 8
178 8
179 8
180 9
181 9
182 9
183 9
184 9
185 9
186 9
187 9
188 9
189 9
190 9
191 9
192 9
193 9
194 9
195 9
196 9
197 9
198 9
199 9
200 10
201 10
202 10
203 10
204 10
205 10
206 10
207 10
208 10
209 10
210 10
211 10
212 10
213 10
214 10
215 10
216 10
217 10
218 10
219 10
220 11
221 11
222 11
223 11
224 11
225 11
226 11
227 11
228 11
229 11
230 11
231 11
232 11
233 11
234 11
235 11
236 11
237 11
238 11
239 11
240 12
241 12
242 12
243 12
244 12
245 12
246 12
247 12
248 12
249 12
250 12
251 12
252 12
253 12
254 12
255 12
256 12
257 12
258 12
259 12
260 13
261 13
262 13
263 13
264 13
265 13
266 13
267 13
268 13
269 13
270 13
271 13
272 13
273 13
274 13
275 13
276 13
277 13
278 13
279 13
280 14
281 14
282 14
283 14
284 14
285 14
286 14
287 14
288 14
289 14
290 14
291 14
292 14
293 14
294 14
295 14
296 14
297 14
298 14
299 14
300 15
301 15
302 15
303 15
304 15
305 15
306 15
307 15
308 15
309 15
310 15
311 15
312 15
313 15
314 15
315 15
316 15
317 15
318 15
319 15

4 3 0 0
4 0 0 0
4 1 0 0
4 2 0 0
5 2 0 0
5 3 0 0
5 1 0 0
5 4 0 0
6 3 0 0
6 1 0 0
6 2 0 0
6 5 0 0
7 1 0 0
7 3 0 0
7 5 0 0
7 4 0 0
8 1 0 0
8 4 0 0
8 6 0 0
8 2 0 0
9 4 0 0
9 6 0 0
9 2 0 0
9 8 0 0
10 8 0 0
10 6 0 0
10 9 0 0
10 4 0 0
11 3 0 0
11 7 0 0
11 8 0 0
11 2 0 0
12 4 0 0
12 3 0 0
12 9 0 0
12 10 0 0
13 7 0 0
13 5 0 0
13 10 0 0
13 11 0 0
14 9 0 0
14 6 0 0
14 12 0 0
14 1 0 0
15 8 0 0
15 5 0 0
15 2 0 0
15 11 0 0
16 2 0 0
16 12 0 0
16 1 0 0
16 4 0 0
17 7 0 0
17 1 0 0
17 9 0 0
17 14 0 0
18 3 0 0
18 17 0 0
18 11 0 0
18 7 0 0
19 16 0 0
19 1 0 0
19 7 0 0
19 15 0 0
0 14 0 0
0 7 0 0
0 17 0 0
0 19 0 0
1 15 0 0
1 18 0 0
1 12 0 0
1 11 0 0
2 18 0 0
2 19 0 0
2 7 0 0
2 17 0 0
3 9 0 0
3 19 0 0
3 15 0 0
3 17 0 0
24 21 1 1
24 22 1 1
24 23 1 1
24 20 1 1
25 22 1 1
25 23 1 1
25 20 1 1
25 24 1 1
26 22 1 1
26 25 1 1
26 23 1 1
26 20 1 1
27 24 1 1
27 20 1 1
27 23 1 1
27 26 1 1
28 26 1 1
28 23 1 1
28 27 1 1
28 20 1 1
29 23 1 1
29 20 1 1
29 28 1 1
29 24 1 1
30 24 1 1
30 28 1 1
30 21 1 1
30 20 1 1
31 25 1 1
31 20 1 1
31 29 1 1
31 27 1 1
32 21 1 1
32 31 1 1
32 20 1 1
32 25 1 1
33 30 1 1
33 24 1 1
33 28 1 1
33 29 1 1
34 28 1 1
34 33 1 1
34 26 1 1
34 30 1 1
35 21 1 1
35 28 1 1
35 22 1 1
35 34 1 1
36 35 1 1
36 24 1 1
36 21 1 1
36 33 1 1
37 22 1 1
37 25 1 1
37 35 1 1
37 26 1 1
38 30 1 1
38 36 1 1
38 28 1 1
38 33 1 1
39 30 1 1
39 20 1 1
39 27 1 1
39 36 1 1
20 34 1 1
20 36 1 1
20 38 1 1
20 33 1 1
21 34 1 1
21 26 1 1
21 25 1 1
21 28 1 1
22 32 1 1
22 33 1 1
22 28 1 1
22 29 1 1
23 32 1 1
23 38 1 1
23 39 1 1
23 35 1 1
44 42 2 2
44 40 2 2
44 43 2 2
44 41 2 2
45 41 2 2
45 44 2 2
45 40 2 2
45 42 2 2
46 42 2 2
46 40 2 2
46 45 2 2
46 41 2 2
47 42 2 2
47 43 2 2
47 44 2 2
47 41 2 2
48 44 2 2
48 46 2 2
48 41 2 2
48 42 2 2
49 41 2 2
49 40 2 2
49 43 2 2
49 42 2 2
50 41 2 2
50 44 2 2
50 45 2 2
50 46 2 2
51 45 2 2
51 46 2 2
51 40 2 2
51 48 2 2
52 50 2 2
52 47 2 2
52 40 2 2
52 44 2 2
53 42 2 2
53 44 2 2
53 46 2 2
53 40 2 2
54 51 2 2
54 50 2 2
54 44 2 2
54 45 2 2
55 52 2 2
55 43 2 2
55 54 2 2
55 41 2 2
56 41 2 2
56 42 2 2
56 49 2 2
56 46 2 2
57 49 2 2
57 40 2 2
57 42 2 2
57 47 2 2
58 53 2 2
58 40 2 2
58 56 2 2
58 57 2 2
59 55 2 2
59 40 2 2
59 48 2 2
59 56 2 2
40 47 2 2
40 55 2 2
40 50 2 2
40 56 2 2
41 51 2 2
41 57 2 2
41 58 2 2
41 59 2 2
42 52 2 2
42 59 2 2
42 54 2 2
42 58 2 2
43 46 2 2
43 57 2 2
43 52 2 2
43 56 2 2
64 60 3 3
64 63 3 3
64 62 3 3
64 61 3 3
65 63 3 3
65 62 3 3
65 61 3 3
65 60 3 3
66 65 3 3
66 62 3 3
66 63 3 3
66 60 3 3
67 64 3 3
67 62 3 3
67 60 3 3
67 66 3 3
68 66 3 3
68 60 3 3
68 65 3 3
68 63 3 3
69 62 3 3
69 66 3 3
69 65 3 3
69 61 3 3
70 64 3 3
70 66 3 3
70 63 3 3
70 65 3 3
71 67 3 3
71 66 3 3
71 69 3 3
71 63 3 3
72 70 3 3
72 65 3 3
72 66 3 3
72 62 3 3
73 68 3 3
73 63 3 3
73 66 3 3
73 72 3 3
74 71 3 3
74 63 3 3
74 65 3 3
74 61 3 3
75 63 3 3
75 71 3 3
75 72 3 3
75 66 3 3
76 71 3 3
76 61 3 3
76 67 3 3
76 69 3 3
77 69 3 3
77 60 3 3
77 65 3 3
77 74 3 3
78 74 3 3
78 66 3 3
78 60 3 3
78 65 3 3
79 70 3 3
79 65 3 3
79 77 3 3
79 62 3 3
60 74 3 3
60 76 3 3
60 70 3 3
60 79 3 3
61 77 3 3
61 70 3 3
61 79 3 3
61 67 3 3
62 74 3 3
62 71 3 3
62 78 3 3
62 77 3 3
63 78 3 3
63 69 3 3
63 72 3 3
63 76 3 3
84 81 4 4
84 82 4 4
84 83 4 4
84 80 4 4
85 81 4 4
85 82 4 4
85 80 4 4
85 84 4 4
86 80 4 4
86 83 4 4
86 81 4 4
86 82 4 4
87 86 4 4
87 83 4 4
87 81 4 4
87 85 4 4
88 80 4 4
88 84 4 4
88 81 4 4
88 87 4 4
89 86 4 4
89 87 4 4
89 88 4 4
89 83 4 4
90 80 4 4
90 82 4 4
90 85 4 4
90 88 4 4
91 80 4 4
91 81 4 4
91 89 4 4
91 85 4 4
92 89 4 4
92 85 4 4
92 88 4 4
92 90 4 4
93 89 4 4
93 80 4 4
93 82 4 4
93 87 4 4
94 91 4 4
94 88 4 4
94 92 4 4
94 93 4 4
95 82 4 4
95 84 4 4
95 93 4 4
95 86 4 4
96 86 4 4
96 93 4 4
96 92 4 4
96 91 4 4
97 82 4 4
97 90 4 4
97 85 4 4
97 95 4 4
98 94 4 4
98 92 4 4
98 96 4 4
98 90 4 4
99 84 4 4
99 80 4 4
99 92 4 4
99 83 4 4
80 97 4 4
80 92 4 4
80 96 4 4
80 98 4 4
81 96 4 4
81 94 4 4
81 93 4 4
81 95 4 4
82 92 4 4
82 94 4 4
82 87 4 4
82 98 4 4
83 85 4 4
83 94 4 4
83 95 4 4
83 93 4 4
104 103 5 5
104 101 5 5
104 102 5 5
104 100 5 5
105 101 5 5
105 104 5 5
105 100 5 5
105 102 5 5
106 101 5 5
106 104 5 5
106 105 5 5
106 103 5 5
107 105 5 5
107 104 5 5
107 101 5 5
107 106 5 5
108 105 5 5
108 107 5 5
108 106 5 5
108 104 5 5
109 101 5 5
109 103 5 5
109 105 5 5
109 106 5 5
110 103 5 5
110 101 5 5
110 108 5 5
110 106 5 5
111 100 5 5
111 101 5 5
111 102 5 5
111 109 5 5
112 108 5 5
112 102 5 5
112 107 5 5
112 101 5 5
113 103 5 5
113 109 5 5
113 100 5 5
113 110 5 5
114 101 5 5
114 111 5 5
114 106 5 5
114 110 5 5
115 100 5 5
115 108 5 5
115 106 5 5
115 105 5 5
116 109 5 5
116 113 5 5
116 102 5 5
116 110 5 5
117 100 5 5
117 111 5 5
117 106 5 5
117 102 5 5
118 105 5 5
118 100 5 5
118 117 5 5
118 106 5 5
119 108 5 5
119 105 5 5
119 118 5 5
119 114 5 5
100 119 5 5
100 109 5 5
100 116 5 5
100 110 5 5
101 115 5 5
101 113 5 5
101 116 5 5
101 118 5 5
102 109 5 5
102 107 5 5
102 108 5 5
102 106 5 5
103 105 5 5
103 118 5 5
103 119 5 5
103 116 5 5
124 120 6 6
124 123 6 6
124 122 6 6
124 121 6 6
125 120 6 6
125 124 6 6
125 122 6 6
125 123 6 6
126 123 6 6
126 121 6 6
126 120 6 6
126 122 6 6
127 120 6 6
127 124 6 6
127 123 6 6
127 125 6 6
128 121 6 6
128 123 6 6
128 122 6 6
128 126 6 6
129 127 6 6
129 120 6 6
129 122 6 6
129 124 6 6
130 120 6 6
130 121 6 6
130 122 6 6
130 127 6 6
131 120 6 6
131 121 6 6
131 126 6 6
131 129 6 6
132 123 6 6
132 126 6 6
132 130 6 6
132 131 6 6
133 125 6 6
133 130 6 6
133 128 6 6
133 120 6 6
134 131 6 6
134 132 6 6
134 130 6 6
134 127 6 6
135 125 6 6
135 124 6 6
135 120 6 6
135 126 6 6
136 131 6 6
136 121 6 6
136 127 6 6
136 126 6 6
137 136 6 6
137 122 6 6
137 120 6 6
137 134 6 6
138 137 6 6
138 120 6 6
138 133 6 6
138 136 6 6
139 124 6 6
139 135 6 6
139 120 6 6
139 125 6 6
120 136 6 6
120 128 6 6
120 132 6 6
120 134 6 6
121 125 6 6
121 127 6 6
121 138 6 6
121 132 6 6
122 135 6 6
122 136 6 6
122 138 6 6
122 133 6 6
123 131 6 6
123 133 6 6
123 136 6 6
123 130 6 6
144 142 7 7
144 141 7 7
144 143 7 7
144 140 7 7
145 140 7 7
145 144 7 7
145 141 7 7
145 143 7 7
146 143 7 7
146 140 7 7
146 142 7 7
146 141 7 7
147 146 7 7
147 140 7 7
147 143 7 7
147 141 7 7
148 146 7 7
148 145 7 7
148 147 7 7
148 140 7 7
149 148 7 7
149 142 7 7
149 140 7 7
149 146 7 7
150 143 7 7
150 145 7 7
150 141 7 7
150 142 7 7
151 147 7 7
151 149 7 7
151 140 7 7
151 148 7 7
152 142 7 7
152 143 7 7
152 144 7 7
152 150 7 7
153 149 7 7
153 147 7 7
153 140 7 7
153 151 7 7
154 145 7 7
154 140 7 7
154 143 7 7
154 142 7 7
155 152 7 7
155 150 7 7
155 148 7 7
155 141 7 7
156 153 7 7
156 146 7 7
156 142 7 7
156 150 7 7
157 154 7 7
157 150 7 7
157 141 7 7
157 142 7 7
158 143 7 7
158 140 7 7
158 152 7 7
158 145 7 7
159 151 7 7
159 143 7 7
159 157 7 7
159 154 7 7
140 159 7 7
140 156 7 7
140 152 7 7
140 155 7 7
141 154 7 7
141 148 7 7
141 156 7 7
141 159 7 7
142 151 7 7
142 148 7 7
142 159 7 7
142 147 7 7
143 149 7 7
143 155 7 7
143 156 7 7
143 157 7 7
164 163 8 8
164 161 8 8
164 160 8 8
164 162 8 8
165 163 8 8
165 161 8 8
165 164 8 8
165 162 8 8
166 165 8 8
166 160 8 8
166 164 8 8
166 163 8 8
167 163 8 8
167 166 8 8
167 164 8 8
167 162 8 8
168 165 8 8
168 164 8 8
168 161 8 8
168 166 8 8
169 166 8 8
169 168 8 8
169 165 8 8
169 160 8 8
170 165 8 8
170 161 8 8
170 166 8 8
170 169 8 8
171 167 8 8
171 160 8 8
171 161 8 8
171 164 8 8
172 162 8 8
172 164 8 8
172 161 8 8
172 163 8 8
173 165 8 8
173 169 8 8
173 166 8 8
173 171 8 8
174 163 8 8
174 167 8 8
174 164 8 8
174 170 8 8
175 162 8 8
175 160 8 8
175 171 8 8
175 172 8 8
176 167 8 8
176 163 8 8
176 171 8 8
176 166 8 8
177 173 8 8
177 172 8 8
177 176 8 8
177 174 8 8
178 167 8 8
178 176 8 8
178 163 8 8
178 162 8 8
179 178 8 8
179 164 8 8
179 170 8 8
179 176 8 8
160 176 8 8
160 177 8 8
160 165 8 8
160 173 8 8
161 177 8 8
161 166 8 8
161 167 8 8
161 178 8 8
162 171 8 8
162 179 8 8
162 176 8 8
162 168 8 8
163 177 8 8
163 169 8 8
163 179 8 8
163 171 8 8
184 181 9 9
184 182 9 9
184 183 9 9
184 180 9 9
185 183 9 9
185 181 9 9
185 182 9 9
185 184 9 9
186 184 9 9
186 181 9 9
186 182 9 9
186 185 9 9
187 184 9 9
187 186 9 9
187 183 9 9
187 185 9 9
188 183 9 9
188 182 9 9
188 181 9 9
188 187 9 9
189 187 9 9
189 180 9 9
189 182 9 9
189 184 9 9
190 186 9 9
190 183 9 9
190 180 9 9
190 188 9 9
191 183 9 9
191 184 9 9
191 190 9 9
191 186 9 9
192 190 9 9
192 186 9 9
192 180 9 9
192 189 9 9
193 183 9 9
193 186 9 9
193 181 9 9
193 182 9 9
194 181 9 9
194 193 9 9
194 190 9 9
194 188 9 9
195 180 9 9
195 191 9 9
195 186 9 9
195 183 9 9
196 182 9 9
196 191 9 9
196 183 9 9
196 195 9 9
197 194 9 9
197 180 9 9
197 193 9 9
197 189 9 9
198 180 9 9
198 197 9 9
198 182 9 9
198 196 9 9
199 193 9 9
199 190 9 9
199 184 9 9
199 181 9 9
180 196 9 9
180 191 9 9
180 194 9 9
180 199 9 9
181 187 9 9
181 190 9 9
181 191 9 9
181 198 9 9
182 197 9 9
182 187 9 9
182 195 9 9
182 194 9 9
183 186 9 9
183 199 9 9
183 194 9 9
183 198 9 9
204 200 10 10
204 203 10 10
204 202 10 10
204 201 10 10
205 200 10 10
205 204 10 10
205 203 10 10
205 202 10 10
206 203 10 10
206 200 10 10
206 205 10 10
206 201 10 10
207 205 10 10
207 204 10 10
207 202 10 10
207 203 10 10
208 201 10 10
208 204 10 10
208 202 10 10
208 205 10 10
209 207 10 10
209 208 10 10
209 206 10 10
209 204 10 10
210 208 10 10
210 202 10 10
210 201 10 10
210 206 10 10
211 208 10 10
211 204 10 10
211 200 10 10
211 206 10 10
212 202 10 10
212 208 10 10
212 210 10 10
212 203 10 10
213 208 10 10
213 211 10 10
213 201 10 10
213 210 10 10
214 212 10 10
214 203 10 10
214 210 10 10
214 200 10 10
215 201 10 10
215 200 10 10
215 205 10 10
215 209 10 10
216 211 10 10
216 215 10 10
216 214 10 10
216 203 10 10
217 210 10 10
217 215 10 10
217 208 10 10
217 201 10 10
218 200 10 10
218 204 10 10
218 209 10 10
218 205 10 10
219 214 10 10
219 213 10 10
219 208 10 10
219 210 10 10
200 217 10 10
200 207 10 10
200 213 10 10
200 219 10 10
201 214 10 10
201 211 10 10
201 218 10 10
201 219 10 10
202 219 10 10
202 214 10 10
202 216 10 10
202 206 10 10
203 213 10 10
203 219 10 10
203 218 10 10
203 208 10 10
224 223 11 11
224 222 11 11
224 220 11 11
224 221 11 11
225 220 11 11
225 222 11 11
225 224 11 11
225 223 11 11
226 222 11 11
226 223 11 11
226 224 11 11
226 220 11 11
227 220 11 11
227 224 11 11
227 225 11 11
227 222 11 11
228 227 11 11
228 222 11 11
228 221 11 11
228 224 11 11
229 227 11 11
229 220 11 11
229 228 11 11
229 222 11 11
230 226 11 11
230 224 11 11
230 222 11 11
230 229 11 11
231 228 11 11
231 224 11 11
231 220 11 11
231 225 11 11
232 231 11 11
232 222 11 11
232 226 11 11
232 223 11 11
233 221 11 11
233 224 11 11
233 231 11 11
233 227 11 11
234 224 11 11
234 227 11 11
234 233 11 11
234 225 11 11
235 222 11 11
235 223 11 11
235 220 11 11
235 233 11 11
236 222 11 11
236 230 11 11
236 231 11 11
236 225 11 11
237 225 11 11
237 232 11 11
237 221 11 11
237 228 11 11
238 236 11 11
238 231 11 11
238 225 11 11
238 232 11 11
239 230 11 11
239 226 11 11
239 234 11 11
239 222 11 11
220 230 11 11
220 233 11 11
220 238 11 11
220 239 11 11
221 227 11 11
221 239 11 11
221 238 11 11
221 231 11 11
222 231 11 11
222 238 11 11
222 237 11 11
222 233 11 11
223 233 11 11
223 230 11 11
223 231 11 11
223 238 11 11
244 241 12 12
244 243 12 12
244 242 12 12
244 240 12 12
245 243 12 12
245 242 12 12
245 244 12 12
245 240 12 12
246 244 12 12
246 243 12 12
246 241 12 12
246 242 12 12
247 242 12 12
247 244 12 12
247 241 12 12
247 246 12 12
248 243 12 12
248 240 12 12
248 246 12 12
248 244 12 12
249 241 12 12
249 244 12 12
249 240 12 12
249 246 12 12
250 240 12 12
250 243 12 12
250 248 12 12
250 242 12 12
251 244 12 12
251 243 12 12
251 249 12 12
251 240 12 12
252 249 12 12
252 247 12 12
252 244 12 12
252 251 12 12
253 252 12 12
253 249 12 12
253 245 12 12
253 247 12 12
254 246 12 12
254 242 12 12
254 248 12 12
254 253 12 12
255 243 12 12
255 254 12 12
255 245 12 12
255 250 12 12
256 246 12 12
256 251 12 12
256 255 12 12
256 248 12 12
257 254 12 12
257 256 12 12
257 246 12 12
257 253 12 12
258 252 12 12
258 245 12 12
258 251 12 12
258 257 12 12
259 249 12 12
259 246 12 12
259 243 12 12
259 255 12 12
240 252 12 12
240 256 12 12
240 258 12 12
240 255 12 12
241 253 12 12
241 259 12 12
241 256 12 12
241 258 12 12
242 255 12 12
242 256 12 12
242 259 12 12
242 258 12 12
243 256 12 12
243 257 12 12
243 253 12 12
243 254 12 12
264 262 13 13
264 260 13 13
264 263 13 13
264 261 13 13
265 262 13 13
265 264 13 13
265 261 13 13
265 260 13 13
266 263 13 13
266 265 13 13
266 264 13 13
266 260 13 13
267 263 13 13
267 261 13 13
267 260 13 13
267 262 13 13
268 264 13 13
268 263 13 13
268 265 13 13
268 262 13 13
269 260 13 13
269 262 13 13
269 266 13 13
269 265 13 13
270 268 13 13
270 261 13 13
270 263 13 13
270 260 13 13
271 270 13 13
271 263 13 13
271 265 13 13
271 266 13 13
272 270 13 13
272 262 13 13
272 260 13 13
272 261 13 13
273 268 13 13
273 260 13 13
273 266 13 13
273 271 13 13
274 273 13 13
274 270 13 13
274 272 13 13
274 264 13 13
275 273 13 13
275 263 13 13
275 274 13 13
275 260 13 13
276 260 13 13
276 262 13 13
276 275 13 13
276 271 13 13
277 264 13 13
277 260 13 13
277 265 13 13
277 268 13 13
278 276 13 13
278 262 13 13
278 271 13 13
278 263 13 13
279 271 13 13
279 273 13 13
279 278 13 13
279 274 13 13
260 274 13 13
260 268 13 13
260 279 13 13
260 271 13 13
261 278 13 13
261 271 13 13
261 275 13 13
261 273 13 13
262 277 13 13
262 273 13 13
262 271 13 13
262 274 13 13
263 272 13 13
263 274 13 13
263 276 13 13
263 279 13 13
284 283 14 14
284 282 14 14
284 281 14 14
284 280 14 14
285 282 14 14
285 281 14 14
285 283 14 14
285 284 14 14
286 281 14 14
286 283 14 14
286 284 14 14
286 282 14 14
287 285 14 14
287 283 14 14
287 282 14 14
287 280 14 14
288 286 14 14
288 283 14 14
288 281 14 14
288 285 14 14
289 280 14 14
289 287 14 14
289 283 14 14
289 285 14 14
290 282 14 14
290 280 14 14
290 283 14 14
290 281 14 14
291 282 14 14
291 281 14 14
291 290 14 14
291 287 14 14
292 286 14 14
292 288 14 14
292 287 14 14
292 281 14 14
293 285 14 14
293 288 14 14
293 287 14 14
293 280 14 14
294 285 14 14
294 286 14 14
294 284 14 14
294 281 14 14
295 280 14 14
295 285 14 14
295 281 14 14
295 284 14 14
296 292 14 14
296 283 14 14
296 280 14 14
296 293 14 14
297 289 14 14
297 283 14 14
297 296 14 14
297 293 14 14
298 282 14 14
298 293 14 14
298 281 14 14
298 297 14 14
299 296 14 14
299 291 14 14
299 298 14 14
299 281 14 14
280 288 14 14
280 297 14 14
280 298 14 14
280 294 14 14
281 289 14 14
281 293 14 14
281 287 14 14
281 296 14 14
282 292 14 14
282 294 14 14
282 296 14 14
282 293 14 14
283 293 14 14
283 298 14 14
283 299 14 14
283 291 14 14
304 302 15 15
304 300 15 15
304 301 15 15
304 303 15 15
305 300 15 15
305 304 15 15
305 303 15 15
305 301 15 15
306 303 15 15
306 304 15 15
306 300 15 15
306 305 15 15
307 303 15 15
307 304 15 15
307 305 15 15
307 300 15 15
308 304 15 15
308 300 15 15
308 305 15 15
308 301 15 15
309 302 15 15
309 303 15 15
309 304 15 15
309 301 15 15
310 304 15 15
310 307 15 15
310 308 15 15
310 303 15 15
311 301 15 15
311 305 15 15
311 308 15 15
311 304 15 15
312 302 15 15
312 303 15 15
312 309 15 15
312 311 15 15
313 305 15 15
313 300 15 15
313 308 15 15
313 304 15 15
314 310 15 15
314 304 15 15
314 308 15 15
314 301 15 15
315 314 15 15
315 311 15 15
315 306 15 15
315 309 15 15
316 309 15 15
316 311 15 15
316 301 15 15
316 304 15 15
317 316 15 15
317 305 15 15
317 314 15 15
317 307 15 15
318 311 15 15
318 316 15 15
318 317 15 15
318 301 15 15
319 318 15 15
319 307 15 15
319 309 15 15
319 315 15 15
300 310 15 15
300 311 15 15
300 318 15 15
300 317 15 15
301 319 15 15
301 310 15 15
301 313 15 15
301 317 15 15
302 305 15 15
302 307 15 15
302 319 15 15
302 313 15 15
303 313 15 15
303 314 15 15
303 311 15 15
303 315 15 15
89 42 4 2
90 75 4 3
87 4 4 0
89 27 4 1
107 84 5 4
105 8 5 0
114 65 5 3
108 31 5 1
127 97 6 4
121 26 6 1
121 116 6 5
121 79 6 3
149 10 7 0
140 89 7 4
149 40 7 2
141 125 7 6
166 116 8 5
168 122 8 6
169 148 8 7
166 78 8 3
191 84 9 4
196 103 9 5
193 123 9 6
186 30 9 1
202 55 10 2
219 66 10 3
206 188 10 9
205 28 10 1
225 205 11 10
225 148 11 7
238 116 11 5
221 77 11 3
256 87 12 4
248 112 12 5
249 46 12 2
243 137 12 6
269 207 13 10
273 246 13 12
274 152 13 7
271 114 13 5
297 114 14 5
281 174 14 8
281 28 14 1
294 58 14 2
304 276 15 13
308 187 15 9
302 15 15 0
313 29 15 1
15 195 0 9
7 203 0 10
18 174 0 8
9 267 0 13
33 234 1 11
25 258 1 12
26 143 1 7
26 277 1 13
48 307 2 15
45 127 2 6
40 181 2 9
52 266 2 13
73 141 3 7
77 183 3 9
73 298 3 14
63 267 3 13
