swNum = 320
edgeNum = 1344

0 0
1 0
2 0
3 0
4 0
5 0
6 0
7 0
8 0
9 0
10 0
11 0
12 0
13 0
14 0
15 0
16 0
17 0
18 0
19 0
20 1
21 1
22 1
23 1
24 1
25 1
26 1
27 1
28 1
29 1
30 1
31 1
32 1
33 1
34 1
35 1
36 1
37 1
38 1
39 1
40 2
41 2
42 2
43 2
44 2
45 2
46 2
47 2
48 2
49 2
50 2
51 2
52 2
53 2
54 2
55 2
56 2
57 2
58 2
59 2
60 3
61 3
62 3
63 3
64 3
65 3
66 3
67 3
68 3
69 3
70 3
71 3
72 3
73 3
74 3
75 3
76 3
77 3
78 3
79 3
80 4
81 4
82 4
83 4
84 4
85 4
86 4
87 4
88 4
89 4
90 4
91 4
92 4
93 4
94 4
95 4
96 4
97 4
98 4
99 4
100 5
101 5
102 5
103 5
104 5
105 5
106 5
107 5
108 5
109 5
110 5
111 5
112 5
113 5
114 5
115 5
116 5
117 5
118 5
119 5
120 6
121 6
122 6
123 6
124 6
125 6
126 6
127 6
128 6
129 6
130 6
131 6
132 6
133 6
134 6
135 6
136 6
137 6
138 6
139 6
140 7
141 7
142 7
143 7
144 7
145 7
146 7
147 7
148 7
149 7
150 7
151 7
152 7
153 7
154 7
155 7
156 7
157 7
158 7
159 7
160 8
161 8
162 8
163 8
164 8
165 8
166 8
167 8
168 8
169 8
170 8
171 8
172 8
173 8
174 8
175 8
176 8
177 8
178 8
179 8
180 9
181 9
182 9
183 9
184 9
185 9
186 9
187 9
188 9
189 9
190 9
191 9
192 9
193 9
194 9
195 9
196 9
197 9
198 9
199 9
200 10
201 10
202 10
203 10
204 10
205 10
206 10
207 10
208 10
209 10
210 10
211 10
212 10
213 10
214 10
215 10
216 10
217 10
218 10
219 10
220 11
221 11
222 11
223 11
224 11
225 11
226 11
227 11
228 11
229 11
230 11
231 11
232 11
233 11
234 11
235 11
236 11
237 11
238 11
239 11
240 12
241 12
242 12
243 12
244 12
245 12
246 12
247 12
248 12
249 12
250 12
251 12
252 12
253 12
254 12
255 12
256 12
257 12
258 12
259 12
260 13
261 13
262 13
263 13
264 13
265 13
266 13
267 13
268 13
269 13
270 13
271 13
272 13
273 13
274 13
275 13
276 13
277 13
278 13
279 13
280 14
281 14
282 14
283 14
284 14
285 14
286 14
287 14
288 14
289 14
290 14
291 14
292 14
293 14
294 14
295 14
296 14
297 14
298 14
299 14
300 15
301 15
302 15
303 15
304 15
305 15
306 15
307 15
308 15
309 15
310 15
311 15
312 15
313 15
314 15
315 15
316 15
317 15
318 15
319 15

4 2 0 0
4 1 0 0
4 0 0 0
4 3 0 0
5 3 0 0
5 2 0 0
5 0 0 0
5 4 0 0
6 3 0 0
6 0 0 0
6 1 0 0
6 2 0 0
7 0 0 0
7 3 0 0
7 5 0 0
7 6 0 0
8 2 0 0
8 5 0 0
8 1 0 0
8 3 0 0
9 0 0 0
9 2 0 0
9 4 0 0
9 7 0 0
10 3 0 0
10 6 0 0
10 0 0 0
10 5 0 0
11 8 0 0
11 4 0 0
11 10 0 0
11 3 0 0
12 3 0 0
12 10 0 0
12 4 0 0
12 9 0 0
13 10 0 0
13 3 0 0
13 11 0 0
13 0 0 0
14 8 0 0
14 2 0 0
14 4 0 0
14 11 0 0
15 2 0 0
15 11 0 0
15 9 0 0
15 0 0 0
16 4 0 0
16 15 0 0
16 7 0 0
16 9 0 0
17 7 0 0
17 10 0 0
17 13 0 0
17 6 0 0
18 0 0 0
18 8 0 0
18 12 0 0
18 7 0 0
19 4 0 0
19 7 0 0
19 11 0 0
19 9 0 0
0 17 0 0
0 11 0 0
0 8 0 0
0 16 0 0
1 18 0 0
1 11 0 0
1 19 0 0
1 10 0 0
2 17 0 0
2 18 0 0
2 11 0 0
2 19 0 0
3 16 0 0
3 18 0 0
3 17 0 0
3 9 0 0
24 22 1 1
24 23 1 1
24 21 1 1
24 20 1 1
25 20 1 1
25 21 1 1
25 23 1 1
25 22 1 1
26 21 1 1
26 23 1 1
26 22 1 1
26 25 1 1
27 22 1 1
27 24 1 1
27 21 1 1
27 23 1 1
28 21 1 1
28 23 1 1
28 22 1 1
28 25 1 1
29 28 1 1
29 25 1 1
29 26 1 1
29 20 1 1
30 26 1 1
30 27 1 1
30 22 1 1
30 23 1 1
31 26 1 1
31 24 1 1
31 30 1 1
31 22 1 1
32 20 1 1
32 23 1 1
32 21 1 1
32 29 1 1
33 30 1 1
33 28 1 1
33 24 1 1
33 26 1 1
34 32 1 1
34 29 1 1
34 21 1 1
34 31 1 1
35 34 1 1
35 21 1 1
35 20 1 1
35 33 1 1
36 29 1 1
36 35 1 1
36 25 1 1
36 32 1 1
37 35 1 1
37 21 1 1
37 23 1 1
37 20 1 1
38 36 1 1
38 31 1 1
38 27 1 1
38 35 1 1
39 24 1 1
39 31 1 1
39 36 1 1
39 38 1 1
20 34 1 1
20 30 1 1
20 39 1 1
20 36 1 1
21 30 1 1
21 36 1 1
21 33 1 1
21 29 1 1
22 36 1 1
22 35 1 1
22 38 1 1
22 39 1 1
23 34 1 1
23 31 1 1
23 38 1 1
23 29 1 1
44 40 2 2
44 42 2 2
44 43 2 2
44 41 2 2
45 43 2 2
45 42 2 2
45 44 2 2
45 41 2 2
46 42 2 2
46 43 2 2
46 41 2 2
46 45 2 2
47 42 2 2
47 46 2 2
47 41 2 2
47 43 2 2
48 40 2 2
48 47 2 2
48 44 2 2
48 46 2 2
49 41 2 2
49 44 2 2
49 43 2 2
49 47 2 2
50 40 2 2
50 43 2 2
50 41 2 2
50 46 2 2
51 40 2 2
51 41 2 2
51 49 2 2
51 50 2 2
52 44 2 2
52 43 2 2
52 49 2 2
52 47 2 2
53 43 2 2
53 52 2 2
53 46 2 2
53 47 2 2
54 45 2 2
54 53 2 2
54 40 2 2
54 44 2 2
55 41 2 2
55 50 2 2
55 40 2 2
55 44 2 2
56 44 2 2
56 45 2 2
56 49 2 2
56 54 2 2
57 56 2 2
57 49 2 2
57 55 2 2
57 40 2 2
58 56 2 2
58 48 2 2
58 43 2 2
58 41 2 2
59 52 2 2
59 47 2 2
59 48 2 2
59 41 2 2
40 49 2 2
40 58 2 2
40 47 2 2
40 59 2 2
41 57 2 2
41 52 2 2
41 54 2 2
41 56 2 2
42 58 2 2
42 48 2 2
42 57 2 2
42 59 2 2
43 51 2 2
43 54 2 2
43 57 2 2
43 55 2 2
64 60 3 3
64 61 3 3
64 63 3 3
64 62 3 3
65 61 3 3
65 62 3 3
65 60 3 3
65 64 3 3
66 61 3 3
66 64 3 3
66 63 3 3
66 60 3 3
67 61 3 3
67 65 3 3
67 60 3 3
67 66 3 3
68 66 3 3
68 67 3 3
68 62 3 3
68 65 3 3
69 68 3 3
69 65 3 3
69 62 3 3
69 64 3 3
70 64 3 3
70 60 3 3
70 65 3 3
70 66 3 3
71 64 3 3
71 63 3 3
71 60 3 3
71 65 3 3
72 63 3 3
72 60 3 3
72 61 3 3
72 64 3 3
73 70 3 3
73 69 3 3
73 65 3 3
73 68 3 3
74 65 3 3
74 73 3 3
74 68 3 3
74 69 3 3
75 63 3 3
75 66 3 3
75 64 3 3
75 74 3 3
76 65 3 3
76 60 3 3
76 69 3 3
76 71 3 3
77 61 3 3
77 66 3 3
77 62 3 3
77 75 3 3
78 69 3 3
78 65 3 3
78 67 3 3
78 77 3 3
79 65 3 3
79 63 3 3
79 78 3 3
79 71 3 3
60 77 3 3
60 75 3 3
60 68 3 3
60 79 3 3
61 68 3 3
61 69 3 3
61 79 3 3
61 74 3 3
62 73 3 3
62 76 3 3
62 71 3 3
62 75 3 3
63 65 3 3
63 70 3 3
63 67 3 3
63 78 3 3
84 80 4 4
84 81 4 4
84 83 4 4
84 82 4 4
85 80 4 4
85 83 4 4
85 84 4 4
85 81 4 4
86 84 4 4
86 80 4 4
86 82 4 4
86 85 4 4
87 85 4 4
87 83 4 4
87 84 4 4
87 81 4 4
88 81 4 4
88 87 4 4
88 80 4 4
88 85 4 4
89 81 4 4
89 84 4 4
89 87 4 4
89 88 4 4
90 89 4 4
90 81 4 4
90 80 4 4
90 83 4 4
91 80 4 4
91 82 4 4
91 90 4 4
91 83 4 4
92 88 4 4
92 90 4 4
92 81 4 4
92 86 4 4
93 92 4 4
93 88 4 4
93 89 4 4
93 90 4 4
94 90 4 4
94 83 4 4
94 91 4 4
94 87 4 4
95 91 4 4
95 93 4 4
95 80 4 4
95 82 4 4
96 81 4 4
96 87 4 4
96 83 4 4
96 95 4 4
97 86 4 4
97 80 4 4
97 85 4 4
97 95 4 4
98 96 4 4
98 91 4 4
98 82 4 4
98 84 4 4
99 88 4 4
99 95 4 4
99 96 4 4
99 83 4 4
80 98 4 4
80 99 4 4
80 89 4 4
80 93 4 4
81 97 4 4
81 99 4 4
81 98 4 4
81 93 4 4
82 94 4 4
82 88 4 4
82 93 4 4
82 87 4 4
83 95 4 4
83 98 4 4
83 86 4 4
83 97 4 4
104 102 5 5
104 103 5 5
104 101 5 5
104 100 5 5
105 104 5 5
105 100 5 5
105 102 5 5
105 103 5 5
106 102 5 5
106 100 5 5
106 101 5 5
106 104 5 5
107 103 5 5
107 105 5 5
107 102 5 5
107 104 5 5
108 100 5 5
108 101 5 5
108 106 5 5
108 102 5 5
109 107 5 5
109 108 5 5
109 103 5 5
109 100 5 5
110 107 5 5
110 103 5 5
110 109 5 5
110 104 5 5
111 104 5 5
111 105 5 5
111 108 5 5
111 102 5 5
112 102 5 5
112 107 5 5
112 105 5 5
112 104 5 5
113 111 5 5
113 102 5 5
113 112 5 5
113 109 5 5
114 101 5 5
114 103 5 5
114 110 5 5
114 100 5 5
115 105 5 5
115 113 5 5
115 102 5 5
115 104 5 5
116 100 5 5
116 104 5 5
116 109 5 5
116 114 5 5
117 113 5 5
117 111 5 5
117 102 5 5
117 112 5 5
118 114 5 5
118 106 5 5
118 109 5 5
118 102 5 5
119 115 5 5
119 109 5 5
119 114 5 5
119 107 5 5
100 118 5 5
100 119 5 5
100 110 5 5
100 111 5 5
101 111 5 5
101 118 5 5
101 107 5 5
101 113 5 5
102 109 5 5
102 116 5 5
102 110 5 5
102 114 5 5
103 116 5 5
103 119 5 5
103 118 5 5
103 111 5 5
124 121 6 6
124 120 6 6
124 123 6 6
124 122 6 6
125 121 6 6
125 122 6 6
125 124 6 6
125 123 6 6
126 121 6 6
126 124 6 6
126 123 6 6
126 120 6 6
127 126 6 6
127 122 6 6
127 123 6 6
127 120 6 6
128 124 6 6
128 121 6 6
128 123 6 6
128 122 6 6
129 127 6 6
129 121 6 6
129 122 6 6
129 124 6 6
130 125 6 6
130 124 6 6
130 129 6 6
130 120 6 6
131 125 6 6
131 128 6 6
131 126 6 6
131 124 6 6
132 126 6 6
132 130 6 6
132 128 6 6
132 129 6 6
133 121 6 6
133 128 6 6
133 122 6 6
133 127 6 6
134 128 6 6
134 127 6 6
134 124 6 6
134 120 6 6
135 131 6 6
135 133 6 6
135 127 6 6
135 130 6 6
136 124 6 6
136 125 6 6
136 126 6 6
136 127 6 6
137 135 6 6
137 129 6 6
137 126 6 6
137 127 6 6
138 134 6 6
138 122 6 6
138 136 6 6
138 123 6 6
139 124 6 6
139 137 6 6
139 125 6 6
139 136 6 6
120 139 6 6
120 131 6 6
120 132 6 6
120 137 6 6
121 139 6 6
121 131 6 6
121 136 6 6
121 137 6 6
122 130 6 6
122 131 6 6
122 126 6 6
122 132 6 6
123 129 6 6
123 133 6 6
123 139 6 6
123 132 6 6
144 143 7 7
144 142 7 7
144 140 7 7
144 141 7 7
145 142 7 7
145 143 7 7
145 144 7 7
145 140 7 7
146 142 7 7
146 145 7 7
146 141 7 7
146 140 7 7
147 141 7 7
147 140 7 7
147 143 7 7
147 145 7 7
148 143 7 7
148 147 7 7
148 145 7 7
148 144 7 7
149 147 7 7
149 141 7 7
149 142 7 7
149 145 7 7
150 143 7 7
150 140 7 7
150 145 7 7
150 148 7 7
151 140 7 7
151 144 7 7
151 145 7 7
151 148 7 7
152 147 7 7
152 146 7 7
152 148 7 7
152 149 7 7
153 152 7 7
153 149 7 7
153 141 7 7
153 144 7 7
154 148 7 7
154 142 7 7
154 144 7 7
154 150 7 7
155 144 7 7
155 149 7 7
155 145 7 7
155 154 7 7
156 141 7 7
156 146 7 7
156 148 7 7
156 153 7 7
157 147 7 7
157 145 7 7
157 140 7 7
157 154 7 7
158 156 7 7
158 151 7 7
158 147 7 7
158 148 7 7
159 150 7 7
159 140 7 7
159 144 7 7
159 155 7 7
140 149 7 7
140 156 7 7
140 148 7 7
140 153 7 7
141 148 7 7
141 157 7 7
141 151 7 7
141 158 7 7
142 155 7 7
142 158 7 7
142 150 7 7
142 157 7 7
143 151 7 7
143 157 7 7
143 152 7 7
143 158 7 7
164 160 8 8
164 161 8 8
164 163 8 8
164 162 8 8
165 161 8 8
165 164 8 8
165 162 8 8
165 163 8 8
166 162 8 8
166 160 8 8
166 164 8 8
166 165 8 8
167 160 8 8
167 163 8 8
167 165 8 8
167 164 8 8
168 161 8 8
168 164 8 8
168 160 8 8
168 167 8 8
169 161 8 8
169 164 8 8
169 163 8 8
169 160 8 8
170 168 8 8
170 166 8 8
170 164 8 8
170 162 8 8
171 170 8 8
171 163 8 8
171 161 8 8
171 166 8 8
172 161 8 8
172 166 8 8
172 160 8 8
172 162 8 8
173 166 8 8
173 167 8 8
173 169 8 8
173 161 8 8
174 165 8 8
174 169 8 8
174 171 8 8
174 170 8 8
175 173 8 8
175 162 8 8
175 170 8 8
175 165 8 8
176 171 8 8
176 161 8 8
176 164 8 8
176 169 8 8
177 169 8 8
177 174 8 8
177 173 8 8
177 168 8 8
178 173 8 8
178 177 8 8
178 172 8 8
178 166 8 8
179 178 8 8
179 164 8 8
179 160 8 8
179 168 8 8
160 173 8 8
160 170 8 8
160 174 8 8
160 176 8 8
161 174 8 8
161 177 8 8
161 179 8 8
161 167 8 8
162 178 8 8
162 168 8 8
162 177 8 8
162 173 8 8
163 174 8 8
163 176 8 8
163 179 8 8
163 172 8 8
184 183 9 9
184 182 9 9
184 180 9 9
184 181 9 9
185 182 9 9
185 181 9 9
185 183 9 9
185 184 9 9
186 183 9 9
186 184 9 9
186 185 9 9
186 182 9 9
187 182 9 9
187 181 9 9
187 180 9 9
187 185 9 9
188 183 9 9
188 187 9 9
188 181 9 9
188 185 9 9
189 188 9 9
189 187 9 9
189 180 9 9
189 181 9 9
190 180 9 9
190 185 9 9
190 189 9 9
190 182 9 9
191 188 9 9
191 184 9 9
191 183 9 9
191 189 9 9
192 184 9 9
192 186 9 9
192 183 9 9
192 182 9 9
193 186 9 9
193 182 9 9
193 192 9 9
193 191 9 9
194 189 9 9
194 181 9 9
194 182 9 9
194 185 9 9
195 180 9 9
195 189 9 9
195 193 9 9
195 183 9 9
196 183 9 9
196 191 9 9
196 187 9 9
196 186 9 9
197 182 9 9
197 189 9 9
197 196 9 9
197 184 9 9
198 185 9 9
198 190 9 9
198 182 9 9
198 195 9 9
199 196 9 9
199 198 9 9
199 188 9 9
199 193 9 9
180 199 9 9
180 196 9 9
180 193 9 9
180 194 9 9
181 193 9 9
181 199 9 9
181 197 9 9
181 195 9 9
182 191 9 9
182 188 9 9
182 189 9 9
182 195 9 9
183 197 9 9
183 194 9 9
183 193 9 9
183 198 9 9
204 203 10 10
204 201 10 10
204 200 10 10
204 202 10 10
205 200 10 10
205 204 10 10
205 202 10 10
205 201 10 10
206 200 10 10
206 203 10 10
206 202 10 10
206 205 10 10
207 204 10 10
207 202 10 10
207 201 10 10
207 200 10 10
208 203 10 10
208 204 10 10
208 202 10 10
208 207 10 10
209 200 10 10
209 205 10 10
209 202 10 10
209 206 10 10
210 204 10 10
210 208 10 10
210 200 10 10
210 202 10 10
211 207 10 10
211 208 10 10
211 210 10 10
211 201 10 10
212 203 10 10
212 208 10 10
212 206 10 10
212 204 10 10
213 209 10 10
213 202 10 10
213 205 10 10
213 200 10 10
214 202 10 10
214 213 10 10
214 205 10 10
214 212 10 10
215 207 10 10
215 213 10 10
215 212 10 10
215 210 10 10
216 215 10 10
216 200 10 10
216 207 10 10
216 214 10 10
217 208 10 10
217 204 10 10
217 201 10 10
217 203 10 10
218 204 10 10
218 202 10 10
218 209 10 10
218 214 10 10
219 200 10 10
219 201 10 10
219 208 10 10
219 215 10 10
200 214 10 10
200 215 10 10
200 208 10 10
200 212 10 10
201 206 10 10
201 208 10 10
201 210 10 10
201 218 10 10
202 217 10 10
202 212 10 10
202 215 10 10
202 219 10 10
203 211 10 10
203 210 10 10
203 219 10 10
203 218 10 10
224 223 11 11
224 220 11 11
224 222 11 11
224 221 11 11
225 221 11 11
225 223 11 11
225 224 11 11
225 220 11 11
226 223 11 11
226 222 11 11
226 221 11 11
226 224 11 11
227 226 11 11
227 224 11 11
227 222 11 11
227 223 11 11
228 226 11 11
228 221 11 11
228 227 11 11
228 224 11 11
229 221 11 11
229 220 11 11
229 223 11 11
229 226 11 11
230 228 11 11
230 229 11 11
230 226 11 11
230 222 11 11
231 227 11 11
231 223 11 11
231 229 11 11
231 224 11 11
232 228 11 11
232 230 11 11
232 222 11 11
232 226 11 11
233 231 11 11
233 220 11 11
233 225 11 11
233 227 11 11
234 228 11 11
234 227 11 11
234 233 11 11
234 229 11 11
235 226 11 11
235 224 11 11
235 233 11 11
235 223 11 11
236 220 11 11
236 231 11 11
236 224 11 11
236 227 11 11
237 225 11 11
237 226 11 11
237 230 11 11
237 220 11 11
238 224 11 11
238 228 11 11
238 226 11 11
238 235 11 11
239 235 11 11
239 224 11 11
239 227 11 11
239 222 11 11
220 226 11 11
220 232 11 11
220 230 11 11
220 227 11 11
221 238 11 11
221 232 11 11
221 233 11 11
221 230 11 11
222 237 11 11
222 229 11 11
222 233 11 11
222 225 11 11
223 234 11 11
223 236 11 11
223 228 11 11
223 238 11 11
244 241 12 12
244 240 12 12
244 243 12 12
244 242 12 12
245 240 12 12
245 244 12 12
245 242 12 12
245 241 12 12
246 244 12 12
246 242 12 12
246 243 12 12
246 241 12 12
247 243 12 12
247 241 12 12
247 246 12 12
247 244 12 12
248 246 12 12
248 243 12 12
248 244 12 12
248 245 12 12
249 243 12 12
249 241 12 12
249 242 12 12
249 240 12 12
250 247 12 12
250 243 12 12
250 248 12 12
250 246 12 12
251 245 12 12
251 249 12 12
251 241 12 12
251 247 12 12
252 250 12 12
252 246 12 12
252 247 12 12
252 242 12 12
253 249 12 12
253 248 12 12
253 241 12 12
253 251 12 12
254 247 12 12
254 253 12 12
254 244 12 12
254 249 12 12
255 240 12 12
255 247 12 12
255 250 12 12
255 253 12 12
256 248 12 12
256 249 12 12
256 247 12 12
256 240 12 12
257 250 12 12
257 252 12 12
257 255 12 12
257 247 12 12
258 240 12 12
258 256 12 12
258 246 12 12
258 248 12 12
259 256 12 12
259 258 12 12
259 241 12 12
259 250 12 12
240 259 12 12
240 246 12 12
240 253 12 12
240 251 12 12
241 248 12 12
241 254 12 12
241 258 12 12
241 256 12 12
242 247 12 12
242 257 12 12
242 256 12 12
242 251 12 12
243 259 12 12
243 252 12 12
243 258 12 12
243 254 12 12
264 260 13 13
264 262 13 13
264 263 13 13
264 261 13 13
265 264 13 13
265 260 13 13
265 262 13 13
265 263 13 13
266 260 13 13
266 262 13 13
266 265 13 13
266 264 13 13
267 263 13 13
267 266 13 13
267 261 13 13
267 265 13 13
268 265 13 13
268 262 13 13
268 266 13 13
268 267 13 13
269 264 13 13
269 263 13 13
269 266 13 13
269 261 13 13
270 265 13 13
270 264 13 13
270 262 13 13
270 263 13 13
271 270 13 13
271 267 13 13
271 263 13 13
271 264 13 13
272 267 13 13
272 263 13 13
272 269 13 13
272 265 13 13
273 265 13 13
273 260 13 13
273 270 13 13
273 263 13 13
274 261 13 13
274 266 13 13
274 273 13 13
274 262 13 13
275 262 13 13
275 266 13 13
275 271 13 13
275 269 13 13
276 275 13 13
276 263 13 13
276 273 13 13
276 264 13 13
277 268 13 13
277 270 13 13
277 263 13 13
277 269 13 13
278 274 13 13
278 268 13 13
278 271 13 13
278 260 13 13
279 270 13 13
279 276 13 13
279 275 13 13
279 267 13 13
260 276 13 13
260 277 13 13
260 271 13 13
260 272 13 13
261 278 13 13
261 266 13 13
261 276 13 13
261 272 13 13
262 279 13 13
262 273 13 13
262 271 13 13
262 272 13 13
263 266 13 13
263 268 13 13
263 279 13 13
263 278 13 13
284 280 14 14
284 282 14 14
284 281 14 14
284 283 14 14
285 282 14 14
285 283 14 14
285 284 14 14
285 280 14 14
286 284 14 14
286 282 14 14
286 281 14 14
286 285 14 14
287 286 14 14
287 282 14 14
287 285 14 14
287 280 14 14
288 285 14 14
288 283 14 14
288 287 14 14
288 286 14 14
289 282 14 14
289 286 14 14
289 287 14 14
289 285 14 14
290 281 14 14
290 285 14 14
290 286 14 14
290 289 14 14
291 289 14 14
291 283 14 14
291 281 14 14
291 288 14 14
292 287 14 14
292 282 14 14
292 286 14 14
292 281 14 14
293 286 14 14
293 283 14 14
293 285 14 14
293 289 14 14
294 290 14 14
294 291 14 14
294 292 14 14
294 288 14 14
295 286 14 14
295 284 14 14
295 289 14 14
295 287 14 14
296 282 14 14
296 284 14 14
296 295 14 14
296 293 14 14
297 293 14 14
297 289 14 14
297 282 14 14
297 290 14 14
298 293 14 14
298 280 14 14
298 286 14 14
298 281 14 14
299 294 14 14
299 281 14 14
299 286 14 14
299 282 14 14
280 299 14 14
280 291 14 14
280 293 14 14
280 294 14 14
281 293 14 14
281 285 14 14
281 289 14 14
281 294 14 14
282 290 14 14
282 298 14 14
282 288 14 14
282 295 14 14
283 290 14 14
283 294 14 14
283 297 14 14
283 295 14 14
304 301 15 15
304 300 15 15
304 302 15 15
304 303 15 15
305 301 15 15
305 304 15 15
305 300 15 15
305 302 15 15
306 304 15 15
306 301 15 15
306 305 15 15
306 302 15 15
307 305 15 15
307 301 15 15
307 302 15 15
307 303 15 15
308 305 15 15
308 304 15 15
308 301 15 15
308 307 15 15
309 302 15 15
309 307 15 15
309 308 15 15
309 300 15 15
310 304 15 15
310 309 15 15
310 307 15 15
310 302 15 15
311 306 15 15
311 304 15 15
311 310 15 15
311 303 15 15
312 302 15 15
312 311 15 15
312 307 15 15
312 305 15 15
313 306 15 15
313 307 15 15
313 301 15 15
313 304 15 15
314 307 15 15
314 310 15 15
314 311 15 15
314 306 15 15
315 301 15 15
315 306 15 15
315 302 15 15
315 305 15 15
316 314 15 15
316 307 15 15
316 303 15 15
316 302 15 15
317 315 15 15
317 301 15 15
317 316 15 15
317 302 15 15
318 314 15 15
318 309 15 15
318 317 15 15
318 302 15 15
319 306 15 15
319 307 15 15
319 308 15 15
319 310 15 15
300 317 15 15
300 307 15 15
300 310 15 15
300 314 15 15
301 316 15 15
301 310 15 15
301 314 15 15
301 319 15 15
302 319 15 15
302 313 15 15
302 308 15 15
302 314 15 15
303 315 15 15
303 318 15 15
303 312 15 15
303 308 15 15
95 13 4 0
86 26 4 1
85 69 4 3
88 45 4 2
105 85 5 4
110 12 5 0
101 71 5 3
111 26 5 1
130 88 6 4
134 36 6 1
125 50 6 2
133 16 6 0
148 29 7 1
158 130 7 6
148 69 7 3
159 50 7 2
164 18 8 0
176 90 8 4
177 104 8 5
176 55 8 2
185 104 9 5
192 140 9 7
181 64 9 3
188 85 9 4
213 17 10 0
216 124 10 6
203 193 10 9
206 90 10 4
223 189 11 9
222 91 11 4
224 110 11 5
228 217 11 10
248 54 12 2
240 97 12 4
254 215 12 10
257 178 12 8
278 231 13 11
265 259 13 12
271 106 13 5
278 30 13 1
288 23 14 1
282 217 14 10
281 261 14 13
290 242 14 12
313 184 15 9
300 237 15 11
300 282 15 14
314 207 15 10
9 286 0 14
18 227 0 11
10 276 0 13
5 308 0 15
24 249 1 12
34 311 1 15
20 237 1 11
32 188 1 9
54 292 2 14
59 268 2 13
53 186 2 9
42 227 2 11
74 271 3 13
64 256 3 12
78 218 3 10
69 232 3 11
