swNum = 320
edgeNum = 1343

0 0
1 0
2 0
3 0
4 0
5 0
6 0
7 0
8 0
9 0
10 0
11 0
12 0
13 0
14 0
15 0
16 0
17 0
18 0
19 0
20 1
21 1
22 1
23 1
24 1
25 1
26 1
27 1
28 1
29 1
30 1
31 1
32 1
33 1
34 1
35 1
36 1
37 1
38 1
39 1
40 2
41 2
42 2
43 2
44 2
45 2
46 2
47 2
48 2
49 2
50 2
51 2
52 2
53 2
54 2
55 2
56 2
57 2
58 2
59 2
60 3
61 3
62 3
63 3
64 3
65 3
66 3
67 3
68 3
69 3
70 3
71 3
72 3
73 3
74 3
75 3
76 3
77 3
78 3
79 3
80 4
81 4
82 4
83 4
84 4
85 4
86 4
87 4
88 4
89 4
90 4
91 4
92 4
93 4
94 4
95 4
96 4
97 4
98 4
99 4
100 5
101 5
102 5
103 5
104 5
105 5
106 5
107 5
108 5
109 5
110 5
111 5
112 5
113 5
114 5
115 5
116 5
117 5
118 5
119 5
120 6
121 6
122 6
123 6
124 6
125 6
126 6
127 6
128 6
129 6
130 6
131 6
132 6
133 6
134 6
135 6
136 6
137 6
138 6
139 6
140 7
141 7
142 7
143 7
144 7
145 7
146 7
147 7
148 7
149 7
150 7
151 7
152 7
153 7
154 7
155 7
156 7
157 7
158 7
159 7
160 8
161 8
162 8
163 8
164 8
165 8
166 8
167 8
168 8
169 8
170 8
171 8
172 8
173 8
174 8
175 8
176 8
177 8
178 8
179 8
180 9
181 9
182 9
183 9
184 9
185 9
186 9
187 9
188 9
189 9
190 9
191 9
192 9
193 9
194 9
195 9
196 9
197 9
198 9
199 9
200 10
201 10
202 10
203 10
204 10
205 10
206 10
207 10
208 10
209 10
210 10
211 10
212 10
213 10
214 10
215 10
216 10
217 10
218 10
219 10
220 11
221 11
222 11
223 11
224 11
225 11
226 11
227 11
228 11
229 11
230 11
231 11
232 11
233 11
234 11
235 11
236 11
237 11
238 11
239 11
240 12
241 12
242 12
243 12
244 12
245 12
246 12
247 12
248 12
249 12
250 12
251 12
252 12
253 12
254 12
255 12
256 12
257 12
258 12
259 12
260 13
261 13
262 13
263 13
264 13
265 13
266 13
267 13
268 13
269 13
270 13
271 13
272 13
273 13
274 13
275 13
276 13
277 13
278 13
279 13
280 14
281 14
282 14
283 14
284 14
285 14
286 14
287 14
288 14
289 14
290 14
291 14
292 14
293 14
294 14
295 14
296 14
297 14
298 14
299 14
300 15
301 15
302 15
303 15
304 15
305 15
306 15
307 15
308 15
309 15
310 15
311 15
312 15
313 15
314 15
315 15
316 15
317 15
318 15
319 15

4 3 0 0
4 2 0 0
4 0 0 0
4 1 0 0
5 3 0 0
5 4 0 0
5 0 0 0
5 1 0 0
6 2 0 0
6 1 0 0
6 3 0 0
6 4 0 0
7 3 0 0
7 5 0 0
7 4 0 0
7 6 0 0
8 3 0 0
8 7 0 0
8 5 0 0
8 2 0 0
9 3 0 0
9 4 0 0
9 1 0 0
9 7 0 0
10 1 0 0
10 7 0 0
10 5 0 0
10 4 0 0
11 2 0 0
11 6 0 0
11 1 0 0
11 9 0 0
12 2 0 0
12 4 0 0
12 9 0 0
12 1 0 0
13 5 0 0
13 4 0 0
13 3 0 0
13 9 0 0
14 9 0 0
14 10 0 0
14 2 0 0
14 7 0 0
15 9 0 0
15 8 0 0
15 2 0 0
15 11 0 0
16 9 0 0
16 11 0 0
16 4 0 0
16 2 0 0
17 12 0 0
17 0 0 0
17 3 0 0
17 14 0 0
18 8 0 0
18 3 0 0
18 17 0 0
18 16 0 0
19 7 0 0
19 17 0 0
19 5 0 0
19 11 0 0
0 19 0 0
0 13 0 0
0 12 0 0
0 14 0 0
1 15 0 0
1 18 0 0
1 17 0 0
1 16 0 0
2 13 0 0
2 5 0 0
2 7 0 0
2 18 0 0
3 16 0 0
3 19 0 0
3 14 0 0
3 11 0 0
24 22 1 1
24 23 1 1
24 21 1 1
24 20 1 1
25 21 1 1
25 23 1 1
25 20 1 1
25 22 1 1
26 23 1 1
26 24 1 1
26 21 1 1
26 22 1 1
27 20 1 1
27 22 1 1
27 21 1 1
27 25 1 1
28 21 1 1
28 26 1 1
28 22 1 1
28 20 1 1
29 23 1 1
29 26 1 1
29 22 1 1
29 24 1 1
30 20 1 1
30 23 1 1
30 21 1 1
30 24 1 1
31 30 1 1
31 27 1 1
31 25 1 1
31 21 1 1
32 24 1 1
32 25 1 1
32 21 1 1
32 30 1 1
33 21 1 1
33 25 1 1
33 27 1 1
33 30 1 1
34 31 1 1
34 32 1 1
34 25 1 1
34 20 1 1
35 22 1 1
35 26 1 1
35 32 1 1
35 27 1 1
36 29 1 1
36 30 1 1
36 26 1 1
36 32 1 1
37 34 1 1
37 33 1 1
37 20 1 1
37 22 1 1
38 27 1 1
38 30 1 1
38 32 1 1
38 33 1 1
39 21 1 1
39 36 1 1
39 26 1 1
39 30 1 1
20 35 1 1
20 38 1 1
20 31 1 1
20 32 1 1
21 38 1 1
21 34 1 1
21 35 1 1
21 29 1 1
22 34 1 1
22 36 1 1
22 39 1 1
22 38 1 1
23 37 1 1
23 39 1 1
23 36 1 1
23 27 1 1
44 40 2 2
44 43 2 2
44 42 2 2
44 41 2 2
45 40 2 2
45 44 2 2
45 41 2 2
45 42 2 2
46 42 2 2
46 44 2 2
46 41 2 2
46 43 2 2
47 44 2 2
47 42 2 2
47 43 2 2
47 41 2 2
48 43 2 2
48 46 2 2
48 41 2 2
48 42 2 2
49 48 2 2
49 41 2 2
49 45 2 2
49 42 2 2
50 46 2 2
50 48 2 2
50 42 2 2
50 41 2 2
51 44 2 2
51 43 2 2
51 50 2 2
51 42 2 2
52 48 2 2
52 44 2 2
52 40 2 2
52 50 2 2
53 48 2 2
53 50 2 2
53 41 2 2
53 45 2 2
54 49 2 2
54 47 2 2
54 45 2 2
54 50 2 2
55 46 2 2
55 43 2 2
55 44 2 2
55 40 2 2
56 46 2 2
56 44 2 2
56 49 2 2
56 48 2 2
57 54 2 2
57 42 2 2
57 48 2 2
57 43 2 2
58 56 2 2
58 57 2 2
58 41 2 2
58 48 2 2
59 45 2 2
59 55 2 2
59 47 2 2
59 52 2 2
40 48 2 2
40 53 2 2
40 58 2 2
40 57 2 2
41 59 2 2
41 56 2 2
41 57 2 2
41 51 2 2
42 58 2 2
42 53 2 2
42 56 2 2
42 55 2 2
43 52 2 2
43 49 2 2
43 59 2 2
43 58 2 2
64 62 3 3
64 60 3 3
64 61 3 3
64 63 3 3
65 63 3 3
65 60 3 3
65 62 3 3
65 64 3 3
66 65 3 3
66 63 3 3
66 60 3 3
66 64 3 3
67 64 3 3
67 61 3 3
67 60 3 3
67 62 3 3
68 61 3 3
68 67 3 3
68 65 3 3
68 60 3 3
69 66 3 3
69 65 3 3
69 64 3 3
69 67 3 3
70 60 3 3
70 61 3 3
70 68 3 3
70 69 3 3
71 60 3 3
71 65 3 3
71 61 3 3
71 62 3 3
72 66 3 3
72 65 3 3
72 61 3 3
72 69 3 3
73 62 3 3
73 61 3 3
73 71 3 3
73 69 3 3
74 60 3 3
74 73 3 3
74 62 3 3
74 64 3 3
75 66 3 3
75 68 3 3
75 73 3 3
75 64 3 3
76 71 3 3
76 63 3 3
76 62 3 3
76 73 3 3
77 68 3 3
77 67 3 3
77 75 3 3
77 73 3 3
78 73 3 3
78 74 3 3
78 61 3 3
78 62 3 3
79 71 3 3
79 70 3 3
79 62 3 3
79 69 3 3
60 77 3 3
60 75 3 3
60 79 3 3
60 76 3 3
61 69 3 3
61 74 3 3
61 79 3 3
61 76 3 3
62 70 3 3
62 77 3 3
62 72 3 3
62 68 3 3
63 75 3 3
63 69 3 3
63 77 3 3
63 70 3 3
84 81 4 4
84 83 4 4
84 80 4 4
84 82 4 4
85 83 4 4
85 82 4 4
85 80 4 4
85 81 4 4
86 85 4 4
86 81 4 4
86 80 4 4
86 84 4 4
87 86 4 4
87 81 4 4
87 83 4 4
87 85 4 4
88 87 4 4
88 85 4 4
88 82 4 4
88 80 4 4
89 84 4 4
89 88 4 4
89 80 4 4
89 82 4 4
90 87 4 4
90 89 4 4
90 81 4 4
90 86 4 4
91 87 4 4
91 90 4 4
91 89 4 4
91 82 4 4
92 84 4 4
92 88 4 4
92 81 4 4
92 86 4 4
93 92 4 4
93 90 4 4
93 84 4 4
93 81 4 4
94 85 4 4
94 91 4 4
94 81 4 4
94 80 4 4
95 84 4 4
95 81 4 4
95 85 4 4
95 92 4 4
96 85 4 4
96 83 4 4
96 95 4 4
96 80 4 4
97 82 4 4
97 96 4 4
97 83 4 4
97 80 4 4
98 86 4 4
98 90 4 4
98 82 4 4
98 89 4 4
99 84 4 4
99 98 4 4
99 92 4 4
99 86 4 4
80 92 4 4
80 98 4 4
80 93 4 4
80 90 4 4
81 98 4 4
81 91 4 4
81 89 4 4
81 99 4 4
82 96 4 4
82 90 4 4
82 94 4 4
82 93 4 4
83 94 4 4
83 86 4 4
83 90 4 4
83 93 4 4
104 103 5 5
104 100 5 5
104 102 5 5
104 101 5 5
105 101 5 5
105 103 5 5
105 100 5 5
105 102 5 5
106 100 5 5
106 104 5 5
106 103 5 5
106 105 5 5
107 103 5 5
107 101 5 5
107 106 5 5
107 105 5 5
108 106 5 5
108 104 5 5
108 100 5 5
108 103 5 5
109 106 5 5
109 105 5 5
109 103 5 5
109 108 5 5
110 104 5 5
110 100 5 5
110 109 5 5
110 101 5 5
111 102 5 5
111 101 5 5
111 105 5 5
111 103 5 5
112 100 5 5
112 107 5 5
112 104 5 5
112 106 5 5
113 102 5 5
113 103 5 5
113 107 5 5
113 106 5 5
114 104 5 5
114 105 5 5
114 110 5 5
114 109 5 5
115 110 5 5
115 100 5 5
115 101 5 5
115 112 5 5
116 109 5 5
116 102 5 5
116 115 5 5
116 103 5 5
117 115 5 5
117 105 5 5
117 112 5 5
117 100 5 5
118 114 5 5
118 107 5 5
118 104 5 5
118 108 5 5
119 118 5 5
119 110 5 5
119 116 5 5
119 107 5 5
100 118 5 5
100 113 5 5
100 114 5 5
100 109 5 5
101 119 5 5
101 113 5 5
101 109 5 5
101 112 5 5
102 119 5 5
102 109 5 5
102 108 5 5
102 115 5 5
103 110 5 5
103 115 5 5
103 119 5 5
103 114 5 5
124 121 6 6
124 123 6 6
124 122 6 6
124 120 6 6
125 120 6 6
125 122 6 6
125 124 6 6
125 121 6 6
126 124 6 6
126 122 6 6
126 120 6 6
126 125 6 6
127 121 6 6
127 124 6 6
127 123 6 6
127 125 6 6
128 126 6 6
128 123 6 6
128 122 6 6
128 125 6 6
129 128 6 6
129 124 6 6
129 125 6 6
129 123 6 6
130 127 6 6
130 125 6 6
130 129 6 6
130 121 6 6
131 120 6 6
131 130 6 6
131 122 6 6
131 123 6 6
132 126 6 6
132 120 6 6
132 128 6 6
132 127 6 6
133 122 6 6
133 128 6 6
133 132 6 6
133 131 6 6
134 132 6 6
134 126 6 6
134 128 6 6
134 120 6 6
135 125 6 6
135 128 6 6
135 131 6 6
135 132 6 6
136 135 6 6
136 133 6 6
136 122 6 6
136 128 6 6
137 121 6 6
137 122 6 6
137 124 6 6
137 130 6 6
138 128 6 6
138 122 6 6
138 121 6 6
138 131 6 6
139 137 6 6
139 126 6 6
139 124 6 6
139 130 6 6
120 135 6 6
120 128 6 6
120 136 6 6
120 129 6 6
121 139 6 6
121 132 6 6
121 136 6 6
121 135 6 6
122 135 6 6
122 134 6 6
122 129 6 6
122 130 6 6
123 135 6 6
123 132 6 6
123 137 6 6
123 133 6 6
144 142 7 7
144 141 7 7
144 143 7 7
144 140 7 7
145 143 7 7
145 140 7 7
145 144 7 7
145 142 7 7
146 143 7 7
146 140 7 7
146 142 7 7
146 141 7 7
147 142 7 7
147 146 7 7
147 145 7 7
147 140 7 7
148 146 7 7
148 141 7 7
148 140 7 7
148 142 7 7
149 147 7 7
149 148 7 7
149 144 7 7
149 145 7 7
150 144 7 7
150 149 7 7
150 148 7 7
150 145 7 7
151 150 7 7
151 145 7 7
151 147 7 7
151 140 7 7
152 145 7 7
152 151 7 7
152 143 7 7
152 148 7 7
153 147 7 7
153 141 7 7
153 143 7 7
153 142 7 7
154 146 7 7
154 140 7 7
154 143 7 7
154 142 7 7
155 145 7 7
155 142 7 7
155 140 7 7
155 147 7 7
156 148 7 7
156 154 7 7
156 149 7 7
156 152 7 7
157 147 7 7
157 154 7 7
157 144 7 7
157 151 7 7
158 156 7 7
158 145 7 7
158 149 7 7
158 147 7 7
159 151 7 7
159 153 7 7
159 140 7 7
159 142 7 7
140 157 7 7
140 153 7 7
140 156 7 7
140 149 7 7
141 149 7 7
141 158 7 7
141 152 7 7
141 155 7 7
142 151 7 7
142 156 7 7
142 157 7 7
142 149 7 7
143 147 7 7
143 155 7 7
143 159 7 7
143 150 7 7
164 160 8 8
164 163 8 8
164 161 8 8
164 162 8 8
165 161 8 8
165 160 8 8
165 163 8 8
165 164 8 8
166 163 8 8
166 160 8 8
166 162 8 8
166 165 8 8
167 164 8 8
167 161 8 8
167 165 8 8
167 166 8 8
168 163 8 8
168 164 8 8
168 160 8 8
168 165 8 8
169 165 8 8
169 163 8 8
169 160 8 8
169 168 8 8
170 160 8 8
170 165 8 8
170 169 8 8
170 163 8 8
171 166 8 8
171 165 8 8
171 162 8 8
171 167 8 8
172 166 8 8
172 169 8 8
172 164 8 8
172 165 8 8
173 167 8 8
173 160 8 8
173 171 8 8
173 166 8 8
174 164 8 8
174 172 8 8
174 163 8 8
174 161 8 8
175 172 8 8
175 168 8 8
175 169 8 8
175 163 8 8
176 164 8 8
176 165 8 8
176 171 8 8
176 172 8 8
177 171 8 8
177 161 8 8
177 169 8 8
177 166 8 8
178 164 8 8
178 168 8 8
178 171 8 8
178 172 8 8
179 169 8 8
179 173 8 8
179 177 8 8
179 162 8 8
160 175 8 8
160 178 8 8
160 174 8 8
160 177 8 8
161 175 8 8
161 170 8 8
161 171 8 8
161 169 8 8
162 167 8 8
162 165 8 8
162 177 8 8
162 175 8 8
163 178 8 8
163 172 8 8
163 177 8 8
163 173 8 8
184 180 9 9
184 183 9 9
184 181 9 9
184 182 9 9
185 181 9 9
185 182 9 9
185 180 9 9
185 183 9 9
186 183 9 9
186 181 9 9
186 180 9 9
186 182 9 9
187 183 9 9
187 184 9 9
187 186 9 9
187 181 9 9
188 184 9 9
188 182 9 9
188 183 9 9
188 180 9 9
189 180 9 9
189 187 9 9
189 181 9 9
189 184 9 9
190 189 9 9
190 183 9 9
190 182 9 9
190 187 9 9
191 187 9 9
191 185 9 9
191 183 9 9
191 182 9 9
192 190 9 9
192 186 9 9
192 189 9 9
192 191 9 9
193 183 9 9
193 181 9 9
193 191 9 9
193 180 9 9
194 184 9 9
194 180 9 9
194 189 9 9
194 183 9 9
195 187 9 9
195 186 9 9
195 193 9 9
195 191 9 9
196 188 9 9
196 180 9 9
196 194 9 9
196 195 9 9
197 189 9 9
197 191 9 9
197 193 9 9
197 184 9 9
198 191 9 9
198 194 9 9
198 196 9 9
198 187 9 9
199 190 9 9
199 182 9 9
199 189 9 9
199 186 9 9
180 197 9 9
180 190 9 9
180 187 9 9
180 195 9 9
181 196 9 9
181 192 9 9
181 195 9 9
181 190 9 9
182 192 9 9
182 195 9 9
182 193 9 9
182 187 9 9
183 189 9 9
183 197 9 9
183 196 9 9
183 198 9 9
204 200 10 10
204 203 10 10
204 201 10 10
204 202 10 10
205 203 10 10
205 204 10 10
205 200 10 10
205 201 10 10
206 201 10 10
206 204 10 10
206 200 10 10
206 205 10 10
207 204 10 10
207 203 10 10
207 205 10 10
207 201 10 10
208 200 10 10
208 201 10 10
208 207 10 10
208 206 10 10
209 205 10 10
209 200 10 10
209 204 10 10
209 208 10 10
210 200 10 10
210 208 10 10
210 205 10 10
210 209 10 10
211 205 10 10
211 210 10 10
211 209 10 10
211 208 10 10
212 210 10 10
212 206 10 10
212 209 10 10
212 208 10 10
213 205 10 10
213 204 10 10
213 200 10 10
213 203 10 10
214 212 10 10
214 211 10 10
214 210 10 10
214 209 10 10
215 205 10 10
215 206 10 10
215 203 10 10
215 200 10 10
216 215 10 10
216 204 10 10
216 214 10 10
216 201 10 10
217 204 10 10
217 216 10 10
217 207 10 10
217 208 10 10
218 209 10 10
218 208 10 10
218 207 10 10
218 212 10 10
219 209 10 10
219 205 10 10
219 213 10 10
219 206 10 10
200 211 10 10
200 217 10 10
200 219 10 10
200 216 10 10
201 215 10 10
201 217 10 10
201 214 10 10
201 212 10 10
202 217 10 10
202 213 10 10
202 208 10 10
202 207 10 10
203 206 10 10
203 211 10 10
203 212 10 10
203 210 10 10
224 223 11 11
224 222 11 11
224 221 11 11
224 220 11 11
225 223 11 11
225 220 11 11
225 221 11 11
225 224 11 11
226 222 11 11
226 220 11 11
226 225 11 11
226 223 11 11
227 220 11 11
227 222 11 11
227 224 11 11
227 225 11 11
228 226 11 11
228 223 11 11
228 225 11 11
228 222 11 11
229 223 11 11
229 228 11 11
229 226 11 11
229 227 11 11
230 225 11 11
230 228 11 11
230 223 11 11
230 220 11 11
231 222 11 11
231 226 11 11
231 228 11 11
231 229 11 11
232 220 11 11
232 226 11 11
232 230 11 11
232 227 11 11
233 224 11 11
233 232 11 11
233 229 11 11
233 225 11 11
234 231 11 11
234 232 11 11
234 229 11 11
234 222 11 11
235 223 11 11
235 230 11 11
235 225 11 11
235 227 11 11
236 229 11 11
236 225 11 11
236 235 11 11
236 231 11 11
237 225 11 11
237 236 11 11
237 229 11 11
237 223 11 11
238 221 11 11
238 229 11 11
238 232 11 11
238 234 11 11
239 229 11 11
239 225 11 11
239 224 11 11
239 231 11 11
220 238 11 11
220 239 11 11
220 229 11 11
220 228 11 11
221 231 11 11
221 227 11 11
221 234 11 11
221 233 11 11
222 237 11 11
222 232 11 11
222 238 11 11
222 239 11 11
223 239 11 11
223 232 11 11
223 231 11 11
223 236 11 11
244 242 12 12
244 240 12 12
244 241 12 12
244 243 12 12
245 244 12 12
245 240 12 12
245 241 12 12
245 243 12 12
246 245 12 12
246 242 12 12
246 244 12 12
246 240 12 12
247 241 12 12
247 245 12 12
247 243 12 12
247 240 12 12
248 247 12 12
248 242 12 12
248 245 12 12
248 240 12 12
249 242 12 12
249 245 12 12
249 240 12 12
249 243 12 12
250 245 12 12
250 249 12 12
250 244 12 12
250 240 12 12
251 246 12 12
251 242 12 12
251 248 12 12
251 240 12 12
252 242 12 12
252 240 12 12
252 244 12 12
252 251 12 12
253 240 12 12
253 246 12 12
253 247 12 12
253 251 12 12
254 245 12 12
254 252 12 12
254 244 12 12
254 248 12 12
255 241 12 12
255 243 12 12
255 254 12 12
255 248 12 12
256 252 12 12
256 255 12 12
256 248 12 12
256 251 12 12
257 252 12 12
257 241 12 12
257 244 12 12
257 248 12 12
258 240 12 12
258 246 12 12
258 254 12 12
258 244 12 12
259 246 12 12
259 242 12 12
259 251 12 12
259 245 12 12
240 256 12 12
240 259 12 12
240 255 12 12
240 254 12 12
241 246 12 12
241 258 12 12
241 252 12 12
241 259 12 12
242 245 12 12
242 256 12 12
242 254 12 12
242 253 12 12
243 254 12 12
243 256 12 12
243 251 12 12
243 252 12 12
264 261 13 13
264 263 13 13
264 262 13 13
264 260 13 13
265 263 13 13
265 264 13 13
265 260 13 13
265 261 13 13
266 264 13 13
266 265 13 13
266 261 13 13
266 263 13 13
267 265 13 13
267 263 13 13
267 261 13 13
267 260 13 13
268 263 13 13
268 267 13 13
268 262 13 13
268 264 13 13
269 260 13 13
269 265 13 13
269 264 13 13
269 267 13 13
270 266 13 13
270 261 13 13
270 260 13 13
270 264 13 13
271 260 13 13
271 263 13 13
271 268 13 13
271 262 13 13
272 271 13 13
272 265 13 13
272 268 13 13
272 260 13 13
273 261 13 13
273 266 13 13
273 263 13 13
273 260 13 13
274 266 13 13
274 270 13 13
274 273 13 13
274 264 13 13
275 266 13 13
275 261 13 13
275 274 13 13
275 270 13 13
276 271 13 13
276 261 13 13
276 275 13 13
276 268 13 13
277 274 13 13
277 264 13 13
277 275 13 13
277 276 13 13
278 269 13 13
278 265 13 13
278 263 13 13
278 267 13 13
279 275 13 13
279 269 13 13
279 261 13 13
279 266 13 13
260 279 13 13
260 277 13 13
260 268 13 13
260 276 13 13
261 274 13 13
261 277 13 13
261 269 13 13
261 278 13 13
262 272 13 13
262 276 13 13
262 267 13 13
262 277 13 13
263 272 13 13
263 279 13 13
263 269 13 13
263 277 13 13
284 281 14 14
284 283 14 14
284 282 14 14
284 280 14 14
285 282 14 14
285 284 14 14
285 281 14 14
285 280 14 14
286 283 14 14
286 285 14 14
286 280 14 14
286 281 14 14
287 286 14 14
287 284 14 14
287 282 14 14
287 281 14 14
288 286 14 14
288 280 14 14
288 283 14 14
288 285 14 14
289 284 14 14
289 283 14 14
289 280 14 14
289 281 14 14
290 281 14 14
290 287 14 14
290 289 14 14
290 284 14 14
291 289 14 14
291 283 14 14
291 290 14 14
291 285 14 14
292 291 14 14
292 285 14 14
292 289 14 14
292 286 14 14
293 285 14 14
293 282 14 14
293 287 14 14
293 290 14 14
294 284 14 14
294 283 14 14
294 282 14 14
294 281 14 14
295 289 14 14
295 292 14 14
295 290 14 14
295 281 14 14
296 287 14 14
296 283 14 14
296 295 14 14
296 285 14 14
297 287 14 14
297 295 14 14
297 291 14 14
297 281 14 14
298 289 14 14
298 297 14 14
298 293 14 14
298 288 14 14
299 292 14 14
299 281 14 14
299 289 14 14
299 291 14 14
280 298 14 14
280 293 14 14
280 294 14 14
280 297 14 14
281 296 14 14
281 288 14 14
281 293 14 14
281 292 14 14
282 290 14 14
282 299 14 14
282 288 14 14
282 291 14 14
283 290 14 14
283 287 14 14
283 293 14 14
283 299 14 14
304 301 15 15
304 302 15 15
304 303 15 15
304 300 15 15
305 301 15 15
305 300 15 15
305 302 15 15
305 303 15 15
306 304 15 15
306 301 15 15
306 302 15 15
306 305 15 15
307 304 15 15
307 300 15 15
307 302 15 15
307 301 15 15
308 300 15 15
308 303 15 15
308 307 15 15
308 304 15 15
309 303 15 15
309 308 15 15
309 307 15 15
309 306 15 15
310 308 15 15
310 300 15 15
310 307 15 15
310 301 15 15
311 300 15 15
311 304 15 15
311 307 15 15
311 306 15 15
312 308 15 15
312 311 15 15
312 302 15 15
312 310 15 15
313 311 15 15
313 308 15 15
313 306 15 15
313 310 15 15
314 300 15 15
314 311 15 15
314 301 15 15
314 305 15 15
315 303 15 15
315 301 15 15
315 307 15 15
315 300 15 15
316 304 15 15
316 303 15 15
316 310 15 15
316 312 15 15
317 304 15 15
317 308 15 15
317 307 15 15
317 313 15 15
318 316 15 15
318 315 15 15
318 306 15 15
318 309 15 15
319 306 15 15
319 305 15 15
319 307 15 15
319 308 15 15
300 316 15 15
300 306 15 15
300 318 15 15
300 319 15 15
301 317 15 15
301 312 15 15
301 308 15 15
301 318 15 15
302 314 15 15
302 319 15 15
302 318 15 15
302 310 15 15
303 318 15 15
303 312 15 15
303 317 15 15
303 319 15 15
87 73 4 3
87 50 4 2
88 24 4 1
99 14 4 0
114 69 5 3
108 38 5 1
102 13 5 0
117 42 5 2
132 118 6 5
120 71 6 3
132 3 6 0
125 93 6 4
149 18 7 0
141 61 7 3
148 133 7 6
147 103 7 5
175 105 8 5
166 95 8 4
171 49 8 2
168 74 8 3
197 98 9 4
181 68 9 3
187 31 9 1
199 14 9 0
216 81 10 4
218 54 10 2
207 104 10 5
215 174 10 8
223 175 11 8
220 102 11 5
235 207 11 10
228 90 11 4
255 163 12 8
240 69 12 3
246 158 12 7
240 237 12 11
266 134 13 6
276 243 13 12
262 70 13 3
270 105 13 5
288 244 14 12
283 110 14 5
292 14 14 0
284 132 14 6
304 68 15 3
300 49 15 2
318 273 15 13
303 247 15 12
1 164 0 8
13 255 0 12
1 239 0 11
14 319 0 15
39 261 1 13
38 203 1 10
39 303 1 15
23 161 1 8
46 187 2 9
54 275 2 13
41 157 2 7
48 134 2 6
67 217 3 10
78 239 3 11
62 281 3 14
