swNum = 320
edgeNum = 1344

0 0
1 0
2 0
3 0
4 0
5 0
6 0
7 0
8 0
9 0
10 0
11 0
12 0
13 0
14 0
15 0
16 0
17 0
18 0
19 0
20 1
21 1
22 1
23 1
24 1
25 1
26 1
27 1
28 1
29 1
30 1
31 1
32 1
33 1
34 1
35 1
36 1
37 1
38 1
39 1
40 2
41 2
42 2
43 2
44 2
45 2
46 2
47 2
48 2
49 2
50 2
51 2
52 2
53 2
54 2
55 2
56 2
57 2
58 2
59 2
60 3
61 3
62 3
63 3
64 3
65 3
66 3
67 3
68 3
69 3
70 3
71 3
72 3
73 3
74 3
75 3
76 3
77 3
78 3
79 3
80 4
81 4
82 4
83 4
84 4
85 4
86 4
87 4
88 4
89 4
90 4
91 4
92 4
93 4
94 4
95 4
96 4
97 4
98 4
99 4
100 5
101 5
102 5
103 5
104 5
105 5
106 5
107 5
108 5
109 5
110 5
111 5
112 5
113 5
114 5
115 5
116 5
117 5
118 5
119 5
120 6
121 6
122 6
123 6
124 6
125 6
126 6
127 6
128 6
129 6
130 6
131 6
132 6
133 6
134 6
135 6
136 6
137 6
138 6
139 6
140 7
141 7
142 7
143 7
144 7
145 7
146 7
147 7
148 7
149 7
150 7
151 7
152 7
153 7
154 7
155 7
156 7
157 7
158 7
159 7
160 8
161 8
162 8
163 8
164 8
165 8
166 8
167 8
168 8
169 8
170 8
171 8
172 8
173 8
174 8
175 8
176 8
177 8
178 8
179 8
180 9
181 9
182 9
183 9
184 9
185 9
186 9
187 9
188 9
189 9
190 9
191 9
192 9
193 9
194 9
195 9
196 9
197 9
198 9
199 9
200 10
201 10
202 10
203 10
204 10
205 10
206 10
207 10
208 10
209 10
210 10
211 10
212 10
213 10
214 10
215 10
216 10
217 10
218 10
219 10
220 11
221 11
222 11
223 11
224 11
225 11
226 11
227 11
228 11
229 11
230 11
231 11
232 11
233 11
234 11
235 11
236 11
237 11
238 11
239 11
240 12
241 12
242 12
243 12
244 12
245 12
246 12
247 12
248 12
249 12
250 12
251 12
252 12
253 12
254 12
255 12
256 12
257 12
258 12
259 12
260 13
261 13
262 13
263 13
264 13
265 13
266 13
267 13
268 13
269 13
270 13
271 13
272 13
273 13
274 13
275 13
276 13
277 13
278 13
279 13
280 14
281 14
282 14
283 14
284 14
285 14
286 14
287 14
288 14
289 14
290 14
291 14
292 14
293 14
294 14
295 14
296 14
297 14
298 14
299 14
300 15
301 15
302 15
303 15
304 15
305 15
306 15
307 15
308 15
309 15
310 15
311 15
312 15
313 15
314 15
315 15
316 15
317 15
318 15
319 15

4 1 0 0
4 0 0 0
4 2 0 0
4 3 0 0
5 2 0 0
5 0 0 0
5 4 0 0
5 1 0 0
6 1 0 0
6 5 0 0
6 0 0 0
6 4 0 0
7 0 0 0
7 2 0 0
7 6 0 0
7 1 0 0
8 6 0 0
8 7 0 0
8 2 0 0
8 1 0 0
9 3 0 0
9 8 0 0
9 7 0 0
9 6 0 0
10 2 0 0
10 0 0 0
10 8 0 0
10 9 0 0
11 4 0 0
11 9 0 0
11 8 0 0
11 0 0 0
12 2 0 0
12 8 0 0
12 5 0 0
12 3 0 0
13 5 0 0
13 11 0 0
13 1 0 0
13 0 0 0
14 9 0 0
14 4 0 0
14 5 0 0
14 8 0 0
15 14 0 0
15 5 0 0
15 4 0 0
15 8 0 0
16 9 0 0
16 14 0 0
16 7 0 0
16 4 0 0
17 4 0 0
17 3 0 0
17 2 0 0
17 10 0 0
18 5 0 0
18 14 0 0
18 15 0 0
18 2 0 0
19 2 0 0
19 7 0 0
19 17 0 0
19 6 0 0
0 19 0 0
0 8 0 0
0 15 0 0
0 17 0 0
1 15 0 0
1 17 0 0
1 18 0 0
1 19 0 0
2 13 0 0
2 11 0 0
2 15 0 0
2 9 0 0
3 15 0 0
3 10 0 0
3 6 0 0
3 13 0 0
24 21 1 1
24 20 1 1
24 23 1 1
24 22 1 1
25 20 1 1
25 21 1 1
25 23 1 1
25 24 1 1
26 22 1 1
26 21 1 1
26 20 1 1
26 23 1 1
27 21 1 1
27 22 1 1
27 26 1 1
27 23 1 1
28 25 1 1
28 26 1 1
28 22 1 1
28 24 1 1
29 27 1 1
29 25 1 1
29 28 1 1
29 26 1 1
30 20 1 1
30 24 1 1
30 25 1 1
30 22 1 1
31 25 1 1
31 30 1 1
31 20 1 1
31 23 1 1
32 23 1 1
32 22 1 1
32 21 1 1
32 31 1 1
33 23 1 1
33 28 1 1
33 22 1 1
33 29 1 1
34 21 1 1
34 28 1 1
34 33 1 1
34 25 1 1
35 22 1 1
35 33 1 1
35 20 1 1
35 25 1 1
36 22 1 1
36 23 1 1
36 27 1 1
36 33 1 1
37 20 1 1
37 33 1 1
37 24 1 1
37 28 1 1
38 31 1 1
38 30 1 1
38 20 1 1
38 37 1 1
39 38 1 1
39 28 1 1
39 21 1 1
39 34 1 1
20 29 1 1
20 32 1 1
20 36 1 1
20 33 1 1
21 36 1 1
21 29 1 1
21 33 1 1
21 31 1 1
22 25 1 1
22 31 1 1
22 29 1 1
22 37 1 1
23 35 1 1
23 39 1 1
23 30 1 1
23 37 1 1
44 42 2 2
44 43 2 2
44 40 2 2
44 41 2 2
45 42 2 2
45 41 2 2
45 43 2 2
45 44 2 2
46 45 2 2
46 41 2 2
46 43 2 2
46 44 2 2
47 45 2 2
47 44 2 2
47 46 2 2
47 40 2 2
48 42 2 2
48 43 2 2
48 40 2 2
48 45 2 2
49 45 2 2
49 41 2 2
49 47 2 2
49 40 2 2
50 49 2 2
50 42 2 2
50 40 2 2
50 43 2 2
51 44 2 2
51 50 2 2
51 46 2 2
51 42 2 2
52 43 2 2
52 42 2 2
52 41 2 2
52 45 2 2
53 42 2 2
53 46 2 2
53 47 2 2
53 48 2 2
54 45 2 2
54 49 2 2
54 41 2 2
54 50 2 2
55 54 2 2
55 52 2 2
55 43 2 2
55 50 2 2
56 47 2 2
56 50 2 2
56 43 2 2
56 40 2 2
57 49 2 2
57 54 2 2
57 44 2 2
57 52 2 2
58 52 2 2
58 43 2 2
58 56 2 2
58 42 2 2
59 40 2 2
59 49 2 2
59 56 2 2
59 58 2 2
40 58 2 2
40 54 2 2
40 52 2 2
40 57 2 2
41 55 2 2
41 59 2 2
41 58 2 2
41 50 2 2
42 55 2 2
42 56 2 2
42 49 2 2
42 54 2 2
43 49 2 2
43 51 2 2
43 53 2 2
43 47 2 2
64 61 3 3
64 63 3 3
64 60 3 3
64 62 3 3
65 60 3 3
65 63 3 3
65 64 3 3
65 62 3 3
66 61 3 3
66 65 3 3
66 64 3 3
66 62 3 3
67 63 3 3
67 64 3 3
67 65 3 3
67 62 3 3
68 63 3 3
68 64 3 3
68 61 3 3
68 62 3 3
69 67 3 3
69 62 3 3
69 60 3 3
69 65 3 3
70 68 3 3
70 61 3 3
70 69 3 3
70 66 3 3
71 68 3 3
71 64 3 3
71 67 3 3
71 61 3 3
72 67 3 3
72 69 3 3
72 64 3 3
72 61 3 3
73 72 3 3
73 69 3 3
73 64 3 3
73 71 3 3
74 67 3 3
74 65 3 3
74 73 3 3
74 60 3 3
75 64 3 3
75 65 3 3
75 67 3 3
75 72 3 3
76 66 3 3
76 71 3 3
76 68 3 3
76 75 3 3
77 66 3 3
77 75 3 3
77 60 3 3
77 71 3 3
78 73 3 3
78 67 3 3
78 77 3 3
78 71 3 3
79 63 3 3
79 71 3 3
79 64 3 3
79 61 3 3
60 67 3 3
60 79 3 3
60 66 3 3
60 70 3 3
61 69 3 3
61 77 3 3
61 76 3 3
61 67 3 3
62 77 3 3
62 71 3 3
62 72 3 3
62 79 3 3
63 66 3 3
63 70 3 3
63 77 3 3
63 76 3 3
84 80 4 4
84 83 4 4
84 81 4 4
84 82 4 4
85 82 4 4
85 83 4 4
85 84 4 4
85 80 4 4
86 80 4 4
86 81 4 4
86 82 4 4
86 84 4 4
87 85 4 4
87 84 4 4
87 81 4 4
87 80 4 4
88 83 4 4
88 82 4 4
88 84 4 4
88 86 4 4
89 80 4 4
89 82 4 4
89 88 4 4
89 81 4 4
90 80 4 4
90 85 4 4
90 89 4 4
90 82 4 4
91 84 4 4
91 80 4 4
91 81 4 4
91 86 4 4
92 90 4 4
92 86 4 4
92 80 4 4
92 89 4 4
93 86 4 4
93 88 4 4
93 83 4 4
93 82 4 4
94 82 4 4
94 89 4 4
94 90 4 4
94 85 4 4
95 90 4 4
95 85 4 4
95 87 4 4
95 94 4 4
96 85 4 4
96 86 4 4
96 89 4 4
96 94 4 4
97 96 4 4
97 92 4 4
97 86 4 4
97 89 4 4
98 95 4 4
98 97 4 4
98 84 4 4
98 96 4 4
99 86 4 4
99 91 4 4
99 90 4 4
99 87 4 4
80 98 4 4
80 93 4 4
80 95 4 4
80 88 4 4
81 99 4 4
81 97 4 4
81 88 4 4
81 90 4 4
82 87 4 4
82 96 4 4
82 95 4 4
82 97 4 4
83 87 4 4
83 92 4 4
83 96 4 4
83 94 4 4
104 102 5 5
104 101 5 5
104 100 5 5
104 103 5 5
105 102 5 5
105 103 5 5
105 100 5 5
105 101 5 5
106 104 5 5
106 102 5 5
106 105 5 5
106 101 5 5
107 103 5 5
107 102 5 5
107 104 5 5
107 101 5 5
108 107 5 5
108 103 5 5
108 102 5 5
108 100 5 5
109 105 5 5
109 100 5 5
109 103 5 5
109 107 5 5
110 108 5 5
110 103 5 5
110 105 5 5
110 100 5 5
111 109 5 5
111 100 5 5
111 106 5 5
111 104 5 5
112 109 5 5
112 111 5 5
112 100 5 5
112 107 5 5
113 105 5 5
113 104 5 5
113 112 5 5
113 101 5 5
114 102 5 5
114 108 5 5
114 105 5 5
114 109 5 5
115 104 5 5
115 102 5 5
115 101 5 5
115 105 5 5
116 109 5 5
116 106 5 5
116 108 5 5
116 103 5 5
117 112 5 5
117 111 5 5
117 115 5 5
117 116 5 5
118 111 5 5
118 108 5 5
118 102 5 5
118 112 5 5
119 105 5 5
119 102 5 5
119 106 5 5
119 117 5 5
100 117 5 5
100 114 5 5
100 116 5 5
100 118 5 5
101 111 5 5
101 117 5 5
101 119 5 5
101 116 5 5
102 110 5 5
102 109 5 5
102 116 5 5
102 112 5 5
103 119 5 5
103 117 5 5
103 111 5 5
103 106 5 5
124 121 6 6
124 122 6 6
124 123 6 6
124 120 6 6
125 121 6 6
125 120 6 6
125 123 6 6
125 122 6 6
126 120 6 6
126 122 6 6
126 123 6 6
126 121 6 6
127 120 6 6
127 123 6 6
127 122 6 6
127 121 6 6
128 127 6 6
128 126 6 6
128 125 6 6
128 123 6 6
129 126 6 6
129 125 6 6
129 123 6 6
129 121 6 6
130 125 6 6
130 127 6 6
130 126 6 6
130 124 6 6
131 126 6 6
131 122 6 6
131 128 6 6
131 124 6 6
132 127 6 6
132 121 6 6
132 120 6 6
132 130 6 6
133 132 6 6
133 126 6 6
133 128 6 6
133 123 6 6
134 123 6 6
134 125 6 6
134 126 6 6
134 121 6 6
135 123 6 6
135 124 6 6
135 121 6 6
135 126 6 6
136 134 6 6
136 122 6 6
136 123 6 6
136 135 6 6
137 122 6 6
137 134 6 6
137 123 6 6
137 127 6 6
138 136 6 6
138 129 6 6
138 131 6 6
138 137 6 6
139 130 6 6
139 125 6 6
139 128 6 6
139 132 6 6
120 133 6 6
120 130 6 6
120 128 6 6
120 135 6 6
121 137 6 6
121 136 6 6
121 128 6 6
121 131 6 6
122 134 6 6
122 128 6 6
122 130 6 6
122 133 6 6
123 130 6 6
123 138 6 6
123 132 6 6
123 139 6 6
144 141 7 7
144 143 7 7
144 142 7 7
144 140 7 7
145 142 7 7
145 144 7 7
145 140 7 7
145 143 7 7
146 143 7 7
146 140 7 7
146 145 7 7
146 144 7 7
147 141 7 7
147 140 7 7
147 145 7 7
147 143 7 7
148 140 7 7
148 146 7 7
148 142 7 7
148 145 7 7
149 145 7 7
149 148 7 7
149 142 7 7
149 143 7 7
150 146 7 7
150 148 7 7
150 142 7 7
150 144 7 7
151 141 7 7
151 147 7 7
151 143 7 7
151 146 7 7
152 150 7 7
152 140 7 7
152 143 7 7
152 146 7 7
153 148 7 7
153 142 7 7
153 150 7 7
153 143 7 7
154 149 7 7
154 141 7 7
154 151 7 7
154 143 7 7
155 152 7 7
155 142 7 7
155 141 7 7
155 149 7 7
156 149 7 7
156 146 7 7
156 151 7 7
156 142 7 7
157 150 7 7
157 155 7 7
157 156 7 7
157 143 7 7
158 140 7 7
158 154 7 7
158 155 7 7
158 144 7 7
159 152 7 7
159 146 7 7
159 153 7 7
159 148 7 7
140 149 7 7
140 151 7 7
140 156 7 7
140 159 7 7
141 158 7 7
141 146 7 7
141 145 7 7
141 159 7 7
142 157 7 7
142 146 7 7
142 152 7 7
142 154 7 7
143 156 7 7
143 158 7 7
143 159 7 7
143 150 7 7
164 162 8 8
164 160 8 8
164 161 8 8
164 163 8 8
165 164 8 8
165 160 8 8
165 162 8 8
165 163 8 8
166 164 8 8
166 163 8 8
166 160 8 8
166 162 8 8
167 166 8 8
167 163 8 8
167 161 8 8
167 162 8 8
168 163 8 8
168 162 8 8
168 160 8 8
168 166 8 8
169 161 8 8
169 168 8 8
169 167 8 8
169 162 8 8
170 161 8 8
170 169 8 8
170 160 8 8
170 162 8 8
171 167 8 8
171 161 8 8
171 160 8 8
171 166 8 8
172 160 8 8
172 164 8 8
172 168 8 8
172 166 8 8
173 165 8 8
173 160 8 8
173 170 8 8
173 171 8 8
174 162 8 8
174 169 8 8
174 163 8 8
174 161 8 8
175 166 8 8
175 173 8 8
175 168 8 8
175 171 8 8
176 173 8 8
176 172 8 8
176 164 8 8
176 165 8 8
177 165 8 8
177 169 8 8
177 166 8 8
177 170 8 8
178 171 8 8
178 175 8 8
178 167 8 8
178 163 8 8
179 170 8 8
179 162 8 8
179 173 8 8
179 168 8 8
160 167 8 8
160 176 8 8
160 177 8 8
160 179 8 8
161 178 8 8
161 177 8 8
161 172 8 8
161 176 8 8
162 177 8 8
162 172 8 8
162 178 8 8
162 173 8 8
163 172 8 8
163 171 8 8
163 169 8 8
163 177 8 8
184 181 9 9
184 182 9 9
184 183 9 9
184 180 9 9
185 181 9 9
185 180 9 9
185 182 9 9
185 183 9 9
186 182 9 9
186 183 9 9
186 184 9 9
186 181 9 9
187 184 9 9
187 186 9 9
187 185 9 9
187 180 9 9
188 185 9 9
188 187 9 9
188 180 9 9
188 181 9 9
189 184 9 9
189 185 9 9
189 186 9 9
189 180 9 9
190 185 9 9
190 187 9 9
190 180 9 9
190 186 9 9
191 180 9 9
191 181 9 9
191 183 9 9
191 190 9 9
192 190 9 9
192 180 9 9
192 185 9 9
192 187 9 9
193 185 9 9
193 189 9 9
193 180 9 9
193 183 9 9
194 190 9 9
194 180 9 9
194 193 9 9
194 183 9 9
195 187 9 9
195 182 9 9
195 193 9 9
195 190 9 9
196 180 9 9
196 184 9 9
196 185 9 9
196 193 9 9
197 191 9 9
197 183 9 9
197 184 9 9
197 187 9 9
198 188 9 9
198 197 9 9
198 180 9 9
198 194 9 9
199 189 9 9
199 196 9 9
199 193 9 9
199 194 9 9
180 197 9 9
180 195 9 9
180 199 9 9
180 186 9 9
181 192 9 9
181 189 9 9
181 198 9 9
181 199 9 9
182 187 9 9
182 198 9 9
182 190 9 9
182 197 9 9
183 196 9 9
183 190 9 9
183 188 9 9
183 199 9 9
204 203 10 10
204 200 10 10
204 202 10 10
204 201 10 10
205 203 10 10
205 202 10 10
205 201 10 10
205 200 10 10
206 203 10 10
206 201 10 10
206 204 10 10
206 200 10 10
207 206 10 10
207 201 10 10
207 203 10 10
207 204 10 10
208 202 10 10
208 207 10 10
208 204 10 10
208 203 10 10
209 202 10 10
209 207 10 10
209 206 10 10
209 203 10 10
210 206 10 10
210 201 10 10
210 207 10 10
210 209 10 10
211 209 10 10
211 210 10 10
211 205 10 10
211 207 10 10
212 210 10 10
212 211 10 10
212 209 10 10
212 204 10 10
213 207 10 10
213 203 10 10
213 209 10 10
213 211 10 10
214 204 10 10
214 209 10 10
214 202 10 10
214 200 10 10
215 201 10 10
215 212 10 10
215 210 10 10
215 204 10 10
216 202 10 10
216 204 10 10
216 201 10 10
216 215 10 10
217 205 10 10
217 207 10 10
217 202 10 10
217 206 10 10
218 202 10 10
218 204 10 10
218 211 10 10
218 207 10 10
219 214 10 10
219 203 10 10
219 212 10 10
219 204 10 10
200 217 10 10
200 218 10 10
200 215 10 10
200 216 10 10
201 218 10 10
201 219 10 10
201 211 10 10
201 217 10 10
202 212 10 10
202 213 10 10
202 215 10 10
202 211 10 10
203 218 10 10
203 217 10 10
203 215 10 10
203 212 10 10
224 221 11 11
224 222 11 11
224 220 11 11
224 223 11 11
225 224 11 11
225 222 11 11
225 223 11 11
225 220 11 11
226 225 11 11
226 224 11 11
226 223 11 11
226 220 11 11
227 223 11 11
227 226 11 11
227 224 11 11
227 220 11 11
228 226 11 11
228 225 11 11
228 227 11 11
228 223 11 11
229 222 11 11
229 225 11 11
229 220 11 11
229 221 11 11
230 224 11 11
230 226 11 11
230 229 11 11
230 221 11 11
231 226 11 11
231 223 11 11
231 225 11 11
231 228 11 11
232 227 11 11
232 229 11 11
232 226 11 11
232 228 11 11
233 225 11 11
233 221 11 11
233 224 11 11
233 227 11 11
234 220 11 11
234 221 11 11
234 232 11 11
234 222 11 11
235 234 11 11
235 220 11 11
235 226 11 11
235 223 11 11
236 229 11 11
236 234 11 11
236 230 11 11
236 225 11 11
237 225 11 11
237 227 11 11
237 233 11 11
237 232 11 11
238 237 11 11
238 235 11 11
238 234 11 11
238 227 11 11
239 237 11 11
239 228 11 11
239 223 11 11
239 220 11 11
220 230 11 11
220 231 11 11
220 238 11 11
220 228 11 11
221 225 11 11
221 236 11 11
221 238 11 11
221 239 11 11
222 230 11 11
222 235 11 11
222 239 11 11
222 237 11 11
223 229 11 11
223 238 11 11
223 233 11 11
223 230 11 11
244 243 12 12
244 240 12 12
244 241 12 12
244 242 12 12
245 242 12 12
245 240 12 12
245 243 12 12
245 244 12 12
246 241 12 12
246 240 12 12
246 242 12 12
246 243 12 12
247 244 12 12
247 240 12 12
247 243 12 12
247 241 12 12
248 246 12 12
248 242 12 12
248 243 12 12
248 245 12 12
249 246 12 12
249 241 12 12
249 240 12 12
249 245 12 12
250 246 12 12
250 241 12 12
250 248 12 12
250 249 12 12
251 240 12 12
251 248 12 12
251 242 12 12
251 246 12 12
252 244 12 12
252 247 12 12
252 243 12 12
252 245 12 12
253 243 12 12
253 251 12 12
253 246 12 12
253 245 12 12
254 246 12 12
254 242 12 12
254 253 12 12
254 251 12 12
255 240 12 12
255 247 12 12
255 244 12 12
255 249 12 12
256 242 12 12
256 243 12 12
256 247 12 12
256 240 12 12
257 250 12 12
257 253 12 12
257 241 12 12
257 251 12 12
258 256 12 12
258 241 12 12
258 247 12 12
258 246 12 12
259 245 12 12
259 246 12 12
259 253 12 12
259 255 12 12
240 253 12 12
240 257 12 12
240 258 12 12
240 259 12 12
241 255 12 12
241 253 12 12
241 248 12 12
241 254 12 12
242 259 12 12
242 249 12 12
242 253 12 12
242 250 12 12
243 249 12 12
243 258 12 12
243 259 12 12
243 255 12 12
264 260 13 13
264 261 13 13
264 263 13 13
264 262 13 13
265 260 13 13
265 262 13 13
265 261 13 13
265 263 13 13
266 264 13 13
266 261 13 13
266 265 13 13
266 260 13 13
267 263 13 13
267 262 13 13
267 261 13 13
267 266 13 13
268 260 13 13
268 264 13 13
268 262 13 13
268 266 13 13
269 260 13 13
269 266 13 13
269 265 13 13
269 264 13 13
270 260 13 13
270 267 13 13
270 266 13 13
270 265 13 13
271 267 13 13
271 263 13 13
271 262 13 13
271 269 13 13
272 262 13 13
272 267 13 13
272 270 13 13
272 271 13 13
273 266 13 13
273 271 13 13
273 269 13 13
273 265 13 13
274 265 13 13
274 267 13 13
274 268 13 13
274 261 13 13
275 261 13 13
275 266 13 13
275 268 13 13
275 271 13 13
276 264 13 13
276 262 13 13
276 260 13 13
276 268 13 13
277 275 13 13
277 266 13 13
277 265 13 13
277 273 13 13
278 270 13 13
278 269 13 13
278 267 13 13
278 263 13 13
279 274 13 13
279 267 13 13
279 270 13 13
279 268 13 13
260 277 13 13
260 271 13 13
260 273 13 13
260 275 13 13
261 273 13 13
261 276 13 13
261 277 13 13
261 271 13 13
262 278 13 13
262 275 13 13
262 277 13 13
262 274 13 13
263 268 13 13
263 270 13 13
263 274 13 13
263 279 13 13
284 281 14 14
284 283 14 14
284 280 14 14
284 282 14 14
285 280 14 14
285 284 14 14
285 281 14 14
285 282 14 14
286 280 14 14
286 281 14 14
286 282 14 14
286 284 14 14
287 285 14 14
287 284 14 14
287 283 14 14
287 280 14 14
288 283 14 14
288 286 14 14
288 284 14 14
288 287 14 14
289 285 14 14
289 288 14 14
289 280 14 14
289 283 14 14
290 285 14 14
290 280 14 14
290 284 14 14
290 288 14 14
291 282 14 14
291 289 14 14
291 287 14 14
291 280 14 14
292 282 14 14
292 289 14 14
292 287 14 14
292 283 14 14
293 286 14 14
293 280 14 14
293 290 14 14
293 281 14 14
294 285 14 14
294 286 14 14
294 282 14 14
294 287 14 14
295 286 14 14
295 292 14 14
295 290 14 14
295 282 14 14
296 282 14 14
296 291 14 14
296 290 14 14
296 285 14 14
297 281 14 14
297 284 14 14
297 283 14 14
297 286 14 14
298 289 14 14
298 280 14 14
298 292 14 14
298 296 14 14
299 286 14 14
299 289 14 14
299 290 14 14
299 297 14 14
280 295 14 14
280 299 14 14
280 292 14 14
280 288 14 14
281 299 14 14
281 288 14 14
281 290 14 14
281 294 14 14
282 299 14 14
282 287 14 14
282 290 14 14
282 289 14 14
283 294 14 14
283 286 14 14
283 299 14 14
283 295 14 14
304 303 15 15
304 302 15 15
304 300 15 15
304 301 15 15
305 304 15 15
305 303 15 15
305 302 15 15
305 300 15 15
306 300 15 15
306 304 15 15
306 302 15 15
306 303 15 15
307 302 15 15
307 305 15 15
307 301 15 15
307 306 15 15
308 300 15 15
308 304 15 15
308 305 15 15
308 306 15 15
309 306 15 15
309 304 15 15
309 300 15 15
309 308 15 15
310 305 15 15
310 303 15 15
310 306 15 15
310 304 15 15
311 303 15 15
311 308 15 15
311 301 15 15
311 306 15 15
312 311 15 15
312 308 15 15
312 300 15 15
312 309 15 15
313 301 15 15
313 307 15 15
313 311 15 15
313 305 15 15
314 311 15 15
314 305 15 15
314 303 15 15
314 307 15 15
315 305 15 15
315 314 15 15
315 306 15 15
315 307 15 15
316 306 15 15
316 304 15 15
316 305 15 15
316 312 15 15
317 301 15 15
317 313 15 15
317 304 15 15
317 303 15 15
318 304 15 15
318 314 15 15
318 303 15 15
318 308 15 15
319 312 15 15
319 305 15 15
319 306 15 15
319 311 15 15
300 311 15 15
300 310 15 15
300 314 15 15
300 318 15 15
301 310 15 15
301 306 15 15
301 314 15 15
301 312 15 15
302 318 15 15
302 315 15 15
302 319 15 15
302 312 15 15
303 319 15 15
303 312 15 15
303 316 15 15
303 309 15 15
84 29 4 1
82 9 4 0
85 56 4 2
99 65 4 3
115 88 5 4
107 22 5 1
108 67 5 3
100 59 5 2
137 115 6 5
120 89 6 4
125 4 6 0
130 64 6 3
143 50 7 2
146 64 7 3
144 88 7 4
149 122 7 6
167 151 8 7
164 105 8 5
179 22 8 1
177 135 8 6
190 45 9 2
198 132 9 6
187 26 9 1
199 150 9 7
206 8 10 0
216 39 10 1
217 98 10 4
208 165 10 8
233 95 11 4
224 32 11 1
222 210 11 10
225 115 11 5
250 223 12 11
248 207 12 10
255 177 12 8
257 51 12 2
275 84 13 4
261 184 13 9
267 44 13 2
275 21 13 1
294 73 14 3
286 205 14 10
284 87 14 4
299 48 14 2
303 118 15 5
303 65 15 3
300 125 15 6
312 230 15 11
8 227 0 11
19 113 0 5
6 301 0 15
12 155 0 7
30 281 1 14
33 123 1 6
28 304 1 15
30 250 1 12
48 167 2 8
40 204 2 10
51 121 2 6
54 229 2 11
75 201 3 10
71 255 3 12
62 263 3 13
79 220 3 11
