swNum = 320
edgeNum = 1343

0 0
1 0
2 0
3 0
4 0
5 0
6 0
7 0
8 0
9 0
10 0
11 0
12 0
13 0
14 0
15 0
16 0
17 0
18 0
19 0
20 1
21 1
22 1
23 1
24 1
25 1
26 1
27 1
28 1
29 1
30 1
31 1
32 1
33 1
34 1
35 1
36 1
37 1
38 1
39 1
40 2
41 2
42 2
43 2
44 2
45 2
46 2
47 2
48 2
49 2
50 2
51 2
52 2
53 2
54 2
55 2
56 2
57 2
58 2
59 2
60 3
61 3
62 3
63 3
64 3
65 3
66 3
67 3
68 3
69 3
70 3
71 3
72 3
73 3
74 3
75 3
76 3
77 3
78 3
79 3
80 4
81 4
82 4
83 4
84 4
85 4
86 4
87 4
88 4
89 4
90 4
91 4
92 4
93 4
94 4
95 4
96 4
97 4
98 4
99 4
100 5
101 5
102 5
103 5
104 5
105 5
106 5
107 5
108 5
109 5
110 5
111 5
112 5
113 5
114 5
115 5
116 5
117 5
118 5
119 5
120 6
121 6
122 6
123 6
124 6
125 6
126 6
127 6
128 6
129 6
130 6
131 6
132 6
133 6
134 6
135 6
136 6
137 6
138 6
139 6
140 7
141 7
142 7
143 7
144 7
145 7
146 7
147 7
148 7
149 7
150 7
151 7
152 7
153 7
154 7
155 7
156 7
157 7
158 7
159 7
160 8
161 8
162 8
163 8
164 8
165 8
166 8
167 8
168 8
169 8
170 8
171 8
172 8
173 8
174 8
175 8
176 8
177 8
178 8
179 8
180 9
181 9
182 9
183 9
184 9
185 9
186 9
187 9
188 9
189 9
190 9
191 9
192 9
193 9
194 9
195 9
196 9
197 9
198 9
199 9
200 10
201 10
202 10
203 10
204 10
205 10
206 10
207 10
208 10
209 10
210 10
211 10
212 10
213 10
214 10
215 10
216 10
217 10
218 10
219 10
220 11
221 11
222 11
223 11
224 11
225 11
226 11
227 11
228 11
229 11
230 11
231 11
232 11
233 11
234 11
235 11
236 11
237 11
238 11
239 11
240 12
241 12
242 12
243 12
244 12
245 12
246 12
247 12
248 12
249 12
250 12
251 12
252 12
253 12
254 12
255 12
256 12
257 12
258 12
259 12
260 13
261 13
262 13
263 13
264 13
265 13
266 13
267 13
268 13
269 13
270 13
271 13
272 13
273 13
274 13
275 13
276 13
277 13
278 13
279 13
280 14
281 14
282 14
283 14
284 14
285 14
286 14
287 14
288 14
289 14
290 14
291 14
292 14
293 14
294 14
295 14
296 14
297 14
298 14
299 14
300 15
301 15
302 15
303 15
304 15
305 15
306 15
307 15
308 15
309 15
310 15
311 15
312 15
313 15
314 15
315 15
316 15
317 15
318 15
319 15

4 2 0 0
4 1 0 0
4 3 0 0
4 0 0 0
5 0 0 0
5 2 0 0
5 4 0 0
5 3 0 0
6 5 0 0
6 3 0 0
6 0 0 0
6 2 0 0
7 1 0 0
7 5 0 0
7 4 0 0
7 2 0 0
8 6 0 0
8 0 0 0
8 3 0 0
8 4 0 0
9 6 0 0
9 3 0 0
9 8 0 0
9 5 0 0
10 4 0 0
10 7 0 0
10 1 0 0
10 2 0 0
11 10 0 0
11 6 0 0
11 0 0 0
11 5 0 0
12 10 0 0
12 7 0 0
12 5 0 0
12 6 0 0
13 12 0 0
13 9 0 0
13 0 0 0
13 4 0 0
14 1 0 0
14 4 0 0
14 7 0 0
14 13 0 0
15 1 0 0
15 4 0 0
15 13 0 0
15 3 0 0
16 3 0 0
16 4 0 0
16 7 0 0
16 6 0 0
17 10 0 0
17 4 0 0
17 5 0 0
17 9 0 0
18 8 0 0
18 0 0 0
18 4 0 0
18 6 0 0
19 15 0 0
19 2 0 0
19 9 0 0
19 14 0 0
0 17 0 0
0 19 0 0
0 7 0 0
0 14 0 0
1 6 0 0
1 16 0 0
1 18 0 0
1 13 0 0
2 14 0 0
2 16 0 0
2 17 0 0
2 8 0 0
3 17 0 0
3 10 0 0
3 19 0 0
3 18 0 0
24 21 1 1
24 20 1 1
24 23 1 1
24 22 1 1
25 21 1 1
25 24 1 1
25 22 1 1
25 23 1 1
26 21 1 1
26 22 1 1
26 24 1 1
26 23 1 1
27 26 1 1
27 25 1 1
27 24 1 1
27 20 1 1
28 26 1 1
28 27 1 1
28 24 1 1
28 22 1 1
29 26 1 1
29 20 1 1
29 22 1 1
29 28 1 1
30 27 1 1
30 28 1 1
30 24 1 1
30 25 1 1
31 24 1 1
31 29 1 1
31 23 1 1
31 22 1 1
32 27 1 1
32 25 1 1
32 28 1 1
32 26 1 1
33 26 1 1
33 31 1 1
33 30 1 1
33 32 1 1
34 24 1 1
34 26 1 1
34 29 1 1
34 20 1 1
35 26 1 1
35 21 1 1
35 24 1 1
35 29 1 1
36 22 1 1
36 29 1 1
36 24 1 1
36 33 1 1
37 22 1 1
37 23 1 1
37 27 1 1
37 36 1 1
38 23 1 1
38 31 1 1
38 37 1 1
38 22 1 1
39 21 1 1
39 34 1 1
39 26 1 1
39 20 1 1
20 28 1 1
20 36 1 1
20 37 1 1
20 26 1 1
21 36 1 1
21 29 1 1
21 32 1 1
21 37 1 1
22 34 1 1
22 33 1 1
22 39 1 1
22 30 1 1
23 35 1 1
23 36 1 1
23 30 1 1
23 33 1 1
44 42 2 2
44 43 2 2
44 41 2 2
44 40 2 2
45 43 2 2
45 41 2 2
45 44 2 2
45 42 2 2
46 42 2 2
46 43 2 2
46 44 2 2
46 41 2 2
47 43 2 2
47 41 2 2
47 46 2 2
47 42 2 2
48 46 2 2
48 40 2 2
48 44 2 2
48 47 2 2
49 40 2 2
49 43 2 2
49 42 2 2
49 41 2 2
50 44 2 2
50 40 2 2
50 42 2 2
50 46 2 2
51 44 2 2
51 50 2 2
51 46 2 2
51 45 2 2
52 48 2 2
52 40 2 2
52 45 2 2
52 43 2 2
53 46 2 2
53 50 2 2
53 52 2 2
53 49 2 2
54 45 2 2
54 53 2 2
54 48 2 2
54 51 2 2
55 47 2 2
55 40 2 2
55 52 2 2
55 49 2 2
56 43 2 2
56 50 2 2
56 41 2 2
56 51 2 2
57 46 2 2
57 42 2 2
57 45 2 2
57 53 2 2
58 56 2 2
58 54 2 2
58 50 2 2
58 46 2 2
59 54 2 2
59 56 2 2
59 43 2 2
59 49 2 2
40 57 2 2
40 54 2 2
40 47 2 2
40 45 2 2
41 51 2 2
41 50 2 2
41 52 2 2
41 54 2 2
42 58 2 2
42 54 2 2
42 51 2 2
42 59 2 2
43 58 2 2
43 53 2 2
43 54 2 2
43 50 2 2
64 63 3 3
64 60 3 3
64 62 3 3
64 61 3 3
65 61 3 3
65 60 3 3
65 64 3 3
65 62 3 3
66 61 3 3
66 60 3 3
66 62 3 3
66 64 3 3
67 61 3 3
67 60 3 3
67 62 3 3
67 64 3 3
68 66 3 3
68 60 3 3
68 64 3 3
68 62 3 3
69 66 3 3
69 68 3 3
69 64 3 3
69 60 3 3
70 65 3 3
70 66 3 3
70 62 3 3
70 60 3 3
71 68 3 3
71 65 3 3
71 64 3 3
71 62 3 3
72 71 3 3
72 61 3 3
72 64 3 3
72 70 3 3
73 66 3 3
73 65 3 3
73 70 3 3
73 63 3 3
74 65 3 3
74 73 3 3
74 62 3 3
74 63 3 3
75 69 3 3
75 64 3 3
75 61 3 3
75 68 3 3
76 71 3 3
76 68 3 3
76 72 3 3
76 64 3 3
77 66 3 3
77 63 3 3
77 60 3 3
77 68 3 3
78 76 3 3
78 66 3 3
78 62 3 3
78 71 3 3
79 61 3 3
79 73 3 3
79 62 3 3
79 64 3 3
60 73 3 3
60 72 3 3
60 79 3 3
60 78 3 3
61 73 3 3
61 77 3 3
61 68 3 3
61 74 3 3
62 76 3 3
62 73 3 3
62 72 3 3
62 77 3 3
63 70 3 3
63 65 3 3
63 76 3 3
63 72 3 3
84 83 4 4
84 81 4 4
84 82 4 4
84 80 4 4
85 82 4 4
85 81 4 4
85 84 4 4
85 83 4 4
86 80 4 4
86 81 4 4
86 84 4 4
86 82 4 4
87 84 4 4
87 85 4 4
87 81 4 4
87 82 4 4
88 86 4 4
88 85 4 4
88 84 4 4
88 87 4 4
89 84 4 4
89 81 4 4
89 83 4 4
89 85 4 4
90 88 4 4
90 81 4 4
90 82 4 4
90 89 4 4
91 86 4 4
91 83 4 4
91 80 4 4
91 85 4 4
92 80 4 4
92 90 4 4
92 86 4 4
92 83 4 4
93 83 4 4
93 89 4 4
93 82 4 4
93 81 4 4
94 87 4 4
94 89 4 4
94 84 4 4
94 93 4 4
95 91 4 4
95 80 4 4
95 83 4 4
95 92 4 4
96 82 4 4
96 90 4 4
96 83 4 4
96 81 4 4
97 89 4 4
97 81 4 4
97 87 4 4
97 84 4 4
98 86 4 4
98 89 4 4
98 80 4 4
98 91 4 4
99 92 4 4
99 90 4 4
99 83 4 4
99 80 4 4
80 88 4 4
80 90 4 4
80 87 4 4
80 85 4 4
81 92 4 4
81 88 4 4
81 99 4 4
81 91 4 4
82 94 4 4
82 97 4 4
82 92 4 4
82 89 4 4
83 94 4 4
83 88 4 4
83 97 4 4
83 86 4 4
104 101 5 5
104 100 5 5
104 103 5 5
104 102 5 5
105 101 5 5
105 100 5 5
105 103 5 5
105 102 5 5
106 101 5 5
106 100 5 5
106 105 5 5
106 103 5 5
107 102 5 5
107 104 5 5
107 101 5 5
107 103 5 5
108 103 5 5
108 107 5 5
108 104 5 5
108 102 5 5
109 101 5 5
109 103 5 5
109 105 5 5
109 100 5 5
110 104 5 5
110 101 5 5
110 100 5 5
110 103 5 5
111 103 5 5
111 109 5 5
111 110 5 5
111 101 5 5
112 101 5 5
112 100 5 5
112 104 5 5
112 103 5 5
113 101 5 5
113 104 5 5
113 102 5 5
113 108 5 5
114 111 5 5
114 104 5 5
114 110 5 5
114 103 5 5
115 103 5 5
115 100 5 5
115 106 5 5
115 110 5 5
116 103 5 5
116 107 5 5
116 101 5 5
116 110 5 5
117 104 5 5
117 114 5 5
117 107 5 5
117 101 5 5
118 100 5 5
118 103 5 5
118 105 5 5
118 114 5 5
119 113 5 5
119 115 5 5
119 112 5 5
119 118 5 5
100 116 5 5
100 117 5 5
100 111 5 5
100 119 5 5
101 114 5 5
101 108 5 5
101 118 5 5
101 119 5 5
102 111 5 5
102 117 5 5
102 109 5 5
102 118 5 5
103 119 5 5
103 117 5 5
103 113 5 5
124 123 6 6
124 122 6 6
124 120 6 6
124 121 6 6
125 124 6 6
125 123 6 6
125 120 6 6
125 121 6 6
126 123 6 6
126 125 6 6
126 121 6 6
126 120 6 6
127 120 6 6
127 125 6 6
127 124 6 6
127 126 6 6
128 126 6 6
128 127 6 6
128 120 6 6
128 125 6 6
129 127 6 6
129 125 6 6
129 123 6 6
129 124 6 6
130 120 6 6
130 124 6 6
130 122 6 6
130 123 6 6
131 126 6 6
131 129 6 6
131 128 6 6
131 124 6 6
132 125 6 6
132 129 6 6
132 124 6 6
132 128 6 6
133 132 6 6
133 128 6 6
133 125 6 6
133 124 6 6
134 120 6 6
134 124 6 6
134 121 6 6
134 131 6 6
135 134 6 6
135 125 6 6
135 124 6 6
135 123 6 6
136 131 6 6
136 132 6 6
136 127 6 6
136 125 6 6
137 128 6 6
137 123 6 6
137 126 6 6
137 136 6 6
138 129 6 6
138 123 6 6
138 130 6 6
138 131 6 6
139 127 6 6
139 135 6 6
139 137 6 6
139 125 6 6
120 133 6 6
120 139 6 6
120 131 6 6
120 138 6 6
121 136 6 6
121 138 6 6
121 135 6 6
121 137 6 6
122 125 6 6
122 138 6 6
122 128 6 6
122 134 6 6
123 132 6 6
123 133 6 6
123 127 6 6
123 136 6 6
144 142 7 7
144 140 7 7
144 143 7 7
144 141 7 7
145 142 7 7
145 143 7 7
145 144 7 7
145 141 7 7
146 143 7 7
146 144 7 7
146 140 7 7
146 145 7 7
147 141 7 7
147 146 7 7
147 140 7 7
147 144 7 7
148 143 7 7
148 141 7 7
148 144 7 7
148 147 7 7
149 144 7 7
149 143 7 7
149 146 7 7
149 140 7 7
150 148 7 7
150 143 7 7
150 141 7 7
150 142 7 7
151 148 7 7
151 143 7 7
151 144 7 7
151 149 7 7
152 149 7 7
152 145 7 7
152 144 7 7
152 146 7 7
153 141 7 7
153 151 7 7
153 152 7 7
153 143 7 7
154 143 7 7
154 148 7 7
154 141 7 7
154 149 7 7
155 148 7 7
155 149 7 7
155 151 7 7
155 141 7 7
156 151 7 7
156 152 7 7
156 141 7 7
156 142 7 7
157 148 7 7
157 141 7 7
157 153 7 7
157 151 7 7
158 145 7 7
158 142 7 7
158 143 7 7
158 157 7 7
159 156 7 7
159 144 7 7
159 143 7 7
159 148 7 7
140 151 7 7
140 152 7 7
140 154 7 7
140 159 7 7
141 149 7 7
141 159 7 7
141 158 7 7
141 151 7 7
142 157 7 7
142 159 7 7
142 146 7 7
142 153 7 7
143 152 7 7
143 156 7 7
143 157 7 7
143 147 7 7
164 162 8 8
164 163 8 8
164 161 8 8
164 160 8 8
165 163 8 8
165 160 8 8
165 162 8 8
165 164 8 8
166 164 8 8
166 162 8 8
166 163 8 8
166 161 8 8
167 162 8 8
167 166 8 8
167 165 8 8
167 160 8 8
168 167 8 8
168 160 8 8
168 165 8 8
168 163 8 8
169 162 8 8
169 164 8 8
169 165 8 8
169 168 8 8
170 167 8 8
170 169 8 8
170 160 8 8
170 168 8 8
171 166 8 8
171 161 8 8
171 170 8 8
171 164 8 8
172 169 8 8
172 168 8 8
172 166 8 8
172 162 8 8
173 161 8 8
173 170 8 8
173 172 8 8
173 162 8 8
174 163 8 8
174 173 8 8
174 167 8 8
174 164 8 8
175 163 8 8
175 174 8 8
175 166 8 8
175 172 8 8
176 168 8 8
176 174 8 8
176 165 8 8
176 172 8 8
177 165 8 8
177 160 8 8
177 168 8 8
177 161 8 8
178 174 8 8
178 173 8 8
178 177 8 8
178 161 8 8
179 166 8 8
179 171 8 8
179 169 8 8
179 173 8 8
160 173 8 8
160 172 8 8
160 176 8 8
160 169 8 8
161 179 8 8
161 176 8 8
161 172 8 8
161 170 8 8
162 175 8 8
162 176 8 8
162 174 8 8
162 171 8 8
163 172 8 8
163 171 8 8
163 167 8 8
163 173 8 8
184 181 9 9
184 180 9 9
184 183 9 9
184 182 9 9
185 183 9 9
185 184 9 9
185 180 9 9
185 181 9 9
186 180 9 9
186 184 9 9
186 183 9 9
186 181 9 9
187 180 9 9
187 182 9 9
187 181 9 9
187 183 9 9
188 186 9 9
188 183 9 9
188 185 9 9
188 182 9 9
189 181 9 9
189 186 9 9
189 183 9 9
189 188 9 9
190 183 9 9
190 181 9 9
190 185 9 9
190 189 9 9
191 184 9 9
191 180 9 9
191 187 9 9
191 182 9 9
192 189 9 9
192 185 9 9
192 181 9 9
192 187 9 9
193 187 9 9
193 191 9 9
193 180 9 9
193 181 9 9
194 190 9 9
194 181 9 9
194 183 9 9
194 180 9 9
195 192 9 9
195 186 9 9
195 187 9 9
195 180 9 9
196 194 9 9
196 181 9 9
196 191 9 9
196 180 9 9
197 187 9 9
197 181 9 9
197 185 9 9
197 183 9 9
198 187 9 9
198 193 9 9
198 182 9 9
198 185 9 9
199 197 9 9
199 198 9 9
199 184 9 9
199 185 9 9
180 197 9 9
180 192 9 9
180 198 9 9
180 188 9 9
181 191 9 9
181 198 9 9
181 195 9 9
181 199 9 9
182 193 9 9
182 195 9 9
182 194 9 9
182 189 9 9
183 199 9 9
183 191 9 9
183 192 9 9
183 193 9 9
204 203 10 10
204 201 10 10
204 202 10 10
204 200 10 10
205 201 10 10
205 203 10 10
205 200 10 10
205 204 10 10
206 202 10 10
206 200 10 10
206 205 10 10
206 204 10 10
207 200 10 10
207 206 10 10
207 205 10 10
207 202 10 10
208 202 10 10
208 201 10 10
208 204 10 10
208 203 10 10
209 208 10 10
209 200 10 10
209 202 10 10
209 207 10 10
210 204 10 10
210 205 10 10
210 207 10 10
210 201 10 10
211 208 10 10
211 201 10 10
211 210 10 10
211 203 10 10
212 211 10 10
212 203 10 10
212 208 10 10
212 204 10 10
213 208 10 10
213 209 10 10
213 202 10 10
213 211 10 10
214 213 10 10
214 212 10 10
214 208 10 10
214 204 10 10
215 207 10 10
215 204 10 10
215 201 10 10
215 212 10 10
216 200 10 10
216 212 10 10
216 206 10 10
216 208 10 10
217 208 10 10
217 215 10 10
217 214 10 10
217 212 10 10
218 205 10 10
218 211 10 10
218 202 10 10
218 206 10 10
219 209 10 10
219 217 10 10
219 201 10 10
219 212 10 10
200 210 10 10
200 213 10 10
200 212 10 10
200 215 10 10
201 212 10 10
201 206 10 10
201 216 10 10
201 218 10 10
202 216 10 10
202 212 10 10
202 210 10 10
202 205 10 10
203 217 10 10
203 215 10 10
203 218 10 10
203 219 10 10
224 223 11 11
224 222 11 11
224 220 11 11
224 221 11 11
225 224 11 11
225 220 11 11
225 221 11 11
225 222 11 11
226 222 11 11
226 223 11 11
226 221 11 11
226 224 11 11
227 224 11 11
227 220 11 11
227 223 11 11
227 225 11 11
228 220 11 11
228 227 11 11
228 223 11 11
228 222 11 11
229 226 11 11
229 224 11 11
229 222 11 11
229 221 11 11
230 225 11 11
230 228 11 11
230 220 11 11
230 223 11 11
231 224 11 11
231 221 11 11
231 222 11 11
231 223 11 11
232 223 11 11
232 224 11 11
232 231 11 11
232 230 11 11
233 228 11 11
233 222 11 11
233 224 11 11
233 226 11 11
234 231 11 11
234 232 11 11
234 230 11 11
234 228 11 11
235 234 11 11
235 231 11 11
235 230 11 11
235 228 11 11
236 220 11 11
236 230 11 11
236 231 11 11
236 224 11 11
237 220 11 11
237 224 11 11
237 231 11 11
237 232 11 11
238 230 11 11
238 235 11 11
238 220 11 11
238 234 11 11
239 228 11 11
239 231 11 11
239 237 11 11
239 227 11 11
220 239 11 11
220 235 11 11
220 234 11 11
220 231 11 11
221 234 11 11
221 236 11 11
221 237 11 11
221 238 11 11
222 236 11 11
222 239 11 11
222 227 11 11
222 238 11 11
223 239 11 11
223 235 11 11
223 237 11 11
223 234 11 11
244 243 12 12
244 241 12 12
244 242 12 12
244 240 12 12
245 241 12 12
245 240 12 12
245 242 12 12
245 244 12 12
246 244 12 12
246 242 12 12
246 241 12 12
246 240 12 12
247 245 12 12
247 243 12 12
247 241 12 12
247 240 12 12
248 241 12 12
248 245 12 12
248 247 12 12
248 243 12 12
249 243 12 12
249 247 12 12
249 240 12 12
249 242 12 12
250 246 12 12
250 248 12 12
250 242 12 12
250 249 12 12
251 247 12 12
251 243 12 12
251 245 12 12
251 250 12 12
252 249 12 12
252 242 12 12
252 240 12 12
252 241 12 12
253 252 12 12
253 241 12 12
253 245 12 12
253 248 12 12
254 246 12 12
254 252 12 12
254 244 12 12
254 242 12 12
255 247 12 12
255 244 12 12
255 241 12 12
255 243 12 12
256 245 12 12
256 242 12 12
256 253 12 12
256 254 12 12
257 254 12 12
257 252 12 12
257 246 12 12
257 242 12 12
258 249 12 12
258 242 12 12
258 254 12 12
258 241 12 12
259 249 12 12
259 240 12 12
259 254 12 12
259 252 12 12
240 256 12 12
240 258 12 12
240 253 12 12
240 255 12 12
241 257 12 12
241 249 12 12
241 250 12 12
241 256 12 12
242 259 12 12
242 253 12 12
242 247 12 12
242 255 12 12
243 252 12 12
243 254 12 12
243 245 12 12
243 246 12 12
264 260 13 13
264 261 13 13
264 262 13 13
264 263 13 13
265 264 13 13
265 261 13 13
265 260 13 13
265 262 13 13
266 260 13 13
266 261 13 13
266 263 13 13
266 264 13 13
267 261 13 13
267 266 13 13
267 263 13 13
267 265 13 13
268 264 13 13
268 267 13 13
268 261 13 13
268 265 13 13
269 263 13 13
269 268 13 13
269 266 13 13
269 264 13 13
270 261 13 13
270 265 13 13
270 269 13 13
270 267 13 13
271 268 13 13
271 264 13 13
271 270 13 13
271 265 13 13
272 260 13 13
272 271 13 13
272 266 13 13
272 270 13 13
273 262 13 13
273 266 13 13
273 268 13 13
273 261 13 13
274 271 13 13
274 264 13 13
274 270 13 13
274 272 13 13
275 272 13 13
275 271 13 13
275 269 13 13
275 265 13 13
276 260 13 13
276 266 13 13
276 262 13 13
276 261 13 13
277 275 13 13
277 269 13 13
277 264 13 13
277 271 13 13
278 272 13 13
278 273 13 13
278 260 13 13
278 261 13 13
279 276 13 13
279 268 13 13
279 278 13 13
279 260 13 13
260 269 13 13
260 273 13 13
260 275 13 13
260 274 13 13
261 277 13 13
261 279 13 13
261 272 13 13
261 269 13 13
262 268 13 13
262 278 13 13
262 269 13 13
262 272 13 13
263 276 13 13
263 273 13 13
263 279 13 13
263 278 13 13
284 280 14 14
284 283 14 14
284 282 14 14
284 281 14 14
285 282 14 14
285 284 14 14
285 281 14 14
285 283 14 14
286 282 14 14
286 280 14 14
286 285 14 14
286 284 14 14
287 286 14 14
287 285 14 14
287 284 14 14
287 283 14 14
288 284 14 14
288 282 14 14
288 280 14 14
288 285 14 14
289 288 14 14
289 281 14 14
289 283 14 14
289 285 14 14
290 289 14 14
290 283 14 14
290 282 14 14
290 284 14 14
291 282 14 14
291 288 14 14
291 285 14 14
291 284 14 14
292 288 14 14
292 291 14 14
292 290 14 14
292 281 14 14
293 289 14 14
293 282 14 14
293 291 14 14
293 292 14 14
294 292 14 14
294 291 14 14
294 280 14 14
294 285 14 14
295 285 14 14
295 286 14 14
295 292 14 14
295 291 14 14
296 294 14 14
296 280 14 14
296 295 14 14
296 292 14 14
297 286 14 14
297 292 14 14
297 282 14 14
297 296 14 14
298 286 14 14
298 295 14 14
298 282 14 14
298 291 14 14
299 291 14 14
299 294 14 14
299 293 14 14
299 288 14 14
280 295 14 14
280 292 14 14
280 291 14 14
280 297 14 14
281 290 14 14
281 293 14 14
281 288 14 14
281 297 14 14
282 296 14 14
282 292 14 14
282 295 14 14
282 289 14 14
283 288 14 14
283 292 14 14
283 297 14 14
283 294 14 14
304 300 15 15
304 301 15 15
304 303 15 15
304 302 15 15
305 301 15 15
305 304 15 15
305 300 15 15
305 303 15 15
306 301 15 15
306 303 15 15
306 300 15 15
306 305 15 15
307 300 15 15
307 305 15 15
307 304 15 15
307 301 15 15
308 304 15 15
308 306 15 15
308 307 15 15
308 305 15 15
309 300 15 15
309 305 15 15
309 308 15 15
309 306 15 15
310 302 15 15
310 307 15 15
310 309 15 15
310 301 15 15
311 302 15 15
311 300 15 15
311 301 15 15
311 307 15 15
312 304 15 15
312 305 15 15
312 303 15 15
312 301 15 15
313 308 15 15
313 310 15 15
313 311 15 15
313 307 15 15
314 301 15 15
314 300 15 15
314 312 15 15
314 308 15 15
315 302 15 15
315 314 15 15
315 307 15 15
315 300 15 15
316 311 15 15
316 300 15 15
316 308 15 15
316 313 15 15
317 309 15 15
317 300 15 15
317 303 15 15
317 304 15 15
318 309 15 15
318 303 15 15
318 316 15 15
318 300 15 15
319 315 15 15
319 313 15 15
319 311 15 15
319 314 15 15
300 310 15 15
300 313 15 15
300 312 15 15
300 308 15 15
301 317 15 15
301 315 15 15
301 309 15 15
301 313 15 15
302 319 15 15
302 313 15 15
302 316 15 15
302 305 15 15
303 313 15 15
303 311 15 15
303 309 15 15
303 316 15 15
80 16 4 0
99 46 4 2
89 64 4 3
91 36 4 1
102 93 5 4
109 18 5 0
100 42 5 2
111 62 5 3
122 54 6 2
139 38 6 1
133 73 6 3
128 5 6 0
146 27 7 1
147 136 7 6
149 48 7 2
152 72 7 3
170 3 8 0
172 22 8 1
163 156 8 7
172 125 8 6
198 18 9 0
194 83 9 4
196 152 9 7
192 103 9 5
205 54 10 2
218 83 10 4
208 19 10 0
205 39 10 1
224 157 11 7
230 161 11 8
221 11 11 0
220 58 11 2
258 219 12 10
259 49 12 2
240 64 12 3
248 183 12 9
276 176 13 8
274 259 13 12
279 151 13 7
271 33 13 1
288 167 14 8
295 273 14 13
296 227 14 11
282 34 14 1
317 270 15 13
301 196 15 9
312 156 15 7
302 4 15 0
14 285 0 14
16 257 0 12
2 150 0 7
13 272 0 13
31 244 1 12
30 223 1 11
34 106 1 5
25 304 1 15
54 289 2 14
50 199 2 9
52 271 2 13
50 300 2 15
69 270 3 13
60 215 3 10
69 285 3 14
77 311 3 15
