swNum = 320
edgeNum = 1344

0 0
1 0
2 0
3 0
4 0
5 0
6 0
7 0
8 0
9 0
10 0
11 0
12 0
13 0
14 0
15 0
16 0
17 0
18 0
19 0
20 1
21 1
22 1
23 1
24 1
25 1
26 1
27 1
28 1
29 1
30 1
31 1
32 1
33 1
34 1
35 1
36 1
37 1
38 1
39 1
40 2
41 2
42 2
43 2
44 2
45 2
46 2
47 2
48 2
49 2
50 2
51 2
52 2
53 2
54 2
55 2
56 2
57 2
58 2
59 2
60 3
61 3
62 3
63 3
64 3
65 3
66 3
67 3
68 3
69 3
70 3
71 3
72 3
73 3
74 3
75 3
76 3
77 3
78 3
79 3
80 4
81 4
82 4
83 4
84 4
85 4
86 4
87 4
88 4
89 4
90 4
91 4
92 4
93 4
94 4
95 4
96 4
97 4
98 4
99 4
100 5
101 5
102 5
103 5
104 5
105 5
106 5
107 5
108 5
109 5
110 5
111 5
112 5
113 5
114 5
115 5
116 5
117 5
118 5
119 5
120 6
121 6
122 6
123 6
124 6
125 6
126 6
127 6
128 6
129 6
130 6
131 6
132 6
133 6
134 6
135 6
136 6
137 6
138 6
139 6
140 7
141 7
142 7
143 7
144 7
145 7
146 7
147 7
148 7
149 7
150 7
151 7
152 7
153 7
154 7
155 7
156 7
157 7
158 7
159 7
160 8
161 8
162 8
163 8
164 8
165 8
166 8
167 8
168 8
169 8
170 8
171 8
172 8
173 8
174 8
175 8
176 8
177 8
178 8
179 8
180 9
181 9
182 9
183 9
184 9
185 9
186 9
187 9
188 9
189 9
190 9
191 9
192 9
193 9
194 9
195 9
196 9
197 9
198 9
199 9
200 10
201 10
202 10
203 10
204 10
205 10
206 10
207 10
208 10
209 10
210 10
211 10
212 10
213 10
214 10
215 10
216 10
217 10
218 10
219 10
220 11
221 11
222 11
223 11
224 11
225 11
226 11
227 11
228 11
229 11
230 11
231 11
232 11
233 11
234 11
235 11
236 11
237 11
238 11
239 11
240 12
241 12
242 12
243 12
244 12
245 12
246 12
247 12
248 12
249 12
250 12
251 12
252 12
253 12
254 12
255 12
256 12
257 12
258 12
259 12
260 13
261 13
262 13
263 13
264 13
265 13
266 13
267 13
268 13
269 13
270 13
271 13
272 13
273 13
274 13
275 13
276 13
277 13
278 13
279 13
280 14
281 14
282 14
283 14
284 14
285 14
286 14
287 14
288 14
289 14
290 14
291 14
292 14
293 14
294 14
295 14
296 14
297 14
298 14
299 14
300 15
301 15
302 15
303 15
304 15
305 15
306 15
307 15
308 15
309 15
310 15
311 15
312 15
313 15
314 15
315 15
316 15
317 15
318 15
319 15

4 0 0 0
4 2 0 0
4 1 0 0
4 3 0 0
5 2 0 0
5 1 0 0
5 4 0 0
5 0 0 0
6 4 0 0
6 0 0 0
6 3 0 0
6 1 0 0
7 0 0 0
7 1 0 0
7 4 0 0
7 6 0 0
8 7 0 0
8 1 0 0
8 6 0 0
8 3 0 0
9 3 0 0
9 0 0 0
9 7 0 0
9 4 0 0
10 2 0 0
10 8 0 0
10 9 0 0
10 3 0 0
11 2 0 0
11 9 0 0
11 10 0 0
11 1 0 0
12 8 0 0
12 2 0 0
12 7 0 0
12 11 0 0
13 10 0 0
13 11 0 0
13 4 0 0
13 12 0 0
14 5 0 0
14 11 0 0
14 12 0 0
14 10 0 0
15 4 0 0
15 0 0 0
15 7 0 0
15 8 0 0
16 14 0 0
16 2 0 0
16 12 0 0
16 10 0 0
17 3 0 0
17 7 0 0
17 0 0 0
17 6 0 0
18 15 0 0
18 17 0 0
18 7 0 0
18 0 0 0
19 10 0 0
19 11 0 0
19 13 0 0
19 18 0 0
0 8 0 0
0 11 0 0
0 16 0 0
0 13 0 0
1 19 0 0
1 15 0 0
1 10 0 0
1 18 0 0
2 9 0 0
2 13 0 0
2 19 0 0
2 7 0 0
3 12 0 0
3 7 0 0
3 15 0 0
3 13 0 0
24 23 1 1
24 20 1 1
24 22 1 1
24 21 1 1
25 24 1 1
25 20 1 1
25 21 1 1
25 22 1 1
26 23 1 1
26 21 1 1
26 25 1 1
26 22 1 1
27 20 1 1
27 24 1 1
27 21 1 1
27 25 1 1
28 27 1 1
28 26 1 1
28 25 1 1
28 20 1 1
29 21 1 1
29 22 1 1
29 28 1 1
29 23 1 1
30 24 1 1
30 21 1 1
30 23 1 1
30 27 1 1
31 28 1 1
31 20 1 1
31 26 1 1
31 27 1 1
32 25 1 1
32 24 1 1
32 27 1 1
32 28 1 1
33 31 1 1
33 28 1 1
33 27 1 1
33 23 1 1
34 21 1 1
34 33 1 1
34 31 1 1
34 29 1 1
35 22 1 1
35 21 1 1
35 30 1 1
35 33 1 1
36 30 1 1
36 26 1 1
36 32 1 1
36 27 1 1
37 30 1 1
37 23 1 1
37 34 1 1
37 28 1 1
38 34 1 1
38 21 1 1
38 26 1 1
38 22 1 1
39 31 1 1
39 27 1 1
39 33 1 1
39 38 1 1
20 39 1 1
20 26 1 1
20 33 1 1
20 35 1 1
21 36 1 1
21 37 1 1
21 39 1 1
21 28 1 1
22 36 1 1
22 30 1 1
22 37 1 1
22 31 1 1
23 38 1 1
23 34 1 1
23 39 1 1
23 32 1 1
44 43 2 2
44 41 2 2
44 42 2 2
44 40 2 2
45 44 2 2
45 43 2 2
45 41 2 2
45 42 2 2
46 44 2 2
46 42 2 2
46 45 2 2
46 43 2 2
47 44 2 2
47 40 2 2
47 43 2 2
47 45 2 2
48 43 2 2
48 46 2 2
48 47 2 2
48 44 2 2
49 40 2 2
49 42 2 2
49 44 2 2
49 46 2 2
50 48 2 2
50 49 2 2
50 44 2 2
50 46 2 2
51 43 2 2
51 40 2 2
51 46 2 2
51 42 2 2
52 43 2 2
52 44 2 2
52 47 2 2
52 45 2 2
53 49 2 2
53 41 2 2
53 40 2 2
53 50 2 2
54 46 2 2
54 41 2 2
54 43 2 2
54 48 2 2
55 40 2 2
55 51 2 2
55 41 2 2
55 53 2 2
56 40 2 2
56 54 2 2
56 43 2 2
56 55 2 2
57 43 2 2
57 52 2 2
57 54 2 2
57 41 2 2
58 43 2 2
58 54 2 2
58 42 2 2
58 52 2 2
59 49 2 2
59 50 2 2
59 42 2 2
59 44 2 2
40 59 2 2
40 48 2 2
40 54 2 2
40 45 2 2
41 56 2 2
41 46 2 2
41 59 2 2
41 50 2 2
42 55 2 2
42 47 2 2
42 53 2 2
42 57 2 2
43 53 2 2
43 49 2 2
43 59 2 2
43 55 2 2
64 62 3 3
64 61 3 3
64 63 3 3
64 60 3 3
65 62 3 3
65 63 3 3
65 64 3 3
65 61 3 3
66 62 3 3
66 63 3 3
66 60 3 3
66 61 3 3
67 62 3 3
67 61 3 3
67 63 3 3
67 60 3 3
68 62 3 3
68 67 3 3
68 61 3 3
68 64 3 3
69 63 3 3
69 67 3 3
69 61 3 3
69 66 3 3
70 68 3 3
70 65 3 3
70 66 3 3
70 62 3 3
71 66 3 3
71 63 3 3
71 68 3 3
71 65 3 3
72 63 3 3
72 64 3 3
72 62 3 3
72 60 3 3
73 71 3 3
73 63 3 3
73 64 3 3
73 66 3 3
74 62 3 3
74 61 3 3
74 65 3 3
74 73 3 3
75 61 3 3
75 69 3 3
75 71 3 3
75 62 3 3
76 66 3 3
76 62 3 3
76 72 3 3
76 60 3 3
77 76 3 3
77 74 3 3
77 63 3 3
77 71 3 3
78 63 3 3
78 68 3 3
78 64 3 3
78 73 3 3
79 62 3 3
79 65 3 3
79 74 3 3
79 64 3 3
60 74 3 3
60 73 3 3
60 71 3 3
60 68 3 3
61 71 3 3
61 79 3 3
61 70 3 3
61 76 3 3
62 77 3 3
62 69 3 3
62 78 3 3
62 71 3 3
63 76 3 3
63 74 3 3
63 68 3 3
63 79 3 3
84 80 4 4
84 82 4 4
84 81 4 4
84 83 4 4
85 84 4 4
85 81 4 4
85 80 4 4
85 82 4 4
86 83 4 4
86 80 4 4
86 85 4 4
86 82 4 4
87 82 4 4
87 86 4 4
87 80 4 4
87 84 4 4
88 83 4 4
88 86 4 4
88 87 4 4
88 82 4 4
89 82 4 4
89 86 4 4
89 81 4 4
89 80 4 4
90 87 4 4
90 86 4 4
90 82 4 4
90 85 4 4
91 82 4 4
91 87 4 4
91 89 4 4
91 83 4 4
92 84 4 4
92 90 4 4
92 91 4 4
92 87 4 4
93 80 4 4
93 89 4 4
93 82 4 4
93 85 4 4
94 85 4 4
94 82 4 4
94 80 4 4
94 83 4 4
95 83 4 4
95 85 4 4
95 91 4 4
95 94 4 4
96 92 4 4
96 94 4 4
96 82 4 4
96 84 4 4
97 88 4 4
97 96 4 4
97 95 4 4
97 90 4 4
98 96 4 4
98 92 4 4
98 89 4 4
98 90 4 4
99 98 4 4
99 96 4 4
99 93 4 4
99 90 4 4
80 90 4 4
80 88 4 4
80 99 4 4
80 96 4 4
81 88 4 4
81 90 4 4
81 92 4 4
81 95 4 4
82 92 4 4
82 95 4 4
82 98 4 4
82 99 4 4
83 87 4 4
83 92 4 4
83 90 4 4
83 97 4 4
104 103 5 5
104 102 5 5
104 101 5 5
104 100 5 5
105 103 5 5
105 104 5 5
105 100 5 5
105 101 5 5
106 104 5 5
106 105 5 5
106 102 5 5
106 101 5 5
107 100 5 5
107 106 5 5
107 101 5 5
107 104 5 5
108 104 5 5
108 105 5 5
108 102 5 5
108 103 5 5
109 102 5 5
109 105 5 5
109 106 5 5
109 103 5 5
110 100 5 5
110 102 5 5
110 109 5 5
110 107 5 5
111 100 5 5
111 102 5 5
111 110 5 5
111 101 5 5
112 100 5 5
112 108 5 5
112 105 5 5
112 107 5 5
113 102 5 5
113 111 5 5
113 100 5 5
113 107 5 5
114 102 5 5
114 105 5 5
114 112 5 5
114 109 5 5
115 100 5 5
115 102 5 5
115 107 5 5
115 111 5 5
116 107 5 5
116 111 5 5
116 112 5 5
116 115 5 5
117 113 5 5
117 110 5 5
117 101 5 5
117 103 5 5
118 117 5 5
118 107 5 5
118 114 5 5
118 110 5 5
119 114 5 5
119 105 5 5
119 113 5 5
119 103 5 5
100 116 5 5
100 106 5 5
100 118 5 5
100 117 5 5
101 114 5 5
101 113 5 5
101 116 5 5
101 112 5 5
102 118 5 5
102 117 5 5
102 112 5 5
102 107 5 5
103 113 5 5
103 106 5 5
103 111 5 5
103 114 5 5
124 122 6 6
124 120 6 6
124 123 6 6
124 121 6 6
125 121 6 6
125 123 6 6
125 124 6 6
125 122 6 6
126 121 6 6
126 122 6 6
126 125 6 6
126 120 6 6
127 123 6 6
127 121 6 6
127 125 6 6
127 124 6 6
128 126 6 6
128 123 6 6
128 124 6 6
128 122 6 6
129 120 6 6
129 124 6 6
129 125 6 6
129 128 6 6
130 128 6 6
130 127 6 6
130 125 6 6
130 122 6 6
131 130 6 6
131 122 6 6
131 124 6 6
131 129 6 6
132 120 6 6
132 131 6 6
132 123 6 6
132 121 6 6
133 128 6 6
133 121 6 6
133 129 6 6
133 130 6 6
134 124 6 6
134 130 6 6
134 125 6 6
134 129 6 6
135 129 6 6
135 127 6 6
135 133 6 6
135 130 6 6
136 135 6 6
136 122 6 6
136 131 6 6
136 128 6 6
137 131 6 6
137 122 6 6
137 121 6 6
137 126 6 6
138 132 6 6
138 122 6 6
138 126 6 6
138 120 6 6
139 122 6 6
139 131 6 6
139 136 6 6
139 138 6 6
120 139 6 6
120 127 6 6
120 137 6 6
120 130 6 6
121 128 6 6
121 135 6 6
121 136 6 6
121 131 6 6
122 129 6 6
122 135 6 6
122 133 6 6
122 134 6 6
123 134 6 6
123 136 6 6
123 137 6 6
123 135 6 6
144 143 7 7
144 141 7 7
144 142 7 7
144 140 7 7
145 141 7 7
145 140 7 7
145 143 7 7
145 142 7 7
146 143 7 7
146 145 7 7
146 142 7 7
146 144 7 7
147 145 7 7
147 141 7 7
147 142 7 7
147 144 7 7
148 144 7 7
148 145 7 7
148 141 7 7
148 147 7 7
149 148 7 7
149 142 7 7
149 144 7 7
149 147 7 7
150 144 7 7
150 149 7 7
150 148 7 7
150 147 7 7
151 146 7 7
151 150 7 7
151 147 7 7
151 149 7 7
152 147 7 7
152 141 7 7
152 142 7 7
152 151 7 7
153 145 7 7
153 140 7 7
153 141 7 7
153 146 7 7
154 148 7 7
154 151 7 7
154 142 7 7
154 150 7 7
155 145 7 7
155 140 7 7
155 153 7 7
155 149 7 7
156 142 7 7
156 149 7 7
156 150 7 7
156 154 7 7
157 146 7 7
157 148 7 7
157 145 7 7
157 141 7 7
158 143 7 7
158 148 7 7
158 147 7 7
158 150 7 7
159 149 7 7
159 157 7 7
159 158 7 7
159 153 7 7
140 148 7 7
140 146 7 7
140 157 7 7
140 152 7 7
141 155 7 7
141 158 7 7
141 146 7 7
141 149 7 7
142 150 7 7
142 159 7 7
142 153 7 7
142 157 7 7
143 147 7 7
143 149 7 7
143 150 7 7
143 152 7 7
164 163 8 8
164 160 8 8
164 161 8 8
164 162 8 8
165 162 8 8
165 163 8 8
165 160 8 8
165 161 8 8
166 162 8 8
166 160 8 8
166 163 8 8
166 164 8 8
167 163 8 8
167 166 8 8
167 165 8 8
167 162 8 8
168 161 8 8
168 165 8 8
168 160 8 8
168 167 8 8
169 164 8 8
169 168 8 8
169 160 8 8
169 167 8 8
170 163 8 8
170 165 8 8
170 161 8 8
170 168 8 8
171 167 8 8
171 165 8 8
171 164 8 8
171 166 8 8
172 166 8 8
172 164 8 8
172 170 8 8
172 171 8 8
173 167 8 8
173 166 8 8
173 172 8 8
173 162 8 8
174 169 8 8
174 171 8 8
174 160 8 8
174 162 8 8
175 166 8 8
175 173 8 8
175 163 8 8
175 165 8 8
176 166 8 8
176 171 8 8
176 167 8 8
176 165 8 8
177 166 8 8
177 172 8 8
177 176 8 8
177 170 8 8
178 171 8 8
178 165 8 8
178 175 8 8
178 169 8 8
179 163 8 8
179 169 8 8
179 160 8 8
179 161 8 8
160 176 8 8
160 167 8 8
160 178 8 8
160 177 8 8
161 167 8 8
161 166 8 8
161 174 8 8
161 169 8 8
162 169 8 8
162 171 8 8
162 172 8 8
162 178 8 8
163 171 8 8
163 173 8 8
163 176 8 8
163 177 8 8
184 180 9 9
184 181 9 9
184 182 9 9
184 183 9 9
185 180 9 9
185 181 9 9
185 183 9 9
185 182 9 9
186 183 9 9
186 182 9 9
186 181 9 9
186 185 9 9
187 181 9 9
187 185 9 9
187 182 9 9
187 184 9 9
188 184 9 9
188 186 9 9
188 182 9 9
188 185 9 9
189 180 9 9
189 184 9 9
189 188 9 9
189 181 9 9
190 188 9 9
190 186 9 9
190 185 9 9
190 184 9 9
191 185 9 9
191 190 9 9
191 184 9 9
191 188 9 9
192 184 9 9
192 185 9 9
192 180 9 9
192 188 9 9
193 181 9 9
193 187 9 9
193 186 9 9
193 182 9 9
194 191 9 9
194 185 9 9
194 186 9 9
194 193 9 9
195 188 9 9
195 192 9 9
195 190 9 9
195 191 9 9
196 185 9 9
196 194 9 9
196 191 9 9
196 183 9 9
197 180 9 9
197 185 9 9
197 187 9 9
197 183 9 9
198 187 9 9
198 197 9 9
198 182 9 9
198 185 9 9
199 182 9 9
199 194 9 9
199 197 9 9
199 189 9 9
180 188 9 9
180 193 9 9
180 194 9 9
180 196 9 9
181 198 9 9
181 194 9 9
181 197 9 9
181 199 9 9
182 197 9 9
182 189 9 9
182 194 9 9
182 190 9 9
183 199 9 9
183 189 9 9
183 191 9 9
183 190 9 9
204 202 10 10
204 203 10 10
204 201 10 10
204 200 10 10
205 202 10 10
205 204 10 10
205 200 10 10
205 203 10 10
206 202 10 10
206 201 10 10
206 200 10 10
206 203 10 10
207 202 10 10
207 203 10 10
207 200 10 10
207 201 10 10
208 204 10 10
208 201 10 10
208 203 10 10
208 202 10 10
209 204 10 10
209 207 10 10
209 203 10 10
209 208 10 10
210 206 10 10
210 207 10 10
210 201 10 10
210 208 10 10
211 205 10 10
211 203 10 10
211 210 10 10
211 206 10 10
212 211 10 10
212 205 10 10
212 208 10 10
212 203 10 10
213 206 10 10
213 200 10 10
213 203 10 10
213 204 10 10
214 200 10 10
214 202 10 10
214 212 10 10
214 211 10 10
215 203 10 10
215 213 10 10
215 209 10 10
215 208 10 10
216 206 10 10
216 211 10 10
216 215 10 10
216 203 10 10
217 214 10 10
217 212 10 10
217 211 10 10
217 202 10 10
218 216 10 10
218 202 10 10
218 203 10 10
218 214 10 10
219 208 10 10
219 210 10 10
219 204 10 10
219 209 10 10
200 215 10 10
200 218 10 10
200 216 10 10
200 212 10 10
201 209 10 10
201 219 10 10
201 215 10 10
201 213 10 10
202 219 10 10
202 210 10 10
202 215 10 10
202 209 10 10
203 210 10 10
203 217 10 10
203 219 10 10
203 214 10 10
224 223 11 11
224 221 11 11
224 220 11 11
224 222 11 11
225 223 11 11
225 222 11 11
225 221 11 11
225 220 11 11
226 220 11 11
226 222 11 11
226 225 11 11
226 221 11 11
227 224 11 11
227 222 11 11
227 225 11 11
227 226 11 11
228 220 11 11
228 224 11 11
228 221 11 11
228 227 11 11
229 220 11 11
229 225 11 11
229 226 11 11
229 223 11 11
230 221 11 11
230 222 11 11
230 229 11 11
230 226 11 11
231 226 11 11
231 220 11 11
231 229 11 11
231 227 11 11
232 230 11 11
232 229 11 11
232 221 11 11
232 223 11 11
233 229 11 11
233 230 11 11
233 226 11 11
233 223 11 11
234 229 11 11
234 227 11 11
234 226 11 11
234 224 11 11
235 223 11 11
235 227 11 11
235 225 11 11
235 230 11 11
236 221 11 11
236 230 11 11
236 225 11 11
236 233 11 11
237 226 11 11
237 224 11 11
237 230 11 11
237 222 11 11
238 231 11 11
238 233 11 11
238 229 11 11
238 224 11 11
239 230 11 11
239 236 11 11
239 237 11 11
239 233 11 11
220 234 11 11
220 236 11 11
220 232 11 11
220 230 11 11
221 227 11 11
221 237 11 11
221 238 11 11
221 231 11 11
222 239 11 11
222 231 11 11
222 228 11 11
222 234 11 11
223 227 11 11
223 231 11 11
223 230 11 11
223 237 11 11
244 242 12 12
244 243 12 12
244 241 12 12
244 240 12 12
245 243 12 12
245 241 12 12
245 240 12 12
245 242 12 12
246 244 12 12
246 245 12 12
246 241 12 12
246 242 12 12
247 241 12 12
247 244 12 12
247 240 12 12
247 243 12 12
248 246 12 12
248 243 12 12
248 245 12 12
248 242 12 12
249 245 12 12
249 247 12 12
249 240 12 12
249 241 12 12
250 240 12 12
250 248 12 12
250 242 12 12
250 244 12 12
251 246 12 12
251 247 12 12
251 244 12 12
251 243 12 12
252 248 12 12
252 242 12 12
252 244 12 12
252 245 12 12
253 252 12 12
253 249 12 12
253 250 12 12
253 251 12 12
254 245 12 12
254 253 12 12
254 243 12 12
254 251 12 12
255 253 12 12
255 251 12 12
255 245 12 12
255 243 12 12
256 244 12 12
256 249 12 12
256 248 12 12
256 245 12 12
257 242 12 12
257 244 12 12
257 241 12 12
257 250 12 12
258 257 12 12
258 252 12 12
258 243 12 12
258 246 12 12
259 240 12 12
259 256 12 12
259 250 12 12
259 241 12 12
240 257 12 12
240 253 12 12
240 254 12 12
240 256 12 12
241 256 12 12
241 248 12 12
241 252 12 12
241 250 12 12
242 255 12 12
242 251 12 12
242 254 12 12
242 258 12 12
243 250 12 12
243 256 12 12
243 246 12 12
243 249 12 12
264 261 13 13
264 263 13 13
264 262 13 13
264 260 13 13
265 261 13 13
265 262 13 13
265 263 13 13
265 264 13 13
266 263 13 13
266 265 13 13
266 260 13 13
266 264 13 13
267 266 13 13
267 265 13 13
267 261 13 13
267 264 13 13
268 267 13 13
268 261 13 13
268 265 13 13
268 264 13 13
269 268 13 13
269 260 13 13
269 265 13 13
269 261 13 13
270 269 13 13
270 263 13 13
270 266 13 13
270 260 13 13
271 260 13 13
271 261 13 13
271 266 13 13
271 269 13 13
272 265 13 13
272 268 13 13
272 264 13 13
272 263 13 13
273 263 13 13
273 269 13 13
273 267 13 13
273 264 13 13
274 260 13 13
274 272 13 13
274 261 13 13
274 263 13 13
275 265 13 13
275 271 13 13
275 262 13 13
275 264 13 13
276 273 13 13
276 271 13 13
276 275 13 13
276 264 13 13
277 268 13 13
277 265 13 13
277 276 13 13
277 267 13 13
278 275 13 13
278 274 13 13
278 266 13 13
278 272 13 13
279 277 13 13
279 268 13 13
279 267 13 13
279 278 13 13
260 278 13 13
260 272 13 13
260 273 13 13
260 279 13 13
261 266 13 13
261 276 13 13
261 275 13 13
261 278 13 13
262 268 13 13
262 273 13 13
262 274 13 13
262 266 13 13
263 278 13 13
263 275 13 13
263 268 13 13
263 276 13 13
284 280 14 14
284 281 14 14
284 283 14 14
284 282 14 14
285 283 14 14
285 281 14 14
285 280 14 14
285 284 14 14
286 284 14 14
286 281 14 14
286 280 14 14
286 283 14 14
287 286 14 14
287 282 14 14
287 281 14 14
287 283 14 14
288 280 14 14
288 286 14 14
288 284 14 14
288 281 14 14
289 286 14 14
289 282 14 14
289 281 14 14
289 285 14 14
290 284 14 14
290 288 14 14
290 283 14 14
290 287 14 14
291 280 14 14
291 281 14 14
291 286 14 14
291 283 14 14
292 291 14 14
292 290 14 14
292 282 14 14
292 284 14 14
293 283 14 14
293 280 14 14
293 285 14 14
293 284 14 14
294 287 14 14
294 285 14 14
294 282 14 14
294 281 14 14
295 289 14 14
295 294 14 14
295 292 14 14
295 286 14 14
296 291 14 14
296 283 14 14
296 287 14 14
296 284 14 14
297 287 14 14
297 284 14 14
297 280 14 14
297 293 14 14
298 284 14 14
298 288 14 14
298 296 14 14
298 297 14 14
299 287 14 14
299 283 14 14
299 282 14 14
299 289 14 14
280 298 14 14
280 290 14 14
280 292 14 14
280 299 14 14
281 296 14 14
281 298 14 14
281 299 14 14
281 297 14 14
282 285 14 14
282 296 14 14
282 295 14 14
282 297 14 14
283 288 14 14
283 294 14 14
283 292 14 14
283 298 14 14
304 300 15 15
304 303 15 15
304 301 15 15
304 302 15 15
305 301 15 15
305 302 15 15
305 300 15 15
305 304 15 15
306 303 15 15
306 304 15 15
306 300 15 15
306 305 15 15
307 302 15 15
307 300 15 15
307 301 15 15
307 304 15 15
308 307 15 15
308 304 15 15
308 305 15 15
308 301 15 15
309 305 15 15
309 303 15 15
309 301 15 15
309 300 15 15
310 305 15 15
310 301 15 15
310 302 15 15
310 309 15 15
311 301 15 15
311 308 15 15
311 304 15 15
311 309 15 15
312 302 15 15
312 310 15 15
312 303 15 15
312 311 15 15
313 306 15 15
313 303 15 15
313 301 15 15
313 311 15 15
314 311 15 15
314 304 15 15
314 301 15 15
314 305 15 15
315 300 15 15
315 314 15 15
315 308 15 15
315 305 15 15
316 314 15 15
316 305 15 15
316 315 15 15
316 302 15 15
317 302 15 15
317 301 15 15
317 300 15 15
317 310 15 15
318 310 15 15
318 316 15 15
318 311 15 15
318 303 15 15
319 316 15 15
319 314 15 15
319 318 15 15
319 309 15 15
300 313 15 15
300 310 15 15
300 316 15 15
300 308 15 15
301 316 15 15
301 306 15 15
301 315 15 15
301 318 15 15
302 315 15 15
302 311 15 15
302 319 15 15
302 308 15 15
303 305 15 15
303 317 15 15
303 316 15 15
303 315 15 15
92 39 4 1
92 8 4 0
88 78 4 3
95 56 4 2
105 76 5 3
116 44 5 2
108 23 5 1
108 93 5 4
139 98 6 4
123 35 6 1
136 67 6 3
122 105 6 5
153 54 7 2
154 7 7 0
151 100 7 5
148 34 7 1
179 12 8 0
179 123 8 6
176 102 8 5
170 68 8 3
197 47 9 2
193 147 9 7
193 92 9 4
190 34 9 1
204 113 10 5
200 37 10 1
206 5 10 0
210 96 10 4
236 212 11 10
225 57 11 2
236 195 11 9
233 159 11 7
257 147 12 7
256 34 12 1
243 72 12 3
248 50 12 2
273 212 13 10
268 243 13 12
265 46 13 2
267 96 13 4
295 189 14 9
292 265 14 13
296 252 14 12
289 46 14 2
312 122 15 6
308 68 15 3
303 263 15 13
312 244 15 12
13 189 0 9
8 110 0 5
1 225 0 11
9 307 0 15
31 302 1 15
23 161 1 8
23 237 1 11
38 287 1 14
45 313 2 15
45 129 2 6
57 178 2 8
52 219 2 10
71 152 3 7
72 188 3 9
76 237 3 11
78 260 3 13
