swNum = 320
edgeNum = 1342

0 0
1 0
2 0
3 0
4 0
5 0
6 0
7 0
8 0
9 0
10 0
11 0
12 0
13 0
14 0
15 0
16 0
17 0
18 0
19 0
20 1
21 1
22 1
23 1
24 1
25 1
26 1
27 1
28 1
29 1
30 1
31 1
32 1
33 1
34 1
35 1
36 1
37 1
38 1
39 1
40 2
41 2
42 2
43 2
44 2
45 2
46 2
47 2
48 2
49 2
50 2
51 2
52 2
53 2
54 2
55 2
56 2
57 2
58 2
59 2
60 3
61 3
62 3
63 3
64 3
65 3
66 3
67 3
68 3
69 3
70 3
71 3
72 3
73 3
74 3
75 3
76 3
77 3
78 3
79 3
80 4
81 4
82 4
83 4
84 4
85 4
86 4
87 4
88 4
89 4
90 4
91 4
92 4
93 4
94 4
95 4
96 4
97 4
98 4
99 4
100 5
101 5
102 5
103 5
104 5
105 5
106 5
107 5
108 5
109 5
110 5
111 5
112 5
113 5
114 5
115 5
116 5
117 5
118 5
119 5
120 6
121 6
122 6
123 6
124 6
125 6
126 6
127 6
128 6
129 6
130 6
131 6
132 6
133 6
134 6
135 6
136 6
137 6
138 6
139 6
140 7
141 7
142 7
143 7
144 7
145 7
146 7
147 7
148 7
149 7
150 7
151 7
152 7
153 7
154 7
155 7
156 7
157 7
158 7
159 7
160 8
161 8
162 8
163 8
164 8
165 8
166 8
167 8
168 8
169 8
170 8
171 8
172 8
173 8
174 8
175 8
176 8
177 8
178 8
179 8
180 9
181 9
182 9
183 9
184 9
185 9
186 9
187 9
188 9
189 9
190 9
191 9
192 9
193 9
194 9
195 9
196 9
197 9
198 9
199 9
200 10
201 10
202 10
203 10
204 10
205 10
206 10
207 10
208 10
209 10
210 10
211 10
212 10
213 10
214 10
215 10
216 10
217 10
218 10
219 10
220 11
221 11
222 11
223 11
224 11
225 11
226 11
227 11
228 11
229 11
230 11
231 11
232 11
233 11
234 11
235 11
236 11
237 11
238 11
239 11
240 12
241 12
242 12
243 12
244 12
245 12
246 12
247 12
248 12
249 12
250 12
251 12
252 12
253 12
254 12
255 12
256 12
257 12
258 12
259 12
260 13
261 13
262 13
263 13
264 13
265 13
266 13
267 13
268 13
269 13
270 13
271 13
272 13
273 13
274 13
275 13
276 13
277 13
278 13
279 13
280 14
281 14
282 14
283 14
284 14
285 14
286 14
287 14
288 14
289 14
290 14
291 14
292 14
293 14
294 14
295 14
296 14
297 14
298 14
299 14
300 15
301 15
302 15
303 15
304 15
305 15
306 15
307 15
308 15
309 15
310 15
311 15
312 15
313 15
314 15
315 15
316 15
317 15
318 15
319 15

4 3 0 0
4 2 0 0
4 1 0 0
4 0 0 0
5 1 0 0
5 3 0 0
5 2 0 0
5 0 0 0
6 0 0 0
6 4 0 0
6 2 0 0
6 3 0 0
7 1 0 0
7 5 0 0
7 3 0 0
7 2 0 0
8 1 0 0
8 5 0 0
8 4 0 0
8 6 0 0
9 5 0 0
9 0 0 0
9 1 0 0
9 2 0 0
10 6 0 0
10 1 0 0
10 4 0 0
10 7 0 0
11 2 0 0
11 3 0 0
11 6 0 0
11 8 0 0
12 5 0 0
12 0 0 0
12 3 0 0
12 1 0 0
13 0 0 0
13 12 0 0
13 11 0 0
13 2 0 0
14 6 0 0
14 0 0 0
14 12 0 0
14 1 0 0
15 6 0 0
15 7 0 0
15 5 0 0
15 12 0 0
16 8 0 0
16 9 0 0
16 1 0 0
16 10 0 0
17 3 0 0
17 12 0 0
17 4 0 0
17 13 0 0
18 17 0 0
18 13 0 0
18 2 0 0
18 5 0 0
19 10 0 0
19 16 0 0
19 9 0 0
19 15 0 0
0 15 0 0
0 16 0 0
0 17 0 0
0 18 0 0
1 17 0 0
1 19 0 0
1 6 0 0
1 15 0 0
2 14 0 0
2 17 0 0
2 8 0 0
2 19 0 0
3 14 0 0
3 13 0 0
3 19 0 0
3 8 0 0
24 20 1 1
24 21 1 1
24 23 1 1
24 22 1 1
25 20 1 1
25 24 1 1
25 23 1 1
25 22 1 1
26 23 1 1
26 25 1 1
26 22 1 1
26 21 1 1
27 21 1 1
27 20 1 1
27 24 1 1
27 26 1 1
28 24 1 1
28 22 1 1
28 20 1 1
28 23 1 1
29 26 1 1
29 24 1 1
29 25 1 1
29 23 1 1
30 24 1 1
30 28 1 1
30 21 1 1
30 27 1 1
31 29 1 1
31 26 1 1
31 21 1 1
31 27 1 1
32 27 1 1
32 29 1 1
32 23 1 1
32 28 1 1
33 28 1 1
33 27 1 1
33 25 1 1
33 22 1 1
34 25 1 1
34 33 1 1
34 29 1 1
34 30 1 1
35 26 1 1
35 31 1 1
35 23 1 1
35 29 1 1
36 29 1 1
36 24 1 1
36 26 1 1
36 27 1 1
37 33 1 1
37 28 1 1
37 32 1 1
37 31 1 1
38 36 1 1
38 29 1 1
38 37 1 1
38 33 1 1
39 30 1 1
39 27 1 1
39 31 1 1
39 24 1 1
20 34 1 1
20 31 1 1
20 36 1 1
20 29 1 1
21 39 1 1
21 33 1 1
21 37 1 1
21 38 1 1
22 29 1 1
22 31 1 1
22 32 1 1
22 37 1 1
23 37 1 1
23 38 1 1
23 31 1 1
23 39 1 1
44 43 2 2
44 42 2 2
44 41 2 2
44 40 2 2
45 42 2 2
45 40 2 2
45 41 2 2
45 43 2 2
46 45 2 2
46 43 2 2
46 40 2 2
46 41 2 2
47 40 2 2
47 45 2 2
47 46 2 2
47 44 2 2
48 42 2 2
48 44 2 2
48 40 2 2
48 43 2 2
49 40 2 2
49 45 2 2
49 41 2 2
49 44 2 2
50 41 2 2
50 49 2 2
50 44 2 2
50 42 2 2
51 49 2 2
51 46 2 2
51 43 2 2
51 44 2 2
52 50 2 2
52 49 2 2
52 46 2 2
52 45 2 2
53 52 2 2
53 49 2 2
53 46 2 2
53 47 2 2
54 46 2 2
54 45 2 2
54 40 2 2
54 41 2 2
55 45 2 2
55 40 2 2
55 46 2 2
55 43 2 2
56 55 2 2
56 40 2 2
56 42 2 2
56 47 2 2
57 43 2 2
57 40 2 2
57 51 2 2
57 47 2 2
58 56 2 2
58 52 2 2
58 42 2 2
58 57 2 2
59 40 2 2
59 41 2 2
59 45 2 2
59 54 2 2
40 51 2 2
40 53 2 2
40 50 2 2
40 52 2 2
41 52 2 2
41 58 2 2
41 55 2 2
41 57 2 2
42 55 2 2
42 47 2 2
42 46 2 2
42 57 2 2
43 47 2 2
43 54 2 2
43 58 2 2
43 49 2 2
64 62 3 3
64 61 3 3
64 60 3 3
64 63 3 3
65 63 3 3
65 62 3 3
65 64 3 3
65 60 3 3
66 60 3 3
66 62 3 3
66 63 3 3
66 61 3 3
67 62 3 3
67 61 3 3
67 64 3 3
67 65 3 3
68 64 3 3
68 62 3 3
68 60 3 3
68 67 3 3
69 67 3 3
69 62 3 3
69 68 3 3
69 64 3 3
70 61 3 3
70 66 3 3
70 69 3 3
70 65 3 3
71 70 3 3
71 64 3 3
71 69 3 3
71 68 3 3
72 69 3 3
72 65 3 3
72 71 3 3
72 62 3 3
73 68 3 3
73 62 3 3
73 61 3 3
73 67 3 3
74 72 3 3
74 60 3 3
74 63 3 3
74 70 3 3
75 61 3 3
75 73 3 3
75 65 3 3
75 69 3 3
76 62 3 3
76 61 3 3
76 69 3 3
76 73 3 3
77 75 3 3
77 65 3 3
77 69 3 3
77 64 3 3
78 67 3 3
78 61 3 3
78 71 3 3
78 60 3 3
79 70 3 3
79 68 3 3
79 78 3 3
79 72 3 3
60 69 3 3
60 73 3 3
60 70 3 3
60 76 3 3
61 71 3 3
61 72 3 3
61 79 3 3
61 68 3 3
62 75 3 3
62 77 3 3
62 71 3 3
62 74 3 3
63 77 3 3
63 69 3 3
63 79 3 3
63 67 3 3
84 83 4 4
84 81 4 4
84 80 4 4
84 82 4 4
85 84 4 4
85 83 4 4
85 80 4 4
85 82 4 4
86 83 4 4
86 84 4 4
86 81 4 4
86 80 4 4
87 83 4 4
87 86 4 4
87 85 4 4
87 81 4 4
88 87 4 4
88 82 4 4
88 83 4 4
88 86 4 4
89 83 4 4
89 88 4 4
89 87 4 4
89 84 4 4
90 82 4 4
90 86 4 4
90 83 4 4
90 81 4 4
91 84 4 4
91 86 4 4
91 85 4 4
91 83 4 4
92 86 4 4
92 85 4 4
92 83 4 4
92 81 4 4
93 85 4 4
93 89 4 4
93 86 4 4
93 83 4 4
94 91 4 4
94 86 4 4
94 80 4 4
94 88 4 4
95 86 4 4
95 83 4 4
95 94 4 4
95 93 4 4
96 81 4 4
96 94 4 4
96 84 4 4
96 80 4 4
97 95 4 4
97 96 4 4
97 82 4 4
97 84 4 4
98 83 4 4
98 84 4 4
98 94 4 4
98 85 4 4
99 94 4 4
99 83 4 4
99 91 4 4
99 85 4 4
80 91 4 4
80 95 4 4
80 97 4 4
80 88 4 4
81 95 4 4
81 93 4 4
81 97 4 4
81 99 4 4
82 94 4 4
82 86 4 4
82 96 4 4
82 89 4 4
83 94 4 4
83 97 4 4
83 96 4 4
104 101 5 5
104 102 5 5
104 103 5 5
104 100 5 5
105 104 5 5
105 101 5 5
105 100 5 5
105 102 5 5
106 102 5 5
106 101 5 5
106 103 5 5
106 104 5 5
107 103 5 5
107 106 5 5
107 104 5 5
107 102 5 5
108 107 5 5
108 101 5 5
108 100 5 5
108 103 5 5
109 104 5 5
109 107 5 5
109 102 5 5
109 103 5 5
110 106 5 5
110 107 5 5
110 103 5 5
110 109 5 5
111 100 5 5
111 105 5 5
111 101 5 5
111 108 5 5
112 101 5 5
112 105 5 5
112 104 5 5
112 107 5 5
113 109 5 5
113 106 5 5
113 108 5 5
113 102 5 5
114 104 5 5
114 112 5 5
114 109 5 5
114 111 5 5
115 106 5 5
115 113 5 5
115 112 5 5
115 109 5 5
116 102 5 5
116 113 5 5
116 115 5 5
116 108 5 5
117 111 5 5
117 100 5 5
117 108 5 5
117 106 5 5
118 105 5 5
118 111 5 5
118 114 5 5
118 100 5 5
119 100 5 5
119 110 5 5
119 116 5 5
119 108 5 5
100 114 5 5
100 112 5 5
100 106 5 5
100 116 5 5
101 114 5 5
101 115 5 5
101 109 5 5
101 118 5 5
102 111 5 5
102 110 5 5
102 108 5 5
102 117 5 5
103 112 5 5
103 119 5 5
103 115 5 5
103 116 5 5
124 123 6 6
124 120 6 6
124 121 6 6
124 122 6 6
125 124 6 6
125 121 6 6
125 122 6 6
125 123 6 6
126 124 6 6
126 122 6 6
126 120 6 6
126 125 6 6
127 120 6 6
127 124 6 6
127 126 6 6
127 122 6 6
128 120 6 6
128 122 6 6
128 125 6 6
128 127 6 6
129 121 6 6
129 127 6 6
129 123 6 6
129 126 6 6
130 128 6 6
130 125 6 6
130 124 6 6
130 127 6 6
131 121 6 6
131 123 6 6
131 125 6 6
131 130 6 6
132 130 6 6
132 125 6 6
132 120 6 6
132 121 6 6
133 131 6 6
133 132 6 6
133 120 6 6
133 125 6 6
134 126 6 6
134 129 6 6
134 125 6 6
134 133 6 6
135 126 6 6
135 129 6 6
135 132 6 6
135 131 6 6
136 121 6 6
136 124 6 6
136 128 6 6
136 135 6 6
137 121 6 6
137 132 6 6
137 128 6 6
137 124 6 6
138 121 6 6
138 129 6 6
138 132 6 6
138 131 6 6
139 123 6 6
139 124 6 6
139 126 6 6
139 129 6 6
120 134 6 6
120 129 6 6
120 137 6 6
120 135 6 6
121 139 6 6
121 133 6 6
121 134 6 6
121 130 6 6
122 134 6 6
122 131 6 6
122 137 6 6
122 133 6 6
123 126 6 6
123 138 6 6
123 127 6 6
123 134 6 6
144 142 7 7
144 143 7 7
144 141 7 7
144 140 7 7
145 143 7 7
145 140 7 7
145 144 7 7
145 141 7 7
146 144 7 7
146 143 7 7
146 141 7 7
146 140 7 7
147 142 7 7
147 143 7 7
147 141 7 7
147 144 7 7
148 142 7 7
148 147 7 7
148 140 7 7
148 146 7 7
149 142 7 7
149 145 7 7
149 146 7 7
149 148 7 7
150 148 7 7
150 146 7 7
150 145 7 7
150 142 7 7
151 150 7 7
151 148 7 7
151 146 7 7
151 147 7 7
152 149 7 7
152 145 7 7
152 144 7 7
152 141 7 7
153 148 7 7
153 145 7 7
153 149 7 7
153 143 7 7
154 153 7 7
154 147 7 7
154 148 7 7
154 142 7 7
155 149 7 7
155 154 7 7
155 145 7 7
155 146 7 7
156 148 7 7
156 141 7 7
156 151 7 7
156 144 7 7
157 146 7 7
157 143 7 7
157 150 7 7
157 148 7 7
158 157 7 7
158 144 7 7
158 146 7 7
158 154 7 7
159 144 7 7
159 148 7 7
159 141 7 7
159 152 7 7
140 157 7 7
140 156 7 7
140 150 7 7
140 158 7 7
141 157 7 7
141 154 7 7
141 155 7 7
141 158 7 7
142 153 7 7
142 151 7 7
142 145 7 7
142 159 7 7
143 149 7 7
143 158 7 7
143 156 7 7
143 150 7 7
164 161 8 8
164 163 8 8
164 160 8 8
164 162 8 8
165 160 8 8
165 162 8 8
165 163 8 8
165 161 8 8
166 165 8 8
166 161 8 8
166 163 8 8
166 164 8 8
167 163 8 8
167 164 8 8
167 166 8 8
167 165 8 8
168 166 8 8
168 167 8 8
168 164 8 8
168 165 8 8
169 160 8 8
169 164 8 8
169 166 8 8
169 165 8 8
170 166 8 8
170 161 8 8
170 167 8 8
170 168 8 8
171 161 8 8
171 167 8 8
171 163 8 8
171 169 8 8
172 165 8 8
172 167 8 8
172 162 8 8
172 169 8 8
173 162 8 8
173 161 8 8
173 170 8 8
173 171 8 8
174 163 8 8
174 165 8 8
174 167 8 8
174 169 8 8
175 173 8 8
175 166 8 8
175 170 8 8
175 171 8 8
176 160 8 8
176 166 8 8
176 170 8 8
176 161 8 8
177 169 8 8
177 171 8 8
177 166 8 8
177 168 8 8
178 165 8 8
178 166 8 8
178 171 8 8
178 164 8 8
179 173 8 8
179 176 8 8
179 175 8 8
179 170 8 8
160 166 8 8
160 167 8 8
160 173 8 8
160 179 8 8
161 174 8 8
161 167 8 8
161 175 8 8
161 168 8 8
162 167 8 8
162 171 8 8
162 176 8 8
162 168 8 8
163 173 8 8
163 177 8 8
163 169 8 8
163 172 8 8
184 183 9 9
184 182 9 9
184 180 9 9
184 181 9 9
185 184 9 9
185 180 9 9
185 182 9 9
185 181 9 9
186 184 9 9
186 181 9 9
186 183 9 9
186 182 9 9
187 183 9 9
187 181 9 9
187 184 9 9
187 180 9 9
188 182 9 9
188 180 9 9
188 187 9 9
188 184 9 9
189 185 9 9
189 188 9 9
189 180 9 9
189 184 9 9
190 187 9 9
190 184 9 9
190 181 9 9
190 180 9 9
191 188 9 9
191 182 9 9
191 180 9 9
191 187 9 9
192 186 9 9
192 189 9 9
192 184 9 9
192 180 9 9
193 182 9 9
193 191 9 9
193 180 9 9
193 192 9 9
194 184 9 9
194 189 9 9
194 193 9 9
194 180 9 9
195 182 9 9
195 180 9 9
195 181 9 9
195 186 9 9
196 189 9 9
196 187 9 9
196 183 9 9
196 190 9 9
197 195 9 9
197 194 9 9
197 182 9 9
197 180 9 9
198 188 9 9
198 193 9 9
198 191 9 9
198 196 9 9
199 194 9 9
199 180 9 9
199 193 9 9
199 191 9 9
180 198 9 9
180 196 9 9
180 186 9 9
181 199 9 9
181 194 9 9
181 197 9 9
181 198 9 9
182 194 9 9
182 187 9 9
182 190 9 9
182 196 9 9
183 198 9 9
183 195 9 9
183 190 9 9
183 193 9 9
204 203 10 10
204 202 10 10
204 201 10 10
204 200 10 10
205 204 10 10
205 202 10 10
205 201 10 10
205 203 10 10
206 202 10 10
206 205 10 10
206 204 10 10
206 200 10 10
207 202 10 10
207 200 10 10
207 201 10 10
207 205 10 10
208 202 10 10
208 206 10 10
208 200 10 10
208 201 10 10
209 208 10 10
209 202 10 10
209 206 10 10
209 205 10 10
210 204 10 10
210 209 10 10
210 202 10 10
210 207 10 10
211 202 10 10
211 208 10 10
211 209 10 10
211 205 10 10
212 201 10 10
212 208 10 10
212 207 10 10
212 205 10 10
213 208 10 10
213 202 10 10
213 203 10 10
213 212 10 10
214 212 10 10
214 213 10 10
214 208 10 10
214 206 10 10
215 212 10 10
215 201 10 10
215 203 10 10
215 204 10 10
216 215 10 10
216 214 10 10
216 206 10 10
216 212 10 10
217 203 10 10
217 214 10 10
217 205 10 10
217 204 10 10
218 201 10 10
218 214 10 10
218 215 10 10
218 210 10 10
219 200 10 10
219 215 10 10
219 208 10 10
219 216 10 10
200 215 10 10
200 205 10 10
200 210 10 10
200 216 10 10
201 216 10 10
201 211 10 10
201 209 10 10
201 214 10 10
202 218 10 10
202 219 10 10
202 212 10 10
202 216 10 10
203 210 10 10
203 218 10 10
203 214 10 10
203 207 10 10
224 220 11 11
224 221 11 11
224 222 11 11
224 223 11 11
225 221 11 11
225 224 11 11
225 222 11 11
225 223 11 11
226 223 11 11
226 221 11 11
226 224 11 11
226 220 11 11
227 224 11 11
227 221 11 11
227 223 11 11
227 225 11 11
228 220 11 11
228 227 11 11
228 221 11 11
228 225 11 11
229 224 11 11
229 226 11 11
229 220 11 11
229 228 11 11
230 223 11 11
230 224 11 11
230 221 11 11
230 220 11 11
231 226 11 11
231 222 11 11
231 224 11 11
231 223 11 11
232 227 11 11
232 226 11 11
232 228 11 11
232 229 11 11
233 223 11 11
233 229 11 11
233 230 11 11
233 231 11 11
234 228 11 11
234 226 11 11
234 222 11 11
234 221 11 11
235 227 11 11
235 223 11 11
235 224 11 11
235 231 11 11
236 228 11 11
236 222 11 11
236 233 11 11
236 227 11 11
237 221 11 11
237 230 11 11
237 231 11 11
237 234 11 11
238 230 11 11
238 231 11 11
238 222 11 11
238 235 11 11
239 226 11 11
239 231 11 11
239 237 11 11
239 220 11 11
220 231 11 11
220 234 11 11
220 237 11 11
220 235 11 11
221 236 11 11
221 229 11 11
221 231 11 11
221 233 11 11
222 233 11 11
222 237 11 11
222 230 11 11
222 235 11 11
223 239 11 11
223 232 11 11
223 238 11 11
223 229 11 11
244 241 12 12
244 243 12 12
244 240 12 12
244 242 12 12
245 241 12 12
245 243 12 12
245 242 12 12
245 240 12 12
246 243 12 12
246 244 12 12
246 242 12 12
246 240 12 12
247 243 12 12
247 246 12 12
247 245 12 12
247 242 12 12
248 247 12 12
248 245 12 12
248 243 12 12
248 242 12 12
249 243 12 12
249 244 12 12
249 242 12 12
249 248 12 12
250 241 12 12
250 248 12 12
250 240 12 12
250 247 12 12
251 243 12 12
251 245 12 12
251 246 12 12
251 250 12 12
252 247 12 12
252 246 12 12
252 250 12 12
252 251 12 12
253 240 12 12
253 243 12 12
253 249 12 12
253 241 12 12
254 252 12 12
254 248 12 12
254 241 12 12
254 240 12 12
255 249 12 12
255 240 12 12
255 253 12 12
255 252 12 12
256 249 12 12
256 247 12 12
256 253 12 12
256 240 12 12
257 243 12 12
257 255 12 12
257 248 12 12
257 240 12 12
258 247 12 12
258 243 12 12
258 254 12 12
258 244 12 12
259 256 12 12
259 245 12 12
259 240 12 12
259 244 12 12
240 248 12 12
240 258 12 12
240 249 12 12
240 247 12 12
241 256 12 12
241 246 12 12
241 247 12 12
241 258 12 12
242 253 12 12
242 256 12 12
242 258 12 12
242 250 12 12
243 259 12 12
243 255 12 12
243 256 12 12
243 252 12 12
264 260 13 13
264 261 13 13
264 263 13 13
264 262 13 13
265 261 13 13
265 264 13 13
265 263 13 13
265 260 13 13
266 265 13 13
266 262 13 13
266 261 13 13
266 260 13 13
267 265 13 13
267 261 13 13
267 266 13 13
267 262 13 13
268 263 13 13
268 262 13 13
268 266 13 13
268 265 13 13
269 262 13 13
269 265 13 13
269 268 13 13
269 261 13 13
270 262 13 13
270 268 13 13
270 260 13 13
270 263 13 13
271 261 13 13
271 268 13 13
271 263 13 13
271 264 13 13
272 271 13 13
272 265 13 13
272 262 13 13
272 267 13 13
273 267 13 13
273 260 13 13
273 265 13 13
273 271 13 13
274 260 13 13
274 270 13 13
274 266 13 13
274 262 13 13
275 270 13 13
275 271 13 13
275 266 13 13
275 260 13 13
276 266 13 13
276 264 13 13
276 260 13 13
276 262 13 13
277 265 13 13
277 260 13 13
277 266 13 13
277 268 13 13
278 263 13 13
278 268 13 13
278 264 13 13
278 271 13 13
279 264 13 13
279 262 13 13
279 261 13 13
279 268 13 13
260 269 13 13
260 278 13 13
260 279 13 13
260 272 13 13
261 272 13 13
261 277 13 13
261 268 13 13
261 273 13 13
262 278 13 13
262 275 13 13
262 277 13 13
262 271 13 13
263 279 13 13
263 274 13 13
263 275 13 13
263 273 13 13
284 281 14 14
284 283 14 14
284 282 14 14
284 280 14 14
285 281 14 14
285 282 14 14
285 284 14 14
285 280 14 14
286 284 14 14
286 285 14 14
286 281 14 14
286 283 14 14
287 285 14 14
287 281 14 14
287 283 14 14
287 284 14 14
288 284 14 14
288 286 14 14
288 281 14 14
288 285 14 14
289 285 14 14
289 287 14 14
289 284 14 14
289 281 14 14
290 288 14 14
290 280 14 14
290 282 14 14
290 286 14 14
291 290 14 14
291 288 14 14
291 284 14 14
291 286 14 14
292 283 14 14
292 281 14 14
292 284 14 14
292 289 14 14
293 288 14 14
293 282 14 14
293 290 14 14
293 285 14 14
294 292 14 14
294 285 14 14
294 284 14 14
294 290 14 14
295 281 14 14
295 291 14 14
295 292 14 14
295 286 14 14
296 282 14 14
296 294 14 14
296 293 14 14
296 291 14 14
297 294 14 14
297 296 14 14
297 286 14 14
297 282 14 14
298 286 14 14
298 290 14 14
298 287 14 14
298 294 14 14
299 281 14 14
299 284 14 14
299 290 14 14
299 283 14 14
280 295 14 14
280 286 14 14
280 293 14 14
280 296 14 14
281 291 14 14
281 296 14 14
281 294 14 14
281 297 14 14
282 295 14 14
282 287 14 14
282 291 14 14
282 294 14 14
283 288 14 14
283 290 14 14
283 294 14 14
283 295 14 14
304 300 15 15
304 301 15 15
304 302 15 15
304 303 15 15
305 303 15 15
305 300 15 15
305 302 15 15
305 304 15 15
306 304 15 15
306 300 15 15
306 302 15 15
306 301 15 15
307 306 15 15
307 301 15 15
307 305 15 15
307 302 15 15
308 302 15 15
308 306 15 15
308 300 15 15
308 301 15 15
309 304 15 15
309 300 15 15
309 305 15 15
309 302 15 15
310 307 15 15
310 304 15 15
310 301 15 15
310 303 15 15
311 305 15 15
311 300 15 15
311 307 15 15
311 309 15 15
312 302 15 15
312 307 15 15
312 311 15 15
312 305 15 15
313 307 15 15
313 300 15 15
313 305 15 15
313 309 15 15
314 308 15 15
314 311 15 15
314 304 15 15
314 306 15 15
315 308 15 15
315 314 15 15
315 304 15 15
315 302 15 15
316 310 15 15
316 304 15 15
316 306 15 15
316 305 15 15
317 315 15 15
317 311 15 15
317 306 15 15
317 309 15 15
318 310 15 15
318 307 15 15
318 316 15 15
318 300 15 15
319 308 15 15
319 315 15 15
319 317 15 15
319 310 15 15
300 316 15 15
300 307 15 15
300 310 15 15
300 319 15 15
301 318 15 15
301 317 15 15
301 315 15 15
301 312 15 15
302 319 15 15
302 317 15 15
302 316 15 15
302 314 15 15
303 308 15 15
303 309 15 15
303 313 15 15
303 314 15 15
93 69 4 3
82 27 4 1
84 6 4 0
90 50 4 2
111 13 5 0
112 81 5 4
107 67 5 3
115 37 5 1
125 50 6 2
136 90 6 4
127 67 6 3
131 116 6 5
147 0 7 0
140 131 7 6
154 51 7 2
156 96 7 4
161 73 8 3
167 31 8 1
179 15 8 0
164 98 8 4
181 113 9 5
183 22 9 1
188 72 9 3
198 12 9 0
209 183 10 9
209 4 10 0
211 179 10 8
212 82 10 4
227 140 11 7
239 87 11 4
223 166 11 8
220 59 11 2
259 165 12 8
252 35 12 1
242 226 12 11
254 158 12 7
275 115 13 5
274 71 13 3
274 199 13 9
269 202 13 10
297 169 14 8
282 82 14 4
280 216 14 10
294 220 14 11
301 236 15 11
307 265 15 13
309 36 15 1
307 104 15 5
18 305 0 15
5 235 0 11
10 262 0 13
7 286 0 14
26 237 1 11
37 150 1 7
35 293 1 14
37 278 1 13
49 313 2 15
50 265 2 13
42 203 2 10
40 250 2 12
75 151 3 7
66 226 3 11
69 257 3 12
73 207 3 10
