swNum = 320
edgeNum = 1344

0 0
1 0
2 0
3 0
4 0
5 0
6 0
7 0
8 0
9 0
10 0
11 0
12 0
13 0
14 0
15 0
16 0
17 0
18 0
19 0
20 1
21 1
22 1
23 1
24 1
25 1
26 1
27 1
28 1
29 1
30 1
31 1
32 1
33 1
34 1
35 1
36 1
37 1
38 1
39 1
40 2
41 2
42 2
43 2
44 2
45 2
46 2
47 2
48 2
49 2
50 2
51 2
52 2
53 2
54 2
55 2
56 2
57 2
58 2
59 2
60 3
61 3
62 3
63 3
64 3
65 3
66 3
67 3
68 3
69 3
70 3
71 3
72 3
73 3
74 3
75 3
76 3
77 3
78 3
79 3
80 4
81 4
82 4
83 4
84 4
85 4
86 4
87 4
88 4
89 4
90 4
91 4
92 4
93 4
94 4
95 4
96 4
97 4
98 4
99 4
100 5
101 5
102 5
103 5
104 5
105 5
106 5
107 5
108 5
109 5
110 5
111 5
112 5
113 5
114 5
115 5
116 5
117 5
118 5
119 5
120 6
121 6
122 6
123 6
124 6
125 6
126 6
127 6
128 6
129 6
130 6
131 6
132 6
133 6
134 6
135 6
136 6
137 6
138 6
139 6
140 7
141 7
142 7
143 7
144 7
145 7
146 7
147 7
148 7
149 7
150 7
151 7
152 7
153 7
154 7
155 7
156 7
157 7
158 7
159 7
160 8
161 8
162 8
163 8
164 8
165 8
166 8
167 8
168 8
169 8
170 8
171 8
172 8
173 8
174 8
175 8
176 8
177 8
178 8
179 8
180 9
181 9
182 9
183 9
184 9
185 9
186 9
187 9
188 9
189 9
190 9
191 9
192 9
193 9
194 9
195 9
196 9
197 9
198 9
199 9
200 10
201 10
202 10
203 10
204 10
205 10
206 10
207 10
208 10
209 10
210 10
211 10
212 10
213 10
214 10
215 10
216 10
217 10
218 10
219 10
220 11
221 11
222 11
223 11
224 11
225 11
226 11
227 11
228 11
229 11
230 11
231 11
232 11
233 11
234 11
235 11
236 11
237 11
238 11
239 11
240 12
241 12
242 12
243 12
244 12
245 12
246 12
247 12
248 12
249 12
250 12
251 12
252 12
253 12
254 12
255 12
256 12
257 12
258 12
259 12
260 13
261 13
262 13
263 13
264 13
265 13
266 13
267 13
268 13
269 13
270 13
271 13
272 13
273 13
274 13
275 13
276 13
277 13
278 13
279 13
280 14
281 14
282 14
283 14
284 14
285 14
286 14
287 14
288 14
289 14
290 14
291 14
292 14
293 14
294 14
295 14
296 14
297 14
298 14
299 14
300 15
301 15
302 15
303 15
304 15
305 15
306 15
307 15
308 15
309 15
310 15
311 15
312 15
313 15
314 15
315 15
316 15
317 15
318 15
319 15

4 1 0 0
4 0 0 0
4 3 0 0
4 2 0 0
5 1 0 0
5 0 0 0
5 3 0 0
5 2 0 0
6 2 0 0
6 3 0 0
6 5 0 0
6 4 0 0
7 5 0 0
7 2 0 0
7 4 0 0
7 6 0 0
8 4 0 0
8 1 0 0
8 2 0 0
8 0 0 0
9 1 0 0
9 2 0 0
9 0 0 0
9 4 0 0
10 1 0 0
10 0 0 0
10 7 0 0
10 9 0 0
11 7 0 0
11 1 0 0
11 9 0 0
11 8 0 0
12 11 0 0
12 4 0 0
12 7 0 0
12 2 0 0
13 12 0 0
13 1 0 0
13 6 0 0
13 3 0 0
14 11 0 0
14 4 0 0
14 10 0 0
14 2 0 0
15 9 0 0
15 13 0 0
15 6 0 0
15 8 0 0
16 0 0 0
16 4 0 0
16 7 0 0
16 12 0 0
17 15 0 0
17 8 0 0
17 9 0 0
17 6 0 0
18 16 0 0
18 10 0 0
18 2 0 0
18 5 0 0
19 9 0 0
19 14 0 0
19 1 0 0
19 10 0 0
0 19 0 0
0 11 0 0
0 14 0 0
0 12 0 0
1 17 0 0
1 6 0 0
1 7 0 0
1 16 0 0
2 19 0 0
2 16 0 0
2 10 0 0
2 13 0 0
3 14 0 0
3 11 0 0
3 12 0 0
3 18 0 0
24 23 1 1
24 21 1 1
24 20 1 1
24 22 1 1
25 20 1 1
25 22 1 1
25 21 1 1
25 24 1 1
26 25 1 1
26 23 1 1
26 20 1 1
26 24 1 1
27 23 1 1
27 22 1 1
27 25 1 1
27 20 1 1
28 25 1 1
28 22 1 1
28 20 1 1
28 27 1 1
29 22 1 1
29 23 1 1
29 26 1 1
29 25 1 1
30 22 1 1
30 21 1 1
30 23 1 1
30 29 1 1
31 20 1 1
31 22 1 1
31 25 1 1
31 23 1 1
32 25 1 1
32 28 1 1
32 27 1 1
32 29 1 1
33 21 1 1
33 24 1 1
33 23 1 1
33 30 1 1
34 31 1 1
34 33 1 1
34 23 1 1
34 22 1 1
35 20 1 1
35 26 1 1
35 24 1 1
35 29 1 1
36 30 1 1
36 24 1 1
36 23 1 1
36 33 1 1
37 29 1 1
37 30 1 1
37 22 1 1
37 32 1 1
38 25 1 1
38 27 1 1
38 28 1 1
38 36 1 1
39 32 1 1
39 25 1 1
39 35 1 1
39 29 1 1
20 29 1 1
20 33 1 1
20 30 1 1
20 39 1 1
21 34 1 1
21 32 1 1
21 31 1 1
21 36 1 1
22 32 1 1
22 35 1 1
22 33 1 1
22 38 1 1
23 39 1 1
23 38 1 1
23 37 1 1
23 32 1 1
44 42 2 2
44 40 2 2
44 43 2 2
44 41 2 2
45 44 2 2
45 42 2 2
45 40 2 2
45 41 2 2
46 45 2 2
46 40 2 2
46 44 2 2
46 43 2 2
47 41 2 2
47 43 2 2
47 46 2 2
47 42 2 2
48 47 2 2
48 43 2 2
48 42 2 2
48 41 2 2
49 43 2 2
49 40 2 2
49 41 2 2
49 42 2 2
50 44 2 2
50 48 2 2
50 47 2 2
50 41 2 2
51 42 2 2
51 49 2 2
51 40 2 2
51 43 2 2
52 48 2 2
52 43 2 2
52 47 2 2
52 50 2 2
53 50 2 2
53 44 2 2
53 46 2 2
53 47 2 2
54 46 2 2
54 51 2 2
54 49 2 2
54 40 2 2
55 43 2 2
55 40 2 2
55 45 2 2
55 46 2 2
56 50 2 2
56 49 2 2
56 47 2 2
56 48 2 2
57 51 2 2
57 43 2 2
57 49 2 2
57 46 2 2
58 53 2 2
58 49 2 2
58 47 2 2
58 48 2 2
59 43 2 2
59 46 2 2
59 44 2 2
59 40 2 2
40 57 2 2
40 56 2 2
40 58 2 2
40 53 2 2
41 56 2 2
41 51 2 2
41 53 2 2
41 57 2 2
42 57 2 2
42 59 2 2
42 52 2 2
42 54 2 2
43 54 2 2
43 58 2 2
43 56 2 2
43 45 2 2
64 60 3 3
64 63 3 3
64 62 3 3
64 61 3 3
65 64 3 3
65 60 3 3
65 62 3 3
65 63 3 3
66 60 3 3
66 63 3 3
66 62 3 3
66 65 3 3
67 60 3 3
67 61 3 3
67 64 3 3
67 62 3 3
68 67 3 3
68 61 3 3
68 66 3 3
68 64 3 3
69 62 3 3
69 61 3 3
69 64 3 3
69 60 3 3
70 69 3 3
70 68 3 3
70 65 3 3
70 60 3 3
71 65 3 3
71 66 3 3
71 61 3 3
71 69 3 3
72 66 3 3
72 60 3 3
72 68 3 3
72 70 3 3
73 68 3 3
73 62 3 3
73 60 3 3
73 66 3 3
74 67 3 3
74 61 3 3
74 64 3 3
74 60 3 3
75 65 3 3
75 64 3 3
75 73 3 3
75 66 3 3
76 70 3 3
76 73 3 3
76 71 3 3
76 60 3 3
77 62 3 3
77 74 3 3
77 60 3 3
77 68 3 3
78 73 3 3
78 70 3 3
78 62 3 3
78 76 3 3
79 66 3 3
79 71 3 3
79 72 3 3
79 60 3 3
60 71 3 3
60 68 3 3
60 78 3 3
60 75 3 3
61 73 3 3
61 76 3 3
61 78 3 3
61 65 3 3
62 71 3 3
62 74 3 3
62 70 3 3
62 76 3 3
63 70 3 3
63 75 3 3
63 72 3 3
63 73 3 3
84 81 4 4
84 83 4 4
84 82 4 4
84 80 4 4
85 84 4 4
85 81 4 4
85 82 4 4
85 83 4 4
86 84 4 4
86 81 4 4
86 82 4 4
86 83 4 4
87 86 4 4
87 85 4 4
87 84 4 4
87 81 4 4
88 87 4 4
88 83 4 4
88 86 4 4
88 84 4 4
89 86 4 4
89 87 4 4
89 88 4 4
89 84 4 4
90 80 4 4
90 85 4 4
90 82 4 4
90 84 4 4
91 81 4 4
91 89 4 4
91 90 4 4
91 88 4 4
92 80 4 4
92 88 4 4
92 86 4 4
92 82 4 4
93 86 4 4
93 92 4 4
93 89 4 4
93 88 4 4
94 86 4 4
94 83 4 4
94 92 4 4
94 84 4 4
95 81 4 4
95 85 4 4
95 94 4 4
95 87 4 4
96 80 4 4
96 88 4 4
96 89 4 4
96 90 4 4
97 82 4 4
97 89 4 4
97 90 4 4
97 91 4 4
98 97 4 4
98 91 4 4
98 96 4 4
98 81 4 4
99 84 4 4
99 87 4 4
99 93 4 4
99 86 4 4
80 93 4 4
80 97 4 4
80 95 4 4
80 86 4 4
81 97 4 4
81 89 4 4
81 92 4 4
81 94 4 4
82 94 4 4
82 88 4 4
82 89 4 4
82 93 4 4
83 93 4 4
83 87 4 4
83 92 4 4
83 96 4 4
104 102 5 5
104 103 5 5
104 101 5 5
104 100 5 5
105 102 5 5
105 103 5 5
105 104 5 5
105 101 5 5
106 103 5 5
106 102 5 5
106 105 5 5
106 104 5 5
107 105 5 5
107 100 5 5
107 104 5 5
107 106 5 5
108 106 5 5
108 103 5 5
108 104 5 5
108 100 5 5
109 108 5 5
109 104 5 5
109 106 5 5
109 107 5 5
110 104 5 5
110 107 5 5
110 105 5 5
110 102 5 5
111 100 5 5
111 103 5 5
111 108 5 5
111 107 5 5
112 102 5 5
112 106 5 5
112 109 5 5
112 108 5 5
113 110 5 5
113 103 5 5
113 105 5 5
113 112 5 5
114 107 5 5
114 109 5 5
114 105 5 5
114 102 5 5
115 111 5 5
115 108 5 5
115 107 5 5
115 112 5 5
116 106 5 5
116 115 5 5
116 102 5 5
116 107 5 5
117 115 5 5
117 103 5 5
117 113 5 5
117 107 5 5
118 100 5 5
118 111 5 5
118 115 5 5
118 103 5 5
119 109 5 5
119 118 5 5
119 107 5 5
119 101 5 5
100 114 5 5
100 117 5 5
100 115 5 5
100 119 5 5
101 113 5 5
101 112 5 5
101 109 5 5
101 117 5 5
102 107 5 5
102 113 5 5
102 108 5 5
102 115 5 5
103 110 5 5
103 112 5 5
103 114 5 5
103 107 5 5
124 120 6 6
124 122 6 6
124 123 6 6
124 121 6 6
125 124 6 6
125 121 6 6
125 122 6 6
125 120 6 6
126 123 6 6
126 124 6 6
126 120 6 6
126 121 6 6
127 125 6 6
127 124 6 6
127 120 6 6
127 121 6 6
128 120 6 6
128 124 6 6
128 126 6 6
128 122 6 6
129 128 6 6
129 127 6 6
129 124 6 6
129 123 6 6
130 125 6 6
130 129 6 6
130 127 6 6
130 124 6 6
131 130 6 6
131 125 6 6
131 121 6 6
131 124 6 6
132 120 6 6
132 130 6 6
132 129 6 6
132 131 6 6
133 123 6 6
133 128 6 6
133 129 6 6
133 130 6 6
134 133 6 6
134 132 6 6
134 128 6 6
134 120 6 6
135 132 6 6
135 126 6 6
135 130 6 6
135 134 6 6
136 132 6 6
136 130 6 6
136 134 6 6
136 128 6 6
137 130 6 6
137 127 6 6
137 132 6 6
137 121 6 6
138 128 6 6
138 127 6 6
138 131 6 6
138 136 6 6
139 129 6 6
139 122 6 6
139 127 6 6
139 134 6 6
120 136 6 6
120 133 6 6
120 129 6 6
120 135 6 6
121 132 6 6
121 138 6 6
121 135 6 6
121 136 6 6
122 126 6 6
122 127 6 6
122 129 6 6
122 133 6 6
123 132 6 6
123 128 6 6
123 135 6 6
123 138 6 6
144 142 7 7
144 140 7 7
144 141 7 7
144 143 7 7
145 143 7 7
145 140 7 7
145 142 7 7
145 144 7 7
146 143 7 7
146 145 7 7
146 141 7 7
146 144 7 7
147 141 7 7
147 142 7 7
147 140 7 7
147 144 7 7
148 144 7 7
148 142 7 7
148 146 7 7
148 147 7 7
149 144 7 7
149 143 7 7
149 140 7 7
149 146 7 7
150 144 7 7
150 146 7 7
150 140 7 7
150 148 7 7
151 140 7 7
151 143 7 7
151 145 7 7
151 147 7 7
152 144 7 7
152 146 7 7
152 142 7 7
152 150 7 7
153 145 7 7
153 140 7 7
153 147 7 7
153 151 7 7
154 144 7 7
154 148 7 7
154 140 7 7
154 153 7 7
155 154 7 7
155 148 7 7
155 144 7 7
155 147 7 7
156 143 7 7
156 141 7 7
156 151 7 7
156 152 7 7
157 148 7 7
157 152 7 7
157 146 7 7
157 143 7 7
158 155 7 7
158 144 7 7
158 148 7 7
158 146 7 7
159 145 7 7
159 152 7 7
159 153 7 7
159 156 7 7
140 152 7 7
140 157 7 7
140 159 7 7
140 148 7 7
141 154 7 7
141 148 7 7
141 152 7 7
141 159 7 7
142 158 7 7
142 156 7 7
142 159 7 7
142 154 7 7
143 153 7 7
143 150 7 7
143 159 7 7
143 152 7 7
164 161 8 8
164 160 8 8
164 162 8 8
164 163 8 8
165 160 8 8
165 164 8 8
165 161 8 8
165 163 8 8
166 160 8 8
166 165 8 8
166 163 8 8
166 162 8 8
167 160 8 8
167 163 8 8
167 161 8 8
167 164 8 8
168 162 8 8
168 165 8 8
168 160 8 8
168 163 8 8
169 163 8 8
169 162 8 8
169 164 8 8
169 166 8 8
170 165 8 8
170 162 8 8
170 169 8 8
170 166 8 8
171 161 8 8
171 169 8 8
171 167 8 8
171 168 8 8
172 169 8 8
172 167 8 8
172 171 8 8
172 161 8 8
173 167 8 8
173 163 8 8
173 161 8 8
173 165 8 8
174 167 8 8
174 166 8 8
174 173 8 8
174 168 8 8
175 173 8 8
175 169 8 8
175 164 8 8
175 161 8 8
176 163 8 8
176 172 8 8
176 173 8 8
176 171 8 8
177 173 8 8
177 167 8 8
177 164 8 8
177 165 8 8
178 169 8 8
178 161 8 8
178 173 8 8
178 164 8 8
179 172 8 8
179 168 8 8
179 175 8 8
179 169 8 8
160 177 8 8
160 170 8 8
160 178 8 8
160 171 8 8
161 166 8 8
161 169 8 8
161 179 8 8
161 174 8 8
162 165 8 8
162 173 8 8
162 178 8 8
162 176 8 8
163 179 8 8
163 178 8 8
163 171 8 8
163 172 8 8
184 181 9 9
184 183 9 9
184 180 9 9
184 182 9 9
185 180 9 9
185 181 9 9
185 182 9 9
185 184 9 9
186 183 9 9
186 182 9 9
186 184 9 9
186 181 9 9
187 186 9 9
187 180 9 9
187 185 9 9
187 181 9 9
188 180 9 9
188 186 9 9
188 187 9 9
188 185 9 9
189 186 9 9
189 181 9 9
189 184 9 9
189 182 9 9
190 185 9 9
190 180 9 9
190 184 9 9
190 189 9 9
191 181 9 9
191 180 9 9
191 183 9 9
191 190 9 9
192 185 9 9
192 187 9 9
192 190 9 9
192 182 9 9
193 183 9 9
193 190 9 9
193 188 9 9
193 181 9 9
194 190 9 9
194 189 9 9
194 188 9 9
194 182 9 9
195 192 9 9
195 189 9 9
195 194 9 9
195 184 9 9
196 190 9 9
196 192 9 9
196 188 9 9
196 184 9 9
197 184 9 9
197 189 9 9
197 186 9 9
197 192 9 9
198 184 9 9
198 180 9 9
198 193 9 9
198 192 9 9
199 192 9 9
199 180 9 9
199 191 9 9
199 196 9 9
180 194 9 9
180 192 9 9
180 196 9 9
180 189 9 9
181 194 9 9
181 190 9 9
181 188 9 9
181 196 9 9
182 193 9 9
182 191 9 9
182 199 9 9
182 195 9 9
183 195 9 9
183 189 9 9
183 199 9 9
183 197 9 9
204 203 10 10
204 200 10 10
204 202 10 10
204 201 10 10
205 202 10 10
205 204 10 10
205 201 10 10
205 203 10 10
206 202 10 10
206 203 10 10
206 205 10 10
206 204 10 10
207 201 10 10
207 205 10 10
207 204 10 10
207 206 10 10
208 202 10 10
208 200 10 10
208 206 10 10
208 207 10 10
209 200 10 10
209 202 10 10
209 201 10 10
209 208 10 10
210 200 10 10
210 205 10 10
210 201 10 10
210 207 10 10
211 202 10 10
211 206 10 10
211 210 10 10
211 209 10 10
212 202 10 10
212 208 10 10
212 210 10 10
212 205 10 10
213 211 10 10
213 201 10 10
213 204 10 10
213 209 10 10
214 207 10 10
214 200 10 10
214 206 10 10
214 202 10 10
215 211 10 10
215 208 10 10
215 209 10 10
215 202 10 10
216 202 10 10
216 206 10 10
216 211 10 10
216 209 10 10
217 213 10 10
217 202 10 10
217 215 10 10
217 209 10 10
218 217 10 10
218 216 10 10
218 201 10 10
218 202 10 10
219 216 10 10
219 218 10 10
219 217 10 10
219 200 10 10
200 212 10 10
200 217 10 10
200 213 10 10
200 207 10 10
201 214 10 10
201 212 10 10
201 217 10 10
201 208 10 10
202 210 10 10
202 219 10 10
202 207 10 10
202 213 10 10
203 217 10 10
203 216 10 10
203 208 10 10
203 213 10 10
224 221 11 11
224 220 11 11
224 223 11 11
224 222 11 11
225 222 11 11
225 223 11 11
225 221 11 11
225 224 11 11
226 225 11 11
226 223 11 11
226 224 11 11
226 222 11 11
227 226 11 11
227 220 11 11
227 225 11 11
227 221 11 11
228 226 11 11
228 227 11 11
228 222 11 11
228 223 11 11
229 223 11 11
229 222 11 11
229 221 11 11
229 224 11 11
230 227 11 11
230 226 11 11
230 224 11 11
230 222 11 11
231 229 11 11
231 226 11 11
231 228 11 11
231 227 11 11
232 229 11 11
232 228 11 11
232 230 11 11
232 224 11 11
233 222 11 11
233 225 11 11
233 231 11 11
233 221 11 11
234 223 11 11
234 220 11 11
234 221 11 11
234 226 11 11
235 221 11 11
235 232 11 11
235 229 11 11
235 233 11 11
236 235 11 11
236 220 11 11
236 227 11 11
236 222 11 11
237 226 11 11
237 223 11 11
237 224 11 11
237 221 11 11
238 224 11 11
238 220 11 11
238 221 11 11
238 229 11 11
239 236 11 11
239 232 11 11
239 231 11 11
239 228 11 11
220 225 11 11
220 235 11 11
220 233 11 11
220 228 11 11
221 236 11 11
221 232 11 11
221 228 11 11
221 226 11 11
222 235 11 11
222 238 11 11
222 239 11 11
222 231 11 11
223 236 11 11
223 235 11 11
223 227 11 11
223 233 11 11
244 241 12 12
244 243 12 12
244 242 12 12
244 240 12 12
245 244 12 12
245 242 12 12
245 241 12 12
245 243 12 12
246 242 12 12
246 244 12 12
246 243 12 12
246 241 12 12
247 244 12 12
247 241 12 12
247 240 12 12
247 242 12 12
248 244 12 12
248 247 12 12
248 246 12 12
248 243 12 12
249 244 12 12
249 243 12 12
249 242 12 12
249 247 12 12
250 246 12 12
250 241 12 12
250 242 12 12
250 244 12 12
251 244 12 12
251 245 12 12
251 249 12 12
251 243 12 12
252 244 12 12
252 241 12 12
252 242 12 12
252 248 12 12
253 250 12 12
253 246 12 12
253 241 12 12
253 245 12 12
254 245 12 12
254 251 12 12
254 250 12 12
254 249 12 12
255 254 12 12
255 240 12 12
255 245 12 12
255 246 12 12
256 242 12 12
256 251 12 12
256 253 12 12
256 246 12 12
257 241 12 12
257 248 12 12
257 255 12 12
257 253 12 12
258 256 12 12
258 257 12 12
258 250 12 12
258 244 12 12
259 253 12 12
259 250 12 12
259 241 12 12
259 248 12 12
240 249 12 12
240 254 12 12
240 259 12 12
240 248 12 12
241 249 12 12
241 255 12 12
241 256 12 12
241 248 12 12
242 248 12 12
242 255 12 12
242 254 12 12
242 257 12 12
243 254 12 12
243 255 12 12
243 252 12 12
243 253 12 12
264 260 13 13
264 261 13 13
264 263 13 13
264 262 13 13
265 264 13 13
265 262 13 13
265 260 13 13
265 263 13 13
266 265 13 13
266 263 13 13
266 262 13 13
266 260 13 13
267 260 13 13
267 261 13 13
267 265 13 13
267 263 13 13
268 260 13 13
268 261 13 13
268 265 13 13
268 263 13 13
269 267 13 13
269 268 13 13
269 260 13 13
269 265 13 13
270 265 13 13
270 264 13 13
270 262 13 13
270 269 13 13
271 263 13 13
271 268 13 13
271 265 13 13
271 266 13 13
272 271 13 13
272 269 13 13
272 261 13 13
272 268 13 13
273 260 13 13
273 263 13 13
273 272 13 13
273 268 13 13
274 269 13 13
274 271 13 13
274 264 13 13
274 270 13 13
275 270 13 13
275 266 13 13
275 272 13 13
275 260 13 13
276 268 13 13
276 267 13 13
276 274 13 13
276 265 13 13
277 267 13 13
277 261 13 13
277 268 13 13
277 266 13 13
278 269 13 13
278 277 13 13
278 274 13 13
278 276 13 13
279 271 13 13
279 263 13 13
279 275 13 13
279 270 13 13
260 270 13 13
260 278 13 13
260 274 13 13
260 271 13 13
261 265 13 13
261 276 13 13
261 278 13 13
261 273 13 13
262 273 13 13
262 277 13 13
262 272 13 13
262 275 13 13
263 278 13 13
263 269 13 13
263 272 13 13
263 276 13 13
284 281 14 14
284 280 14 14
284 282 14 14
284 283 14 14
285 281 14 14
285 280 14 14
285 283 14 14
285 282 14 14
286 280 14 14
286 282 14 14
286 281 14 14
286 284 14 14
287 285 14 14
287 282 14 14
287 280 14 14
287 281 14 14
288 283 14 14
288 287 14 14
288 285 14 14
288 281 14 14
289 284 14 14
289 281 14 14
289 282 14 14
289 285 14 14
290 283 14 14
290 286 14 14
290 280 14 14
290 282 14 14
291 282 14 14
291 281 14 14
291 289 14 14
291 280 14 14
292 291 14 14
292 281 14 14
292 283 14 14
292 280 14 14
293 290 14 14
293 284 14 14
293 281 14 14
293 286 14 14
294 290 14 14
294 284 14 14
294 288 14 14
294 282 14 14
295 289 14 14
295 284 14 14
295 291 14 14
295 286 14 14
296 295 14 14
296 286 14 14
296 289 14 14
296 288 14 14
297 289 14 14
297 282 14 14
297 284 14 14
297 287 14 14
298 283 14 14
298 297 14 14
298 288 14 14
298 284 14 14
299 287 14 14
299 297 14 14
299 294 14 14
299 298 14 14
280 289 14 14
280 297 14 14
280 288 14 14
280 294 14 14
281 296 14 14
281 295 14 14
281 297 14 14
281 299 14 14
282 295 14 14
282 296 14 14
282 299 14 14
282 292 14 14
283 295 14 14
283 296 14 14
283 299 14 14
283 287 14 14
304 300 15 15
304 302 15 15
304 303 15 15
304 301 15 15
305 304 15 15
305 302 15 15
305 303 15 15
305 300 15 15
306 304 15 15
306 302 15 15
306 300 15 15
306 303 15 15
307 300 15 15
307 303 15 15
307 302 15 15
307 304 15 15
308 304 15 15
308 303 15 15
308 305 15 15
308 306 15 15
309 306 15 15
309 300 15 15
309 302 15 15
309 301 15 15
310 304 15 15
310 303 15 15
310 308 15 15
310 307 15 15
311 302 15 15
311 307 15 15
311 306 15 15
311 309 15 15
312 311 15 15
312 300 15 15
312 303 15 15
312 307 15 15
313 300 15 15
313 302 15 15
313 311 15 15
313 308 15 15
314 308 15 15
314 304 15 15
314 303 15 15
314 306 15 15
315 303 15 15
315 305 15 15
315 300 15 15
315 314 15 15
316 310 15 15
316 303 15 15
316 302 15 15
316 307 15 15
317 305 15 15
317 300 15 15
317 301 15 15
317 313 15 15
318 307 15 15
318 301 15 15
318 310 15 15
318 316 15 15
319 310 15 15
319 317 15 15
319 305 15 15
319 315 15 15
300 310 15 15
300 318 15 15
300 319 15 15
300 316 15 15
301 313 15 15
301 316 15 15
301 306 15 15
301 312 15 15
302 312 15 15
302 310 15 15
302 317 15 15
302 314 15 15
303 317 15 15
303 319 15 15
303 309 15 15
303 313 15 15
83 1 4 0
95 22 4 1
91 41 4 2
82 60 4 3
116 99 5 4
115 21 5 1
116 72 5 3
114 12 5 0
137 40 6 2
127 61 6 3
134 81 6 4
125 31 6 1
159 26 7 1
158 58 7 2
150 136 7 6
156 119 7 5
178 68 8 3
166 33 8 1
176 53 8 2
165 17 8 0
196 175 9 8
186 135 9 6
197 34 9 1
180 150 9 7
210 112 10 5
212 168 10 8
200 0 10 0
217 188 10 9
239 207 11 10
223 3 11 0
239 160 11 8
227 197 11 9
243 182 12 9
256 22 12 1
247 215 12 10
248 136 12 6
263 194 13 9
263 179 13 8
271 240 13 12
266 30 13 1
296 66 14 3
283 119 14 5
289 163 14 8
290 251 14 12
309 0 15 0
316 179 15 8
308 82 15 4
316 241 15 12
17 249 0 12
14 138 0 6
11 298 0 14
10 155 0 7
36 228 1 11
26 208 1 10
25 311 1 15
30 286 1 14
58 252 2 12
59 114 2 5
53 312 2 15
41 207 2 10
67 309 3 15
61 273 3 13
64 228 3 11
62 196 3 9
