swNum = 320
edgeNum = 1344

0 0
1 0
2 0
3 0
4 0
5 0
6 0
7 0
8 0
9 0
10 0
11 0
12 0
13 0
14 0
15 0
16 0
17 0
18 0
19 0
20 1
21 1
22 1
23 1
24 1
25 1
26 1
27 1
28 1
29 1
30 1
31 1
32 1
33 1
34 1
35 1
36 1
37 1
38 1
39 1
40 2
41 2
42 2
43 2
44 2
45 2
46 2
47 2
48 2
49 2
50 2
51 2
52 2
53 2
54 2
55 2
56 2
57 2
58 2
59 2
60 3
61 3
62 3
63 3
64 3
65 3
66 3
67 3
68 3
69 3
70 3
71 3
72 3
73 3
74 3
75 3
76 3
77 3
78 3
79 3
80 4
81 4
82 4
83 4
84 4
85 4
86 4
87 4
88 4
89 4
90 4
91 4
92 4
93 4
94 4
95 4
96 4
97 4
98 4
99 4
100 5
101 5
102 5
103 5
104 5
105 5
106 5
107 5
108 5
109 5
110 5
111 5
112 5
113 5
114 5
115 5
116 5
117 5
118 5
119 5
120 6
121 6
122 6
123 6
124 6
125 6
126 6
127 6
128 6
129 6
130 6
131 6
132 6
133 6
134 6
135 6
136 6
137 6
138 6
139 6
140 7
141 7
142 7
143 7
144 7
145 7
146 7
147 7
148 7
149 7
150 7
151 7
152 7
153 7
154 7
155 7
156 7
157 7
158 7
159 7
160 8
161 8
162 8
163 8
164 8
165 8
166 8
167 8
168 8
169 8
170 8
171 8
172 8
173 8
174 8
175 8
176 8
177 8
178 8
179 8
180 9
181 9
182 9
183 9
184 9
185 9
186 9
187 9
188 9
189 9
190 9
191 9
192 9
193 9
194 9
195 9
196 9
197 9
198 9
199 9
200 10
201 10
202 10
203 10
204 10
205 10
206 10
207 10
208 10
209 10
210 10
211 10
212 10
213 10
214 10
215 10
216 10
217 10
218 10
219 10
220 11
221 11
222 11
223 11
224 11
225 11
226 11
227 11
228 11
229 11
230 11
231 11
232 11
233 11
234 11
235 11
236 11
237 11
238 11
239 11
240 12
241 12
242 12
243 12
244 12
245 12
246 12
247 12
248 12
249 12
250 12
251 12
252 12
253 12
254 12
255 12
256 12
257 12
258 12
259 12
260 13
261 13
262 13
263 13
264 13
265 13
266 13
267 13
268 13
269 13
270 13
271 13
272 13
273 13
274 13
275 13
276 13
277 13
278 13
279 13
280 14
281 14
282 14
283 14
284 14
285 14
286 14
287 14
288 14
289 14
290 14
291 14
292 14
293 14
294 14
295 14
296 14
297 14
298 14
299 14
300 15
301 15
302 15
303 15
304 15
305 15
306 15
307 15
308 15
309 15
310 15
311 15
312 15
313 15
314 15
315 15
316 15
317 15
318 15
319 15

4 2 0 0
4 3 0 0
4 1 0 0
4 0 0 0
5 2 0 0
5 4 0 0
5 0 0 0
5 3 0 0
6 2 0 0
6 0 0 0
6 3 0 0
6 4 0 0
7 2 0 0
7 4 0 0
7 5 0 0
7 6 0 0
8 4 0 0
8 3 0 0
8 1 0 0
8 0 0 0
9 0 0 0
9 6 0 0
9 2 0 0
9 1 0 0
10 0 0 0
10 6 0 0
10 2 0 0
10 7 0 0
11 3 0 0
11 8 0 0
11 7 0 0
11 9 0 0
12 8 0 0
12 5 0 0
12 11 0 0
12 7 0 0
13 11 0 0
13 8 0 0
13 10 0 0
13 7 0 0
14 7 0 0
14 2 0 0
14 10 0 0
14 4 0 0
15 14 0 0
15 8 0 0
15 12 0 0
15 10 0 0
16 15 0 0
16 14 0 0
16 2 0 0
16 4 0 0
17 8 0 0
17 15 0 0
17 5 0 0
17 2 0 0
18 11 0 0
18 5 0 0
18 2 0 0
18 9 0 0
19 3 0 0
19 7 0 0
19 16 0 0
19 18 0 0
0 18 0 0
0 12 0 0
0 17 0 0
0 15 0 0
1 10 0 0
1 12 0 0
1 7 0 0
1 15 0 0
2 11 0 0
2 19 0 0
2 12 0 0
2 13 0 0
3 12 0 0
3 13 0 0
3 17 0 0
3 15 0 0
24 21 1 1
24 22 1 1
24 23 1 1
24 20 1 1
25 20 1 1
25 23 1 1
25 24 1 1
25 22 1 1
26 23 1 1
26 21 1 1
26 24 1 1
26 22 1 1
27 26 1 1
27 23 1 1
27 25 1 1
27 20 1 1
28 22 1 1
28 20 1 1
28 21 1 1
28 24 1 1
29 28 1 1
29 21 1 1
29 20 1 1
29 24 1 1
30 28 1 1
30 24 1 1
30 29 1 1
30 21 1 1
31 27 1 1
31 25 1 1
31 26 1 1
31 30 1 1
32 29 1 1
32 25 1 1
32 21 1 1
32 24 1 1
33 27 1 1
33 31 1 1
33 23 1 1
33 25 1 1
34 25 1 1
34 27 1 1
34 26 1 1
34 23 1 1
35 34 1 1
35 22 1 1
35 20 1 1
35 32 1 1
36 20 1 1
36 26 1 1
36 23 1 1
36 29 1 1
37 36 1 1
37 35 1 1
37 30 1 1
37 28 1 1
38 30 1 1
38 28 1 1
38 33 1 1
38 32 1 1
39 22 1 1
39 21 1 1
39 23 1 1
39 30 1 1
20 31 1 1
20 38 1 1
20 33 1 1
20 34 1 1
21 37 1 1
21 34 1 1
21 36 1 1
21 35 1 1
22 38 1 1
22 30 1 1
22 29 1 1
22 27 1 1
23 35 1 1
23 29 1 1
23 28 1 1
23 31 1 1
44 40 2 2
44 43 2 2
44 42 2 2
44 41 2 2
45 44 2 2
45 41 2 2
45 40 2 2
45 42 2 2
46 40 2 2
46 43 2 2
46 42 2 2
46 44 2 2
47 41 2 2
47 45 2 2
47 43 2 2
47 44 2 2
48 44 2 2
48 46 2 2
48 42 2 2
48 43 2 2
49 43 2 2
49 47 2 2
49 45 2 2
49 40 2 2
50 47 2 2
50 45 2 2
50 43 2 2
50 41 2 2
51 44 2 2
51 43 2 2
51 42 2 2
51 40 2 2
52 43 2 2
52 49 2 2
52 40 2 2
52 47 2 2
53 47 2 2
53 44 2 2
53 40 2 2
53 50 2 2
54 41 2 2
54 43 2 2
54 50 2 2
54 46 2 2
55 44 2 2
55 40 2 2
55 54 2 2
55 43 2 2
56 44 2 2
56 48 2 2
56 41 2 2
56 55 2 2
57 43 2 2
57 46 2 2
57 45 2 2
57 42 2 2
58 50 2 2
58 40 2 2
58 47 2 2
58 42 2 2
59 51 2 2
59 49 2 2
59 58 2 2
59 44 2 2
40 47 2 2
40 57 2 2
40 56 2 2
40 48 2 2
41 52 2 2
41 58 2 2
41 59 2 2
41 51 2 2
42 56 2 2
42 52 2 2
42 49 2 2
42 59 2 2
43 59 2 2
43 45 2 2
43 53 2 2
43 58 2 2
64 62 3 3
64 60 3 3
64 63 3 3
64 61 3 3
65 60 3 3
65 62 3 3
65 61 3 3
65 63 3 3
66 65 3 3
66 60 3 3
66 61 3 3
66 64 3 3
67 64 3 3
67 60 3 3
67 63 3 3
67 65 3 3
68 62 3 3
68 65 3 3
68 63 3 3
68 60 3 3
69 66 3 3
69 60 3 3
69 67 3 3
69 68 3 3
70 65 3 3
70 62 3 3
70 68 3 3
70 67 3 3
71 68 3 3
71 67 3 3
71 64 3 3
71 66 3 3
72 69 3 3
72 70 3 3
72 68 3 3
72 65 3 3
73 71 3 3
73 60 3 3
73 69 3 3
73 66 3 3
74 66 3 3
74 69 3 3
74 73 3 3
74 67 3 3
75 65 3 3
75 71 3 3
75 60 3 3
75 67 3 3
76 69 3 3
76 74 3 3
76 66 3 3
76 62 3 3
77 68 3 3
77 63 3 3
77 71 3 3
77 65 3 3
78 70 3 3
78 60 3 3
78 61 3 3
78 77 3 3
79 70 3 3
79 61 3 3
79 78 3 3
79 68 3 3
60 71 3 3
60 77 3 3
60 70 3 3
60 79 3 3
61 68 3 3
61 67 3 3
61 69 3 3
61 75 3 3
62 79 3 3
62 67 3 3
62 66 3 3
62 75 3 3
63 70 3 3
63 78 3 3
63 69 3 3
63 79 3 3
84 82 4 4
84 80 4 4
84 81 4 4
84 83 4 4
85 81 4 4
85 82 4 4
85 83 4 4
85 80 4 4
86 81 4 4
86 85 4 4
86 83 4 4
86 82 4 4
87 81 4 4
87 84 4 4
87 86 4 4
87 80 4 4
88 87 4 4
88 83 4 4
88 81 4 4
88 86 4 4
89 82 4 4
89 81 4 4
89 88 4 4
89 80 4 4
90 88 4 4
90 81 4 4
90 84 4 4
90 87 4 4
91 84 4 4
91 80 4 4
91 86 4 4
91 81 4 4
92 83 4 4
92 80 4 4
92 89 4 4
92 82 4 4
93 92 4 4
93 88 4 4
93 83 4 4
93 84 4 4
94 89 4 4
94 83 4 4
94 88 4 4
94 93 4 4
95 83 4 4
95 93 4 4
95 85 4 4
95 90 4 4
96 93 4 4
96 91 4 4
96 94 4 4
96 87 4 4
97 93 4 4
97 94 4 4
97 88 4 4
97 92 4 4
98 96 4 4
98 84 4 4
98 80 4 4
98 91 4 4
99 80 4 4
99 98 4 4
99 84 4 4
99 90 4 4
80 96 4 4
80 88 4 4
80 86 4 4
80 95 4 4
81 95 4 4
81 94 4 4
81 97 4 4
81 93 4 4
82 88 4 4
82 96 4 4
82 90 4 4
82 97 4 4
83 90 4 4
83 97 4 4
83 99 4 4
83 87 4 4
104 102 5 5
104 101 5 5
104 100 5 5
104 103 5 5
105 104 5 5
105 100 5 5
105 102 5 5
105 103 5 5
106 100 5 5
106 105 5 5
106 104 5 5
106 102 5 5
107 104 5 5
107 105 5 5
107 102 5 5
107 106 5 5
108 102 5 5
108 107 5 5
108 100 5 5
108 104 5 5
109 100 5 5
109 105 5 5
109 103 5 5
109 108 5 5
110 103 5 5
110 106 5 5
110 100 5 5
110 109 5 5
111 106 5 5
111 110 5 5
111 107 5 5
111 104 5 5
112 106 5 5
112 102 5 5
112 111 5 5
112 107 5 5
113 105 5 5
113 106 5 5
113 104 5 5
113 112 5 5
114 102 5 5
114 103 5 5
114 112 5 5
114 111 5 5
115 108 5 5
115 112 5 5
115 100 5 5
115 110 5 5
116 113 5 5
116 108 5 5
116 106 5 5
116 100 5 5
117 108 5 5
117 109 5 5
117 103 5 5
117 114 5 5
118 115 5 5
118 106 5 5
118 112 5 5
118 109 5 5
119 106 5 5
119 104 5 5
119 102 5 5
119 113 5 5
100 111 5 5
100 112 5 5
100 117 5 5
100 114 5 5
101 113 5 5
101 117 5 5
101 119 5 5
101 114 5 5
102 113 5 5
102 111 5 5
102 115 5 5
102 110 5 5
103 106 5 5
103 107 5 5
103 112 5 5
103 113 5 5
124 123 6 6
124 120 6 6
124 121 6 6
124 122 6 6
125 120 6 6
125 121 6 6
125 124 6 6
125 122 6 6
126 123 6 6
126 121 6 6
126 125 6 6
126 124 6 6
127 120 6 6
127 122 6 6
127 126 6 6
127 121 6 6
128 126 6 6
128 123 6 6
128 127 6 6
128 125 6 6
129 126 6 6
129 122 6 6
129 125 6 6
129 124 6 6
130 128 6 6
130 127 6 6
130 123 6 6
130 120 6 6
131 127 6 6
131 121 6 6
131 125 6 6
131 122 6 6
132 120 6 6
132 124 6 6
132 126 6 6
132 131 6 6
133 121 6 6
133 127 6 6
133 126 6 6
133 124 6 6
134 126 6 6
134 131 6 6
134 120 6 6
134 123 6 6
135 129 6 6
135 123 6 6
135 133 6 6
135 131 6 6
136 127 6 6
136 131 6 6
136 134 6 6
136 122 6 6
137 121 6 6
137 131 6 6
137 125 6 6
137 133 6 6
138 129 6 6
138 132 6 6
138 125 6 6
138 134 6 6
139 131 6 6
139 130 6 6
139 122 6 6
139 137 6 6
120 136 6 6
120 135 6 6
120 131 6 6
120 126 6 6
121 139 6 6
121 128 6 6
121 132 6 6
121 136 6 6
122 128 6 6
122 137 6 6
122 138 6 6
122 130 6 6
123 139 6 6
123 132 6 6
123 125 6 6
123 131 6 6
144 142 7 7
144 141 7 7
144 140 7 7
144 143 7 7
145 142 7 7
145 144 7 7
145 143 7 7
145 141 7 7
146 141 7 7
146 142 7 7
146 140 7 7
146 143 7 7
147 141 7 7
147 146 7 7
147 143 7 7
147 145 7 7
148 143 7 7
148 145 7 7
148 146 7 7
148 141 7 7
149 141 7 7
149 145 7 7
149 144 7 7
149 143 7 7
150 140 7 7
150 148 7 7
150 143 7 7
150 146 7 7
151 142 7 7
151 141 7 7
151 147 7 7
151 148 7 7
152 141 7 7
152 145 7 7
152 148 7 7
152 144 7 7
153 143 7 7
153 150 7 7
153 146 7 7
153 148 7 7
154 143 7 7
154 147 7 7
154 148 7 7
154 149 7 7
155 150 7 7
155 151 7 7
155 140 7 7
155 153 7 7
156 147 7 7
156 142 7 7
156 151 7 7
156 149 7 7
157 144 7 7
157 143 7 7
157 152 7 7
157 145 7 7
158 153 7 7
158 142 7 7
158 157 7 7
158 146 7 7
159 151 7 7
159 146 7 7
159 153 7 7
159 154 7 7
140 153 7 7
140 159 7 7
140 154 7 7
140 152 7 7
141 157 7 7
141 158 7 7
141 156 7 7
141 155 7 7
142 154 7 7
142 157 7 7
142 149 7 7
142 147 7 7
143 155 7 7
143 159 7 7
143 152 7 7
143 151 7 7
164 163 8 8
164 161 8 8
164 160 8 8
164 162 8 8
165 162 8 8
165 161 8 8
165 160 8 8
165 163 8 8
166 164 8 8
166 165 8 8
166 163 8 8
166 162 8 8
167 161 8 8
167 164 8 8
167 162 8 8
167 163 8 8
168 160 8 8
168 165 8 8
168 163 8 8
168 167 8 8
169 167 8 8
169 166 8 8
169 164 8 8
169 160 8 8
170 168 8 8
170 163 8 8
170 164 8 8
170 165 8 8
171 162 8 8
171 161 8 8
171 160 8 8
171 169 8 8
172 160 8 8
172 169 8 8
172 165 8 8
172 164 8 8
173 160 8 8
173 162 8 8
173 172 8 8
173 169 8 8
174 169 8 8
174 160 8 8
174 165 8 8
174 172 8 8
175 169 8 8
175 173 8 8
175 171 8 8
175 174 8 8
176 161 8 8
176 166 8 8
176 167 8 8
176 170 8 8
177 167 8 8
177 170 8 8
177 165 8 8
177 168 8 8
178 161 8 8
178 172 8 8
178 168 8 8
178 173 8 8
179 164 8 8
179 162 8 8
179 165 8 8
179 163 8 8
160 175 8 8
160 166 8 8
160 179 8 8
160 177 8 8
161 174 8 8
161 172 8 8
161 170 8 8
161 169 8 8
162 168 8 8
162 170 8 8
162 177 8 8
162 169 8 8
163 176 8 8
163 178 8 8
163 173 8 8
163 169 8 8
184 182 9 9
184 180 9 9
184 181 9 9
184 183 9 9
185 183 9 9
185 180 9 9
185 182 9 9
185 181 9 9
186 185 9 9
186 180 9 9
186 183 9 9
186 181 9 9
187 181 9 9
187 184 9 9
187 180 9 9
187 183 9 9
188 187 9 9
188 182 9 9
188 180 9 9
188 183 9 9
189 188 9 9
189 181 9 9
189 185 9 9
189 186 9 9
190 189 9 9
190 182 9 9
190 185 9 9
190 187 9 9
191 183 9 9
191 188 9 9
191 180 9 9
191 184 9 9
192 187 9 9
192 181 9 9
192 180 9 9
192 185 9 9
193 189 9 9
193 182 9 9
193 180 9 9
193 184 9 9
194 184 9 9
194 187 9 9
194 189 9 9
194 186 9 9
195 191 9 9
195 193 9 9
195 194 9 9
195 189 9 9
196 194 9 9
196 184 9 9
196 180 9 9
196 187 9 9
197 190 9 9
197 186 9 9
197 181 9 9
197 185 9 9
198 181 9 9
198 189 9 9
198 192 9 9
198 197 9 9
199 183 9 9
199 187 9 9
199 192 9 9
199 190 9 9
180 190 9 9
180 189 9 9
180 199 9 9
180 195 9 9
181 190 9 9
181 188 9 9
181 196 9 9
181 199 9 9
182 186 9 9
182 189 9 9
182 195 9 9
182 198 9 9
183 195 9 9
183 194 9 9
183 196 9 9
183 198 9 9
204 201 10 10
204 202 10 10
204 203 10 10
204 200 10 10
205 204 10 10
205 203 10 10
205 201 10 10
205 202 10 10
206 203 10 10
206 205 10 10
206 204 10 10
206 200 10 10
207 206 10 10
207 203 10 10
207 205 10 10
207 200 10 10
208 206 10 10
208 201 10 10
208 204 10 10
208 200 10 10
209 203 10 10
209 207 10 10
209 206 10 10
209 204 10 10
210 201 10 10
210 205 10 10
210 209 10 10
210 203 10 10
211 201 10 10
211 208 10 10
211 204 10 10
211 210 10 10
212 201 10 10
212 204 10 10
212 207 10 10
212 205 10 10
213 207 10 10
213 200 10 10
213 205 10 10
213 212 10 10
214 204 10 10
214 202 10 10
214 203 10 10
214 209 10 10
215 206 10 10
215 201 10 10
215 213 10 10
215 212 10 10
216 206 10 10
216 209 10 10
216 201 10 10
216 212 10 10
217 208 10 10
217 212 10 10
217 211 10 10
217 213 10 10
218 213 10 10
218 212 10 10
218 202 10 10
218 205 10 10
219 204 10 10
219 209 10 10
219 202 10 10
219 212 10 10
200 219 10 10
200 217 10 10
200 212 10 10
200 215 10 10
201 214 10 10
201 218 10 10
201 209 10 10
201 207 10 10
202 210 10 10
202 206 10 10
202 213 10 10
202 209 10 10
203 219 10 10
203 215 10 10
203 208 10 10
203 216 10 10
224 223 11 11
224 220 11 11
224 222 11 11
224 221 11 11
225 224 11 11
225 223 11 11
225 221 11 11
225 222 11 11
226 222 11 11
226 221 11 11
226 223 11 11
226 224 11 11
227 226 11 11
227 225 11 11
227 220 11 11
227 221 11 11
228 220 11 11
228 224 11 11
228 221 11 11
228 225 11 11
229 221 11 11
229 228 11 11
229 226 11 11
229 225 11 11
230 220 11 11
230 226 11 11
230 222 11 11
230 227 11 11
231 228 11 11
231 225 11 11
231 229 11 11
231 223 11 11
232 228 11 11
232 223 11 11
232 222 11 11
232 231 11 11
233 227 11 11
233 226 11 11
233 230 11 11
233 222 11 11
234 231 11 11
234 227 11 11
234 228 11 11
234 221 11 11
235 223 11 11
235 224 11 11
235 225 11 11
235 228 11 11
236 221 11 11
236 234 11 11
236 220 11 11
236 223 11 11
237 234 11 11
237 225 11 11
237 221 11 11
237 232 11 11
238 222 11 11
238 223 11 11
238 226 11 11
238 220 11 11
239 225 11 11
239 228 11 11
239 229 11 11
239 234 11 11
220 234 11 11
220 233 11 11
220 226 11 11
220 225 11 11
221 233 11 11
221 235 11 11
221 230 11 11
221 232 11 11
222 237 11 11
222 227 11 11
222 228 11 11
222 234 11 11
223 234 11 11
223 227 11 11
223 239 11 11
223 228 11 11
244 242 12 12
244 240 12 12
244 243 12 12
244 241 12 12
245 241 12 12
245 240 12 12
245 244 12 12
245 242 12 12
246 244 12 12
246 242 12 12
246 240 12 12
246 243 12 12
247 245 12 12
247 241 12 12
247 242 12 12
247 240 12 12
248 240 12 12
248 243 12 12
248 244 12 12
248 245 12 12
249 247 12 12
249 246 12 12
249 245 12 12
249 241 12 12
250 249 12 12
250 244 12 12
250 241 12 12
250 246 12 12
251 243 12 12
251 240 12 12
251 248 12 12
251 245 12 12
252 246 12 12
252 249 12 12
252 248 12 12
252 251 12 12
253 241 12 12
253 244 12 12
253 245 12 12
253 242 12 12
254 244 12 12
254 249 12 12
254 242 12 12
254 246 12 12
255 240 12 12
255 253 12 12
255 241 12 12
255 251 12 12
256 250 12 12
256 252 12 12
256 245 12 12
256 251 12 12
257 255 12 12
257 242 12 12
257 245 12 12
257 247 12 12
258 254 12 12
258 243 12 12
258 242 12 12
258 252 12 12
259 245 12 12
259 258 12 12
259 240 12 12
259 243 12 12
240 256 12 12
240 258 12 12
240 252 12 12
240 254 12 12
241 258 12 12
241 257 12 12
241 252 12 12
241 256 12 12
242 256 12 12
242 252 12 12
242 249 12 12
242 251 12 12
243 247 12 12
243 252 12 12
243 255 12 12
243 254 12 12
264 261 13 13
264 263 13 13
264 260 13 13
264 262 13 13
265 260 13 13
265 261 13 13
265 263 13 13
265 264 13 13
266 262 13 13
266 265 13 13
266 261 13 13
266 263 13 13
267 264 13 13
267 265 13 13
267 262 13 13
267 263 13 13
268 265 13 13
268 262 13 13
268 266 13 13
268 267 13 13
269 266 13 13
269 263 13 13
269 262 13 13
269 268 13 13
270 265 13 13
270 260 13 13
270 262 13 13
270 264 13 13
271 268 13 13
271 262 13 13
271 265 13 13
271 266 13 13
272 271 13 13
272 262 13 13
272 268 13 13
272 261 13 13
273 271 13 13
273 268 13 13
273 262 13 13
273 261 13 13
274 272 13 13
274 269 13 13
274 268 13 13
274 260 13 13
275 265 13 13
275 271 13 13
275 274 13 13
275 267 13 13
276 274 13 13
276 262 13 13
276 260 13 13
276 269 13 13
277 268 13 13
277 266 13 13
277 262 13 13
277 269 13 13
278 276 13 13
278 261 13 13
278 270 13 13
278 260 13 13
279 260 13 13
279 273 13 13
279 266 13 13
279 272 13 13
260 275 13 13
260 273 13 13
260 272 13 13
260 266 13 13
261 270 13 13
261 277 13 13
261 269 13 13
261 268 13 13
262 275 13 13
262 274 13 13
262 278 13 13
262 279 13 13
263 272 13 13
263 273 13 13
263 268 13 13
263 270 13 13
284 280 14 14
284 283 14 14
284 281 14 14
284 282 14 14
285 282 14 14
285 283 14 14
285 284 14 14
285 281 14 14
286 285 14 14
286 283 14 14
286 284 14 14
286 280 14 14
287 284 14 14
287 286 14 14
287 282 14 14
287 280 14 14
288 285 14 14
288 281 14 14
288 284 14 14
288 287 14 14
289 288 14 14
289 285 14 14
289 286 14 14
289 284 14 14
290 283 14 14
290 287 14 14
290 288 14 14
290 281 14 14
291 281 14 14
291 283 14 14
291 285 14 14
291 282 14 14
292 285 14 14
292 289 14 14
292 286 14 14
292 291 14 14
293 286 14 14
293 287 14 14
293 284 14 14
293 289 14 14
294 289 14 14
294 284 14 14
294 291 14 14
294 293 14 14
295 281 14 14
295 280 14 14
295 288 14 14
295 290 14 14
296 285 14 14
296 294 14 14
296 281 14 14
296 283 14 14
297 290 14 14
297 282 14 14
297 285 14 14
297 294 14 14
298 280 14 14
298 292 14 14
298 288 14 14
298 281 14 14
299 283 14 14
299 292 14 14
299 298 14 14
299 291 14 14
280 290 14 14
280 299 14 14
280 291 14 14
280 294 14 14
281 286 14 14
281 292 14 14
281 287 14 14
281 299 14 14
282 295 14 14
282 299 14 14
282 288 14 14
282 290 14 14
283 288 14 14
283 298 14 14
283 295 14 14
283 297 14 14
304 303 15 15
304 301 15 15
304 302 15 15
304 300 15 15
305 301 15 15
305 300 15 15
305 303 15 15
305 304 15 15
306 301 15 15
306 304 15 15
306 300 15 15
306 305 15 15
307 304 15 15
307 303 15 15
307 305 15 15
307 300 15 15
308 302 15 15
308 306 15 15
308 304 15 15
308 307 15 15
309 304 15 15
309 300 15 15
309 307 15 15
309 308 15 15
310 309 15 15
310 304 15 15
310 300 15 15
310 308 15 15
311 300 15 15
311 305 15 15
311 309 15 15
311 307 15 15
312 310 15 15
312 301 15 15
312 302 15 15
312 305 15 15
313 309 15 15
313 311 15 15
313 302 15 15
313 306 15 15
314 306 15 15
314 311 15 15
314 312 15 15
314 305 15 15
315 305 15 15
315 301 15 15
315 312 15 15
315 310 15 15
316 309 15 15
316 304 15 15
316 310 15 15
316 308 15 15
317 305 15 15
317 307 15 15
317 309 15 15
317 303 15 15
318 305 15 15
318 306 15 15
318 314 15 15
318 309 15 15
319 304 15 15
319 300 15 15
319 316 15 15
319 307 15 15
300 316 15 15
300 312 15 15
300 313 15 15
300 318 15 15
301 314 15 15
301 319 15 15
301 313 15 15
301 311 15 15
302 311 15 15
302 317 15 15
302 310 15 15
302 307 15 15
303 310 15 15
303 319 15 15
303 306 15 15
303 316 15 15
87 10 4 0
95 26 4 1
86 53 4 2
95 68 4 3
108 26 5 1
101 7 5 0
103 44 5 2
112 62 5 3
126 99 6 4
129 108 6 5
130 23 6 1
126 78 6 3
158 103 7 5
151 134 7 6
152 56 7 2
155 78 7 3
160 157 8 7
164 51 8 2
163 24 8 1
165 74 8 3
196 153 9 7
191 3 9 0
182 52 9 2
198 165 9 8
209 127 10 6
219 11 10 0
214 143 10 7
206 81 10 4
230 74 11 3
228 119 11 5
232 140 11 7
234 10 11 0
245 52 12 2
254 36 12 1
243 172 12 8
251 97 12 4
272 175 13 8
279 29 13 1
263 19 13 0
269 136 13 6
282 36 14 1
284 261 14 13
288 2 14 0
293 180 14 9
302 58 15 2
300 82 15 4
312 141 15 7
319 182 15 9
10 305 0 15
10 143 0 7
19 258 0 12
10 121 0 6
32 305 1 15
27 203 1 10
39 181 1 9
23 142 1 7
47 285 2 14
49 279 2 13
59 204 2 10
44 138 2 6
60 286 3 14
71 181 3 9
77 219 3 10
65 301 3 15
