swNum = 320
edgeNum = 1343

0 0
1 0
2 0
3 0
4 0
5 0
6 0
7 0
8 0
9 0
10 0
11 0
12 0
13 0
14 0
15 0
16 0
17 0
18 0
19 0
20 1
21 1
22 1
23 1
24 1
25 1
26 1
27 1
28 1
29 1
30 1
31 1
32 1
33 1
34 1
35 1
36 1
37 1
38 1
39 1
40 2
41 2
42 2
43 2
44 2
45 2
46 2
47 2
48 2
49 2
50 2
51 2
52 2
53 2
54 2
55 2
56 2
57 2
58 2
59 2
60 3
61 3
62 3
63 3
64 3
65 3
66 3
67 3
68 3
69 3
70 3
71 3
72 3
73 3
74 3
75 3
76 3
77 3
78 3
79 3
80 4
81 4
82 4
83 4
84 4
85 4
86 4
87 4
88 4
89 4
90 4
91 4
92 4
93 4
94 4
95 4
96 4
97 4
98 4
99 4
100 5
101 5
102 5
103 5
104 5
105 5
106 5
107 5
108 5
109 5
110 5
111 5
112 5
113 5
114 5
115 5
116 5
117 5
118 5
119 5
120 6
121 6
122 6
123 6
124 6
125 6
126 6
127 6
128 6
129 6
130 6
131 6
132 6
133 6
134 6
135 6
136 6
137 6
138 6
139 6
140 7
141 7
142 7
143 7
144 7
145 7
146 7
147 7
148 7
149 7
150 7
151 7
152 7
153 7
154 7
155 7
156 7
157 7
158 7
159 7
160 8
161 8
162 8
163 8
164 8
165 8
166 8
167 8
168 8
169 8
170 8
171 8
172 8
173 8
174 8
175 8
176 8
177 8
178 8
179 8
180 9
181 9
182 9
183 9
184 9
185 9
186 9
187 9
188 9
189 9
190 9
191 9
192 9
193 9
194 9
195 9
196 9
197 9
198 9
199 9
200 10
201 10
202 10
203 10
204 10
205 10
206 10
207 10
208 10
209 10
210 10
211 10
212 10
213 10
214 10
215 10
216 10
217 10
218 10
219 10
220 11
221 11
222 11
223 11
224 11
225 11
226 11
227 11
228 11
229 11
230 11
231 11
232 11
233 11
234 11
235 11
236 11
237 11
238 11
239 11
240 12
241 12
242 12
243 12
244 12
245 12
246 12
247 12
248 12
249 12
250 12
251 12
252 12
253 12
254 12
255 12
256 12
257 12
258 12
259 12
260 13
261 13
262 13
263 13
264 13
265 13
266 13
267 13
268 13
269 13
270 13
271 13
272 13
273 13
274 13
275 13
276 13
277 13
278 13
279 13
280 14
281 14
282 14
283 14
284 14
285 14
286 14
287 14
288 14
289 14
290 14
291 14
292 14
293 14
294 14
295 14
296 14
297 14
298 14
299 14
300 15
301 15
302 15
303 15
304 15
305 15
306 15
307 15
308 15
309 15
310 15
311 15
312 15
313 15
314 15
315 15
316 15
317 15
318 15
319 15

4 1 0 0
4 3 0 0
4 2 0 0
4 0 0 0
5 2 0 0
5 3 0 0
5 0 0 0
5 1 0 0
6 1 0 0
6 5 0 0
6 2 0 0
6 4 0 0
7 1 0 0
7 4 0 0
7 6 0 0
7 2 0 0
8 3 0 0
8 0 0 0
8 6 0 0
8 5 0 0
9 6 0 0
9 8 0 0
9 4 0 0
9 5 0 0
10 1 0 0
10 6 0 0
10 4 0 0
10 2 0 0
11 2 0 0
11 3 0 0
11 8 0 0
11 0 0 0
12 2 0 0
12 4 0 0
12 10 0 0
12 3 0 0
13 8 0 0
13 6 0 0
13 9 0 0
13 7 0 0
14 7 0 0
14 13 0 0
14 12 0 0
14 3 0 0
15 13 0 0
15 8 0 0
15 11 0 0
15 10 0 0
16 5 0 0
16 9 0 0
16 13 0 0
16 6 0 0
17 9 0 0
17 16 0 0
17 11 0 0
17 13 0 0
18 10 0 0
18 15 0 0
18 12 0 0
18 5 0 0
19 4 0 0
19 10 0 0
19 14 0 0
19 5 0 0
0 15 0 0
0 14 0 0
0 10 0 0
0 16 0 0
1 12 0 0
1 14 0 0
1 13 0 0
1 15 0 0
2 14 0 0
2 18 0 0
2 9 0 0
2 8 0 0
3 18 0 0
3 15 0 0
3 17 0 0
3 10 0 0
24 20 1 1
24 22 1 1
24 23 1 1
24 21 1 1
25 23 1 1
25 22 1 1
25 24 1 1
25 20 1 1
26 25 1 1
26 23 1 1
26 22 1 1
26 20 1 1
27 20 1 1
27 26 1 1
27 23 1 1
27 22 1 1
28 24 1 1
28 22 1 1
28 20 1 1
28 25 1 1
29 26 1 1
29 21 1 1
29 22 1 1
29 25 1 1
30 24 1 1
30 28 1 1
30 25 1 1
30 20 1 1
31 23 1 1
31 21 1 1
31 25 1 1
31 28 1 1
32 30 1 1
32 22 1 1
32 27 1 1
32 21 1 1
33 31 1 1
33 30 1 1
33 26 1 1
33 25 1 1
34 25 1 1
34 23 1 1
34 31 1 1
34 32 1 1
35 25 1 1
35 32 1 1
35 28 1 1
35 22 1 1
36 33 1 1
36 29 1 1
36 32 1 1
36 35 1 1
37 20 1 1
37 35 1 1
37 24 1 1
37 30 1 1
38 37 1 1
38 24 1 1
38 33 1 1
38 25 1 1
39 33 1 1
39 22 1 1
39 21 1 1
39 25 1 1
20 35 1 1
20 32 1 1
20 39 1 1
20 36 1 1
21 34 1 1
21 36 1 1
21 33 1 1
21 38 1 1
22 34 1 1
22 36 1 1
22 37 1 1
22 38 1 1
23 28 1 1
23 37 1 1
23 35 1 1
23 39 1 1
44 42 2 2
44 43 2 2
44 40 2 2
44 41 2 2
45 44 2 2
45 42 2 2
45 43 2 2
45 40 2 2
46 42 2 2
46 43 2 2
46 41 2 2
46 44 2 2
47 41 2 2
47 46 2 2
47 42 2 2
47 40 2 2
48 43 2 2
48 42 2 2
48 44 2 2
48 47 2 2
49 42 2 2
49 41 2 2
49 43 2 2
49 46 2 2
50 46 2 2
50 43 2 2
50 41 2 2
50 49 2 2
51 44 2 2
51 45 2 2
51 42 2 2
51 43 2 2
52 47 2 2
52 42 2 2
52 41 2 2
52 46 2 2
53 52 2 2
53 41 2 2
53 47 2 2
53 50 2 2
54 41 2 2
54 53 2 2
54 52 2 2
54 40 2 2
55 45 2 2
55 49 2 2
55 41 2 2
55 51 2 2
56 51 2 2
56 44 2 2
56 45 2 2
56 55 2 2
57 52 2 2
57 54 2 2
57 47 2 2
57 43 2 2
58 42 2 2
58 53 2 2
58 48 2 2
58 51 2 2
59 58 2 2
59 57 2 2
59 50 2 2
59 47 2 2
40 46 2 2
40 50 2 2
40 59 2 2
40 53 2 2
41 58 2 2
41 57 2 2
41 48 2 2
41 59 2 2
42 59 2 2
42 53 2 2
42 50 2 2
42 57 2 2
43 55 2 2
43 58 2 2
43 56 2 2
43 47 2 2
64 63 3 3
64 60 3 3
64 61 3 3
64 62 3 3
65 60 3 3
65 63 3 3
65 62 3 3
65 61 3 3
66 65 3 3
66 62 3 3
66 60 3 3
66 61 3 3
67 62 3 3
67 60 3 3
67 63 3 3
67 61 3 3
68 61 3 3
68 64 3 3
68 60 3 3
68 62 3 3
69 64 3 3
69 60 3 3
69 66 3 3
69 65 3 3
70 66 3 3
70 67 3 3
70 64 3 3
70 61 3 3
71 68 3 3
71 60 3 3
71 67 3 3
71 61 3 3
72 68 3 3
72 66 3 3
72 65 3 3
72 62 3 3
73 66 3 3
73 72 3 3
73 61 3 3
73 65 3 3
74 72 3 3
74 69 3 3
74 61 3 3
74 67 3 3
75 63 3 3
75 62 3 3
75 71 3 3
75 73 3 3
76 73 3 3
76 69 3 3
76 65 3 3
76 60 3 3
77 64 3 3
77 66 3 3
77 60 3 3
77 70 3 3
78 61 3 3
78 77 3 3
78 68 3 3
78 62 3 3
79 73 3 3
79 67 3 3
79 78 3 3
79 61 3 3
60 78 3 3
60 73 3 3
60 74 3 3
60 70 3 3
61 75 3 3
61 69 3 3
61 77 3 3
61 72 3 3
62 74 3 3
62 73 3 3
62 77 3 3
62 70 3 3
63 78 3 3
63 73 3 3
63 66 3 3
63 76 3 3
84 81 4 4
84 83 4 4
84 82 4 4
84 80 4 4
85 80 4 4
85 84 4 4
85 81 4 4
85 83 4 4
86 83 4 4
86 82 4 4
86 81 4 4
86 84 4 4
87 80 4 4
87 81 4 4
87 83 4 4
87 84 4 4
88 84 4 4
88 81 4 4
88 82 4 4
88 83 4 4
89 85 4 4
89 80 4 4
89 81 4 4
89 87 4 4
90 81 4 4
90 88 4 4
90 87 4 4
90 80 4 4
91 81 4 4
91 85 4 4
91 89 4 4
91 87 4 4
92 85 4 4
92 86 4 4
92 84 4 4
92 83 4 4
93 84 4 4
93 92 4 4
93 87 4 4
93 91 4 4
94 85 4 4
94 90 4 4
94 86 4 4
94 93 4 4
95 84 4 4
95 88 4 4
95 91 4 4
95 81 4 4
96 92 4 4
96 88 4 4
96 89 4 4
96 81 4 4
97 84 4 4
97 87 4 4
97 95 4 4
97 81 4 4
98 85 4 4
98 90 4 4
98 97 4 4
98 91 4 4
99 95 4 4
99 81 4 4
99 85 4 4
99 84 4 4
80 94 4 4
80 92 4 4
80 95 4 4
80 99 4 4
81 93 4 4
81 92 4 4
81 94 4 4
81 98 4 4
82 94 4 4
82 92 4 4
82 99 4 4
82 95 4 4
83 93 4 4
83 90 4 4
83 91 4 4
83 99 4 4
104 101 5 5
104 102 5 5
104 103 5 5
104 100 5 5
105 101 5 5
105 104 5 5
105 103 5 5
105 102 5 5
106 104 5 5
106 101 5 5
106 102 5 5
106 100 5 5
107 101 5 5
107 103 5 5
107 100 5 5
107 104 5 5
108 100 5 5
108 106 5 5
108 105 5 5
108 104 5 5
109 106 5 5
109 103 5 5
109 101 5 5
109 105 5 5
110 109 5 5
110 102 5 5
110 101 5 5
110 107 5 5
111 104 5 5
111 110 5 5
111 101 5 5
111 109 5 5
112 109 5 5
112 101 5 5
112 110 5 5
112 103 5 5
113 100 5 5
113 102 5 5
113 108 5 5
113 109 5 5
114 105 5 5
114 113 5 5
114 104 5 5
114 101 5 5
115 111 5 5
115 108 5 5
115 109 5 5
115 103 5 5
116 113 5 5
116 105 5 5
116 115 5 5
116 111 5 5
117 107 5 5
117 104 5 5
117 100 5 5
117 115 5 5
118 111 5 5
118 116 5 5
118 109 5 5
118 112 5 5
119 108 5 5
119 102 5 5
119 101 5 5
119 104 5 5
100 119 5 5
100 110 5 5
100 116 5 5
100 115 5 5
101 115 5 5
101 116 5 5
101 113 5 5
101 117 5 5
102 111 5 5
102 112 5 5
102 117 5 5
102 118 5 5
103 118 5 5
103 110 5 5
103 119 5 5
103 111 5 5
124 120 6 6
124 123 6 6
124 122 6 6
124 121 6 6
125 124 6 6
125 120 6 6
125 123 6 6
125 122 6 6
126 125 6 6
126 123 6 6
126 121 6 6
126 124 6 6
127 122 6 6
127 125 6 6
127 123 6 6
127 120 6 6
128 121 6 6
128 125 6 6
128 122 6 6
128 124 6 6
129 127 6 6
129 120 6 6
129 122 6 6
129 125 6 6
130 122 6 6
130 127 6 6
130 124 6 6
130 123 6 6
131 122 6 6
131 126 6 6
131 121 6 6
131 124 6 6
132 126 6 6
132 122 6 6
132 121 6 6
132 120 6 6
133 130 6 6
133 126 6 6
133 125 6 6
133 123 6 6
134 127 6 6
134 122 6 6
134 120 6 6
134 129 6 6
135 131 6 6
135 130 6 6
135 125 6 6
135 127 6 6
136 128 6 6
136 120 6 6
136 122 6 6
136 123 6 6
137 133 6 6
137 123 6 6
137 124 6 6
137 127 6 6
138 128 6 6
138 131 6 6
138 130 6 6
138 132 6 6
139 121 6 6
139 123 6 6
139 132 6 6
139 129 6 6
120 133 6 6
120 128 6 6
120 131 6 6
120 138 6 6
121 135 6 6
121 134 6 6
121 127 6 6
121 138 6 6
122 139 6 6
122 137 6 6
122 133 6 6
122 135 6 6
123 134 6 6
123 128 6 6
123 138 6 6
123 135 6 6
144 143 7 7
144 140 7 7
144 141 7 7
144 142 7 7
145 141 7 7
145 143 7 7
145 142 7 7
145 144 7 7
146 145 7 7
146 142 7 7
146 140 7 7
146 141 7 7
147 142 7 7
147 145 7 7
147 141 7 7
147 143 7 7
148 143 7 7
148 141 7 7
148 144 7 7
148 140 7 7
149 140 7 7
149 146 7 7
149 141 7 7
149 142 7 7
150 140 7 7
150 143 7 7
150 149 7 7
150 145 7 7
151 149 7 7
151 144 7 7
151 143 7 7
151 150 7 7
152 142 7 7
152 147 7 7
152 146 7 7
152 145 7 7
153 142 7 7
153 144 7 7
153 145 7 7
153 147 7 7
154 153 7 7
154 143 7 7
154 140 7 7
154 148 7 7
155 145 7 7
155 140 7 7
155 147 7 7
155 146 7 7
156 144 7 7
156 140 7 7
156 150 7 7
156 154 7 7
157 150 7 7
157 154 7 7
157 143 7 7
157 148 7 7
158 157 7 7
158 148 7 7
158 150 7 7
158 155 7 7
159 141 7 7
159 146 7 7
159 152 7 7
159 140 7 7
140 152 7 7
140 151 7 7
140 157 7 7
140 145 7 7
141 157 7 7
141 155 7 7
141 153 7 7
141 150 7 7
142 159 7 7
142 157 7 7
142 150 7 7
142 156 7 7
143 158 7 7
143 149 7 7
143 152 7 7
143 156 7 7
164 162 8 8
164 160 8 8
164 161 8 8
164 163 8 8
165 163 8 8
165 161 8 8
165 160 8 8
165 162 8 8
166 164 8 8
166 162 8 8
166 165 8 8
166 160 8 8
167 160 8 8
167 161 8 8
167 164 8 8
167 162 8 8
168 166 8 8
168 161 8 8
168 163 8 8
168 165 8 8
169 164 8 8
169 168 8 8
169 163 8 8
169 166 8 8
170 160 8 8
170 169 8 8
170 167 8 8
170 166 8 8
171 166 8 8
171 161 8 8
171 163 8 8
171 160 8 8
172 160 8 8
172 169 8 8
172 166 8 8
172 164 8 8
173 171 8 8
173 172 8 8
173 166 8 8
173 160 8 8
174 160 8 8
174 165 8 8
174 171 8 8
174 168 8 8
175 166 8 8
175 171 8 8
175 160 8 8
175 162 8 8
176 160 8 8
176 168 8 8
176 167 8 8
176 163 8 8
177 172 8 8
177 166 8 8
177 169 8 8
177 162 8 8
178 160 8 8
178 175 8 8
178 168 8 8
178 171 8 8
179 174 8 8
179 172 8 8
179 161 8 8
179 176 8 8
160 179 8 8
160 168 8 8
160 177 8 8
160 169 8 8
161 169 8 8
161 178 8 8
161 172 8 8
161 174 8 8
162 172 8 8
162 170 8 8
162 176 8 8
162 178 8 8
163 172 8 8
163 170 8 8
163 178 8 8
163 177 8 8
184 181 9 9
184 183 9 9
184 182 9 9
184 180 9 9
185 182 9 9
185 184 9 9
185 183 9 9
185 180 9 9
186 182 9 9
186 185 9 9
186 181 9 9
186 184 9 9
187 184 9 9
187 180 9 9
187 183 9 9
187 182 9 9
188 183 9 9
188 181 9 9
188 182 9 9
188 185 9 9
189 180 9 9
189 186 9 9
189 187 9 9
189 181 9 9
190 189 9 9
190 185 9 9
190 180 9 9
190 188 9 9
191 186 9 9
191 188 9 9
191 189 9 9
191 187 9 9
192 184 9 9
192 180 9 9
192 189 9 9
192 187 9 9
193 183 9 9
193 180 9 9
193 190 9 9
193 185 9 9
194 184 9 9
194 188 9 9
194 181 9 9
194 182 9 9
195 187 9 9
195 180 9 9
195 185 9 9
195 181 9 9
196 180 9 9
196 195 9 9
196 188 9 9
196 192 9 9
197 188 9 9
197 185 9 9
197 190 9 9
197 193 9 9
198 192 9 9
198 187 9 9
198 189 9 9
198 185 9 9
199 196 9 9
199 185 9 9
199 180 9 9
199 193 9 9
180 186 9 9
180 194 9 9
180 191 9 9
180 197 9 9
181 196 9 9
181 199 9 9
181 191 9 9
181 187 9 9
182 191 9 9
182 199 9 9
182 193 9 9
182 195 9 9
183 189 9 9
183 190 9 9
183 194 9 9
183 186 9 9
204 202 10 10
204 201 10 10
204 203 10 10
204 200 10 10
205 204 10 10
205 203 10 10
205 201 10 10
205 200 10 10
206 203 10 10
206 204 10 10
206 200 10 10
206 205 10 10
207 206 10 10
207 204 10 10
207 200 10 10
207 201 10 10
208 203 10 10
208 206 10 10
208 207 10 10
208 204 10 10
209 205 10 10
209 204 10 10
209 203 10 10
209 207 10 10
210 205 10 10
210 203 10 10
210 208 10 10
210 207 10 10
211 201 10 10
211 208 10 10
211 209 10 10
211 206 10 10
212 205 10 10
212 204 10 10
212 201 10 10
212 206 10 10
213 203 10 10
213 207 10 10
213 205 10 10
213 210 10 10
214 207 10 10
214 208 10 10
214 202 10 10
214 204 10 10
215 212 10 10
215 206 10 10
215 210 10 10
215 204 10 10
216 200 10 10
216 214 10 10
216 206 10 10
216 212 10 10
217 214 10 10
217 204 10 10
217 216 10 10
217 207 10 10
218 208 10 10
218 213 10 10
218 216 10 10
218 200 10 10
219 204 10 10
219 207 10 10
219 206 10 10
219 208 10 10
200 208 10 10
200 212 10 10
200 213 10 10
200 211 10 10
201 218 10 10
201 216 10 10
201 219 10 10
201 206 10 10
202 207 10 10
202 217 10 10
202 206 10 10
202 213 10 10
203 214 10 10
203 215 10 10
203 212 10 10
203 216 10 10
224 220 11 11
224 223 11 11
224 222 11 11
224 221 11 11
225 223 11 11
225 220 11 11
225 221 11 11
225 224 11 11
226 223 11 11
226 225 11 11
226 222 11 11
226 221 11 11
227 224 11 11
227 221 11 11
227 226 11 11
227 223 11 11
228 225 11 11
228 226 11 11
228 221 11 11
228 223 11 11
229 225 11 11
229 226 11 11
229 224 11 11
229 222 11 11
230 222 11 11
230 220 11 11
230 223 11 11
230 227 11 11
231 228 11 11
231 222 11 11
231 229 11 11
231 223 11 11
232 227 11 11
232 230 11 11
232 220 11 11
232 224 11 11
233 231 11 11
233 230 11 11
233 223 11 11
233 228 11 11
234 233 11 11
234 225 11 11
234 232 11 11
234 229 11 11
235 234 11 11
235 226 11 11
235 223 11 11
235 225 11 11
236 223 11 11
236 229 11 11
236 227 11 11
236 230 11 11
237 228 11 11
237 220 11 11
237 230 11 11
237 236 11 11
238 227 11 11
238 221 11 11
238 224 11 11
238 222 11 11
239 229 11 11
239 235 11 11
239 226 11 11
239 228 11 11
220 238 11 11
220 231 11 11
220 236 11 11
220 233 11 11
221 235 11 11
221 230 11 11
221 239 11 11
221 234 11 11
222 232 11 11
222 228 11 11
222 237 11 11
222 239 11 11
223 238 11 11
223 237 11 11
223 229 11 11
223 239 11 11
244 242 12 12
244 243 12 12
244 241 12 12
244 240 12 12
245 242 12 12
245 241 12 12
245 244 12 12
245 240 12 12
246 240 12 12
246 244 12 12
246 241 12 12
246 243 12 12
247 242 12 12
247 240 12 12
247 246 12 12
247 244 12 12
248 241 12 12
248 245 12 12
248 244 12 12
248 246 12 12
249 244 12 12
249 241 12 12
249 242 12 12
249 247 12 12
250 244 12 12
250 248 12 12
250 241 12 12
250 249 12 12
251 245 12 12
251 242 12 12
251 248 12 12
251 247 12 12
252 246 12 12
252 248 12 12
252 251 12 12
252 243 12 12
253 249 12 12
253 247 12 12
253 242 12 12
253 250 12 12
254 243 12 12
254 250 12 12
254 241 12 12
254 253 12 12
255 246 12 12
255 245 12 12
255 243 12 12
255 248 12 12
256 246 12 12
256 245 12 12
256 253 12 12
256 250 12 12
257 250 12 12
257 243 12 12
257 255 12 12
257 253 12 12
258 242 12 12
258 250 12 12
258 243 12 12
258 247 12 12
259 254 12 12
259 243 12 12
259 257 12 12
259 245 12 12
240 253 12 12
240 249 12 12
240 251 12 12
240 252 12 12
241 257 12 12
241 259 12 12
241 255 12 12
241 258 12 12
242 252 12 12
242 256 12 12
242 255 12 12
242 250 12 12
243 250 12 12
243 256 12 12
243 245 12 12
243 249 12 12
264 262 13 13
264 263 13 13
264 261 13 13
264 260 13 13
265 263 13 13
265 264 13 13
265 262 13 13
265 261 13 13
266 261 13 13
266 264 13 13
266 262 13 13
266 260 13 13
267 261 13 13
267 265 13 13
267 264 13 13
267 260 13 13
268 262 13 13
268 265 13 13
268 261 13 13
268 267 13 13
269 263 13 13
269 261 13 13
269 265 13 13
269 267 13 13
270 261 13 13
270 266 13 13
270 269 13 13
270 264 13 13
271 266 13 13
271 261 13 13
271 264 13 13
271 267 13 13
272 263 13 13
272 271 13 13
272 261 13 13
272 265 13 13
273 261 13 13
273 267 13 13
273 262 13 13
273 268 13 13
274 267 13 13
274 260 13 13
274 266 13 13
274 271 13 13
275 261 13 13
275 263 13 13
275 265 13 13
275 272 13 13
276 264 13 13
276 274 13 13
276 260 13 13
276 271 13 13
277 271 13 13
277 266 13 13
277 264 13 13
277 273 13 13
278 261 13 13
278 267 13 13
278 272 13 13
278 260 13 13
279 273 13 13
279 271 13 13
279 265 13 13
279 269 13 13
260 265 13 13
260 271 13 13
260 272 13 13
260 268 13 13
261 274 13 13
261 279 13 13
261 276 13 13
261 277 13 13
262 272 13 13
262 269 13 13
262 275 13 13
262 277 13 13
263 276 13 13
263 268 13 13
263 267 13 13
263 273 13 13
284 283 14 14
284 282 14 14
284 280 14 14
284 281 14 14
285 280 14 14
285 282 14 14
285 281 14 14
285 284 14 14
286 282 14 14
286 281 14 14
286 283 14 14
286 284 14 14
287 285 14 14
287 283 14 14
287 286 14 14
287 284 14 14
288 284 14 14
288 280 14 14
288 283 14 14
288 282 14 14
289 288 14 14
289 286 14 14
289 281 14 14
289 287 14 14
290 288 14 14
290 284 14 14
290 286 14 14
290 281 14 14
291 289 14 14
291 284 14 14
291 286 14 14
291 280 14 14
292 289 14 14
292 288 14 14
292 285 14 14
292 284 14 14
293 285 14 14
293 292 14 14
293 280 14 14
293 287 14 14
294 289 14 14
294 281 14 14
294 290 14 14
294 287 14 14
295 291 14 14
295 294 14 14
295 281 14 14
295 290 14 14
296 288 14 14
296 291 14 14
296 294 14 14
296 281 14 14
297 284 14 14
297 290 14 14
297 281 14 14
297 295 14 14
298 297 14 14
298 282 14 14
298 287 14 14
298 295 14 14
299 284 14 14
299 281 14 14
299 289 14 14
299 295 14 14
280 292 14 14
280 296 14 14
280 286 14 14
280 297 14 14
281 298 14 14
281 291 14 14
281 293 14 14
281 288 14 14
282 292 14 14
282 289 14 14
282 287 14 14
282 296 14 14
283 289 14 14
283 294 14 14
283 298 14 14
283 292 14 14
304 302 15 15
304 301 15 15
304 303 15 15
304 300 15 15
305 304 15 15
305 302 15 15
305 300 15 15
305 303 15 15
306 305 15 15
306 304 15 15
306 301 15 15
306 300 15 15
307 303 15 15
307 306 15 15
307 301 15 15
307 302 15 15
308 307 15 15
308 305 15 15
308 300 15 15
308 302 15 15
309 302 15 15
309 308 15 15
309 303 15 15
309 300 15 15
310 307 15 15
310 309 15 15
310 303 15 15
310 305 15 15
311 307 15 15
311 303 15 15
311 308 15 15
311 304 15 15
312 303 15 15
312 301 15 15
312 308 15 15
312 311 15 15
313 302 15 15
313 303 15 15
313 307 15 15
313 306 15 15
314 305 15 15
314 303 15 15
314 308 15 15
314 311 15 15
315 309 15 15
315 302 15 15
315 313 15 15
315 314 15 15
316 305 15 15
316 304 15 15
316 311 15 15
316 302 15 15
317 312 15 15
317 308 15 15
317 306 15 15
317 311 15 15
318 317 15 15
318 312 15 15
318 316 15 15
318 307 15 15
319 313 15 15
319 309 15 15
319 302 15 15
319 307 15 15
300 313 15 15
300 315 15 15
300 312 15 15
300 319 15 15
301 311 15 15
301 318 15 15
301 313 15 15
301 317 15 15
302 306 15 15
302 310 15 15
302 318 15 15
302 312 15 15
303 315 15 15
303 319 15 15
303 316 15 15
303 306 15 15
94 45 4 2
81 34 4 1
94 74 4 3
97 1 4 0
107 74 5 3
118 54 5 2
119 35 5 1
117 85 5 4
129 69 6 3
122 18 6 0
138 41 6 2
130 95 6 4
151 30 7 1
151 103 7 5
144 44 7 2
140 68 7 3
172 72 8 3
169 80 8 4
172 152 8 7
164 113 8 5
199 72 9 3
183 0 9 0
191 48 9 2
182 165 9 8
214 63 10 3
206 177 10 8
207 143 10 7
201 36 10 1
236 61 11 3
238 27 11 1
227 212 11 10
230 192 11 9
243 217 12 10
256 177 12 8
246 238 12 11
254 76 12 3
262 143 13 7
267 184 13 9
266 249 13 12
264 25 13 1
282 231 14 11
293 181 14 9
288 215 14 10
281 101 14 5
301 228 15 11
302 46 15 2
311 171 15 8
307 194 15 9
12 275 0 13
7 254 0 12
10 309 0 15
8 208 0 10
30 296 1 14
38 240 1 12
31 130 1 6
38 192 1 9
47 179 2 8
50 298 2 14
41 201 2 10
47 245 2 12
69 311 3 15
63 289 3 14
75 266 3 13
