swNum = 320
edgeNum = 1343

0 0
1 0
2 0
3 0
4 0
5 0
6 0
7 0
8 0
9 0
10 0
11 0
12 0
13 0
14 0
15 0
16 0
17 0
18 0
19 0
20 1
21 1
22 1
23 1
24 1
25 1
26 1
27 1
28 1
29 1
30 1
31 1
32 1
33 1
34 1
35 1
36 1
37 1
38 1
39 1
40 2
41 2
42 2
43 2
44 2
45 2
46 2
47 2
48 2
49 2
50 2
51 2
52 2
53 2
54 2
55 2
56 2
57 2
58 2
59 2
60 3
61 3
62 3
63 3
64 3
65 3
66 3
67 3
68 3
69 3
70 3
71 3
72 3
73 3
74 3
75 3
76 3
77 3
78 3
79 3
80 4
81 4
82 4
83 4
84 4
85 4
86 4
87 4
88 4
89 4
90 4
91 4
92 4
93 4
94 4
95 4
96 4
97 4
98 4
99 4
100 5
101 5
102 5
103 5
104 5
105 5
106 5
107 5
108 5
109 5
110 5
111 5
112 5
113 5
114 5
115 5
116 5
117 5
118 5
119 5
120 6
121 6
122 6
123 6
124 6
125 6
126 6
127 6
128 6
129 6
130 6
131 6
132 6
133 6
134 6
135 6
136 6
137 6
138 6
139 6
140 7
141 7
142 7
143 7
144 7
145 7
146 7
147 7
148 7
149 7
150 7
151 7
152 7
153 7
154 7
155 7
156 7
157 7
158 7
159 7
160 8
161 8
162 8
163 8
164 8
165 8
166 8
167 8
168 8
169 8
170 8
171 8
172 8
173 8
174 8
175 8
176 8
177 8
178 8
179 8
180 9
181 9
182 9
183 9
184 9
185 9
186 9
187 9
188 9
189 9
190 9
191 9
192 9
193 9
194 9
195 9
196 9
197 9
198 9
199 9
200 10
201 10
202 10
203 10
204 10
205 10
206 10
207 10
208 10
209 10
210 10
211 10
212 10
213 10
214 10
215 10
216 10
217 10
218 10
219 10
220 11
221 11
222 11
223 11
224 11
225 11
226 11
227 11
228 11
229 11
230 11
231 11
232 11
233 11
234 11
235 11
236 11
237 11
238 11
239 11
240 12
241 12
242 12
243 12
244 12
245 12
246 12
247 12
248 12
249 12
250 12
251 12
252 12
253 12
254 12
255 12
256 12
257 12
258 12
259 12
260 13
261 13
262 13
263 13
264 13
265 13
266 13
267 13
268 13
269 13
270 13
271 13
272 13
273 13
274 13
275 13
276 13
277 13
278 13
279 13
280 14
281 14
282 14
283 14
284 14
285 14
286 14
287 14
288 14
289 14
290 14
291 14
292 14
293 14
294 14
295 14
296 14
297 14
298 14
299 14
300 15
301 15
302 15
303 15
304 15
305 15
306 15
307 15
308 15
309 15
310 15
311 15
312 15
313 15
314 15
315 15
316 15
317 15
318 15
319 15

4 0 0 0
4 2 0 0
4 3 0 0
4 1 0 0
5 1 0 0
5 2 0 0
5 0 0 0
5 3 0 0
6 4 0 0
6 1 0 0
6 2 0 0
6 5 0 0
7 4 0 0
7 6 0 0
7 1 0 0
7 3 0 0
8 2 0 0
8 7 0 0
8 3 0 0
8 6 0 0
9 4 0 0
9 7 0 0
9 2 0 0
9 8 0 0
10 3 0 0
10 2 0 0
10 1 0 0
10 9 0 0
11 1 0 0
11 3 0 0
11 8 0 0
11 6 0 0
12 5 0 0
12 3 0 0
12 11 0 0
12 6 0 0
13 3 0 0
13 2 0 0
13 4 0 0
13 10 0 0
14 6 0 0
14 10 0 0
14 2 0 0
14 3 0 0
15 6 0 0
15 1 0 0
15 14 0 0
15 9 0 0
16 11 0 0
16 12 0 0
16 6 0 0
16 2 0 0
17 13 0 0
17 15 0 0
17 6 0 0
17 9 0 0
18 3 0 0
18 6 0 0
18 13 0 0
18 9 0 0
19 2 0 0
19 17 0 0
19 10 0 0
19 1 0 0
0 14 0 0
0 12 0 0
0 18 0 0
0 16 0 0
1 14 0 0
1 8 0 0
1 13 0 0
1 12 0 0
2 15 0 0
2 17 0 0
2 18 0 0
2 11 0 0
3 15 0 0
3 16 0 0
3 19 0 0
3 17 0 0
24 23 1 1
24 21 1 1
24 22 1 1
24 20 1 1
25 24 1 1
25 21 1 1
25 22 1 1
25 20 1 1
26 21 1 1
26 23 1 1
26 24 1 1
26 22 1 1
27 22 1 1
27 26 1 1
27 21 1 1
27 25 1 1
28 21 1 1
28 23 1 1
28 26 1 1
28 25 1 1
29 24 1 1
29 22 1 1
29 28 1 1
29 21 1 1
30 27 1 1
30 20 1 1
30 25 1 1
30 22 1 1
31 24 1 1
31 28 1 1
31 30 1 1
31 22 1 1
32 31 1 1
32 30 1 1
32 29 1 1
32 21 1 1
33 22 1 1
33 24 1 1
33 31 1 1
33 20 1 1
34 23 1 1
34 33 1 1
34 22 1 1
34 31 1 1
35 25 1 1
35 34 1 1
35 24 1 1
35 33 1 1
36 23 1 1
36 29 1 1
36 20 1 1
36 26 1 1
37 35 1 1
37 22 1 1
37 23 1 1
37 25 1 1
38 36 1 1
38 28 1 1
38 35 1 1
38 31 1 1
39 28 1 1
39 36 1 1
39 37 1 1
39 38 1 1
20 39 1 1
20 27 1 1
20 37 1 1
20 31 1 1
21 35 1 1
21 33 1 1
21 37 1 1
21 36 1 1
22 38 1 1
22 36 1 1
22 39 1 1
22 32 1 1
23 25 1 1
23 29 1 1
23 35 1 1
23 39 1 1
44 43 2 2
44 42 2 2
44 41 2 2
44 40 2 2
45 41 2 2
45 43 2 2
45 40 2 2
45 44 2 2
46 43 2 2
46 41 2 2
46 44 2 2
46 45 2 2
47 42 2 2
47 40 2 2
47 46 2 2
47 45 2 2
48 43 2 2
48 42 2 2
48 44 2 2
48 45 2 2
49 43 2 2
49 46 2 2
49 47 2 2
49 42 2 2
50 40 2 2
50 42 2 2
50 43 2 2
50 45 2 2
51 50 2 2
51 42 2 2
51 40 2 2
51 45 2 2
52 43 2 2
52 40 2 2
52 51 2 2
52 50 2 2
53 51 2 2
53 48 2 2
53 40 2 2
53 47 2 2
54 43 2 2
54 48 2 2
54 40 2 2
54 47 2 2
55 48 2 2
55 42 2 2
55 43 2 2
55 44 2 2
56 43 2 2
56 45 2 2
56 54 2 2
56 48 2 2
57 45 2 2
57 56 2 2
57 55 2 2
57 41 2 2
58 52 2 2
58 55 2 2
58 40 2 2
58 56 2 2
59 44 2 2
59 52 2 2
59 54 2 2
59 45 2 2
40 55 2 2
40 56 2 2
40 59 2 2
40 57 2 2
41 58 2 2
41 55 2 2
41 48 2 2
41 54 2 2
42 53 2 2
42 52 2 2
42 46 2 2
42 58 2 2
43 58 2 2
43 59 2 2
43 57 2 2
43 53 2 2
64 62 3 3
64 63 3 3
64 61 3 3
64 60 3 3
65 64 3 3
65 60 3 3
65 62 3 3
65 63 3 3
66 64 3 3
66 62 3 3
66 60 3 3
66 63 3 3
67 63 3 3
67 60 3 3
67 66 3 3
67 65 3 3
68 63 3 3
68 61 3 3
68 62 3 3
68 67 3 3
69 67 3 3
69 63 3 3
69 60 3 3
69 66 3 3
70 63 3 3
70 68 3 3
70 60 3 3
70 66 3 3
71 66 3 3
71 65 3 3
71 61 3 3
71 62 3 3
72 71 3 3
72 62 3 3
72 64 3 3
72 69 3 3
73 62 3 3
73 67 3 3
73 60 3 3
73 61 3 3
74 71 3 3
74 69 3 3
74 60 3 3
74 73 3 3
75 72 3 3
75 68 3 3
75 62 3 3
75 64 3 3
76 70 3 3
76 64 3 3
76 60 3 3
76 65 3 3
77 67 3 3
77 68 3 3
77 73 3 3
77 71 3 3
78 71 3 3
78 62 3 3
78 67 3 3
78 64 3 3
79 66 3 3
79 71 3 3
79 60 3 3
79 63 3 3
60 71 3 3
60 78 3 3
60 68 3 3
60 77 3 3
61 76 3 3
61 70 3 3
61 74 3 3
61 77 3 3
62 67 3 3
62 76 3 3
62 77 3 3
62 74 3 3
63 71 3 3
63 77 3 3
63 74 3 3
63 73 3 3
84 82 4 4
84 81 4 4
84 80 4 4
84 83 4 4
85 82 4 4
85 80 4 4
85 81 4 4
85 84 4 4
86 85 4 4
86 83 4 4
86 82 4 4
86 81 4 4
87 82 4 4
87 84 4 4
87 83 4 4
87 81 4 4
88 87 4 4
88 81 4 4
88 84 4 4
88 80 4 4
89 88 4 4
89 83 4 4
89 84 4 4
89 81 4 4
90 86 4 4
90 87 4 4
90 82 4 4
90 80 4 4
91 83 4 4
91 89 4 4
91 88 4 4
91 84 4 4
92 86 4 4
92 87 4 4
92 89 4 4
92 88 4 4
93 81 4 4
93 91 4 4
93 83 4 4
93 86 4 4
94 89 4 4
94 87 4 4
94 82 4 4
94 92 4 4
95 83 4 4
95 90 4 4
95 88 4 4
95 92 4 4
96 85 4 4
96 88 4 4
96 92 4 4
96 87 4 4
97 89 4 4
97 96 4 4
97 87 4 4
97 90 4 4
98 90 4 4
98 84 4 4
98 86 4 4
98 85 4 4
99 98 4 4
99 97 4 4
99 89 4 4
99 91 4 4
80 91 4 4
80 86 4 4
80 93 4 4
80 95 4 4
81 96 4 4
81 99 4 4
81 97 4 4
81 92 4 4
82 98 4 4
82 95 4 4
82 99 4 4
82 89 4 4
83 96 4 4
83 88 4 4
83 97 4 4
83 92 4 4
104 103 5 5
104 101 5 5
104 102 5 5
104 100 5 5
105 100 5 5
105 104 5 5
105 101 5 5
105 102 5 5
106 105 5 5
106 100 5 5
106 102 5 5
106 103 5 5
107 102 5 5
107 103 5 5
107 101 5 5
107 106 5 5
108 107 5 5
108 102 5 5
108 103 5 5
108 100 5 5
109 107 5 5
109 102 5 5
109 108 5 5
109 103 5 5
110 107 5 5
110 108 5 5
110 104 5 5
110 103 5 5
111 103 5 5
111 108 5 5
111 102 5 5
111 101 5 5
112 101 5 5
112 107 5 5
112 110 5 5
112 102 5 5
113 100 5 5
113 104 5 5
113 109 5 5
113 105 5 5
114 108 5 5
114 109 5 5
114 107 5 5
114 101 5 5
115 106 5 5
115 107 5 5
115 102 5 5
115 104 5 5
116 104 5 5
116 108 5 5
116 111 5 5
116 114 5 5
117 115 5 5
117 101 5 5
117 109 5 5
117 102 5 5
118 104 5 5
118 116 5 5
118 101 5 5
118 102 5 5
119 114 5 5
119 118 5 5
119 107 5 5
119 112 5 5
100 111 5 5
100 119 5 5
100 117 5 5
100 114 5 5
101 116 5 5
101 109 5 5
101 110 5 5
101 108 5 5
102 116 5 5
102 114 5 5
102 110 5 5
102 119 5 5
103 119 5 5
103 117 5 5
103 118 5 5
103 114 5 5
124 122 6 6
124 121 6 6
124 120 6 6
124 123 6 6
125 123 6 6
125 124 6 6
125 120 6 6
125 121 6 6
126 125 6 6
126 123 6 6
126 120 6 6
126 124 6 6
127 121 6 6
127 123 6 6
127 122 6 6
127 126 6 6
128 127 6 6
128 123 6 6
128 125 6 6
128 121 6 6
129 127 6 6
129 126 6 6
129 128 6 6
129 121 6 6
130 123 6 6
130 126 6 6
130 125 6 6
130 129 6 6
131 121 6 6
131 127 6 6
131 124 6 6
131 123 6 6
132 129 6 6
132 127 6 6
132 126 6 6
132 128 6 6
133 128 6 6
133 127 6 6
133 122 6 6
133 129 6 6
134 126 6 6
134 123 6 6
134 130 6 6
134 125 6 6
135 130 6 6
135 124 6 6
135 121 6 6
135 122 6 6
136 130 6 6
136 125 6 6
136 122 6 6
136 124 6 6
137 121 6 6
137 135 6 6
137 127 6 6
137 123 6 6
138 120 6 6
138 124 6 6
138 131 6 6
138 137 6 6
139 136 6 6
139 137 6 6
139 125 6 6
139 131 6 6
120 139 6 6
120 130 6 6
120 137 6 6
120 135 6 6
121 130 6 6
121 132 6 6
121 138 6 6
121 136 6 6
122 138 6 6
122 128 6 6
122 131 6 6
122 139 6 6
123 139 6 6
123 135 6 6
123 129 6 6
123 133 6 6
144 143 7 7
144 140 7 7
144 142 7 7
144 141 7 7
145 142 7 7
145 144 7 7
145 143 7 7
145 141 7 7
146 145 7 7
146 143 7 7
146 144 7 7
146 142 7 7
147 145 7 7
147 141 7 7
147 146 7 7
147 142 7 7
148 144 7 7
148 145 7 7
148 141 7 7
148 142 7 7
149 143 7 7
149 141 7 7
149 145 7 7
149 140 7 7
150 147 7 7
150 143 7 7
150 144 7 7
150 148 7 7
151 144 7 7
151 146 7 7
151 143 7 7
151 142 7 7
152 149 7 7
152 150 7 7
152 148 7 7
152 142 7 7
153 141 7 7
153 149 7 7
153 146 7 7
153 140 7 7
154 148 7 7
154 150 7 7
154 142 7 7
154 145 7 7
155 151 7 7
155 142 7 7
155 141 7 7
155 146 7 7
156 150 7 7
156 145 7 7
156 151 7 7
156 155 7 7
157 151 7 7
157 147 7 7
157 150 7 7
157 153 7 7
158 141 7 7
158 155 7 7
158 144 7 7
158 156 7 7
159 150 7 7
159 147 7 7
159 141 7 7
159 154 7 7
140 146 7 7
140 151 7 7
140 155 7 7
140 158 7 7
141 154 7 7
141 150 7 7
141 146 7 7
141 152 7 7
142 149 7 7
142 156 7 7
142 159 7 7
142 150 7 7
143 148 7 7
143 155 7 7
143 158 7 7
143 152 7 7
164 161 8 8
164 163 8 8
164 160 8 8
164 162 8 8
165 163 8 8
165 164 8 8
165 160 8 8
165 161 8 8
166 162 8 8
166 163 8 8
166 160 8 8
166 165 8 8
167 161 8 8
167 163 8 8
167 165 8 8
167 164 8 8
168 164 8 8
168 165 8 8
168 160 8 8
168 163 8 8
169 162 8 8
169 160 8 8
169 165 8 8
169 164 8 8
170 166 8 8
170 160 8 8
170 169 8 8
170 167 8 8
171 168 8 8
171 161 8 8
171 164 8 8
171 162 8 8
172 169 8 8
172 161 8 8
172 164 8 8
172 165 8 8
173 169 8 8
173 170 8 8
173 162 8 8
173 161 8 8
174 173 8 8
174 169 8 8
174 170 8 8
174 172 8 8
175 163 8 8
175 169 8 8
175 173 8 8
175 166 8 8
176 168 8 8
176 165 8 8
176 172 8 8
176 173 8 8
177 170 8 8
177 175 8 8
177 169 8 8
177 172 8 8
178 169 8 8
178 177 8 8
178 173 8 8
178 161 8 8
179 166 8 8
179 170 8 8
179 165 8 8
179 178 8 8
160 178 8 8
160 174 8 8
160 175 8 8
160 179 8 8
161 179 8 8
161 174 8 8
161 175 8 8
161 170 8 8
162 170 8 8
162 174 8 8
162 178 8 8
162 165 8 8
163 172 8 8
163 178 8 8
163 170 8 8
163 177 8 8
184 180 9 9
184 183 9 9
184 182 9 9
184 181 9 9
185 182 9 9
185 183 9 9
185 180 9 9
185 181 9 9
186 181 9 9
186 185 9 9
186 183 9 9
186 180 9 9
187 186 9 9
187 185 9 9
187 184 9 9
187 180 9 9
188 182 9 9
188 184 9 9
188 180 9 9
188 187 9 9
189 184 9 9
189 187 9 9
189 188 9 9
189 182 9 9
190 187 9 9
190 182 9 9
190 184 9 9
190 189 9 9
191 186 9 9
191 184 9 9
191 187 9 9
191 190 9 9
192 182 9 9
192 190 9 9
192 188 9 9
192 184 9 9
193 185 9 9
193 186 9 9
193 183 9 9
193 191 9 9
194 192 9 9
194 191 9 9
194 190 9 9
194 188 9 9
195 181 9 9
195 184 9 9
195 192 9 9
195 182 9 9
196 195 9 9
196 188 9 9
196 192 9 9
196 181 9 9
197 183 9 9
197 186 9 9
197 180 9 9
197 188 9 9
198 196 9 9
198 187 9 9
198 181 9 9
198 195 9 9
199 194 9 9
199 182 9 9
199 186 9 9
199 191 9 9
180 199 9 9
180 191 9 9
180 190 9 9
180 194 9 9
181 193 9 9
181 188 9 9
181 189 9 9
181 197 9 9
182 197 9 9
182 198 9 9
182 193 9 9
182 186 9 9
183 196 9 9
183 188 9 9
183 192 9 9
183 195 9 9
204 201 10 10
204 203 10 10
204 202 10 10
204 200 10 10
205 204 10 10
205 200 10 10
205 202 10 10
205 203 10 10
206 201 10 10
206 205 10 10
206 200 10 10
206 204 10 10
207 205 10 10
207 203 10 10
207 200 10 10
207 206 10 10
208 200 10 10
208 204 10 10
208 205 10 10
208 203 10 10
209 208 10 10
209 207 10 10
209 200 10 10
209 205 10 10
210 204 10 10
210 203 10 10
210 207 10 10
210 206 10 10
211 204 10 10
211 205 10 10
211 208 10 10
211 203 10 10
212 206 10 10
212 208 10 10
212 205 10 10
212 204 10 10
213 208 10 10
213 207 10 10
213 210 10 10
213 205 10 10
214 206 10 10
214 213 10 10
214 208 10 10
214 211 10 10
215 206 10 10
215 207 10 10
215 209 10 10
215 200 10 10
216 200 10 10
216 203 10 10
216 215 10 10
216 207 10 10
217 204 10 10
217 210 10 10
217 209 10 10
217 213 10 10
218 200 10 10
218 202 10 10
218 216 10 10
218 215 10 10
219 211 10 10
219 200 10 10
219 217 10 10
219 206 10 10
200 217 10 10
200 213 10 10
200 212 10 10
200 214 10 10
201 212 10 10
201 210 10 10
201 211 10 10
201 207 10 10
202 208 10 10
202 213 10 10
202 215 10 10
202 214 10 10
203 215 10 10
203 213 10 10
203 218 10 10
203 212 10 10
224 220 11 11
224 223 11 11
224 222 11 11
224 221 11 11
225 222 11 11
225 220 11 11
225 224 11 11
225 223 11 11
226 221 11 11
226 225 11 11
226 222 11 11
226 224 11 11
227 225 11 11
227 220 11 11
227 224 11 11
227 223 11 11
228 223 11 11
228 220 11 11
228 225 11 11
228 224 11 11
229 224 11 11
229 225 11 11
229 227 11 11
229 228 11 11
230 226 11 11
230 229 11 11
230 222 11 11
230 221 11 11
231 224 11 11
231 225 11 11
231 221 11 11
231 223 11 11
232 224 11 11
232 226 11 11
232 227 11 11
232 220 11 11
233 221 11 11
233 220 11 11
233 227 11 11
233 229 11 11
234 224 11 11
234 227 11 11
234 228 11 11
234 221 11 11
235 225 11 11
235 228 11 11
235 232 11 11
235 234 11 11
236 235 11 11
236 225 11 11
236 222 11 11
236 220 11 11
237 224 11 11
237 230 11 11
237 235 11 11
237 227 11 11
238 222 11 11
238 221 11 11
238 225 11 11
238 230 11 11
239 220 11 11
239 232 11 11
239 223 11 11
239 224 11 11
220 235 11 11
220 238 11 11
220 229 11 11
220 234 11 11
221 228 11 11
221 227 11 11
221 236 11 11
221 225 11 11
222 231 11 11
222 234 11 11
222 235 11 11
222 227 11 11
223 229 11 11
223 237 11 11
223 235 11 11
223 234 11 11
244 243 12 12
244 242 12 12
244 241 12 12
244 240 12 12
245 241 12 12
245 240 12 12
245 244 12 12
245 242 12 12
246 241 12 12
246 242 12 12
246 243 12 12
246 240 12 12
247 246 12 12
247 243 12 12
247 241 12 12
247 244 12 12
248 245 12 12
248 242 12 12
248 240 12 12
248 243 12 12
249 246 12 12
249 247 12 12
249 244 12 12
249 241 12 12
250 249 12 12
250 246 12 12
250 240 12 12
250 247 12 12
251 250 12 12
251 240 12 12
251 243 12 12
251 245 12 12
252 241 12 12
252 247 12 12
252 249 12 12
252 245 12 12
253 242 12 12
253 247 12 12
253 244 12 12
253 249 12 12
254 249 12 12
254 247 12 12
254 241 12 12
254 253 12 12
255 252 12 12
255 243 12 12
255 244 12 12
255 246 12 12
256 252 12 12
256 250 12 12
256 249 12 12
256 247 12 12
257 250 12 12
257 253 12 12
257 241 12 12
257 246 12 12
258 251 12 12
258 249 12 12
258 248 12 12
258 255 12 12
259 248 12 12
259 247 12 12
259 250 12 12
259 251 12 12
240 255 12 12
240 259 12 12
240 253 12 12
240 247 12 12
241 259 12 12
241 256 12 12
241 255 12 12
241 248 12 12
242 255 12 12
242 259 12 12
242 254 12 12
242 252 12 12
243 245 12 12
243 259 12 12
243 253 12 12
243 258 12 12
264 261 13 13
264 260 13 13
264 263 13 13
264 262 13 13
265 262 13 13
265 263 13 13
265 261 13 13
265 264 13 13
266 261 13 13
266 260 13 13
266 265 13 13
266 263 13 13
267 264 13 13
267 266 13 13
267 263 13 13
267 260 13 13
268 261 13 13
268 264 13 13
268 266 13 13
268 260 13 13
269 266 13 13
269 268 13 13
269 261 13 13
269 260 13 13
270 264 13 13
270 267 13 13
270 260 13 13
270 268 13 13
271 263 13 13
271 265 13 13
271 269 13 13
271 262 13 13
272 264 13 13
272 269 13 13
272 270 13 13
272 267 13 13
273 270 13 13
273 269 13 13
273 272 13 13
273 267 13 13
274 265 13 13
274 271 13 13
274 264 13 13
274 270 13 13
275 270 13 13
275 271 13 13
275 274 13 13
275 269 13 13
276 274 13 13
276 271 13 13
276 264 13 13
276 265 13 13
277 272 13 13
277 264 13 13
277 266 13 13
277 267 13 13
278 267 13 13
278 264 13 13
278 274 13 13
278 275 13 13
279 275 13 13
279 276 13 13
279 265 13 13
279 267 13 13
260 272 13 13
260 271 13 13
260 265 13 13
260 278 13 13
261 272 13 13
261 273 13 13
261 270 13 13
261 278 13 13
262 279 13 13
262 276 13 13
262 274 13 13
262 275 13 13
263 276 13 13
263 279 13 13
263 270 13 13
263 274 13 13
284 283 14 14
284 282 14 14
284 281 14 14
284 280 14 14
285 281 14 14
285 282 14 14
285 280 14 14
285 283 14 14
286 282 14 14
286 281 14 14
286 284 14 14
286 283 14 14
287 280 14 14
287 282 14 14
287 281 14 14
287 283 14 14
288 282 14 14
288 281 14 14
288 283 14 14
288 287 14 14
289 286 14 14
289 283 14 14
289 282 14 14
289 285 14 14
290 286 14 14
290 283 14 14
290 285 14 14
290 288 14 14
291 287 14 14
291 282 14 14
291 286 14 14
291 284 14 14
292 280 14 14
292 286 14 14
292 281 14 14
292 285 14 14
293 289 14 14
293 292 14 14
293 283 14 14
293 282 14 14
294 285 14 14
294 283 14 14
294 292 14 14
294 280 14 14
295 281 14 14
295 283 14 14
295 292 14 14
295 291 14 14
296 286 14 14
296 287 14 14
296 290 14 14
296 281 14 14
297 286 14 14
297 288 14 14
297 282 14 14
297 291 14 14
298 285 14 14
298 295 14 14
298 292 14 14
298 283 14 14
299 292 14 14
299 289 14 14
299 290 14 14
299 280 14 14
280 293 14 14
280 297 14 14
280 289 14 14
280 290 14 14
281 297 14 14
281 290 14 14
281 298 14 14
281 294 14 14
282 290 14 14
282 296 14 14
282 294 14 14
282 295 14 14
283 291 14 14
283 296 14 14
283 297 14 14
283 292 14 14
304 302 15 15
304 301 15 15
304 303 15 15
304 300 15 15
305 302 15 15
305 300 15 15
305 303 15 15
305 304 15 15
306 304 15 15
306 301 15 15
306 302 15 15
306 300 15 15
307 305 15 15
307 300 15 15
307 302 15 15
307 304 15 15
308 302 15 15
308 300 15 15
308 303 15 15
308 305 15 15
309 303 15 15
309 301 15 15
309 304 15 15
309 307 15 15
310 309 15 15
310 302 15 15
310 301 15 15
310 307 15 15
311 306 15 15
311 302 15 15
311 305 15 15
311 304 15 15
312 302 15 15
312 300 15 15
312 309 15 15
312 308 15 15
313 312 15 15
313 304 15 15
313 302 15 15
313 300 15 15
314 304 15 15
314 312 15 15
314 305 15 15
314 311 15 15
315 309 15 15
315 300 15 15
315 310 15 15
315 312 15 15
316 308 15 15
316 315 15 15
316 304 15 15
316 300 15 15
317 310 15 15
317 315 15 15
317 316 15 15
317 302 15 15
318 314 15 15
318 302 15 15
318 305 15 15
318 307 15 15
319 301 15 15
319 300 15 15
319 303 15 15
319 306 15 15
300 318 15 15
300 314 15 15
300 311 15 15
300 317 15 15
301 311 15 15
301 316 15 15
301 312 15 15
301 308 15 15
302 315 15 15
302 314 15 15
302 309 15 15
302 316 15 15
303 312 15 15
303 307 15 15
303 318 15 15
303 313 15 15
99 54 4 2
81 62 4 3
85 16 4 0
88 35 4 1
107 96 5 4
113 79 5 3
102 53 5 2
115 14 5 0
135 13 6 0
139 39 6 1
136 68 6 3
135 95 6 4
141 73 7 3
157 90 7 4
141 40 7 2
156 14 7 0
165 123 8 6
171 28 8 1
172 114 8 5
177 18 8 0
189 14 9 0
193 137 9 6
192 68 9 3
184 97 9 4
204 128 10 6
219 89 10 4
205 13 10 0
209 177 10 8
235 155 11 7
227 92 11 4
229 173 11 8
231 13 11 0
246 194 12 9
242 102 12 5
246 159 12 7
242 63 12 3
263 197 13 9
277 67 13 3
272 109 13 5
262 123 13 6
287 109 14 5
298 92 14 4
286 277 14 13
295 165 14 8
300 218 15 10
307 253 15 12
305 9 15 0
308 164 15 8
12 253 0 12
10 271 0 13
19 284 0 14
29 119 1 5
24 316 1 15
38 155 1 7
29 280 1 14
50 121 2 6
41 229 2 11
58 200 2 10
47 262 2 13
79 218 3 10
63 298 3 14
74 233 3 11
76 171 3 8
