swNum = 320
edgeNum = 1344

0 0
1 0
2 0
3 0
4 0
5 0
6 0
7 0
8 0
9 0
10 0
11 0
12 0
13 0
14 0
15 0
16 0
17 0
18 0
19 0
20 1
21 1
22 1
23 1
24 1
25 1
26 1
27 1
28 1
29 1
30 1
31 1
32 1
33 1
34 1
35 1
36 1
37 1
38 1
39 1
40 2
41 2
42 2
43 2
44 2
45 2
46 2
47 2
48 2
49 2
50 2
51 2
52 2
53 2
54 2
55 2
56 2
57 2
58 2
59 2
60 3
61 3
62 3
63 3
64 3
65 3
66 3
67 3
68 3
69 3
70 3
71 3
72 3
73 3
74 3
75 3
76 3
77 3
78 3
79 3
80 4
81 4
82 4
83 4
84 4
85 4
86 4
87 4
88 4
89 4
90 4
91 4
92 4
93 4
94 4
95 4
96 4
97 4
98 4
99 4
100 5
101 5
102 5
103 5
104 5
105 5
106 5
107 5
108 5
109 5
110 5
111 5
112 5
113 5
114 5
115 5
116 5
117 5
118 5
119 5
120 6
121 6
122 6
123 6
124 6
125 6
126 6
127 6
128 6
129 6
130 6
131 6
132 6
133 6
134 6
135 6
136 6
137 6
138 6
139 6
140 7
141 7
142 7
143 7
144 7
145 7
146 7
147 7
148 7
149 7
150 7
151 7
152 7
153 7
154 7
155 7
156 7
157 7
158 7
159 7
160 8
161 8
162 8
163 8
164 8
165 8
166 8
167 8
168 8
169 8
170 8
171 8
172 8
173 8
174 8
175 8
176 8
177 8
178 8
179 8
180 9
181 9
182 9
183 9
184 9
185 9
186 9
187 9
188 9
189 9
190 9
191 9
192 9
193 9
194 9
195 9
196 9
197 9
198 9
199 9
200 10
201 10
202 10
203 10
204 10
205 10
206 10
207 10
208 10
209 10
210 10
211 10
212 10
213 10
214 10
215 10
216 10
217 10
218 10
219 10
220 11
221 11
222 11
223 11
224 11
225 11
226 11
227 11
228 11
229 11
230 11
231 11
232 11
233 11
234 11
235 11
236 11
237 11
238 11
239 11
240 12
241 12
242 12
243 12
244 12
245 12
246 12
247 12
248 12
249 12
250 12
251 12
252 12
253 12
254 12
255 12
256 12
257 12
258 12
259 12
260 13
261 13
262 13
263 13
264 13
265 13
266 13
267 13
268 13
269 13
270 13
271 13
272 13
273 13
274 13
275 13
276 13
277 13
278 13
279 13
280 14
281 14
282 14
283 14
284 14
285 14
286 14
287 14
288 14
289 14
290 14
291 14
292 14
293 14
294 14
295 14
296 14
297 14
298 14
299 14
300 15
301 15
302 15
303 15
304 15
305 15
306 15
307 15
308 15
309 15
310 15
311 15
312 15
313 15
314 15
315 15
316 15
317 15
318 15
319 15

4 0 0 0
4 3 0 0
4 2 0 0
4 1 0 0
5 4 0 0
5 0 0 0
5 1 0 0
5 2 0 0
6 5 0 0
6 1 0 0
6 2 0 0
6 3 0 0
7 0 0 0
7 1 0 0
7 3 0 0
7 5 0 0
8 4 0 0
8 2 0 0
8 7 0 0
8 6 0 0
9 5 0 0
9 6 0 0
9 4 0 0
9 2 0 0
10 5 0 0
10 7 0 0
10 8 0 0
10 6 0 0
11 10 0 0
11 8 0 0
11 4 0 0
11 7 0 0
12 3 0 0
12 0 0 0
12 7 0 0
12 6 0 0
13 5 0 0
13 11 0 0
13 12 0 0
13 7 0 0
14 10 0 0
14 8 0 0
14 12 0 0
14 3 0 0
15 6 0 0
15 13 0 0
15 0 0 0
15 9 0 0
16 14 0 0
16 0 0 0
16 11 0 0
16 13 0 0
17 1 0 0
17 5 0 0
17 6 0 0
17 12 0 0
18 12 0 0
18 7 0 0
18 8 0 0
18 9 0 0
19 17 0 0
19 4 0 0
19 3 0 0
19 2 0 0
0 14 0 0
0 10 0 0
0 9 0 0
0 18 0 0
1 12 0 0
1 14 0 0
1 8 0 0
1 9 0 0
2 15 0 0
2 17 0 0
2 16 0 0
2 14 0 0
3 16 0 0
3 8 0 0
3 10 0 0
3 13 0 0
24 20 1 1
24 21 1 1
24 23 1 1
24 22 1 1
25 23 1 1
25 21 1 1
25 22 1 1
25 24 1 1
26 20 1 1
26 25 1 1
26 24 1 1
26 22 1 1
27 24 1 1
27 21 1 1
27 26 1 1
27 23 1 1
28 26 1 1
28 23 1 1
28 21 1 1
28 20 1 1
29 27 1 1
29 24 1 1
29 23 1 1
29 20 1 1
30 27 1 1
30 21 1 1
30 20 1 1
30 23 1 1
31 26 1 1
31 28 1 1
31 23 1 1
31 29 1 1
32 26 1 1
32 23 1 1
32 27 1 1
32 31 1 1
33 28 1 1
33 24 1 1
33 30 1 1
33 23 1 1
34 20 1 1
34 26 1 1
34 24 1 1
34 21 1 1
35 21 1 1
35 33 1 1
35 28 1 1
35 34 1 1
36 22 1 1
36 25 1 1
36 33 1 1
36 31 1 1
37 25 1 1
37 32 1 1
37 31 1 1
37 28 1 1
38 35 1 1
38 25 1 1
38 22 1 1
38 37 1 1
39 37 1 1
39 27 1 1
39 23 1 1
39 32 1 1
20 31 1 1
20 37 1 1
20 39 1 1
20 27 1 1
21 39 1 1
21 32 1 1
21 31 1 1
21 38 1 1
22 33 1 1
22 28 1 1
22 32 1 1
22 35 1 1
23 26 1 1
23 36 1 1
23 38 1 1
23 35 1 1
44 40 2 2
44 42 2 2
44 41 2 2
44 43 2 2
45 44 2 2
45 42 2 2
45 41 2 2
45 40 2 2
46 40 2 2
46 41 2 2
46 43 2 2
46 44 2 2
47 42 2 2
47 45 2 2
47 43 2 2
47 40 2 2
48 47 2 2
48 43 2 2
48 41 2 2
48 44 2 2
49 48 2 2
49 44 2 2
49 42 2 2
49 45 2 2
50 44 2 2
50 49 2 2
50 45 2 2
50 41 2 2
51 45 2 2
51 48 2 2
51 49 2 2
51 44 2 2
52 47 2 2
52 50 2 2
52 45 2 2
52 41 2 2
53 44 2 2
53 48 2 2
53 42 2 2
53 49 2 2
54 45 2 2
54 42 2 2
54 44 2 2
54 51 2 2
55 48 2 2
55 43 2 2
55 49 2 2
55 51 2 2
56 47 2 2
56 51 2 2
56 55 2 2
56 42 2 2
57 48 2 2
57 44 2 2
57 47 2 2
57 55 2 2
58 44 2 2
58 47 2 2
58 57 2 2
58 55 2 2
59 45 2 2
59 43 2 2
59 50 2 2
59 42 2 2
40 58 2 2
40 54 2 2
40 53 2 2
40 50 2 2
41 51 2 2
41 53 2 2
41 57 2 2
41 58 2 2
42 50 2 2
42 57 2 2
42 55 2 2
42 52 2 2
43 52 2 2
43 49 2 2
43 51 2 2
43 56 2 2
64 63 3 3
64 62 3 3
64 61 3 3
64 60 3 3
65 61 3 3
65 60 3 3
65 62 3 3
65 64 3 3
66 62 3 3
66 61 3 3
66 64 3 3
66 65 3 3
67 62 3 3
67 63 3 3
67 64 3 3
67 65 3 3
68 64 3 3
68 62 3 3
68 63 3 3
68 65 3 3
69 62 3 3
69 60 3 3
69 63 3 3
69 67 3 3
70 63 3 3
70 67 3 3
70 62 3 3
70 68 3 3
71 68 3 3
71 62 3 3
71 61 3 3
71 69 3 3
72 65 3 3
72 71 3 3
72 69 3 3
72 70 3 3
73 71 3 3
73 60 3 3
73 67 3 3
73 72 3 3
74 60 3 3
74 62 3 3
74 65 3 3
74 68 3 3
75 73 3 3
75 72 3 3
75 67 3 3
75 63 3 3
76 66 3 3
76 73 3 3
76 64 3 3
76 69 3 3
77 63 3 3
77 60 3 3
77 67 3 3
77 70 3 3
78 68 3 3
78 64 3 3
78 76 3 3
78 67 3 3
79 66 3 3
79 61 3 3
79 77 3 3
79 70 3 3
60 72 3 3
60 68 3 3
60 71 3 3
60 66 3 3
61 70 3 3
61 76 3 3
61 78 3 3
61 74 3 3
62 78 3 3
62 75 3 3
62 76 3 3
62 72 3 3
63 78 3 3
63 76 3 3
63 72 3 3
63 71 3 3
84 83 4 4
84 81 4 4
84 80 4 4
84 82 4 4
85 82 4 4
85 81 4 4
85 80 4 4
85 84 4 4
86 82 4 4
86 81 4 4
86 85 4 4
86 83 4 4
87 82 4 4
87 84 4 4
87 83 4 4
87 81 4 4
88 83 4 4
88 84 4 4
88 85 4 4
88 80 4 4
89 82 4 4
89 83 4 4
89 87 4 4
89 86 4 4
90 83 4 4
90 84 4 4
90 80 4 4
90 82 4 4
91 84 4 4
91 89 4 4
91 90 4 4
91 88 4 4
92 89 4 4
92 87 4 4
92 88 4 4
92 91 4 4
93 82 4 4
93 85 4 4
93 81 4 4
93 83 4 4
94 89 4 4
94 82 4 4
94 83 4 4
94 92 4 4
95 83 4 4
95 90 4 4
95 88 4 4
95 81 4 4
96 83 4 4
96 91 4 4
96 85 4 4
96 93 4 4
97 94 4 4
97 91 4 4
97 82 4 4
97 84 4 4
98 89 4 4
98 94 4 4
98 82 4 4
98 86 4 4
99 93 4 4
99 80 4 4
99 88 4 4
99 85 4 4
80 98 4 4
80 91 4 4
80 95 4 4
80 97 4 4
81 99 4 4
81 96 4 4
81 97 4 4
81 88 4 4
82 99 4 4
82 88 4 4
82 95 4 4
82 96 4 4
83 99 4 4
83 98 4 4
83 97 4 4
83 85 4 4
104 102 5 5
104 103 5 5
104 100 5 5
104 101 5 5
105 100 5 5
105 101 5 5
105 103 5 5
105 102 5 5
106 101 5 5
106 100 5 5
106 102 5 5
106 105 5 5
107 103 5 5
107 100 5 5
107 105 5 5
107 102 5 5
108 107 5 5
108 103 5 5
108 105 5 5
108 106 5 5
109 105 5 5
109 100 5 5
109 106 5 5
109 108 5 5
110 109 5 5
110 108 5 5
110 100 5 5
110 106 5 5
111 107 5 5
111 108 5 5
111 104 5 5
111 102 5 5
112 103 5 5
112 101 5 5
112 106 5 5
112 111 5 5
113 100 5 5
113 110 5 5
113 106 5 5
113 111 5 5
114 100 5 5
114 103 5 5
114 105 5 5
114 109 5 5
115 112 5 5
115 104 5 5
115 109 5 5
115 111 5 5
116 107 5 5
116 114 5 5
116 100 5 5
116 101 5 5
117 104 5 5
117 110 5 5
117 100 5 5
117 107 5 5
118 117 5 5
118 114 5 5
118 104 5 5
118 110 5 5
119 110 5 5
119 100 5 5
119 118 5 5
119 109 5 5
100 108 5 5
100 118 5 5
100 111 5 5
100 112 5 5
101 113 5 5
101 114 5 5
101 108 5 5
101 119 5 5
102 117 5 5
102 118 5 5
102 119 5 5
102 116 5 5
103 115 5 5
103 116 5 5
103 119 5 5
103 109 5 5
124 120 6 6
124 123 6 6
124 122 6 6
124 121 6 6
125 120 6 6
125 122 6 6
125 124 6 6
125 123 6 6
126 124 6 6
126 120 6 6
126 125 6 6
126 122 6 6
127 120 6 6
127 124 6 6
127 126 6 6
127 123 6 6
128 120 6 6
128 121 6 6
128 122 6 6
128 123 6 6
129 124 6 6
129 125 6 6
129 123 6 6
129 120 6 6
130 127 6 6
130 122 6 6
130 128 6 6
130 126 6 6
131 126 6 6
131 120 6 6
131 124 6 6
131 129 6 6
132 122 6 6
132 120 6 6
132 123 6 6
132 121 6 6
133 128 6 6
133 130 6 6
133 124 6 6
133 132 6 6
134 130 6 6
134 133 6 6
134 122 6 6
134 120 6 6
135 134 6 6
135 125 6 6
135 126 6 6
135 122 6 6
136 135 6 6
136 124 6 6
136 127 6 6
136 131 6 6
137 135 6 6
137 130 6 6
137 121 6 6
137 134 6 6
138 129 6 6
138 135 6 6
138 126 6 6
138 124 6 6
139 122 6 6
139 138 6 6
139 135 6 6
139 137 6 6
120 136 6 6
120 130 6 6
120 138 6 6
120 139 6 6
121 125 6 6
121 131 6 6
121 130 6 6
121 127 6 6
122 136 6 6
122 131 6 6
122 129 6 6
122 137 6 6
123 131 6 6
123 135 6 6
123 126 6 6
123 139 6 6
144 141 7 7
144 142 7 7
144 143 7 7
144 140 7 7
145 141 7 7
145 142 7 7
145 144 7 7
145 140 7 7
146 142 7 7
146 141 7 7
146 140 7 7
146 144 7 7
147 143 7 7
147 146 7 7
147 144 7 7
147 140 7 7
148 141 7 7
148 142 7 7
148 146 7 7
148 140 7 7
149 140 7 7
149 144 7 7
149 143 7 7
149 146 7 7
150 146 7 7
150 148 7 7
150 144 7 7
150 140 7 7
151 145 7 7
151 140 7 7
151 144 7 7
151 141 7 7
152 146 7 7
152 148 7 7
152 141 7 7
152 145 7 7
153 145 7 7
153 141 7 7
153 144 7 7
153 151 7 7
154 153 7 7
154 140 7 7
154 148 7 7
154 143 7 7
155 142 7 7
155 140 7 7
155 141 7 7
155 154 7 7
156 152 7 7
156 144 7 7
156 142 7 7
156 146 7 7
157 152 7 7
157 141 7 7
157 146 7 7
157 154 7 7
158 148 7 7
158 152 7 7
158 150 7 7
158 144 7 7
159 147 7 7
159 152 7 7
159 158 7 7
159 143 7 7
140 152 7 7
140 159 7 7
140 156 7 7
140 157 7 7
141 159 7 7
141 147 7 7
141 158 7 7
141 156 7 7
142 152 7 7
142 151 7 7
142 147 7 7
142 150 7 7
143 158 7 7
143 148 7 7
143 157 7 7
143 150 7 7
164 160 8 8
164 161 8 8
164 162 8 8
164 163 8 8
165 162 8 8
165 161 8 8
165 160 8 8
165 163 8 8
166 162 8 8
166 164 8 8
166 161 8 8
166 163 8 8
167 162 8 8
167 164 8 8
167 166 8 8
167 160 8 8
168 166 8 8
168 162 8 8
168 164 8 8
168 167 8 8
169 165 8 8
169 162 8 8
169 160 8 8
169 168 8 8
170 165 8 8
170 168 8 8
170 161 8 8
170 160 8 8
171 165 8 8
171 162 8 8
171 169 8 8
171 160 8 8
172 170 8 8
172 169 8 8
172 163 8 8
172 162 8 8
173 168 8 8
173 162 8 8
173 167 8 8
173 164 8 8
174 172 8 8
174 168 8 8
174 170 8 8
174 163 8 8
175 160 8 8
175 162 8 8
175 167 8 8
175 173 8 8
176 172 8 8
176 171 8 8
176 168 8 8
176 169 8 8
177 168 8 8
177 173 8 8
177 176 8 8
177 170 8 8
178 168 8 8
178 162 8 8
178 161 8 8
178 160 8 8
179 171 8 8
179 168 8 8
179 175 8 8
179 170 8 8
160 179 8 8
160 174 8 8
160 166 8 8
160 173 8 8
161 172 8 8
161 176 8 8
161 174 8 8
161 168 8 8
162 174 8 8
162 177 8 8
162 176 8 8
162 170 8 8
163 169 8 8
163 177 8 8
163 170 8 8
163 176 8 8
184 181 9 9
184 183 9 9
184 182 9 9
184 180 9 9
185 183 9 9
185 182 9 9
185 181 9 9
185 184 9 9
186 184 9 9
186 182 9 9
186 181 9 9
186 185 9 9
187 180 9 9
187 186 9 9
187 183 9 9
187 184 9 9
188 183 9 9
188 186 9 9
188 180 9 9
188 181 9 9
189 187 9 9
189 181 9 9
189 180 9 9
189 186 9 9
190 188 9 9
190 183 9 9
190 180 9 9
190 184 9 9
191 186 9 9
191 182 9 9
191 184 9 9
191 185 9 9
192 185 9 9
192 183 9 9
192 187 9 9
192 190 9 9
193 181 9 9
193 183 9 9
193 184 9 9
193 188 9 9
194 187 9 9
194 188 9 9
194 183 9 9
194 193 9 9
195 188 9 9
195 181 9 9
195 183 9 9
195 190 9 9
196 188 9 9
196 190 9 9
196 189 9 9
196 191 9 9
197 183 9 9
197 194 9 9
197 196 9 9
197 192 9 9
198 184 9 9
198 193 9 9
198 195 9 9
198 185 9 9
199 192 9 9
199 183 9 9
199 190 9 9
199 195 9 9
180 194 9 9
180 196 9 9
180 197 9 9
180 195 9 9
181 192 9 9
181 197 9 9
181 187 9 9
181 191 9 9
182 196 9 9
182 193 9 9
182 187 9 9
182 195 9 9
183 196 9 9
183 198 9 9
183 189 9 9
183 186 9 9
204 202 10 10
204 200 10 10
204 201 10 10
204 203 10 10
205 202 10 10
205 204 10 10
205 201 10 10
205 200 10 10
206 200 10 10
206 202 10 10
206 201 10 10
206 205 10 10
207 205 10 10
207 203 10 10
207 202 10 10
207 206 10 10
208 200 10 10
208 203 10 10
208 205 10 10
208 206 10 10
209 203 10 10
209 201 10 10
209 204 10 10
209 200 10 10
210 207 10 10
210 206 10 10
210 200 10 10
210 208 10 10
211 207 10 10
211 203 10 10
211 201 10 10
211 209 10 10
212 204 10 10
212 209 10 10
212 205 10 10
212 201 10 10
213 203 10 10
213 209 10 10
213 201 10 10
213 208 10 10
214 209 10 10
214 212 10 10
214 200 10 10
214 207 10 10
215 214 10 10
215 204 10 10
215 202 10 10
215 210 10 10
216 204 10 10
216 206 10 10
216 215 10 10
216 202 10 10
217 208 10 10
217 214 10 10
217 202 10 10
217 215 10 10
218 210 10 10
218 206 10 10
218 204 10 10
218 200 10 10
219 216 10 10
219 214 10 10
219 208 10 10
219 209 10 10
200 216 10 10
200 219 10 10
200 207 10 10
200 212 10 10
201 219 10 10
201 207 10 10
201 214 10 10
201 210 10 10
202 213 10 10
202 212 10 10
202 218 10 10
202 210 10 10
203 212 10 10
203 214 10 10
203 215 10 10
203 205 10 10
224 220 11 11
224 222 11 11
224 223 11 11
224 221 11 11
225 222 11 11
225 220 11 11
225 223 11 11
225 221 11 11
226 222 11 11
226 225 11 11
226 224 11 11
226 220 11 11
227 226 11 11
227 221 11 11
227 225 11 11
227 222 11 11
228 224 11 11
228 225 11 11
228 221 11 11
228 227 11 11
229 227 11 11
229 222 11 11
229 226 11 11
229 228 11 11
230 228 11 11
230 222 11 11
230 224 11 11
230 220 11 11
231 225 11 11
231 229 11 11
231 221 11 11
231 222 11 11
232 226 11 11
232 227 11 11
232 223 11 11
232 231 11 11
233 231 11 11
233 230 11 11
233 225 11 11
233 221 11 11
234 231 11 11
234 222 11 11
234 221 11 11
234 220 11 11
235 233 11 11
235 228 11 11
235 234 11 11
235 230 11 11
236 235 11 11
236 220 11 11
236 229 11 11
236 234 11 11
237 233 11 11
237 228 11 11
237 231 11 11
237 229 11 11
238 226 11 11
238 225 11 11
238 228 11 11
238 235 11 11
239 236 11 11
239 227 11 11
239 229 11 11
239 222 11 11
220 235 11 11
220 233 11 11
220 238 11 11
220 231 11 11
221 236 11 11
221 235 11 11
221 230 11 11
221 226 11 11
222 238 11 11
222 236 11 11
222 235 11 11
222 233 11 11
223 229 11 11
223 237 11 11
223 235 11 11
223 227 11 11
244 241 12 12
244 243 12 12
244 240 12 12
244 242 12 12
245 243 12 12
245 242 12 12
245 244 12 12
245 240 12 12
246 242 12 12
246 243 12 12
246 245 12 12
246 241 12 12
247 244 12 12
247 245 12 12
247 240 12 12
247 241 12 12
248 241 12 12
248 244 12 12
248 245 12 12
248 247 12 12
249 244 12 12
249 245 12 12
249 240 12 12
249 248 12 12
250 240 12 12
250 245 12 12
250 246 12 12
250 241 12 12
251 249 12 12
251 243 12 12
251 246 12 12
251 244 12 12
252 249 12 12
252 247 12 12
252 245 12 12
252 240 12 12
253 243 12 12
253 248 12 12
253 245 12 12
253 250 12 12
254 251 12 12
254 248 12 12
254 252 12 12
254 244 12 12
255 245 12 12
255 253 12 12
255 250 12 12
255 251 12 12
256 255 12 12
256 250 12 12
256 245 12 12
256 243 12 12
257 243 12 12
257 242 12 12
257 254 12 12
257 244 12 12
258 257 12 12
258 250 12 12
258 254 12 12
258 240 12 12
259 250 12 12
259 255 12 12
259 241 12 12
259 244 12 12
240 253 12 12
240 246 12 12
240 254 12 12
240 259 12 12
241 256 12 12
241 253 12 12
241 245 12 12
241 254 12 12
242 253 12 12
242 251 12 12
242 250 12 12
242 255 12 12
243 259 12 12
243 247 12 12
243 250 12 12
243 255 12 12
264 260 13 13
264 262 13 13
264 263 13 13
264 261 13 13
265 264 13 13
265 262 13 13
265 260 13 13
265 261 13 13
266 265 13 13
266 264 13 13
266 262 13 13
266 260 13 13
267 264 13 13
267 263 13 13
267 266 13 13
267 260 13 13
268 267 13 13
268 266 13 13
268 261 13 13
268 263 13 13
269 266 13 13
269 261 13 13
269 268 13 13
269 264 13 13
270 269 13 13
270 264 13 13
270 260 13 13
270 265 13 13
271 267 13 13
271 269 13 13
271 270 13 13
271 263 13 13
272 265 13 13
272 267 13 13
272 264 13 13
272 266 13 13
273 266 13 13
273 261 13 13
273 268 13 13
273 269 13 13
274 261 13 13
274 260 13 13
274 267 13 13
274 270 13 13
275 263 13 13
275 274 13 13
275 261 13 13
275 273 13 13
276 261 13 13
276 271 13 13
276 274 13 13
276 273 13 13
277 261 13 13
277 275 13 13
277 276 13 13
277 274 13 13
278 269 13 13
278 271 13 13
278 274 13 13
278 275 13 13
279 275 13 13
279 261 13 13
279 276 13 13
279 274 13 13
260 268 13 13
260 271 13 13
260 278 13 13
260 276 13 13
261 271 13 13
261 267 13 13
261 270 13 13
261 266 13 13
262 267 13 13
262 270 13 13
262 274 13 13
262 272 13 13
263 269 13 13
263 279 13 13
263 274 13 13
263 277 13 13
284 281 14 14
284 282 14 14
284 280 14 14
284 283 14 14
285 282 14 14
285 284 14 14
285 280 14 14
285 281 14 14
286 282 14 14
286 280 14 14
286 281 14 14
286 284 14 14
287 280 14 14
287 282 14 14
287 284 14 14
287 286 14 14
288 285 14 14
288 283 14 14
288 284 14 14
288 286 14 14
289 285 14 14
289 288 14 14
289 286 14 14
289 284 14 14
290 289 14 14
290 283 14 14
290 288 14 14
290 287 14 14
291 284 14 14
291 285 14 14
291 283 14 14
291 289 14 14
292 280 14 14
292 285 14 14
292 286 14 14
292 284 14 14
293 285 14 14
293 283 14 14
293 286 14 14
293 291 14 14
294 284 14 14
294 292 14 14
294 280 14 14
294 281 14 14
295 289 14 14
295 288 14 14
295 294 14 14
295 290 14 14
296 282 14 14
296 281 14 14
296 291 14 14
296 285 14 14
297 293 14 14
297 289 14 14
297 285 14 14
297 295 14 14
298 291 14 14
298 292 14 14
298 282 14 14
298 280 14 14
299 297 14 14
299 290 14 14
299 282 14 14
299 289 14 14
280 293 14 14
280 291 14 14
280 295 14 14
280 299 14 14
281 299 14 14
281 293 14 14
281 291 14 14
281 295 14 14
282 293 14 14
282 291 14 14
282 292 14 14
282 297 14 14
283 295 14 14
283 289 14 14
283 296 14 14
283 299 14 14
304 300 15 15
304 303 15 15
304 302 15 15
304 301 15 15
305 301 15 15
305 302 15 15
305 300 15 15
305 304 15 15
306 303 15 15
306 302 15 15
306 304 15 15
306 301 15 15
307 302 15 15
307 301 15 15
307 303 15 15
307 305 15 15
308 305 15 15
308 306 15 15
308 301 15 15
308 300 15 15
309 301 15 15
309 305 15 15
309 304 15 15
309 307 15 15
310 301 15 15
310 303 15 15
310 300 15 15
310 307 15 15
311 310 15 15
311 307 15 15
311 308 15 15
311 303 15 15
312 311 15 15
312 303 15 15
312 306 15 15
312 305 15 15
313 303 15 15
313 304 15 15
313 302 15 15
313 305 15 15
314 309 15 15
314 310 15 15
314 313 15 15
314 304 15 15
315 304 15 15
315 302 15 15
315 314 15 15
315 300 15 15
316 304 15 15
316 305 15 15
316 314 15 15
316 315 15 15
317 310 15 15
317 304 15 15
317 303 15 15
317 313 15 15
318 315 15 15
318 310 15 15
318 301 15 15
318 314 15 15
319 311 15 15
319 312 15 15
319 305 15 15
319 302 15 15
300 316 15 15
300 318 15 15
300 306 15 15
300 317 15 15
301 314 15 15
301 319 15 15
301 313 15 15
301 311 15 15
302 311 15 15
302 308 15 15
302 318 15 15
302 312 15 15
303 314 15 15
303 316 15 15
303 319 15 15
303 305 15 15
91 22 4 1
85 42 4 2
94 77 4 3
84 18 4 0
114 16 5 0
106 25 5 1
104 41 5 2
113 89 5 4
127 86 6 4
120 102 6 5
130 71 6 3
122 41 6 2
141 122 7 6
153 38 7 1
150 46 7 2
154 96 7 4
177 136 8 6
164 33 8 1
168 141 8 7
163 110 8 5
198 14 9 0
185 29 9 1
182 132 9 6
180 154 9 7
200 76 10 3
209 121 10 6
202 8 10 0
210 38 10 1
229 158 11 7
223 138 11 6
233 43 11 2
228 95 11 4
253 191 12 9
250 146 12 7
245 215 12 10
241 26 12 1
269 109 13 5
261 47 13 2
263 216 13 10
274 222 13 11
292 253 14 12
285 6 14 0
291 40 14 2
286 168 14 8
314 65 15 3
317 212 15 10
309 239 15 11
316 3 15 0
2 171 0 8
13 224 0 11
3 254 0 12
7 275 0 13
34 232 1 11
32 299 1 14
29 269 1 13
33 127 1 6
58 201 2 10
51 256 2 12
58 316 2 15
57 196 2 9
78 268 3 13
70 298 3 14
75 111 3 5
78 198 3 9
