swNum = 320
edgeNum = 1344

0 0
1 0
2 0
3 0
4 0
5 0
6 0
7 0
8 0
9 0
10 0
11 0
12 0
13 0
14 0
15 0
16 0
17 0
18 0
19 0
20 1
21 1
22 1
23 1
24 1
25 1
26 1
27 1
28 1
29 1
30 1
31 1
32 1
33 1
34 1
35 1
36 1
37 1
38 1
39 1
40 2
41 2
42 2
43 2
44 2
45 2
46 2
47 2
48 2
49 2
50 2
51 2
52 2
53 2
54 2
55 2
56 2
57 2
58 2
59 2
60 3
61 3
62 3
63 3
64 3
65 3
66 3
67 3
68 3
69 3
70 3
71 3
72 3
73 3
74 3
75 3
76 3
77 3
78 3
79 3
80 4
81 4
82 4
83 4
84 4
85 4
86 4
87 4
88 4
89 4
90 4
91 4
92 4
93 4
94 4
95 4
96 4
97 4
98 4
99 4
100 5
101 5
102 5
103 5
104 5
105 5
106 5
107 5
108 5
109 5
110 5
111 5
112 5
113 5
114 5
115 5
116 5
117 5
118 5
119 5
120 6
121 6
122 6
123 6
124 6
125 6
126 6
127 6
128 6
129 6
130 6
131 6
132 6
133 6
134 6
135 6
136 6
137 6
138 6
139 6
140 7
141 7
142 7
143 7
144 7
145 7
146 7
147 7
148 7
149 7
150 7
151 7
152 7
153 7
154 7
155 7
156 7
157 7
158 7
159 7
160 8
161 8
162 8
163 8
164 8
165 8
166 8
167 8
168 8
169 8
170 8
171 8
172 8
173 8
174 8
175 8
176 8
177 8
178 8
179 8
180 9
181 9
182 9
183 9
184 9
185 9
186 9
187 9
188 9
189 9
190 9
191 9
192 9
193 9
194 9
195 9
196 9
197 9
198 9
199 9
200 10
201 10
202 10
203 10
204 10
205 10
206 10
207 10
208 10
209 10
210 10
211 10
212 10
213 10
214 10
215 10
216 10
217 10
218 10
219 10
220 11
221 11
222 11
223 11
224 11
225 11
226 11
227 11
228 11
229 11
230 11
231 11
232 11
233 11
234 11
235 11
236 11
237 11
238 11
239 11
240 12
241 12
242 12
243 12
244 12
245 12
246 12
247 12
248 12
249 12
250 12
251 12
252 12
253 12
254 12
255 12
256 12
257 12
258 12
259 12
260 13
261 13
262 13
263 13
264 13
265 13
266 13
267 13
268 13
269 13
270 13
271 13
272 13
273 13
274 13
275 13
276 13
277 13
278 13
279 13
280 14
281 14
282 14
283 14
284 14
285 14
286 14
287 14
288 14
289 14
290 14
291 14
292 14
293 14
294 14
295 14
296 14
297 14
298 14
299 14
300 15
301 15
302 15
303 15
304 15
305 15
306 15
307 15
308 15
309 15
310 15
311 15
312 15
313 15
314 15
315 15
316 15
317 15
318 15
319 15

4 2 0 0
4 1 0 0
4 3 0 0
4 0 0 0
5 3 0 0
5 0 0 0
5 1 0 0
5 4 0 0
6 4 0 0
6 5 0 0
6 2 0 0
6 3 0 0
7 4 0 0
7 5 0 0
7 6 0 0
7 2 0 0
8 2 0 0
8 7 0 0
8 4 0 0
8 6 0 0
9 7 0 0
9 8 0 0
9 6 0 0
9 4 0 0
10 5 0 0
10 2 0 0
10 0 0 0
10 4 0 0
11 3 0 0
11 6 0 0
11 5 0 0
11 10 0 0
12 4 0 0
12 6 0 0
12 8 0 0
12 10 0 0
13 7 0 0
13 9 0 0
13 8 0 0
13 6 0 0
14 9 0 0
14 7 0 0
14 2 0 0
14 11 0 0
15 4 0 0
15 13 0 0
15 11 0 0
15 8 0 0
16 3 0 0
16 11 0 0
16 13 0 0
16 0 0 0
17 12 0 0
17 5 0 0
17 2 0 0
17 11 0 0
18 4 0 0
18 9 0 0
18 2 0 0
18 10 0 0
19 8 0 0
19 5 0 0
19 16 0 0
19 3 0 0
0 11 0 0
0 9 0 0
0 6 0 0
0 19 0 0
1 11 0 0
1 13 0 0
1 9 0 0
1 18 0 0
2 9 0 0
2 16 0 0
2 19 0 0
2 12 0 0
3 15 0 0
3 17 0 0
3 12 0 0
3 13 0 0
24 20 1 1
24 23 1 1
24 21 1 1
24 22 1 1
25 22 1 1
25 21 1 1
25 24 1 1
25 20 1 1
26 21 1 1
26 23 1 1
26 22 1 1
26 24 1 1
27 20 1 1
27 22 1 1
27 21 1 1
27 25 1 1
28 20 1 1
28 24 1 1
28 25 1 1
28 27 1 1
29 25 1 1
29 20 1 1
29 22 1 1
29 23 1 1
30 29 1 1
30 28 1 1
30 27 1 1
30 23 1 1
31 21 1 1
31 22 1 1
31 23 1 1
31 26 1 1
32 21 1 1
32 23 1 1
32 22 1 1
32 31 1 1
33 21 1 1
33 20 1 1
33 31 1 1
33 25 1 1
34 27 1 1
34 32 1 1
34 25 1 1
34 31 1 1
35 20 1 1
35 31 1 1
35 25 1 1
35 24 1 1
36 35 1 1
36 30 1 1
36 23 1 1
36 28 1 1
37 23 1 1
37 25 1 1
37 24 1 1
37 20 1 1
38 37 1 1
38 36 1 1
38 34 1 1
38 24 1 1
39 20 1 1
39 23 1 1
39 37 1 1
39 22 1 1
20 34 1 1
20 36 1 1
20 30 1 1
20 32 1 1
21 37 1 1
21 34 1 1
21 36 1 1
21 30 1 1
22 37 1 1
22 35 1 1
22 30 1 1
22 38 1 1
23 35 1 1
23 38 1 1
23 33 1 1
23 27 1 1
44 42 2 2
44 40 2 2
44 43 2 2
44 41 2 2
45 43 2 2
45 44 2 2
45 40 2 2
45 41 2 2
46 42 2 2
46 44 2 2
46 40 2 2
46 43 2 2
47 40 2 2
47 44 2 2
47 42 2 2
47 46 2 2
48 43 2 2
48 42 2 2
48 45 2 2
48 47 2 2
49 44 2 2
49 46 2 2
49 42 2 2
49 43 2 2
50 47 2 2
50 41 2 2
50 48 2 2
50 44 2 2
51 46 2 2
51 42 2 2
51 40 2 2
51 44 2 2
52 46 2 2
52 49 2 2
52 43 2 2
52 45 2 2
53 41 2 2
53 50 2 2
53 42 2 2
53 40 2 2
54 53 2 2
54 52 2 2
54 41 2 2
54 42 2 2
55 47 2 2
55 42 2 2
55 46 2 2
55 54 2 2
56 42 2 2
56 40 2 2
56 50 2 2
56 49 2 2
57 47 2 2
57 54 2 2
57 49 2 2
57 51 2 2
58 42 2 2
58 56 2 2
58 54 2 2
58 41 2 2
59 50 2 2
59 48 2 2
59 45 2 2
59 44 2 2
40 52 2 2
40 59 2 2
40 50 2 2
40 55 2 2
41 59 2 2
41 52 2 2
41 47 2 2
41 48 2 2
42 52 2 2
42 45 2 2
42 59 2 2
42 50 2 2
43 57 2 2
43 54 2 2
43 53 2 2
43 55 2 2
64 62 3 3
64 61 3 3
64 60 3 3
64 63 3 3
65 61 3 3
65 64 3 3
65 62 3 3
65 63 3 3
66 63 3 3
66 61 3 3
66 64 3 3
66 65 3 3
67 65 3 3
67 64 3 3
67 60 3 3
67 62 3 3
68 62 3 3
68 67 3 3
68 60 3 3
68 64 3 3
69 67 3 3
69 64 3 3
69 61 3 3
69 60 3 3
70 68 3 3
70 62 3 3
70 61 3 3
70 69 3 3
71 64 3 3
71 70 3 3
71 69 3 3
71 60 3 3
72 68 3 3
72 69 3 3
72 62 3 3
72 65 3 3
73 61 3 3
73 70 3 3
73 66 3 3
73 63 3 3
74 67 3 3
74 63 3 3
74 69 3 3
74 65 3 3
75 71 3 3
75 73 3 3
75 61 3 3
75 69 3 3
76 73 3 3
76 71 3 3
76 61 3 3
76 69 3 3
77 74 3 3
77 62 3 3
77 65 3 3
77 61 3 3
78 76 3 3
78 70 3 3
78 65 3 3
78 74 3 3
79 60 3 3
79 77 3 3
79 70 3 3
79 61 3 3
60 65 3 3
60 74 3 3
60 76 3 3
60 75 3 3
61 74 3 3
61 78 3 3
61 71 3 3
61 67 3 3
62 71 3 3
62 66 3 3
62 79 3 3
62 74 3 3
63 70 3 3
63 75 3 3
63 79 3 3
63 71 3 3
84 83 4 4
84 81 4 4
84 82 4 4
84 80 4 4
85 82 4 4
85 84 4 4
85 83 4 4
85 81 4 4
86 83 4 4
86 82 4 4
86 85 4 4
86 84 4 4
87 85 4 4
87 81 4 4
87 80 4 4
87 86 4 4
88 82 4 4
88 85 4 4
88 80 4 4
88 83 4 4
89 88 4 4
89 85 4 4
89 86 4 4
89 84 4 4
90 88 4 4
90 86 4 4
90 80 4 4
90 87 4 4
91 87 4 4
91 81 4 4
91 90 4 4
91 80 4 4
92 87 4 4
92 84 4 4
92 81 4 4
92 80 4 4
93 85 4 4
93 90 4 4
93 83 4 4
93 86 4 4
94 88 4 4
94 92 4 4
94 80 4 4
94 90 4 4
95 90 4 4
95 84 4 4
95 87 4 4
95 86 4 4
96 94 4 4
96 80 4 4
96 92 4 4
96 91 4 4
97 91 4 4
97 92 4 4
97 94 4 4
97 87 4 4
98 97 4 4
98 89 4 4
98 93 4 4
98 95 4 4
99 85 4 4
99 89 4 4
99 84 4 4
99 95 4 4
80 98 4 4
80 86 4 4
80 97 4 4
80 89 4 4
81 90 4 4
81 99 4 4
81 96 4 4
81 95 4 4
82 93 4 4
82 94 4 4
82 95 4 4
82 98 4 4
83 92 4 4
83 90 4 4
83 87 4 4
83 95 4 4
104 102 5 5
104 101 5 5
104 100 5 5
104 103 5 5
105 103 5 5
105 100 5 5
105 101 5 5
105 104 5 5
106 105 5 5
106 101 5 5
106 100 5 5
106 102 5 5
107 102 5 5
107 106 5 5
107 105 5 5
107 103 5 5
108 103 5 5
108 101 5 5
108 100 5 5
108 106 5 5
109 100 5 5
109 107 5 5
109 103 5 5
109 106 5 5
110 105 5 5
110 100 5 5
110 102 5 5
110 109 5 5
111 103 5 5
111 106 5 5
111 105 5 5
111 109 5 5
112 108 5 5
112 111 5 5
112 109 5 5
112 102 5 5
113 111 5 5
113 106 5 5
113 101 5 5
113 107 5 5
114 102 5 5
114 101 5 5
114 100 5 5
114 108 5 5
115 105 5 5
115 103 5 5
115 107 5 5
115 106 5 5
116 103 5 5
116 111 5 5
116 107 5 5
116 112 5 5
117 100 5 5
117 114 5 5
117 112 5 5
117 113 5 5
118 112 5 5
118 114 5 5
118 117 5 5
118 102 5 5
119 100 5 5
119 104 5 5
119 107 5 5
119 114 5 5
100 115 5 5
100 107 5 5
100 116 5 5
100 118 5 5
101 115 5 5
101 107 5 5
101 117 5 5
101 118 5 5
102 108 5 5
102 109 5 5
102 117 5 5
102 119 5 5
103 112 5 5
103 113 5 5
103 106 5 5
103 117 5 5
124 120 6 6
124 123 6 6
124 122 6 6
124 121 6 6
125 121 6 6
125 122 6 6
125 124 6 6
125 120 6 6
126 125 6 6
126 122 6 6
126 121 6 6
126 124 6 6
127 125 6 6
127 121 6 6
127 120 6 6
127 126 6 6
128 127 6 6
128 122 6 6
128 125 6 6
128 123 6 6
129 124 6 6
129 126 6 6
129 127 6 6
129 121 6 6
130 127 6 6
130 128 6 6
130 122 6 6
130 129 6 6
131 122 6 6
131 121 6 6
131 125 6 6
131 123 6 6
132 124 6 6
132 125 6 6
132 130 6 6
132 120 6 6
133 132 6 6
133 126 6 6
133 128 6 6
133 125 6 6
134 133 6 6
134 127 6 6
134 121 6 6
134 131 6 6
135 127 6 6
135 131 6 6
135 125 6 6
135 126 6 6
136 131 6 6
136 133 6 6
136 134 6 6
136 125 6 6
137 133 6 6
137 121 6 6
137 127 6 6
137 123 6 6
138 133 6 6
138 122 6 6
138 129 6 6
138 130 6 6
139 131 6 6
139 125 6 6
139 134 6 6
139 122 6 6
120 136 6 6
120 126 6 6
120 139 6 6
120 128 6 6
121 133 6 6
121 136 6 6
121 139 6 6
121 138 6 6
122 136 6 6
122 127 6 6
122 133 6 6
122 135 6 6
123 139 6 6
123 127 6 6
123 138 6 6
123 135 6 6
144 141 7 7
144 143 7 7
144 142 7 7
144 140 7 7
145 141 7 7
145 140 7 7
145 143 7 7
145 144 7 7
146 145 7 7
146 141 7 7
146 142 7 7
146 143 7 7
147 143 7 7
147 146 7 7
147 142 7 7
147 141 7 7
148 144 7 7
148 147 7 7
148 145 7 7
148 142 7 7
149 144 7 7
149 145 7 7
149 146 7 7
149 147 7 7
150 143 7 7
150 140 7 7
150 146 7 7
150 144 7 7
151 145 7 7
151 144 7 7
151 147 7 7
151 141 7 7
152 149 7 7
152 141 7 7
152 147 7 7
152 143 7 7
153 143 7 7
153 142 7 7
153 147 7 7
153 152 7 7
154 145 7 7
154 151 7 7
154 149 7 7
154 141 7 7
155 146 7 7
155 153 7 7
155 144 7 7
155 151 7 7
156 146 7 7
156 140 7 7
156 153 7 7
156 155 7 7
157 154 7 7
157 147 7 7
157 143 7 7
157 152 7 7
158 142 7 7
158 144 7 7
158 147 7 7
158 141 7 7
159 149 7 7
159 140 7 7
159 151 7 7
159 147 7 7
140 153 7 7
140 149 7 7
140 147 7 7
140 158 7 7
141 153 7 7
141 159 7 7
141 155 7 7
141 157 7 7
142 157 7 7
142 151 7 7
142 154 7 7
142 152 7 7
143 158 7 7
143 154 7 7
143 159 7 7
143 148 7 7
164 160 8 8
164 161 8 8
164 162 8 8
164 163 8 8
165 161 8 8
165 162 8 8
165 160 8 8
165 164 8 8
166 160 8 8
166 164 8 8
166 161 8 8
166 162 8 8
167 161 8 8
167 160 8 8
167 162 8 8
167 163 8 8
168 162 8 8
168 163 8 8
168 165 8 8
168 167 8 8
169 163 8 8
169 168 8 8
169 162 8 8
169 161 8 8
170 168 8 8
170 163 8 8
170 161 8 8
170 166 8 8
171 163 8 8
171 170 8 8
171 161 8 8
171 169 8 8
172 165 8 8
172 162 8 8
172 169 8 8
172 164 8 8
173 162 8 8
173 161 8 8
173 166 8 8
173 169 8 8
174 172 8 8
174 160 8 8
174 161 8 8
174 166 8 8
175 164 8 8
175 174 8 8
175 171 8 8
175 168 8 8
176 174 8 8
176 162 8 8
176 168 8 8
176 170 8 8
177 164 8 8
177 173 8 8
177 169 8 8
177 168 8 8
178 164 8 8
178 167 8 8
178 174 8 8
178 160 8 8
179 160 8 8
179 172 8 8
179 176 8 8
179 164 8 8
160 175 8 8
160 172 8 8
160 176 8 8
160 177 8 8
161 176 8 8
161 168 8 8
161 177 8 8
161 172 8 8
162 178 8 8
162 174 8 8
162 175 8 8
162 170 8 8
163 176 8 8
163 165 8 8
163 173 8 8
163 166 8 8
184 180 9 9
184 181 9 9
184 182 9 9
184 183 9 9
185 181 9 9
185 182 9 9
185 180 9 9
185 183 9 9
186 185 9 9
186 181 9 9
186 180 9 9
186 182 9 9
187 181 9 9
187 182 9 9
187 184 9 9
187 180 9 9
188 185 9 9
188 186 9 9
188 180 9 9
188 181 9 9
189 188 9 9
189 180 9 9
189 182 9 9
189 186 9 9
190 181 9 9
190 185 9 9
190 184 9 9
190 186 9 9
191 184 9 9
191 182 9 9
191 186 9 9
191 183 9 9
192 181 9 9
192 184 9 9
192 185 9 9
192 191 9 9
193 191 9 9
193 187 9 9
193 180 9 9
193 181 9 9
194 191 9 9
194 186 9 9
194 193 9 9
194 182 9 9
195 183 9 9
195 191 9 9
195 181 9 9
195 182 9 9
196 191 9 9
196 187 9 9
196 182 9 9
196 195 9 9
197 182 9 9
197 189 9 9
197 186 9 9
197 188 9 9
198 180 9 9
198 187 9 9
198 181 9 9
198 191 9 9
199 194 9 9
199 182 9 9
199 198 9 9
199 183 9 9
180 194 9 9
180 199 9 9
180 196 9 9
180 190 9 9
181 196 9 9
181 199 9 9
181 189 9 9
181 197 9 9
182 198 9 9
182 192 9 9
182 188 9 9
182 193 9 9
183 196 9 9
183 198 9 9
183 187 9 9
183 192 9 9
204 201 10 10
204 202 10 10
204 200 10 10
204 203 10 10
205 202 10 10
205 200 10 10
205 204 10 10
205 203 10 10
206 202 10 10
206 200 10 10
206 205 10 10
206 203 10 10
207 200 10 10
207 206 10 10
207 202 10 10
207 205 10 10
208 202 10 10
208 200 10 10
208 206 10 10
208 203 10 10
209 208 10 10
209 207 10 10
209 200 10 10
209 204 10 10
210 203 10 10
210 206 10 10
210 208 10 10
210 201 10 10
211 208 10 10
211 201 10 10
211 210 10 10
211 202 10 10
212 210 10 10
212 207 10 10
212 203 10 10
212 202 10 10
213 201 10 10
213 208 10 10
213 204 10 10
213 212 10 10
214 208 10 10
214 210 10 10
214 204 10 10
214 211 10 10
215 212 10 10
215 214 10 10
215 210 10 10
215 207 10 10
216 212 10 10
216 210 10 10
216 201 10 10
216 200 10 10
217 211 10 10
217 200 10 10
217 205 10 10
217 213 10 10
218 213 10 10
218 209 10 10
218 200 10 10
218 208 10 10
219 217 10 10
219 210 10 10
219 200 10 10
219 204 10 10
200 212 10 10
200 215 10 10
200 213 10 10
200 210 10 10
201 214 10 10
201 206 10 10
201 208 10 10
201 212 10 10
202 209 10 10
202 214 10 10
202 216 10 10
202 215 10 10
203 209 10 10
203 207 10 10
203 215 10 10
203 216 10 10
224 220 11 11
224 222 11 11
224 221 11 11
224 223 11 11
225 222 11 11
225 221 11 11
225 220 11 11
225 224 11 11
226 220 11 11
226 224 11 11
226 222 11 11
226 221 11 11
227 225 11 11
227 222 11 11
227 221 11 11
227 226 11 11
228 226 11 11
228 224 11 11
228 220 11 11
228 222 11 11
229 223 11 11
229 226 11 11
229 227 11 11
229 221 11 11
230 224 11 11
230 227 11 11
230 220 11 11
230 229 11 11
231 224 11 11
231 225 11 11
231 228 11 11
231 221 11 11
232 227 11 11
232 220 11 11
232 226 11 11
232 225 11 11
233 223 11 11
233 226 11 11
233 230 11 11
233 221 11 11
234 225 11 11
234 221 11 11
234 233 11 11
234 223 11 11
235 234 11 11
235 232 11 11
235 233 11 11
235 221 11 11
236 232 11 11
236 229 11 11
236 220 11 11
236 227 11 11
237 236 11 11
237 227 11 11
237 230 11 11
237 222 11 11
238 229 11 11
238 231 11 11
238 228 11 11
238 226 11 11
239 221 11 11
239 230 11 11
239 227 11 11
239 225 11 11
220 231 11 11
220 227 11 11
220 235 11 11
220 229 11 11
221 237 11 11
221 236 11 11
221 230 11 11
221 232 11 11
222 231 11 11
222 232 11 11
222 238 11 11
222 229 11 11
223 236 11 11
223 235 11 11
223 227 11 11
223 231 11 11
244 242 12 12
244 240 12 12
244 241 12 12
244 243 12 12
245 241 12 12
245 240 12 12
245 244 12 12
245 243 12 12
246 244 12 12
246 240 12 12
246 241 12 12
246 242 12 12
247 243 12 12
247 240 12 12
247 244 12 12
247 242 12 12
248 240 12 12
248 247 12 12
248 244 12 12
248 242 12 12
249 241 12 12
249 243 12 12
249 245 12 12
249 247 12 12
250 243 12 12
250 246 12 12
250 242 12 12
250 241 12 12
251 243 12 12
251 247 12 12
251 249 12 12
251 242 12 12
252 240 12 12
252 249 12 12
252 242 12 12
252 247 12 12
253 241 12 12
253 246 12 12
253 240 12 12
253 242 12 12
254 242 12 12
254 253 12 12
254 249 12 12
254 240 12 12
255 243 12 12
255 245 12 12
255 254 12 12
255 247 12 12
256 251 12 12
256 249 12 12
256 240 12 12
256 247 12 12
257 243 12 12
257 256 12 12
257 252 12 12
257 249 12 12
258 254 12 12
258 257 12 12
258 252 12 12
258 245 12 12
259 247 12 12
259 245 12 12
259 255 12 12
259 254 12 12
240 255 12 12
240 249 12 12
240 251 12 12
240 257 12 12
241 248 12 12
241 259 12 12
241 258 12 12
241 247 12 12
242 255 12 12
242 259 12 12
242 256 12 12
242 257 12 12
243 246 12 12
243 258 12 12
243 254 12 12
243 256 12 12
264 263 13 13
264 262 13 13
264 260 13 13
264 261 13 13
265 264 13 13
265 263 13 13
265 262 13 13
265 260 13 13
266 264 13 13
266 261 13 13
266 262 13 13
266 260 13 13
267 262 13 13
267 265 13 13
267 266 13 13
267 264 13 13
268 264 13 13
268 263 13 13
268 266 13 13
268 260 13 13
269 263 13 13
269 268 13 13
269 261 13 13
269 264 13 13
270 266 13 13
270 267 13 13
270 264 13 13
270 262 13 13
271 265 13 13
271 266 13 13
271 268 13 13
271 262 13 13
272 271 13 13
272 261 13 13
272 270 13 13
272 262 13 13
273 263 13 13
273 264 13 13
273 268 13 13
273 269 13 13
274 264 13 13
274 263 13 13
274 273 13 13
274 270 13 13
275 262 13 13
275 264 13 13
275 274 13 13
275 273 13 13
276 271 13 13
276 269 13 13
276 266 13 13
276 272 13 13
277 265 13 13
277 264 13 13
277 275 13 13
277 269 13 13
278 276 13 13
278 261 13 13
278 272 13 13
278 275 13 13
279 272 13 13
279 276 13 13
279 271 13 13
279 278 13 13
260 277 13 13
260 272 13 13
260 274 13 13
260 267 13 13
261 277 13 13
261 273 13 13
261 267 13 13
261 279 13 13
262 277 13 13
262 268 13 13
262 279 13 13
262 269 13 13
263 275 13 13
263 267 13 13
263 271 13 13
263 272 13 13
284 280 14 14
284 283 14 14
284 281 14 14
284 282 14 14
285 284 14 14
285 281 14 14
285 283 14 14
285 282 14 14
286 282 14 14
286 283 14 14
286 285 14 14
286 284 14 14
287 286 14 14
287 284 14 14
287 285 14 14
287 283 14 14
288 283 14 14
288 280 14 14
288 284 14 14
288 282 14 14
289 288 14 14
289 280 14 14
289 285 14 14
289 284 14 14
290 287 14 14
290 283 14 14
290 281 14 14
290 286 14 14
291 282 14 14
291 283 14 14
291 290 14 14
291 284 14 14
292 290 14 14
292 289 14 14
292 284 14 14
292 281 14 14
293 289 14 14
293 292 14 14
293 287 14 14
293 290 14 14
294 288 14 14
294 290 14 14
294 284 14 14
294 287 14 14
295 281 14 14
295 288 14 14
295 289 14 14
295 292 14 14
296 292 14 14
296 283 14 14
296 288 14 14
296 287 14 14
297 293 14 14
297 287 14 14
297 294 14 14
297 285 14 14
298 283 14 14
298 291 14 14
298 289 14 14
298 288 14 14
299 297 14 14
299 290 14 14
299 298 14 14
299 283 14 14
280 293 14 14
280 290 14 14
280 298 14 14
280 294 14 14
281 298 14 14
281 297 14 14
281 294 14 14
281 288 14 14
282 290 14 14
282 299 14 14
282 292 14 14
282 287 14 14
283 297 14 14
283 292 14 14
283 293 14 14
283 294 14 14
304 303 15 15
304 301 15 15
304 300 15 15
304 302 15 15
305 301 15 15
305 304 15 15
305 300 15 15
305 303 15 15
306 305 15 15
306 301 15 15
306 302 15 15
306 304 15 15
307 306 15 15
307 305 15 15
307 300 15 15
307 304 15 15
308 303 15 15
308 302 15 15
308 304 15 15
308 306 15 15
309 302 15 15
309 301 15 15
309 303 15 15
309 306 15 15
310 302 15 15
310 309 15 15
310 304 15 15
310 300 15 15
311 305 15 15
311 301 15 15
311 310 15 15
311 307 15 15
312 310 15 15
312 305 15 15
312 311 15 15
312 303 15 15
313 308 15 15
313 302 15 15
313 300 15 15
313 310 15 15
314 308 15 15
314 310 15 15
314 307 15 15
314 303 15 15
315 301 15 15
315 305 15 15
315 304 15 15
315 309 15 15
316 302 15 15
316 314 15 15
316 313 15 15
316 309 15 15
317 301 15 15
317 306 15 15
317 314 15 15
317 311 15 15
318 312 15 15
318 304 15 15
318 308 15 15
318 303 15 15
319 301 15 15
319 309 15 15
319 316 15 15
319 310 15 15
300 312 15 15
300 314 15 15
300 317 15 15
300 318 15 15
301 318 15 15
301 316 15 15
301 307 15 15
301 308 15 15
302 315 15 15
302 319 15 15
302 314 15 15
302 311 15 15
303 317 15 15
303 310 15 15
303 311 15 15
303 306 15 15
84 13 4 0
85 78 4 3
85 36 4 1
90 45 4 2
101 45 5 2
117 14 5 0
110 30 5 1
118 85 5 4
125 44 6 2
133 114 6 5
138 27 6 1
120 5 6 0
158 123 7 6
140 88 7 4
156 24 7 1
152 104 7 5
162 29 8 1
172 145 8 7
164 134 8 6
167 107 8 5
189 36 9 1
185 51 9 2
183 91 9 4
185 111 9 5
211 41 10 2
208 186 10 9
211 161 10 8
213 156 10 7
231 183 11 9
221 25 11 1
239 9 11 0
220 217 11 10
248 128 12 6
243 46 12 2
255 8 12 0
251 71 12 3
265 184 13 9
274 11 13 0
276 116 13 5
264 227 13 11
293 40 14 2
280 186 14 9
290 160 14 8
281 79 14 3
314 4 15 0
304 81 15 4
313 61 15 3
310 251 15 12
15 147 0 7
9 294 0 14
2 186 0 9
17 200 0 10
27 218 1 10
39 277 1 13
21 307 1 15
21 298 1 14
55 279 2 13
46 179 2 8
44 318 2 15
43 233 2 11
60 203 3 10
60 137 3 6
78 103 3 5
67 190 3 9
