swNum = 320
edgeNum = 1344

0 0
1 0
2 0
3 0
4 0
5 0
6 0
7 0
8 0
9 0
10 0
11 0
12 0
13 0
14 0
15 0
16 0
17 0
18 0
19 0
20 1
21 1
22 1
23 1
24 1
25 1
26 1
27 1
28 1
29 1
30 1
31 1
32 1
33 1
34 1
35 1
36 1
37 1
38 1
39 1
40 2
41 2
42 2
43 2
44 2
45 2
46 2
47 2
48 2
49 2
50 2
51 2
52 2
53 2
54 2
55 2
56 2
57 2
58 2
59 2
60 3
61 3
62 3
63 3
64 3
65 3
66 3
67 3
68 3
69 3
70 3
71 3
72 3
73 3
74 3
75 3
76 3
77 3
78 3
79 3
80 4
81 4
82 4
83 4
84 4
85 4
86 4
87 4
88 4
89 4
90 4
91 4
92 4
93 4
94 4
95 4
96 4
97 4
98 4
99 4
100 5
101 5
102 5
103 5
104 5
105 5
106 5
107 5
108 5
109 5
110 5
111 5
112 5
113 5
114 5
115 5
116 5
117 5
118 5
119 5
120 6
121 6
122 6
123 6
124 6
125 6
126 6
127 6
128 6
129 6
130 6
131 6
132 6
133 6
134 6
135 6
136 6
137 6
138 6
139 6
140 7
141 7
142 7
143 7
144 7
145 7
146 7
147 7
148 7
149 7
150 7
151 7
152 7
153 7
154 7
155 7
156 7
157 7
158 7
159 7
160 8
161 8
162 8
163 8
164 8
165 8
166 8
167 8
168 8
169 8
170 8
171 8
172 8
173 8
174 8
175 8
176 8
177 8
178 8
179 8
180 9
181 9
182 9
183 9
184 9
185 9
186 9
187 9
188 9
189 9
190 9
191 9
192 9
193 9
194 9
195 9
196 9
197 9
198 9
199 9
200 10
201 10
202 10
203 10
204 10
205 10
206 10
207 10
208 10
209 10
210 10
211 10
212 10
213 10
214 10
215 10
216 10
217 10
218 10
219 10
220 11
221 11
222 11
223 11
224 11
225 11
226 11
227 11
228 11
229 11
230 11
231 11
232 11
233 11
234 11
235 11
236 11
237 11
238 11
239 11
240 12
241 12
242 12
243 12
244 12
245 12
246 12
247 12
248 12
249 12
250 12
251 12
252 12
253 12
254 12
255 12
256 12
257 12
258 12
259 12
260 13
261 13
262 13
263 13
264 13
265 13
266 13
267 13
268 13
269 13
270 13
271 13
272 13
273 13
274 13
275 13
276 13
277 13
278 13
279 13
280 14
281 14
282 14
283 14
284 14
285 14
286 14
287 14
288 14
289 14
290 14
291 14
292 14
293 14
294 14
295 14
296 14
297 14
298 14
299 14
300 15
301 15
302 15
303 15
304 15
305 15
306 15
307 15
308 15
309 15
310 15
311 15
312 15
313 15
314 15
315 15
316 15
317 15
318 15
319 15

4 0 0 0
4 3 0 0
4 2 0 0
4 1 0 0
5 0 0 0
5 2 0 0
5 3 0 0
5 4 0 0
6 0 0 0
6 5 0 0
6 3 0 0
6 1 0 0
7 3 0 0
7 0 0 0
7 1 0 0
7 5 0 0
8 4 0 0
8 7 0 0
8 1 0 0
8 6 0 0
9 0 0 0
9 4 0 0
9 6 0 0
9 3 0 0
10 0 0 0
10 5 0 0
10 9 0 0
10 2 0 0
11 0 0 0
11 5 0 0
11 2 0 0
11 9 0 0
12 11 0 0
12 0 0 0
12 3 0 0
12 10 0 0
13 2 0 0
13 0 0 0
13 9 0 0
13 11 0 0
14 0 0 0
14 2 0 0
14 7 0 0
14 6 0 0
15 1 0 0
15 9 0 0
15 13 0 0
15 5 0 0
16 7 0 0
16 5 0 0
16 11 0 0
16 15 0 0
17 10 0 0
17 15 0 0
17 0 0 0
17 4 0 0
18 5 0 0
18 14 0 0
18 7 0 0
18 9 0 0
19 7 0 0
19 1 0 0
19 3 0 0
19 2 0 0
0 16 0 0
0 8 0 0
0 15 0 0
0 18 0 0
1 5 0 0
1 14 0 0
1 13 0 0
1 16 0 0
2 6 0 0
2 17 0 0
2 16 0 0
2 18 0 0
3 15 0 0
3 13 0 0
3 14 0 0
3 16 0 0
24 21 1 1
24 22 1 1
24 23 1 1
24 20 1 1
25 23 1 1
25 20 1 1
25 24 1 1
25 22 1 1
26 21 1 1
26 25 1 1
26 24 1 1
26 22 1 1
27 21 1 1
27 22 1 1
27 25 1 1
27 24 1 1
28 26 1 1
28 25 1 1
28 20 1 1
28 24 1 1
29 24 1 1
29 28 1 1
29 22 1 1
29 25 1 1
30 25 1 1
30 28 1 1
30 20 1 1
30 26 1 1
31 23 1 1
31 22 1 1
31 20 1 1
31 28 1 1
32 28 1 1
32 20 1 1
32 25 1 1
32 22 1 1
33 24 1 1
33 29 1 1
33 21 1 1
33 22 1 1
34 20 1 1
34 25 1 1
34 28 1 1
34 26 1 1
35 31 1 1
35 23 1 1
35 21 1 1
35 27 1 1
36 27 1 1
36 34 1 1
36 32 1 1
36 25 1 1
37 20 1 1
37 33 1 1
37 24 1 1
37 27 1 1
38 31 1 1
38 29 1 1
38 24 1 1
38 30 1 1
39 35 1 1
39 26 1 1
39 23 1 1
39 21 1 1
20 36 1 1
20 38 1 1
20 39 1 1
20 27 1 1
21 36 1 1
21 31 1 1
21 28 1 1
21 34 1 1
22 28 1 1
22 34 1 1
22 36 1 1
22 37 1 1
23 29 1 1
23 38 1 1
23 26 1 1
23 36 1 1
44 40 2 2
44 42 2 2
44 43 2 2
44 41 2 2
45 40 2 2
45 43 2 2
45 42 2 2
45 41 2 2
46 45 2 2
46 43 2 2
46 42 2 2
46 44 2 2
47 45 2 2
47 44 2 2
47 42 2 2
47 43 2 2
48 41 2 2
48 46 2 2
48 42 2 2
48 45 2 2
49 45 2 2
49 41 2 2
49 44 2 2
49 48 2 2
50 49 2 2
50 48 2 2
50 41 2 2
50 42 2 2
51 44 2 2
51 41 2 2
51 46 2 2
51 48 2 2
52 47 2 2
52 41 2 2
52 48 2 2
52 51 2 2
53 46 2 2
53 43 2 2
53 48 2 2
53 47 2 2
54 53 2 2
54 45 2 2
54 47 2 2
54 48 2 2
55 47 2 2
55 49 2 2
55 41 2 2
55 54 2 2
56 42 2 2
56 49 2 2
56 45 2 2
56 40 2 2
57 42 2 2
57 52 2 2
57 44 2 2
57 41 2 2
58 49 2 2
58 45 2 2
58 52 2 2
58 47 2 2
59 44 2 2
59 51 2 2
59 56 2 2
59 41 2 2
40 49 2 2
40 51 2 2
40 58 2 2
40 47 2 2
41 54 2 2
41 47 2 2
41 56 2 2
41 58 2 2
42 53 2 2
42 55 2 2
42 54 2 2
42 52 2 2
43 51 2 2
43 57 2 2
43 54 2 2
43 55 2 2
64 63 3 3
64 61 3 3
64 60 3 3
64 62 3 3
65 60 3 3
65 64 3 3
65 61 3 3
65 63 3 3
66 63 3 3
66 64 3 3
66 61 3 3
66 60 3 3
67 65 3 3
67 66 3 3
67 61 3 3
67 63 3 3
68 64 3 3
68 66 3 3
68 65 3 3
68 67 3 3
69 64 3 3
69 62 3 3
69 67 3 3
69 68 3 3
70 64 3 3
70 61 3 3
70 66 3 3
70 63 3 3
71 61 3 3
71 60 3 3
71 67 3 3
71 69 3 3
72 66 3 3
72 67 3 3
72 62 3 3
72 64 3 3
73 70 3 3
73 68 3 3
73 71 3 3
73 60 3 3
74 71 3 3
74 69 3 3
74 73 3 3
74 65 3 3
75 64 3 3
75 70 3 3
75 65 3 3
75 63 3 3
76 70 3 3
76 73 3 3
76 67 3 3
76 63 3 3
77 62 3 3
77 64 3 3
77 76 3 3
77 75 3 3
78 77 3 3
78 76 3 3
78 72 3 3
78 71 3 3
79 66 3 3
79 67 3 3
79 64 3 3
79 77 3 3
60 75 3 3
60 68 3 3
60 67 3 3
60 77 3 3
61 75 3 3
61 76 3 3
61 72 3 3
61 73 3 3
62 66 3 3
62 65 3 3
62 68 3 3
62 73 3 3
63 71 3 3
63 79 3 3
63 69 3 3
63 77 3 3
84 80 4 4
84 81 4 4
84 83 4 4
84 82 4 4
85 81 4 4
85 84 4 4
85 83 4 4
85 82 4 4
86 85 4 4
86 81 4 4
86 84 4 4
86 82 4 4
87 80 4 4
87 83 4 4
87 81 4 4
87 84 4 4
88 87 4 4
88 82 4 4
88 83 4 4
88 84 4 4
89 81 4 4
89 88 4 4
89 87 4 4
89 82 4 4
90 84 4 4
90 80 4 4
90 85 4 4
90 88 4 4
91 86 4 4
91 81 4 4
91 89 4 4
91 87 4 4
92 87 4 4
92 80 4 4
92 90 4 4
92 85 4 4
93 83 4 4
93 89 4 4
93 91 4 4
93 88 4 4
94 89 4 4
94 88 4 4
94 83 4 4
94 93 4 4
95 94 4 4
95 83 4 4
95 93 4 4
95 87 4 4
96 92 4 4
96 84 4 4
96 91 4 4
96 88 4 4
97 84 4 4
97 88 4 4
97 93 4 4
97 89 4 4
98 96 4 4
98 90 4 4
98 92 4 4
98 80 4 4
99 85 4 4
99 88 4 4
99 97 4 4
99 86 4 4
80 89 4 4
80 99 4 4
80 96 4 4
80 94 4 4
81 97 4 4
81 92 4 4
81 96 4 4
81 90 4 4
82 95 4 4
82 90 4 4
82 87 4 4
82 99 4 4
83 91 4 4
83 89 4 4
83 86 4 4
83 92 4 4
104 100 5 5
104 103 5 5
104 102 5 5
104 101 5 5
105 103 5 5
105 101 5 5
105 102 5 5
105 100 5 5
106 102 5 5
106 100 5 5
106 103 5 5
106 105 5 5
107 103 5 5
107 105 5 5
107 102 5 5
107 101 5 5
108 100 5 5
108 101 5 5
108 105 5 5
108 102 5 5
109 101 5 5
109 104 5 5
109 108 5 5
109 102 5 5
110 106 5 5
110 101 5 5
110 105 5 5
110 100 5 5
111 109 5 5
111 107 5 5
111 108 5 5
111 100 5 5
112 105 5 5
112 110 5 5
112 100 5 5
112 104 5 5
113 111 5 5
113 110 5 5
113 108 5 5
113 112 5 5
114 106 5 5
114 105 5 5
114 101 5 5
114 112 5 5
115 114 5 5
115 100 5 5
115 112 5 5
115 104 5 5
116 114 5 5
116 108 5 5
116 112 5 5
116 105 5 5
117 114 5 5
117 102 5 5
117 107 5 5
117 101 5 5
118 102 5 5
118 100 5 5
118 110 5 5
118 104 5 5
119 109 5 5
119 113 5 5
119 117 5 5
119 114 5 5
100 113 5 5
100 114 5 5
100 117 5 5
100 119 5 5
101 106 5 5
101 116 5 5
101 111 5 5
101 115 5 5
102 110 5 5
102 116 5 5
102 111 5 5
102 115 5 5
103 117 5 5
103 111 5 5
103 108 5 5
103 110 5 5
124 121 6 6
124 120 6 6
124 122 6 6
124 123 6 6
125 120 6 6
125 124 6 6
125 123 6 6
125 122 6 6
126 122 6 6
126 121 6 6
126 120 6 6
126 124 6 6
127 120 6 6
127 122 6 6
127 125 6 6
127 121 6 6
128 124 6 6
128 122 6 6
128 126 6 6
128 120 6 6
129 122 6 6
129 124 6 6
129 126 6 6
129 128 6 6
130 121 6 6
130 124 6 6
130 122 6 6
130 123 6 6
131 120 6 6
131 123 6 6
131 125 6 6
131 127 6 6
132 130 6 6
132 121 6 6
132 127 6 6
132 123 6 6
133 128 6 6
133 127 6 6
133 121 6 6
133 126 6 6
134 124 6 6
134 128 6 6
134 123 6 6
134 130 6 6
135 121 6 6
135 125 6 6
135 124 6 6
135 129 6 6
136 123 6 6
136 120 6 6
136 126 6 6
136 124 6 6
137 136 6 6
137 121 6 6
137 123 6 6
137 131 6 6
138 132 6 6
138 123 6 6
138 128 6 6
138 136 6 6
139 137 6 6
139 132 6 6
139 121 6 6
139 134 6 6
120 132 6 6
120 133 6 6
120 138 6 6
120 134 6 6
121 138 6 6
121 136 6 6
121 134 6 6
121 131 6 6
122 134 6 6
122 133 6 6
122 137 6 6
122 138 6 6
123 139 6 6
123 127 6 6
123 133 6 6
123 129 6 6
144 141 7 7
144 142 7 7
144 143 7 7
144 140 7 7
145 141 7 7
145 140 7 7
145 144 7 7
145 143 7 7
146 145 7 7
146 142 7 7
146 141 7 7
146 140 7 7
147 140 7 7
147 142 7 7
147 145 7 7
147 144 7 7
148 145 7 7
148 146 7 7
148 142 7 7
148 147 7 7
149 143 7 7
149 146 7 7
149 140 7 7
149 147 7 7
150 148 7 7
150 141 7 7
150 147 7 7
150 142 7 7
151 144 7 7
151 148 7 7
151 141 7 7
151 146 7 7
152 151 7 7
152 141 7 7
152 146 7 7
152 144 7 7
153 142 7 7
153 141 7 7
153 150 7 7
153 144 7 7
154 143 7 7
154 140 7 7
154 149 7 7
154 152 7 7
155 143 7 7
155 144 7 7
155 146 7 7
155 141 7 7
156 145 7 7
156 155 7 7
156 152 7 7
156 141 7 7
157 153 7 7
157 149 7 7
157 150 7 7
157 152 7 7
158 150 7 7
158 148 7 7
158 142 7 7
158 156 7 7
159 157 7 7
159 146 7 7
159 150 7 7
159 154 7 7
140 157 7 7
140 158 7 7
140 159 7 7
140 148 7 7
141 157 7 7
141 147 7 7
141 154 7 7
141 148 7 7
142 145 7 7
142 157 7 7
142 156 7 7
142 154 7 7
143 153 7 7
143 159 7 7
143 147 7 7
143 150 7 7
164 163 8 8
164 160 8 8
164 162 8 8
164 161 8 8
165 163 8 8
165 161 8 8
165 160 8 8
165 162 8 8
166 162 8 8
166 164 8 8
166 160 8 8
166 165 8 8
167 160 8 8
167 163 8 8
167 161 8 8
167 165 8 8
168 163 8 8
168 162 8 8
168 161 8 8
168 165 8 8
169 161 8 8
169 163 8 8
169 168 8 8
169 166 8 8
170 160 8 8
170 166 8 8
170 163 8 8
170 164 8 8
171 169 8 8
171 162 8 8
171 161 8 8
171 163 8 8
172 171 8 8
172 164 8 8
172 169 8 8
172 170 8 8
173 168 8 8
173 167 8 8
173 162 8 8
173 161 8 8
174 165 8 8
174 162 8 8
174 173 8 8
174 163 8 8
175 169 8 8
175 162 8 8
175 173 8 8
175 168 8 8
176 170 8 8
176 175 8 8
176 164 8 8
176 160 8 8
177 163 8 8
177 170 8 8
177 167 8 8
177 165 8 8
178 170 8 8
178 166 8 8
178 176 8 8
178 160 8 8
179 161 8 8
179 165 8 8
179 168 8 8
179 178 8 8
160 175 8 8
160 169 8 8
160 171 8 8
160 172 8 8
161 176 8 8
161 175 8 8
161 174 8 8
161 177 8 8
162 169 8 8
162 179 8 8
162 177 8 8
162 176 8 8
163 172 8 8
163 173 8 8
163 179 8 8
163 166 8 8
184 183 9 9
184 181 9 9
184 180 9 9
184 182 9 9
185 180 9 9
185 184 9 9
185 182 9 9
185 181 9 9
186 182 9 9
186 180 9 9
186 185 9 9
186 183 9 9
187 181 9 9
187 180 9 9
187 184 9 9
187 185 9 9
188 183 9 9
188 181 9 9
188 187 9 9
188 184 9 9
189 188 9 9
189 182 9 9
189 183 9 9
189 180 9 9
190 180 9 9
190 182 9 9
190 184 9 9
190 189 9 9
191 188 9 9
191 189 9 9
191 184 9 9
191 187 9 9
192 189 9 9
192 186 9 9
192 180 9 9
192 181 9 9
193 186 9 9
193 189 9 9
193 190 9 9
193 181 9 9
194 187 9 9
194 182 9 9
194 181 9 9
194 193 9 9
195 182 9 9
195 180 9 9
195 190 9 9
195 186 9 9
196 195 9 9
196 186 9 9
196 182 9 9
196 185 9 9
197 196 9 9
197 186 9 9
197 193 9 9
197 181 9 9
198 194 9 9
198 181 9 9
198 182 9 9
198 192 9 9
199 198 9 9
199 196 9 9
199 180 9 9
199 192 9 9
180 194 9 9
180 193 9 9
180 197 9 9
180 198 9 9
181 199 9 9
181 190 9 9
181 186 9 9
181 189 9 9
182 191 9 9
182 193 9 9
182 197 9 9
182 187 9 9
183 198 9 9
183 194 9 9
183 197 9 9
183 187 9 9
204 203 10 10
204 202 10 10
204 200 10 10
204 201 10 10
205 203 10 10
205 201 10 10
205 204 10 10
205 200 10 10
206 202 10 10
206 203 10 10
206 204 10 10
206 200 10 10
207 202 10 10
207 206 10 10
207 204 10 10
207 201 10 10
208 205 10 10
208 202 10 10
208 200 10 10
208 201 10 10
209 206 10 10
209 205 10 10
209 208 10 10
209 202 10 10
210 206 10 10
210 208 10 10
210 204 10 10
210 202 10 10
211 208 10 10
211 201 10 10
211 205 10 10
211 210 10 10
212 208 10 10
212 203 10 10
212 211 10 10
212 205 10 10
213 211 10 10
213 205 10 10
213 209 10 10
213 204 10 10
214 201 10 10
214 206 10 10
214 208 10 10
214 209 10 10
215 206 10 10
215 205 10 10
215 213 10 10
215 200 10 10
216 209 10 10
216 204 10 10
216 201 10 10
216 200 10 10
217 208 10 10
217 216 10 10
217 203 10 10
217 202 10 10
218 202 10 10
218 212 10 10
218 204 10 10
218 209 10 10
219 214 10 10
219 205 10 10
219 203 10 10
219 213 10 10
200 212 10 10
200 207 10 10
200 211 10 10
200 218 10 10
201 219 10 10
201 217 10 10
201 215 10 10
201 210 10 10
202 214 10 10
202 216 10 10
202 212 10 10
202 215 10 10
203 213 10 10
203 211 10 10
203 214 10 10
203 218 10 10
224 222 11 11
224 223 11 11
224 221 11 11
224 220 11 11
225 224 11 11
225 222 11 11
225 221 11 11
225 223 11 11
226 223 11 11
226 222 11 11
226 220 11 11
226 221 11 11
227 225 11 11
227 221 11 11
227 224 11 11
227 226 11 11
228 226 11 11
228 220 11 11
228 222 11 11
228 223 11 11
229 221 11 11
229 226 11 11
229 225 11 11
229 223 11 11
230 224 11 11
230 229 11 11
230 227 11 11
230 223 11 11
231 228 11 11
231 226 11 11
231 223 11 11
231 222 11 11
232 223 11 11
232 220 11 11
232 231 11 11
232 222 11 11
233 227 11 11
233 232 11 11
233 224 11 11
233 223 11 11
234 233 11 11
234 229 11 11
234 223 11 11
234 227 11 11
235 230 11 11
235 220 11 11
235 234 11 11
235 227 11 11
236 231 11 11
236 232 11 11
236 222 11 11
236 224 11 11
237 233 11 11
237 226 11 11
237 236 11 11
237 228 11 11
238 232 11 11
238 230 11 11
238 236 11 11
238 234 11 11
239 225 11 11
239 223 11 11
239 226 11 11
239 224 11 11
220 231 11 11
220 225 11 11
220 239 11 11
220 238 11 11
221 230 11 11
221 237 11 11
221 238 11 11
221 239 11 11
222 238 11 11
222 230 11 11
222 227 11 11
222 229 11 11
223 238 11 11
223 236 11 11
223 227 11 11
223 235 11 11
244 240 12 12
244 243 12 12
244 241 12 12
244 242 12 12
245 241 12 12
245 244 12 12
245 242 12 12
245 240 12 12
246 242 12 12
246 241 12 12
246 243 12 12
246 240 12 12
247 245 12 12
247 241 12 12
247 240 12 12
247 244 12 12
248 243 12 12
248 241 12 12
248 245 12 12
248 240 12 12
249 243 12 12
249 244 12 12
249 246 12 12
249 248 12 12
250 243 12 12
250 248 12 12
250 241 12 12
250 240 12 12
251 246 12 12
251 249 12 12
251 245 12 12
251 242 12 12
252 250 12 12
252 245 12 12
252 248 12 12
252 243 12 12
253 241 12 12
253 246 12 12
253 240 12 12
253 247 12 12
254 243 12 12
254 248 12 12
254 246 12 12
254 244 12 12
255 243 12 12
255 251 12 12
255 252 12 12
255 246 12 12
256 247 12 12
256 245 12 12
256 240 12 12
256 251 12 12
257 241 12 12
257 246 12 12
257 242 12 12
257 245 12 12
258 241 12 12
258 248 12 12
258 242 12 12
258 243 12 12
259 247 12 12
259 254 12 12
259 245 12 12
259 244 12 12
240 257 12 12
240 251 12 12
240 259 12 12
240 254 12 12
241 252 12 12
241 256 12 12
241 249 12 12
241 255 12 12
242 254 12 12
242 248 12 12
242 252 12 12
242 247 12 12
243 253 12 12
243 245 12 12
243 251 12 12
243 247 12 12
264 261 13 13
264 263 13 13
264 260 13 13
264 262 13 13
265 262 13 13
265 261 13 13
265 263 13 13
265 264 13 13
266 265 13 13
266 261 13 13
266 264 13 13
266 260 13 13
267 261 13 13
267 262 13 13
267 264 13 13
267 265 13 13
268 260 13 13
268 262 13 13
268 264 13 13
268 266 13 13
269 267 13 13
269 261 13 13
269 263 13 13
269 264 13 13
270 260 13 13
270 268 13 13
270 261 13 13
270 263 13 13
271 264 13 13
271 266 13 13
271 268 13 13
271 269 13 13
272 267 13 13
272 263 13 13
272 265 13 13
272 264 13 13
273 269 13 13
273 268 13 13
273 260 13 13
273 261 13 13
274 260 13 13
274 264 13 13
274 271 13 13
274 266 13 13
275 272 13 13
275 260 13 13
275 262 13 13
275 261 13 13
276 261 13 13
276 268 13 13
276 275 13 13
276 271 13 13
277 276 13 13
277 270 13 13
277 260 13 13
277 262 13 13
278 277 13 13
278 275 13 13
278 271 13 13
278 264 13 13
279 261 13 13
279 268 13 13
279 277 13 13
279 270 13 13
260 267 13 13
260 278 13 13
260 265 13 13
260 279 13 13
261 278 13 13
261 271 13 13
261 268 13 13
261 272 13 13
262 273 13 13
262 276 13 13
262 266 13 13
262 272 13 13
263 275 13 13
263 279 13 13
263 278 13 13
263 266 13 13
284 283 14 14
284 280 14 14
284 282 14 14
284 281 14 14
285 284 14 14
285 283 14 14
285 280 14 14
285 282 14 14
286 281 14 14
286 280 14 14
286 282 14 14
286 283 14 14
287 283 14 14
287 285 14 14
287 282 14 14
287 286 14 14
288 283 14 14
288 285 14 14
288 287 14 14
288 284 14 14
289 281 14 14
289 282 14 14
289 286 14 14
289 285 14 14
290 289 14 14
290 286 14 14
290 283 14 14
290 287 14 14
291 285 14 14
291 290 14 14
291 280 14 14
291 286 14 14
292 283 14 14
292 287 14 14
292 282 14 14
292 288 14 14
293 281 14 14
293 292 14 14
293 291 14 14
293 280 14 14
294 293 14 14
294 289 14 14
294 288 14 14
294 285 14 14
295 282 14 14
295 294 14 14
295 289 14 14
295 290 14 14
296 293 14 14
296 292 14 14
296 286 14 14
296 281 14 14
297 293 14 14
297 286 14 14
297 288 14 14
297 282 14 14
298 282 14 14
298 289 14 14
298 288 14 14
298 296 14 14
299 297 14 14
299 291 14 14
299 293 14 14
299 288 14 14
280 290 14 14
280 295 14 14
280 298 14 14
280 292 14 14
281 291 14 14
281 294 14 14
281 292 14 14
281 295 14 14
282 293 14 14
282 288 14 14
282 296 14 14
282 294 14 14
283 297 14 14
283 294 14 14
283 293 14 14
283 299 14 14
304 301 15 15
304 302 15 15
304 303 15 15
304 300 15 15
305 304 15 15
305 302 15 15
305 300 15 15
305 303 15 15
306 304 15 15
306 302 15 15
306 300 15 15
306 301 15 15
307 306 15 15
307 305 15 15
307 304 15 15
307 302 15 15
308 305 15 15
308 302 15 15
308 300 15 15
308 301 15 15
309 307 15 15
309 305 15 15
309 304 15 15
309 308 15 15
310 305 15 15
310 308 15 15
310 304 15 15
310 309 15 15
311 304 15 15
311 302 15 15
311 303 15 15
311 305 15 15
312 311 15 15
312 307 15 15
312 305 15 15
312 309 15 15
313 301 15 15
313 312 15 15
313 303 15 15
313 311 15 15
314 309 15 15
314 304 15 15
314 305 15 15
314 306 15 15
315 306 15 15
315 308 15 15
315 312 15 15
315 301 15 15
316 306 15 15
316 304 15 15
316 310 15 15
316 308 15 15
317 305 15 15
317 315 15 15
317 304 15 15
317 301 15 15
318 314 15 15
318 316 15 15
318 315 15 15
318 304 15 15
319 316 15 15
319 315 15 15
319 318 15 15
319 303 15 15
300 317 15 15
300 319 15 15
300 314 15 15
300 318 15 15
301 318 15 15
301 312 15 15
301 309 15 15
301 316 15 15
302 310 15 15
302 315 15 15
302 314 15 15
302 309 15 15
303 309 15 15
303 315 15 15
303 316 15 15
303 318 15 15
89 3 4 0
87 39 4 1
84 75 4 3
83 53 4 2
108 63 5 3
105 1 5 0
100 42 5 2
102 98 5 4
134 3 6 0
123 87 6 4
131 115 6 5
134 63 6 3
153 123 7 6
149 5 7 0
153 46 7 2
148 75 7 3
173 101 8 5
170 75 8 3
167 5 8 0
164 147 8 7
181 19 9 0
193 145 9 7
190 113 9 5
197 92 9 4
202 173 10 8
203 109 10 5
203 128 10 6
212 147 10 7
232 93 11 4
236 69 11 3
233 131 11 6
238 57 11 2
258 187 12 9
250 29 12 1
253 89 12 4
248 230 12 11
269 220 13 11
267 254 13 12
262 47 13 2
266 13 13 0
294 109 14 5
288 268 14 13
288 193 14 9
283 45 14 2
313 265 15 13
317 157 15 7
304 244 15 12
311 168 15 8
10 307 0 15
10 234 0 11
14 250 0 12
11 209 0 10
39 220 1 11
20 266 1 13
39 292 1 14
34 190 1 9
50 178 2 8
40 212 2 10
44 309 2 15
43 124 2 6
77 308 3 15
76 188 3 9
78 266 3 13
67 207 3 10
