swNum = 320
edgeNum = 1344

0 0
1 0
2 0
3 0
4 0
5 0
6 0
7 0
8 0
9 0
10 0
11 0
12 0
13 0
14 0
15 0
16 0
17 0
18 0
19 0
20 1
21 1
22 1
23 1
24 1
25 1
26 1
27 1
28 1
29 1
30 1
31 1
32 1
33 1
34 1
35 1
36 1
37 1
38 1
39 1
40 2
41 2
42 2
43 2
44 2
45 2
46 2
47 2
48 2
49 2
50 2
51 2
52 2
53 2
54 2
55 2
56 2
57 2
58 2
59 2
60 3
61 3
62 3
63 3
64 3
65 3
66 3
67 3
68 3
69 3
70 3
71 3
72 3
73 3
74 3
75 3
76 3
77 3
78 3
79 3
80 4
81 4
82 4
83 4
84 4
85 4
86 4
87 4
88 4
89 4
90 4
91 4
92 4
93 4
94 4
95 4
96 4
97 4
98 4
99 4
100 5
101 5
102 5
103 5
104 5
105 5
106 5
107 5
108 5
109 5
110 5
111 5
112 5
113 5
114 5
115 5
116 5
117 5
118 5
119 5
120 6
121 6
122 6
123 6
124 6
125 6
126 6
127 6
128 6
129 6
130 6
131 6
132 6
133 6
134 6
135 6
136 6
137 6
138 6
139 6
140 7
141 7
142 7
143 7
144 7
145 7
146 7
147 7
148 7
149 7
150 7
151 7
152 7
153 7
154 7
155 7
156 7
157 7
158 7
159 7
160 8
161 8
162 8
163 8
164 8
165 8
166 8
167 8
168 8
169 8
170 8
171 8
172 8
173 8
174 8
175 8
176 8
177 8
178 8
179 8
180 9
181 9
182 9
183 9
184 9
185 9
186 9
187 9
188 9
189 9
190 9
191 9
192 9
193 9
194 9
195 9
196 9
197 9
198 9
199 9
200 10
201 10
202 10
203 10
204 10
205 10
206 10
207 10
208 10
209 10
210 10
211 10
212 10
213 10
214 10
215 10
216 10
217 10
218 10
219 10
220 11
221 11
222 11
223 11
224 11
225 11
226 11
227 11
228 11
229 11
230 11
231 11
232 11
233 11
234 11
235 11
236 11
237 11
238 11
239 11
240 12
241 12
242 12
243 12
244 12
245 12
246 12
247 12
248 12
249 12
250 12
251 12
252 12
253 12
254 12
255 12
256 12
257 12
258 12
259 12
260 13
261 13
262 13
263 13
264 13
265 13
266 13
267 13
268 13
269 13
270 13
271 13
272 13
273 13
274 13
275 13
276 13
277 13
278 13
279 13
280 14
281 14
282 14
283 14
284 14
285 14
286 14
287 14
288 14
289 14
290 14
291 14
292 14
293 14
294 14
295 14
296 14
297 14
298 14
299 14
300 15
301 15
302 15
303 15
304 15
305 15
306 15
307 15
308 15
309 15
310 15
311 15
312 15
313 15
314 15
315 15
316 15
317 15
318 15
319 15

4 3 0 0
4 0 0 0
4 1 0 0
4 2 0 0
5 3 0 0
5 2 0 0
5 0 0 0
5 1 0 0
6 2 0 0
6 5 0 0
6 3 0 0
6 1 0 0
7 0 0 0
7 6 0 0
7 5 0 0
7 4 0 0
8 6 0 0
8 7 0 0
8 5 0 0
8 4 0 0
9 7 0 0
9 2 0 0
9 3 0 0
9 5 0 0
10 5 0 0
10 8 0 0
10 9 0 0
10 2 0 0
11 7 0 0
11 8 0 0
11 9 0 0
11 4 0 0
12 2 0 0
12 8 0 0
12 3 0 0
12 1 0 0
13 12 0 0
13 7 0 0
13 1 0 0
13 11 0 0
14 5 0 0
14 8 0 0
14 13 0 0
14 12 0 0
15 7 0 0
15 9 0 0
15 14 0 0
15 10 0 0
16 5 0 0
16 6 0 0
16 11 0 0
16 3 0 0
17 10 0 0
17 15 0 0
17 8 0 0
17 16 0 0
18 12 0 0
18 15 0 0
18 17 0 0
18 9 0 0
19 17 0 0
19 7 0 0
19 3 0 0
19 5 0 0
0 16 0 0
0 8 0 0
0 18 0 0
0 9 0 0
1 11 0 0
1 8 0 0
1 14 0 0
1 9 0 0
2 18 0 0
2 14 0 0
2 16 0 0
2 8 0 0
3 7 0 0
3 13 0 0
3 11 0 0
3 14 0 0
24 20 1 1
24 21 1 1
24 23 1 1
24 22 1 1
25 23 1 1
25 22 1 1
25 20 1 1
25 21 1 1
26 25 1 1
26 21 1 1
26 22 1 1
26 23 1 1
27 22 1 1
27 23 1 1
27 25 1 1
27 24 1 1
28 26 1 1
28 27 1 1
28 21 1 1
28 24 1 1
29 28 1 1
29 26 1 1
29 24 1 1
29 21 1 1
30 22 1 1
30 21 1 1
30 24 1 1
30 26 1 1
31 28 1 1
31 22 1 1
31 24 1 1
31 26 1 1
32 20 1 1
32 28 1 1
32 24 1 1
32 29 1 1
33 21 1 1
33 23 1 1
33 26 1 1
33 22 1 1
34 28 1 1
34 27 1 1
34 26 1 1
34 32 1 1
35 23 1 1
35 27 1 1
35 25 1 1
35 21 1 1
36 29 1 1
36 31 1 1
36 33 1 1
36 24 1 1
37 20 1 1
37 33 1 1
37 25 1 1
37 26 1 1
38 22 1 1
38 36 1 1
38 31 1 1
38 21 1 1
39 27 1 1
39 20 1 1
39 36 1 1
39 22 1 1
20 31 1 1
20 38 1 1
20 35 1 1
20 27 1 1
21 27 1 1
21 31 1 1
21 39 1 1
21 37 1 1
22 29 1 1
22 35 1 1
22 34 1 1
22 28 1 1
23 39 1 1
23 31 1 1
23 38 1 1
23 36 1 1
44 41 2 2
44 40 2 2
44 42 2 2
44 43 2 2
45 41 2 2
45 43 2 2
45 44 2 2
45 40 2 2
46 42 2 2
46 43 2 2
46 40 2 2
46 44 2 2
47 40 2 2
47 46 2 2
47 42 2 2
47 43 2 2
48 40 2 2
48 42 2 2
48 45 2 2
48 47 2 2
49 42 2 2
49 45 2 2
49 48 2 2
49 40 2 2
50 48 2 2
50 41 2 2
50 42 2 2
50 47 2 2
51 48 2 2
51 50 2 2
51 47 2 2
51 42 2 2
52 44 2 2
52 50 2 2
52 42 2 2
52 48 2 2
53 43 2 2
53 41 2 2
53 40 2 2
53 45 2 2
54 47 2 2
54 46 2 2
54 44 2 2
54 49 2 2
55 53 2 2
55 45 2 2
55 40 2 2
55 54 2 2
56 40 2 2
56 44 2 2
56 45 2 2
56 52 2 2
57 52 2 2
57 56 2 2
57 45 2 2
57 41 2 2
58 43 2 2
58 44 2 2
58 56 2 2
58 41 2 2
59 57 2 2
59 45 2 2
59 53 2 2
59 43 2 2
40 57 2 2
40 51 2 2
40 58 2 2
40 59 2 2
41 55 2 2
41 56 2 2
41 47 2 2
41 59 2 2
42 54 2 2
42 55 2 2
42 58 2 2
42 56 2 2
43 48 2 2
43 56 2 2
43 57 2 2
43 55 2 2
64 62 3 3
64 60 3 3
64 61 3 3
64 63 3 3
65 64 3 3
65 61 3 3
65 60 3 3
65 62 3 3
66 65 3 3
66 62 3 3
66 60 3 3
66 61 3 3
67 65 3 3
67 66 3 3
67 63 3 3
67 61 3 3
68 66 3 3
68 63 3 3
68 62 3 3
68 65 3 3
69 61 3 3
69 63 3 3
69 68 3 3
69 67 3 3
70 65 3 3
70 69 3 3
70 66 3 3
70 64 3 3
71 61 3 3
71 62 3 3
71 60 3 3
71 65 3 3
72 69 3 3
72 61 3 3
72 66 3 3
72 67 3 3
73 63 3 3
73 64 3 3
73 71 3 3
73 72 3 3
74 61 3 3
74 67 3 3
74 72 3 3
74 66 3 3
75 63 3 3
75 60 3 3
75 74 3 3
75 68 3 3
76 69 3 3
76 64 3 3
76 73 3 3
76 60 3 3
77 60 3 3
77 66 3 3
77 63 3 3
77 72 3 3
78 69 3 3
78 77 3 3
78 66 3 3
78 75 3 3
79 61 3 3
79 66 3 3
79 65 3 3
79 63 3 3
60 69 3 3
60 73 3 3
60 70 3 3
60 79 3 3
61 70 3 3
61 75 3 3
61 77 3 3
61 73 3 3
62 75 3 3
62 69 3 3
62 78 3 3
62 72 3 3
63 65 3 3
63 71 3 3
63 74 3 3
63 72 3 3
84 83 4 4
84 82 4 4
84 81 4 4
84 80 4 4
85 81 4 4
85 84 4 4
85 80 4 4
85 82 4 4
86 83 4 4
86 82 4 4
86 81 4 4
86 85 4 4
87 82 4 4
87 80 4 4
87 83 4 4
87 81 4 4
88 85 4 4
88 84 4 4
88 86 4 4
88 80 4 4
89 84 4 4
89 85 4 4
89 88 4 4
89 82 4 4
90 84 4 4
90 82 4 4
90 85 4 4
90 80 4 4
91 86 4 4
91 87 4 4
91 82 4 4
91 85 4 4
92 89 4 4
92 80 4 4
92 85 4 4
92 83 4 4
93 85 4 4
93 82 4 4
93 86 4 4
93 80 4 4
94 83 4 4
94 91 4 4
94 84 4 4
94 86 4 4
95 88 4 4
95 89 4 4
95 85 4 4
95 81 4 4
96 95 4 4
96 89 4 4
96 81 4 4
96 84 4 4
97 83 4 4
97 82 4 4
97 80 4 4
97 94 4 4
98 84 4 4
98 96 4 4
98 91 4 4
98 88 4 4
99 92 4 4
99 97 4 4
99 80 4 4
99 93 4 4
80 95 4 4
80 98 4 4
80 91 4 4
80 86 4 4
81 98 4 4
81 94 4 4
81 89 4 4
81 99 4 4
82 95 4 4
82 94 4 4
82 98 4 4
82 99 4 4
83 85 4 4
83 91 4 4
83 96 4 4
83 95 4 4
104 101 5 5
104 103 5 5
104 102 5 5
104 100 5 5
105 101 5 5
105 104 5 5
105 100 5 5
105 102 5 5
106 100 5 5
106 105 5 5
106 101 5 5
106 104 5 5
107 102 5 5
107 101 5 5
107 106 5 5
107 104 5 5
108 103 5 5
108 106 5 5
108 105 5 5
108 101 5 5
109 105 5 5
109 101 5 5
109 107 5 5
109 106 5 5
110 105 5 5
110 100 5 5
110 104 5 5
110 103 5 5
111 105 5 5
111 106 5 5
111 107 5 5
111 104 5 5
112 100 5 5
112 103 5 5
112 110 5 5
112 109 5 5
113 103 5 5
113 112 5 5
113 110 5 5
113 101 5 5
114 100 5 5
114 101 5 5
114 110 5 5
114 103 5 5
115 113 5 5
115 103 5 5
115 109 5 5
115 110 5 5
116 104 5 5
116 103 5 5
116 100 5 5
116 111 5 5
117 107 5 5
117 114 5 5
117 110 5 5
117 111 5 5
118 105 5 5
118 100 5 5
118 104 5 5
118 106 5 5
119 102 5 5
119 118 5 5
119 117 5 5
119 116 5 5
100 109 5 5
100 108 5 5
100 107 5 5
100 117 5 5
101 118 5 5
101 110 5 5
101 116 5 5
101 112 5 5
102 117 5 5
102 109 5 5
102 106 5 5
102 118 5 5
103 107 5 5
103 118 5 5
103 117 5 5
103 111 5 5
124 121 6 6
124 122 6 6
124 120 6 6
124 123 6 6
125 122 6 6
125 121 6 6
125 123 6 6
125 120 6 6
126 124 6 6
126 120 6 6
126 121 6 6
126 125 6 6
127 121 6 6
127 126 6 6
127 123 6 6
127 120 6 6
128 120 6 6
128 124 6 6
128 122 6 6
128 126 6 6
129 128 6 6
129 120 6 6
129 124 6 6
129 125 6 6
130 128 6 6
130 125 6 6
130 120 6 6
130 129 6 6
131 124 6 6
131 122 6 6
131 126 6 6
131 121 6 6
132 121 6 6
132 122 6 6
132 123 6 6
132 125 6 6
133 126 6 6
133 129 6 6
133 128 6 6
133 124 6 6
134 122 6 6
134 123 6 6
134 131 6 6
134 130 6 6
135 126 6 6
135 131 6 6
135 133 6 6
135 127 6 6
136 131 6 6
136 134 6 6
136 122 6 6
136 135 6 6
137 125 6 6
137 130 6 6
137 133 6 6
137 129 6 6
138 121 6 6
138 122 6 6
138 124 6 6
138 126 6 6
139 132 6 6
139 128 6 6
139 130 6 6
139 123 6 6
120 133 6 6
120 138 6 6
120 135 6 6
120 137 6 6
121 137 6 6
121 130 6 6
121 133 6 6
121 136 6 6
122 137 6 6
122 139 6 6
122 133 6 6
122 127 6 6
123 136 6 6
123 128 6 6
123 131 6 6
123 126 6 6
144 143 7 7
144 141 7 7
144 140 7 7
144 142 7 7
145 140 7 7
145 141 7 7
145 142 7 7
145 144 7 7
146 145 7 7
146 144 7 7
146 141 7 7
146 143 7 7
147 140 7 7
147 145 7 7
147 141 7 7
147 146 7 7
148 144 7 7
148 141 7 7
148 146 7 7
148 143 7 7
149 147 7 7
149 144 7 7
149 143 7 7
149 146 7 7
150 147 7 7
150 149 7 7
150 145 7 7
150 142 7 7
151 150 7 7
151 145 7 7
151 140 7 7
151 141 7 7
152 150 7 7
152 140 7 7
152 143 7 7
152 151 7 7
153 149 7 7
153 148 7 7
153 146 7 7
153 144 7 7
154 143 7 7
154 141 7 7
154 153 7 7
154 146 7 7
155 153 7 7
155 140 7 7
155 154 7 7
155 142 7 7
156 146 7 7
156 143 7 7
156 153 7 7
156 155 7 7
157 151 7 7
157 147 7 7
157 141 7 7
157 150 7 7
158 154 7 7
158 148 7 7
158 150 7 7
158 153 7 7
159 143 7 7
159 150 7 7
159 152 7 7
159 144 7 7
140 156 7 7
140 154 7 7
140 146 7 7
140 159 7 7
141 152 7 7
141 155 7 7
141 156 7 7
141 159 7 7
142 157 7 7
142 147 7 7
142 153 7 7
142 158 7 7
143 155 7 7
143 151 7 7
143 157 7 7
143 150 7 7
164 163 8 8
164 160 8 8
164 161 8 8
164 162 8 8
165 163 8 8
165 160 8 8
165 161 8 8
165 164 8 8
166 162 8 8
166 165 8 8
166 160 8 8
166 161 8 8
167 165 8 8
167 163 8 8
167 164 8 8
167 160 8 8
168 160 8 8
168 167 8 8
168 164 8 8
168 161 8 8
169 164 8 8
169 167 8 8
169 162 8 8
169 165 8 8
170 162 8 8
170 160 8 8
170 166 8 8
170 169 8 8
171 169 8 8
171 163 8 8
171 168 8 8
171 166 8 8
172 171 8 8
172 168 8 8
172 167 8 8
172 169 8 8
173 162 8 8
173 163 8 8
173 168 8 8
173 169 8 8
174 160 8 8
174 163 8 8
174 168 8 8
174 161 8 8
175 174 8 8
175 171 8 8
175 166 8 8
175 172 8 8
176 171 8 8
176 170 8 8
176 169 8 8
176 163 8 8
177 167 8 8
177 174 8 8
177 163 8 8
177 175 8 8
178 172 8 8
178 168 8 8
178 170 8 8
178 175 8 8
179 177 8 8
179 166 8 8
179 169 8 8
179 167 8 8
160 175 8 8
160 177 8 8
160 169 8 8
160 179 8 8
161 170 8 8
161 179 8 8
161 177 8 8
161 172 8 8
162 179 8 8
162 175 8 8
162 168 8 8
162 174 8 8
163 178 8 8
163 170 8 8
163 168 8 8
163 172 8 8
184 182 9 9
184 183 9 9
184 181 9 9
184 180 9 9
185 181 9 9
185 184 9 9
185 182 9 9
185 180 9 9
186 184 9 9
186 182 9 9
186 183 9 9
186 180 9 9
187 180 9 9
187 186 9 9
187 182 9 9
187 183 9 9
188 181 9 9
188 187 9 9
188 186 9 9
188 180 9 9
189 183 9 9
189 185 9 9
189 181 9 9
189 186 9 9
190 186 9 9
190 180 9 9
190 188 9 9
190 187 9 9
191 183 9 9
191 187 9 9
191 188 9 9
191 180 9 9
192 182 9 9
192 180 9 9
192 185 9 9
192 183 9 9
193 186 9 9
193 190 9 9
193 187 9 9
193 180 9 9
194 189 9 9
194 183 9 9
194 181 9 9
194 191 9 9
195 184 9 9
195 185 9 9
195 182 9 9
195 180 9 9
196 186 9 9
196 182 9 9
196 192 9 9
196 180 9 9
197 185 9 9
197 192 9 9
197 187 9 9
197 184 9 9
198 193 9 9
198 196 9 9
198 190 9 9
198 197 9 9
199 185 9 9
199 188 9 9
199 195 9 9
199 193 9 9
180 197 9 9
180 199 9 9
180 189 9 9
180 194 9 9
181 192 9 9
181 187 9 9
181 186 9 9
181 193 9 9
182 191 9 9
182 197 9 9
182 199 9 9
182 188 9 9
183 193 9 9
183 196 9 9
183 195 9 9
183 197 9 9
204 203 10 10
204 202 10 10
204 200 10 10
204 201 10 10
205 202 10 10
205 200 10 10
205 204 10 10
205 201 10 10
206 202 10 10
206 205 10 10
206 204 10 10
206 200 10 10
207 205 10 10
207 200 10 10
207 206 10 10
207 204 10 10
208 201 10 10
208 200 10 10
208 205 10 10
208 203 10 10
209 203 10 10
209 202 10 10
209 204 10 10
209 205 10 10
210 207 10 10
210 206 10 10
210 202 10 10
210 209 10 10
211 202 10 10
211 201 10 10
211 200 10 10
211 206 10 10
212 201 10 10
212 200 10 10
212 207 10 10
212 203 10 10
213 211 10 10
213 207 10 10
213 210 10 10
213 201 10 10
214 209 10 10
214 203 10 10
214 206 10 10
214 204 10 10
215 205 10 10
215 211 10 10
215 202 10 10
215 208 10 10
216 213 10 10
216 206 10 10
216 214 10 10
216 215 10 10
217 205 10 10
217 214 10 10
217 202 10 10
217 208 10 10
218 207 10 10
218 206 10 10
218 215 10 10
218 209 10 10
219 207 10 10
219 211 10 10
219 204 10 10
219 205 10 10
200 219 10 10
200 213 10 10
200 217 10 10
200 216 10 10
201 217 10 10
201 214 10 10
201 218 10 10
201 207 10 10
202 219 10 10
202 213 10 10
202 208 10 10
202 212 10 10
203 205 10 10
203 215 10 10
203 219 10 10
203 217 10 10
224 222 11 11
224 221 11 11
224 223 11 11
224 220 11 11
225 220 11 11
225 223 11 11
225 221 11 11
225 222 11 11
226 224 11 11
226 225 11 11
226 223 11 11
226 222 11 11
227 221 11 11
227 225 11 11
227 224 11 11
227 226 11 11
228 222 11 11
228 227 11 11
228 224 11 11
228 226 11 11
229 224 11 11
229 225 11 11
229 221 11 11
229 227 11 11
230 228 11 11
230 226 11 11
230 225 11 11
230 229 11 11
231 229 11 11
231 225 11 11
231 226 11 11
231 227 11 11
232 222 11 11
232 227 11 11
232 226 11 11
232 230 11 11
233 231 11 11
233 230 11 11
233 221 11 11
233 232 11 11
234 226 11 11
234 230 11 11
234 228 11 11
234 222 11 11
235 220 11 11
235 226 11 11
235 227 11 11
235 229 11 11
236 228 11 11
236 229 11 11
236 221 11 11
236 230 11 11
237 235 11 11
237 224 11 11
237 225 11 11
237 236 11 11
238 232 11 11
238 221 11 11
238 235 11 11
238 231 11 11
239 229 11 11
239 234 11 11
239 231 11 11
239 224 11 11
220 236 11 11
220 237 11 11
220 226 11 11
220 230 11 11
221 231 11 11
221 235 11 11
221 230 11 11
221 239 11 11
222 229 11 11
222 230 11 11
222 238 11 11
222 236 11 11
223 237 11 11
223 233 11 11
223 235 11 11
223 238 11 11
244 240 12 12
244 243 12 12
244 241 12 12
244 242 12 12
245 243 12 12
245 242 12 12
245 241 12 12
245 244 12 12
246 242 12 12
246 241 12 12
246 245 12 12
246 244 12 12
247 242 12 12
247 241 12 12
247 240 12 12
247 244 12 12
248 240 12 12
248 247 12 12
248 243 12 12
248 241 12 12
249 245 12 12
249 243 12 12
249 246 12 12
249 244 12 12
250 248 12 12
250 240 12 12
250 247 12 12
250 246 12 12
251 242 12 12
251 247 12 12
251 246 12 12
251 243 12 12
252 242 12 12
252 246 12 12
252 249 12 12
252 250 12 12
253 247 12 12
253 242 12 12
253 251 12 12
253 244 12 12
254 249 12 12
254 245 12 12
254 252 12 12
254 243 12 12
255 250 12 12
255 248 12 12
255 240 12 12
255 251 12 12
256 249 12 12
256 255 12 12
256 244 12 12
256 248 12 12
257 256 12 12
257 250 12 12
257 255 12 12
257 240 12 12
258 242 12 12
258 257 12 12
258 249 12 12
258 241 12 12
259 255 12 12
259 244 12 12
259 258 12 12
259 256 12 12
240 253 12 12
240 251 12 12
240 256 12 12
240 258 12 12
241 251 12 12
241 250 12 12
241 253 12 12
241 257 12 12
242 248 12 12
242 249 12 12
242 250 12 12
242 254 12 12
243 253 12 12
243 259 12 12
243 256 12 12
243 250 12 12
264 261 13 13
264 260 13 13
264 262 13 13
264 263 13 13
265 262 13 13
265 261 13 13
265 264 13 13
265 263 13 13
266 263 13 13
266 260 13 13
266 264 13 13
266 265 13 13
267 260 13 13
267 262 13 13
267 266 13 13
267 261 13 13
268 265 13 13
268 267 13 13
268 262 13 13
268 266 13 13
269 268 13 13
269 264 13 13
269 260 13 13
269 267 13 13
270 268 13 13
270 265 13 13
270 262 13 13
270 261 13 13
271 264 13 13
271 265 13 13
271 261 13 13
271 270 13 13
272 265 13 13
272 266 13 13
272 271 13 13
272 264 13 13
273 263 13 13
273 265 13 13
273 264 13 13
273 262 13 13
274 272 13 13
274 263 13 13
274 273 13 13
274 266 13 13
275 261 13 13
275 274 13 13
275 267 13 13
275 264 13 13
276 275 13 13
276 265 13 13
276 261 13 13
276 270 13 13
277 262 13 13
277 275 13 13
277 263 13 13
277 267 13 13
278 275 13 13
278 270 13 13
278 277 13 13
278 266 13 13
279 278 13 13
279 266 13 13
279 270 13 13
279 264 13 13
260 274 13 13
260 275 13 13
260 272 13 13
260 276 13 13
261 272 13 13
261 274 13 13
261 278 13 13
261 268 13 13
262 278 13 13
262 266 13 13
262 269 13 13
262 275 13 13
263 270 13 13
263 278 13 13
263 279 13 13
263 269 13 13
284 280 14 14
284 282 14 14
284 283 14 14
284 281 14 14
285 283 14 14
285 284 14 14
285 281 14 14
285 280 14 14
286 284 14 14
286 285 14 14
286 280 14 14
286 281 14 14
287 285 14 14
287 280 14 14
287 283 14 14
287 284 14 14
288 282 14 14
288 287 14 14
288 280 14 14
288 283 14 14
289 286 14 14
289 283 14 14
289 284 14 14
289 282 14 14
290 289 14 14
290 287 14 14
290 286 14 14
290 284 14 14
291 282 14 14
291 280 14 14
291 289 14 14
291 290 14 14
292 291 14 14
292 281 14 14
292 284 14 14
292 285 14 14
293 286 14 14
293 283 14 14
293 291 14 14
293 292 14 14
294 283 14 14
294 286 14 14
294 281 14 14
294 280 14 14
295 284 14 14
295 293 14 14
295 287 14 14
295 288 14 14
296 280 14 14
296 295 14 14
296 286 14 14
296 285 14 14
297 287 14 14
297 293 14 14
297 281 14 14
297 294 14 14
298 291 14 14
298 290 14 14
298 284 14 14
298 293 14 14
299 291 14 14
299 287 14 14
299 284 14 14
299 296 14 14
280 298 14 14
280 295 14 14
280 297 14 14
280 299 14 14
281 287 14 14
281 296 14 14
281 293 14 14
281 295 14 14
282 294 14 14
282 296 14 14
282 297 14 14
282 286 14 14
283 298 14 14
283 295 14 14
283 292 14 14
283 290 14 14
304 303 15 15
304 302 15 15
304 301 15 15
304 300 15 15
305 303 15 15
305 301 15 15
305 302 15 15
305 300 15 15
306 305 15 15
306 303 15 15
306 302 15 15
306 301 15 15
307 302 15 15
307 304 15 15
307 306 15 15
307 303 15 15
308 303 15 15
308 307 15 15
308 304 15 15
308 302 15 15
309 302 15 15
309 303 15 15
309 308 15 15
309 305 15 15
310 302 15 15
310 303 15 15
310 304 15 15
310 308 15 15
311 304 15 15
311 307 15 15
311 302 15 15
311 309 15 15
312 307 15 15
312 306 15 15
312 311 15 15
312 302 15 15
313 310 15 15
313 306 15 15
313 303 15 15
313 300 15 15
314 310 15 15
314 309 15 15
314 313 15 15
314 300 15 15
315 312 15 15
315 305 15 15
315 304 15 15
315 303 15 15
316 301 15 15
316 300 15 15
316 310 15 15
316 313 15 15
317 315 15 15
317 303 15 15
317 316 15 15
317 305 15 15
318 316 15 15
318 306 15 15
318 300 15 15
318 317 15 15
319 316 15 15
319 317 15 15
319 312 15 15
319 307 15 15
300 308 15 15
300 309 15 15
300 315 15 15
300 319 15 15
301 319 15 15
301 313 15 15
301 318 15 15
301 311 15 15
302 313 15 15
302 319 15 15
302 316 15 15
302 315 15 15
303 312 15 15
303 316 15 15
303 314 15 15
303 311 15 15
82 66 4 3
81 0 4 0
90 20 4 1
93 40 4 2
112 99 5 4
119 68 5 3
118 27 5 1
111 11 5 0
130 57 6 2
133 18 6 0
120 30 6 1
127 106 6 5
159 10 7 0
149 108 7 5
159 54 7 2
153 61 7 3
175 158 8 7
162 44 8 2
163 3 8 0
164 123 8 6
196 153 9 7
181 0 9 0
189 38 9 1
181 170 9 8
202 28 10 1
219 97 10 4
215 57 10 2
209 67 10 3
236 73 11 3
232 87 11 4
229 203 11 10
239 55 11 2
254 207 12 10
258 99 12 4
248 113 12 5
244 31 12 1
267 64 13 3
272 54 13 2
277 123 13 6
265 185 13 9
295 97 14 4
298 213 14 10
297 53 14 2
298 4 14 0
319 68 15 3
303 189 15 9
301 29 15 1
302 264 15 13
14 263 0 13
11 234 0 11
16 241 0 12
0 302 0 15
32 279 1 13
37 231 1 11
26 295 1 14
31 157 1 7
55 246 2 12
50 191 2 9
40 111 2 5
56 307 2 15
64 133 3 6
66 284 3 14
67 247 3 12
66 193 3 9
