swNum = 320
edgeNum = 1344

0 0
1 0
2 0
3 0
4 0
5 0
6 0
7 0
8 0
9 0
10 0
11 0
12 0
13 0
14 0
15 0
16 0
17 0
18 0
19 0
20 1
21 1
22 1
23 1
24 1
25 1
26 1
27 1
28 1
29 1
30 1
31 1
32 1
33 1
34 1
35 1
36 1
37 1
38 1
39 1
40 2
41 2
42 2
43 2
44 2
45 2
46 2
47 2
48 2
49 2
50 2
51 2
52 2
53 2
54 2
55 2
56 2
57 2
58 2
59 2
60 3
61 3
62 3
63 3
64 3
65 3
66 3
67 3
68 3
69 3
70 3
71 3
72 3
73 3
74 3
75 3
76 3
77 3
78 3
79 3
80 4
81 4
82 4
83 4
84 4
85 4
86 4
87 4
88 4
89 4
90 4
91 4
92 4
93 4
94 4
95 4
96 4
97 4
98 4
99 4
100 5
101 5
102 5
103 5
104 5
105 5
106 5
107 5
108 5
109 5
110 5
111 5
112 5
113 5
114 5
115 5
116 5
117 5
118 5
119 5
120 6
121 6
122 6
123 6
124 6
125 6
126 6
127 6
128 6
129 6
130 6
131 6
132 6
133 6
134 6
135 6
136 6
137 6
138 6
139 6
140 7
141 7
142 7
143 7
144 7
145 7
146 7
147 7
148 7
149 7
150 7
151 7
152 7
153 7
154 7
155 7
156 7
157 7
158 7
159 7
160 8
161 8
162 8
163 8
164 8
165 8
166 8
167 8
168 8
169 8
170 8
171 8
172 8
173 8
174 8
175 8
176 8
177 8
178 8
179 8
180 9
181 9
182 9
183 9
184 9
185 9
186 9
187 9
188 9
189 9
190 9
191 9
192 9
193 9
194 9
195 9
196 9
197 9
198 9
199 9
200 10
201 10
202 10
203 10
204 10
205 10
206 10
207 10
208 10
209 10
210 10
211 10
212 10
213 10
214 10
215 10
216 10
217 10
218 10
219 10
220 11
221 11
222 11
223 11
224 11
225 11
226 11
227 11
228 11
229 11
230 11
231 11
232 11
233 11
234 11
235 11
236 11
237 11
238 11
239 11
240 12
241 12
242 12
243 12
244 12
245 12
246 12
247 12
248 12
249 12
250 12
251 12
252 12
253 12
254 12
255 12
256 12
257 12
258 12
259 12
260 13
261 13
262 13
263 13
264 13
265 13
266 13
267 13
268 13
269 13
270 13
271 13
272 13
273 13
274 13
275 13
276 13
277 13
278 13
279 13
280 14
281 14
282 14
283 14
284 14
285 14
286 14
287 14
288 14
289 14
290 14
291 14
292 14
293 14
294 14
295 14
296 14
297 14
298 14
299 14
300 15
301 15
302 15
303 15
304 15
305 15
306 15
307 15
308 15
309 15
310 15
311 15
312 15
313 15
314 15
315 15
316 15
317 15
318 15
319 15

4 2 0 0
4 0 0 0
4 1 0 0
4 3 0 0
5 1 0 0
5 0 0 0
5 2 0 0
5 4 0 0
6 0 0 0
6 4 0 0
6 2 0 0
6 3 0 0
7 1 0 0
7 3 0 0
7 6 0 0
7 5 0 0
8 1 0 0
8 7 0 0
8 5 0 0
8 2 0 0
9 4 0 0
9 3 0 0
9 6 0 0
9 8 0 0
10 7 0 0
10 0 0 0
10 4 0 0
10 6 0 0
11 7 0 0
11 8 0 0
11 3 0 0
11 0 0 0
12 9 0 0
12 0 0 0
12 11 0 0
12 7 0 0
13 2 0 0
13 6 0 0
13 1 0 0
13 4 0 0
14 12 0 0
14 0 0 0
14 5 0 0
14 1 0 0
15 2 0 0
15 13 0 0
15 7 0 0
15 6 0 0
16 6 0 0
16 14 0 0
16 0 0 0
16 5 0 0
17 11 0 0
17 16 0 0
17 0 0 0
17 14 0 0
18 6 0 0
18 16 0 0
18 1 0 0
18 3 0 0
19 12 0 0
19 14 0 0
19 4 0 0
19 8 0 0
0 19 0 0
0 9 0 0
0 13 0 0
0 15 0 0
1 19 0 0
1 10 0 0
1 11 0 0
1 9 0 0
2 19 0 0
2 9 0 0
2 10 0 0
2 18 0 0
3 12 0 0
3 19 0 0
3 8 0 0
3 14 0 0
24 22 1 1
24 21 1 1
24 23 1 1
24 20 1 1
25 20 1 1
25 23 1 1
25 21 1 1
25 22 1 1
26 21 1 1
26 22 1 1
26 20 1 1
26 25 1 1
27 22 1 1
27 25 1 1
27 21 1 1
27 20 1 1
28 21 1 1
28 20 1 1
28 24 1 1
28 26 1 1
29 24 1 1
29 23 1 1
29 28 1 1
29 25 1 1
30 22 1 1
30 24 1 1
30 26 1 1
30 20 1 1
31 20 1 1
31 23 1 1
31 22 1 1
31 29 1 1
32 20 1 1
32 22 1 1
32 23 1 1
32 29 1 1
33 23 1 1
33 32 1 1
33 27 1 1
33 31 1 1
34 29 1 1
34 33 1 1
34 21 1 1
34 28 1 1
35 24 1 1
35 34 1 1
35 21 1 1
35 33 1 1
36 30 1 1
36 23 1 1
36 24 1 1
36 22 1 1
37 34 1 1
37 22 1 1
37 20 1 1
37 24 1 1
38 21 1 1
38 32 1 1
38 26 1 1
38 27 1 1
39 21 1 1
39 20 1 1
39 33 1 1
39 27 1 1
20 36 1 1
20 38 1 1
20 33 1 1
20 34 1 1
21 29 1 1
21 36 1 1
21 33 1 1
21 37 1 1
22 33 1 1
22 38 1 1
22 39 1 1
22 34 1 1
23 28 1 1
23 27 1 1
23 39 1 1
23 37 1 1
44 42 2 2
44 40 2 2
44 41 2 2
44 43 2 2
45 42 2 2
45 43 2 2
45 44 2 2
45 40 2 2
46 40 2 2
46 45 2 2
46 43 2 2
46 42 2 2
47 41 2 2
47 43 2 2
47 44 2 2
47 46 2 2
48 45 2 2
48 40 2 2
48 47 2 2
48 41 2 2
49 47 2 2
49 43 2 2
49 46 2 2
49 48 2 2
50 46 2 2
50 44 2 2
50 42 2 2
50 40 2 2
51 40 2 2
51 50 2 2
51 49 2 2
51 44 2 2
52 51 2 2
52 41 2 2
52 40 2 2
52 46 2 2
53 50 2 2
53 46 2 2
53 44 2 2
53 41 2 2
54 50 2 2
54 43 2 2
54 48 2 2
54 41 2 2
55 46 2 2
55 47 2 2
55 40 2 2
55 41 2 2
56 47 2 2
56 51 2 2
56 41 2 2
56 50 2 2
57 44 2 2
57 46 2 2
57 40 2 2
57 55 2 2
58 49 2 2
58 56 2 2
58 43 2 2
58 46 2 2
59 40 2 2
59 55 2 2
59 43 2 2
59 49 2 2
40 47 2 2
40 54 2 2
40 58 2 2
40 49 2 2
41 59 2 2
41 49 2 2
41 45 2 2
41 51 2 2
42 57 2 2
42 58 2 2
42 49 2 2
42 52 2 2
43 55 2 2
43 52 2 2
43 53 2 2
43 56 2 2
64 63 3 3
64 62 3 3
64 61 3 3
64 60 3 3
65 62 3 3
65 60 3 3
65 61 3 3
65 63 3 3
66 61 3 3
66 62 3 3
66 65 3 3
66 60 3 3
67 61 3 3
67 64 3 3
67 63 3 3
67 66 3 3
68 62 3 3
68 61 3 3
68 66 3 3
68 65 3 3
69 64 3 3
69 61 3 3
69 63 3 3
69 68 3 3
70 66 3 3
70 63 3 3
70 68 3 3
70 65 3 3
71 69 3 3
71 64 3 3
71 66 3 3
71 61 3 3
72 63 3 3
72 61 3 3
72 65 3 3
72 67 3 3
73 67 3 3
73 72 3 3
73 64 3 3
73 63 3 3
74 61 3 3
74 62 3 3
74 65 3 3
74 69 3 3
75 71 3 3
75 62 3 3
75 72 3 3
75 74 3 3
76 61 3 3
76 68 3 3
76 66 3 3
76 70 3 3
77 73 3 3
77 70 3 3
77 66 3 3
77 76 3 3
78 66 3 3
78 67 3 3
78 64 3 3
78 63 3 3
79 60 3 3
79 77 3 3
79 68 3 3
79 69 3 3
60 68 3 3
60 75 3 3
60 70 3 3
60 74 3 3
61 73 3 3
61 75 3 3
61 77 3 3
61 70 3 3
62 77 3 3
62 79 3 3
62 78 3 3
62 70 3 3
63 79 3 3
63 66 3 3
63 71 3 3
63 74 3 3
84 82 4 4
84 83 4 4
84 81 4 4
84 80 4 4
85 82 4 4
85 80 4 4
85 81 4 4
85 83 4 4
86 80 4 4
86 82 4 4
86 81 4 4
86 85 4 4
87 81 4 4
87 83 4 4
87 82 4 4
87 84 4 4
88 83 4 4
88 86 4 4
88 80 4 4
88 87 4 4
89 86 4 4
89 82 4 4
89 88 4 4
89 80 4 4
90 82 4 4
90 84 4 4
90 85 4 4
90 86 4 4
91 88 4 4
91 89 4 4
91 81 4 4
91 86 4 4
92 81 4 4
92 91 4 4
92 89 4 4
92 85 4 4
93 81 4 4
93 92 4 4
93 87 4 4
93 90 4 4
94 88 4 4
94 87 4 4
94 91 4 4
94 92 4 4
95 94 4 4
95 83 4 4
95 93 4 4
95 85 4 4
96 93 4 4
96 83 4 4
96 80 4 4
96 95 4 4
97 94 4 4
97 91 4 4
97 88 4 4
97 80 4 4
98 96 4 4
98 94 4 4
98 80 4 4
98 83 4 4
99 94 4 4
99 86 4 4
99 85 4 4
99 89 4 4
80 91 4 4
80 99 4 4
80 92 4 4
80 90 4 4
81 88 4 4
81 96 4 4
81 95 4 4
81 94 4 4
82 92 4 4
82 95 4 4
82 88 4 4
82 93 4 4
83 93 4 4
83 92 4 4
83 99 4 4
83 86 4 4
104 103 5 5
104 102 5 5
104 101 5 5
104 100 5 5
105 104 5 5
105 102 5 5
105 103 5 5
105 100 5 5
106 103 5 5
106 102 5 5
106 104 5 5
106 105 5 5
107 105 5 5
107 106 5 5
107 102 5 5
107 104 5 5
108 101 5 5
108 105 5 5
108 100 5 5
108 103 5 5
109 100 5 5
109 108 5 5
109 106 5 5
109 102 5 5
110 101 5 5
110 100 5 5
110 104 5 5
110 107 5 5
111 107 5 5
111 101 5 5
111 102 5 5
111 103 5 5
112 105 5 5
112 106 5 5
112 104 5 5
112 103 5 5
113 105 5 5
113 102 5 5
113 109 5 5
113 106 5 5
114 113 5 5
114 107 5 5
114 105 5 5
114 110 5 5
115 102 5 5
115 113 5 5
115 103 5 5
115 104 5 5
116 102 5 5
116 109 5 5
116 114 5 5
116 108 5 5
117 107 5 5
117 109 5 5
117 101 5 5
117 100 5 5
118 105 5 5
118 113 5 5
118 102 5 5
118 117 5 5
119 104 5 5
119 107 5 5
119 117 5 5
119 109 5 5
100 107 5 5
100 111 5 5
100 114 5 5
100 119 5 5
101 115 5 5
101 107 5 5
101 106 5 5
101 113 5 5
102 119 5 5
102 112 5 5
102 110 5 5
102 108 5 5
103 109 5 5
103 113 5 5
103 118 5 5
103 116 5 5
124 123 6 6
124 122 6 6
124 121 6 6
124 120 6 6
125 123 6 6
125 124 6 6
125 121 6 6
125 120 6 6
126 120 6 6
126 124 6 6
126 125 6 6
126 122 6 6
127 121 6 6
127 126 6 6
127 124 6 6
127 125 6 6
128 124 6 6
128 127 6 6
128 120 6 6
128 121 6 6
129 121 6 6
129 127 6 6
129 124 6 6
129 125 6 6
130 124 6 6
130 128 6 6
130 122 6 6
130 125 6 6
131 130 6 6
131 122 6 6
131 120 6 6
131 128 6 6
132 126 6 6
132 130 6 6
132 131 6 6
132 128 6 6
133 128 6 6
133 123 6 6
133 127 6 6
133 126 6 6
134 124 6 6
134 123 6 6
134 126 6 6
134 128 6 6
135 120 6 6
135 126 6 6
135 121 6 6
135 127 6 6
136 121 6 6
136 124 6 6
136 128 6 6
136 120 6 6
137 127 6 6
137 128 6 6
137 136 6 6
137 123 6 6
138 122 6 6
138 132 6 6
138 133 6 6
138 127 6 6
139 126 6 6
139 135 6 6
139 134 6 6
139 136 6 6
120 130 6 6
120 134 6 6
120 137 6 6
120 138 6 6
121 133 6 6
121 139 6 6
121 137 6 6
121 138 6 6
122 132 6 6
122 133 6 6
122 125 6 6
122 139 6 6
123 132 6 6
123 136 6 6
123 129 6 6
123 139 6 6
144 142 7 7
144 140 7 7
144 143 7 7
144 141 7 7
145 144 7 7
145 142 7 7
145 143 7 7
145 140 7 7
146 144 7 7
146 140 7 7
146 143 7 7
146 141 7 7
147 140 7 7
147 146 7 7
147 143 7 7
147 142 7 7
148 144 7 7
148 146 7 7
148 140 7 7
148 143 7 7
149 146 7 7
149 148 7 7
149 143 7 7
149 141 7 7
150 143 7 7
150 141 7 7
150 149 7 7
150 146 7 7
151 150 7 7
151 148 7 7
151 141 7 7
151 147 7 7
152 141 7 7
152 143 7 7
152 149 7 7
152 150 7 7
153 147 7 7
153 149 7 7
153 140 7 7
153 145 7 7
154 144 7 7
154 140 7 7
154 143 7 7
154 142 7 7
155 150 7 7
155 145 7 7
155 149 7 7
155 144 7 7
156 143 7 7
156 148 7 7
156 153 7 7
156 140 7 7
157 154 7 7
157 142 7 7
157 149 7 7
157 145 7 7
158 152 7 7
158 150 7 7
158 148 7 7
158 149 7 7
159 143 7 7
159 145 7 7
159 158 7 7
159 150 7 7
140 150 7 7
140 152 7 7
140 158 7 7
140 157 7 7
141 157 7 7
141 158 7 7
141 147 7 7
141 159 7 7
142 149 7 7
142 150 7 7
142 158 7 7
142 146 7 7
143 157 7 7
143 151 7 7
143 155 7 7
143 158 7 7
164 160 8 8
164 161 8 8
164 162 8 8
164 163 8 8
165 162 8 8
165 163 8 8
165 164 8 8
165 161 8 8
166 162 8 8
166 161 8 8
166 163 8 8
166 160 8 8
167 161 8 8
167 164 8 8
167 163 8 8
167 162 8 8
168 166 8 8
168 167 8 8
168 165 8 8
168 163 8 8
169 164 8 8
169 167 8 8
169 160 8 8
169 162 8 8
170 161 8 8
170 160 8 8
170 162 8 8
170 163 8 8
171 169 8 8
171 160 8 8
171 162 8 8
171 167 8 8
172 168 8 8
172 166 8 8
172 165 8 8
172 162 8 8
173 169 8 8
173 161 8 8
173 162 8 8
173 171 8 8
174 162 8 8
174 167 8 8
174 172 8 8
174 160 8 8
175 174 8 8
175 173 8 8
175 167 8 8
175 166 8 8
176 163 8 8
176 174 8 8
176 168 8 8
176 175 8 8
177 169 8 8
177 170 8 8
177 167 8 8
177 173 8 8
178 172 8 8
178 165 8 8
178 164 8 8
178 167 8 8
179 162 8 8
179 173 8 8
179 161 8 8
179 168 8 8
160 165 8 8
160 178 8 8
160 173 8 8
160 179 8 8
161 176 8 8
161 177 8 8
161 168 8 8
161 169 8 8
162 175 8 8
162 176 8 8
162 168 8 8
162 177 8 8
163 175 8 8
163 171 8 8
163 172 8 8
163 178 8 8
184 181 9 9
184 180 9 9
184 182 9 9
184 183 9 9
185 184 9 9
185 180 9 9
185 181 9 9
185 183 9 9
186 184 9 9
186 181 9 9
186 185 9 9
186 182 9 9
187 185 9 9
187 183 9 9
187 180 9 9
187 182 9 9
188 187 9 9
188 181 9 9
188 182 9 9
188 183 9 9
189 182 9 9
189 187 9 9
189 183 9 9
189 180 9 9
190 183 9 9
190 182 9 9
190 180 9 9
190 189 9 9
191 184 9 9
191 187 9 9
191 189 9 9
191 181 9 9
192 184 9 9
192 189 9 9
192 191 9 9
192 190 9 9
193 182 9 9
193 188 9 9
193 189 9 9
193 187 9 9
194 186 9 9
194 187 9 9
194 191 9 9
194 184 9 9
195 181 9 9
195 185 9 9
195 192 9 9
195 184 9 9
196 185 9 9
196 191 9 9
196 183 9 9
196 184 9 9
197 184 9 9
197 185 9 9
197 195 9 9
197 189 9 9
198 188 9 9
198 196 9 9
198 187 9 9
198 194 9 9
199 190 9 9
199 188 9 9
199 182 9 9
199 180 9 9
180 197 9 9
180 186 9 9
180 195 9 9
180 193 9 9
181 197 9 9
181 196 9 9
181 194 9 9
181 198 9 9
182 185 9 9
182 198 9 9
182 191 9 9
182 197 9 9
183 194 9 9
183 192 9 9
183 195 9 9
183 193 9 9
204 202 10 10
204 201 10 10
204 203 10 10
204 200 10 10
205 203 10 10
205 202 10 10
205 201 10 10
205 204 10 10
206 200 10 10
206 203 10 10
206 201 10 10
206 204 10 10
207 206 10 10
207 204 10 10
207 203 10 10
207 200 10 10
208 201 10 10
208 203 10 10
208 202 10 10
208 206 10 10
209 208 10 10
209 202 10 10
209 205 10 10
209 200 10 10
210 205 10 10
210 200 10 10
210 208 10 10
210 202 10 10
211 206 10 10
211 210 10 10
211 209 10 10
211 205 10 10
212 211 10 10
212 210 10 10
212 201 10 10
212 204 10 10
213 207 10 10
213 212 10 10
213 210 10 10
213 211 10 10
214 202 10 10
214 209 10 10
214 203 10 10
214 210 10 10
215 214 10 10
215 202 10 10
215 200 10 10
215 210 10 10
216 211 10 10
216 200 10 10
216 203 10 10
216 207 10 10
217 208 10 10
217 204 10 10
217 206 10 10
217 213 10 10
218 207 10 10
218 214 10 10
218 215 10 10
218 211 10 10
219 215 10 10
219 216 10 10
219 203 10 10
219 204 10 10
200 211 10 10
200 208 10 10
200 217 10 10
200 214 10 10
201 209 10 10
201 215 10 10
201 216 10 10
201 210 10 10
202 212 10 10
202 206 10 10
202 207 10 10
202 211 10 10
203 215 10 10
203 211 10 10
203 210 10 10
203 218 10 10
224 222 11 11
224 221 11 11
224 220 11 11
224 223 11 11
225 223 11 11
225 220 11 11
225 224 11 11
225 222 11 11
226 223 11 11
226 221 11 11
226 224 11 11
226 222 11 11
227 223 11 11
227 224 11 11
227 222 11 11
227 225 11 11
228 224 11 11
228 222 11 11
228 220 11 11
228 223 11 11
229 226 11 11
229 224 11 11
229 223 11 11
229 220 11 11
230 227 11 11
230 220 11 11
230 226 11 11
230 225 11 11
231 222 11 11
231 224 11 11
231 221 11 11
231 228 11 11
232 230 11 11
232 227 11 11
232 225 11 11
232 228 11 11
233 231 11 11
233 228 11 11
233 222 11 11
233 224 11 11
234 228 11 11
234 224 11 11
234 232 11 11
234 226 11 11
235 228 11 11
235 233 11 11
235 224 11 11
235 227 11 11
236 235 11 11
236 226 11 11
236 229 11 11
236 222 11 11
237 235 11 11
237 228 11 11
237 232 11 11
237 224 11 11
238 225 11 11
238 232 11 11
238 223 11 11
238 230 11 11
239 232 11 11
239 238 11 11
239 226 11 11
239 233 11 11
220 237 11 11
220 226 11 11
220 239 11 11
220 232 11 11
221 236 11 11
221 238 11 11
221 233 11 11
221 235 11 11
222 235 11 11
222 230 11 11
222 239 11 11
222 237 11 11
223 234 11 11
223 237 11 11
223 233 11 11
223 231 11 11
244 242 12 12
244 243 12 12
244 240 12 12
244 241 12 12
245 242 12 12
245 241 12 12
245 243 12 12
245 240 12 12
246 241 12 12
246 242 12 12
246 244 12 12
246 245 12 12
247 243 12 12
247 241 12 12
247 242 12 12
247 246 12 12
248 240 12 12
248 241 12 12
248 244 12 12
248 245 12 12
249 247 12 12
249 244 12 12
249 241 12 12
249 242 12 12
250 243 12 12
250 247 12 12
250 246 12 12
250 249 12 12
251 241 12 12
251 247 12 12
251 240 12 12
251 242 12 12
252 244 12 12
252 251 12 12
252 250 12 12
252 249 12 12
253 246 12 12
253 241 12 12
253 250 12 12
253 243 12 12
254 243 12 12
254 242 12 12
254 240 12 12
254 246 12 12
255 247 12 12
255 241 12 12
255 252 12 12
255 249 12 12
256 247 12 12
256 243 12 12
256 241 12 12
256 253 12 12
257 241 12 12
257 255 12 12
257 247 12 12
257 252 12 12
258 245 12 12
258 252 12 12
258 256 12 12
258 253 12 12
259 241 12 12
259 257 12 12
259 249 12 12
259 248 12 12
240 246 12 12
240 259 12 12
240 253 12 12
240 249 12 12
241 258 12 12
241 250 12 12
241 254 12 12
241 252 12 12
242 248 12 12
242 257 12 12
242 255 12 12
242 253 12 12
243 259 12 12
243 255 12 12
243 251 12 12
243 249 12 12
264 263 13 13
264 260 13 13
264 262 13 13
264 261 13 13
265 263 13 13
265 261 13 13
265 264 13 13
265 262 13 13
266 262 13 13
266 263 13 13
266 261 13 13
266 265 13 13
267 265 13 13
267 262 13 13
267 260 13 13
267 266 13 13
268 267 13 13
268 263 13 13
268 264 13 13
268 265 13 13
269 260 13 13
269 264 13 13
269 265 13 13
269 263 13 13
270 269 13 13
270 265 13 13
270 262 13 13
270 263 13 13
271 269 13 13
271 265 13 13
271 266 13 13
271 260 13 13
272 264 13 13
272 268 13 13
272 269 13 13
272 260 13 13
273 263 13 13
273 266 13 13
273 262 13 13
273 261 13 13
274 268 13 13
274 260 13 13
274 272 13 13
274 264 13 13
275 272 13 13
275 263 13 13
275 274 13 13
275 267 13 13
276 267 13 13
276 269 13 13
276 273 13 13
276 265 13 13
277 261 13 13
277 269 13 13
277 270 13 13
277 260 13 13
278 265 13 13
278 272 13 13
278 277 13 13
278 274 13 13
279 268 13 13
279 273 13 13
279 272 13 13
279 271 13 13
260 275 13 13
260 270 13 13
260 279 13 13
260 268 13 13
261 279 13 13
261 276 13 13
261 275 13 13
261 274 13 13
262 276 13 13
262 268 13 13
262 277 13 13
262 269 13 13
263 277 13 13
263 276 13 13
263 272 13 13
263 278 13 13
284 281 14 14
284 282 14 14
284 280 14 14
284 283 14 14
285 284 14 14
285 283 14 14
285 280 14 14
285 282 14 14
286 283 14 14
286 281 14 14
286 284 14 14
286 285 14 14
287 282 14 14
287 285 14 14
287 286 14 14
287 280 14 14
288 280 14 14
288 285 14 14
288 286 14 14
288 287 14 14
289 280 14 14
289 286 14 14
289 284 14 14
289 285 14 14
290 283 14 14
290 280 14 14
290 287 14 14
290 282 14 14
291 289 14 14
291 290 14 14
291 284 14 14
291 286 14 14
292 288 14 14
292 289 14 14
292 281 14 14
292 291 14 14
293 289 14 14
293 291 14 14
293 280 14 14
293 282 14 14
294 285 14 14
294 280 14 14
294 287 14 14
294 288 14 14
295 289 14 14
295 290 14 14
295 291 14 14
295 293 14 14
296 290 14 14
296 295 14 14
296 285 14 14
296 283 14 14
297 289 14 14
297 295 14 14
297 288 14 14
297 280 14 14
298 296 14 14
298 281 14 14
298 297 14 14
298 291 14 14
299 285 14 14
299 282 14 14
299 280 14 14
299 298 14 14
280 298 14 14
280 295 14 14
280 291 14 14
280 292 14 14
281 288 14 14
281 289 14 14
281 297 14 14
281 295 14 14
282 298 14 14
282 295 14 14
282 296 14 14
282 289 14 14
283 289 14 14
283 299 14 14
283 291 14 14
283 295 14 14
304 303 15 15
304 300 15 15
304 302 15 15
304 301 15 15
305 304 15 15
305 300 15 15
305 303 15 15
305 301 15 15
306 300 15 15
306 304 15 15
306 305 15 15
306 301 15 15
307 305 15 15
307 303 15 15
307 301 15 15
307 306 15 15
308 302 15 15
308 307 15 15
308 305 15 15
308 303 15 15
309 304 15 15
309 300 15 15
309 305 15 15
309 301 15 15
310 309 15 15
310 301 15 15
310 300 15 15
310 305 15 15
311 301 15 15
311 306 15 15
311 300 15 15
311 305 15 15
312 301 15 15
312 307 15 15
312 304 15 15
312 305 15 15
313 309 15 15
313 304 15 15
313 312 15 15
313 306 15 15
314 307 15 15
314 312 15 15
314 306 15 15
314 303 15 15
315 305 15 15
315 308 15 15
315 314 15 15
315 313 15 15
316 312 15 15
316 314 15 15
316 307 15 15
316 300 15 15
317 312 15 15
317 308 15 15
317 310 15 15
317 309 15 15
318 301 15 15
318 302 15 15
318 305 15 15
318 315 15 15
319 303 15 15
319 307 15 15
319 316 15 15
319 314 15 15
300 314 15 15
300 315 15 15
300 318 15 15
300 312 15 15
301 313 15 15
301 315 15 15
301 317 15 15
301 316 15 15
302 312 15 15
302 317 15 15
302 307 15 15
302 319 15 15
303 315 15 15
303 311 15 15
303 316 15 15
303 313 15 15
82 7 4 0
97 68 4 3
85 25 4 1
99 50 4 2
102 74 5 3
114 11 5 0
115 47 5 2
111 80 5 4
136 49 6 2
131 71 6 3
133 29 6 1
121 98 6 4
140 84 7 4
151 23 7 1
145 134 7 6
141 41 7 2
160 41 8 2
172 129 8 6
165 8 8 0
162 99 8 4
189 12 9 0
189 148 9 7
195 55 9 2
193 127 9 6
204 111 10 5
206 3 10 0
212 93 10 4
204 128 10 6
220 144 11 7
238 81 11 4
220 79 11 3
239 129 11 6
252 8 12 0
257 218 12 10
246 191 12 9
241 170 12 8
279 199 13 9
266 144 13 7
277 213 13 10
266 105 13 5
293 48 14 2
280 153 14 7
284 124 14 6
292 247 14 12
300 232 15 11
319 7 15 0
319 207 15 10
313 129 15 6
5 154 0 7
18 226 0 11
0 123 0 6
3 282 0 14
38 204 1 10
32 288 1 14
38 252 1 12
39 225 1 11
42 236 2 11
47 249 2 12
42 319 2 15
50 208 2 10
77 155 3 7
77 279 3 13
68 254 3 12
62 288 3 14
