swNum = 320
edgeNum = 1344

0 0
1 0
2 0
3 0
4 0
5 0
6 0
7 0
8 0
9 0
10 0
11 0
12 0
13 0
14 0
15 0
16 0
17 0
18 0
19 0
20 1
21 1
22 1
23 1
24 1
25 1
26 1
27 1
28 1
29 1
30 1
31 1
32 1
33 1
34 1
35 1
36 1
37 1
38 1
39 1
40 2
41 2
42 2
43 2
44 2
45 2
46 2
47 2
48 2
49 2
50 2
51 2
52 2
53 2
54 2
55 2
56 2
57 2
58 2
59 2
60 3
61 3
62 3
63 3
64 3
65 3
66 3
67 3
68 3
69 3
70 3
71 3
72 3
73 3
74 3
75 3
76 3
77 3
78 3
79 3
80 4
81 4
82 4
83 4
84 4
85 4
86 4
87 4
88 4
89 4
90 4
91 4
92 4
93 4
94 4
95 4
96 4
97 4
98 4
99 4
100 5
101 5
102 5
103 5
104 5
105 5
106 5
107 5
108 5
109 5
110 5
111 5
112 5
113 5
114 5
115 5
116 5
117 5
118 5
119 5
120 6
121 6
122 6
123 6
124 6
125 6
126 6
127 6
128 6
129 6
130 6
131 6
132 6
133 6
134 6
135 6
136 6
137 6
138 6
139 6
140 7
141 7
142 7
143 7
144 7
145 7
146 7
147 7
148 7
149 7
150 7
151 7
152 7
153 7
154 7
155 7
156 7
157 7
158 7
159 7
160 8
161 8
162 8
163 8
164 8
165 8
166 8
167 8
168 8
169 8
170 8
171 8
172 8
173 8
174 8
175 8
176 8
177 8
178 8
179 8
180 9
181 9
182 9
183 9
184 9
185 9
186 9
187 9
188 9
189 9
190 9
191 9
192 9
193 9
194 9
195 9
196 9
197 9
198 9
199 9
200 10
201 10
202 10
203 10
204 10
205 10
206 10
207 10
208 10
209 10
210 10
211 10
212 10
213 10
214 10
215 10
216 10
217 10
218 10
219 10
220 11
221 11
222 11
223 11
224 11
225 11
226 11
227 11
228 11
229 11
230 11
231 11
232 11
233 11
234 11
235 11
236 11
237 11
238 11
239 11
240 12
241 12
242 12
243 12
244 12
245 12
246 12
247 12
248 12
249 12
250 12
251 12
252 12
253 12
254 12
255 12
256 12
257 12
258 12
259 12
260 13
261 13
262 13
263 13
264 13
265 13
266 13
267 13
268 13
269 13
270 13
271 13
272 13
273 13
274 13
275 13
276 13
277 13
278 13
279 13
280 14
281 14
282 14
283 14
284 14
285 14
286 14
287 14
288 14
289 14
290 14
291 14
292 14
293 14
294 14
295 14
296 14
297 14
298 14
299 14
300 15
301 15
302 15
303 15
304 15
305 15
306 15
307 15
308 15
309 15
310 15
311 15
312 15
313 15
314 15
315 15
316 15
317 15
318 15
319 15

4 0 0 0
4 2 0 0
4 3 0 0
4 1 0 0
5 1 0 0
5 0 0 0
5 2 0 0
5 4 0 0
6 0 0 0
6 4 0 0
6 1 0 0
6 3 0 0
7 3 0 0
7 4 0 0
7 1 0 0
7 6 0 0
8 1 0 0
8 3 0 0
8 5 0 0
8 0 0 0
9 0 0 0
9 4 0 0
9 2 0 0
9 6 0 0
10 1 0 0
10 2 0 0
10 3 0 0
10 0 0 0
11 2 0 0
11 1 0 0
11 3 0 0
11 5 0 0
12 3 0 0
12 11 0 0
12 1 0 0
12 5 0 0
13 1 0 0
13 2 0 0
13 12 0 0
13 4 0 0
14 10 0 0
14 1 0 0
14 4 0 0
14 5 0 0
15 2 0 0
15 9 0 0
15 7 0 0
15 8 0 0
16 4 0 0
16 12 0 0
16 0 0 0
16 1 0 0
17 3 0 0
17 0 0 0
17 13 0 0
17 14 0 0
18 7 0 0
18 3 0 0
18 6 0 0
18 13 0 0
19 5 0 0
19 13 0 0
19 4 0 0
19 12 0 0
0 19 0 0
0 12 0 0
0 18 0 0
0 7 0 0
1 15 0 0
1 18 0 0
1 19 0 0
1 17 0 0
2 18 0 0
2 16 0 0
2 8 0 0
2 12 0 0
3 5 0 0
3 19 0 0
3 16 0 0
3 14 0 0
24 21 1 1
24 22 1 1
24 20 1 1
24 23 1 1
25 20 1 1
25 21 1 1
25 24 1 1
25 22 1 1
26 21 1 1
26 24 1 1
26 23 1 1
26 25 1 1
27 26 1 1
27 23 1 1
27 20 1 1
27 25 1 1
28 24 1 1
28 20 1 1
28 23 1 1
28 26 1 1
29 23 1 1
29 26 1 1
29 22 1 1
29 27 1 1
30 28 1 1
30 21 1 1
30 26 1 1
30 24 1 1
31 20 1 1
31 30 1 1
31 22 1 1
31 21 1 1
32 25 1 1
32 22 1 1
32 30 1 1
32 26 1 1
33 30 1 1
33 21 1 1
33 31 1 1
33 24 1 1
34 30 1 1
34 32 1 1
34 25 1 1
34 27 1 1
35 22 1 1
35 21 1 1
35 31 1 1
35 33 1 1
36 32 1 1
36 26 1 1
36 30 1 1
36 25 1 1
37 24 1 1
37 26 1 1
37 34 1 1
37 32 1 1
38 21 1 1
38 32 1 1
38 23 1 1
38 20 1 1
39 28 1 1
39 26 1 1
39 27 1 1
39 34 1 1
20 32 1 1
20 26 1 1
20 37 1 1
20 36 1 1
21 32 1 1
21 34 1 1
21 37 1 1
21 29 1 1
22 27 1 1
22 33 1 1
22 38 1 1
22 37 1 1
23 34 1 1
23 25 1 1
23 39 1 1
23 35 1 1
44 43 2 2
44 40 2 2
44 42 2 2
44 41 2 2
45 40 2 2
45 42 2 2
45 41 2 2
45 44 2 2
46 41 2 2
46 40 2 2
46 45 2 2
46 44 2 2
47 44 2 2
47 41 2 2
47 46 2 2
47 40 2 2
48 45 2 2
48 46 2 2
48 47 2 2
48 43 2 2
49 45 2 2
49 40 2 2
49 46 2 2
49 43 2 2
50 46 2 2
50 42 2 2
50 43 2 2
50 49 2 2
51 41 2 2
51 46 2 2
51 44 2 2
51 45 2 2
52 45 2 2
52 40 2 2
52 44 2 2
52 47 2 2
53 40 2 2
53 41 2 2
53 47 2 2
53 46 2 2
54 45 2 2
54 52 2 2
54 51 2 2
54 43 2 2
55 53 2 2
55 51 2 2
55 46 2 2
55 43 2 2
56 41 2 2
56 43 2 2
56 45 2 2
56 48 2 2
57 53 2 2
57 55 2 2
57 54 2 2
57 51 2 2
58 55 2 2
58 50 2 2
58 52 2 2
58 45 2 2
59 54 2 2
59 43 2 2
59 53 2 2
59 46 2 2
40 58 2 2
40 48 2 2
40 51 2 2
40 50 2 2
41 52 2 2
41 55 2 2
41 54 2 2
41 58 2 2
42 54 2 2
42 56 2 2
42 51 2 2
42 55 2 2
43 52 2 2
43 53 2 2
43 58 2 2
43 57 2 2
64 63 3 3
64 61 3 3
64 60 3 3
64 62 3 3
65 64 3 3
65 63 3 3
65 62 3 3
65 60 3 3
66 63 3 3
66 65 3 3
66 62 3 3
66 61 3 3
67 60 3 3
67 66 3 3
67 63 3 3
67 62 3 3
68 67 3 3
68 65 3 3
68 66 3 3
68 64 3 3
69 66 3 3
69 63 3 3
69 67 3 3
69 65 3 3
70 60 3 3
70 67 3 3
70 65 3 3
70 64 3 3
71 68 3 3
71 62 3 3
71 60 3 3
71 63 3 3
72 71 3 3
72 62 3 3
72 65 3 3
72 63 3 3
73 66 3 3
73 68 3 3
73 60 3 3
73 65 3 3
74 66 3 3
74 61 3 3
74 63 3 3
74 69 3 3
75 62 3 3
75 68 3 3
75 69 3 3
75 63 3 3
76 66 3 3
76 64 3 3
76 70 3 3
76 65 3 3
77 68 3 3
77 63 3 3
77 69 3 3
77 62 3 3
78 73 3 3
78 66 3 3
78 64 3 3
78 68 3 3
79 69 3 3
79 74 3 3
79 78 3 3
79 68 3 3
60 72 3 3
60 78 3 3
60 69 3 3
60 68 3 3
61 67 3 3
61 65 3 3
61 78 3 3
61 70 3 3
62 68 3 3
62 74 3 3
62 79 3 3
62 69 3 3
63 68 3 3
63 70 3 3
63 73 3 3
63 79 3 3
84 80 4 4
84 81 4 4
84 82 4 4
84 83 4 4
85 82 4 4
85 80 4 4
85 83 4 4
85 84 4 4
86 83 4 4
86 80 4 4
86 84 4 4
86 81 4 4
87 80 4 4
87 83 4 4
87 86 4 4
87 82 4 4
88 80 4 4
88 87 4 4
88 85 4 4
88 81 4 4
89 85 4 4
89 86 4 4
89 87 4 4
89 84 4 4
90 82 4 4
90 83 4 4
90 87 4 4
90 80 4 4
91 81 4 4
91 83 4 4
91 87 4 4
91 86 4 4
92 88 4 4
92 81 4 4
92 90 4 4
92 84 4 4
93 91 4 4
93 86 4 4
93 83 4 4
93 82 4 4
94 82 4 4
94 84 4 4
94 87 4 4
94 85 4 4
95 80 4 4
95 85 4 4
95 81 4 4
95 94 4 4
96 80 4 4
96 83 4 4
96 91 4 4
96 87 4 4
97 90 4 4
97 94 4 4
97 82 4 4
97 88 4 4
98 92 4 4
98 89 4 4
98 94 4 4
98 84 4 4
99 80 4 4
99 81 4 4
99 98 4 4
99 84 4 4
80 92 4 4
80 94 4 4
80 89 4 4
80 91 4 4
81 97 4 4
81 89 4 4
81 98 4 4
81 90 4 4
82 99 4 4
82 89 4 4
82 95 4 4
82 86 4 4
83 89 4 4
83 98 4 4
83 99 4 4
83 94 4 4
104 101 5 5
104 102 5 5
104 103 5 5
104 100 5 5
105 103 5 5
105 101 5 5
105 104 5 5
105 102 5 5
106 102 5 5
106 105 5 5
106 101 5 5
106 104 5 5
107 102 5 5
107 101 5 5
107 100 5 5
107 105 5 5
108 103 5 5
108 100 5 5
108 101 5 5
108 105 5 5
109 105 5 5
109 106 5 5
109 103 5 5
109 100 5 5
110 106 5 5
110 105 5 5
110 108 5 5
110 107 5 5
111 104 5 5
111 110 5 5
111 107 5 5
111 102 5 5
112 100 5 5
112 106 5 5
112 109 5 5
112 110 5 5
113 111 5 5
113 110 5 5
113 108 5 5
113 102 5 5
114 103 5 5
114 101 5 5
114 104 5 5
114 110 5 5
115 103 5 5
115 110 5 5
115 106 5 5
115 100 5 5
116 100 5 5
116 103 5 5
116 109 5 5
116 108 5 5
117 106 5 5
117 112 5 5
117 113 5 5
117 110 5 5
118 107 5 5
118 113 5 5
118 109 5 5
118 105 5 5
119 106 5 5
119 105 5 5
119 112 5 5
119 108 5 5
100 118 5 5
100 114 5 5
100 106 5 5
100 110 5 5
101 112 5 5
101 109 5 5
101 119 5 5
101 118 5 5
102 110 5 5
102 118 5 5
102 108 5 5
102 114 5 5
103 106 5 5
103 112 5 5
103 118 5 5
103 119 5 5
124 121 6 6
124 122 6 6
124 123 6 6
124 120 6 6
125 121 6 6
125 123 6 6
125 120 6 6
125 122 6 6
126 121 6 6
126 123 6 6
126 125 6 6
126 120 6 6
127 126 6 6
127 125 6 6
127 122 6 6
127 121 6 6
128 121 6 6
128 125 6 6
128 124 6 6
128 122 6 6
129 125 6 6
129 121 6 6
129 124 6 6
129 128 6 6
130 129 6 6
130 122 6 6
130 128 6 6
130 123 6 6
131 126 6 6
131 130 6 6
131 129 6 6
131 128 6 6
132 124 6 6
132 122 6 6
132 130 6 6
132 128 6 6
133 120 6 6
133 126 6 6
133 123 6 6
133 129 6 6
134 124 6 6
134 132 6 6
134 125 6 6
134 126 6 6
135 132 6 6
135 125 6 6
135 126 6 6
135 130 6 6
136 126 6 6
136 129 6 6
136 130 6 6
136 133 6 6
137 135 6 6
137 134 6 6
137 125 6 6
137 136 6 6
138 134 6 6
138 126 6 6
138 124 6 6
138 135 6 6
139 122 6 6
139 124 6 6
139 121 6 6
139 135 6 6
120 130 6 6
120 131 6 6
120 138 6 6
120 129 6 6
121 131 6 6
121 138 6 6
121 135 6 6
121 137 6 6
122 135 6 6
122 131 6 6
122 126 6 6
122 133 6 6
123 127 6 6
123 138 6 6
123 132 6 6
123 131 6 6
144 140 7 7
144 141 7 7
144 143 7 7
144 142 7 7
145 144 7 7
145 143 7 7
145 140 7 7
145 141 7 7
146 143 7 7
146 144 7 7
146 145 7 7
146 142 7 7
147 140 7 7
147 141 7 7
147 144 7 7
147 142 7 7
148 140 7 7
148 144 7 7
148 143 7 7
148 141 7 7
149 146 7 7
149 140 7 7
149 141 7 7
149 142 7 7
150 146 7 7
150 148 7 7
150 141 7 7
150 142 7 7
151 146 7 7
151 144 7 7
151 145 7 7
151 143 7 7
152 142 7 7
152 140 7 7
152 141 7 7
152 144 7 7
153 148 7 7
153 143 7 7
153 145 7 7
153 151 7 7
154 146 7 7
154 151 7 7
154 145 7 7
154 141 7 7
155 154 7 7
155 153 7 7
155 148 7 7
155 150 7 7
156 144 7 7
156 146 7 7
156 148 7 7
156 155 7 7
157 152 7 7
157 140 7 7
157 144 7 7
157 142 7 7
158 140 7 7
158 149 7 7
158 141 7 7
158 157 7 7
159 140 7 7
159 155 7 7
159 158 7 7
159 144 7 7
140 156 7 7
140 153 7 7
140 154 7 7
140 146 7 7
141 157 7 7
141 159 7 7
141 146 7 7
141 156 7 7
142 148 7 7
142 159 7 7
142 158 7 7
142 156 7 7
143 155 7 7
143 154 7 7
143 150 7 7
143 158 7 7
164 163 8 8
164 161 8 8
164 160 8 8
164 162 8 8
165 160 8 8
165 164 8 8
165 161 8 8
165 163 8 8
166 162 8 8
166 163 8 8
166 161 8 8
166 164 8 8
167 164 8 8
167 161 8 8
167 162 8 8
167 163 8 8
168 161 8 8
168 163 8 8
168 167 8 8
168 166 8 8
169 168 8 8
169 161 8 8
169 163 8 8
169 167 8 8
170 168 8 8
170 166 8 8
170 161 8 8
170 162 8 8
171 160 8 8
171 161 8 8
171 163 8 8
171 167 8 8
172 163 8 8
172 164 8 8
172 166 8 8
172 161 8 8
173 160 8 8
173 165 8 8
173 171 8 8
173 169 8 8
174 170 8 8
174 168 8 8
174 169 8 8
174 167 8 8
175 164 8 8
175 168 8 8
175 167 8 8
175 163 8 8
176 166 8 8
176 161 8 8
176 167 8 8
176 168 8 8
177 171 8 8
177 163 8 8
177 162 8 8
177 175 8 8
178 161 8 8
178 168 8 8
178 172 8 8
178 169 8 8
179 173 8 8
179 169 8 8
179 163 8 8
179 168 8 8
160 178 8 8
160 168 8 8
160 177 8 8
160 167 8 8
161 174 8 8
161 175 8 8
161 179 8 8
161 177 8 8
162 172 8 8
162 168 8 8
162 178 8 8
162 173 8 8
163 170 8 8
163 178 8 8
163 173 8 8
163 176 8 8
184 182 9 9
184 181 9 9
184 183 9 9
184 180 9 9
185 180 9 9
185 182 9 9
185 183 9 9
185 181 9 9
186 181 9 9
186 183 9 9
186 180 9 9
186 182 9 9
187 180 9 9
187 185 9 9
187 186 9 9
187 182 9 9
188 182 9 9
188 187 9 9
188 183 9 9
188 184 9 9
189 186 9 9
189 181 9 9
189 184 9 9
189 183 9 9
190 188 9 9
190 187 9 9
190 184 9 9
190 186 9 9
191 183 9 9
191 181 9 9
191 187 9 9
191 184 9 9
192 180 9 9
192 181 9 9
192 184 9 9
192 187 9 9
193 189 9 9
193 192 9 9
193 180 9 9
193 191 9 9
194 187 9 9
194 192 9 9
194 193 9 9
194 191 9 9
195 184 9 9
195 185 9 9
195 182 9 9
195 190 9 9
196 180 9 9
196 181 9 9
196 188 9 9
196 190 9 9
197 191 9 9
197 195 9 9
197 183 9 9
197 188 9 9
198 188 9 9
198 192 9 9
198 181 9 9
198 194 9 9
199 196 9 9
199 182 9 9
199 190 9 9
199 186 9 9
180 195 9 9
180 198 9 9
180 190 9 9
180 194 9 9
181 188 9 9
181 197 9 9
181 195 9 9
181 187 9 9
182 194 9 9
182 189 9 9
182 198 9 9
182 196 9 9
183 196 9 9
183 192 9 9
183 199 9 9
183 195 9 9
204 200 10 10
204 202 10 10
204 203 10 10
204 201 10 10
205 201 10 10
205 200 10 10
205 202 10 10
205 204 10 10
206 205 10 10
206 204 10 10
206 201 10 10
206 200 10 10
207 206 10 10
207 200 10 10
207 203 10 10
207 202 10 10
208 205 10 10
208 202 10 10
208 201 10 10
208 204 10 10
209 200 10 10
209 208 10 10
209 201 10 10
209 206 10 10
210 208 10 10
210 206 10 10
210 200 10 10
210 207 10 10
211 210 10 10
211 209 10 10
211 204 10 10
211 208 10 10
212 208 10 10
212 211 10 10
212 210 10 10
212 200 10 10
213 210 10 10
213 205 10 10
213 207 10 10
213 212 10 10
214 211 10 10
214 212 10 10
214 205 10 10
214 206 10 10
215 200 10 10
215 201 10 10
215 212 10 10
215 206 10 10
216 201 10 10
216 208 10 10
216 214 10 10
216 210 10 10
217 209 10 10
217 207 10 10
217 211 10 10
217 203 10 10
218 211 10 10
218 210 10 10
218 205 10 10
218 208 10 10
219 215 10 10
219 211 10 10
219 217 10 10
219 204 10 10
200 211 10 10
200 219 10 10
200 218 10 10
200 216 10 10
201 212 10 10
201 218 10 10
201 219 10 10
201 207 10 10
202 216 10 10
202 212 10 10
202 217 10 10
202 210 10 10
203 216 10 10
203 211 10 10
203 210 10 10
203 218 10 10
224 223 11 11
224 220 11 11
224 222 11 11
224 221 11 11
225 223 11 11
225 220 11 11
225 222 11 11
225 224 11 11
226 223 11 11
226 225 11 11
226 224 11 11
226 222 11 11
227 224 11 11
227 220 11 11
227 223 11 11
227 222 11 11
228 226 11 11
228 221 11 11
228 222 11 11
228 224 11 11
229 227 11 11
229 225 11 11
229 221 11 11
229 220 11 11
230 222 11 11
230 226 11 11
230 228 11 11
230 223 11 11
231 220 11 11
231 221 11 11
231 229 11 11
231 228 11 11
232 231 11 11
232 223 11 11
232 228 11 11
232 220 11 11
233 228 11 11
233 232 11 11
233 226 11 11
233 222 11 11
234 232 11 11
234 227 11 11
234 221 11 11
234 220 11 11
235 220 11 11
235 224 11 11
235 221 11 11
235 227 11 11
236 235 11 11
236 223 11 11
236 225 11 11
236 224 11 11
237 220 11 11
237 235 11 11
237 221 11 11
237 232 11 11
238 221 11 11
238 236 11 11
238 228 11 11
238 230 11 11
239 227 11 11
239 229 11 11
239 232 11 11
239 224 11 11
220 236 11 11
220 238 11 11
220 233 11 11
220 239 11 11
221 232 11 11
221 225 11 11
221 239 11 11
221 233 11 11
222 239 11 11
222 235 11 11
222 236 11 11
222 229 11 11
223 228 11 11
223 237 11 11
223 235 11 11
223 233 11 11
244 240 12 12
244 243 12 12
244 241 12 12
244 242 12 12
245 240 12 12
245 244 12 12
245 242 12 12
245 241 12 12
246 244 12 12
246 242 12 12
246 240 12 12
246 245 12 12
247 246 12 12
247 245 12 12
247 242 12 12
247 243 12 12
248 242 12 12
248 247 12 12
248 246 12 12
248 240 12 12
249 248 12 12
249 245 12 12
249 241 12 12
249 240 12 12
250 241 12 12
250 243 12 12
250 242 12 12
250 244 12 12
251 244 12 12
251 240 12 12
251 248 12 12
251 250 12 12
252 240 12 12
252 250 12 12
252 246 12 12
252 242 12 12
253 249 12 12
253 245 12 12
253 242 12 12
253 240 12 12
254 248 12 12
254 249 12 12
254 246 12 12
254 245 12 12
255 248 12 12
255 246 12 12
255 254 12 12
255 251 12 12
256 248 12 12
256 240 12 12
256 242 12 12
256 244 12 12
257 245 12 12
257 256 12 12
257 247 12 12
257 254 12 12
258 248 12 12
258 245 12 12
258 244 12 12
258 250 12 12
259 256 12 12
259 251 12 12
259 255 12 12
259 254 12 12
240 257 12 12
240 255 12 12
240 254 12 12
240 259 12 12
241 259 12 12
241 257 12 12
241 252 12 12
241 255 12 12
242 257 12 12
242 259 12 12
242 249 12 12
242 258 12 12
243 257 12 12
243 256 12 12
243 254 12 12
243 252 12 12
264 260 13 13
264 262 13 13
264 263 13 13
264 261 13 13
265 263 13 13
265 261 13 13
265 260 13 13
265 264 13 13
266 262 13 13
266 260 13 13
266 263 13 13
266 265 13 13
267 261 13 13
267 262 13 13
267 266 13 13
267 260 13 13
268 264 13 13
268 265 13 13
268 262 13 13
268 266 13 13
269 266 13 13
269 261 13 13
269 267 13 13
269 263 13 13
270 263 13 13
270 264 13 13
270 262 13 13
270 260 13 13
271 264 13 13
271 262 13 13
271 261 13 13
271 266 13 13
272 264 13 13
272 271 13 13
272 270 13 13
272 262 13 13
273 271 13 13
273 263 13 13
273 265 13 13
273 261 13 13
274 268 13 13
274 273 13 13
274 272 13 13
274 265 13 13
275 261 13 13
275 266 13 13
275 271 13 13
275 267 13 13
276 274 13 13
276 272 13 13
276 269 13 13
276 270 13 13
277 264 13 13
277 263 13 13
277 276 13 13
277 273 13 13
278 267 13 13
278 274 13 13
278 275 13 13
278 266 13 13
279 263 13 13
279 268 13 13
279 270 13 13
279 269 13 13
260 271 13 13
260 274 13 13
260 278 13 13
260 272 13 13
261 272 13 13
261 279 13 13
261 274 13 13
261 277 13 13
262 274 13 13
262 278 13 13
262 275 13 13
262 269 13 13
263 276 13 13
263 272 13 13
263 274 13 13
263 278 13 13
284 281 14 14
284 282 14 14
284 283 14 14
284 280 14 14
285 281 14 14
285 284 14 14
285 283 14 14
285 280 14 14
286 285 14 14
286 280 14 14
286 284 14 14
286 283 14 14
287 282 14 14
287 280 14 14
287 284 14 14
287 281 14 14
288 286 14 14
288 280 14 14
288 283 14 14
288 287 14 14
289 284 14 14
289 282 14 14
289 285 14 14
289 280 14 14
290 283 14 14
290 288 14 14
290 280 14 14
290 286 14 14
291 280 14 14
291 289 14 14
291 284 14 14
291 287 14 14
292 287 14 14
292 281 14 14
292 286 14 14
292 289 14 14
293 280 14 14
293 290 14 14
293 281 14 14
293 289 14 14
294 285 14 14
294 281 14 14
294 287 14 14
294 284 14 14
295 281 14 14
295 284 14 14
295 294 14 14
295 285 14 14
296 283 14 14
296 280 14 14
296 285 14 14
296 294 14 14
297 289 14 14
297 282 14 14
297 288 14 14
297 286 14 14
298 290 14 14
298 283 14 14
298 286 14 14
298 297 14 14
299 287 14 14
299 295 14 14
299 281 14 14
299 285 14 14
280 294 14 14
280 298 14 14
280 299 14 14
280 295 14 14
281 298 14 14
281 288 14 14
281 297 14 14
281 290 14 14
282 299 14 14
282 298 14 14
282 292 14 14
282 294 14 14
283 291 14 14
283 295 14 14
283 299 14 14
283 297 14 14
304 301 15 15
304 302 15 15
304 300 15 15
304 303 15 15
305 302 15 15
305 300 15 15
305 303 15 15
305 304 15 15
306 302 15 15
306 305 15 15
306 300 15 15
306 303 15 15
307 301 15 15
307 300 15 15
307 303 15 15
307 306 15 15
308 301 15 15
308 307 15 15
308 306 15 15
308 304 15 15
309 302 15 15
309 305 15 15
309 303 15 15
309 307 15 15
310 303 15 15
310 301 15 15
310 307 15 15
310 300 15 15
311 302 15 15
311 305 15 15
311 308 15 15
311 304 15 15
312 303 15 15
312 306 15 15
312 300 15 15
312 311 15 15
313 306 15 15
313 310 15 15
313 308 15 15
313 305 15 15
314 300 15 15
314 307 15 15
314 302 15 15
314 304 15 15
315 311 15 15
315 314 15 15
315 301 15 15
315 309 15 15
316 309 15 15
316 314 15 15
316 300 15 15
316 301 15 15
317 308 15 15
317 300 15 15
317 313 15 15
317 314 15 15
318 303 15 15
318 304 15 15
318 317 15 15
318 305 15 15
319 308 15 15
319 312 15 15
319 315 15 15
319 310 15 15
300 309 15 15
300 315 15 15
300 318 15 15
300 319 15 15
301 319 15 15
301 312 15 15
301 313 15 15
301 309 15 15
302 312 15 15
302 315 15 15
302 307 15 15
302 313 15 15
303 313 15 15
303 314 15 15
303 316 15 15
303 319 15 15
90 79 4 3
97 27 4 1
82 17 4 0
93 49 4 2
105 62 5 3
117 37 5 1
105 92 5 4
101 41 5 2
133 117 6 5
139 48 6 2
129 36 6 1
132 19 6 0
141 51 7 2
152 64 7 3
147 15 7 0
149 83 7 4
173 96 8 4
174 142 8 7
165 56 8 2
162 32 8 1
184 46 9 2
187 26 9 1
181 111 9 5
185 120 9 6
213 6 10 0
219 55 10 2
209 178 10 8
202 62 10 3
221 201 11 10
223 172 11 8
232 67 11 3
232 56 11 2
257 212 12 10
247 83 12 4
253 153 12 7
248 62 12 3
264 114 13 5
273 225 13 11
269 194 13 9
275 140 13 7
298 221 14 11
286 62 14 3
291 93 14 4
299 4 14 0
303 76 15 3
313 164 15 8
309 223 15 11
309 96 15 4
17 105 0 5
16 266 0 13
4 306 0 15
16 252 0 12
21 243 1 12
21 206 1 10
27 302 1 15
20 280 1 14
43 243 2 12
59 309 2 15
50 282 2 14
47 278 2 13
70 172 3 8
78 278 3 13
75 120 3 6
61 193 3 9
