swNum = 320
edgeNum = 1344

0 0
1 0
2 0
3 0
4 0
5 0
6 0
7 0
8 0
9 0
10 0
11 0
12 0
13 0
14 0
15 0
16 0
17 0
18 0
19 0
20 1
21 1
22 1
23 1
24 1
25 1
26 1
27 1
28 1
29 1
30 1
31 1
32 1
33 1
34 1
35 1
36 1
37 1
38 1
39 1
40 2
41 2
42 2
43 2
44 2
45 2
46 2
47 2
48 2
49 2
50 2
51 2
52 2
53 2
54 2
55 2
56 2
57 2
58 2
59 2
60 3
61 3
62 3
63 3
64 3
65 3
66 3
67 3
68 3
69 3
70 3
71 3
72 3
73 3
74 3
75 3
76 3
77 3
78 3
79 3
80 4
81 4
82 4
83 4
84 4
85 4
86 4
87 4
88 4
89 4
90 4
91 4
92 4
93 4
94 4
95 4
96 4
97 4
98 4
99 4
100 5
101 5
102 5
103 5
104 5
105 5
106 5
107 5
108 5
109 5
110 5
111 5
112 5
113 5
114 5
115 5
116 5
117 5
118 5
119 5
120 6
121 6
122 6
123 6
124 6
125 6
126 6
127 6
128 6
129 6
130 6
131 6
132 6
133 6
134 6
135 6
136 6
137 6
138 6
139 6
140 7
141 7
142 7
143 7
144 7
145 7
146 7
147 7
148 7
149 7
150 7
151 7
152 7
153 7
154 7
155 7
156 7
157 7
158 7
159 7
160 8
161 8
162 8
163 8
164 8
165 8
166 8
167 8
168 8
169 8
170 8
171 8
172 8
173 8
174 8
175 8
176 8
177 8
178 8
179 8
180 9
181 9
182 9
183 9
184 9
185 9
186 9
187 9
188 9
189 9
190 9
191 9
192 9
193 9
194 9
195 9
196 9
197 9
198 9
199 9
200 10
201 10
202 10
203 10
204 10
205 10
206 10
207 10
208 10
209 10
210 10
211 10
212 10
213 10
214 10
215 10
216 10
217 10
218 10
219 10
220 11
221 11
222 11
223 11
224 11
225 11
226 11
227 11
228 11
229 11
230 11
231 11
232 11
233 11
234 11
235 11
236 11
237 11
238 11
239 11
240 12
241 12
242 12
243 12
244 12
245 12
246 12
247 12
248 12
249 12
250 12
251 12
252 12
253 12
254 12
255 12
256 12
257 12
258 12
259 12
260 13
261 13
262 13
263 13
264 13
265 13
266 13
267 13
268 13
269 13
270 13
271 13
272 13
273 13
274 13
275 13
276 13
277 13
278 13
279 13
280 14
281 14
282 14
283 14
284 14
285 14
286 14
287 14
288 14
289 14
290 14
291 14
292 14
293 14
294 14
295 14
296 14
297 14
298 14
299 14
300 15
301 15
302 15
303 15
304 15
305 15
306 15
307 15
308 15
309 15
310 15
311 15
312 15
313 15
314 15
315 15
316 15
317 15
318 15
319 15

4 1 0 0
4 3 0 0
4 2 0 0
4 0 0 0
5 3 0 0
5 0 0 0
5 2 0 0
5 4 0 0
6 5 0 0
6 2 0 0
6 3 0 0
6 0 0 0
7 5 0 0
7 2 0 0
7 6 0 0
7 4 0 0
8 1 0 0
8 4 0 0
8 0 0 0
8 2 0 0
9 3 0 0
9 7 0 0
9 6 0 0
9 5 0 0
10 6 0 0
10 9 0 0
10 3 0 0
10 5 0 0
11 2 0 0
11 6 0 0
11 9 0 0
11 0 0 0
12 6 0 0
12 3 0 0
12 2 0 0
12 5 0 0
13 3 0 0
13 6 0 0
13 7 0 0
13 10 0 0
14 13 0 0
14 5 0 0
14 4 0 0
14 6 0 0
15 8 0 0
15 1 0 0
15 5 0 0
15 3 0 0
16 12 0 0
16 3 0 0
16 8 0 0
16 0 0 0
17 5 0 0
17 10 0 0
17 2 0 0
17 1 0 0
18 13 0 0
18 14 0 0
18 1 0 0
18 12 0 0
19 9 0 0
19 12 0 0
19 0 0 0
19 3 0 0
0 15 0 0
0 12 0 0
0 9 0 0
0 18 0 0
1 10 0 0
1 11 0 0
1 7 0 0
1 19 0 0
2 10 0 0
2 15 0 0
2 18 0 0
2 19 0 0
3 11 0 0
3 18 0 0
3 14 0 0
3 17 0 0
24 23 1 1
24 20 1 1
24 21 1 1
24 22 1 1
25 22 1 1
25 20 1 1
25 24 1 1
25 23 1 1
26 20 1 1
26 25 1 1
26 21 1 1
26 24 1 1
27 20 1 1
27 23 1 1
27 24 1 1
27 26 1 1
28 23 1 1
28 27 1 1
28 25 1 1
28 20 1 1
29 23 1 1
29 20 1 1
29 26 1 1
29 24 1 1
30 25 1 1
30 28 1 1
30 29 1 1
30 20 1 1
31 22 1 1
31 30 1 1
31 23 1 1
31 25 1 1
32 28 1 1
32 30 1 1
32 25 1 1
32 24 1 1
33 22 1 1
33 32 1 1
33 24 1 1
33 20 1 1
34 26 1 1
34 32 1 1
34 24 1 1
34 20 1 1
35 33 1 1
35 24 1 1
35 27 1 1
35 25 1 1
36 26 1 1
36 22 1 1
36 21 1 1
36 33 1 1
37 26 1 1
37 28 1 1
37 30 1 1
37 34 1 1
38 33 1 1
38 32 1 1
38 35 1 1
38 22 1 1
39 23 1 1
39 30 1 1
39 21 1 1
39 32 1 1
20 37 1 1
20 32 1 1
20 31 1 1
20 38 1 1
21 34 1 1
21 38 1 1
21 33 1 1
21 29 1 1
22 39 1 1
22 34 1 1
22 35 1 1
22 37 1 1
23 26 1 1
23 38 1 1
23 33 1 1
23 37 1 1
44 43 2 2
44 40 2 2
44 41 2 2
44 42 2 2
45 41 2 2
45 44 2 2
45 42 2 2
45 43 2 2
46 45 2 2
46 40 2 2
46 42 2 2
46 44 2 2
47 44 2 2
47 46 2 2
47 40 2 2
47 42 2 2
48 43 2 2
48 46 2 2
48 41 2 2
48 40 2 2
49 42 2 2
49 46 2 2
49 45 2 2
49 47 2 2
50 41 2 2
50 45 2 2
50 46 2 2
50 42 2 2
51 42 2 2
51 49 2 2
51 48 2 2
51 50 2 2
52 41 2 2
52 46 2 2
52 45 2 2
52 47 2 2
53 46 2 2
53 49 2 2
53 52 2 2
53 40 2 2
54 41 2 2
54 40 2 2
54 49 2 2
54 43 2 2
55 54 2 2
55 40 2 2
55 41 2 2
55 45 2 2
56 50 2 2
56 41 2 2
56 47 2 2
56 48 2 2
57 46 2 2
57 54 2 2
57 56 2 2
57 44 2 2
58 41 2 2
58 45 2 2
58 50 2 2
58 53 2 2
59 52 2 2
59 51 2 2
59 53 2 2
59 54 2 2
40 52 2 2
40 59 2 2
40 56 2 2
40 45 2 2
41 53 2 2
41 46 2 2
41 59 2 2
41 49 2 2
42 58 2 2
42 52 2 2
42 48 2 2
42 53 2 2
43 55 2 2
43 56 2 2
43 49 2 2
43 46 2 2
64 61 3 3
64 63 3 3
64 62 3 3
64 60 3 3
65 64 3 3
65 62 3 3
65 60 3 3
65 63 3 3
66 60 3 3
66 64 3 3
66 61 3 3
66 62 3 3
67 60 3 3
67 66 3 3
67 65 3 3
67 63 3 3
68 61 3 3
68 65 3 3
68 63 3 3
68 60 3 3
69 62 3 3
69 63 3 3
69 60 3 3
69 68 3 3
70 64 3 3
70 61 3 3
70 65 3 3
70 66 3 3
71 70 3 3
71 68 3 3
71 61 3 3
71 67 3 3
72 67 3 3
72 66 3 3
72 63 3 3
72 64 3 3
73 60 3 3
73 65 3 3
73 68 3 3
73 67 3 3
74 72 3 3
74 61 3 3
74 67 3 3
74 73 3 3
75 74 3 3
75 61 3 3
75 70 3 3
75 65 3 3
76 64 3 3
76 61 3 3
76 73 3 3
76 67 3 3
77 74 3 3
77 65 3 3
77 66 3 3
77 67 3 3
78 66 3 3
78 62 3 3
78 67 3 3
78 65 3 3
79 72 3 3
79 78 3 3
79 70 3 3
79 65 3 3
60 71 3 3
60 74 3 3
60 72 3 3
60 77 3 3
61 72 3 3
61 69 3 3
61 77 3 3
61 65 3 3
62 73 3 3
62 67 3 3
62 74 3 3
62 72 3 3
63 79 3 3
63 73 3 3
63 77 3 3
63 66 3 3
84 82 4 4
84 81 4 4
84 83 4 4
84 80 4 4
85 82 4 4
85 84 4 4
85 81 4 4
85 80 4 4
86 83 4 4
86 80 4 4
86 82 4 4
86 85 4 4
87 84 4 4
87 83 4 4
87 85 4 4
87 81 4 4
88 80 4 4
88 81 4 4
88 82 4 4
88 84 4 4
89 87 4 4
89 88 4 4
89 82 4 4
89 84 4 4
90 80 4 4
90 81 4 4
90 85 4 4
90 88 4 4
91 82 4 4
91 80 4 4
91 90 4 4
91 83 4 4
92 82 4 4
92 81 4 4
92 86 4 4
92 85 4 4
93 88 4 4
93 91 4 4
93 89 4 4
93 90 4 4
94 92 4 4
94 93 4 4
94 87 4 4
94 89 4 4
95 87 4 4
95 92 4 4
95 80 4 4
95 85 4 4
96 86 4 4
96 85 4 4
96 80 4 4
96 91 4 4
97 83 4 4
97 95 4 4
97 81 4 4
97 93 4 4
98 88 4 4
98 89 4 4
98 94 4 4
98 95 4 4
99 87 4 4
99 89 4 4
99 90 4 4
99 80 4 4
80 97 4 4
80 87 4 4
80 92 4 4
80 93 4 4
81 96 4 4
81 89 4 4
81 93 4 4
81 91 4 4
82 87 4 4
82 94 4 4
82 90 4 4
82 96 4 4
83 98 4 4
83 99 4 4
83 96 4 4
83 88 4 4
104 103 5 5
104 102 5 5
104 100 5 5
104 101 5 5
105 104 5 5
105 101 5 5
105 100 5 5
105 103 5 5
106 100 5 5
106 105 5 5
106 103 5 5
106 104 5 5
107 105 5 5
107 101 5 5
107 100 5 5
107 103 5 5
108 105 5 5
108 103 5 5
108 102 5 5
108 107 5 5
109 108 5 5
109 107 5 5
109 106 5 5
109 105 5 5
110 109 5 5
110 103 5 5
110 105 5 5
110 106 5 5
111 105 5 5
111 107 5 5
111 101 5 5
111 102 5 5
112 104 5 5
112 102 5 5
112 106 5 5
112 110 5 5
113 104 5 5
113 103 5 5
113 112 5 5
113 109 5 5
114 100 5 5
114 110 5 5
114 112 5 5
114 111 5 5
115 107 5 5
115 111 5 5
115 102 5 5
115 104 5 5
116 106 5 5
116 114 5 5
116 104 5 5
116 115 5 5
117 115 5 5
117 113 5 5
117 114 5 5
117 109 5 5
118 113 5 5
118 105 5 5
118 110 5 5
118 114 5 5
119 108 5 5
119 103 5 5
119 112 5 5
119 116 5 5
100 115 5 5
100 109 5 5
100 118 5 5
100 112 5 5
101 109 5 5
101 113 5 5
101 115 5 5
101 108 5 5
102 109 5 5
102 105 5 5
102 118 5 5
102 107 5 5
103 117 5 5
103 112 5 5
103 115 5 5
103 118 5 5
124 121 6 6
124 120 6 6
124 122 6 6
124 123 6 6
125 123 6 6
125 122 6 6
125 120 6 6
125 121 6 6
126 121 6 6
126 125 6 6
126 123 6 6
126 120 6 6
127 124 6 6
127 122 6 6
127 123 6 6
127 120 6 6
128 126 6 6
128 125 6 6
128 127 6 6
128 120 6 6
129 123 6 6
129 124 6 6
129 126 6 6
129 121 6 6
130 126 6 6
130 120 6 6
130 123 6 6
130 125 6 6
131 123 6 6
131 130 6 6
131 125 6 6
131 120 6 6
132 128 6 6
132 120 6 6
132 129 6 6
132 125 6 6
133 131 6 6
133 126 6 6
133 130 6 6
133 123 6 6
134 129 6 6
134 121 6 6
134 130 6 6
134 120 6 6
135 131 6 6
135 130 6 6
135 134 6 6
135 121 6 6
136 132 6 6
136 125 6 6
136 129 6 6
136 122 6 6
137 133 6 6
137 123 6 6
137 120 6 6
137 134 6 6
138 122 6 6
138 129 6 6
138 124 6 6
138 132 6 6
139 125 6 6
139 121 6 6
139 124 6 6
139 128 6 6
120 136 6 6
120 129 6 6
120 139 6 6
120 133 6 6
121 133 6 6
121 137 6 6
121 131 6 6
121 138 6 6
122 137 6 6
122 130 6 6
122 139 6 6
122 132 6 6
123 132 6 6
123 128 6 6
123 134 6 6
123 139 6 6
144 142 7 7
144 140 7 7
144 143 7 7
144 141 7 7
145 141 7 7
145 143 7 7
145 140 7 7
145 144 7 7
146 145 7 7
146 141 7 7
146 140 7 7
146 143 7 7
147 140 7 7
147 144 7 7
147 146 7 7
147 143 7 7
148 143 7 7
148 141 7 7
148 146 7 7
148 145 7 7
149 142 7 7
149 140 7 7
149 141 7 7
149 147 7 7
150 140 7 7
150 143 7 7
150 146 7 7
150 141 7 7
151 149 7 7
151 142 7 7
151 145 7 7
151 144 7 7
152 145 7 7
152 142 7 7
152 151 7 7
152 141 7 7
153 152 7 7
153 147 7 7
153 140 7 7
153 151 7 7
154 146 7 7
154 148 7 7
154 145 7 7
154 151 7 7
155 153 7 7
155 150 7 7
155 152 7 7
155 146 7 7
156 141 7 7
156 150 7 7
156 147 7 7
156 144 7 7
157 151 7 7
157 141 7 7
157 145 7 7
157 155 7 7
158 145 7 7
158 140 7 7
158 150 7 7
158 155 7 7
159 156 7 7
159 141 7 7
159 146 7 7
159 148 7 7
140 152 7 7
140 151 7 7
140 159 7 7
140 154 7 7
141 155 7 7
141 158 7 7
141 154 7 7
141 147 7 7
142 153 7 7
142 145 7 7
142 147 7 7
142 158 7 7
143 151 7 7
143 156 7 7
143 149 7 7
143 159 7 7
164 160 8 8
164 161 8 8
164 163 8 8
164 162 8 8
165 160 8 8
165 164 8 8
165 163 8 8
165 161 8 8
166 163 8 8
166 164 8 8
166 165 8 8
166 162 8 8
167 161 8 8
167 162 8 8
167 163 8 8
167 166 8 8
168 167 8 8
168 163 8 8
168 166 8 8
168 161 8 8
169 167 8 8
169 162 8 8
169 163 8 8
169 168 8 8
170 166 8 8
170 169 8 8
170 160 8 8
170 162 8 8
171 170 8 8
171 161 8 8
171 160 8 8
171 168 8 8
172 168 8 8
172 169 8 8
172 161 8 8
172 167 8 8
173 170 8 8
173 161 8 8
173 162 8 8
173 169 8 8
174 161 8 8
174 163 8 8
174 170 8 8
174 166 8 8
175 161 8 8
175 173 8 8
175 170 8 8
175 163 8 8
176 163 8 8
176 166 8 8
176 174 8 8
176 161 8 8
177 166 8 8
177 176 8 8
177 163 8 8
177 171 8 8
178 170 8 8
178 169 8 8
178 171 8 8
178 175 8 8
179 175 8 8
179 171 8 8
179 174 8 8
179 176 8 8
160 173 8 8
160 176 8 8
160 166 8 8
160 178 8 8
161 170 8 8
161 178 8 8
161 177 8 8
161 179 8 8
162 174 8 8
162 177 8 8
162 178 8 8
162 176 8 8
163 179 8 8
163 172 8 8
163 173 8 8
163 178 8 8
184 183 9 9
184 180 9 9
184 181 9 9
184 182 9 9
185 180 9 9
185 181 9 9
185 182 9 9
185 183 9 9
186 184 9 9
186 183 9 9
186 182 9 9
186 181 9 9
187 186 9 9
187 181 9 9
187 184 9 9
187 185 9 9
188 182 9 9
188 181 9 9
188 185 9 9
188 183 9 9
189 181 9 9
189 184 9 9
189 186 9 9
189 183 9 9
190 186 9 9
190 189 9 9
190 183 9 9
190 187 9 9
191 182 9 9
191 181 9 9
191 184 9 9
191 185 9 9
192 189 9 9
192 181 9 9
192 188 9 9
192 190 9 9
193 183 9 9
193 181 9 9
193 186 9 9
193 189 9 9
194 181 9 9
194 189 9 9
194 190 9 9
194 188 9 9
195 182 9 9
195 191 9 9
195 183 9 9
195 180 9 9
196 180 9 9
196 191 9 9
196 192 9 9
196 187 9 9
197 189 9 9
197 183 9 9
197 190 9 9
197 194 9 9
198 193 9 9
198 186 9 9
198 182 9 9
198 195 9 9
199 187 9 9
199 184 9 9
199 186 9 9
199 191 9 9
180 199 9 9
180 194 9 9
180 198 9 9
180 191 9 9
181 195 9 9
181 196 9 9
181 199 9 9
181 190 9 9
182 196 9 9
182 190 9 9
182 193 9 9
182 192 9 9
183 191 9 9
183 194 9 9
183 199 9 9
183 192 9 9
204 201 10 10
204 203 10 10
204 200 10 10
204 202 10 10
205 203 10 10
205 204 10 10
205 201 10 10
205 200 10 10
206 205 10 10
206 203 10 10
206 204 10 10
206 200 10 10
207 201 10 10
207 205 10 10
207 206 10 10
207 200 10 10
208 201 10 10
208 207 10 10
208 200 10 10
208 206 10 10
209 202 10 10
209 200 10 10
209 208 10 10
209 203 10 10
210 208 10 10
210 202 10 10
210 200 10 10
210 205 10 10
211 200 10 10
211 208 10 10
211 202 10 10
211 210 10 10
212 210 10 10
212 209 10 10
212 203 10 10
212 211 10 10
213 212 10 10
213 200 10 10
213 210 10 10
213 204 10 10
214 213 10 10
214 201 10 10
214 208 10 10
214 209 10 10
215 205 10 10
215 201 10 10
215 203 10 10
215 204 10 10
216 214 10 10
216 208 10 10
216 213 10 10
216 200 10 10
217 205 10 10
217 202 10 10
217 204 10 10
217 206 10 10
218 208 10 10
218 212 10 10
218 210 10 10
218 209 10 10
219 217 10 10
219 218 10 10
219 212 10 10
219 209 10 10
200 212 10 10
200 217 10 10
200 219 10 10
200 214 10 10
201 219 10 10
201 216 10 10
201 217 10 10
201 211 10 10
202 214 10 10
202 219 10 10
202 213 10 10
202 218 10 10
203 218 10 10
203 219 10 10
203 210 10 10
203 217 10 10
224 220 11 11
224 222 11 11
224 223 11 11
224 221 11 11
225 224 11 11
225 222 11 11
225 221 11 11
225 220 11 11
226 223 11 11
226 220 11 11
226 222 11 11
226 225 11 11
227 221 11 11
227 224 11 11
227 226 11 11
227 220 11 11
228 223 11 11
228 221 11 11
228 225 11 11
228 227 11 11
229 221 11 11
229 222 11 11
229 228 11 11
229 225 11 11
230 227 11 11
230 223 11 11
230 229 11 11
230 225 11 11
231 227 11 11
231 226 11 11
231 228 11 11
231 230 11 11
232 224 11 11
232 231 11 11
232 228 11 11
232 225 11 11
233 228 11 11
233 225 11 11
233 231 11 11
233 227 11 11
234 231 11 11
234 230 11 11
234 223 11 11
234 221 11 11
235 222 11 11
235 234 11 11
235 223 11 11
235 225 11 11
236 225 11 11
236 228 11 11
236 221 11 11
236 230 11 11
237 233 11 11
237 231 11 11
237 220 11 11
237 225 11 11
238 220 11 11
238 228 11 11
238 236 11 11
238 230 11 11
239 227 11 11
239 222 11 11
239 231 11 11
239 221 11 11
220 233 11 11
220 231 11 11
220 232 11 11
220 234 11 11
221 230 11 11
221 233 11 11
221 235 11 11
221 237 11 11
222 227 11 11
222 234 11 11
222 231 11 11
222 238 11 11
223 229 11 11
223 232 11 11
223 231 11 11
223 233 11 11
244 243 12 12
244 241 12 12
244 240 12 12
244 242 12 12
245 242 12 12
245 240 12 12
245 241 12 12
245 243 12 12
246 243 12 12
246 244 12 12
246 240 12 12
246 241 12 12
247 240 12 12
247 242 12 12
247 244 12 12
247 245 12 12
248 246 12 12
248 242 12 12
248 243 12 12
248 240 12 12
249 248 12 12
249 247 12 12
249 241 12 12
249 242 12 12
250 248 12 12
250 249 12 12
250 246 12 12
250 245 12 12
251 249 12 12
251 240 12 12
251 242 12 12
251 245 12 12
252 248 12 12
252 251 12 12
252 240 12 12
252 245 12 12
253 247 12 12
253 243 12 12
253 242 12 12
253 249 12 12
254 241 12 12
254 250 12 12
254 253 12 12
254 246 12 12
255 247 12 12
255 242 12 12
255 253 12 12
255 241 12 12
256 245 12 12
256 253 12 12
256 242 12 12
256 243 12 12
257 245 12 12
257 255 12 12
257 251 12 12
257 248 12 12
258 252 12 12
258 246 12 12
258 257 12 12
258 254 12 12
259 249 12 12
259 240 12 12
259 246 12 12
259 242 12 12
240 254 12 12
240 255 12 12
240 258 12 12
240 249 12 12
241 256 12 12
241 252 12 12
241 258 12 12
241 248 12 12
242 250 12 12
242 252 12 12
242 258 12 12
242 246 12 12
243 250 12 12
243 258 12 12
243 257 12 12
243 249 12 12
264 261 13 13
264 262 13 13
264 260 13 13
264 263 13 13
265 262 13 13
265 260 13 13
265 261 13 13
265 264 13 13
266 262 13 13
266 263 13 13
266 260 13 13
266 261 13 13
267 265 13 13
267 260 13 13
267 263 13 13
267 262 13 13
268 263 13 13
268 260 13 13
268 262 13 13
268 267 13 13
269 261 13 13
269 262 13 13
269 268 13 13
269 265 13 13
270 269 13 13
270 263 13 13
270 266 13 13
270 267 13 13
271 265 13 13
271 269 13 13
271 262 13 13
271 268 13 13
272 264 13 13
272 267 13 13
272 266 13 13
272 263 13 13
273 264 13 13
273 261 13 13
273 272 13 13
273 260 13 13
274 262 13 13
274 269 13 13
274 272 13 13
274 270 13 13
275 267 13 13
275 271 13 13
275 260 13 13
275 266 13 13
276 274 13 13
276 272 13 13
276 261 13 13
276 266 13 13
277 268 13 13
277 269 13 13
277 276 13 13
277 266 13 13
278 261 13 13
278 260 13 13
278 268 13 13
278 270 13 13
279 276 13 13
279 270 13 13
279 263 13 13
279 272 13 13
260 271 13 13
260 270 13 13
260 269 13 13
260 272 13 13
261 271 13 13
261 272 13 13
261 275 13 13
261 267 13 13
262 275 13 13
262 270 13 13
262 278 13 13
262 272 13 13
263 273 13 13
263 278 13 13
263 277 13 13
263 274 13 13
284 281 14 14
284 280 14 14
284 283 14 14
284 282 14 14
285 281 14 14
285 283 14 14
285 284 14 14
285 282 14 14
286 281 14 14
286 285 14 14
286 284 14 14
286 282 14 14
287 280 14 14
287 285 14 14
287 281 14 14
287 284 14 14
288 287 14 14
288 282 14 14
288 281 14 14
288 286 14 14
289 283 14 14
289 282 14 14
289 281 14 14
289 285 14 14
290 287 14 14
290 281 14 14
290 289 14 14
290 285 14 14
291 289 14 14
291 290 14 14
291 283 14 14
291 281 14 14
292 288 14 14
292 286 14 14
292 287 14 14
292 290 14 14
293 290 14 14
293 288 14 14
293 289 14 14
293 282 14 14
294 286 14 14
294 288 14 14
294 284 14 14
294 287 14 14
295 283 14 14
295 285 14 14
295 293 14 14
295 286 14 14
296 287 14 14
296 280 14 14
296 294 14 14
296 283 14 14
297 286 14 14
297 289 14 14
297 292 14 14
297 284 14 14
298 291 14 14
298 294 14 14
298 290 14 14
298 295 14 14
299 292 14 14
299 291 14 14
299 296 14 14
299 283 14 14
280 292 14 14
280 297 14 14
280 294 14 14
280 299 14 14
281 295 14 14
281 298 14 14
281 293 14 14
281 294 14 14
282 295 14 14
282 294 14 14
282 298 14 14
282 299 14 14
283 297 14 14
283 294 14 14
283 292 14 14
283 288 14 14
304 300 15 15
304 303 15 15
304 302 15 15
304 301 15 15
305 302 15 15
305 303 15 15
305 304 15 15
305 300 15 15
306 302 15 15
306 304 15 15
306 305 15 15
306 301 15 15
307 304 15 15
307 305 15 15
307 302 15 15
307 306 15 15
308 301 15 15
308 302 15 15
308 300 15 15
308 304 15 15
309 301 15 15
309 306 15 15
309 305 15 15
309 307 15 15
310 303 15 15
310 305 15 15
310 301 15 15
310 302 15 15
311 300 15 15
311 306 15 15
311 302 15 15
311 304 15 15
312 310 15 15
312 301 15 15
312 303 15 15
312 304 15 15
313 307 15 15
313 304 15 15
313 302 15 15
313 311 15 15
314 308 15 15
314 309 15 15
314 302 15 15
314 313 15 15
315 300 15 15
315 303 15 15
315 312 15 15
315 310 15 15
316 306 15 15
316 310 15 15
316 303 15 15
316 311 15 15
317 313 15 15
317 306 15 15
317 316 15 15
317 309 15 15
318 312 15 15
318 305 15 15
318 300 15 15
318 303 15 15
319 314 15 15
319 310 15 15
319 305 15 15
319 303 15 15
300 312 15 15
300 317 15 15
300 319 15 15
300 316 15 15
301 318 15 15
301 314 15 15
301 307 15 15
301 305 15 15
302 315 15 15
302 312 15 15
302 309 15 15
302 319 15 15
303 317 15 15
303 307 15 15
303 311 15 15
303 309 15 15
86 73 4 3
82 21 4 1
88 0 4 0
95 41 4 2
114 49 5 2
113 78 5 3
101 0 5 0
106 82 5 4
125 106 6 5
130 14 6 0
123 53 6 2
127 97 6 4
159 55 7 2
144 38 7 1
158 93 7 4
148 125 7 6
174 71 8 3
161 3 8 0
176 25 8 1
167 137 8 6
191 169 9 8
195 138 9 6
184 26 9 1
191 60 9 3
217 24 10 1
215 102 10 5
210 130 10 6
210 4 10 0
234 51 11 2
237 27 11 1
226 98 11 4
223 127 11 6
255 5 12 0
248 51 12 2
258 223 12 11
245 194 12 9
277 127 13 6
264 28 13 1
272 3 13 0
260 147 13 7
293 279 14 13
287 121 14 6
287 71 14 3
297 49 14 2
317 255 15 12
303 100 15 5
316 145 15 7
315 79 15 3
12 311 0 15
1 237 0 11
19 147 0 7
16 289 0 14
21 256 1 12
34 287 1 14
24 316 1 15
38 138 1 6
40 304 2 15
42 166 2 8
43 269 2 13
48 187 2 9
78 256 3 12
60 151 3 7
72 138 3 6
72 274 3 13
