swNum = 320
edgeNum = 1343

0 0
1 0
2 0
3 0
4 0
5 0
6 0
7 0
8 0
9 0
10 0
11 0
12 0
13 0
14 0
15 0
16 0
17 0
18 0
19 0
20 1
21 1
22 1
23 1
24 1
25 1
26 1
27 1
28 1
29 1
30 1
31 1
32 1
33 1
34 1
35 1
36 1
37 1
38 1
39 1
40 2
41 2
42 2
43 2
44 2
45 2
46 2
47 2
48 2
49 2
50 2
51 2
52 2
53 2
54 2
55 2
56 2
57 2
58 2
59 2
60 3
61 3
62 3
63 3
64 3
65 3
66 3
67 3
68 3
69 3
70 3
71 3
72 3
73 3
74 3
75 3
76 3
77 3
78 3
79 3
80 4
81 4
82 4
83 4
84 4
85 4
86 4
87 4
88 4
89 4
90 4
91 4
92 4
93 4
94 4
95 4
96 4
97 4
98 4
99 4
100 5
101 5
102 5
103 5
104 5
105 5
106 5
107 5
108 5
109 5
110 5
111 5
112 5
113 5
114 5
115 5
116 5
117 5
118 5
119 5
120 6
121 6
122 6
123 6
124 6
125 6
126 6
127 6
128 6
129 6
130 6
131 6
132 6
133 6
134 6
135 6
136 6
137 6
138 6
139 6
140 7
141 7
142 7
143 7
144 7
145 7
146 7
147 7
148 7
149 7
150 7
151 7
152 7
153 7
154 7
155 7
156 7
157 7
158 7
159 7
160 8
161 8
162 8
163 8
164 8
165 8
166 8
167 8
168 8
169 8
170 8
171 8
172 8
173 8
174 8
175 8
176 8
177 8
178 8
179 8
180 9
181 9
182 9
183 9
184 9
185 9
186 9
187 9
188 9
189 9
190 9
191 9
192 9
193 9
194 9
195 9
196 9
197 9
198 9
199 9
200 10
201 10
202 10
203 10
204 10
205 10
206 10
207 10
208 10
209 10
210 10
211 10
212 10
213 10
214 10
215 10
216 10
217 10
218 10
219 10
220 11
221 11
222 11
223 11
224 11
225 11
226 11
227 11
228 11
229 11
230 11
231 11
232 11
233 11
234 11
235 11
236 11
237 11
238 11
239 11
240 12
241 12
242 12
243 12
244 12
245 12
246 12
247 12
248 12
249 12
250 12
251 12
252 12
253 12
254 12
255 12
256 12
257 12
258 12
259 12
260 13
261 13
262 13
263 13
264 13
265 13
266 13
267 13
268 13
269 13
270 13
271 13
272 13
273 13
274 13
275 13
276 13
277 13
278 13
279 13
280 14
281 14
282 14
283 14
284 14
285 14
286 14
287 14
288 14
289 14
290 14
291 14
292 14
293 14
294 14
295 14
296 14
297 14
298 14
299 14
300 15
301 15
302 15
303 15
304 15
305 15
306 15
307 15
308 15
309 15
310 15
311 15
312 15
313 15
314 15
315 15
316 15
317 15
318 15
319 15

4 2 0 0
4 3 0 0
4 1 0 0
4 0 0 0
5 0 0 0
5 3 0 0
5 1 0 0
5 2 0 0
6 2 0 0
6 1 0 0
6 0 0 0
6 3 0 0
7 4 0 0
7 5 0 0
7 3 0 0
7 0 0 0
8 7 0 0
8 0 0 0
8 5 0 0
8 4 0 0
9 1 0 0
9 6 0 0
9 0 0 0
9 3 0 0
10 7 0 0
10 2 0 0
10 9 0 0
10 3 0 0
11 1 0 0
11 7 0 0
11 5 0 0
11 0 0 0
12 5 0 0
12 7 0 0
12 3 0 0
12 8 0 0
13 9 0 0
13 11 0 0
13 6 0 0
13 4 0 0
14 8 0 0
14 7 0 0
14 12 0 0
14 11 0 0
15 5 0 0
15 12 0 0
15 11 0 0
15 2 0 0
16 2 0 0
16 1 0 0
16 13 0 0
16 4 0 0
17 4 0 0
17 11 0 0
17 12 0 0
17 0 0 0
18 1 0 0
18 9 0 0
18 15 0 0
18 0 0 0
19 14 0 0
19 3 0 0
19 0 0 0
19 10 0 0
0 15 0 0
0 12 0 0
0 16 0 0
0 13 0 0
1 19 0 0
1 14 0 0
1 13 0 0
1 17 0 0
2 19 0 0
2 11 0 0
2 14 0 0
2 17 0 0
3 15 0 0
3 16 0 0
3 8 0 0
3 18 0 0
24 21 1 1
24 23 1 1
24 22 1 1
24 20 1 1
25 24 1 1
25 21 1 1
25 20 1 1
25 23 1 1
26 22 1 1
26 24 1 1
26 21 1 1
26 20 1 1
27 22 1 1
27 20 1 1
27 26 1 1
27 24 1 1
28 26 1 1
28 22 1 1
28 27 1 1
28 21 1 1
29 22 1 1
29 25 1 1
29 23 1 1
29 24 1 1
30 22 1 1
30 29 1 1
30 24 1 1
30 28 1 1
31 29 1 1
31 24 1 1
31 23 1 1
31 28 1 1
32 28 1 1
32 20 1 1
32 22 1 1
32 24 1 1
33 20 1 1
33 24 1 1
33 32 1 1
33 26 1 1
34 33 1 1
34 24 1 1
34 21 1 1
34 22 1 1
35 28 1 1
35 20 1 1
35 30 1 1
35 33 1 1
36 26 1 1
36 28 1 1
36 22 1 1
36 20 1 1
37 34 1 1
37 32 1 1
37 25 1 1
37 23 1 1
38 21 1 1
38 34 1 1
38 24 1 1
38 36 1 1
39 20 1 1
39 36 1 1
39 24 1 1
39 27 1 1
20 29 1 1
20 31 1 1
20 28 1 1
20 38 1 1
21 39 1 1
21 33 1 1
21 27 1 1
21 37 1 1
22 39 1 1
22 35 1 1
22 33 1 1
22 31 1 1
23 39 1 1
23 33 1 1
23 38 1 1
23 35 1 1
44 40 2 2
44 43 2 2
44 42 2 2
44 41 2 2
45 42 2 2
45 40 2 2
45 41 2 2
45 43 2 2
46 44 2 2
46 41 2 2
46 40 2 2
46 45 2 2
47 43 2 2
47 45 2 2
47 40 2 2
47 42 2 2
48 44 2 2
48 46 2 2
48 42 2 2
48 47 2 2
49 45 2 2
49 41 2 2
49 47 2 2
49 43 2 2
50 42 2 2
50 45 2 2
50 44 2 2
50 43 2 2
51 44 2 2
51 46 2 2
51 48 2 2
51 49 2 2
52 46 2 2
52 45 2 2
52 44 2 2
52 48 2 2
53 52 2 2
53 47 2 2
53 48 2 2
53 50 2 2
54 51 2 2
54 53 2 2
54 43 2 2
54 44 2 2
55 49 2 2
55 45 2 2
55 41 2 2
55 47 2 2
56 54 2 2
56 51 2 2
56 52 2 2
56 48 2 2
57 46 2 2
57 41 2 2
57 45 2 2
57 56 2 2
58 41 2 2
58 53 2 2
58 43 2 2
58 55 2 2
59 42 2 2
59 41 2 2
59 55 2 2
59 45 2 2
40 59 2 2
40 48 2 2
40 57 2 2
40 49 2 2
41 56 2 2
41 52 2 2
41 54 2 2
41 50 2 2
42 58 2 2
42 52 2 2
42 46 2 2
42 51 2 2
43 56 2 2
43 57 2 2
43 55 2 2
43 59 2 2
64 62 3 3
64 63 3 3
64 61 3 3
64 60 3 3
65 60 3 3
65 63 3 3
65 62 3 3
65 61 3 3
66 60 3 3
66 65 3 3
66 63 3 3
66 62 3 3
67 61 3 3
67 60 3 3
67 65 3 3
67 62 3 3
68 62 3 3
68 60 3 3
68 64 3 3
68 67 3 3
69 62 3 3
69 67 3 3
69 64 3 3
69 65 3 3
70 65 3 3
70 66 3 3
70 60 3 3
70 63 3 3
71 70 3 3
71 60 3 3
71 62 3 3
71 66 3 3
72 65 3 3
72 69 3 3
72 70 3 3
72 60 3 3
73 67 3 3
73 62 3 3
73 68 3 3
73 69 3 3
74 61 3 3
74 70 3 3
74 71 3 3
74 64 3 3
75 72 3 3
75 73 3 3
75 70 3 3
75 69 3 3
76 73 3 3
76 62 3 3
76 69 3 3
76 67 3 3
77 66 3 3
77 71 3 3
77 69 3 3
77 70 3 3
78 61 3 3
78 67 3 3
78 64 3 3
78 74 3 3
79 78 3 3
79 77 3 3
79 63 3 3
79 60 3 3
60 77 3 3
60 78 3 3
60 74 3 3
60 75 3 3
61 72 3 3
61 73 3 3
61 75 3 3
61 71 3 3
62 79 3 3
62 74 3 3
62 78 3 3
62 70 3 3
63 78 3 3
63 72 3 3
63 75 3 3
63 77 3 3
84 81 4 4
84 80 4 4
84 83 4 4
84 82 4 4
85 84 4 4
85 80 4 4
85 82 4 4
85 83 4 4
86 81 4 4
86 80 4 4
86 83 4 4
86 84 4 4
87 83 4 4
87 81 4 4
87 82 4 4
87 86 4 4
88 81 4 4
88 86 4 4
88 82 4 4
88 84 4 4
89 82 4 4
89 83 4 4
89 88 4 4
89 87 4 4
90 81 4 4
90 85 4 4
90 88 4 4
90 89 4 4
91 87 4 4
91 89 4 4
91 90 4 4
91 86 4 4
92 82 4 4
92 91 4 4
92 89 4 4
92 87 4 4
93 92 4 4
93 90 4 4
93 81 4 4
93 89 4 4
94 87 4 4
94 89 4 4
94 90 4 4
94 88 4 4
95 88 4 4
95 87 4 4
95 90 4 4
95 89 4 4
96 93 4 4
96 86 4 4
96 90 4 4
96 85 4 4
97 93 4 4
97 92 4 4
97 91 4 4
97 87 4 4
98 82 4 4
98 93 4 4
98 80 4 4
98 83 4 4
99 86 4 4
99 84 4 4
99 98 4 4
99 80 4 4
80 89 4 4
80 88 4 4
80 96 4 4
80 93 4 4
81 91 4 4
81 96 4 4
81 97 4 4
81 95 4 4
82 93 4 4
82 99 4 4
82 91 4 4
82 96 4 4
83 93 4 4
83 90 4 4
83 95 4 4
83 91 4 4
104 100 5 5
104 103 5 5
104 101 5 5
104 102 5 5
105 102 5 5
105 101 5 5
105 100 5 5
105 103 5 5
106 105 5 5
106 100 5 5
106 102 5 5
106 104 5 5
107 104 5 5
107 100 5 5
107 105 5 5
107 103 5 5
108 102 5 5
108 100 5 5
108 106 5 5
108 105 5 5
109 100 5 5
109 105 5 5
109 107 5 5
109 104 5 5
110 105 5 5
110 103 5 5
110 108 5 5
110 109 5 5
111 107 5 5
111 100 5 5
111 103 5 5
111 104 5 5
112 101 5 5
112 104 5 5
112 106 5 5
112 102 5 5
113 110 5 5
113 109 5 5
113 106 5 5
113 108 5 5
114 105 5 5
114 103 5 5
114 107 5 5
114 101 5 5
115 102 5 5
115 106 5 5
115 105 5 5
115 113 5 5
116 112 5 5
116 101 5 5
116 111 5 5
116 105 5 5
117 100 5 5
117 101 5 5
117 116 5 5
117 114 5 5
118 100 5 5
118 113 5 5
118 111 5 5
118 107 5 5
119 104 5 5
119 103 5 5
119 118 5 5
119 114 5 5
100 110 5 5
100 114 5 5
100 113 5 5
100 119 5 5
101 111 5 5
101 119 5 5
101 107 5 5
101 106 5 5
102 109 5 5
102 114 5 5
102 116 5 5
102 113 5 5
103 117 5 5
103 112 5 5
103 118 5 5
103 116 5 5
124 122 6 6
124 121 6 6
124 123 6 6
124 120 6 6
125 120 6 6
125 121 6 6
125 124 6 6
125 123 6 6
126 120 6 6
126 121 6 6
126 122 6 6
126 125 6 6
127 125 6 6
127 126 6 6
127 122 6 6
127 120 6 6
128 126 6 6
128 125 6 6
128 124 6 6
128 122 6 6
129 120 6 6
129 121 6 6
129 126 6 6
129 128 6 6
130 129 6 6
130 125 6 6
130 127 6 6
130 123 6 6
131 130 6 6
131 123 6 6
131 129 6 6
131 126 6 6
132 127 6 6
132 131 6 6
132 123 6 6
132 126 6 6
133 122 6 6
133 131 6 6
133 123 6 6
133 130 6 6
134 129 6 6
134 122 6 6
134 130 6 6
134 121 6 6
135 124 6 6
135 120 6 6
135 121 6 6
135 127 6 6
136 130 6 6
136 132 6 6
136 122 6 6
136 124 6 6
137 121 6 6
137 133 6 6
137 125 6 6
137 134 6 6
138 134 6 6
138 127 6 6
138 124 6 6
138 136 6 6
139 123 6 6
139 122 6 6
139 127 6 6
139 128 6 6
120 131 6 6
120 134 6 6
120 137 6 6
120 138 6 6
121 132 6 6
121 131 6 6
121 133 6 6
121 139 6 6
122 130 6 6
122 138 6 6
122 132 6 6
122 131 6 6
123 136 6 6
123 128 6 6
123 138 6 6
123 135 6 6
144 143 7 7
144 140 7 7
144 142 7 7
144 141 7 7
145 140 7 7
145 143 7 7
145 144 7 7
145 141 7 7
146 141 7 7
146 140 7 7
146 145 7 7
146 142 7 7
147 141 7 7
147 146 7 7
147 145 7 7
147 142 7 7
148 142 7 7
148 143 7 7
148 141 7 7
148 144 7 7
149 141 7 7
149 145 7 7
149 146 7 7
149 148 7 7
150 145 7 7
150 142 7 7
150 148 7 7
150 146 7 7
151 143 7 7
151 142 7 7
151 150 7 7
151 148 7 7
152 141 7 7
152 146 7 7
152 142 7 7
152 147 7 7
153 140 7 7
153 142 7 7
153 144 7 7
153 150 7 7
154 150 7 7
154 146 7 7
154 145 7 7
154 147 7 7
155 147 7 7
155 151 7 7
155 152 7 7
155 150 7 7
156 144 7 7
156 141 7 7
156 145 7 7
156 146 7 7
157 152 7 7
157 154 7 7
157 155 7 7
157 146 7 7
158 153 7 7
158 144 7 7
158 157 7 7
158 146 7 7
159 147 7 7
159 140 7 7
159 154 7 7
159 146 7 7
140 151 7 7
140 156 7 7
140 150 7 7
140 154 7 7
141 154 7 7
141 157 7 7
141 155 7 7
141 159 7 7
142 158 7 7
142 157 7 7
142 149 7 7
142 155 7 7
143 157 7 7
143 153 7 7
143 156 7 7
143 150 7 7
164 162 8 8
164 161 8 8
164 163 8 8
164 160 8 8
165 161 8 8
165 162 8 8
165 160 8 8
165 163 8 8
166 163 8 8
166 160 8 8
166 165 8 8
166 164 8 8
167 164 8 8
167 166 8 8
167 161 8 8
167 162 8 8
168 163 8 8
168 165 8 8
168 164 8 8
168 167 8 8
169 167 8 8
169 165 8 8
169 166 8 8
169 160 8 8
170 167 8 8
170 163 8 8
170 164 8 8
170 161 8 8
171 163 8 8
171 162 8 8
171 165 8 8
171 160 8 8
172 161 8 8
172 167 8 8
172 162 8 8
172 164 8 8
173 169 8 8
173 166 8 8
173 162 8 8
173 161 8 8
174 172 8 8
174 171 8 8
174 163 8 8
174 169 8 8
175 170 8 8
175 171 8 8
175 163 8 8
175 167 8 8
176 169 8 8
176 166 8 8
176 160 8 8
176 165 8 8
177 163 8 8
177 165 8 8
177 167 8 8
177 171 8 8
178 175 8 8
178 177 8 8
178 168 8 8
178 165 8 8
179 175 8 8
179 170 8 8
179 168 8 8
179 171 8 8
160 177 8 8
160 167 8 8
160 179 8 8
160 170 8 8
161 169 8 8
161 177 8 8
161 178 8 8
161 166 8 8
162 170 8 8
162 176 8 8
162 168 8 8
162 179 8 8
163 176 8 8
163 169 8 8
163 167 8 8
163 179 8 8
184 180 9 9
184 182 9 9
184 181 9 9
184 183 9 9
185 184 9 9
185 182 9 9
185 183 9 9
185 180 9 9
186 185 9 9
186 183 9 9
186 180 9 9
186 184 9 9
187 186 9 9
187 184 9 9
187 185 9 9
187 181 9 9
188 183 9 9
188 181 9 9
188 182 9 9
188 186 9 9
189 180 9 9
189 188 9 9
189 187 9 9
189 184 9 9
190 187 9 9
190 189 9 9
190 181 9 9
190 188 9 9
191 180 9 9
191 184 9 9
191 190 9 9
191 182 9 9
192 190 9 9
192 185 9 9
192 187 9 9
192 181 9 9
193 182 9 9
193 192 9 9
193 185 9 9
193 180 9 9
194 188 9 9
194 190 9 9
194 182 9 9
194 184 9 9
195 182 9 9
195 189 9 9
195 186 9 9
195 185 9 9
196 180 9 9
196 181 9 9
196 186 9 9
196 188 9 9
197 182 9 9
197 191 9 9
197 184 9 9
197 185 9 9
198 189 9 9
198 188 9 9
198 183 9 9
198 187 9 9
199 180 9 9
199 194 9 9
199 190 9 9
199 192 9 9
180 190 9 9
180 194 9 9
180 195 9 9
180 192 9 9
181 186 9 9
181 191 9 9
181 197 9 9
181 195 9 9
182 186 9 9
182 196 9 9
182 198 9 9
182 192 9 9
183 191 9 9
183 196 9 9
183 190 9 9
183 189 9 9
204 202 10 10
204 200 10 10
204 201 10 10
204 203 10 10
205 202 10 10
205 201 10 10
205 200 10 10
205 203 10 10
206 205 10 10
206 203 10 10
206 200 10 10
206 202 10 10
207 203 10 10
207 200 10 10
207 206 10 10
207 202 10 10
208 200 10 10
208 205 10 10
208 206 10 10
208 204 10 10
209 205 10 10
209 201 10 10
209 206 10 10
209 202 10 10
210 202 10 10
210 203 10 10
210 201 10 10
210 205 10 10
211 201 10 10
211 209 10 10
211 210 10 10
211 208 10 10
212 207 10 10
212 205 10 10
212 206 10 10
212 209 10 10
213 201 10 10
213 203 10 10
213 210 10 10
213 205 10 10
214 208 10 10
214 200 10 10
214 205 10 10
214 202 10 10
215 208 10 10
215 209 10 10
215 205 10 10
215 211 10 10
216 213 10 10
216 214 10 10
216 208 10 10
216 212 10 10
217 209 10 10
217 200 10 10
217 207 10 10
217 215 10 10
218 209 10 10
218 205 10 10
218 216 10 10
218 207 10 10
219 217 10 10
219 202 10 10
219 215 10 10
219 206 10 10
200 211 10 10
200 215 10 10
200 212 10 10
200 213 10 10
201 217 10 10
201 208 10 10
201 219 10 10
201 206 10 10
202 213 10 10
202 218 10 10
202 208 10 10
202 217 10 10
203 209 10 10
203 212 10 10
203 208 10 10
203 215 10 10
224 220 11 11
224 221 11 11
224 222 11 11
224 223 11 11
225 224 11 11
225 222 11 11
225 220 11 11
225 221 11 11
226 220 11 11
226 224 11 11
226 223 11 11
226 222 11 11
227 223 11 11
227 222 11 11
227 220 11 11
227 226 11 11
228 221 11 11
228 220 11 11
228 226 11 11
228 227 11 11
229 228 11 11
229 226 11 11
229 224 11 11
229 223 11 11
230 226 11 11
230 222 11 11
230 220 11 11
230 229 11 11
231 228 11 11
231 223 11 11
231 222 11 11
231 227 11 11
232 225 11 11
232 224 11 11
232 229 11 11
232 223 11 11
233 221 11 11
233 224 11 11
233 223 11 11
233 228 11 11
234 231 11 11
234 223 11 11
234 233 11 11
234 226 11 11
235 233 11 11
235 234 11 11
235 225 11 11
235 220 11 11
236 227 11 11
236 220 11 11
236 221 11 11
236 226 11 11
237 220 11 11
237 228 11 11
237 234 11 11
237 227 11 11
238 227 11 11
238 220 11 11
238 228 11 11
238 234 11 11
239 221 11 11
239 228 11 11
239 222 11 11
239 231 11 11
220 239 11 11
220 234 11 11
220 229 11 11
220 233 11 11
221 231 11 11
221 229 11 11
221 232 11 11
221 234 11 11
222 229 11 11
222 234 11 11
222 233 11 11
222 238 11 11
223 230 11 11
223 228 11 11
223 225 11 11
223 235 11 11
244 241 12 12
244 240 12 12
244 243 12 12
244 242 12 12
245 242 12 12
245 243 12 12
245 241 12 12
245 240 12 12
246 244 12 12
246 245 12 12
246 242 12 12
246 240 12 12
247 241 12 12
247 243 12 12
247 245 12 12
247 242 12 12
248 244 12 12
248 242 12 12
248 243 12 12
248 241 12 12
249 243 12 12
249 242 12 12
249 240 12 12
249 247 12 12
250 243 12 12
250 240 12 12
250 246 12 12
250 245 12 12
251 247 12 12
251 250 12 12
251 242 12 12
251 249 12 12
252 243 12 12
252 240 12 12
252 242 12 12
252 246 12 12
253 244 12 12
253 251 12 12
253 243 12 12
253 240 12 12
254 243 12 12
254 246 12 12
254 252 12 12
254 244 12 12
255 240 12 12
255 253 12 12
255 254 12 12
255 245 12 12
256 249 12 12
256 245 12 12
256 255 12 12
256 254 12 12
257 243 12 12
257 245 12 12
257 254 12 12
257 251 12 12
258 240 12 12
258 244 12 12
258 242 12 12
258 254 12 12
259 253 12 12
259 248 12 12
259 245 12 12
259 240 12 12
240 254 12 12
240 256 12 12
240 257 12 12
240 248 12 12
241 249 12 12
241 256 12 12
241 254 12 12
241 259 12 12
242 253 12 12
242 254 12 12
242 250 12 12
242 259 12 12
243 256 12 12
243 259 12 12
243 251 12 12
243 246 12 12
264 263 13 13
264 260 13 13
264 262 13 13
264 261 13 13
265 263 13 13
265 264 13 13
265 260 13 13
265 261 13 13
266 260 13 13
266 262 13 13
266 261 13 13
266 264 13 13
267 264 13 13
267 263 13 13
267 262 13 13
267 266 13 13
268 262 13 13
268 267 13 13
268 264 13 13
268 265 13 13
269 262 13 13
269 265 13 13
269 267 13 13
269 266 13 13
270 265 13 13
270 266 13 13
270 264 13 13
270 262 13 13
271 268 13 13
271 270 13 13
271 269 13 13
271 261 13 13
272 264 13 13
272 261 13 13
272 268 13 13
272 262 13 13
273 269 13 13
273 265 13 13
273 270 13 13
273 268 13 13
274 262 13 13
274 265 13 13
274 263 13 13
274 261 13 13
275 269 13 13
275 274 13 13
275 272 13 13
275 262 13 13
276 267 13 13
276 272 13 13
276 266 13 13
276 261 13 13
277 269 13 13
277 264 13 13
277 273 13 13
277 271 13 13
278 269 13 13
278 276 13 13
278 265 13 13
278 264 13 13
279 267 13 13
279 278 13 13
279 269 13 13
279 274 13 13
260 271 13 13
260 279 13 13
260 278 13 13
260 277 13 13
261 267 13 13
261 275 13 13
261 279 13 13
261 273 13 13
262 278 13 13
262 276 13 13
262 271 13 13
262 279 13 13
263 277 13 13
263 272 13 13
263 268 13 13
263 270 13 13
284 281 14 14
284 282 14 14
284 280 14 14
284 283 14 14
285 280 14 14
285 282 14 14
285 283 14 14
285 281 14 14
286 281 14 14
286 284 14 14
286 285 14 14
286 283 14 14
287 280 14 14
287 283 14 14
287 285 14 14
287 286 14 14
288 283 14 14
288 286 14 14
288 280 14 14
288 287 14 14
289 283 14 14
289 282 14 14
289 281 14 14
289 288 14 14
290 289 14 14
290 287 14 14
290 282 14 14
290 288 14 14
291 283 14 14
291 287 14 14
291 286 14 14
291 288 14 14
292 290 14 14
292 288 14 14
292 283 14 14
292 286 14 14
293 290 14 14
293 283 14 14
293 291 14 14
293 287 14 14
294 292 14 14
294 289 14 14
294 281 14 14
294 282 14 14
295 290 14 14
295 289 14 14
295 292 14 14
295 288 14 14
296 288 14 14
296 281 14 14
296 287 14 14
296 291 14 14
297 295 14 14
297 280 14 14
297 289 14 14
297 296 14 14
298 292 14 14
298 286 14 14
298 281 14 14
298 288 14 14
299 295 14 14
299 291 14 14
299 289 14 14
299 293 14 14
280 296 14 14
280 291 14 14
280 298 14 14
280 289 14 14
281 295 14 14
281 287 14 14
281 292 14 14
281 299 14 14
282 297 14 14
282 286 14 14
282 298 14 14
282 295 14 14
283 290 14 14
283 294 14 14
283 299 14 14
283 296 14 14
304 301 15 15
304 300 15 15
304 302 15 15
304 303 15 15
305 303 15 15
305 304 15 15
305 301 15 15
305 302 15 15
306 305 15 15
306 300 15 15
306 301 15 15
306 304 15 15
307 300 15 15
307 302 15 15
307 305 15 15
307 304 15 15
308 307 15 15
308 301 15 15
308 304 15 15
308 306 15 15
309 307 15 15
309 304 15 15
309 302 15 15
309 308 15 15
310 308 15 15
310 305 15 15
310 301 15 15
310 303 15 15
311 301 15 15
311 302 15 15
311 303 15 15
311 300 15 15
312 311 15 15
312 305 15 15
312 304 15 15
312 300 15 15
313 306 15 15
313 304 15 15
313 307 15 15
313 308 15 15
314 301 15 15
314 313 15 15
314 310 15 15
314 300 15 15
315 312 15 15
315 300 15 15
315 308 15 15
315 301 15 15
316 314 15 15
316 308 15 15
316 306 15 15
316 309 15 15
317 312 15 15
317 308 15 15
317 314 15 15
317 309 15 15
318 307 15 15
318 314 15 15
318 302 15 15
318 311 15 15
319 312 15 15
319 306 15 15
319 301 15 15
319 303 15 15
300 318 15 15
300 309 15 15
300 305 15 15
300 317 15 15
301 318 15 15
301 317 15 15
301 316 15 15
301 312 15 15
302 306 15 15
302 315 15 15
302 312 15 15
302 313 15 15
303 315 15 15
303 312 15 15
303 317 15 15
303 318 15 15
99 27 4 1
94 74 4 3
92 59 4 2
96 10 4 0
107 82 5 4
118 24 5 1
112 40 5 2
100 6 5 0
123 33 6 1
127 15 6 0
139 46 6 2
128 84 6 4
141 101 7 5
154 36 7 1
146 83 7 4
141 71 7 3
171 49 8 2
174 25 8 1
175 14 8 0
164 112 8 5
198 101 9 5
194 152 9 7
194 163 9 8
199 6 9 0
212 168 10 8
215 12 10 0
204 121 10 6
213 30 10 1
235 37 11 1
229 205 11 10
222 139 11 6
230 140 11 7
248 49 12 2
241 14 12 0
241 208 12 10
248 171 12 8
272 151 13 7
261 192 13 9
269 86 13 4
276 4 13 0
285 210 14 10
288 198 14 9
299 266 14 13
298 19 14 0
311 220 15 11
315 275 15 13
316 22 15 1
301 205 15 10
0 239 0 11
8 141 0 7
5 308 0 15
31 256 1 12
30 282 1 14
34 180 1 9
37 268 1 13
42 205 2 10
43 239 2 11
40 150 2 7
59 199 2 9
78 255 3 12
76 171 3 8
63 185 3 9
66 103 3 5
