swNum = 320
edgeNum = 1344

0 0
1 0
2 0
3 0
4 0
5 0
6 0
7 0
8 0
9 0
10 0
11 0
12 0
13 0
14 0
15 0
16 0
17 0
18 0
19 0
20 1
21 1
22 1
23 1
24 1
25 1
26 1
27 1
28 1
29 1
30 1
31 1
32 1
33 1
34 1
35 1
36 1
37 1
38 1
39 1
40 2
41 2
42 2
43 2
44 2
45 2
46 2
47 2
48 2
49 2
50 2
51 2
52 2
53 2
54 2
55 2
56 2
57 2
58 2
59 2
60 3
61 3
62 3
63 3
64 3
65 3
66 3
67 3
68 3
69 3
70 3
71 3
72 3
73 3
74 3
75 3
76 3
77 3
78 3
79 3
80 4
81 4
82 4
83 4
84 4
85 4
86 4
87 4
88 4
89 4
90 4
91 4
92 4
93 4
94 4
95 4
96 4
97 4
98 4
99 4
100 5
101 5
102 5
103 5
104 5
105 5
106 5
107 5
108 5
109 5
110 5
111 5
112 5
113 5
114 5
115 5
116 5
117 5
118 5
119 5
120 6
121 6
122 6
123 6
124 6
125 6
126 6
127 6
128 6
129 6
130 6
131 6
132 6
133 6
134 6
135 6
136 6
137 6
138 6
139 6
140 7
141 7
142 7
143 7
144 7
145 7
146 7
147 7
148 7
149 7
150 7
151 7
152 7
153 7
154 7
155 7
156 7
157 7
158 7
159 7
160 8
161 8
162 8
163 8
164 8
165 8
166 8
167 8
168 8
169 8
170 8
171 8
172 8
173 8
174 8
175 8
176 8
177 8
178 8
179 8
180 9
181 9
182 9
183 9
184 9
185 9
186 9
187 9
188 9
189 9
190 9
191 9
192 9
193 9
194 9
195 9
196 9
197 9
198 9
199 9
200 10
201 10
202 10
203 10
204 10
205 10
206 10
207 10
208 10
209 10
210 10
211 10
212 10
213 10
214 10
215 10
216 10
217 10
218 10
219 10
220 11
221 11
222 11
223 11
224 11
225 11
226 11
227 11
228 11
229 11
230 11
231 11
232 11
233 11
234 11
235 11
236 11
237 11
238 11
239 11
240 12
241 12
242 12
243 12
244 12
245 12
246 12
247 12
248 12
249 12
250 12
251 12
252 12
253 12
254 12
255 12
256 12
257 12
258 12
259 12
260 13
261 13
262 13
263 13
264 13
265 13
266 13
267 13
268 13
269 13
270 13
271 13
272 13
273 13
274 13
275 13
276 13
277 13
278 13
279 13
280 14
281 14
282 14
283 14
284 14
285 14
286 14
287 14
288 14
289 14
290 14
291 14
292 14
293 14
294 14
295 14
296 14
297 14
298 14
299 14
300 15
301 15
302 15
303 15
304 15
305 15
306 15
307 15
308 15
309 15
310 15
311 15
312 15
313 15
314 15
315 15
316 15
317 15
318 15
319 15

4 0 0 0
4 3 0 0
4 1 0 0
4 2 0 0
5 4 0 0
5 0 0 0
5 1 0 0
5 3 0 0
6 1 0 0
6 3 0 0
6 0 0 0
6 4 0 0
7 3 0 0
7 1 0 0
7 2 0 0
7 6 0 0
8 4 0 0
8 2 0 0
8 3 0 0
8 6 0 0
9 8 0 0
9 1 0 0
9 4 0 0
9 0 0 0
10 1 0 0
10 9 0 0
10 4 0 0
10 2 0 0
11 1 0 0
11 10 0 0
11 3 0 0
11 4 0 0
12 6 0 0
12 1 0 0
12 7 0 0
12 0 0 0
13 8 0 0
13 0 0 0
13 7 0 0
13 3 0 0
14 5 0 0
14 0 0 0
14 10 0 0
14 11 0 0
15 13 0 0
15 8 0 0
15 9 0 0
15 3 0 0
16 6 0 0
16 5 0 0
16 10 0 0
16 7 0 0
17 9 0 0
17 15 0 0
17 11 0 0
17 13 0 0
18 1 0 0
18 0 0 0
18 5 0 0
18 4 0 0
19 3 0 0
19 12 0 0
19 7 0 0
19 1 0 0
0 19 0 0
0 7 0 0
0 16 0 0
0 8 0 0
1 16 0 0
1 14 0 0
1 13 0 0
1 8 0 0
2 9 0 0
2 17 0 0
2 14 0 0
2 16 0 0
3 18 0 0
3 9 0 0
3 16 0 0
3 10 0 0
24 22 1 1
24 23 1 1
24 21 1 1
24 20 1 1
25 21 1 1
25 22 1 1
25 24 1 1
25 23 1 1
26 20 1 1
26 24 1 1
26 23 1 1
26 21 1 1
27 20 1 1
27 25 1 1
27 22 1 1
27 23 1 1
28 22 1 1
28 20 1 1
28 26 1 1
28 21 1 1
29 22 1 1
29 27 1 1
29 24 1 1
29 23 1 1
30 28 1 1
30 20 1 1
30 22 1 1
30 24 1 1
31 22 1 1
31 21 1 1
31 24 1 1
31 20 1 1
32 26 1 1
32 30 1 1
32 22 1 1
32 28 1 1
33 25 1 1
33 27 1 1
33 23 1 1
33 24 1 1
34 20 1 1
34 33 1 1
34 25 1 1
34 22 1 1
35 20 1 1
35 23 1 1
35 29 1 1
35 27 1 1
36 25 1 1
36 24 1 1
36 26 1 1
36 27 1 1
37 36 1 1
37 31 1 1
37 21 1 1
37 27 1 1
38 35 1 1
38 24 1 1
38 23 1 1
38 32 1 1
39 20 1 1
39 26 1 1
39 32 1 1
39 28 1 1
20 29 1 1
20 37 1 1
20 38 1 1
20 33 1 1
21 36 1 1
21 32 1 1
21 27 1 1
21 38 1 1
22 33 1 1
22 36 1 1
22 35 1 1
22 37 1 1
23 36 1 1
23 37 1 1
23 39 1 1
23 30 1 1
44 42 2 2
44 41 2 2
44 43 2 2
44 40 2 2
45 44 2 2
45 41 2 2
45 42 2 2
45 43 2 2
46 43 2 2
46 41 2 2
46 40 2 2
46 44 2 2
47 40 2 2
47 43 2 2
47 44 2 2
47 41 2 2
48 41 2 2
48 40 2 2
48 43 2 2
48 44 2 2
49 41 2 2
49 43 2 2
49 48 2 2
49 45 2 2
50 47 2 2
50 44 2 2
50 48 2 2
50 45 2 2
51 41 2 2
51 50 2 2
51 40 2 2
51 48 2 2
52 50 2 2
52 47 2 2
52 43 2 2
52 44 2 2
53 52 2 2
53 44 2 2
53 48 2 2
53 42 2 2
54 46 2 2
54 41 2 2
54 40 2 2
54 43 2 2
55 46 2 2
55 40 2 2
55 43 2 2
55 44 2 2
56 43 2 2
56 51 2 2
56 45 2 2
56 52 2 2
57 51 2 2
57 44 2 2
57 41 2 2
57 49 2 2
58 56 2 2
58 45 2 2
58 47 2 2
58 54 2 2
59 54 2 2
59 41 2 2
59 46 2 2
59 47 2 2
40 58 2 2
40 59 2 2
40 49 2 2
40 57 2 2
41 53 2 2
41 56 2 2
41 55 2 2
41 58 2 2
42 50 2 2
42 52 2 2
42 56 2 2
42 51 2 2
43 58 2 2
43 59 2 2
43 51 2 2
43 53 2 2
64 61 3 3
64 63 3 3
64 62 3 3
64 60 3 3
65 60 3 3
65 64 3 3
65 61 3 3
65 62 3 3
66 61 3 3
66 63 3 3
66 64 3 3
66 65 3 3
67 63 3 3
67 61 3 3
67 62 3 3
67 66 3 3
68 67 3 3
68 62 3 3
68 63 3 3
68 61 3 3
69 61 3 3
69 66 3 3
69 62 3 3
69 68 3 3
70 66 3 3
70 63 3 3
70 64 3 3
70 62 3 3
71 67 3 3
71 62 3 3
71 64 3 3
71 68 3 3
72 70 3 3
72 66 3 3
72 61 3 3
72 68 3 3
73 68 3 3
73 69 3 3
73 67 3 3
73 71 3 3
74 65 3 3
74 60 3 3
74 68 3 3
74 62 3 3
75 69 3 3
75 65 3 3
75 70 3 3
75 67 3 3
76 71 3 3
76 72 3 3
76 65 3 3
76 60 3 3
77 71 3 3
77 69 3 3
77 60 3 3
77 63 3 3
78 66 3 3
78 64 3 3
78 67 3 3
78 74 3 3
79 63 3 3
79 78 3 3
79 66 3 3
79 65 3 3
60 75 3 3
60 70 3 3
60 68 3 3
60 66 3 3
61 78 3 3
61 75 3 3
61 79 3 3
61 73 3 3
62 73 3 3
62 72 3 3
62 78 3 3
62 76 3 3
63 78 3 3
63 72 3 3
63 65 3 3
63 71 3 3
84 83 4 4
84 80 4 4
84 82 4 4
84 81 4 4
85 80 4 4
85 84 4 4
85 83 4 4
85 82 4 4
86 81 4 4
86 85 4 4
86 82 4 4
86 80 4 4
87 84 4 4
87 82 4 4
87 86 4 4
87 83 4 4
88 83 4 4
88 82 4 4
88 87 4 4
88 81 4 4
89 84 4 4
89 85 4 4
89 82 4 4
89 87 4 4
90 81 4 4
90 86 4 4
90 88 4 4
90 85 4 4
91 85 4 4
91 89 4 4
91 82 4 4
91 81 4 4
92 88 4 4
92 81 4 4
92 80 4 4
92 90 4 4
93 87 4 4
93 80 4 4
93 88 4 4
93 82 4 4
94 81 4 4
94 88 4 4
94 89 4 4
94 82 4 4
95 94 4 4
95 87 4 4
95 83 4 4
95 82 4 4
96 92 4 4
96 86 4 4
96 82 4 4
96 93 4 4
97 91 4 4
97 81 4 4
97 89 4 4
97 93 4 4
98 85 4 4
98 89 4 4
98 81 4 4
98 86 4 4
99 91 4 4
99 87 4 4
99 80 4 4
99 86 4 4
80 98 4 4
80 91 4 4
80 89 4 4
80 96 4 4
81 99 4 4
81 95 4 4
81 89 4 4
81 85 4 4
82 99 4 4
82 98 4 4
82 97 4 4
82 90 4 4
83 99 4 4
83 97 4 4
83 91 4 4
83 93 4 4
104 102 5 5
104 100 5 5
104 103 5 5
104 101 5 5
105 104 5 5
105 102 5 5
105 100 5 5
105 103 5 5
106 104 5 5
106 100 5 5
106 105 5 5
106 102 5 5
107 103 5 5
107 106 5 5
107 102 5 5
107 105 5 5
108 104 5 5
108 106 5 5
108 107 5 5
108 100 5 5
109 108 5 5
109 107 5 5
109 105 5 5
109 106 5 5
110 106 5 5
110 102 5 5
110 107 5 5
110 101 5 5
111 104 5 5
111 109 5 5
111 102 5 5
111 106 5 5
112 105 5 5
112 106 5 5
112 104 5 5
112 108 5 5
113 110 5 5
113 109 5 5
113 103 5 5
113 101 5 5
114 105 5 5
114 109 5 5
114 102 5 5
114 104 5 5
115 105 5 5
115 111 5 5
115 102 5 5
115 108 5 5
116 104 5 5
116 107 5 5
116 100 5 5
116 109 5 5
117 113 5 5
117 106 5 5
117 107 5 5
117 116 5 5
118 114 5 5
118 103 5 5
118 108 5 5
118 109 5 5
119 110 5 5
119 117 5 5
119 106 5 5
119 114 5 5
100 115 5 5
100 111 5 5
100 109 5 5
100 110 5 5
101 117 5 5
101 114 5 5
101 105 5 5
101 119 5 5
102 109 5 5
102 108 5 5
102 117 5 5
102 116 5 5
103 108 5 5
103 112 5 5
103 114 5 5
103 117 5 5
124 120 6 6
124 122 6 6
124 121 6 6
124 123 6 6
125 123 6 6
125 121 6 6
125 120 6 6
125 122 6 6
126 123 6 6
126 120 6 6
126 124 6 6
126 122 6 6
127 123 6 6
127 120 6 6
127 125 6 6
127 121 6 6
128 122 6 6
128 121 6 6
128 126 6 6
128 124 6 6
129 123 6 6
129 124 6 6
129 127 6 6
129 125 6 6
130 126 6 6
130 120 6 6
130 122 6 6
130 128 6 6
131 124 6 6
131 122 6 6
131 128 6 6
131 125 6 6
132 131 6 6
132 122 6 6
132 128 6 6
132 125 6 6
133 122 6 6
133 124 6 6
133 128 6 6
133 131 6 6
134 123 6 6
134 127 6 6
134 121 6 6
134 125 6 6
135 128 6 6
135 121 6 6
135 130 6 6
135 132 6 6
136 124 6 6
136 133 6 6
136 132 6 6
136 122 6 6
137 121 6 6
137 127 6 6
137 128 6 6
137 134 6 6
138 122 6 6
138 136 6 6
138 137 6 6
138 133 6 6
139 129 6 6
139 137 6 6
139 133 6 6
139 134 6 6
120 139 6 6
120 128 6 6
120 137 6 6
120 129 6 6
121 126 6 6
121 132 6 6
121 138 6 6
121 129 6 6
122 139 6 6
122 129 6 6
122 137 6 6
122 134 6 6
123 139 6 6
123 131 6 6
123 136 6 6
123 132 6 6
144 140 7 7
144 141 7 7
144 142 7 7
144 143 7 7
145 143 7 7
145 144 7 7
145 142 7 7
145 141 7 7
146 141 7 7
146 144 7 7
146 140 7 7
146 142 7 7
147 142 7 7
147 141 7 7
147 143 7 7
147 144 7 7
148 144 7 7
148 143 7 7
148 142 7 7
148 141 7 7
149 141 7 7
149 146 7 7
149 142 7 7
149 145 7 7
150 142 7 7
150 143 7 7
150 145 7 7
150 147 7 7
151 142 7 7
151 148 7 7
151 144 7 7
151 145 7 7
152 146 7 7
152 143 7 7
152 145 7 7
152 142 7 7
153 143 7 7
153 144 7 7
153 150 7 7
153 145 7 7
154 145 7 7
154 140 7 7
154 148 7 7
154 144 7 7
155 148 7 7
155 154 7 7
155 151 7 7
155 145 7 7
156 142 7 7
156 153 7 7
156 148 7 7
156 147 7 7
157 141 7 7
157 150 7 7
157 146 7 7
157 149 7 7
158 152 7 7
158 149 7 7
158 145 7 7
158 153 7 7
159 155 7 7
159 146 7 7
159 145 7 7
159 152 7 7
140 159 7 7
140 149 7 7
140 155 7 7
140 156 7 7
141 151 7 7
141 152 7 7
141 153 7 7
141 154 7 7
142 155 7 7
142 153 7 7
142 158 7 7
142 159 7 7
143 157 7 7
143 146 7 7
143 151 7 7
143 159 7 7
164 160 8 8
164 162 8 8
164 161 8 8
164 163 8 8
165 160 8 8
165 164 8 8
165 163 8 8
165 162 8 8
166 163 8 8
166 164 8 8
166 161 8 8
166 160 8 8
167 161 8 8
167 163 8 8
167 166 8 8
167 164 8 8
168 160 8 8
168 161 8 8
168 162 8 8
168 167 8 8
169 163 8 8
169 162 8 8
169 165 8 8
169 168 8 8
170 160 8 8
170 165 8 8
170 163 8 8
170 162 8 8
171 166 8 8
171 170 8 8
171 165 8 8
171 162 8 8
172 161 8 8
172 169 8 8
172 166 8 8
172 167 8 8
173 163 8 8
173 165 8 8
173 171 8 8
173 160 8 8
174 166 8 8
174 161 8 8
174 172 8 8
174 170 8 8
175 165 8 8
175 168 8 8
175 163 8 8
175 167 8 8
176 172 8 8
176 174 8 8
176 175 8 8
176 173 8 8
177 169 8 8
177 164 8 8
177 176 8 8
177 167 8 8
178 165 8 8
178 169 8 8
178 174 8 8
178 173 8 8
179 161 8 8
179 168 8 8
179 160 8 8
179 164 8 8
160 177 8 8
160 171 8 8
160 167 8 8
160 169 8 8
161 177 8 8
161 171 8 8
161 173 8 8
161 170 8 8
162 175 8 8
162 176 8 8
162 179 8 8
162 173 8 8
163 172 8 8
163 174 8 8
163 179 8 8
163 176 8 8
184 182 9 9
184 181 9 9
184 180 9 9
184 183 9 9
185 183 9 9
185 180 9 9
185 182 9 9
185 184 9 9
186 180 9 9
186 182 9 9
186 184 9 9
186 185 9 9
187 182 9 9
187 181 9 9
187 186 9 9
187 184 9 9
188 180 9 9
188 185 9 9
188 183 9 9
188 186 9 9
189 180 9 9
189 183 9 9
189 181 9 9
189 187 9 9
190 181 9 9
190 180 9 9
190 189 9 9
190 184 9 9
191 190 9 9
191 180 9 9
191 189 9 9
191 184 9 9
192 181 9 9
192 189 9 9
192 186 9 9
192 190 9 9
193 181 9 9
193 185 9 9
193 188 9 9
193 186 9 9
194 192 9 9
194 187 9 9
194 180 9 9
194 182 9 9
195 194 9 9
195 193 9 9
195 188 9 9
195 190 9 9
196 188 9 9
196 193 9 9
196 186 9 9
196 183 9 9
197 186 9 9
197 196 9 9
197 194 9 9
197 187 9 9
198 182 9 9
198 186 9 9
198 190 9 9
198 193 9 9
199 186 9 9
199 197 9 9
199 196 9 9
199 192 9 9
180 199 9 9
180 197 9 9
180 198 9 9
180 187 9 9
181 186 9 9
181 199 9 9
181 191 9 9
181 195 9 9
182 195 9 9
182 199 9 9
182 192 9 9
182 191 9 9
183 197 9 9
183 198 9 9
183 191 9 9
183 199 9 9
204 201 10 10
204 200 10 10
204 203 10 10
204 202 10 10
205 203 10 10
205 202 10 10
205 201 10 10
205 204 10 10
206 204 10 10
206 200 10 10
206 203 10 10
206 202 10 10
207 200 10 10
207 203 10 10
207 202 10 10
207 204 10 10
208 201 10 10
208 200 10 10
208 203 10 10
208 204 10 10
209 206 10 10
209 204 10 10
209 200 10 10
209 203 10 10
210 205 10 10
210 202 10 10
210 201 10 10
210 208 10 10
211 203 10 10
211 205 10 10
211 204 10 10
211 201 10 10
212 202 10 10
212 208 10 10
212 203 10 10
212 210 10 10
213 212 10 10
213 205 10 10
213 207 10 10
213 206 10 10
214 203 10 10
214 210 10 10
214 209 10 10
214 211 10 10
215 211 10 10
215 203 10 10
215 209 10 10
215 205 10 10
216 205 10 10
216 215 10 10
216 204 10 10
216 203 10 10
217 212 10 10
217 210 10 10
217 208 10 10
217 215 10 10
218 201 10 10
218 208 10 10
218 204 10 10
218 216 10 10
219 217 10 10
219 205 10 10
219 215 10 10
219 203 10 10
200 216 10 10
200 205 10 10
200 217 10 10
200 213 10 10
201 212 10 10
201 214 10 10
201 209 10 10
201 219 10 10
202 217 10 10
202 215 10 10
202 209 10 10
202 213 10 10
203 213 10 10
203 218 10 10
203 210 10 10
203 217 10 10
224 223 11 11
224 221 11 11
224 220 11 11
224 222 11 11
225 224 11 11
225 220 11 11
225 223 11 11
225 221 11 11
226 221 11 11
226 220 11 11
226 225 11 11
226 223 11 11
227 221 11 11
227 220 11 11
227 222 11 11
227 224 11 11
228 223 11 11
228 222 11 11
228 225 11 11
228 226 11 11
229 222 11 11
229 221 11 11
229 228 11 11
229 223 11 11
230 225 11 11
230 229 11 11
230 223 11 11
230 224 11 11
231 220 11 11
231 226 11 11
231 228 11 11
231 227 11 11
232 225 11 11
232 230 11 11
232 231 11 11
232 220 11 11
233 223 11 11
233 221 11 11
233 228 11 11
233 225 11 11
234 223 11 11
234 232 11 11
234 230 11 11
234 227 11 11
235 221 11 11
235 223 11 11
235 225 11 11
235 222 11 11
236 224 11 11
236 232 11 11
236 223 11 11
236 234 11 11
237 224 11 11
237 233 11 11
237 232 11 11
237 223 11 11
238 226 11 11
238 231 11 11
238 221 11 11
238 233 11 11
239 225 11 11
239 228 11 11
239 223 11 11
239 237 11 11
220 235 11 11
220 228 11 11
220 234 11 11
220 236 11 11
221 228 11 11
221 230 11 11
221 231 11 11
221 234 11 11
222 232 11 11
222 231 11 11
222 238 11 11
222 239 11 11
223 232 11 11
223 227 11 11
223 238 11 11
223 231 11 11
244 243 12 12
244 242 12 12
244 240 12 12
244 241 12 12
245 244 12 12
245 241 12 12
245 243 12 12
245 242 12 12
246 240 12 12
246 242 12 12
246 245 12 12
246 243 12 12
247 246 12 12
247 245 12 12
247 244 12 12
247 243 12 12
248 247 12 12
248 242 12 12
248 240 12 12
248 243 12 12
249 240 12 12
249 247 12 12
249 246 12 12
249 248 12 12
250 249 12 12
250 244 12 12
250 246 12 12
250 245 12 12
251 241 12 12
251 245 12 12
251 244 12 12
251 242 12 12
252 249 12 12
252 245 12 12
252 246 12 12
252 244 12 12
253 252 12 12
253 241 12 12
253 251 12 12
253 244 12 12
254 249 12 12
254 248 12 12
254 244 12 12
254 250 12 12
255 251 12 12
255 249 12 12
255 242 12 12
255 244 12 12
256 245 12 12
256 254 12 12
256 246 12 12
256 248 12 12
257 243 12 12
257 249 12 12
257 240 12 12
257 244 12 12
258 249 12 12
258 257 12 12
258 242 12 12
258 243 12 12
259 244 12 12
259 245 12 12
259 256 12 12
259 247 12 12
240 259 12 12
240 255 12 12
240 252 12 12
240 247 12 12
241 254 12 12
241 259 12 12
241 252 12 12
241 250 12 12
242 254 12 12
242 247 12 12
242 257 12 12
242 253 12 12
243 254 12 12
243 251 12 12
243 256 12 12
243 249 12 12
264 263 13 13
264 260 13 13
264 262 13 13
264 261 13 13
265 264 13 13
265 262 13 13
265 261 13 13
265 263 13 13
266 261 13 13
266 262 13 13
266 263 13 13
266 260 13 13
267 260 13 13
267 263 13 13
267 266 13 13
267 262 13 13
268 263 13 13
268 262 13 13
268 264 13 13
268 267 13 13
269 263 13 13
269 262 13 13
269 264 13 13
269 266 13 13
270 268 13 13
270 263 13 13
270 265 13 13
270 269 13 13
271 260 13 13
271 266 13 13
271 268 13 13
271 265 13 13
272 268 13 13
272 266 13 13
272 264 13 13
272 262 13 13
273 268 13 13
273 265 13 13
273 261 13 13
273 272 13 13
274 263 13 13
274 273 13 13
274 262 13 13
274 265 13 13
275 273 13 13
275 272 13 13
275 270 13 13
275 263 13 13
276 273 13 13
276 270 13 13
276 266 13 13
276 264 13 13
277 260 13 13
277 276 13 13
277 264 13 13
277 272 13 13
278 268 13 13
278 271 13 13
278 267 13 13
278 277 13 13
279 262 13 13
279 272 13 13
279 271 13 13
279 269 13 13
260 278 13 13
260 270 13 13
260 276 13 13
260 268 13 13
261 276 13 13
261 278 13 13
261 269 13 13
261 274 13 13
262 275 13 13
262 270 13 13
262 271 13 13
262 273 13 13
263 271 13 13
263 272 13 13
263 279 13 13
263 273 13 13
284 283 14 14
284 281 14 14
284 282 14 14
284 280 14 14
285 282 14 14
285 281 14 14
285 280 14 14
285 284 14 14
286 282 14 14
286 281 14 14
286 284 14 14
286 283 14 14
287 283 14 14
287 281 14 14
287 286 14 14
287 284 14 14
288 281 14 14
288 287 14 14
288 286 14 14
288 280 14 14
289 284 14 14
289 283 14 14
289 287 14 14
289 282 14 14
290 280 14 14
290 285 14 14
290 287 14 14
290 282 14 14
291 290 14 14
291 283 14 14
291 284 14 14
291 287 14 14
292 287 14 14
292 281 14 14
292 283 14 14
292 284 14 14
293 288 14 14
293 289 14 14
293 286 14 14
293 284 14 14
294 293 14 14
294 280 14 14
294 284 14 14
294 291 14 14
295 286 14 14
295 283 14 14
295 293 14 14
295 289 14 14
296 284 14 14
296 282 14 14
296 295 14 14
296 290 14 14
297 286 14 14
297 291 14 14
297 294 14 14
297 282 14 14
298 284 14 14
298 280 14 14
298 282 14 14
298 281 14 14
299 293 14 14
299 298 14 14
299 282 14 14
299 280 14 14
280 291 14 14
280 293 14 14
280 292 14 14
280 286 14 14
281 290 14 14
281 296 14 14
281 293 14 14
281 291 14 14
282 288 14 14
282 295 14 14
282 293 14 14
282 291 14 14
283 288 14 14
283 296 14 14
283 293 14 14
283 290 14 14
304 302 15 15
304 301 15 15
304 303 15 15
304 300 15 15
305 300 15 15
305 304 15 15
305 303 15 15
305 301 15 15
306 304 15 15
306 302 15 15
306 303 15 15
306 305 15 15
307 301 15 15
307 305 15 15
307 304 15 15
307 302 15 15
308 304 15 15
308 302 15 15
308 300 15 15
308 306 15 15
309 300 15 15
309 308 15 15
309 305 15 15
309 307 15 15
310 308 15 15
310 307 15 15
310 300 15 15
310 309 15 15
311 310 15 15
311 301 15 15
311 305 15 15
311 302 15 15
312 302 15 15
312 306 15 15
312 308 15 15
312 303 15 15
313 308 15 15
313 307 15 15
313 306 15 15
313 311 15 15
314 302 15 15
314 312 15 15
314 303 15 15
314 307 15 15
315 303 15 15
315 302 15 15
315 304 15 15
315 314 15 15
316 302 15 15
316 300 15 15
316 314 15 15
316 313 15 15
317 300 15 15
317 304 15 15
317 316 15 15
317 305 15 15
318 308 15 15
318 305 15 15
318 307 15 15
318 309 15 15
319 306 15 15
319 317 15 15
319 308 15 15
319 304 15 15
300 314 15 15
300 313 15 15
300 307 15 15
300 311 15 15
301 312 15 15
301 313 15 15
301 314 15 15
301 309 15 15
302 313 15 15
302 317 15 15
302 310 15 15
302 318 15 15
303 316 15 15
303 307 15 15
303 310 15 15
303 318 15 15
88 45 4 2
89 27 4 1
87 74 4 3
86 18 4 0
105 80 5 4
113 51 5 2
102 69 5 3
104 8 5 0
134 10 6 0
122 112 6 5
129 25 6 1
134 80 6 4
154 62 7 3
148 42 7 2
140 34 7 1
154 104 7 5
163 62 8 3
164 116 8 5
168 13 8 0
177 53 8 2
199 54 9 2
198 155 9 7
182 63 9 3
191 85 9 4
202 172 10 8
219 113 10 5
214 14 10 0
205 183 10 9
230 80 11 4
228 136 11 6
231 207 11 10
231 143 11 7
246 227 12 11
245 88 12 4
240 8 12 0
251 120 12 6
279 49 13 2
262 193 13 9
278 142 13 7
262 60 13 3
289 210 14 10
296 23 14 1
290 137 14 6
290 150 14 7
312 287 15 14
304 17 15 0
306 172 15 8
316 111 15 5
7 282 0 14
1 190 0 9
1 140 0 7
15 272 0 13
24 257 1 12
35 276 1 13
35 192 1 9
34 231 1 11
41 222 2 11
49 253 2 12
51 122 2 6
58 293 2 14
64 215 3 10
62 251 3 12
61 286 3 14
72 138 3 6
