swNum = 320
edgeNum = 1343

0 0
1 0
2 0
3 0
4 0
5 0
6 0
7 0
8 0
9 0
10 0
11 0
12 0
13 0
14 0
15 0
16 0
17 0
18 0
19 0
20 1
21 1
22 1
23 1
24 1
25 1
26 1
27 1
28 1
29 1
30 1
31 1
32 1
33 1
34 1
35 1
36 1
37 1
38 1
39 1
40 2
41 2
42 2
43 2
44 2
45 2
46 2
47 2
48 2
49 2
50 2
51 2
52 2
53 2
54 2
55 2
56 2
57 2
58 2
59 2
60 3
61 3
62 3
63 3
64 3
65 3
66 3
67 3
68 3
69 3
70 3
71 3
72 3
73 3
74 3
75 3
76 3
77 3
78 3
79 3
80 4
81 4
82 4
83 4
84 4
85 4
86 4
87 4
88 4
89 4
90 4
91 4
92 4
93 4
94 4
95 4
96 4
97 4
98 4
99 4
100 5
101 5
102 5
103 5
104 5
105 5
106 5
107 5
108 5
109 5
110 5
111 5
112 5
113 5
114 5
115 5
116 5
117 5
118 5
119 5
120 6
121 6
122 6
123 6
124 6
125 6
126 6
127 6
128 6
129 6
130 6
131 6
132 6
133 6
134 6
135 6
136 6
137 6
138 6
139 6
140 7
141 7
142 7
143 7
144 7
145 7
146 7
147 7
148 7
149 7
150 7
151 7
152 7
153 7
154 7
155 7
156 7
157 7
158 7
159 7
160 8
161 8
162 8
163 8
164 8
165 8
166 8
167 8
168 8
169 8
170 8
171 8
172 8
173 8
174 8
175 8
176 8
177 8
178 8
179 8
180 9
181 9
182 9
183 9
184 9
185 9
186 9
187 9
188 9
189 9
190 9
191 9
192 9
193 9
194 9
195 9
196 9
197 9
198 9
199 9
200 10
201 10
202 10
203 10
204 10
205 10
206 10
207 10
208 10
209 10
210 10
211 10
212 10
213 10
214 10
215 10
216 10
217 10
218 10
219 10
220 11
221 11
222 11
223 11
224 11
225 11
226 11
227 11
228 11
229 11
230 11
231 11
232 11
233 11
234 11
235 11
236 11
237 11
238 11
239 11
240 12
241 12
242 12
243 12
244 12
245 12
246 12
247 12
248 12
249 12
250 12
251 12
252 12
253 12
254 12
255 12
256 12
257 12
258 12
259 12
260 13
261 13
262 13
263 13
264 13
265 13
266 13
267 13
268 13
269 13
270 13
271 13
272 13
273 13
274 13
275 13
276 13
277 13
278 13
279 13
280 14
281 14
282 14
283 14
284 14
285 14
286 14
287 14
288 14
289 14
290 14
291 14
292 14
293 14
294 14
295 14
296 14
297 14
298 14
299 14
300 15
301 15
302 15
303 15
304 15
305 15
306 15
307 15
308 15
309 15
310 15
311 15
312 15
313 15
314 15
315 15
316 15
317 15
318 15
319 15

4 0 0 0
4 3 0 0
4 1 0 0
4 2 0 0
5 4 0 0
5 1 0 0
5 0 0 0
5 2 0 0
6 4 0 0
6 1 0 0
6 5 0 0
6 0 0 0
7 4 0 0
7 6 0 0
7 0 0 0
7 1 0 0
8 7 0 0
8 3 0 0
8 0 0 0
8 1 0 0
9 3 0 0
9 4 0 0
9 6 0 0
9 8 0 0
10 7 0 0
10 5 0 0
10 4 0 0
10 8 0 0
11 9 0 0
11 8 0 0
11 3 0 0
11 1 0 0
12 1 0 0
12 0 0 0
12 6 0 0
12 8 0 0
13 10 0 0
13 1 0 0
13 0 0 0
13 9 0 0
14 13 0 0
14 11 0 0
14 3 0 0
14 9 0 0
15 5 0 0
15 12 0 0
15 4 0 0
15 14 0 0
16 15 0 0
16 12 0 0
16 4 0 0
16 8 0 0
17 0 0 0
17 4 0 0
17 12 0 0
17 15 0 0
18 0 0 0
18 13 0 0
18 16 0 0
18 4 0 0
19 4 0 0
19 6 0 0
19 10 0 0
19 5 0 0
0 9 0 0
0 16 0 0
0 10 0 0
0 15 0 0
1 9 0 0
1 19 0 0
1 10 0 0
1 15 0 0
2 11 0 0
2 13 0 0
2 17 0 0
2 12 0 0
3 18 0 0
3 19 0 0
3 12 0 0
3 7 0 0
24 22 1 1
24 23 1 1
24 21 1 1
24 20 1 1
25 20 1 1
25 22 1 1
25 23 1 1
25 21 1 1
26 23 1 1
26 21 1 1
26 20 1 1
26 24 1 1
27 20 1 1
27 23 1 1
27 25 1 1
27 26 1 1
28 22 1 1
28 23 1 1
28 27 1 1
28 25 1 1
29 20 1 1
29 27 1 1
29 23 1 1
29 28 1 1
30 25 1 1
30 22 1 1
30 24 1 1
30 21 1 1
31 24 1 1
31 25 1 1
31 20 1 1
31 26 1 1
32 30 1 1
32 21 1 1
32 23 1 1
32 28 1 1
33 28 1 1
33 24 1 1
33 23 1 1
33 21 1 1
34 26 1 1
34 24 1 1
34 22 1 1
34 21 1 1
35 27 1 1
35 20 1 1
35 25 1 1
35 28 1 1
36 26 1 1
36 34 1 1
36 23 1 1
36 33 1 1
37 20 1 1
37 36 1 1
37 22 1 1
37 26 1 1
38 37 1 1
38 36 1 1
38 23 1 1
38 29 1 1
39 24 1 1
39 30 1 1
39 38 1 1
39 34 1 1
20 38 1 1
20 32 1 1
20 28 1 1
20 36 1 1
21 35 1 1
21 28 1 1
21 36 1 1
21 27 1 1
22 39 1 1
22 26 1 1
22 31 1 1
22 38 1 1
23 31 1 1
23 35 1 1
23 34 1 1
23 30 1 1
44 43 2 2
44 40 2 2
44 42 2 2
44 41 2 2
45 40 2 2
45 42 2 2
45 43 2 2
45 44 2 2
46 44 2 2
46 43 2 2
46 41 2 2
46 40 2 2
47 46 2 2
47 42 2 2
47 41 2 2
47 44 2 2
48 45 2 2
48 40 2 2
48 41 2 2
48 46 2 2
49 43 2 2
49 40 2 2
49 48 2 2
49 46 2 2
50 45 2 2
50 42 2 2
50 41 2 2
50 47 2 2
51 41 2 2
51 48 2 2
51 49 2 2
51 42 2 2
52 41 2 2
52 48 2 2
52 40 2 2
52 44 2 2
53 50 2 2
53 47 2 2
53 51 2 2
53 48 2 2
54 42 2 2
54 47 2 2
54 49 2 2
54 48 2 2
55 50 2 2
55 53 2 2
55 54 2 2
55 51 2 2
56 55 2 2
56 51 2 2
56 46 2 2
56 52 2 2
57 53 2 2
57 40 2 2
57 47 2 2
57 52 2 2
58 49 2 2
58 50 2 2
58 48 2 2
58 53 2 2
59 57 2 2
59 49 2 2
59 45 2 2
59 58 2 2
40 59 2 2
40 47 2 2
40 58 2 2
40 56 2 2
41 59 2 2
41 49 2 2
41 55 2 2
41 54 2 2
42 53 2 2
42 55 2 2
42 56 2 2
42 49 2 2
43 57 2 2
43 58 2 2
43 56 2 2
43 47 2 2
64 61 3 3
64 63 3 3
64 62 3 3
64 60 3 3
65 62 3 3
65 64 3 3
65 61 3 3
65 60 3 3
66 64 3 3
66 63 3 3
66 61 3 3
66 60 3 3
67 63 3 3
67 60 3 3
67 62 3 3
67 66 3 3
68 61 3 3
68 65 3 3
68 60 3 3
68 66 3 3
69 65 3 3
69 61 3 3
69 68 3 3
69 64 3 3
70 67 3 3
70 68 3 3
70 66 3 3
70 60 3 3
71 69 3 3
71 68 3 3
71 66 3 3
71 64 3 3
72 69 3 3
72 63 3 3
72 68 3 3
72 65 3 3
73 67 3 3
73 63 3 3
73 69 3 3
73 60 3 3
74 72 3 3
74 62 3 3
74 63 3 3
74 67 3 3
75 63 3 3
75 69 3 3
75 65 3 3
75 60 3 3
76 69 3 3
76 64 3 3
76 67 3 3
76 73 3 3
77 75 3 3
77 64 3 3
77 68 3 3
77 72 3 3
78 77 3 3
78 72 3 3
78 65 3 3
78 70 3 3
79 67 3 3
79 76 3 3
79 66 3 3
79 73 3 3
60 72 3 3
60 71 3 3
60 77 3 3
60 76 3 3
61 77 3 3
61 79 3 3
61 76 3 3
61 71 3 3
62 73 3 3
62 70 3 3
62 78 3 3
62 75 3 3
63 65 3 3
63 71 3 3
63 70 3 3
63 76 3 3
84 83 4 4
84 82 4 4
84 80 4 4
84 81 4 4
85 84 4 4
85 80 4 4
85 82 4 4
85 83 4 4
86 82 4 4
86 81 4 4
86 84 4 4
86 85 4 4
87 80 4 4
87 84 4 4
87 85 4 4
87 86 4 4
88 84 4 4
88 80 4 4
88 82 4 4
88 86 4 4
89 87 4 4
89 86 4 4
89 83 4 4
89 88 4 4
90 85 4 4
90 84 4 4
90 82 4 4
90 89 4 4
91 88 4 4
91 80 4 4
91 82 4 4
91 81 4 4
92 88 4 4
92 85 4 4
92 81 4 4
92 86 4 4
93 90 4 4
93 82 4 4
93 88 4 4
93 81 4 4
94 85 4 4
94 80 4 4
94 93 4 4
94 90 4 4
95 88 4 4
95 90 4 4
95 83 4 4
95 80 4 4
96 82 4 4
96 87 4 4
96 93 4 4
96 85 4 4
97 85 4 4
97 92 4 4
97 84 4 4
97 87 4 4
98 95 4 4
98 87 4 4
98 97 4 4
98 92 4 4
99 94 4 4
99 89 4 4
99 92 4 4
99 90 4 4
80 99 4 4
80 90 4 4
80 96 4 4
80 98 4 4
81 99 4 4
81 90 4 4
81 88 4 4
81 89 4 4
82 92 4 4
82 99 4 4
82 94 4 4
82 97 4 4
83 93 4 4
83 92 4 4
83 98 4 4
83 99 4 4
104 100 5 5
104 102 5 5
104 103 5 5
104 101 5 5
105 101 5 5
105 103 5 5
105 102 5 5
105 104 5 5
106 100 5 5
106 104 5 5
106 103 5 5
106 102 5 5
107 102 5 5
107 103 5 5
107 104 5 5
107 105 5 5
108 106 5 5
108 100 5 5
108 103 5 5
108 101 5 5
109 103 5 5
109 108 5 5
109 106 5 5
109 100 5 5
110 101 5 5
110 105 5 5
110 106 5 5
110 109 5 5
111 101 5 5
111 108 5 5
111 106 5 5
111 109 5 5
112 108 5 5
112 100 5 5
112 105 5 5
112 104 5 5
113 106 5 5
113 111 5 5
113 104 5 5
113 108 5 5
114 110 5 5
114 106 5 5
114 108 5 5
114 103 5 5
115 109 5 5
115 103 5 5
115 111 5 5
115 112 5 5
116 115 5 5
116 102 5 5
116 105 5 5
116 103 5 5
117 109 5 5
117 111 5 5
117 106 5 5
117 101 5 5
118 101 5 5
118 102 5 5
118 100 5 5
118 103 5 5
119 111 5 5
119 108 5 5
119 100 5 5
119 101 5 5
100 111 5 5
100 117 5 5
100 114 5 5
100 115 5 5
101 115 5 5
101 114 5 5
101 113 5 5
101 106 5 5
102 115 5 5
102 108 5 5
102 112 5 5
102 113 5 5
103 119 5 5
103 112 5 5
103 117 5 5
103 111 5 5
124 123 6 6
124 121 6 6
124 120 6 6
124 122 6 6
125 122 6 6
125 120 6 6
125 123 6 6
125 121 6 6
126 125 6 6
126 122 6 6
126 121 6 6
126 124 6 6
127 122 6 6
127 125 6 6
127 120 6 6
127 121 6 6
128 123 6 6
128 126 6 6
128 122 6 6
128 124 6 6
129 126 6 6
129 121 6 6
129 122 6 6
129 125 6 6
130 121 6 6
130 122 6 6
130 129 6 6
130 125 6 6
131 126 6 6
131 124 6 6
131 127 6 6
131 130 6 6
132 125 6 6
132 127 6 6
132 131 6 6
132 130 6 6
133 123 6 6
133 128 6 6
133 124 6 6
133 120 6 6
134 125 6 6
134 121 6 6
134 120 6 6
134 132 6 6
135 130 6 6
135 123 6 6
135 121 6 6
135 134 6 6
136 122 6 6
136 125 6 6
136 130 6 6
136 135 6 6
137 134 6 6
137 135 6 6
137 123 6 6
137 124 6 6
138 122 6 6
138 120 6 6
138 130 6 6
138 121 6 6
139 130 6 6
139 131 6 6
139 133 6 6
139 121 6 6
120 128 6 6
120 137 6 6
120 135 6 6
120 126 6 6
121 128 6 6
121 132 6 6
121 137 6 6
121 131 6 6
122 133 6 6
122 135 6 6
122 139 6 6
122 134 6 6
123 138 6 6
123 134 6 6
123 139 6 6
123 130 6 6
144 141 7 7
144 143 7 7
144 140 7 7
144 142 7 7
145 140 7 7
145 143 7 7
145 141 7 7
145 144 7 7
146 142 7 7
146 140 7 7
146 144 7 7
146 141 7 7
147 140 7 7
147 145 7 7
147 146 7 7
147 142 7 7
148 145 7 7
148 143 7 7
148 146 7 7
148 144 7 7
149 143 7 7
149 147 7 7
149 140 7 7
149 144 7 7
150 141 7 7
150 149 7 7
150 140 7 7
150 143 7 7
151 143 7 7
151 148 7 7
151 149 7 7
151 142 7 7
152 147 7 7
152 151 7 7
152 141 7 7
152 142 7 7
153 147 7 7
153 140 7 7
153 148 7 7
153 151 7 7
154 143 7 7
154 152 7 7
154 146 7 7
154 148 7 7
155 141 7 7
155 143 7 7
155 144 7 7
155 140 7 7
156 145 7 7
156 151 7 7
156 148 7 7
156 153 7 7
157 141 7 7
157 148 7 7
157 142 7 7
157 156 7 7
158 151 7 7
158 141 7 7
158 155 7 7
158 146 7 7
159 154 7 7
159 143 7 7
159 148 7 7
159 141 7 7
140 157 7 7
140 152 7 7
140 159 7 7
140 148 7 7
141 151 7 7
141 148 7 7
141 154 7 7
141 147 7 7
142 150 7 7
142 154 7 7
142 145 7 7
142 159 7 7
143 157 7 7
143 152 7 7
143 156 7 7
143 147 7 7
164 160 8 8
164 163 8 8
164 161 8 8
164 162 8 8
165 161 8 8
165 162 8 8
165 160 8 8
165 164 8 8
166 162 8 8
166 161 8 8
166 164 8 8
166 165 8 8
167 164 8 8
167 160 8 8
167 163 8 8
167 166 8 8
168 163 8 8
168 166 8 8
168 167 8 8
168 164 8 8
169 166 8 8
169 168 8 8
169 161 8 8
169 162 8 8
170 167 8 8
170 164 8 8
170 166 8 8
170 169 8 8
171 168 8 8
171 166 8 8
171 170 8 8
171 160 8 8
172 162 8 8
172 169 8 8
172 165 8 8
172 171 8 8
173 172 8 8
173 171 8 8
173 162 8 8
173 161 8 8
174 164 8 8
174 165 8 8
174 170 8 8
174 160 8 8
175 164 8 8
175 163 8 8
175 172 8 8
175 171 8 8
176 162 8 8
176 172 8 8
176 161 8 8
176 175 8 8
177 174 8 8
177 164 8 8
177 168 8 8
177 160 8 8
178 164 8 8
178 163 8 8
178 175 8 8
178 174 8 8
179 166 8 8
179 172 8 8
179 173 8 8
179 162 8 8
160 175 8 8
160 178 8 8
160 172 8 8
160 176 8 8
161 179 8 8
161 167 8 8
161 170 8 8
161 171 8 8
162 177 8 8
162 171 8 8
162 167 8 8
162 174 8 8
163 174 8 8
163 170 8 8
163 177 8 8
163 176 8 8
184 181 9 9
184 183 9 9
184 182 9 9
184 180 9 9
185 182 9 9
185 180 9 9
185 183 9 9
185 181 9 9
186 182 9 9
186 180 9 9
186 183 9 9
186 181 9 9
187 182 9 9
187 181 9 9
187 180 9 9
187 183 9 9
188 187 9 9
188 181 9 9
188 182 9 9
188 184 9 9
189 184 9 9
189 182 9 9
189 181 9 9
189 180 9 9
190 182 9 9
190 189 9 9
190 181 9 9
190 183 9 9
191 183 9 9
191 189 9 9
191 181 9 9
191 184 9 9
192 183 9 9
192 181 9 9
192 182 9 9
192 180 9 9
193 187 9 9
193 186 9 9
193 181 9 9
193 190 9 9
194 193 9 9
194 192 9 9
194 189 9 9
194 183 9 9
195 182 9 9
195 183 9 9
195 190 9 9
195 188 9 9
196 186 9 9
196 183 9 9
196 190 9 9
196 184 9 9
197 186 9 9
197 196 9 9
197 193 9 9
197 182 9 9
198 187 9 9
198 183 9 9
198 193 9 9
198 181 9 9
199 198 9 9
199 189 9 9
199 185 9 9
199 192 9 9
180 197 9 9
180 193 9 9
180 194 9 9
180 191 9 9
181 194 9 9
181 196 9 9
181 197 9 9
181 199 9 9
182 191 9 9
182 196 9 9
182 193 9 9
182 198 9 9
183 193 9 9
183 189 9 9
183 197 9 9
183 188 9 9
204 200 10 10
204 203 10 10
204 202 10 10
204 201 10 10
205 203 10 10
205 200 10 10
205 202 10 10
205 201 10 10
206 202 10 10
206 205 10 10
206 200 10 10
206 204 10 10
207 201 10 10
207 200 10 10
207 205 10 10
207 202 10 10
208 203 10 10
208 205 10 10
208 204 10 10
208 207 10 10
209 202 10 10
209 204 10 10
209 207 10 10
209 201 10 10
210 209 10 10
210 202 10 10
210 207 10 10
210 208 10 10
211 201 10 10
211 208 10 10
211 207 10 10
211 204 10 10
212 203 10 10
212 206 10 10
212 200 10 10
212 204 10 10
213 202 10 10
213 207 10 10
213 206 10 10
213 200 10 10
214 201 10 10
214 207 10 10
214 208 10 10
214 212 10 10
215 203 10 10
215 206 10 10
215 213 10 10
215 208 10 10
216 208 10 10
216 211 10 10
216 206 10 10
216 201 10 10
217 207 10 10
217 201 10 10
217 210 10 10
217 208 10 10
218 204 10 10
218 205 10 10
218 209 10 10
218 203 10 10
219 202 10 10
219 218 10 10
219 215 10 10
219 206 10 10
200 210 10 10
200 209 10 10
200 217 10 10
200 211 10 10
201 210 10 10
201 215 10 10
201 219 10 10
201 208 10 10
202 216 10 10
202 215 10 10
202 217 10 10
202 211 10 10
203 214 10 10
203 219 10 10
203 213 10 10
203 209 10 10
224 220 11 11
224 222 11 11
224 221 11 11
224 223 11 11
225 221 11 11
225 223 11 11
225 222 11 11
225 224 11 11
226 225 11 11
226 220 11 11
226 224 11 11
226 221 11 11
227 226 11 11
227 223 11 11
227 225 11 11
227 221 11 11
228 221 11 11
228 224 11 11
228 227 11 11
228 225 11 11
229 222 11 11
229 224 11 11
229 220 11 11
229 228 11 11
230 224 11 11
230 225 11 11
230 229 11 11
230 222 11 11
231 224 11 11
231 222 11 11
231 220 11 11
231 226 11 11
232 231 11 11
232 224 11 11
232 220 11 11
232 221 11 11
233 220 11 11
233 231 11 11
233 232 11 11
233 222 11 11
234 220 11 11
234 229 11 11
234 230 11 11
234 222 11 11
235 222 11 11
235 231 11 11
235 220 11 11
235 234 11 11
236 225 11 11
236 223 11 11
236 221 11 11
236 226 11 11
237 224 11 11
237 233 11 11
237 222 11 11
237 229 11 11
238 230 11 11
238 233 11 11
238 232 11 11
238 235 11 11
239 228 11 11
239 225 11 11
239 221 11 11
239 227 11 11
220 237 11 11
220 230 11 11
220 227 11 11
220 239 11 11
221 233 11 11
221 237 11 11
221 231 11 11
221 235 11 11
222 232 11 11
222 226 11 11
222 228 11 11
222 236 11 11
223 238 11 11
223 228 11 11
223 233 11 11
223 226 11 11
244 240 12 12
244 242 12 12
244 243 12 12
244 241 12 12
245 243 12 12
245 244 12 12
245 241 12 12
245 240 12 12
246 242 12 12
246 240 12 12
246 241 12 12
246 243 12 12
247 241 12 12
247 242 12 12
247 246 12 12
247 243 12 12
248 247 12 12
248 242 12 12
248 246 12 12
248 245 12 12
249 243 12 12
249 247 12 12
249 248 12 12
249 244 12 12
250 244 12 12
250 243 12 12
250 240 12 12
250 248 12 12
251 250 12 12
251 240 12 12
251 248 12 12
251 247 12 12
252 247 12 12
252 241 12 12
252 248 12 12
252 243 12 12
253 244 12 12
253 240 12 12
253 250 12 12
253 242 12 12
254 248 12 12
254 246 12 12
254 251 12 12
254 249 12 12
255 252 12 12
255 254 12 12
255 243 12 12
255 241 12 12
256 242 12 12
256 244 12 12
256 243 12 12
256 247 12 12
257 245 12 12
257 240 12 12
257 253 12 12
257 246 12 12
258 254 12 12
258 243 12 12
258 256 12 12
258 241 12 12
259 243 12 12
259 252 12 12
259 255 12 12
259 257 12 12
240 256 12 12
240 252 12 12
240 258 12 12
240 255 12 12
241 254 12 12
241 251 12 12
241 259 12 12
241 257 12 12
242 259 12 12
242 250 12 12
242 245 12 12
242 249 12 12
243 254 12 12
243 253 12 12
243 248 12 12
243 251 12 12
264 260 13 13
264 262 13 13
264 261 13 13
264 263 13 13
265 264 13 13
265 260 13 13
265 261 13 13
265 263 13 13
266 264 13 13
266 263 13 13
266 265 13 13
266 260 13 13
267 265 13 13
267 264 13 13
267 262 13 13
267 266 13 13
268 263 13 13
268 264 13 13
268 265 13 13
268 260 13 13
269 263 13 13
269 265 13 13
269 261 13 13
269 267 13 13
270 260 13 13
270 264 13 13
270 265 13 13
270 262 13 13
271 266 13 13
271 268 13 13
271 270 13 13
271 267 13 13
272 267 13 13
272 265 13 13
272 261 13 13
272 268 13 13
273 272 13 13
273 265 13 13
273 264 13 13
273 266 13 13
274 271 13 13
274 270 13 13
274 268 13 13
274 273 13 13
275 264 13 13
275 262 13 13
275 263 13 13
275 269 13 13
276 262 13 13
276 266 13 13
276 270 13 13
276 260 13 13
277 273 13 13
277 275 13 13
277 269 13 13
277 261 13 13
278 266 13 13
278 272 13 13
278 268 13 13
278 271 13 13
279 275 13 13
279 267 13 13
279 266 13 13
279 261 13 13
260 279 13 13
260 269 13 13
260 277 13 13
260 271 13 13
261 276 13 13
261 270 13 13
261 278 13 13
261 273 13 13
262 279 13 13
262 277 13 13
262 265 13 13
262 269 13 13
263 278 13 13
263 274 13 13
263 271 13 13
263 272 13 13
284 282 14 14
284 283 14 14
284 280 14 14
284 281 14 14
285 284 14 14
285 280 14 14
285 281 14 14
285 282 14 14
286 281 14 14
286 282 14 14
286 280 14 14
286 285 14 14
287 282 14 14
287 285 14 14
287 280 14 14
287 286 14 14
288 284 14 14
288 282 14 14
288 287 14 14
288 285 14 14
289 287 14 14
289 283 14 14
289 285 14 14
289 282 14 14
290 282 14 14
290 287 14 14
290 286 14 14
290 281 14 14
291 282 14 14
291 280 14 14
291 287 14 14
291 289 14 14
292 291 14 14
292 286 14 14
292 289 14 14
292 290 14 14
293 280 14 14
293 292 14 14
293 288 14 14
293 287 14 14
294 287 14 14
294 290 14 14
294 285 14 14
294 284 14 14
295 280 14 14
295 283 14 14
295 291 14 14
295 288 14 14
296 286 14 14
296 293 14 14
296 285 14 14
296 281 14 14
297 293 14 14
297 280 14 14
297 296 14 14
297 295 14 14
298 292 14 14
298 281 14 14
298 286 14 14
298 291 14 14
299 295 14 14
299 290 14 14
299 296 14 14
299 280 14 14
280 289 14 14
280 288 14 14
280 292 14 14
280 296 14 14
281 297 14 14
281 294 14 14
281 289 14 14
281 293 14 14
282 299 14 14
282 296 14 14
282 294 14 14
282 298 14 14
283 297 14 14
283 288 14 14
283 293 14 14
283 291 14 14
304 302 15 15
304 303 15 15
304 301 15 15
304 300 15 15
305 303 15 15
305 302 15 15
305 301 15 15
305 304 15 15
306 301 15 15
306 302 15 15
306 305 15 15
306 303 15 15
307 300 15 15
307 305 15 15
307 301 15 15
307 303 15 15
308 306 15 15
308 302 15 15
308 301 15 15
308 307 15 15
309 307 15 15
309 300 15 15
309 306 15 15
309 305 15 15
310 301 15 15
310 303 15 15
310 306 15 15
310 302 15 15
311 302 15 15
311 300 15 15
311 306 15 15
311 310 15 15
312 305 15 15
312 308 15 15
312 310 15 15
312 306 15 15
313 309 15 15
313 303 15 15
313 306 15 15
313 307 15 15
314 304 15 15
314 307 15 15
314 308 15 15
314 301 15 15
315 311 15 15
315 310 15 15
315 306 15 15
315 300 15 15
316 307 15 15
316 301 15 15
316 313 15 15
316 300 15 15
317 313 15 15
317 300 15 15
317 309 15 15
317 307 15 15
318 301 15 15
318 306 15 15
318 300 15 15
318 303 15 15
319 309 15 15
319 303 15 15
319 316 15 15
319 302 15 15
300 313 15 15
300 305 15 15
300 319 15 15
300 312 15 15
301 313 15 15
301 315 15 15
301 311 15 15
301 319 15 15
302 313 15 15
302 318 15 15
302 309 15 15
302 317 15 15
303 317 15 15
303 312 15 15
303 308 15 15
303 315 15 15
80 39 4 1
80 1 4 0
80 46 4 2
87 78 4 3
109 69 5 3
107 11 5 0
104 23 5 1
101 44 5 2
135 19 6 0
127 114 6 5
131 23 6 1
129 76 6 3
148 71 7 3
153 4 7 0
155 128 7 6
145 22 7 1
167 22 8 1
168 60 8 3
161 143 8 7
160 5 8 0
187 6 9 0
197 123 9 6
194 65 9 3
185 100 9 5
209 70 10 3
203 38 10 1
208 121 10 6
212 3 10 0
225 95 11 4
227 186 11 9
227 136 11 6
236 119 11 5
244 31 12 1
255 16 12 0
259 94 12 4
258 77 12 3
272 148 13 7
271 126 13 6
272 227 13 11
267 243 13 12
280 175 14 8
298 246 14 12
280 68 14 3
296 127 14 6
314 158 15 7
317 207 15 10
302 42 15 2
317 20 15 1
8 298 0 14
2 306 0 15
11 266 0 13
15 230 0 11
36 260 1 13
32 282 1 14
24 197 1 9
35 221 1 11
54 125 2 6
49 238 2 11
46 277 2 13
57 294 2 14
72 231 3 11
64 300 3 15
75 272 3 13
