swNum = 320
edgeNum = 1343

0 0
1 0
2 0
3 0
4 0
5 0
6 0
7 0
8 0
9 0
10 0
11 0
12 0
13 0
14 0
15 0
16 0
17 0
18 0
19 0
20 1
21 1
22 1
23 1
24 1
25 1
26 1
27 1
28 1
29 1
30 1
31 1
32 1
33 1
34 1
35 1
36 1
37 1
38 1
39 1
40 2
41 2
42 2
43 2
44 2
45 2
46 2
47 2
48 2
49 2
50 2
51 2
52 2
53 2
54 2
55 2
56 2
57 2
58 2
59 2
60 3
61 3
62 3
63 3
64 3
65 3
66 3
67 3
68 3
69 3
70 3
71 3
72 3
73 3
74 3
75 3
76 3
77 3
78 3
79 3
80 4
81 4
82 4
83 4
84 4
85 4
86 4
87 4
88 4
89 4
90 4
91 4
92 4
93 4
94 4
95 4
96 4
97 4
98 4
99 4
100 5
101 5
102 5
103 5
104 5
105 5
106 5
107 5
108 5
109 5
110 5
111 5
112 5
113 5
114 5
115 5
116 5
117 5
118 5
119 5
120 6
121 6
122 6
123 6
124 6
125 6
126 6
127 6
128 6
129 6
130 6
131 6
132 6
133 6
134 6
135 6
136 6
137 6
138 6
139 6
140 7
141 7
142 7
143 7
144 7
145 7
146 7
147 7
148 7
149 7
150 7
151 7
152 7
153 7
154 7
155 7
156 7
157 7
158 7
159 7
160 8
161 8
162 8
163 8
164 8
165 8
166 8
167 8
168 8
169 8
170 8
171 8
172 8
173 8
174 8
175 8
176 8
177 8
178 8
179 8
180 9
181 9
182 9
183 9
184 9
185 9
186 9
187 9
188 9
189 9
190 9
191 9
192 9
193 9
194 9
195 9
196 9
197 9
198 9
199 9
200 10
201 10
202 10
203 10
204 10
205 10
206 10
207 10
208 10
209 10
210 10
211 10
212 10
213 10
214 10
215 10
216 10
217 10
218 10
219 10
220 11
221 11
222 11
223 11
224 11
225 11
226 11
227 11
228 11
229 11
230 11
231 11
232 11
233 11
234 11
235 11
236 11
237 11
238 11
239 11
240 12
241 12
242 12
243 12
244 12
245 12
246 12
247 12
248 12
249 12
250 12
251 12
252 12
253 12
254 12
255 12
256 12
257 12
258 12
259 12
260 13
261 13
262 13
263 13
264 13
265 13
266 13
267 13
268 13
269 13
270 13
271 13
272 13
273 13
274 13
275 13
276 13
277 13
278 13
279 13
280 14
281 14
282 14
283 14
284 14
285 14
286 14
287 14
288 14
289 14
290 14
291 14
292 14
293 14
294 14
295 14
296 14
297 14
298 14
299 14
300 15
301 15
302 15
303 15
304 15
305 15
306 15
307 15
308 15
309 15
310 15
311 15
312 15
313 15
314 15
315 15
316 15
317 15
318 15
319 15

4 0 0 0
4 2 0 0
4 3 0 0
4 1 0 0
5 0 0 0
5 3 0 0
5 2 0 0
5 4 0 0
6 5 0 0
6 3 0 0
6 4 0 0
6 1 0 0
7 1 0 0
7 3 0 0
7 0 0 0
7 2 0 0
8 2 0 0
8 4 0 0
8 6 0 0
8 7 0 0
9 8 0 0
9 2 0 0
9 4 0 0
9 5 0 0
10 3 0 0
10 5 0 0
10 6 0 0
10 9 0 0
11 1 0 0
11 0 0 0
11 8 0 0
11 5 0 0
12 9 0 0
12 3 0 0
12 10 0 0
12 8 0 0
13 8 0 0
13 11 0 0
13 2 0 0
13 12 0 0
14 9 0 0
14 4 0 0
14 12 0 0
14 8 0 0
15 0 0 0
15 11 0 0
15 7 0 0
15 3 0 0
16 0 0 0
16 10 0 0
16 7 0 0
16 9 0 0
17 5 0 0
17 3 0 0
17 4 0 0
17 13 0 0
18 12 0 0
18 13 0 0
18 14 0 0
18 9 0 0
19 2 0 0
19 9 0 0
19 0 0 0
19 12 0 0
0 6 0 0
0 8 0 0
0 18 0 0
0 10 0 0
1 16 0 0
1 18 0 0
1 12 0 0
1 15 0 0
2 18 0 0
2 11 0 0
2 16 0 0
2 17 0 0
3 8 0 0
3 19 0 0
3 11 0 0
3 13 0 0
24 23 1 1
24 20 1 1
24 21 1 1
24 22 1 1
25 20 1 1
25 23 1 1
25 24 1 1
25 22 1 1
26 20 1 1
26 22 1 1
26 24 1 1
26 25 1 1
27 24 1 1
27 23 1 1
27 20 1 1
27 21 1 1
28 26 1 1
28 21 1 1
28 24 1 1
28 27 1 1
29 27 1 1
29 23 1 1
29 26 1 1
29 28 1 1
30 20 1 1
30 23 1 1
30 29 1 1
30 25 1 1
31 26 1 1
31 30 1 1
31 23 1 1
31 20 1 1
32 27 1 1
32 29 1 1
32 23 1 1
32 30 1 1
33 28 1 1
33 22 1 1
33 21 1 1
33 31 1 1
34 23 1 1
34 31 1 1
34 21 1 1
34 29 1 1
35 20 1 1
35 31 1 1
35 30 1 1
35 23 1 1
36 24 1 1
36 22 1 1
36 20 1 1
36 30 1 1
37 26 1 1
37 22 1 1
37 36 1 1
37 33 1 1
38 21 1 1
38 22 1 1
38 36 1 1
38 37 1 1
39 30 1 1
39 20 1 1
39 35 1 1
39 31 1 1
20 37 1 1
20 29 1 1
20 33 1 1
20 34 1 1
21 26 1 1
21 36 1 1
21 37 1 1
21 31 1 1
22 30 1 1
22 31 1 1
22 39 1 1
22 35 1 1
23 28 1 1
23 26 1 1
23 39 1 1
23 37 1 1
44 41 2 2
44 40 2 2
44 42 2 2
44 43 2 2
45 41 2 2
45 43 2 2
45 40 2 2
45 42 2 2
46 42 2 2
46 43 2 2
46 41 2 2
46 40 2 2
47 43 2 2
47 42 2 2
47 41 2 2
47 44 2 2
48 42 2 2
48 41 2 2
48 47 2 2
48 44 2 2
49 43 2 2
49 44 2 2
49 45 2 2
49 41 2 2
50 40 2 2
50 45 2 2
50 49 2 2
50 42 2 2
51 47 2 2
51 40 2 2
51 49 2 2
51 42 2 2
52 44 2 2
52 41 2 2
52 47 2 2
52 48 2 2
53 50 2 2
53 40 2 2
53 49 2 2
53 44 2 2
54 41 2 2
54 43 2 2
54 52 2 2
54 44 2 2
55 40 2 2
55 43 2 2
55 46 2 2
55 54 2 2
56 41 2 2
56 48 2 2
56 52 2 2
56 54 2 2
57 50 2 2
57 48 2 2
57 52 2 2
57 54 2 2
58 40 2 2
58 42 2 2
58 47 2 2
58 55 2 2
59 47 2 2
59 48 2 2
59 56 2 2
59 49 2 2
40 47 2 2
40 52 2 2
40 57 2 2
40 49 2 2
41 57 2 2
41 51 2 2
41 55 2 2
41 59 2 2
42 55 2 2
42 54 2 2
42 49 2 2
42 52 2 2
43 53 2 2
43 57 2 2
43 51 2 2
43 59 2 2
64 61 3 3
64 62 3 3
64 60 3 3
64 63 3 3
65 63 3 3
65 61 3 3
65 60 3 3
65 62 3 3
66 63 3 3
66 65 3 3
66 61 3 3
66 60 3 3
67 65 3 3
67 66 3 3
67 61 3 3
67 62 3 3
68 66 3 3
68 63 3 3
68 65 3 3
68 64 3 3
69 62 3 3
69 65 3 3
69 60 3 3
69 66 3 3
70 62 3 3
70 64 3 3
70 69 3 3
70 61 3 3
71 61 3 3
71 67 3 3
71 69 3 3
71 68 3 3
72 71 3 3
72 70 3 3
72 62 3 3
72 61 3 3
73 62 3 3
73 70 3 3
73 66 3 3
73 69 3 3
74 69 3 3
74 65 3 3
74 62 3 3
74 73 3 3
75 66 3 3
75 63 3 3
75 67 3 3
75 74 3 3
76 71 3 3
76 72 3 3
76 65 3 3
76 63 3 3
77 70 3 3
77 61 3 3
77 72 3 3
77 62 3 3
78 66 3 3
78 64 3 3
78 72 3 3
78 76 3 3
79 71 3 3
79 69 3 3
79 63 3 3
79 62 3 3
60 79 3 3
60 73 3 3
60 71 3 3
60 68 3 3
61 76 3 3
61 74 3 3
61 69 3 3
61 75 3 3
62 71 3 3
62 68 3 3
62 78 3 3
62 76 3 3
63 67 3 3
63 74 3 3
63 73 3 3
63 70 3 3
84 81 4 4
84 82 4 4
84 80 4 4
84 83 4 4
85 84 4 4
85 82 4 4
85 81 4 4
85 83 4 4
86 84 4 4
86 82 4 4
86 80 4 4
86 85 4 4
87 83 4 4
87 86 4 4
87 81 4 4
87 84 4 4
88 84 4 4
88 80 4 4
88 81 4 4
88 82 4 4
89 87 4 4
89 86 4 4
89 82 4 4
89 84 4 4
90 83 4 4
90 80 4 4
90 88 4 4
90 85 4 4
91 80 4 4
91 82 4 4
91 89 4 4
91 86 4 4
92 88 4 4
92 86 4 4
92 82 4 4
92 91 4 4
93 82 4 4
93 84 4 4
93 87 4 4
93 85 4 4
94 91 4 4
94 88 4 4
94 83 4 4
94 80 4 4
95 90 4 4
95 82 4 4
95 88 4 4
95 80 4 4
96 84 4 4
96 95 4 4
96 80 4 4
96 92 4 4
97 80 4 4
97 92 4 4
97 88 4 4
97 96 4 4
98 88 4 4
98 97 4 4
98 92 4 4
98 94 4 4
99 94 4 4
99 87 4 4
99 82 4 4
99 81 4 4
80 93 4 4
80 92 4 4
80 98 4 4
80 85 4 4
81 95 4 4
81 89 4 4
81 94 4 4
81 91 4 4
82 98 4 4
82 96 4 4
82 94 4 4
82 97 4 4
83 91 4 4
83 98 4 4
83 88 4 4
83 99 4 4
104 103 5 5
104 101 5 5
104 102 5 5
104 100 5 5
105 103 5 5
105 101 5 5
105 102 5 5
105 104 5 5
106 101 5 5
106 104 5 5
106 102 5 5
106 100 5 5
107 103 5 5
107 106 5 5
107 102 5 5
107 100 5 5
108 107 5 5
108 101 5 5
108 103 5 5
108 105 5 5
109 100 5 5
109 103 5 5
109 104 5 5
109 102 5 5
110 103 5 5
110 104 5 5
110 109 5 5
110 101 5 5
111 101 5 5
111 110 5 5
111 105 5 5
111 102 5 5
112 111 5 5
112 103 5 5
112 108 5 5
112 100 5 5
113 108 5 5
113 107 5 5
113 104 5 5
113 112 5 5
114 104 5 5
114 108 5 5
114 112 5 5
114 105 5 5
115 112 5 5
115 105 5 5
115 103 5 5
115 101 5 5
116 103 5 5
116 107 5 5
116 101 5 5
116 102 5 5
117 114 5 5
117 112 5 5
117 103 5 5
117 101 5 5
118 104 5 5
118 102 5 5
118 116 5 5
118 106 5 5
119 100 5 5
119 116 5 5
119 108 5 5
119 112 5 5
100 116 5 5
100 111 5 5
100 105 5 5
100 117 5 5
101 107 5 5
101 118 5 5
101 113 5 5
101 119 5 5
102 115 5 5
102 113 5 5
102 117 5 5
102 108 5 5
103 114 5 5
103 111 5 5
103 119 5 5
103 106 5 5
124 120 6 6
124 122 6 6
124 123 6 6
124 121 6 6
125 124 6 6
125 123 6 6
125 122 6 6
125 121 6 6
126 123 6 6
126 120 6 6
126 121 6 6
126 122 6 6
127 120 6 6
127 123 6 6
127 125 6 6
127 126 6 6
128 125 6 6
128 127 6 6
128 126 6 6
128 124 6 6
129 128 6 6
129 126 6 6
129 124 6 6
129 120 6 6
130 124 6 6
130 123 6 6
130 126 6 6
130 127 6 6
131 124 6 6
131 129 6 6
131 128 6 6
131 125 6 6
132 121 6 6
132 126 6 6
132 120 6 6
132 131 6 6
133 132 6 6
133 126 6 6
133 123 6 6
133 121 6 6
134 133 6 6
134 128 6 6
134 121 6 6
134 120 6 6
135 127 6 6
135 128 6 6
135 124 6 6
135 126 6 6
136 132 6 6
136 120 6 6
136 134 6 6
136 133 6 6
137 126 6 6
137 123 6 6
137 124 6 6
137 122 6 6
138 131 6 6
138 127 6 6
138 129 6 6
138 122 6 6
139 132 6 6
139 120 6 6
139 121 6 6
139 136 6 6
120 128 6 6
120 130 6 6
120 137 6 6
120 133 6 6
121 136 6 6
121 130 6 6
121 138 6 6
121 135 6 6
122 128 6 6
122 135 6 6
122 127 6 6
122 130 6 6
123 138 6 6
123 135 6 6
123 129 6 6
123 132 6 6
144 140 7 7
144 143 7 7
144 142 7 7
144 141 7 7
145 142 7 7
145 143 7 7
145 144 7 7
145 140 7 7
146 144 7 7
146 142 7 7
146 140 7 7
146 145 7 7
147 144 7 7
147 142 7 7
147 145 7 7
147 140 7 7
148 147 7 7
148 145 7 7
148 142 7 7
148 144 7 7
149 140 7 7
149 148 7 7
149 146 7 7
149 141 7 7
150 142 7 7
150 144 7 7
150 141 7 7
150 149 7 7
151 146 7 7
151 145 7 7
151 142 7 7
151 144 7 7
152 149 7 7
152 148 7 7
152 140 7 7
152 145 7 7
153 143 7 7
153 149 7 7
153 142 7 7
153 152 7 7
154 142 7 7
154 151 7 7
154 150 7 7
154 153 7 7
155 150 7 7
155 142 7 7
155 149 7 7
155 148 7 7
156 155 7 7
156 150 7 7
156 149 7 7
156 148 7 7
157 143 7 7
157 146 7 7
157 140 7 7
157 156 7 7
158 153 7 7
158 140 7 7
158 149 7 7
158 157 7 7
159 148 7 7
159 153 7 7
159 145 7 7
159 152 7 7
140 150 7 7
140 154 7 7
140 159 7 7
140 153 7 7
141 145 7 7
141 155 7 7
141 147 7 7
141 158 7 7
142 157 7 7
142 158 7 7
142 156 7 7
142 152 7 7
143 154 7 7
143 156 7 7
143 146 7 7
143 150 7 7
164 160 8 8
164 161 8 8
164 163 8 8
164 162 8 8
165 164 8 8
165 163 8 8
165 162 8 8
165 161 8 8
166 164 8 8
166 161 8 8
166 162 8 8
166 160 8 8
167 162 8 8
167 164 8 8
167 160 8 8
167 166 8 8
168 162 8 8
168 167 8 8
168 160 8 8
168 164 8 8
169 164 8 8
169 166 8 8
169 161 8 8
169 160 8 8
170 161 8 8
170 164 8 8
170 168 8 8
170 166 8 8
171 160 8 8
171 170 8 8
171 168 8 8
171 166 8 8
172 165 8 8
172 163 8 8
172 170 8 8
172 161 8 8
173 165 8 8
173 162 8 8
173 160 8 8
173 168 8 8
174 163 8 8
174 168 8 8
174 162 8 8
174 171 8 8
175 163 8 8
175 162 8 8
175 160 8 8
175 173 8 8
176 171 8 8
176 166 8 8
176 175 8 8
176 162 8 8
177 170 8 8
177 171 8 8
177 164 8 8
177 161 8 8
178 175 8 8
178 173 8 8
178 171 8 8
178 168 8 8
179 173 8 8
179 160 8 8
179 165 8 8
179 161 8 8
160 172 8 8
160 165 8 8
160 174 8 8
160 176 8 8
161 173 8 8
161 176 8 8
161 178 8 8
161 168 8 8
162 178 8 8
162 172 8 8
162 177 8 8
162 169 8 8
163 168 8 8
163 170 8 8
163 178 8 8
163 173 8 8
184 183 9 9
184 180 9 9
184 182 9 9
184 181 9 9
185 182 9 9
185 183 9 9
185 181 9 9
185 180 9 9
186 182 9 9
186 185 9 9
186 181 9 9
186 180 9 9
187 185 9 9
187 186 9 9
187 180 9 9
187 182 9 9
188 187 9 9
188 185 9 9
188 186 9 9
188 184 9 9
189 184 9 9
189 180 9 9
189 187 9 9
189 188 9 9
190 180 9 9
190 187 9 9
190 181 9 9
190 184 9 9
191 187 9 9
191 188 9 9
191 180 9 9
191 184 9 9
192 182 9 9
192 184 9 9
192 191 9 9
192 188 9 9
193 180 9 9
193 182 9 9
193 183 9 9
193 192 9 9
194 180 9 9
194 186 9 9
194 188 9 9
194 192 9 9
195 193 9 9
195 182 9 9
195 180 9 9
195 181 9 9
196 181 9 9
196 190 9 9
196 188 9 9
196 186 9 9
197 194 9 9
197 193 9 9
197 189 9 9
197 190 9 9
198 191 9 9
198 186 9 9
198 187 9 9
198 180 9 9
199 196 9 9
199 184 9 9
199 192 9 9
199 188 9 9
180 192 9 9
180 196 9 9
180 199 9 9
180 188 9 9
181 192 9 9
181 188 9 9
181 193 9 9
181 198 9 9
182 188 9 9
182 194 9 9
182 196 9 9
182 191 9 9
183 196 9 9
183 198 9 9
183 192 9 9
183 199 9 9
204 203 10 10
204 200 10 10
204 201 10 10
204 202 10 10
205 202 10 10
205 203 10 10
205 201 10 10
205 204 10 10
206 201 10 10
206 200 10 10
206 205 10 10
206 203 10 10
207 204 10 10
207 200 10 10
207 203 10 10
207 201 10 10
208 200 10 10
208 201 10 10
208 202 10 10
208 207 10 10
209 203 10 10
209 200 10 10
209 202 10 10
209 207 10 10
210 205 10 10
210 202 10 10
210 208 10 10
210 204 10 10
211 204 10 10
211 208 10 10
211 201 10 10
211 207 10 10
212 210 10 10
212 205 10 10
212 203 10 10
212 202 10 10
213 203 10 10
213 212 10 10
213 205 10 10
213 207 10 10
214 204 10 10
214 205 10 10
214 212 10 10
214 201 10 10
215 209 10 10
215 211 10 10
215 210 10 10
215 214 10 10
216 207 10 10
216 203 10 10
216 209 10 10
216 200 10 10
217 215 10 10
217 204 10 10
217 203 10 10
217 213 10 10
218 209 10 10
218 202 10 10
218 203 10 10
218 210 10 10
219 201 10 10
219 204 10 10
219 207 10 10
219 211 10 10
200 217 10 10
200 219 10 10
200 214 10 10
200 215 10 10
201 216 10 10
201 209 10 10
201 212 10 10
201 217 10 10
202 217 10 10
202 207 10 10
202 216 10 10
202 214 10 10
203 214 10 10
203 208 10 10
203 219 10 10
203 211 10 10
224 221 11 11
224 220 11 11
224 222 11 11
224 223 11 11
225 223 11 11
225 224 11 11
225 221 11 11
225 222 11 11
226 220 11 11
226 224 11 11
226 223 11 11
226 225 11 11
227 226 11 11
227 220 11 11
227 221 11 11
227 225 11 11
228 221 11 11
228 226 11 11
228 222 11 11
228 227 11 11
229 220 11 11
229 227 11 11
229 221 11 11
229 222 11 11
230 224 11 11
230 223 11 11
230 225 11 11
230 229 11 11
231 225 11 11
231 226 11 11
231 230 11 11
231 220 11 11
232 223 11 11
232 227 11 11
232 230 11 11
232 229 11 11
233 222 11 11
233 230 11 11
233 232 11 11
233 224 11 11
234 233 11 11
234 225 11 11
234 227 11 11
234 232 11 11
235 221 11 11
235 224 11 11
235 233 11 11
235 220 11 11
236 224 11 11
236 222 11 11
236 231 11 11
236 235 11 11
237 225 11 11
237 231 11 11
237 227 11 11
237 235 11 11
238 227 11 11
238 225 11 11
238 226 11 11
238 221 11 11
239 238 11 11
239 235 11 11
239 229 11 11
239 237 11 11
220 238 11 11
220 225 11 11
220 236 11 11
220 239 11 11
221 239 11 11
221 236 11 11
221 230 11 11
221 234 11 11
222 235 11 11
222 230 11 11
222 231 11 11
222 232 11 11
223 235 11 11
223 233 11 11
223 238 11 11
223 229 11 11
244 241 12 12
244 240 12 12
244 242 12 12
244 243 12 12
245 243 12 12
245 240 12 12
245 242 12 12
245 241 12 12
246 242 12 12
246 243 12 12
246 241 12 12
246 244 12 12
247 240 12 12
247 241 12 12
247 243 12 12
247 246 12 12
248 243 12 12
248 242 12 12
248 245 12 12
248 240 12 12
249 248 12 12
249 246 12 12
249 243 12 12
249 242 12 12
250 245 12 12
250 248 12 12
250 242 12 12
250 243 12 12
251 243 12 12
251 240 12 12
251 248 12 12
251 241 12 12
252 244 12 12
252 243 12 12
252 249 12 12
252 248 12 12
253 246 12 12
253 249 12 12
253 252 12 12
253 240 12 12
254 245 12 12
254 249 12 12
254 250 12 12
254 253 12 12
255 250 12 12
255 241 12 12
255 244 12 12
255 253 12 12
256 254 12 12
256 250 12 12
256 243 12 12
256 255 12 12
257 251 12 12
257 242 12 12
257 246 12 12
257 248 12 12
258 255 12 12
258 256 12 12
258 254 12 12
258 244 12 12
259 257 12 12
259 258 12 12
259 256 12 12
259 254 12 12
240 257 12 12
240 256 12 12
240 249 12 12
240 246 12 12
241 257 12 12
241 250 12 12
241 259 12 12
241 249 12 12
242 253 12 12
242 252 12 12
242 251 12 12
242 254 12 12
243 257 12 12
243 254 12 12
243 255 12 12
243 253 12 12
264 263 13 13
264 260 13 13
264 261 13 13
264 262 13 13
265 261 13 13
265 262 13 13
265 264 13 13
265 260 13 13
266 265 13 13
266 264 13 13
266 263 13 13
266 261 13 13
267 266 13 13
267 260 13 13
267 261 13 13
267 264 13 13
268 261 13 13
268 265 13 13
268 262 13 13
268 267 13 13
269 268 13 13
269 267 13 13
269 262 13 13
269 260 13 13
270 263 13 13
270 269 13 13
270 267 13 13
270 260 13 13
271 261 13 13
271 270 13 13
271 263 13 13
271 268 13 13
272 266 13 13
272 267 13 13
272 268 13 13
272 265 13 13
273 267 13 13
273 260 13 13
273 272 13 13
273 271 13 13
274 272 13 13
274 271 13 13
274 263 13 13
274 273 13 13
275 260 13 13
275 267 13 13
275 265 13 13
275 270 13 13
276 263 13 13
276 267 13 13
276 273 13 13
276 265 13 13
277 263 13 13
277 264 13 13
277 276 13 13
277 270 13 13
278 260 13 13
278 273 13 13
278 276 13 13
278 266 13 13
279 274 13 13
279 273 13 13
279 271 13 13
279 267 13 13
260 268 13 13
260 271 13 13
260 277 13 13
260 272 13 13
261 275 13 13
261 273 13 13
261 279 13 13
261 278 13 13
262 272 13 13
262 273 13 13
262 270 13 13
262 275 13 13
263 279 13 13
263 273 13 13
263 269 13 13
263 267 13 13
284 283 14 14
284 281 14 14
284 280 14 14
284 282 14 14
285 284 14 14
285 281 14 14
285 283 14 14
285 282 14 14
286 285 14 14
286 282 14 14
286 284 14 14
286 283 14 14
287 283 14 14
287 281 14 14
287 280 14 14
287 286 14 14
288 281 14 14
288 284 14 14
288 286 14 14
288 282 14 14
289 282 14 14
289 285 14 14
289 281 14 14
289 280 14 14
290 284 14 14
290 281 14 14
290 282 14 14
290 280 14 14
291 281 14 14
291 286 14 14
291 287 14 14
291 283 14 14
292 289 14 14
292 285 14 14
292 280 14 14
292 287 14 14
293 281 14 14
293 289 14 14
293 280 14 14
293 287 14 14
294 280 14 14
294 286 14 14
294 287 14 14
294 291 14 14
295 286 14 14
295 293 14 14
295 294 14 14
295 281 14 14
296 288 14 14
296 281 14 14
296 286 14 14
296 287 14 14
297 296 14 14
297 291 14 14
297 294 14 14
297 293 14 14
298 283 14 14
298 293 14 14
298 281 14 14
298 296 14 14
299 293 14 14
299 297 14 14
299 296 14 14
299 295 14 14
280 298 14 14
280 295 14 14
280 299 14 14
280 291 14 14
281 286 14 14
281 294 14 14
281 299 14 14
281 297 14 14
282 291 14 14
282 298 14 14
282 295 14 14
282 292 14 14
283 299 14 14
283 293 14 14
283 292 14 14
283 295 14 14
304 302 15 15
304 303 15 15
304 300 15 15
304 301 15 15
305 304 15 15
305 302 15 15
305 300 15 15
305 303 15 15
306 305 15 15
306 301 15 15
306 302 15 15
306 300 15 15
307 306 15 15
307 304 15 15
307 305 15 15
307 303 15 15
308 303 15 15
308 305 15 15
308 304 15 15
308 306 15 15
309 306 15 15
309 304 15 15
309 308 15 15
309 301 15 15
310 308 15 15
310 307 15 15
310 304 15 15
310 309 15 15
311 302 15 15
311 309 15 15
311 304 15 15
311 301 15 15
312 304 15 15
312 303 15 15
312 309 15 15
312 310 15 15
313 301 15 15
313 300 15 15
313 305 15 15
313 310 15 15
314 311 15 15
314 305 15 15
314 304 15 15
314 307 15 15
315 313 15 15
315 309 15 15
315 306 15 15
315 300 15 15
316 314 15 15
316 303 15 15
316 305 15 15
316 311 15 15
317 309 15 15
317 305 15 15
317 304 15 15
317 312 15 15
318 311 15 15
318 300 15 15
318 305 15 15
318 315 15 15
319 305 15 15
319 310 15 15
319 302 15 15
319 311 15 15
300 319 15 15
300 316 15 15
300 309 15 15
300 311 15 15
301 310 15 15
301 312 15 15
301 315 15 15
301 307 15 15
302 309 15 15
302 315 15 15
302 318 15 15
302 313 15 15
303 310 15 15
303 309 15 15
303 317 15 15
303 311 15 15
90 32 4 1
80 5 4 0
98 71 4 3
80 42 4 2
114 24 5 1
107 44 5 2
106 73 5 3
104 83 5 4
123 92 6 4
139 13 6 0
139 119 6 5
120 30 6 1
154 136 7 6
151 85 7 4
159 27 7 1
145 114 7 5
161 6 8 0
178 73 8 3
174 50 8 2
160 38 8 1
197 164 9 8
190 15 9 0
191 47 9 2
187 63 9 3
217 61 10 3
202 27 10 1
203 92 10 4
218 120 10 6
228 65 11 3
220 180 11 9
222 47 11 2
220 88 11 4
256 107 12 5
257 7 12 0
250 60 12 3
254 126 12 6
279 247 13 12
276 24 13 1
272 117 13 5
268 90 13 4
283 62 14 3
290 272 14 13
299 259 14 12
289 142 14 7
317 165 15 8
313 70 15 3
319 150 15 7
310 291 15 14
11 237 0 11
14 270 0 13
17 147 0 7
14 312 0 15
35 249 1 12
32 319 1 15
26 189 1 9
21 220 1 11
40 256 2 12
49 271 2 13
58 204 2 10
53 141 2 7
70 154 3 7
67 274 3 13
77 137 3 6
