swNum = 320
edgeNum = 1344

0 0
1 0
2 0
3 0
4 0
5 0
6 0
7 0
8 0
9 0
10 0
11 0
12 0
13 0
14 0
15 0
16 0
17 0
18 0
19 0
20 1
21 1
22 1
23 1
24 1
25 1
26 1
27 1
28 1
29 1
30 1
31 1
32 1
33 1
34 1
35 1
36 1
37 1
38 1
39 1
40 2
41 2
42 2
43 2
44 2
45 2
46 2
47 2
48 2
49 2
50 2
51 2
52 2
53 2
54 2
55 2
56 2
57 2
58 2
59 2
60 3
61 3
62 3
63 3
64 3
65 3
66 3
67 3
68 3
69 3
70 3
71 3
72 3
73 3
74 3
75 3
76 3
77 3
78 3
79 3
80 4
81 4
82 4
83 4
84 4
85 4
86 4
87 4
88 4
89 4
90 4
91 4
92 4
93 4
94 4
95 4
96 4
97 4
98 4
99 4
100 5
101 5
102 5
103 5
104 5
105 5
106 5
107 5
108 5
109 5
110 5
111 5
112 5
113 5
114 5
115 5
116 5
117 5
118 5
119 5
120 6
121 6
122 6
123 6
124 6
125 6
126 6
127 6
128 6
129 6
130 6
131 6
132 6
133 6
134 6
135 6
136 6
137 6
138 6
139 6
140 7
141 7
142 7
143 7
144 7
145 7
146 7
147 7
148 7
149 7
150 7
151 7
152 7
153 7
154 7
155 7
156 7
157 7
158 7
159 7
160 8
161 8
162 8
163 8
164 8
165 8
166 8
167 8
168 8
169 8
170 8
171 8
172 8
173 8
174 8
175 8
176 8
177 8
178 8
179 8
180 9
181 9
182 9
183 9
184 9
185 9
186 9
187 9
188 9
189 9
190 9
191 9
192 9
193 9
194 9
195 9
196 9
197 9
198 9
199 9
200 10
201 10
202 10
203 10
204 10
205 10
206 10
207 10
208 10
209 10
210 10
211 10
212 10
213 10
214 10
215 10
216 10
217 10
218 10
219 10
220 11
221 11
222 11
223 11
224 11
225 11
226 11
227 11
228 11
229 11
230 11
231 11
232 11
233 11
234 11
235 11
236 11
237 11
238 11
239 11
240 12
241 12
242 12
243 12
244 12
245 12
246 12
247 12
248 12
249 12
250 12
251 12
252 12
253 12
254 12
255 12
256 12
257 12
258 12
259 12
260 13
261 13
262 13
263 13
264 13
265 13
266 13
267 13
268 13
269 13
270 13
271 13
272 13
273 13
274 13
275 13
276 13
277 13
278 13
279 13
280 14
281 14
282 14
283 14
284 14
285 14
286 14
287 14
288 14
289 14
290 14
291 14
292 14
293 14
294 14
295 14
296 14
297 14
298 14
299 14
300 15
301 15
302 15
303 15
304 15
305 15
306 15
307 15
308 15
309 15
310 15
311 15
312 15
313 15
314 15
315 15
316 15
317 15
318 15
319 15

4 2 0 0
4 1 0 0
4 0 0 0
4 3 0 0
5 2 0 0
5 1 0 0
5 0 0 0
5 4 0 0
6 2 0 0
6 1 0 0
6 5 0 0
6 3 0 0
7 1 0 0
7 5 0 0
7 3 0 0
7 0 0 0
8 0 0 0
8 7 0 0
8 1 0 0
8 6 0 0
9 2 0 0
9 8 0 0
9 4 0 0
9 3 0 0
10 6 0 0
10 0 0 0
10 1 0 0
10 8 0 0
11 1 0 0
11 2 0 0
11 7 0 0
11 0 0 0
12 11 0 0
12 6 0 0
12 8 0 0
12 4 0 0
13 10 0 0
13 4 0 0
13 12 0 0
13 11 0 0
14 9 0 0
14 11 0 0
14 5 0 0
14 3 0 0
15 10 0 0
15 11 0 0
15 1 0 0
15 5 0 0
16 13 0 0
16 9 0 0
16 2 0 0
16 3 0 0
17 4 0 0
17 13 0 0
17 14 0 0
17 2 0 0
18 15 0 0
18 0 0 0
18 5 0 0
18 10 0 0
19 6 0 0
19 12 0 0
19 8 0 0
19 7 0 0
0 6 0 0
0 19 0 0
0 14 0 0
0 15 0 0
1 12 0 0
1 16 0 0
1 19 0 0
1 17 0 0
2 19 0 0
2 13 0 0
2 10 0 0
2 12 0 0
3 8 0 0
3 11 0 0
3 19 0 0
3 10 0 0
24 22 1 1
24 20 1 1
24 21 1 1
24 23 1 1
25 22 1 1
25 21 1 1
25 23 1 1
25 20 1 1
26 22 1 1
26 20 1 1
26 24 1 1
26 25 1 1
27 26 1 1
27 22 1 1
27 24 1 1
27 20 1 1
28 20 1 1
28 27 1 1
28 21 1 1
28 26 1 1
29 22 1 1
29 25 1 1
29 21 1 1
29 27 1 1
30 26 1 1
30 29 1 1
30 20 1 1
30 24 1 1
31 26 1 1
31 25 1 1
31 21 1 1
31 24 1 1
32 25 1 1
32 28 1 1
32 26 1 1
32 30 1 1
33 31 1 1
33 30 1 1
33 32 1 1
33 26 1 1
34 30 1 1
34 33 1 1
34 27 1 1
34 20 1 1
35 26 1 1
35 32 1 1
35 22 1 1
35 25 1 1
36 25 1 1
36 26 1 1
36 34 1 1
36 33 1 1
37 28 1 1
37 21 1 1
37 26 1 1
37 23 1 1
38 22 1 1
38 31 1 1
38 21 1 1
38 30 1 1
39 26 1 1
39 30 1 1
39 28 1 1
39 24 1 1
20 38 1 1
20 39 1 1
20 32 1 1
20 37 1 1
21 30 1 1
21 26 1 1
21 39 1 1
21 36 1 1
22 31 1 1
22 33 1 1
22 36 1 1
22 32 1 1
23 35 1 1
23 26 1 1
23 29 1 1
23 34 1 1
44 40 2 2
44 41 2 2
44 42 2 2
44 43 2 2
45 43 2 2
45 41 2 2
45 40 2 2
45 42 2 2
46 41 2 2
46 45 2 2
46 40 2 2
46 44 2 2
47 41 2 2
47 45 2 2
47 43 2 2
47 44 2 2
48 43 2 2
48 45 2 2
48 47 2 2
48 42 2 2
49 42 2 2
49 46 2 2
49 47 2 2
49 44 2 2
50 43 2 2
50 47 2 2
50 48 2 2
50 49 2 2
51 45 2 2
51 44 2 2
51 41 2 2
51 49 2 2
52 49 2 2
52 41 2 2
52 48 2 2
52 42 2 2
53 40 2 2
53 45 2 2
53 41 2 2
53 43 2 2
54 48 2 2
54 45 2 2
54 53 2 2
54 51 2 2
55 54 2 2
55 46 2 2
55 43 2 2
55 41 2 2
56 43 2 2
56 49 2 2
56 51 2 2
56 46 2 2
57 43 2 2
57 56 2 2
57 42 2 2
57 50 2 2
58 49 2 2
58 52 2 2
58 45 2 2
58 44 2 2
59 46 2 2
59 52 2 2
59 55 2 2
59 40 2 2
40 54 2 2
40 51 2 2
40 52 2 2
40 55 2 2
41 59 2 2
41 50 2 2
41 48 2 2
41 58 2 2
42 51 2 2
42 59 2 2
42 46 2 2
42 50 2 2
43 54 2 2
43 49 2 2
43 52 2 2
43 51 2 2
64 61 3 3
64 60 3 3
64 63 3 3
64 62 3 3
65 63 3 3
65 64 3 3
65 61 3 3
65 62 3 3
66 63 3 3
66 65 3 3
66 62 3 3
66 60 3 3
67 66 3 3
67 63 3 3
67 62 3 3
67 61 3 3
68 61 3 3
68 65 3 3
68 62 3 3
68 60 3 3
69 66 3 3
69 63 3 3
69 68 3 3
69 67 3 3
70 62 3 3
70 66 3 3
70 60 3 3
70 65 3 3
71 64 3 3
71 70 3 3
71 60 3 3
71 62 3 3
72 70 3 3
72 65 3 3
72 69 3 3
72 62 3 3
73 69 3 3
73 66 3 3
73 62 3 3
73 63 3 3
74 72 3 3
74 65 3 3
74 70 3 3
74 69 3 3
75 74 3 3
75 66 3 3
75 73 3 3
75 63 3 3
76 66 3 3
76 64 3 3
76 72 3 3
76 69 3 3
77 73 3 3
77 60 3 3
77 74 3 3
77 62 3 3
78 60 3 3
78 61 3 3
78 62 3 3
78 72 3 3
79 78 3 3
79 64 3 3
79 65 3 3
79 62 3 3
60 69 3 3
60 79 3 3
60 74 3 3
60 76 3 3
61 72 3 3
61 79 3 3
61 75 3 3
61 77 3 3
62 74 3 3
62 75 3 3
62 69 3 3
62 76 3 3
63 72 3 3
63 79 3 3
63 70 3 3
63 76 3 3
84 83 4 4
84 81 4 4
84 80 4 4
84 82 4 4
85 82 4 4
85 83 4 4
85 81 4 4
85 80 4 4
86 85 4 4
86 83 4 4
86 84 4 4
86 81 4 4
87 82 4 4
87 85 4 4
87 84 4 4
87 83 4 4
88 80 4 4
88 85 4 4
88 84 4 4
88 83 4 4
89 82 4 4
89 80 4 4
89 85 4 4
89 86 4 4
90 88 4 4
90 83 4 4
90 85 4 4
90 81 4 4
91 81 4 4
91 85 4 4
91 89 4 4
91 86 4 4
92 81 4 4
92 83 4 4
92 91 4 4
92 82 4 4
93 83 4 4
93 92 4 4
93 84 4 4
93 85 4 4
94 89 4 4
94 90 4 4
94 93 4 4
94 80 4 4
95 87 4 4
95 83 4 4
95 85 4 4
95 92 4 4
96 95 4 4
96 94 4 4
96 90 4 4
96 86 4 4
97 93 4 4
97 91 4 4
97 87 4 4
97 95 4 4
98 84 4 4
98 86 4 4
98 93 4 4
98 90 4 4
99 87 4 4
99 84 4 4
99 83 4 4
99 95 4 4
80 90 4 4
80 96 4 4
80 95 4 4
80 93 4 4
81 94 4 4
81 89 4 4
81 96 4 4
81 98 4 4
82 88 4 4
82 90 4 4
82 94 4 4
82 91 4 4
83 97 4 4
83 96 4 4
83 98 4 4
83 89 4 4
104 100 5 5
104 101 5 5
104 102 5 5
104 103 5 5
105 102 5 5
105 104 5 5
105 100 5 5
105 103 5 5
106 103 5 5
106 101 5 5
106 105 5 5
106 102 5 5
107 101 5 5
107 106 5 5
107 102 5 5
107 100 5 5
108 106 5 5
108 100 5 5
108 101 5 5
108 102 5 5
109 107 5 5
109 102 5 5
109 105 5 5
109 108 5 5
110 108 5 5
110 104 5 5
110 106 5 5
110 101 5 5
111 101 5 5
111 106 5 5
111 109 5 5
111 104 5 5
112 104 5 5
112 106 5 5
112 111 5 5
112 110 5 5
113 106 5 5
113 100 5 5
113 102 5 5
113 103 5 5
114 102 5 5
114 103 5 5
114 113 5 5
114 101 5 5
115 112 5 5
115 100 5 5
115 110 5 5
115 111 5 5
116 103 5 5
116 108 5 5
116 102 5 5
116 100 5 5
117 114 5 5
117 115 5 5
117 100 5 5
117 111 5 5
118 100 5 5
118 108 5 5
118 111 5 5
118 103 5 5
119 113 5 5
119 109 5 5
119 108 5 5
119 116 5 5
100 109 5 5
100 110 5 5
100 112 5 5
100 114 5 5
101 117 5 5
101 119 5 5
101 115 5 5
101 113 5 5
102 117 5 5
102 119 5 5
102 118 5 5
102 115 5 5
103 107 5 5
103 119 5 5
103 112 5 5
103 115 5 5
124 121 6 6
124 120 6 6
124 123 6 6
124 122 6 6
125 123 6 6
125 121 6 6
125 122 6 6
125 124 6 6
126 122 6 6
126 120 6 6
126 123 6 6
126 125 6 6
127 126 6 6
127 124 6 6
127 120 6 6
127 121 6 6
128 125 6 6
128 121 6 6
128 124 6 6
128 122 6 6
129 124 6 6
129 123 6 6
129 126 6 6
129 121 6 6
130 124 6 6
130 129 6 6
130 120 6 6
130 128 6 6
131 123 6 6
131 126 6 6
131 129 6 6
131 122 6 6
132 120 6 6
132 122 6 6
132 130 6 6
132 129 6 6
133 124 6 6
133 127 6 6
133 120 6 6
133 131 6 6
134 130 6 6
134 125 6 6
134 126 6 6
134 128 6 6
135 126 6 6
135 129 6 6
135 121 6 6
135 132 6 6
136 134 6 6
136 129 6 6
136 128 6 6
136 125 6 6
137 136 6 6
137 132 6 6
137 121 6 6
137 135 6 6
138 130 6 6
138 129 6 6
138 122 6 6
138 134 6 6
139 122 6 6
139 123 6 6
139 126 6 6
139 138 6 6
120 139 6 6
120 135 6 6
120 131 6 6
120 129 6 6
121 126 6 6
121 130 6 6
121 138 6 6
121 131 6 6
122 133 6 6
122 129 6 6
122 136 6 6
122 137 6 6
123 127 6 6
123 133 6 6
123 130 6 6
123 132 6 6
144 142 7 7
144 141 7 7
144 143 7 7
144 140 7 7
145 144 7 7
145 143 7 7
145 141 7 7
145 142 7 7
146 144 7 7
146 141 7 7
146 140 7 7
146 142 7 7
147 145 7 7
147 143 7 7
147 146 7 7
147 141 7 7
148 141 7 7
148 143 7 7
148 140 7 7
148 147 7 7
149 148 7 7
149 144 7 7
149 143 7 7
149 147 7 7
150 140 7 7
150 143 7 7
150 145 7 7
150 146 7 7
151 147 7 7
151 143 7 7
151 148 7 7
151 146 7 7
152 144 7 7
152 145 7 7
152 150 7 7
152 146 7 7
153 145 7 7
153 146 7 7
153 142 7 7
153 140 7 7
154 150 7 7
154 144 7 7
154 145 7 7
154 146 7 7
155 144 7 7
155 150 7 7
155 145 7 7
155 146 7 7
156 150 7 7
156 144 7 7
156 147 7 7
156 153 7 7
157 143 7 7
157 142 7 7
157 141 7 7
157 155 7 7
158 143 7 7
158 145 7 7
158 146 7 7
158 140 7 7
159 158 7 7
159 154 7 7
159 142 7 7
159 150 7 7
140 154 7 7
140 157 7 7
140 147 7 7
140 149 7 7
141 151 7 7
141 156 7 7
141 153 7 7
141 149 7 7
142 149 7 7
142 158 7 7
142 151 7 7
142 147 7 7
143 153 7 7
143 146 7 7
143 152 7 7
143 156 7 7
164 162 8 8
164 161 8 8
164 160 8 8
164 163 8 8
165 164 8 8
165 162 8 8
165 161 8 8
165 160 8 8
166 164 8 8
166 162 8 8
166 163 8 8
166 161 8 8
167 163 8 8
167 165 8 8
167 161 8 8
167 166 8 8
168 167 8 8
168 166 8 8
168 163 8 8
168 164 8 8
169 162 8 8
169 166 8 8
169 168 8 8
169 160 8 8
170 167 8 8
170 163 8 8
170 168 8 8
170 161 8 8
171 170 8 8
171 163 8 8
171 167 8 8
171 160 8 8
172 160 8 8
172 163 8 8
172 167 8 8
172 170 8 8
173 172 8 8
173 161 8 8
173 160 8 8
173 162 8 8
174 168 8 8
174 163 8 8
174 161 8 8
174 172 8 8
175 160 8 8
175 171 8 8
175 166 8 8
175 172 8 8
176 172 8 8
176 174 8 8
176 175 8 8
176 160 8 8
177 176 8 8
177 160 8 8
177 173 8 8
177 175 8 8
178 163 8 8
178 166 8 8
178 174 8 8
178 175 8 8
179 161 8 8
179 160 8 8
179 170 8 8
179 172 8 8
160 174 8 8
160 166 8 8
160 178 8 8
160 168 8 8
161 175 8 8
161 169 8 8
161 172 8 8
161 177 8 8
162 168 8 8
162 179 8 8
162 171 8 8
162 176 8 8
163 175 8 8
163 179 8 8
163 176 8 8
163 169 8 8
184 183 9 9
184 181 9 9
184 182 9 9
184 180 9 9
185 182 9 9
185 183 9 9
185 180 9 9
185 184 9 9
186 185 9 9
186 183 9 9
186 182 9 9
186 184 9 9
187 181 9 9
187 185 9 9
187 186 9 9
187 183 9 9
188 183 9 9
188 184 9 9
188 186 9 9
188 181 9 9
189 186 9 9
189 187 9 9
189 183 9 9
189 185 9 9
190 182 9 9
190 184 9 9
190 180 9 9
190 181 9 9
191 188 9 9
191 183 9 9
191 184 9 9
191 180 9 9
192 185 9 9
192 181 9 9
192 189 9 9
192 182 9 9
193 191 9 9
193 190 9 9
193 188 9 9
193 183 9 9
194 193 9 9
194 184 9 9
194 181 9 9
194 187 9 9
195 194 9 9
195 187 9 9
195 193 9 9
195 183 9 9
196 183 9 9
196 191 9 9
196 186 9 9
196 188 9 9
197 192 9 9
197 189 9 9
197 196 9 9
197 183 9 9
198 190 9 9
198 186 9 9
198 184 9 9
198 185 9 9
199 188 9 9
199 198 9 9
199 196 9 9
199 185 9 9
180 199 9 9
180 186 9 9
180 197 9 9
180 198 9 9
181 186 9 9
181 197 9 9
181 193 9 9
181 195 9 9
182 199 9 9
182 194 9 9
182 191 9 9
182 188 9 9
183 198 9 9
183 199 9 9
183 190 9 9
183 192 9 9
204 203 10 10
204 201 10 10
204 202 10 10
204 200 10 10
205 204 10 10
205 203 10 10
205 202 10 10
205 200 10 10
206 202 10 10
206 203 10 10
206 200 10 10
206 204 10 10
207 205 10 10
207 204 10 10
207 201 10 10
207 206 10 10
208 203 10 10
208 205 10 10
208 204 10 10
208 202 10 10
209 208 10 10
209 204 10 10
209 202 10 10
209 200 10 10
210 204 10 10
210 200 10 10
210 203 10 10
210 201 10 10
211 200 10 10
211 205 10 10
211 201 10 10
211 203 10 10
212 202 10 10
212 211 10 10
212 204 10 10
212 206 10 10
213 202 10 10
213 203 10 10
213 200 10 10
213 204 10 10
214 207 10 10
214 201 10 10
214 204 10 10
214 205 10 10
215 205 10 10
215 206 10 10
215 212 10 10
215 211 10 10
216 208 10 10
216 210 10 10
216 214 10 10
216 201 10 10
217 215 10 10
217 212 10 10
217 208 10 10
217 202 10 10
218 208 10 10
218 210 10 10
218 201 10 10
218 206 10 10
219 201 10 10
219 208 10 10
219 213 10 10
219 211 10 10
200 219 10 10
200 216 10 10
200 208 10 10
200 218 10 10
201 208 10 10
201 209 10 10
201 213 10 10
201 212 10 10
202 210 10 10
202 214 10 10
202 216 10 10
202 219 10 10
203 209 10 10
203 218 10 10
203 212 10 10
203 214 10 10
224 223 11 11
224 222 11 11
224 221 11 11
224 220 11 11
225 220 11 11
225 223 11 11
225 221 11 11
225 224 11 11
226 223 11 11
226 225 11 11
226 222 11 11
226 221 11 11
227 224 11 11
227 222 11 11
227 223 11 11
227 226 11 11
228 224 11 11
228 221 11 11
228 225 11 11
228 227 11 11
229 224 11 11
229 220 11 11
229 228 11 11
229 221 11 11
230 224 11 11
230 229 11 11
230 227 11 11
230 220 11 11
231 230 11 11
231 226 11 11
231 222 11 11
231 224 11 11
232 228 11 11
232 220 11 11
232 226 11 11
232 229 11 11
233 221 11 11
233 228 11 11
233 230 11 11
233 226 11 11
234 227 11 11
234 223 11 11
234 228 11 11
234 232 11 11
235 234 11 11
235 228 11 11
235 227 11 11
235 220 11 11
236 229 11 11
236 233 11 11
236 232 11 11
236 235 11 11
237 229 11 11
237 228 11 11
237 235 11 11
237 225 11 11
238 230 11 11
238 227 11 11
238 232 11 11
238 234 11 11
239 223 11 11
239 231 11 11
239 224 11 11
239 230 11 11
220 237 11 11
220 233 11 11
220 238 11 11
220 228 11 11
221 231 11 11
221 238 11 11
221 232 11 11
221 234 11 11
222 228 11 11
222 239 11 11
222 234 11 11
222 233 11 11
223 231 11 11
223 235 11 11
223 233 11 11
223 238 11 11
244 241 12 12
244 243 12 12
244 240 12 12
244 242 12 12
245 244 12 12
245 242 12 12
245 240 12 12
245 243 12 12
246 241 12 12
246 240 12 12
246 243 12 12
246 242 12 12
247 244 12 12
247 241 12 12
247 240 12 12
247 242 12 12
248 243 12 12
248 244 12 12
248 245 12 12
248 242 12 12
249 242 12 12
249 243 12 12
249 240 12 12
249 241 12 12
250 244 12 12
250 241 12 12
250 246 12 12
250 245 12 12
251 242 12 12
251 240 12 12
251 245 12 12
251 246 12 12
252 249 12 12
252 246 12 12
252 247 12 12
252 242 12 12
253 240 12 12
253 248 12 12
253 247 12 12
253 250 12 12
254 252 12 12
254 253 12 12
254 250 12 12
254 241 12 12
255 248 12 12
255 243 12 12
255 242 12 12
255 254 12 12
256 248 12 12
256 246 12 12
256 253 12 12
256 255 12 12
257 246 12 12
257 249 12 12
257 256 12 12
257 253 12 12
258 250 12 12
258 254 12 12
258 257 12 12
258 253 12 12
259 247 12 12
259 245 12 12
259 256 12 12
259 244 12 12
240 257 12 12
240 258 12 12
240 259 12 12
240 252 12 12
241 252 12 12
241 245 12 12
241 253 12 12
241 256 12 12
242 258 12 12
242 254 12 12
242 259 12 12
242 253 12 12
243 256 12 12
243 247 12 12
243 252 12 12
243 253 12 12
264 261 13 13
264 263 13 13
264 260 13 13
264 262 13 13
265 262 13 13
265 263 13 13
265 264 13 13
265 260 13 13
266 263 13 13
266 265 13 13
266 262 13 13
266 264 13 13
267 265 13 13
267 266 13 13
267 264 13 13
267 262 13 13
268 266 13 13
268 264 13 13
268 265 13 13
268 267 13 13
269 263 13 13
269 264 13 13
269 260 13 13
269 268 13 13
270 262 13 13
270 264 13 13
270 267 13 13
270 269 13 13
271 264 13 13
271 261 13 13
271 266 13 13
271 269 13 13
272 262 13 13
272 268 13 13
272 260 13 13
272 266 13 13
273 271 13 13
273 270 13 13
273 267 13 13
273 263 13 13
274 273 13 13
274 268 13 13
274 270 13 13
274 267 13 13
275 274 13 13
275 264 13 13
275 265 13 13
275 269 13 13
276 272 13 13
276 266 13 13
276 265 13 13
276 262 13 13
277 262 13 13
277 266 13 13
277 268 13 13
277 276 13 13
278 275 13 13
278 272 13 13
278 273 13 13
278 264 13 13
279 268 13 13
279 273 13 13
279 265 13 13
279 264 13 13
260 271 13 13
260 273 13 13
260 278 13 13
260 267 13 13
261 278 13 13
261 273 13 13
261 269 13 13
261 272 13 13
262 269 13 13
262 275 13 13
262 278 13 13
262 271 13 13
263 271 13 13
263 272 13 13
263 268 13 13
263 275 13 13
284 281 14 14
284 282 14 14
284 283 14 14
284 280 14 14
285 283 14 14
285 282 14 14
285 280 14 14
285 281 14 14
286 281 14 14
286 283 14 14
286 282 14 14
286 285 14 14
287 284 14 14
287 283 14 14
287 286 14 14
287 280 14 14
288 280 14 14
288 284 14 14
288 286 14 14
288 285 14 14
289 288 14 14
289 287 14 14
289 281 14 14
289 283 14 14
290 287 14 14
290 289 14 14
290 286 14 14
290 285 14 14
291 287 14 14
291 284 14 14
291 286 14 14
291 290 14 14
292 280 14 14
292 286 14 14
292 291 14 14
292 283 14 14
293 280 14 14
293 282 14 14
293 286 14 14
293 285 14 14
294 292 14 14
294 288 14 14
294 280 14 14
294 286 14 14
295 282 14 14
295 288 14 14
295 280 14 14
295 285 14 14
296 295 14 14
296 288 14 14
296 283 14 14
296 294 14 14
297 290 14 14
297 287 14 14
297 296 14 14
297 295 14 14
298 291 14 14
298 292 14 14
298 294 14 14
298 290 14 14
299 280 14 14
299 286 14 14
299 283 14 14
299 296 14 14
280 286 14 14
280 289 14 14
280 291 14 14
280 290 14 14
281 292 14 14
281 298 14 14
281 299 14 14
281 294 14 14
282 294 14 14
282 299 14 14
282 288 14 14
282 298 14 14
283 294 14 14
283 288 14 14
283 298 14 14
283 295 14 14
304 300 15 15
304 303 15 15
304 301 15 15
304 302 15 15
305 301 15 15
305 302 15 15
305 304 15 15
305 303 15 15
306 303 15 15
306 301 15 15
306 302 15 15
306 304 15 15
307 300 15 15
307 303 15 15
307 301 15 15
307 305 15 15
308 300 15 15
308 307 15 15
308 304 15 15
308 305 15 15
309 306 15 15
309 305 15 15
309 308 15 15
309 304 15 15
310 302 15 15
310 308 15 15
310 300 15 15
310 301 15 15
311 300 15 15
311 304 15 15
311 308 15 15
311 301 15 15
312 308 15 15
312 303 15 15
312 305 15 15
312 306 15 15
313 311 15 15
313 300 15 15
313 306 15 15
313 305 15 15
314 313 15 15
314 301 15 15
314 304 15 15
314 311 15 15
315 312 15 15
315 313 15 15
315 301 15 15
315 302 15 15
316 312 15 15
316 303 15 15
316 315 15 15
316 308 15 15
317 302 15 15
317 312 15 15
317 316 15 15
317 309 15 15
318 317 15 15
318 309 15 15
318 304 15 15
318 316 15 15
319 317 15 15
319 305 15 15
319 318 15 15
319 300 15 15
300 314 15 15
300 316 15 15
300 315 15 15
300 312 15 15
301 316 15 15
301 308 15 15
301 318 15 15
301 313 15 15
302 314 15 15
302 308 15 15
302 316 15 15
302 311 15 15
303 313 15 15
303 314 15 15
303 311 15 15
303 315 15 15
91 37 4 1
84 72 4 3
97 12 4 0
83 42 4 2
106 22 5 1
110 11 5 0
118 99 5 4
114 72 5 3
130 108 6 5
133 54 6 2
129 35 6 1
134 15 6 0
140 128 7 6
154 116 7 5
153 22 7 1
158 55 7 2
162 108 8 5
177 10 8 0
167 32 8 1
178 74 8 3
193 115 9 5
196 175 9 8
193 31 9 1
199 13 9 0
208 197 10 9
212 8 10 0
206 140 10 7
202 110 10 5
234 208 11 10
239 138 11 6
238 59 11 2
234 147 11 7
244 239 12 11
244 212 12 10
249 15 12 0
247 162 12 8
278 41 13 2
263 220 13 11
272 66 13 3
278 243 13 12
295 63 14 3
296 43 14 2
290 228 14 11
290 267 14 13
319 126 15 6
309 268 15 13
303 202 15 10
304 153 15 7
19 315 0 15
2 158 0 7
3 270 0 13
12 232 0 11
38 244 1 12
31 297 1 14
23 205 1 10
34 300 1 15
47 317 2 15
43 112 2 5
54 203 2 10
44 259 2 12
72 135 3 6
65 315 3 15
74 186 3 9
71 205 3 10
