swNum = 320
edgeNum = 1344

0 0
1 0
2 0
3 0
4 0
5 0
6 0
7 0
8 0
9 0
10 0
11 0
12 0
13 0
14 0
15 0
16 0
17 0
18 0
19 0
20 1
21 1
22 1
23 1
24 1
25 1
26 1
27 1
28 1
29 1
30 1
31 1
32 1
33 1
34 1
35 1
36 1
37 1
38 1
39 1
40 2
41 2
42 2
43 2
44 2
45 2
46 2
47 2
48 2
49 2
50 2
51 2
52 2
53 2
54 2
55 2
56 2
57 2
58 2
59 2
60 3
61 3
62 3
63 3
64 3
65 3
66 3
67 3
68 3
69 3
70 3
71 3
72 3
73 3
74 3
75 3
76 3
77 3
78 3
79 3
80 4
81 4
82 4
83 4
84 4
85 4
86 4
87 4
88 4
89 4
90 4
91 4
92 4
93 4
94 4
95 4
96 4
97 4
98 4
99 4
100 5
101 5
102 5
103 5
104 5
105 5
106 5
107 5
108 5
109 5
110 5
111 5
112 5
113 5
114 5
115 5
116 5
117 5
118 5
119 5
120 6
121 6
122 6
123 6
124 6
125 6
126 6
127 6
128 6
129 6
130 6
131 6
132 6
133 6
134 6
135 6
136 6
137 6
138 6
139 6
140 7
141 7
142 7
143 7
144 7
145 7
146 7
147 7
148 7
149 7
150 7
151 7
152 7
153 7
154 7
155 7
156 7
157 7
158 7
159 7
160 8
161 8
162 8
163 8
164 8
165 8
166 8
167 8
168 8
169 8
170 8
171 8
172 8
173 8
174 8
175 8
176 8
177 8
178 8
179 8
180 9
181 9
182 9
183 9
184 9
185 9
186 9
187 9
188 9
189 9
190 9
191 9
192 9
193 9
194 9
195 9
196 9
197 9
198 9
199 9
200 10
201 10
202 10
203 10
204 10
205 10
206 10
207 10
208 10
209 10
210 10
211 10
212 10
213 10
214 10
215 10
216 10
217 10
218 10
219 10
220 11
221 11
222 11
223 11
224 11
225 11
226 11
227 11
228 11
229 11
230 11
231 11
232 11
233 11
234 11
235 11
236 11
237 11
238 11
239 11
240 12
241 12
242 12
243 12
244 12
245 12
246 12
247 12
248 12
249 12
250 12
251 12
252 12
253 12
254 12
255 12
256 12
257 12
258 12
259 12
260 13
261 13
262 13
263 13
264 13
265 13
266 13
267 13
268 13
269 13
270 13
271 13
272 13
273 13
274 13
275 13
276 13
277 13
278 13
279 13
280 14
281 14
282 14
283 14
284 14
285 14
286 14
287 14
288 14
289 14
290 14
291 14
292 14
293 14
294 14
295 14
296 14
297 14
298 14
299 14
300 15
301 15
302 15
303 15
304 15
305 15
306 15
307 15
308 15
309 15
310 15
311 15
312 15
313 15
314 15
315 15
316 15
317 15
318 15
319 15

4 0 0 0
4 3 0 0
4 2 0 0
4 1 0 0
5 1 0 0
5 4 0 0
5 3 0 0
5 0 0 0
6 2 0 0
6 1 0 0
6 0 0 0
6 4 0 0
7 1 0 0
7 2 0 0
7 5 0 0
7 3 0 0
8 7 0 0
8 5 0 0
8 3 0 0
8 1 0 0
9 6 0 0
9 2 0 0
9 4 0 0
9 7 0 0
10 7 0 0
10 5 0 0
10 8 0 0
10 1 0 0
11 6 0 0
11 2 0 0
11 0 0 0
11 4 0 0
12 0 0 0
12 11 0 0
12 6 0 0
12 9 0 0
13 11 0 0
13 9 0 0
13 2 0 0
13 0 0 0
14 8 0 0
14 7 0 0
14 5 0 0
14 10 0 0
15 0 0 0
15 11 0 0
15 9 0 0
15 5 0 0
16 1 0 0
16 7 0 0
16 4 0 0
16 13 0 0
17 8 0 0
17 5 0 0
17 7 0 0
17 3 0 0
18 1 0 0
18 7 0 0
18 6 0 0
18 9 0 0
19 18 0 0
19 13 0 0
19 4 0 0
19 11 0 0
0 7 0 0
0 9 0 0
0 10 0 0
0 18 0 0
1 14 0 0
1 17 0 0
1 13 0 0
1 11 0 0
2 12 0 0
2 8 0 0
2 15 0 0
2 18 0 0
3 14 0 0
3 18 0 0
3 13 0 0
3 9 0 0
24 20 1 1
24 22 1 1
24 21 1 1
24 23 1 1
25 21 1 1
25 20 1 1
25 24 1 1
25 22 1 1
26 23 1 1
26 20 1 1
26 21 1 1
26 24 1 1
27 22 1 1
27 21 1 1
27 25 1 1
27 23 1 1
28 22 1 1
28 25 1 1
28 21 1 1
28 23 1 1
29 22 1 1
29 24 1 1
29 20 1 1
29 27 1 1
30 26 1 1
30 23 1 1
30 22 1 1
30 20 1 1
31 30 1 1
31 23 1 1
31 26 1 1
31 27 1 1
32 24 1 1
32 27 1 1
32 29 1 1
32 22 1 1
33 28 1 1
33 20 1 1
33 23 1 1
33 31 1 1
34 25 1 1
34 28 1 1
34 21 1 1
34 33 1 1
35 22 1 1
35 24 1 1
35 26 1 1
35 23 1 1
36 23 1 1
36 24 1 1
36 20 1 1
36 35 1 1
37 32 1 1
37 26 1 1
37 28 1 1
37 22 1 1
38 29 1 1
38 25 1 1
38 32 1 1
38 30 1 1
39 34 1 1
39 22 1 1
39 28 1 1
39 25 1 1
20 35 1 1
20 32 1 1
20 28 1 1
20 37 1 1
21 29 1 1
21 39 1 1
21 33 1 1
21 38 1 1
22 33 1 1
22 38 1 1
22 36 1 1
22 26 1 1
23 38 1 1
23 39 1 1
23 25 1 1
23 37 1 1
44 41 2 2
44 40 2 2
44 42 2 2
44 43 2 2
45 41 2 2
45 44 2 2
45 42 2 2
45 40 2 2
46 43 2 2
46 45 2 2
46 44 2 2
46 40 2 2
47 40 2 2
47 46 2 2
47 44 2 2
47 42 2 2
48 40 2 2
48 43 2 2
48 41 2 2
48 47 2 2
49 45 2 2
49 40 2 2
49 42 2 2
49 44 2 2
50 46 2 2
50 44 2 2
50 48 2 2
50 42 2 2
51 40 2 2
51 48 2 2
51 45 2 2
51 42 2 2
52 40 2 2
52 45 2 2
52 48 2 2
52 44 2 2
53 41 2 2
53 51 2 2
53 52 2 2
53 40 2 2
54 52 2 2
54 44 2 2
54 49 2 2
54 50 2 2
55 43 2 2
55 53 2 2
55 40 2 2
55 51 2 2
56 52 2 2
56 53 2 2
56 45 2 2
56 47 2 2
57 49 2 2
57 56 2 2
57 55 2 2
57 47 2 2
58 42 2 2
58 57 2 2
58 54 2 2
58 49 2 2
59 54 2 2
59 50 2 2
59 52 2 2
59 57 2 2
40 56 2 2
40 58 2 2
40 57 2 2
40 50 2 2
41 56 2 2
41 46 2 2
41 47 2 2
41 50 2 2
42 48 2 2
42 54 2 2
42 56 2 2
42 59 2 2
43 59 2 2
43 50 2 2
43 45 2 2
43 47 2 2
64 60 3 3
64 63 3 3
64 61 3 3
64 62 3 3
65 60 3 3
65 62 3 3
65 61 3 3
65 63 3 3
66 60 3 3
66 65 3 3
66 61 3 3
66 63 3 3
67 62 3 3
67 63 3 3
67 66 3 3
67 65 3 3
68 63 3 3
68 67 3 3
68 61 3 3
68 64 3 3
69 66 3 3
69 60 3 3
69 65 3 3
69 64 3 3
70 63 3 3
70 67 3 3
70 69 3 3
70 66 3 3
71 69 3 3
71 64 3 3
71 63 3 3
71 65 3 3
72 71 3 3
72 66 3 3
72 65 3 3
72 63 3 3
73 61 3 3
73 65 3 3
73 69 3 3
73 68 3 3
74 65 3 3
74 64 3 3
74 60 3 3
74 63 3 3
75 61 3 3
75 74 3 3
75 73 3 3
75 65 3 3
76 69 3 3
76 70 3 3
76 65 3 3
76 66 3 3
77 60 3 3
77 63 3 3
77 69 3 3
77 73 3 3
78 68 3 3
78 65 3 3
78 75 3 3
78 73 3 3
79 66 3 3
79 62 3 3
79 74 3 3
79 65 3 3
60 73 3 3
60 75 3 3
60 76 3 3
60 72 3 3
61 71 3 3
61 78 3 3
61 76 3 3
61 72 3 3
62 66 3 3
62 70 3 3
62 71 3 3
62 77 3 3
63 79 3 3
63 73 3 3
63 69 3 3
63 76 3 3
84 80 4 4
84 81 4 4
84 83 4 4
84 82 4 4
85 80 4 4
85 82 4 4
85 84 4 4
85 83 4 4
86 80 4 4
86 85 4 4
86 83 4 4
86 84 4 4
87 81 4 4
87 82 4 4
87 84 4 4
87 86 4 4
88 80 4 4
88 83 4 4
88 86 4 4
88 82 4 4
89 83 4 4
89 86 4 4
89 88 4 4
89 87 4 4
90 86 4 4
90 85 4 4
90 82 4 4
90 89 4 4
91 81 4 4
91 84 4 4
91 89 4 4
91 86 4 4
92 89 4 4
92 81 4 4
92 88 4 4
92 85 4 4
93 87 4 4
93 90 4 4
93 80 4 4
93 85 4 4
94 86 4 4
94 88 4 4
94 84 4 4
94 80 4 4
95 92 4 4
95 83 4 4
95 81 4 4
95 90 4 4
96 92 4 4
96 80 4 4
96 81 4 4
96 95 4 4
97 85 4 4
97 91 4 4
97 89 4 4
97 88 4 4
98 92 4 4
98 90 4 4
98 85 4 4
98 93 4 4
99 82 4 4
99 97 4 4
99 84 4 4
99 98 4 4
80 89 4 4
80 87 4 4
80 97 4 4
80 99 4 4
81 89 4 4
81 93 4 4
81 90 4 4
81 86 4 4
82 96 4 4
82 98 4 4
82 89 4 4
82 97 4 4
83 92 4 4
83 90 4 4
83 93 4 4
83 98 4 4
104 103 5 5
104 100 5 5
104 102 5 5
104 101 5 5
105 102 5 5
105 103 5 5
105 100 5 5
105 101 5 5
106 105 5 5
106 102 5 5
106 103 5 5
106 101 5 5
107 101 5 5
107 106 5 5
107 100 5 5
107 102 5 5
108 101 5 5
108 100 5 5
108 104 5 5
108 105 5 5
109 107 5 5
109 101 5 5
109 106 5 5
109 105 5 5
110 108 5 5
110 100 5 5
110 105 5 5
110 106 5 5
111 110 5 5
111 107 5 5
111 104 5 5
111 109 5 5
112 107 5 5
112 101 5 5
112 100 5 5
112 106 5 5
113 109 5 5
113 107 5 5
113 108 5 5
113 101 5 5
114 103 5 5
114 111 5 5
114 112 5 5
114 102 5 5
115 103 5 5
115 114 5 5
115 108 5 5
115 104 5 5
116 100 5 5
116 114 5 5
116 105 5 5
116 102 5 5
117 102 5 5
117 101 5 5
117 106 5 5
117 110 5 5
118 112 5 5
118 100 5 5
118 110 5 5
118 111 5 5
119 100 5 5
119 114 5 5
119 105 5 5
119 107 5 5
100 109 5 5
100 113 5 5
100 111 5 5
100 106 5 5
101 118 5 5
101 119 5 5
101 116 5 5
101 111 5 5
102 112 5 5
102 110 5 5
102 109 5 5
102 111 5 5
103 111 5 5
103 117 5 5
103 116 5 5
103 108 5 5
124 121 6 6
124 123 6 6
124 122 6 6
124 120 6 6
125 122 6 6
125 121 6 6
125 120 6 6
125 124 6 6
126 122 6 6
126 124 6 6
126 121 6 6
126 120 6 6
127 123 6 6
127 120 6 6
127 124 6 6
127 122 6 6
128 126 6 6
128 125 6 6
128 127 6 6
128 122 6 6
129 128 6 6
129 124 6 6
129 120 6 6
129 123 6 6
130 120 6 6
130 126 6 6
130 124 6 6
130 123 6 6
131 126 6 6
131 130 6 6
131 123 6 6
131 125 6 6
132 122 6 6
132 121 6 6
132 131 6 6
132 125 6 6
133 124 6 6
133 120 6 6
133 123 6 6
133 129 6 6
134 125 6 6
134 131 6 6
134 133 6 6
134 132 6 6
135 128 6 6
135 134 6 6
135 121 6 6
135 123 6 6
136 135 6 6
136 130 6 6
136 131 6 6
136 129 6 6
137 122 6 6
137 133 6 6
137 129 6 6
137 136 6 6
138 121 6 6
138 129 6 6
138 137 6 6
138 120 6 6
139 132 6 6
139 122 6 6
139 126 6 6
139 129 6 6
120 135 6 6
120 139 6 6
120 136 6 6
120 128 6 6
121 133 6 6
121 139 6 6
121 128 6 6
121 137 6 6
122 133 6 6
122 131 6 6
122 138 6 6
122 129 6 6
123 134 6 6
123 136 6 6
123 132 6 6
123 139 6 6
144 140 7 7
144 142 7 7
144 143 7 7
144 141 7 7
145 141 7 7
145 143 7 7
145 144 7 7
145 142 7 7
146 142 7 7
146 143 7 7
146 144 7 7
146 140 7 7
147 140 7 7
147 143 7 7
147 146 7 7
147 142 7 7
148 144 7 7
148 147 7 7
148 140 7 7
148 141 7 7
149 140 7 7
149 145 7 7
149 141 7 7
149 142 7 7
150 143 7 7
150 142 7 7
150 140 7 7
150 149 7 7
151 147 7 7
151 145 7 7
151 149 7 7
151 142 7 7
152 149 7 7
152 147 7 7
152 144 7 7
152 142 7 7
153 148 7 7
153 147 7 7
153 146 7 7
153 151 7 7
154 149 7 7
154 143 7 7
154 147 7 7
154 148 7 7
155 154 7 7
155 144 7 7
155 151 7 7
155 149 7 7
156 148 7 7
156 147 7 7
156 140 7 7
156 149 7 7
157 140 7 7
157 155 7 7
157 147 7 7
157 148 7 7
158 143 7 7
158 148 7 7
158 142 7 7
158 140 7 7
159 152 7 7
159 140 7 7
159 141 7 7
159 143 7 7
140 151 7 7
140 153 7 7
140 152 7 7
140 145 7 7
141 154 7 7
141 156 7 7
141 151 7 7
141 155 7 7
142 159 7 7
142 156 7 7
142 153 7 7
142 154 7 7
143 157 7 7
143 152 7 7
143 151 7 7
143 156 7 7
164 161 8 8
164 162 8 8
164 163 8 8
164 160 8 8
165 161 8 8
165 163 8 8
165 162 8 8
165 164 8 8
166 162 8 8
166 160 8 8
166 165 8 8
166 163 8 8
167 160 8 8
167 165 8 8
167 166 8 8
167 163 8 8
168 165 8 8
168 160 8 8
168 162 8 8
168 166 8 8
169 167 8 8
169 161 8 8
169 165 8 8
169 163 8 8
170 163 8 8
170 162 8 8
170 165 8 8
170 168 8 8
171 168 8 8
171 163 8 8
171 162 8 8
171 170 8 8
172 170 8 8
172 162 8 8
172 168 8 8
172 169 8 8
173 165 8 8
173 172 8 8
173 161 8 8
173 169 8 8
174 172 8 8
174 168 8 8
174 171 8 8
174 160 8 8
175 164 8 8
175 169 8 8
175 161 8 8
175 165 8 8
176 167 8 8
176 171 8 8
176 163 8 8
176 168 8 8
177 164 8 8
177 176 8 8
177 172 8 8
177 160 8 8
178 173 8 8
178 161 8 8
178 163 8 8
178 169 8 8
179 161 8 8
179 160 8 8
179 175 8 8
179 176 8 8
160 175 8 8
160 170 8 8
160 165 8 8
160 172 8 8
161 172 8 8
161 177 8 8
161 168 8 8
161 171 8 8
162 167 8 8
162 179 8 8
162 177 8 8
162 174 8 8
163 172 8 8
163 168 8 8
163 175 8 8
163 174 8 8
184 182 9 9
184 181 9 9
184 183 9 9
184 180 9 9
185 180 9 9
185 181 9 9
185 182 9 9
185 183 9 9
186 181 9 9
186 182 9 9
186 180 9 9
186 184 9 9
187 182 9 9
187 183 9 9
187 181 9 9
187 180 9 9
188 187 9 9
188 181 9 9
188 185 9 9
188 184 9 9
189 188 9 9
189 183 9 9
189 185 9 9
189 182 9 9
190 183 9 9
190 189 9 9
190 182 9 9
190 181 9 9
191 189 9 9
191 187 9 9
191 181 9 9
191 184 9 9
192 188 9 9
192 184 9 9
192 189 9 9
192 190 9 9
193 186 9 9
193 180 9 9
193 182 9 9
193 187 9 9
194 190 9 9
194 181 9 9
194 183 9 9
194 180 9 9
195 186 9 9
195 192 9 9
195 184 9 9
195 189 9 9
196 181 9 9
196 182 9 9
196 190 9 9
196 188 9 9
197 196 9 9
197 194 9 9
197 183 9 9
197 181 9 9
198 182 9 9
198 193 9 9
198 197 9 9
198 188 9 9
199 193 9 9
199 190 9 9
199 195 9 9
199 194 9 9
180 190 9 9
180 189 9 9
180 195 9 9
180 199 9 9
181 192 9 9
181 195 9 9
181 198 9 9
181 199 9 9
182 192 9 9
182 199 9 9
182 188 9 9
182 197 9 9
183 188 9 9
183 193 9 9
183 195 9 9
183 198 9 9
204 200 10 10
204 202 10 10
204 203 10 10
204 201 10 10
205 204 10 10
205 200 10 10
205 203 10 10
205 201 10 10
206 200 10 10
206 205 10 10
206 203 10 10
206 201 10 10
207 201 10 10
207 203 10 10
207 206 10 10
207 204 10 10
208 203 10 10
208 200 10 10
208 207 10 10
208 205 10 10
209 208 10 10
209 200 10 10
209 204 10 10
209 207 10 10
210 205 10 10
210 206 10 10
210 201 10 10
210 203 10 10
211 210 10 10
211 204 10 10
211 200 10 10
211 205 10 10
212 200 10 10
212 206 10 10
212 205 10 10
212 211 10 10
213 200 10 10
213 209 10 10
213 206 10 10
213 212 10 10
214 210 10 10
214 212 10 10
214 205 10 10
214 211 10 10
215 200 10 10
215 204 10 10
215 201 10 10
215 209 10 10
216 210 10 10
216 205 10 10
216 206 10 10
216 200 10 10
217 209 10 10
217 210 10 10
217 213 10 10
217 201 10 10
218 216 10 10
218 210 10 10
218 211 10 10
218 205 10 10
219 204 10 10
219 202 10 10
219 218 10 10
219 201 10 10
200 210 10 10
200 214 10 10
200 217 10 10
200 219 10 10
201 218 10 10
201 216 10 10
201 214 10 10
201 209 10 10
202 209 10 10
202 207 10 10
202 215 10 10
202 218 10 10
203 212 10 10
203 215 10 10
203 218 10 10
203 219 10 10
224 221 11 11
224 223 11 11
224 220 11 11
224 222 11 11
225 221 11 11
225 223 11 11
225 222 11 11
225 224 11 11
226 225 11 11
226 223 11 11
226 221 11 11
226 222 11 11
227 220 11 11
227 223 11 11
227 225 11 11
227 226 11 11
228 226 11 11
228 221 11 11
228 223 11 11
228 225 11 11
229 222 11 11
229 224 11 11
229 226 11 11
229 228 11 11
230 227 11 11
230 228 11 11
230 223 11 11
230 229 11 11
231 229 11 11
231 221 11 11
231 230 11 11
231 223 11 11
232 226 11 11
232 222 11 11
232 223 11 11
232 225 11 11
233 220 11 11
233 221 11 11
233 223 11 11
233 224 11 11
234 228 11 11
234 221 11 11
234 224 11 11
234 229 11 11
235 229 11 11
235 233 11 11
235 232 11 11
235 224 11 11
236 231 11 11
236 220 11 11
236 225 11 11
236 233 11 11
237 226 11 11
237 224 11 11
237 223 11 11
237 234 11 11
238 233 11 11
238 228 11 11
238 234 11 11
238 225 11 11
239 229 11 11
239 237 11 11
239 230 11 11
239 231 11 11
220 238 11 11
220 230 11 11
220 234 11 11
220 231 11 11
221 230 11 11
221 235 11 11
221 238 11 11
221 239 11 11
222 238 11 11
222 234 11 11
222 237 11 11
222 228 11 11
223 229 11 11
223 239 11 11
223 234 11 11
223 235 11 11
244 242 12 12
244 241 12 12
244 240 12 12
244 243 12 12
245 243 12 12
245 241 12 12
245 240 12 12
245 244 12 12
246 242 12 12
246 245 12 12
246 240 12 12
246 243 12 12
247 241 12 12
247 244 12 12
247 240 12 12
247 245 12 12
248 241 12 12
248 240 12 12
248 247 12 12
248 244 12 12
249 247 12 12
249 241 12 12
249 248 12 12
249 242 12 12
250 248 12 12
250 245 12 12
250 246 12 12
250 243 12 12
251 244 12 12
251 248 12 12
251 242 12 12
251 247 12 12
252 247 12 12
252 240 12 12
252 241 12 12
252 251 12 12
253 240 12 12
253 244 12 12
253 247 12 12
253 249 12 12
254 241 12 12
254 247 12 12
254 242 12 12
254 253 12 12
255 250 12 12
255 245 12 12
255 253 12 12
255 241 12 12
256 242 12 12
256 255 12 12
256 243 12 12
256 253 12 12
257 243 12 12
257 241 12 12
257 245 12 12
257 255 12 12
258 247 12 12
258 255 12 12
258 248 12 12
258 252 12 12
259 248 12 12
259 244 12 12
259 253 12 12
259 240 12 12
240 251 12 12
240 254 12 12
240 258 12 12
240 249 12 12
241 259 12 12
241 251 12 12
241 253 12 12
241 258 12 12
242 250 12 12
242 255 12 12
242 247 12 12
242 248 12 12
243 251 12 12
243 255 12 12
243 253 12 12
243 254 12 12
264 261 13 13
264 260 13 13
264 263 13 13
264 262 13 13
265 260 13 13
265 262 13 13
265 261 13 13
265 263 13 13
266 263 13 13
266 260 13 13
266 264 13 13
266 261 13 13
267 266 13 13
267 260 13 13
267 262 13 13
267 261 13 13
268 260 13 13
268 267 13 13
268 265 13 13
268 261 13 13
269 268 13 13
269 265 13 13
269 262 13 13
269 263 13 13
270 267 13 13
270 261 13 13
270 260 13 13
270 266 13 13
271 267 13 13
271 268 13 13
271 266 13 13
271 262 13 13
272 268 13 13
272 267 13 13
272 269 13 13
272 266 13 13
273 262 13 13
273 266 13 13
273 263 13 13
273 268 13 13
274 261 13 13
274 271 13 13
274 264 13 13
274 260 13 13
275 268 13 13
275 269 13 13
275 263 13 13
275 267 13 13
276 272 13 13
276 270 13 13
276 273 13 13
276 260 13 13
277 274 13 13
277 261 13 13
277 266 13 13
277 260 13 13
278 270 13 13
278 267 13 13
278 273 13 13
278 268 13 13
279 268 13 13
279 264 13 13
279 270 13 13
279 277 13 13
260 278 13 13
260 269 13 13
260 279 13 13
260 275 13 13
261 276 13 13
261 273 13 13
261 278 13 13
261 275 13 13
262 270 13 13
262 272 13 13
262 268 13 13
262 278 13 13
263 274 13 13
263 278 13 13
263 276 13 13
263 272 13 13
284 282 14 14
284 280 14 14
284 281 14 14
284 283 14 14
285 284 14 14
285 281 14 14
285 282 14 14
285 280 14 14
286 282 14 14
286 281 14 14
286 285 14 14
286 283 14 14
287 286 14 14
287 282 14 14
287 285 14 14
287 281 14 14
288 282 14 14
288 283 14 14
288 280 14 14
288 284 14 14
289 281 14 14
289 287 14 14
289 280 14 14
289 286 14 14
290 286 14 14
290 287 14 14
290 280 14 14
290 281 14 14
291 290 14 14
291 287 14 14
291 286 14 14
291 284 14 14
292 280 14 14
292 288 14 14
292 290 14 14
292 283 14 14
293 291 14 14
293 290 14 14
293 286 14 14
293 282 14 14
294 292 14 14
294 280 14 14
294 288 14 14
294 282 14 14
295 282 14 14
295 284 14 14
295 292 14 14
295 294 14 14
296 284 14 14
296 285 14 14
296 282 14 14
296 295 14 14
297 295 14 14
297 293 14 14
297 281 14 14
297 285 14 14
298 294 14 14
298 287 14 14
298 280 14 14
298 281 14 14
299 294 14 14
299 297 14 14
299 295 14 14
299 296 14 14
280 299 14 14
280 295 14 14
280 297 14 14
280 291 14 14
281 288 14 14
281 294 14 14
281 296 14 14
281 291 14 14
282 292 14 14
282 299 14 14
282 298 14 14
282 290 14 14
283 298 14 14
283 295 14 14
283 297 14 14
283 299 14 14
304 302 15 15
304 300 15 15
304 301 15 15
304 303 15 15
305 300 15 15
305 302 15 15
305 303 15 15
305 301 15 15
306 304 15 15
306 301 15 15
306 300 15 15
306 303 15 15
307 301 15 15
307 300 15 15
307 305 15 15
307 306 15 15
308 304 15 15
308 300 15 15
308 301 15 15
308 306 15 15
309 306 15 15
309 300 15 15
309 307 15 15
309 303 15 15
310 302 15 15
310 300 15 15
310 306 15 15
310 301 15 15
311 300 15 15
311 306 15 15
311 301 15 15
311 303 15 15
312 305 15 15
312 310 15 15
312 306 15 15
312 308 15 15
313 308 15 15
313 310 15 15
313 301 15 15
313 311 15 15
314 308 15 15
314 307 15 15
314 305 15 15
314 306 15 15
315 311 15 15
315 304 15 15
315 301 15 15
315 300 15 15
316 312 15 15
316 304 15 15
316 314 15 15
316 305 15 15
317 310 15 15
317 313 15 15
317 300 15 15
317 309 15 15
318 304 15 15
318 309 15 15
318 311 15 15
318 315 15 15
319 316 15 15
319 309 15 15
319 314 15 15
319 310 15 15
300 314 15 15
300 313 15 15
300 312 15 15
300 316 15 15
301 312 15 15
301 319 15 15
301 309 15 15
301 317 15 15
302 309 15 15
302 306 15 15
302 316 15 15
302 312 15 15
303 318 15 15
303 312 15 15
303 314 15 15
303 310 15 15
98 41 4 2
94 5 4 0
87 76 4 3
88 23 4 1
108 11 5 0
110 51 5 2
109 20 5 1
112 92 5 4
120 4 6 0
139 87 6 4
124 53 6 2
127 118 6 5
143 36 7 1
150 63 7 3
142 122 7 6
154 107 7 5
162 139 8 6
168 95 8 4
162 70 8 3
178 40 8 2
189 115 9 5
197 68 9 3
195 151 9 7
196 29 9 1
212 59 10 2
214 175 10 8
208 18 10 0
218 22 10 1
232 17 11 0
223 94 11 4
224 67 11 3
237 204 11 10
242 25 12 1
255 165 12 8
241 122 12 6
250 52 12 2
276 258 13 12
276 166 13 8
270 217 13 10
268 86 13 4
285 219 14 10
280 64 14 3
280 47 14 2
290 26 14 1
303 42 15 2
310 10 15 0
316 110 15 5
310 249 15 12
16 141 0 7
12 267 0 13
17 162 0 8
17 244 0 12
35 163 1 8
37 221 1 11
38 318 1 15
33 274 1 13
49 182 2 9
48 144 2 7
54 275 2 13
54 224 2 11
62 257 3 12
78 301 3 15
76 110 3 5
60 262 3 13
