swNum = 320
edgeNum = 1344

0 0
1 0
2 0
3 0
4 0
5 0
6 0
7 0
8 0
9 0
10 0
11 0
12 0
13 0
14 0
15 0
16 0
17 0
18 0
19 0
20 1
21 1
22 1
23 1
24 1
25 1
26 1
27 1
28 1
29 1
30 1
31 1
32 1
33 1
34 1
35 1
36 1
37 1
38 1
39 1
40 2
41 2
42 2
43 2
44 2
45 2
46 2
47 2
48 2
49 2
50 2
51 2
52 2
53 2
54 2
55 2
56 2
57 2
58 2
59 2
60 3
61 3
62 3
63 3
64 3
65 3
66 3
67 3
68 3
69 3
70 3
71 3
72 3
73 3
74 3
75 3
76 3
77 3
78 3
79 3
80 4
81 4
82 4
83 4
84 4
85 4
86 4
87 4
88 4
89 4
90 4
91 4
92 4
93 4
94 4
95 4
96 4
97 4
98 4
99 4
100 5
101 5
102 5
103 5
104 5
105 5
106 5
107 5
108 5
109 5
110 5
111 5
112 5
113 5
114 5
115 5
116 5
117 5
118 5
119 5
120 6
121 6
122 6
123 6
124 6
125 6
126 6
127 6
128 6
129 6
130 6
131 6
132 6
133 6
134 6
135 6
136 6
137 6
138 6
139 6
140 7
141 7
142 7
143 7
144 7
145 7
146 7
147 7
148 7
149 7
150 7
151 7
152 7
153 7
154 7
155 7
156 7
157 7
158 7
159 7
160 8
161 8
162 8
163 8
164 8
165 8
166 8
167 8
168 8
169 8
170 8
171 8
172 8
173 8
174 8
175 8
176 8
177 8
178 8
179 8
180 9
181 9
182 9
183 9
184 9
185 9
186 9
187 9
188 9
189 9
190 9
191 9
192 9
193 9
194 9
195 9
196 9
197 9
198 9
199 9
200 10
201 10
202 10
203 10
204 10
205 10
206 10
207 10
208 10
209 10
210 10
211 10
212 10
213 10
214 10
215 10
216 10
217 10
218 10
219 10
220 11
221 11
222 11
223 11
224 11
225 11
226 11
227 11
228 11
229 11
230 11
231 11
232 11
233 11
234 11
235 11
236 11
237 11
238 11
239 11
240 12
241 12
242 12
243 12
244 12
245 12
246 12
247 12
248 12
249 12
250 12
251 12
252 12
253 12
254 12
255 12
256 12
257 12
258 12
259 12
260 13
261 13
262 13
263 13
264 13
265 13
266 13
267 13
268 13
269 13
270 13
271 13
272 13
273 13
274 13
275 13
276 13
277 13
278 13
279 13
280 14
281 14
282 14
283 14
284 14
285 14
286 14
287 14
288 14
289 14
290 14
291 14
292 14
293 14
294 14
295 14
296 14
297 14
298 14
299 14
300 15
301 15
302 15
303 15
304 15
305 15
306 15
307 15
308 15
309 15
310 15
311 15
312 15
313 15
314 15
315 15
316 15
317 15
318 15
319 15

4 2 0 0
4 1 0 0
4 0 0 0
4 3 0 0
5 3 0 0
5 4 0 0
5 2 0 0
5 1 0 0
6 5 0 0
6 3 0 0
6 4 0 0
6 2 0 0
7 1 0 0
7 0 0 0
7 4 0 0
7 3 0 0
8 4 0 0
8 2 0 0
8 6 0 0
8 1 0 0
9 2 0 0
9 8 0 0
9 4 0 0
9 0 0 0
10 8 0 0
10 0 0 0
10 1 0 0
10 3 0 0
11 4 0 0
11 1 0 0
11 2 0 0
11 9 0 0
12 6 0 0
12 7 0 0
12 10 0 0
12 0 0 0
13 1 0 0
13 8 0 0
13 0 0 0
13 2 0 0
14 4 0 0
14 9 0 0
14 3 0 0
14 13 0 0
15 12 0 0
15 10 0 0
15 7 0 0
15 11 0 0
16 4 0 0
16 3 0 0
16 6 0 0
16 7 0 0
17 12 0 0
17 4 0 0
17 3 0 0
17 0 0 0
18 2 0 0
18 13 0 0
18 4 0 0
18 8 0 0
19 14 0 0
19 2 0 0
19 11 0 0
19 13 0 0
0 16 0 0
0 19 0 0
0 14 0 0
0 15 0 0
1 18 0 0
1 16 0 0
1 12 0 0
1 9 0 0
2 17 0 0
2 16 0 0
2 15 0 0
2 14 0 0
3 12 0 0
3 15 0 0
3 8 0 0
3 9 0 0
24 22 1 1
24 21 1 1
24 23 1 1
24 20 1 1
25 21 1 1
25 23 1 1
25 20 1 1
25 22 1 1
26 25 1 1
26 22 1 1
26 21 1 1
26 23 1 1
27 21 1 1
27 20 1 1
27 22 1 1
27 25 1 1
28 27 1 1
28 23 1 1
28 25 1 1
28 20 1 1
29 22 1 1
29 20 1 1
29 26 1 1
29 23 1 1
30 28 1 1
30 27 1 1
30 29 1 1
30 20 1 1
31 23 1 1
31 29 1 1
31 24 1 1
31 22 1 1
32 27 1 1
32 21 1 1
32 29 1 1
32 22 1 1
33 22 1 1
33 27 1 1
33 32 1 1
33 26 1 1
34 32 1 1
34 23 1 1
34 29 1 1
34 20 1 1
35 27 1 1
35 34 1 1
35 33 1 1
35 31 1 1
36 27 1 1
36 35 1 1
36 33 1 1
36 28 1 1
37 27 1 1
37 35 1 1
37 36 1 1
37 28 1 1
38 35 1 1
38 28 1 1
38 25 1 1
38 36 1 1
39 35 1 1
39 29 1 1
39 33 1 1
39 32 1 1
20 38 1 1
20 31 1 1
20 37 1 1
20 26 1 1
21 30 1 1
21 39 1 1
21 35 1 1
21 31 1 1
22 34 1 1
22 30 1 1
22 39 1 1
22 36 1 1
23 32 1 1
23 37 1 1
23 27 1 1
23 39 1 1
44 40 2 2
44 43 2 2
44 42 2 2
44 41 2 2
45 41 2 2
45 42 2 2
45 43 2 2
45 44 2 2
46 45 2 2
46 40 2 2
46 44 2 2
46 42 2 2
47 41 2 2
47 46 2 2
47 42 2 2
47 40 2 2
48 42 2 2
48 41 2 2
48 45 2 2
48 43 2 2
49 43 2 2
49 45 2 2
49 46 2 2
49 47 2 2
50 47 2 2
50 45 2 2
50 46 2 2
50 49 2 2
51 46 2 2
51 49 2 2
51 47 2 2
51 44 2 2
52 43 2 2
52 48 2 2
52 50 2 2
52 41 2 2
53 46 2 2
53 47 2 2
53 40 2 2
53 44 2 2
54 45 2 2
54 49 2 2
54 52 2 2
54 50 2 2
55 51 2 2
55 48 2 2
55 50 2 2
55 49 2 2
56 47 2 2
56 40 2 2
56 44 2 2
56 46 2 2
57 46 2 2
57 56 2 2
57 41 2 2
57 52 2 2
58 56 2 2
58 50 2 2
58 44 2 2
58 47 2 2
59 50 2 2
59 54 2 2
59 46 2 2
59 45 2 2
40 50 2 2
40 52 2 2
40 58 2 2
40 55 2 2
41 53 2 2
41 51 2 2
41 59 2 2
41 58 2 2
42 54 2 2
42 58 2 2
42 50 2 2
42 56 2 2
43 54 2 2
43 56 2 2
43 59 2 2
43 53 2 2
64 62 3 3
64 61 3 3
64 63 3 3
64 60 3 3
65 60 3 3
65 63 3 3
65 62 3 3
65 61 3 3
66 65 3 3
66 63 3 3
66 60 3 3
66 61 3 3
67 60 3 3
67 65 3 3
67 63 3 3
67 62 3 3
68 66 3 3
68 67 3 3
68 65 3 3
68 60 3 3
69 61 3 3
69 63 3 3
69 67 3 3
69 65 3 3
70 60 3 3
70 64 3 3
70 69 3 3
70 63 3 3
71 62 3 3
71 65 3 3
71 69 3 3
71 68 3 3
72 64 3 3
72 70 3 3
72 65 3 3
72 67 3 3
73 68 3 3
73 63 3 3
73 62 3 3
73 72 3 3
74 65 3 3
74 68 3 3
74 69 3 3
74 67 3 3
75 69 3 3
75 68 3 3
75 60 3 3
75 74 3 3
76 60 3 3
76 61 3 3
76 74 3 3
76 70 3 3
77 60 3 3
77 68 3 3
77 69 3 3
77 72 3 3
78 67 3 3
78 63 3 3
78 77 3 3
78 73 3 3
79 64 3 3
79 78 3 3
79 70 3 3
79 68 3 3
60 74 3 3
60 79 3 3
60 69 3 3
60 71 3 3
61 78 3 3
61 67 3 3
61 74 3 3
61 70 3 3
62 79 3 3
62 78 3 3
62 74 3 3
62 68 3 3
63 76 3 3
63 72 3 3
63 68 3 3
63 79 3 3
84 83 4 4
84 82 4 4
84 81 4 4
84 80 4 4
85 81 4 4
85 80 4 4
85 82 4 4
85 84 4 4
86 82 4 4
86 80 4 4
86 81 4 4
86 85 4 4
87 85 4 4
87 83 4 4
87 80 4 4
87 86 4 4
88 85 4 4
88 83 4 4
88 82 4 4
88 81 4 4
89 84 4 4
89 82 4 4
89 81 4 4
89 87 4 4
90 85 4 4
90 86 4 4
90 83 4 4
90 87 4 4
91 84 4 4
91 87 4 4
91 82 4 4
91 90 4 4
92 87 4 4
92 91 4 4
92 80 4 4
92 84 4 4
93 83 4 4
93 82 4 4
93 92 4 4
93 80 4 4
94 88 4 4
94 82 4 4
94 92 4 4
94 80 4 4
95 89 4 4
95 93 4 4
95 84 4 4
95 87 4 4
96 83 4 4
96 82 4 4
96 90 4 4
96 87 4 4
97 93 4 4
97 87 4 4
97 90 4 4
97 82 4 4
98 95 4 4
98 91 4 4
98 83 4 4
98 97 4 4
99 88 4 4
99 82 4 4
99 97 4 4
99 87 4 4
80 90 4 4
80 89 4 4
80 99 4 4
80 88 4 4
81 93 4 4
81 90 4 4
81 87 4 4
81 97 4 4
82 90 4 4
82 87 4 4
82 95 4 4
82 98 4 4
83 99 4 4
83 91 4 4
83 97 4 4
83 85 4 4
104 102 5 5
104 100 5 5
104 103 5 5
104 101 5 5
105 101 5 5
105 104 5 5
105 102 5 5
105 103 5 5
106 102 5 5
106 101 5 5
106 105 5 5
106 103 5 5
107 100 5 5
107 101 5 5
107 105 5 5
107 106 5 5
108 103 5 5
108 102 5 5
108 106 5 5
108 105 5 5
109 101 5 5
109 104 5 5
109 103 5 5
109 102 5 5
110 104 5 5
110 100 5 5
110 109 5 5
110 107 5 5
111 110 5 5
111 108 5 5
111 109 5 5
111 104 5 5
112 111 5 5
112 103 5 5
112 109 5 5
112 106 5 5
113 107 5 5
113 109 5 5
113 102 5 5
113 110 5 5
114 102 5 5
114 103 5 5
114 101 5 5
114 100 5 5
115 109 5 5
115 102 5 5
115 113 5 5
115 110 5 5
116 101 5 5
116 103 5 5
116 112 5 5
116 100 5 5
117 107 5 5
117 105 5 5
117 110 5 5
117 106 5 5
118 102 5 5
118 107 5 5
118 106 5 5
118 111 5 5
119 106 5 5
119 116 5 5
119 109 5 5
119 100 5 5
100 113 5 5
100 117 5 5
100 112 5 5
100 111 5 5
101 112 5 5
101 117 5 5
101 111 5 5
101 118 5 5
102 119 5 5
102 116 5 5
102 117 5 5
102 110 5 5
103 115 5 5
103 119 5 5
103 110 5 5
103 111 5 5
124 123 6 6
124 121 6 6
124 122 6 6
124 120 6 6
125 120 6 6
125 124 6 6
125 122 6 6
125 123 6 6
126 122 6 6
126 120 6 6
126 125 6 6
126 121 6 6
127 126 6 6
127 123 6 6
127 124 6 6
127 120 6 6
128 124 6 6
128 127 6 6
128 123 6 6
128 120 6 6
129 120 6 6
129 126 6 6
129 122 6 6
129 124 6 6
130 126 6 6
130 125 6 6
130 123 6 6
130 129 6 6
131 125 6 6
131 123 6 6
131 127 6 6
131 124 6 6
132 122 6 6
132 128 6 6
132 124 6 6
132 127 6 6
133 129 6 6
133 126 6 6
133 120 6 6
133 131 6 6
134 127 6 6
134 124 6 6
134 130 6 6
134 123 6 6
135 121 6 6
135 130 6 6
135 127 6 6
135 129 6 6
136 129 6 6
136 130 6 6
136 122 6 6
136 126 6 6
137 125 6 6
137 136 6 6
137 135 6 6
137 122 6 6
138 128 6 6
138 125 6 6
138 133 6 6
138 137 6 6
139 133 6 6
139 136 6 6
139 129 6 6
139 137 6 6
120 131 6 6
120 139 6 6
120 130 6 6
120 135 6 6
121 134 6 6
121 138 6 6
121 132 6 6
121 139 6 6
122 139 6 6
122 130 6 6
122 138 6 6
122 135 6 6
123 137 6 6
123 139 6 6
123 136 6 6
123 132 6 6
144 142 7 7
144 143 7 7
144 141 7 7
144 140 7 7
145 144 7 7
145 140 7 7
145 142 7 7
145 141 7 7
146 142 7 7
146 143 7 7
146 144 7 7
146 140 7 7
147 140 7 7
147 145 7 7
147 143 7 7
147 141 7 7
148 141 7 7
148 143 7 7
148 144 7 7
148 140 7 7
149 142 7 7
149 140 7 7
149 144 7 7
149 147 7 7
150 147 7 7
150 142 7 7
150 148 7 7
150 141 7 7
151 149 7 7
151 140 7 7
151 145 7 7
151 146 7 7
152 144 7 7
152 147 7 7
152 140 7 7
152 149 7 7
153 143 7 7
153 142 7 7
153 146 7 7
153 150 7 7
154 141 7 7
154 152 7 7
154 142 7 7
154 147 7 7
155 152 7 7
155 144 7 7
155 147 7 7
155 148 7 7
156 150 7 7
156 153 7 7
156 146 7 7
156 147 7 7
157 153 7 7
157 147 7 7
157 143 7 7
157 144 7 7
158 146 7 7
158 156 7 7
158 147 7 7
158 144 7 7
159 150 7 7
159 141 7 7
159 146 7 7
159 153 7 7
140 153 7 7
140 154 7 7
140 150 7 7
140 155 7 7
141 153 7 7
141 157 7 7
141 146 7 7
141 156 7 7
142 152 7 7
142 151 7 7
142 147 7 7
142 159 7 7
143 149 7 7
143 158 7 7
143 155 7 7
143 154 7 7
164 160 8 8
164 161 8 8
164 163 8 8
164 162 8 8
165 163 8 8
165 161 8 8
165 160 8 8
165 164 8 8
166 165 8 8
166 163 8 8
166 161 8 8
166 160 8 8
167 161 8 8
167 163 8 8
167 160 8 8
167 162 8 8
168 162 8 8
168 163 8 8
168 164 8 8
168 167 8 8
169 164 8 8
169 168 8 8
169 162 8 8
169 163 8 8
170 161 8 8
170 167 8 8
170 169 8 8
170 163 8 8
171 168 8 8
171 169 8 8
171 165 8 8
171 170 8 8
172 163 8 8
172 170 8 8
172 165 8 8
172 167 8 8
173 160 8 8
173 171 8 8
173 170 8 8
173 169 8 8
174 171 8 8
174 164 8 8
174 173 8 8
174 163 8 8
175 169 8 8
175 173 8 8
175 171 8 8
175 172 8 8
176 162 8 8
176 174 8 8
176 172 8 8
176 175 8 8
177 173 8 8
177 174 8 8
177 160 8 8
177 166 8 8
178 172 8 8
178 165 8 8
178 167 8 8
178 175 8 8
179 169 8 8
179 167 8 8
179 162 8 8
179 166 8 8
160 175 8 8
160 174 8 8
160 176 8 8
160 169 8 8
161 176 8 8
161 178 8 8
161 172 8 8
161 177 8 8
162 178 8 8
162 177 8 8
162 165 8 8
162 172 8 8
163 177 8 8
163 175 8 8
163 179 8 8
163 178 8 8
184 180 9 9
184 182 9 9
184 183 9 9
184 181 9 9
185 184 9 9
185 183 9 9
185 180 9 9
185 181 9 9
186 181 9 9
186 185 9 9
186 180 9 9
186 183 9 9
187 184 9 9
187 185 9 9
187 182 9 9
187 183 9 9
188 185 9 9
188 187 9 9
188 180 9 9
188 181 9 9
189 187 9 9
189 186 9 9
189 185 9 9
189 182 9 9
190 187 9 9
190 181 9 9
190 184 9 9
190 186 9 9
191 188 9 9
191 182 9 9
191 190 9 9
191 187 9 9
192 183 9 9
192 181 9 9
192 180 9 9
192 189 9 9
193 190 9 9
193 189 9 9
193 181 9 9
193 191 9 9
194 180 9 9
194 182 9 9
194 187 9 9
194 192 9 9
195 193 9 9
195 186 9 9
195 188 9 9
195 189 9 9
196 185 9 9
196 193 9 9
196 184 9 9
196 180 9 9
197 183 9 9
197 190 9 9
197 180 9 9
197 196 9 9
198 181 9 9
198 196 9 9
198 182 9 9
198 185 9 9
199 180 9 9
199 187 9 9
199 197 9 9
199 183 9 9
180 193 9 9
180 190 9 9
180 198 9 9
180 187 9 9
181 187 9 9
181 194 9 9
181 191 9 9
181 189 9 9
182 199 9 9
182 185 9 9
182 193 9 9
182 190 9 9
183 188 9 9
183 194 9 9
183 195 9 9
183 196 9 9
204 200 10 10
204 201 10 10
204 202 10 10
204 203 10 10
205 204 10 10
205 202 10 10
205 200 10 10
205 201 10 10
206 204 10 10
206 200 10 10
206 201 10 10
206 202 10 10
207 206 10 10
207 201 10 10
207 205 10 10
207 200 10 10
208 202 10 10
208 203 10 10
208 201 10 10
208 205 10 10
209 205 10 10
209 200 10 10
209 202 10 10
209 207 10 10
210 200 10 10
210 201 10 10
210 209 10 10
210 204 10 10
211 209 10 10
211 210 10 10
211 208 10 10
211 200 10 10
212 208 10 10
212 207 10 10
212 201 10 10
212 209 10 10
213 200 10 10
213 206 10 10
213 205 10 10
213 202 10 10
214 209 10 10
214 210 10 10
214 212 10 10
214 204 10 10
215 214 10 10
215 200 10 10
215 211 10 10
215 213 10 10
216 206 10 10
216 200 10 10
216 204 10 10
216 209 10 10
217 205 10 10
217 210 10 10
217 215 10 10
217 208 10 10
218 207 10 10
218 200 10 10
218 211 10 10
218 201 10 10
219 208 10 10
219 203 10 10
219 202 10 10
219 206 10 10
200 212 10 10
200 217 10 10
200 208 10 10
200 214 10 10
201 219 10 10
201 215 10 10
201 217 10 10
201 209 10 10
202 207 10 10
202 210 10 10
202 216 10 10
202 218 10 10
203 212 10 10
203 214 10 10
203 216 10 10
203 206 10 10
224 223 11 11
224 220 11 11
224 222 11 11
224 221 11 11
225 221 11 11
225 220 11 11
225 222 11 11
225 224 11 11
226 224 11 11
226 220 11 11
226 221 11 11
226 222 11 11
227 220 11 11
227 224 11 11
227 223 11 11
227 226 11 11
228 223 11 11
228 221 11 11
228 224 11 11
228 220 11 11
229 226 11 11
229 227 11 11
229 220 11 11
229 223 11 11
230 229 11 11
230 227 11 11
230 220 11 11
230 221 11 11
231 221 11 11
231 223 11 11
231 225 11 11
231 228 11 11
232 222 11 11
232 225 11 11
232 226 11 11
232 223 11 11
233 228 11 11
233 222 11 11
233 229 11 11
233 230 11 11
234 232 11 11
234 221 11 11
234 225 11 11
234 228 11 11
235 232 11 11
235 225 11 11
235 222 11 11
235 224 11 11
236 226 11 11
236 228 11 11
236 221 11 11
236 231 11 11
237 233 11 11
237 228 11 11
237 224 11 11
237 236 11 11
238 233 11 11
238 235 11 11
238 221 11 11
238 223 11 11
239 231 11 11
239 238 11 11
239 228 11 11
239 234 11 11
220 232 11 11
220 234 11 11
220 235 11 11
220 237 11 11
221 227 11 11
221 232 11 11
221 229 11 11
221 233 11 11
222 234 11 11
222 228 11 11
222 238 11 11
222 227 11 11
223 237 11 11
223 239 11 11
223 236 11 11
223 235 11 11
244 243 12 12
244 242 12 12
244 241 12 12
244 240 12 12
245 240 12 12
245 241 12 12
245 242 12 12
245 243 12 12
246 244 12 12
246 243 12 12
246 240 12 12
246 242 12 12
247 245 12 12
247 241 12 12
247 240 12 12
247 244 12 12
248 246 12 12
248 243 12 12
248 241 12 12
248 245 12 12
249 248 12 12
249 243 12 12
249 247 12 12
249 246 12 12
250 240 12 12
250 249 12 12
250 243 12 12
250 245 12 12
251 248 12 12
251 243 12 12
251 245 12 12
251 240 12 12
252 246 12 12
252 241 12 12
252 248 12 12
252 245 12 12
253 242 12 12
253 241 12 12
253 252 12 12
253 250 12 12
254 246 12 12
254 240 12 12
254 244 12 12
254 252 12 12
255 249 12 12
255 247 12 12
255 250 12 12
255 251 12 12
256 245 12 12
256 250 12 12
256 242 12 12
256 252 12 12
257 240 12 12
257 250 12 12
257 243 12 12
257 254 12 12
258 245 12 12
258 241 12 12
258 257 12 12
258 249 12 12
259 252 12 12
259 245 12 12
259 241 12 12
259 243 12 12
240 248 12 12
240 256 12 12
240 249 12 12
240 259 12 12
241 246 12 12
241 256 12 12
241 250 12 12
241 255 12 12
242 259 12 12
242 250 12 12
242 257 12 12
242 252 12 12
243 252 12 12
243 256 12 12
243 254 12 12
243 253 12 12
264 261 13 13
264 260 13 13
264 263 13 13
264 262 13 13
265 260 13 13
265 264 13 13
265 263 13 13
265 262 13 13
266 262 13 13
266 263 13 13
266 261 13 13
266 265 13 13
267 266 13 13
267 261 13 13
267 260 13 13
267 262 13 13
268 266 13 13
268 264 13 13
268 262 13 13
268 261 13 13
269 264 13 13
269 260 13 13
269 268 13 13
269 267 13 13
270 261 13 13
270 268 13 13
270 260 13 13
270 264 13 13
271 265 13 13
271 269 13 13
271 263 13 13
271 260 13 13
272 262 13 13
272 260 13 13
272 270 13 13
272 261 13 13
273 262 13 13
273 263 13 13
273 266 13 13
273 261 13 13
274 267 13 13
274 261 13 13
274 269 13 13
274 268 13 13
275 263 13 13
275 273 13 13
275 262 13 13
275 260 13 13
276 269 13 13
276 260 13 13
276 275 13 13
276 270 13 13
277 266 13 13
277 267 13 13
277 264 13 13
277 262 13 13
278 262 13 13
278 273 13 13
278 276 13 13
278 261 13 13
279 272 13 13
279 278 13 13
279 277 13 13
279 271 13 13
260 274 13 13
260 277 13 13
260 268 13 13
260 278 13 13
261 271 13 13
261 276 13 13
261 279 13 13
261 265 13 13
262 279 13 13
262 270 13 13
262 274 13 13
262 276 13 13
263 279 13 13
263 268 13 13
263 274 13 13
263 267 13 13
284 281 14 14
284 282 14 14
284 283 14 14
284 280 14 14
285 284 14 14
285 281 14 14
285 282 14 14
285 283 14 14
286 280 14 14
286 281 14 14
286 283 14 14
286 282 14 14
287 286 14 14
287 280 14 14
287 281 14 14
287 282 14 14
288 285 14 14
288 282 14 14
288 284 14 14
288 283 14 14
289 281 14 14
289 283 14 14
289 280 14 14
289 282 14 14
290 284 14 14
290 288 14 14
290 283 14 14
290 281 14 14
291 286 14 14
291 290 14 14
291 283 14 14
291 287 14 14
292 285 14 14
292 280 14 14
292 288 14 14
292 284 14 14
293 281 14 14
293 285 14 14
293 283 14 14
293 289 14 14
294 287 14 14
294 289 14 14
294 285 14 14
294 293 14 14
295 285 14 14
295 283 14 14
295 292 14 14
295 289 14 14
296 284 14 14
296 290 14 14
296 285 14 14
296 280 14 14
297 292 14 14
297 283 14 14
297 286 14 14
297 285 14 14
298 280 14 14
298 289 14 14
298 286 14 14
298 295 14 14
299 280 14 14
299 297 14 14
299 296 14 14
299 282 14 14
280 297 14 14
280 293 14 14
280 294 14 14
280 295 14 14
281 299 14 14
281 297 14 14
281 291 14 14
281 288 14 14
282 292 14 14
282 295 14 14
282 294 14 14
282 297 14 14
283 292 14 14
283 296 14 14
283 287 14 14
283 294 14 14
304 303 15 15
304 300 15 15
304 302 15 15
304 301 15 15
305 303 15 15
305 302 15 15
305 300 15 15
305 304 15 15
306 304 15 15
306 301 15 15
306 300 15 15
306 302 15 15
307 302 15 15
307 300 15 15
307 305 15 15
307 301 15 15
308 300 15 15
308 304 15 15
308 301 15 15
308 303 15 15
309 305 15 15
309 301 15 15
309 306 15 15
309 304 15 15
310 306 15 15
310 303 15 15
310 300 15 15
310 302 15 15
311 303 15 15
311 308 15 15
311 300 15 15
311 305 15 15
312 307 15 15
312 305 15 15
312 300 15 15
312 302 15 15
313 312 15 15
313 304 15 15
313 305 15 15
313 307 15 15
314 306 15 15
314 310 15 15
314 308 15 15
314 302 15 15
315 306 15 15
315 303 15 15
315 300 15 15
315 304 15 15
316 308 15 15
316 315 15 15
316 306 15 15
316 300 15 15
317 303 15 15
317 314 15 15
317 304 15 15
317 310 15 15
318 315 15 15
318 308 15 15
318 306 15 15
318 316 15 15
319 310 15 15
319 314 15 15
319 317 15 15
319 316 15 15
300 317 15 15
300 318 15 15
300 319 15 15
300 314 15 15
301 317 15 15
301 313 15 15
301 315 15 15
301 318 15 15
302 311 15 15
302 315 15 15
302 313 15 15
302 309 15 15
303 318 15 15
303 307 15 15
303 314 15 15
303 313 15 15
84 22 4 1
83 50 4 2
85 66 4 3
92 6 4 0
118 22 5 1
116 1 5 0
101 61 5 3
105 51 5 2
129 115 6 5
130 81 6 4
122 34 6 1
126 69 6 3
149 128 7 6
147 99 7 4
141 45 7 2
140 69 7 3
178 138 8 6
175 24 8 1
166 82 8 4
169 45 8 2
187 79 9 3
188 8 9 0
197 174 9 8
198 104 9 5
212 126 10 6
211 101 10 5
219 197 10 9
204 168 10 8
223 130 11 6
236 47 11 2
232 159 11 7
229 174 11 8
246 175 12 8
243 156 12 7
255 222 12 11
255 53 12 2
268 178 13 8
270 215 13 10
273 29 13 1
260 188 13 9
297 31 14 1
287 133 14 6
286 111 14 5
291 240 14 12
303 195 15 9
310 51 15 2
316 39 15 1
311 151 15 7
3 308 0 15
19 230 0 11
4 216 0 10
13 151 0 7
21 228 1 11
28 141 1 7
39 241 1 12
21 205 1 10
51 268 2 13
54 193 2 9
56 297 2 14
45 212 2 10
63 290 3 14
66 310 3 15
73 225 3 11
63 215 3 10
