swNum = 320
edgeNum = 1344

0 0
1 0
2 0
3 0
4 0
5 0
6 0
7 0
8 0
9 0
10 0
11 0
12 0
13 0
14 0
15 0
16 0
17 0
18 0
19 0
20 1
21 1
22 1
23 1
24 1
25 1
26 1
27 1
28 1
29 1
30 1
31 1
32 1
33 1
34 1
35 1
36 1
37 1
38 1
39 1
40 2
41 2
42 2
43 2
44 2
45 2
46 2
47 2
48 2
49 2
50 2
51 2
52 2
53 2
54 2
55 2
56 2
57 2
58 2
59 2
60 3
61 3
62 3
63 3
64 3
65 3
66 3
67 3
68 3
69 3
70 3
71 3
72 3
73 3
74 3
75 3
76 3
77 3
78 3
79 3
80 4
81 4
82 4
83 4
84 4
85 4
86 4
87 4
88 4
89 4
90 4
91 4
92 4
93 4
94 4
95 4
96 4
97 4
98 4
99 4
100 5
101 5
102 5
103 5
104 5
105 5
106 5
107 5
108 5
109 5
110 5
111 5
112 5
113 5
114 5
115 5
116 5
117 5
118 5
119 5
120 6
121 6
122 6
123 6
124 6
125 6
126 6
127 6
128 6
129 6
130 6
131 6
132 6
133 6
134 6
135 6
136 6
137 6
138 6
139 6
140 7
141 7
142 7
143 7
144 7
145 7
146 7
147 7
148 7
149 7
150 7
151 7
152 7
153 7
154 7
155 7
156 7
157 7
158 7
159 7
160 8
161 8
162 8
163 8
164 8
165 8
166 8
167 8
168 8
169 8
170 8
171 8
172 8
173 8
174 8
175 8
176 8
177 8
178 8
179 8
180 9
181 9
182 9
183 9
184 9
185 9
186 9
187 9
188 9
189 9
190 9
191 9
192 9
193 9
194 9
195 9
196 9
197 9
198 9
199 9
200 10
201 10
202 10
203 10
204 10
205 10
206 10
207 10
208 10
209 10
210 10
211 10
212 10
213 10
214 10
215 10
216 10
217 10
218 10
219 10
220 11
221 11
222 11
223 11
224 11
225 11
226 11
227 11
228 11
229 11
230 11
231 11
232 11
233 11
234 11
235 11
236 11
237 11
238 11
239 11
240 12
241 12
242 12
243 12
244 12
245 12
246 12
247 12
248 12
249 12
250 12
251 12
252 12
253 12
254 12
255 12
256 12
257 12
258 12
259 12
260 13
261 13
262 13
263 13
264 13
265 13
266 13
267 13
268 13
269 13
270 13
271 13
272 13
273 13
274 13
275 13
276 13
277 13
278 13
279 13
280 14
281 14
282 14
283 14
284 14
285 14
286 14
287 14
288 14
289 14
290 14
291 14
292 14
293 14
294 14
295 14
296 14
297 14
298 14
299 14
300 15
301 15
302 15
303 15
304 15
305 15
306 15
307 15
308 15
309 15
310 15
311 15
312 15
313 15
314 15
315 15
316 15
317 15
318 15
319 15

4 3 0 0
4 0 0 0
4 2 0 0
4 1 0 0
5 4 0 0
5 2 0 0
5 0 0 0
5 1 0 0
6 3 0 0
6 0 0 0
6 1 0 0
6 2 0 0
7 2 0 0
7 0 0 0
7 1 0 0
7 6 0 0
8 6 0 0
8 0 0 0
8 7 0 0
8 1 0 0
9 0 0 0
9 4 0 0
9 3 0 0
9 2 0 0
10 2 0 0
10 1 0 0
10 4 0 0
10 0 0 0
11 7 0 0
11 8 0 0
11 10 0 0
11 1 0 0
12 4 0 0
12 1 0 0
12 9 0 0
12 11 0 0
13 12 0 0
13 2 0 0
13 6 0 0
13 3 0 0
14 2 0 0
14 6 0 0
14 3 0 0
14 9 0 0
15 2 0 0
15 14 0 0
15 0 0 0
15 8 0 0
16 4 0 0
16 1 0 0
16 5 0 0
16 3 0 0
17 15 0 0
17 10 0 0
17 9 0 0
17 13 0 0
18 0 0 0
18 17 0 0
18 3 0 0
18 12 0 0
19 10 0 0
19 17 0 0
19 4 0 0
19 15 0 0
0 14 0 0
0 17 0 0
0 13 0 0
0 12 0 0
1 19 0 0
1 15 0 0
1 17 0 0
1 18 0 0
2 11 0 0
2 19 0 0
2 16 0 0
2 12 0 0
3 11 0 0
3 7 0 0
3 10 0 0
3 12 0 0
24 21 1 1
24 22 1 1
24 20 1 1
24 23 1 1
25 21 1 1
25 23 1 1
25 22 1 1
25 20 1 1
26 25 1 1
26 21 1 1
26 20 1 1
26 22 1 1
27 23 1 1
27 22 1 1
27 25 1 1
27 21 1 1
28 24 1 1
28 22 1 1
28 25 1 1
28 27 1 1
29 23 1 1
29 26 1 1
29 24 1 1
29 22 1 1
30 27 1 1
30 20 1 1
30 23 1 1
30 26 1 1
31 27 1 1
31 28 1 1
31 22 1 1
31 23 1 1
32 24 1 1
32 22 1 1
32 28 1 1
32 25 1 1
33 23 1 1
33 24 1 1
33 32 1 1
33 25 1 1
34 26 1 1
34 20 1 1
34 23 1 1
34 22 1 1
35 23 1 1
35 34 1 1
35 21 1 1
35 22 1 1
36 22 1 1
36 24 1 1
36 28 1 1
36 20 1 1
37 24 1 1
37 33 1 1
37 36 1 1
37 20 1 1
38 26 1 1
38 36 1 1
38 25 1 1
38 24 1 1
39 20 1 1
39 35 1 1
39 31 1 1
39 22 1 1
20 35 1 1
20 38 1 1
20 33 1 1
20 27 1 1
21 29 1 1
21 38 1 1
21 31 1 1
21 36 1 1
22 33 1 1
22 38 1 1
22 37 1 1
22 30 1 1
23 32 1 1
23 38 1 1
23 37 1 1
23 26 1 1
44 41 2 2
44 43 2 2
44 40 2 2
44 42 2 2
45 44 2 2
45 43 2 2
45 40 2 2
45 41 2 2
46 42 2 2
46 43 2 2
46 41 2 2
46 40 2 2
47 46 2 2
47 42 2 2
47 45 2 2
47 41 2 2
48 46 2 2
48 45 2 2
48 43 2 2
48 41 2 2
49 47 2 2
49 42 2 2
49 46 2 2
49 41 2 2
50 43 2 2
50 48 2 2
50 41 2 2
50 46 2 2
51 45 2 2
51 47 2 2
51 50 2 2
51 48 2 2
52 50 2 2
52 46 2 2
52 41 2 2
52 42 2 2
53 49 2 2
53 52 2 2
53 47 2 2
53 51 2 2
54 52 2 2
54 41 2 2
54 42 2 2
54 43 2 2
55 41 2 2
55 43 2 2
55 54 2 2
55 47 2 2
56 45 2 2
56 54 2 2
56 44 2 2
56 48 2 2
57 50 2 2
57 42 2 2
57 46 2 2
57 56 2 2
58 53 2 2
58 52 2 2
58 48 2 2
58 42 2 2
59 40 2 2
59 48 2 2
59 41 2 2
59 52 2 2
40 52 2 2
40 50 2 2
40 56 2 2
40 47 2 2
41 57 2 2
41 58 2 2
41 56 2 2
41 53 2 2
42 48 2 2
42 56 2 2
42 51 2 2
42 50 2 2
43 59 2 2
43 57 2 2
43 56 2 2
43 52 2 2
64 60 3 3
64 61 3 3
64 63 3 3
64 62 3 3
65 62 3 3
65 60 3 3
65 61 3 3
65 64 3 3
66 60 3 3
66 63 3 3
66 61 3 3
66 64 3 3
67 66 3 3
67 62 3 3
67 61 3 3
67 65 3 3
68 63 3 3
68 65 3 3
68 62 3 3
68 66 3 3
69 65 3 3
69 67 3 3
69 62 3 3
69 66 3 3
70 60 3 3
70 61 3 3
70 64 3 3
70 63 3 3
71 67 3 3
71 66 3 3
71 68 3 3
71 70 3 3
72 68 3 3
72 61 3 3
72 63 3 3
72 71 3 3
73 67 3 3
73 69 3 3
73 65 3 3
73 62 3 3
74 70 3 3
74 68 3 3
74 69 3 3
74 63 3 3
75 66 3 3
75 72 3 3
75 74 3 3
75 71 3 3
76 69 3 3
76 67 3 3
76 65 3 3
76 73 3 3
77 61 3 3
77 63 3 3
77 71 3 3
77 75 3 3
78 75 3 3
78 77 3 3
78 72 3 3
78 70 3 3
79 77 3 3
79 69 3 3
79 61 3 3
79 67 3 3
60 74 3 3
60 69 3 3
60 68 3 3
60 75 3 3
61 68 3 3
61 74 3 3
61 76 3 3
61 78 3 3
62 66 3 3
62 74 3 3
62 78 3 3
62 70 3 3
63 79 3 3
63 71 3 3
63 78 3 3
63 75 3 3
84 82 4 4
84 80 4 4
84 81 4 4
84 83 4 4
85 82 4 4
85 80 4 4
85 84 4 4
85 83 4 4
86 82 4 4
86 83 4 4
86 80 4 4
86 81 4 4
87 82 4 4
87 81 4 4
87 80 4 4
87 84 4 4
88 85 4 4
88 80 4 4
88 84 4 4
88 82 4 4
89 86 4 4
89 81 4 4
89 85 4 4
89 88 4 4
90 84 4 4
90 86 4 4
90 82 4 4
90 81 4 4
91 84 4 4
91 82 4 4
91 81 4 4
91 86 4 4
92 80 4 4
92 81 4 4
92 89 4 4
92 85 4 4
93 80 4 4
93 90 4 4
93 89 4 4
93 83 4 4
94 93 4 4
94 88 4 4
94 92 4 4
94 84 4 4
95 88 4 4
95 87 4 4
95 80 4 4
95 84 4 4
96 88 4 4
96 91 4 4
96 90 4 4
96 95 4 4
97 85 4 4
97 80 4 4
97 92 4 4
97 82 4 4
98 90 4 4
98 81 4 4
98 82 4 4
98 92 4 4
99 81 4 4
99 91 4 4
99 98 4 4
99 83 4 4
80 98 4 4
80 90 4 4
80 89 4 4
80 96 4 4
81 95 4 4
81 96 4 4
81 93 4 4
81 97 4 4
82 99 4 4
82 92 4 4
82 96 4 4
82 95 4 4
83 90 4 4
83 91 4 4
83 96 4 4
83 92 4 4
104 103 5 5
104 101 5 5
104 102 5 5
104 100 5 5
105 101 5 5
105 104 5 5
105 103 5 5
105 102 5 5
106 101 5 5
106 102 5 5
106 104 5 5
106 103 5 5
107 100 5 5
107 101 5 5
107 105 5 5
107 102 5 5
108 107 5 5
108 106 5 5
108 100 5 5
108 102 5 5
109 101 5 5
109 107 5 5
109 103 5 5
109 104 5 5
110 105 5 5
110 100 5 5
110 107 5 5
110 109 5 5
111 105 5 5
111 104 5 5
111 107 5 5
111 110 5 5
112 105 5 5
112 104 5 5
112 111 5 5
112 108 5 5
113 101 5 5
113 104 5 5
113 102 5 5
113 110 5 5
114 104 5 5
114 101 5 5
114 100 5 5
114 113 5 5
115 111 5 5
115 105 5 5
115 112 5 5
115 104 5 5
116 102 5 5
116 111 5 5
116 107 5 5
116 106 5 5
117 110 5 5
117 102 5 5
117 113 5 5
117 116 5 5
118 103 5 5
118 101 5 5
118 105 5 5
118 111 5 5
119 108 5 5
119 106 5 5
119 101 5 5
119 100 5 5
100 116 5 5
100 106 5 5
100 117 5 5
100 111 5 5
101 116 5 5
101 108 5 5
101 117 5 5
101 111 5 5
102 119 5 5
102 110 5 5
102 112 5 5
102 118 5 5
103 116 5 5
103 113 5 5
103 117 5 5
103 119 5 5
124 123 6 6
124 122 6 6
124 120 6 6
124 121 6 6
125 123 6 6
125 120 6 6
125 122 6 6
125 121 6 6
126 125 6 6
126 124 6 6
126 121 6 6
126 122 6 6
127 121 6 6
127 123 6 6
127 122 6 6
127 125 6 6
128 122 6 6
128 125 6 6
128 121 6 6
128 123 6 6
129 122 6 6
129 120 6 6
129 123 6 6
129 124 6 6
130 123 6 6
130 129 6 6
130 120 6 6
130 125 6 6
131 128 6 6
131 130 6 6
131 122 6 6
131 121 6 6
132 122 6 6
132 120 6 6
132 123 6 6
132 131 6 6
133 125 6 6
133 121 6 6
133 123 6 6
133 128 6 6
134 131 6 6
134 123 6 6
134 132 6 6
134 128 6 6
135 127 6 6
135 133 6 6
135 128 6 6
135 120 6 6
136 133 6 6
136 130 6 6
136 122 6 6
136 127 6 6
137 129 6 6
137 130 6 6
137 133 6 6
137 121 6 6
138 133 6 6
138 137 6 6
138 126 6 6
138 129 6 6
139 132 6 6
139 125 6 6
139 129 6 6
139 128 6 6
120 128 6 6
120 133 6 6
120 131 6 6
120 139 6 6
121 129 6 6
121 132 6 6
121 134 6 6
121 135 6 6
122 139 6 6
122 134 6 6
122 133 6 6
122 130 6 6
123 135 6 6
123 131 6 6
123 137 6 6
123 136 6 6
144 141 7 7
144 142 7 7
144 140 7 7
144 143 7 7
145 143 7 7
145 140 7 7
145 141 7 7
145 144 7 7
146 143 7 7
146 140 7 7
146 145 7 7
146 142 7 7
147 144 7 7
147 146 7 7
147 140 7 7
147 145 7 7
148 140 7 7
148 146 7 7
148 143 7 7
148 141 7 7
149 143 7 7
149 146 7 7
149 140 7 7
149 145 7 7
150 142 7 7
150 146 7 7
150 148 7 7
150 141 7 7
151 146 7 7
151 142 7 7
151 140 7 7
151 143 7 7
152 148 7 7
152 140 7 7
152 145 7 7
152 146 7 7
153 141 7 7
153 150 7 7
153 146 7 7
153 151 7 7
154 152 7 7
154 146 7 7
154 144 7 7
154 151 7 7
155 143 7 7
155 141 7 7
155 148 7 7
155 154 7 7
156 140 7 7
156 146 7 7
156 154 7 7
156 153 7 7
157 144 7 7
157 151 7 7
157 150 7 7
157 141 7 7
158 140 7 7
158 145 7 7
158 154 7 7
158 152 7 7
159 148 7 7
159 142 7 7
159 151 7 7
159 155 7 7
140 157 7 7
140 153 7 7
140 155 7 7
140 154 7 7
141 151 7 7
141 159 7 7
141 156 7 7
141 154 7 7
142 156 7 7
142 158 7 7
142 148 7 7
142 153 7 7
143 154 7 7
143 159 7 7
143 147 7 7
143 156 7 7
164 162 8 8
164 160 8 8
164 163 8 8
164 161 8 8
165 164 8 8
165 161 8 8
165 160 8 8
165 163 8 8
166 163 8 8
166 164 8 8
166 161 8 8
166 160 8 8
167 166 8 8
167 163 8 8
167 164 8 8
167 165 8 8
168 163 8 8
168 167 8 8
168 166 8 8
168 161 8 8
169 168 8 8
169 163 8 8
169 164 8 8
169 160 8 8
170 161 8 8
170 165 8 8
170 162 8 8
170 163 8 8
171 165 8 8
171 170 8 8
171 164 8 8
171 169 8 8
172 167 8 8
172 164 8 8
172 169 8 8
172 171 8 8
173 168 8 8
173 169 8 8
173 165 8 8
173 160 8 8
174 161 8 8
174 168 8 8
174 162 8 8
174 163 8 8
175 161 8 8
175 167 8 8
175 166 8 8
175 164 8 8
176 165 8 8
176 166 8 8
176 160 8 8
176 164 8 8
177 171 8 8
177 169 8 8
177 161 8 8
177 174 8 8
178 176 8 8
178 172 8 8
178 171 8 8
178 174 8 8
179 160 8 8
179 162 8 8
179 167 8 8
179 164 8 8
160 170 8 8
160 174 8 8
160 171 8 8
160 178 8 8
161 172 8 8
161 176 8 8
161 173 8 8
161 171 8 8
162 165 8 8
162 172 8 8
162 175 8 8
162 178 8 8
163 176 8 8
163 178 8 8
163 179 8 8
163 173 8 8
184 183 9 9
184 182 9 9
184 181 9 9
184 180 9 9
185 181 9 9
185 183 9 9
185 184 9 9
185 182 9 9
186 180 9 9
186 182 9 9
186 181 9 9
186 185 9 9
187 185 9 9
187 182 9 9
187 184 9 9
187 186 9 9
188 182 9 9
188 181 9 9
188 183 9 9
188 180 9 9
189 188 9 9
189 184 9 9
189 183 9 9
189 182 9 9
190 184 9 9
190 187 9 9
190 186 9 9
190 185 9 9
191 184 9 9
191 185 9 9
191 181 9 9
191 182 9 9
192 185 9 9
192 183 9 9
192 184 9 9
192 182 9 9
193 187 9 9
193 190 9 9
193 185 9 9
193 189 9 9
194 187 9 9
194 191 9 9
194 184 9 9
194 188 9 9
195 186 9 9
195 193 9 9
195 191 9 9
195 188 9 9
196 188 9 9
196 189 9 9
196 184 9 9
196 187 9 9
197 193 9 9
197 194 9 9
197 184 9 9
197 188 9 9
198 193 9 9
198 196 9 9
198 192 9 9
198 184 9 9
199 195 9 9
199 182 9 9
199 190 9 9
199 185 9 9
180 196 9 9
180 185 9 9
180 187 9 9
180 199 9 9
181 197 9 9
181 192 9 9
181 187 9 9
181 196 9 9
182 193 9 9
182 197 9 9
182 190 9 9
182 195 9 9
183 197 9 9
183 191 9 9
183 194 9 9
183 198 9 9
204 200 10 10
204 202 10 10
204 203 10 10
204 201 10 10
205 202 10 10
205 201 10 10
205 200 10 10
205 203 10 10
206 202 10 10
206 200 10 10
206 204 10 10
206 205 10 10
207 202 10 10
207 200 10 10
207 206 10 10
207 205 10 10
208 207 10 10
208 202 10 10
208 205 10 10
208 206 10 10
209 207 10 10
209 208 10 10
209 206 10 10
209 204 10 10
210 207 10 10
210 206 10 10
210 208 10 10
210 201 10 10
211 210 10 10
211 208 10 10
211 205 10 10
211 200 10 10
212 207 10 10
212 204 10 10
212 200 10 10
212 205 10 10
213 200 10 10
213 201 10 10
213 212 10 10
213 209 10 10
214 212 10 10
214 202 10 10
214 200 10 10
214 204 10 10
215 212 10 10
215 207 10 10
215 201 10 10
215 204 10 10
216 209 10 10
216 202 10 10
216 208 10 10
216 203 10 10
217 201 10 10
217 213 10 10
217 200 10 10
217 206 10 10
218 202 10 10
218 206 10 10
218 212 10 10
218 200 10 10
219 212 10 10
219 215 10 10
219 218 10 10
219 207 10 10
200 208 10 10
200 219 10 10
200 209 10 10
200 215 10 10
201 214 10 10
201 207 10 10
201 219 10 10
201 211 10 10
202 212 10 10
202 209 10 10
202 219 10 10
202 217 10 10
203 212 10 10
203 209 10 10
203 206 10 10
203 211 10 10
224 223 11 11
224 221 11 11
224 222 11 11
224 220 11 11
225 223 11 11
225 220 11 11
225 221 11 11
225 222 11 11
226 223 11 11
226 224 11 11
226 221 11 11
226 220 11 11
227 221 11 11
227 223 11 11
227 222 11 11
227 220 11 11
228 221 11 11
228 227 11 11
228 220 11 11
228 223 11 11
229 227 11 11
229 223 11 11
229 220 11 11
229 221 11 11
230 229 11 11
230 227 11 11
230 224 11 11
230 225 11 11
231 227 11 11
231 223 11 11
231 226 11 11
231 220 11 11
232 229 11 11
232 225 11 11
232 224 11 11
232 230 11 11
233 231 11 11
233 229 11 11
233 224 11 11
233 220 11 11
234 222 11 11
234 231 11 11
234 224 11 11
234 227 11 11
235 225 11 11
235 227 11 11
235 230 11 11
235 222 11 11
236 222 11 11
236 224 11 11
236 230 11 11
236 223 11 11
237 232 11 11
237 220 11 11
237 223 11 11
237 229 11 11
238 226 11 11
238 223 11 11
238 224 11 11
238 229 11 11
239 229 11 11
239 225 11 11
239 226 11 11
239 232 11 11
220 238 11 11
220 239 11 11
220 232 11 11
220 234 11 11
221 233 11 11
221 237 11 11
221 232 11 11
221 234 11 11
222 230 11 11
222 238 11 11
222 228 11 11
222 237 11 11
223 239 11 11
223 232 11 11
223 235 11 11
223 230 11 11
244 240 12 12
244 243 12 12
244 241 12 12
244 242 12 12
245 240 12 12
245 244 12 12
245 243 12 12
245 242 12 12
246 244 12 12
246 243 12 12
246 245 12 12
246 242 12 12
247 243 12 12
247 245 12 12
247 244 12 12
247 241 12 12
248 241 12 12
248 244 12 12
248 243 12 12
248 242 12 12
249 240 12 12
249 241 12 12
249 247 12 12
249 242 12 12
250 240 12 12
250 241 12 12
250 248 12 12
250 247 12 12
251 244 12 12
251 250 12 12
251 242 12 12
251 247 12 12
252 244 12 12
252 240 12 12
252 247 12 12
252 241 12 12
253 240 12 12
253 250 12 12
253 248 12 12
253 241 12 12
254 244 12 12
254 240 12 12
254 243 12 12
254 247 12 12
255 246 12 12
255 253 12 12
255 242 12 12
255 245 12 12
256 252 12 12
256 242 12 12
256 255 12 12
256 241 12 12
257 255 12 12
257 256 12 12
257 254 12 12
257 240 12 12
258 255 12 12
258 245 12 12
258 242 12 12
258 240 12 12
259 249 12 12
259 257 12 12
259 254 12 12
259 241 12 12
240 246 12 12
240 259 12 12
240 256 12 12
240 247 12 12
241 255 12 12
241 257 12 12
241 258 12 12
241 254 12 12
242 254 12 12
242 259 12 12
242 257 12 12
242 250 12 12
243 258 12 12
243 259 12 12
243 251 12 12
243 257 12 12
264 261 13 13
264 262 13 13
264 260 13 13
264 263 13 13
265 263 13 13
265 261 13 13
265 260 13 13
265 264 13 13
266 263 13 13
266 262 13 13
266 260 13 13
266 265 13 13
267 260 13 13
267 266 13 13
267 263 13 13
267 265 13 13
268 262 13 13
268 265 13 13
268 261 13 13
268 263 13 13
269 266 13 13
269 265 13 13
269 267 13 13
269 268 13 13
270 268 13 13
270 262 13 13
270 269 13 13
270 264 13 13
271 263 13 13
271 267 13 13
271 260 13 13
271 266 13 13
272 269 13 13
272 266 13 13
272 263 13 13
272 265 13 13
273 266 13 13
273 272 13 13
273 269 13 13
273 271 13 13
274 260 13 13
274 270 13 13
274 264 13 13
274 262 13 13
275 260 13 13
275 266 13 13
275 272 13 13
275 271 13 13
276 271 13 13
276 265 13 13
276 262 13 13
276 274 13 13
277 272 13 13
277 266 13 13
277 261 13 13
277 274 13 13
278 262 13 13
278 274 13 13
278 261 13 13
278 266 13 13
279 277 13 13
279 267 13 13
279 263 13 13
279 269 13 13
260 268 13 13
260 273 13 13
260 272 13 13
260 269 13 13
261 269 13 13
261 274 13 13
261 276 13 13
261 267 13 13
262 265 13 13
262 269 13 13
262 267 13 13
262 273 13 13
263 275 13 13
263 273 13 13
263 277 13 13
263 276 13 13
284 280 14 14
284 282 14 14
284 281 14 14
284 283 14 14
285 281 14 14
285 283 14 14
285 280 14 14
285 282 14 14
286 285 14 14
286 282 14 14
286 284 14 14
286 281 14 14
287 284 14 14
287 285 14 14
287 286 14 14
287 281 14 14
288 280 14 14
288 281 14 14
288 283 14 14
288 286 14 14
289 282 14 14
289 281 14 14
289 287 14 14
289 284 14 14
290 284 14 14
290 283 14 14
290 281 14 14
290 288 14 14
291 290 14 14
291 288 14 14
291 280 14 14
291 283 14 14
292 283 14 14
292 290 14 14
292 280 14 14
292 291 14 14
293 285 14 14
293 284 14 14
293 287 14 14
293 286 14 14
294 281 14 14
294 288 14 14
294 285 14 14
294 290 14 14
295 284 14 14
295 288 14 14
295 285 14 14
295 283 14 14
296 283 14 14
296 292 14 14
296 288 14 14
296 285 14 14
297 281 14 14
297 290 14 14
297 291 14 14
297 292 14 14
298 280 14 14
298 287 14 14
298 291 14 14
298 288 14 14
299 287 14 14
299 292 14 14
299 297 14 14
299 280 14 14
280 296 14 14
280 290 14 14
280 297 14 14
280 286 14 14
281 298 14 14
281 295 14 14
281 292 14 14
281 293 14 14
282 299 14 14
282 293 14 14
282 294 14 14
282 290 14 14
283 294 14 14
283 299 14 14
283 293 14 14
283 297 14 14
304 300 15 15
304 302 15 15
304 303 15 15
304 301 15 15
305 302 15 15
305 303 15 15
305 304 15 15
305 301 15 15
306 303 15 15
306 305 15 15
306 304 15 15
306 300 15 15
307 305 15 15
307 303 15 15
307 300 15 15
307 306 15 15
308 302 15 15
308 305 15 15
308 301 15 15
308 300 15 15
309 308 15 15
309 302 15 15
309 301 15 15
309 305 15 15
310 303 15 15
310 300 15 15
310 306 15 15
310 307 15 15
311 310 15 15
311 307 15 15
311 300 15 15
311 304 15 15
312 305 15 15
312 300 15 15
312 304 15 15
312 303 15 15
313 306 15 15
313 308 15 15
313 304 15 15
313 305 15 15
314 313 15 15
314 308 15 15
314 302 15 15
314 312 15 15
315 312 15 15
315 309 15 15
315 305 15 15
315 302 15 15
316 313 15 15
316 300 15 15
316 310 15 15
316 308 15 15
317 314 15 15
317 307 15 15
317 316 15 15
317 303 15 15
318 315 15 15
318 307 15 15
318 308 15 15
318 301 15 15
319 309 15 15
319 317 15 15
319 318 15 15
319 312 15 15
300 313 15 15
300 319 15 15
300 318 15 15
300 309 15 15
301 314 15 15
301 312 15 15
301 310 15 15
301 315 15 15
302 313 15 15
302 310 15 15
302 311 15 15
302 316 15 15
303 311 15 15
303 313 15 15
303 315 15 15
303 316 15 15
87 65 4 3
82 49 4 2
95 12 4 0
82 23 4 1
114 59 5 2
105 33 5 1
102 11 5 0
115 93 5 4
129 111 6 5
128 52 6 2
137 63 6 3
132 7 6 0
151 124 7 6
157 96 7 4
141 110 7 5
154 42 7 2
161 30 8 1
167 116 8 5
179 95 8 4
161 41 8 2
190 18 9 0
190 138 9 6
182 63 9 3
191 99 9 4
203 195 10 9
207 122 10 6
208 24 10 1
210 119 10 5
235 210 11 10
228 130 11 6
235 151 11 7
227 82 11 4
242 113 12 5
243 161 12 8
259 238 12 11
243 97 12 4
279 61 13 3
271 218 13 10
265 231 13 11
269 52 13 2
293 106 14 5
284 50 14 2
291 154 14 7
281 87 14 4
300 23 15 1
313 180 15 9
311 252 15 12
311 208 15 10
5 202 0 10
5 261 0 13
9 311 0 15
1 281 0 14
20 257 1 12
33 266 1 13
31 190 1 9
38 148 1 7
49 230 2 11
43 305 2 15
48 204 2 10
58 252 2 12
76 218 3 10
79 229 3 11
65 257 3 12
65 289 3 14
