swNum = 320
edgeNum = 1344

0 0
1 0
2 0
3 0
4 0
5 0
6 0
7 0
8 0
9 0
10 0
11 0
12 0
13 0
14 0
15 0
16 0
17 0
18 0
19 0
20 1
21 1
22 1
23 1
24 1
25 1
26 1
27 1
28 1
29 1
30 1
31 1
32 1
33 1
34 1
35 1
36 1
37 1
38 1
39 1
40 2
41 2
42 2
43 2
44 2
45 2
46 2
47 2
48 2
49 2
50 2
51 2
52 2
53 2
54 2
55 2
56 2
57 2
58 2
59 2
60 3
61 3
62 3
63 3
64 3
65 3
66 3
67 3
68 3
69 3
70 3
71 3
72 3
73 3
74 3
75 3
76 3
77 3
78 3
79 3
80 4
81 4
82 4
83 4
84 4
85 4
86 4
87 4
88 4
89 4
90 4
91 4
92 4
93 4
94 4
95 4
96 4
97 4
98 4
99 4
100 5
101 5
102 5
103 5
104 5
105 5
106 5
107 5
108 5
109 5
110 5
111 5
112 5
113 5
114 5
115 5
116 5
117 5
118 5
119 5
120 6
121 6
122 6
123 6
124 6
125 6
126 6
127 6
128 6
129 6
130 6
131 6
132 6
133 6
134 6
135 6
136 6
137 6
138 6
139 6
140 7
141 7
142 7
143 7
144 7
145 7
146 7
147 7
148 7
149 7
150 7
151 7
152 7
153 7
154 7
155 7
156 7
157 7
158 7
159 7
160 8
161 8
162 8
163 8
164 8
165 8
166 8
167 8
168 8
169 8
170 8
171 8
172 8
173 8
174 8
175 8
176 8
177 8
178 8
179 8
180 9
181 9
182 9
183 9
184 9
185 9
186 9
187 9
188 9
189 9
190 9
191 9
192 9
193 9
194 9
195 9
196 9
197 9
198 9
199 9
200 10
201 10
202 10
203 10
204 10
205 10
206 10
207 10
208 10
209 10
210 10
211 10
212 10
213 10
214 10
215 10
216 10
217 10
218 10
219 10
220 11
221 11
222 11
223 11
224 11
225 11
226 11
227 11
228 11
229 11
230 11
231 11
232 11
233 11
234 11
235 11
236 11
237 11
238 11
239 11
240 12
241 12
242 12
243 12
244 12
245 12
246 12
247 12
248 12
249 12
250 12
251 12
252 12
253 12
254 12
255 12
256 12
257 12
258 12
259 12
260 13
261 13
262 13
263 13
264 13
265 13
266 13
267 13
268 13
269 13
270 13
271 13
272 13
273 13
274 13
275 13
276 13
277 13
278 13
279 13
280 14
281 14
282 14
283 14
284 14
285 14
286 14
287 14
288 14
289 14
290 14
291 14
292 14
293 14
294 14
295 14
296 14
297 14
298 14
299 14
300 15
301 15
302 15
303 15
304 15
305 15
306 15
307 15
308 15
309 15
310 15
311 15
312 15
313 15
314 15
315 15
316 15
317 15
318 15
319 15

4 2 0 0
4 3 0 0
4 0 0 0
4 1 0 0
5 4 0 0
5 2 0 0
5 0 0 0
5 3 0 0
6 5 0 0
6 1 0 0
6 2 0 0
6 4 0 0
7 3 0 0
7 0 0 0
7 4 0 0
7 1 0 0
8 0 0 0
8 4 0 0
8 3 0 0
8 7 0 0
9 4 0 0
9 2 0 0
9 8 0 0
9 0 0 0
10 4 0 0
10 9 0 0
10 1 0 0
10 8 0 0
11 10 0 0
11 2 0 0
11 3 0 0
11 7 0 0
12 4 0 0
12 10 0 0
12 9 0 0
12 6 0 0
13 0 0 0
13 11 0 0
13 10 0 0
13 1 0 0
14 10 0 0
14 9 0 0
14 4 0 0
14 6 0 0
15 4 0 0
15 2 0 0
15 9 0 0
15 14 0 0
16 12 0 0
16 6 0 0
16 5 0 0
16 9 0 0
17 4 0 0
17 12 0 0
17 14 0 0
17 9 0 0
18 9 0 0
18 12 0 0
18 2 0 0
18 13 0 0
19 11 0 0
19 8 0 0
19 4 0 0
19 17 0 0
0 19 0 0
0 11 0 0
0 14 0 0
0 18 0 0
1 8 0 0
1 18 0 0
1 14 0 0
1 9 0 0
2 8 0 0
2 19 0 0
2 17 0 0
2 12 0 0
3 17 0 0
3 19 0 0
3 10 0 0
3 9 0 0
24 20 1 1
24 21 1 1
24 22 1 1
24 23 1 1
25 21 1 1
25 24 1 1
25 22 1 1
25 20 1 1
26 21 1 1
26 20 1 1
26 24 1 1
26 23 1 1
27 26 1 1
27 20 1 1
27 21 1 1
27 24 1 1
28 26 1 1
28 24 1 1
28 21 1 1
28 25 1 1
29 24 1 1
29 26 1 1
29 21 1 1
29 25 1 1
30 29 1 1
30 23 1 1
30 20 1 1
30 26 1 1
31 25 1 1
31 24 1 1
31 22 1 1
31 27 1 1
32 20 1 1
32 30 1 1
32 26 1 1
32 22 1 1
33 21 1 1
33 32 1 1
33 26 1 1
33 20 1 1
34 27 1 1
34 29 1 1
34 26 1 1
34 24 1 1
35 29 1 1
35 21 1 1
35 27 1 1
35 34 1 1
36 35 1 1
36 32 1 1
36 24 1 1
36 21 1 1
37 34 1 1
37 24 1 1
37 28 1 1
37 27 1 1
38 28 1 1
38 24 1 1
38 21 1 1
38 25 1 1
39 29 1 1
39 20 1 1
39 33 1 1
39 36 1 1
20 36 1 1
20 29 1 1
20 37 1 1
20 34 1 1
21 34 1 1
21 32 1 1
21 39 1 1
21 30 1 1
22 27 1 1
22 29 1 1
22 30 1 1
22 36 1 1
23 35 1 1
23 36 1 1
23 29 1 1
23 31 1 1
44 43 2 2
44 40 2 2
44 41 2 2
44 42 2 2
45 42 2 2
45 40 2 2
45 44 2 2
45 43 2 2
46 41 2 2
46 44 2 2
46 45 2 2
46 43 2 2
47 41 2 2
47 43 2 2
47 46 2 2
47 45 2 2
48 47 2 2
48 41 2 2
48 43 2 2
48 40 2 2
49 42 2 2
49 44 2 2
49 46 2 2
49 40 2 2
50 45 2 2
50 48 2 2
50 40 2 2
50 49 2 2
51 42 2 2
51 49 2 2
51 44 2 2
51 40 2 2
52 44 2 2
52 46 2 2
52 48 2 2
52 41 2 2
53 50 2 2
53 49 2 2
53 48 2 2
53 45 2 2
54 41 2 2
54 46 2 2
54 40 2 2
54 44 2 2
55 52 2 2
55 48 2 2
55 47 2 2
55 44 2 2
56 49 2 2
56 43 2 2
56 47 2 2
56 55 2 2
57 45 2 2
57 52 2 2
57 47 2 2
57 48 2 2
58 49 2 2
58 52 2 2
58 54 2 2
58 57 2 2
59 53 2 2
59 45 2 2
59 50 2 2
59 51 2 2
40 53 2 2
40 59 2 2
40 58 2 2
40 47 2 2
41 53 2 2
41 57 2 2
41 58 2 2
41 56 2 2
42 59 2 2
42 47 2 2
42 56 2 2
42 53 2 2
43 52 2 2
43 55 2 2
43 49 2 2
43 58 2 2
64 63 3 3
64 60 3 3
64 62 3 3
64 61 3 3
65 63 3 3
65 60 3 3
65 62 3 3
65 64 3 3
66 61 3 3
66 63 3 3
66 60 3 3
66 62 3 3
67 61 3 3
67 63 3 3
67 66 3 3
67 62 3 3
68 63 3 3
68 65 3 3
68 64 3 3
68 60 3 3
69 62 3 3
69 65 3 3
69 68 3 3
69 63 3 3
70 62 3 3
70 61 3 3
70 67 3 3
70 60 3 3
71 69 3 3
71 64 3 3
71 63 3 3
71 65 3 3
72 65 3 3
72 64 3 3
72 68 3 3
72 69 3 3
73 71 3 3
73 66 3 3
73 72 3 3
73 65 3 3
74 72 3 3
74 71 3 3
74 65 3 3
74 64 3 3
75 73 3 3
75 63 3 3
75 70 3 3
75 72 3 3
76 68 3 3
76 62 3 3
76 69 3 3
76 67 3 3
77 68 3 3
77 66 3 3
77 75 3 3
77 60 3 3
78 64 3 3
78 69 3 3
78 67 3 3
78 63 3 3
79 62 3 3
79 65 3 3
79 68 3 3
79 70 3 3
60 75 3 3
60 71 3 3
60 72 3 3
60 73 3 3
61 79 3 3
61 76 3 3
61 73 3 3
61 74 3 3
62 68 3 3
62 75 3 3
62 72 3 3
62 77 3 3
63 73 3 3
63 79 3 3
63 72 3 3
63 77 3 3
84 82 4 4
84 83 4 4
84 80 4 4
84 81 4 4
85 83 4 4
85 84 4 4
85 81 4 4
85 82 4 4
86 83 4 4
86 81 4 4
86 84 4 4
86 85 4 4
87 84 4 4
87 83 4 4
87 86 4 4
87 80 4 4
88 84 4 4
88 82 4 4
88 87 4 4
88 80 4 4
89 83 4 4
89 85 4 4
89 84 4 4
89 86 4 4
90 88 4 4
90 81 4 4
90 89 4 4
90 86 4 4
91 82 4 4
91 80 4 4
91 90 4 4
91 88 4 4
92 83 4 4
92 80 4 4
92 84 4 4
92 88 4 4
93 91 4 4
93 85 4 4
93 88 4 4
93 82 4 4
94 92 4 4
94 88 4 4
94 81 4 4
94 91 4 4
95 84 4 4
95 85 4 4
95 92 4 4
95 94 4 4
96 88 4 4
96 80 4 4
96 93 4 4
96 91 4 4
97 85 4 4
97 95 4 4
97 88 4 4
97 87 4 4
98 84 4 4
98 91 4 4
98 96 4 4
98 89 4 4
99 92 4 4
99 98 4 4
99 83 4 4
99 84 4 4
80 94 4 4
80 93 4 4
80 90 4 4
80 95 4 4
81 88 4 4
81 95 4 4
81 89 4 4
81 87 4 4
82 96 4 4
82 94 4 4
82 92 4 4
82 98 4 4
83 91 4 4
83 90 4 4
83 95 4 4
83 94 4 4
104 100 5 5
104 103 5 5
104 101 5 5
104 102 5 5
105 104 5 5
105 100 5 5
105 101 5 5
105 103 5 5
106 100 5 5
106 105 5 5
106 103 5 5
106 101 5 5
107 104 5 5
107 101 5 5
107 106 5 5
107 103 5 5
108 103 5 5
108 107 5 5
108 100 5 5
108 101 5 5
109 106 5 5
109 100 5 5
109 103 5 5
109 102 5 5
110 103 5 5
110 105 5 5
110 106 5 5
110 100 5 5
111 101 5 5
111 104 5 5
111 103 5 5
111 100 5 5
112 104 5 5
112 108 5 5
112 106 5 5
112 105 5 5
113 106 5 5
113 105 5 5
113 100 5 5
113 103 5 5
114 102 5 5
114 101 5 5
114 100 5 5
114 103 5 5
115 111 5 5
115 101 5 5
115 113 5 5
115 108 5 5
116 115 5 5
116 108 5 5
116 107 5 5
116 106 5 5
117 107 5 5
117 101 5 5
117 104 5 5
117 100 5 5
118 110 5 5
118 109 5 5
118 104 5 5
118 108 5 5
119 105 5 5
119 114 5 5
119 103 5 5
119 113 5 5
100 119 5 5
100 107 5 5
100 118 5 5
100 115 5 5
101 109 5 5
101 119 5 5
101 113 5 5
101 116 5 5
102 116 5 5
102 113 5 5
102 119 5 5
102 106 5 5
103 118 5 5
103 112 5 5
103 115 5 5
103 117 5 5
124 120 6 6
124 122 6 6
124 123 6 6
124 121 6 6
125 121 6 6
125 122 6 6
125 123 6 6
125 120 6 6
126 122 6 6
126 123 6 6
126 124 6 6
126 125 6 6
127 120 6 6
127 124 6 6
127 122 6 6
127 121 6 6
128 125 6 6
128 123 6 6
128 121 6 6
128 126 6 6
129 121 6 6
129 126 6 6
129 123 6 6
129 122 6 6
130 128 6 6
130 123 6 6
130 129 6 6
130 120 6 6
131 128 6 6
131 120 6 6
131 129 6 6
131 130 6 6
132 130 6 6
132 123 6 6
132 126 6 6
132 129 6 6
133 125 6 6
133 122 6 6
133 127 6 6
133 121 6 6
134 122 6 6
134 124 6 6
134 129 6 6
134 126 6 6
135 120 6 6
135 125 6 6
135 121 6 6
135 132 6 6
136 129 6 6
136 131 6 6
136 125 6 6
136 122 6 6
137 125 6 6
137 129 6 6
137 133 6 6
137 122 6 6
138 126 6 6
138 123 6 6
138 125 6 6
138 134 6 6
139 138 6 6
139 133 6 6
139 124 6 6
139 123 6 6
120 138 6 6
120 129 6 6
120 126 6 6
120 139 6 6
121 139 6 6
121 126 6 6
121 130 6 6
121 136 6 6
122 138 6 6
122 139 6 6
122 130 6 6
122 135 6 6
123 136 6 6
123 135 6 6
123 134 6 6
123 137 6 6
144 141 7 7
144 140 7 7
144 143 7 7
144 142 7 7
145 140 7 7
145 144 7 7
145 141 7 7
145 142 7 7
146 144 7 7
146 142 7 7
146 143 7 7
146 145 7 7
147 143 7 7
147 141 7 7
147 140 7 7
147 146 7 7
148 144 7 7
148 146 7 7
148 147 7 7
148 141 7 7
149 148 7 7
149 147 7 7
149 146 7 7
149 143 7 7
150 147 7 7
150 141 7 7
150 149 7 7
150 148 7 7
151 148 7 7
151 144 7 7
151 145 7 7
151 146 7 7
152 147 7 7
152 149 7 7
152 141 7 7
152 142 7 7
153 149 7 7
153 150 7 7
153 152 7 7
153 151 7 7
154 148 7 7
154 147 7 7
154 152 7 7
154 144 7 7
155 141 7 7
155 148 7 7
155 143 7 7
155 150 7 7
156 148 7 7
156 140 7 7
156 151 7 7
156 144 7 7
157 149 7 7
157 150 7 7
157 147 7 7
157 156 7 7
158 150 7 7
158 151 7 7
158 145 7 7
158 147 7 7
159 156 7 7
159 143 7 7
159 152 7 7
159 147 7 7
140 150 7 7
140 151 7 7
140 148 7 7
140 157 7 7
141 151 7 7
141 159 7 7
141 146 7 7
141 149 7 7
142 147 7 7
142 156 7 7
142 157 7 7
142 151 7 7
143 148 7 7
143 157 7 7
143 151 7 7
143 154 7 7
164 160 8 8
164 163 8 8
164 162 8 8
164 161 8 8
165 164 8 8
165 160 8 8
165 163 8 8
165 161 8 8
166 161 8 8
166 163 8 8
166 160 8 8
166 165 8 8
167 160 8 8
167 165 8 8
167 161 8 8
167 162 8 8
168 161 8 8
168 163 8 8
168 164 8 8
168 167 8 8
169 161 8 8
169 167 8 8
169 160 8 8
169 165 8 8
170 169 8 8
170 160 8 8
170 164 8 8
170 167 8 8
171 164 8 8
171 163 8 8
171 160 8 8
171 167 8 8
172 163 8 8
172 161 8 8
172 167 8 8
172 166 8 8
173 169 8 8
173 167 8 8
173 164 8 8
173 165 8 8
174 169 8 8
174 162 8 8
174 170 8 8
174 173 8 8
175 173 8 8
175 164 8 8
175 161 8 8
175 168 8 8
176 169 8 8
176 171 8 8
176 160 8 8
176 165 8 8
177 174 8 8
177 163 8 8
177 173 8 8
177 169 8 8
178 163 8 8
178 177 8 8
178 160 8 8
178 168 8 8
179 161 8 8
179 168 8 8
179 167 8 8
179 171 8 8
160 172 8 8
160 179 8 8
160 168 8 8
160 174 8 8
161 174 8 8
161 170 8 8
161 176 8 8
161 171 8 8
162 166 8 8
162 175 8 8
162 177 8 8
162 168 8 8
163 169 8 8
163 174 8 8
163 175 8 8
163 167 8 8
184 182 9 9
184 181 9 9
184 180 9 9
184 183 9 9
185 183 9 9
185 180 9 9
185 184 9 9
185 182 9 9
186 183 9 9
186 185 9 9
186 182 9 9
186 181 9 9
187 186 9 9
187 183 9 9
187 180 9 9
187 185 9 9
188 183 9 9
188 186 9 9
188 184 9 9
188 182 9 9
189 184 9 9
189 183 9 9
189 182 9 9
189 181 9 9
190 186 9 9
190 184 9 9
190 181 9 9
190 185 9 9
191 180 9 9
191 188 9 9
191 185 9 9
191 186 9 9
192 182 9 9
192 191 9 9
192 180 9 9
192 184 9 9
193 184 9 9
193 189 9 9
193 191 9 9
193 186 9 9
194 180 9 9
194 188 9 9
194 192 9 9
194 185 9 9
195 180 9 9
195 189 9 9
195 188 9 9
195 191 9 9
196 180 9 9
196 192 9 9
196 193 9 9
196 184 9 9
197 195 9 9
197 181 9 9
197 183 9 9
197 185 9 9
198 183 9 9
198 194 9 9
198 195 9 9
198 187 9 9
199 184 9 9
199 189 9 9
199 190 9 9
199 193 9 9
180 189 9 9
180 186 9 9
180 188 9 9
180 193 9 9
181 195 9 9
181 187 9 9
181 188 9 9
181 194 9 9
182 190 9 9
182 197 9 9
182 195 9 9
182 198 9 9
183 199 9 9
183 196 9 9
183 192 9 9
183 195 9 9
204 202 10 10
204 200 10 10
204 201 10 10
204 203 10 10
205 200 10 10
205 202 10 10
205 203 10 10
205 204 10 10
206 200 10 10
206 201 10 10
206 203 10 10
206 202 10 10
207 206 10 10
207 203 10 10
207 201 10 10
207 205 10 10
208 201 10 10
208 205 10 10
208 206 10 10
208 203 10 10
209 201 10 10
209 202 10 10
209 200 10 10
209 204 10 10
210 205 10 10
210 207 10 10
210 206 10 10
210 201 10 10
211 210 10 10
211 202 10 10
211 204 10 10
211 200 10 10
212 207 10 10
212 211 10 10
212 210 10 10
212 203 10 10
213 204 10 10
213 203 10 10
213 200 10 10
213 210 10 10
214 212 10 10
214 208 10 10
214 213 10 10
214 205 10 10
215 205 10 10
215 210 10 10
215 213 10 10
215 212 10 10
216 204 10 10
216 208 10 10
216 207 10 10
216 215 10 10
217 206 10 10
217 200 10 10
217 203 10 10
217 213 10 10
218 216 10 10
218 205 10 10
218 211 10 10
218 213 10 10
219 204 10 10
219 209 10 10
219 202 10 10
219 217 10 10
200 218 10 10
200 219 10 10
200 215 10 10
200 207 10 10
201 205 10 10
201 212 10 10
201 216 10 10
201 215 10 10
202 213 10 10
202 217 10 10
202 207 10 10
202 208 10 10
203 219 10 10
203 209 10 10
203 215 10 10
203 218 10 10
224 221 11 11
224 223 11 11
224 222 11 11
224 220 11 11
225 224 11 11
225 220 11 11
225 221 11 11
225 222 11 11
226 225 11 11
226 224 11 11
226 222 11 11
226 223 11 11
227 222 11 11
227 221 11 11
227 220 11 11
227 224 11 11
228 227 11 11
228 226 11 11
228 224 11 11
228 221 11 11
229 225 11 11
229 220 11 11
229 223 11 11
229 226 11 11
230 225 11 11
230 227 11 11
230 226 11 11
230 229 11 11
231 220 11 11
231 224 11 11
231 228 11 11
231 227 11 11
232 225 11 11
232 229 11 11
232 228 11 11
232 224 11 11
233 222 11 11
233 230 11 11
233 224 11 11
233 225 11 11
234 226 11 11
234 224 11 11
234 220 11 11
234 225 11 11
235 230 11 11
235 233 11 11
235 225 11 11
235 229 11 11
236 227 11 11
236 234 11 11
236 229 11 11
236 228 11 11
237 230 11 11
237 223 11 11
237 225 11 11
237 229 11 11
238 223 11 11
238 236 11 11
238 220 11 11
238 228 11 11
239 235 11 11
239 229 11 11
239 223 11 11
239 237 11 11
220 235 11 11
220 237 11 11
220 230 11 11
220 236 11 11
221 237 11 11
221 235 11 11
221 233 11 11
221 230 11 11
222 235 11 11
222 230 11 11
222 237 11 11
222 234 11 11
223 232 11 11
223 236 11 11
223 233 11 11
223 228 11 11
244 243 12 12
244 242 12 12
244 241 12 12
244 240 12 12
245 244 12 12
245 243 12 12
245 242 12 12
245 241 12 12
246 242 12 12
246 245 12 12
246 243 12 12
246 244 12 12
247 243 12 12
247 242 12 12
247 244 12 12
247 246 12 12
248 245 12 12
248 247 12 12
248 242 12 12
248 240 12 12
249 243 12 12
249 245 12 12
249 241 12 12
249 244 12 12
250 247 12 12
250 244 12 12
250 242 12 12
250 241 12 12
251 240 12 12
251 246 12 12
251 244 12 12
251 249 12 12
252 240 12 12
252 246 12 12
252 242 12 12
252 243 12 12
253 246 12 12
253 244 12 12
253 249 12 12
253 245 12 12
254 252 12 12
254 253 12 12
254 244 12 12
254 251 12 12
255 249 12 12
255 244 12 12
255 241 12 12
255 253 12 12
256 252 12 12
256 250 12 12
256 249 12 12
256 251 12 12
257 249 12 12
257 253 12 12
257 256 12 12
257 242 12 12
258 243 12 12
258 248 12 12
258 247 12 12
258 245 12 12
259 244 12 12
259 252 12 12
259 258 12 12
259 254 12 12
240 256 12 12
240 249 12 12
240 257 12 12
240 247 12 12
241 259 12 12
241 248 12 12
241 247 12 12
241 258 12 12
242 254 12 12
242 251 12 12
242 253 12 12
242 258 12 12
243 248 12 12
243 253 12 12
243 256 12 12
243 254 12 12
264 261 13 13
264 263 13 13
264 262 13 13
264 260 13 13
265 264 13 13
265 261 13 13
265 262 13 13
265 260 13 13
266 260 13 13
266 261 13 13
266 265 13 13
266 262 13 13
267 262 13 13
267 261 13 13
267 265 13 13
267 260 13 13
268 260 13 13
268 264 13 13
268 261 13 13
268 262 13 13
269 266 13 13
269 264 13 13
269 265 13 13
269 267 13 13
270 266 13 13
270 268 13 13
270 264 13 13
270 260 13 13
271 262 13 13
271 269 13 13
271 263 13 13
271 264 13 13
272 268 13 13
272 261 13 13
272 262 13 13
272 266 13 13
273 272 13 13
273 263 13 13
273 265 13 13
273 261 13 13
274 270 13 13
274 266 13 13
274 268 13 13
274 262 13 13
275 272 13 13
275 268 13 13
275 270 13 13
275 271 13 13
276 275 13 13
276 270 13 13
276 274 13 13
276 262 13 13
277 263 13 13
277 276 13 13
277 275 13 13
277 270 13 13
278 264 13 13
278 277 13 13
278 276 13 13
278 263 13 13
279 273 13 13
279 275 13 13
279 263 13 13
279 276 13 13
260 275 13 13
260 269 13 13
260 271 13 13
260 274 13 13
261 279 13 13
261 277 13 13
261 269 13 13
261 271 13 13
262 275 13 13
262 269 13 13
262 278 13 13
262 279 13 13
263 266 13 13
263 267 13 13
263 268 13 13
263 265 13 13
284 280 14 14
284 283 14 14
284 282 14 14
284 281 14 14
285 284 14 14
285 282 14 14
285 281 14 14
285 283 14 14
286 285 14 14
286 284 14 14
286 280 14 14
286 283 14 14
287 286 14 14
287 284 14 14
287 283 14 14
287 285 14 14
288 281 14 14
288 282 14 14
288 285 14 14
288 284 14 14
289 286 14 14
289 282 14 14
289 281 14 14
289 284 14 14
290 286 14 14
290 281 14 14
290 289 14 14
290 283 14 14
291 280 14 14
291 282 14 14
291 281 14 14
291 289 14 14
292 284 14 14
292 281 14 14
292 287 14 14
292 283 14 14
293 284 14 14
293 289 14 14
293 288 14 14
293 282 14 14
294 287 14 14
294 290 14 14
294 291 14 14
294 293 14 14
295 289 14 14
295 292 14 14
295 281 14 14
295 288 14 14
296 289 14 14
296 287 14 14
296 283 14 14
296 284 14 14
297 290 14 14
297 288 14 14
297 294 14 14
297 292 14 14
298 288 14 14
298 291 14 14
298 285 14 14
298 287 14 14
299 283 14 14
299 290 14 14
299 297 14 14
299 285 14 14
280 293 14 14
280 297 14 14
280 290 14 14
280 296 14 14
281 294 14 14
281 298 14 14
281 299 14 14
281 287 14 14
282 299 14 14
282 287 14 14
282 292 14 14
282 290 14 14
283 297 14 14
283 289 14 14
283 295 14 14
283 294 14 14
304 300 15 15
304 303 15 15
304 302 15 15
304 301 15 15
305 302 15 15
305 301 15 15
305 300 15 15
305 304 15 15
306 300 15 15
306 302 15 15
306 303 15 15
306 301 15 15
307 303 15 15
307 300 15 15
307 302 15 15
307 306 15 15
308 300 15 15
308 301 15 15
308 302 15 15
308 307 15 15
309 306 15 15
309 304 15 15
309 300 15 15
309 303 15 15
310 301 15 15
310 307 15 15
310 302 15 15
310 300 15 15
311 305 15 15
311 304 15 15
311 309 15 15
311 303 15 15
312 303 15 15
312 309 15 15
312 302 15 15
312 306 15 15
313 308 15 15
313 304 15 15
313 301 15 15
313 312 15 15
314 310 15 15
314 304 15 15
314 307 15 15
314 306 15 15
315 310 15 15
315 305 15 15
315 314 15 15
315 300 15 15
316 309 15 15
316 313 15 15
316 307 15 15
316 305 15 15
317 315 15 15
317 305 15 15
317 313 15 15
317 303 15 15
318 302 15 15
318 308 15 15
318 312 15 15
318 314 15 15
319 313 15 15
319 306 15 15
319 304 15 15
319 305 15 15
300 312 15 15
300 314 15 15
300 319 15 15
300 313 15 15
301 318 15 15
301 312 15 15
301 316 15 15
301 315 15 15
302 319 15 15
302 311 15 15
302 314 15 15
302 309 15 15
303 316 15 15
303 318 15 15
303 313 15 15
303 319 15 15
80 9 4 0
82 60 4 3
99 35 4 1
87 45 4 2
102 56 5 2
103 0 5 0
108 22 5 1
110 89 5 4
137 95 6 4
139 3 6 0
122 32 6 1
136 46 6 2
156 2 7 0
141 104 7 5
156 65 7 3
143 58 7 2
172 82 8 4
164 74 8 3
178 143 8 7
169 114 8 5
194 44 9 2
183 113 9 5
193 122 9 6
197 147 9 7
210 167 10 8
200 76 10 3
213 94 10 4
214 126 10 6
229 167 11 8
229 16 11 0
228 210 11 10
220 82 11 4
244 27 12 1
245 3 12 0
243 201 12 10
243 227 12 11
268 22 13 1
269 69 13 3
271 129 13 6
271 217 13 10
282 90 14 4
292 61 14 3
285 219 14 10
287 246 14 12
316 231 15 11
310 42 15 2
311 68 15 3
309 250 15 12
14 265 0 13
4 189 0 9
12 206 0 10
17 281 0 14
25 283 1 14
29 222 1 11
35 184 1 9
26 309 1 15
56 276 2 13
52 287 2 14
54 226 2 11
52 214 2 10
63 116 3 5
79 258 3 12
70 225 3 11
71 181 3 9
