swNum = 320
edgeNum = 1344

0 0
1 0
2 0
3 0
4 0
5 0
6 0
7 0
8 0
9 0
10 0
11 0
12 0
13 0
14 0
15 0
16 0
17 0
18 0
19 0
20 1
21 1
22 1
23 1
24 1
25 1
26 1
27 1
28 1
29 1
30 1
31 1
32 1
33 1
34 1
35 1
36 1
37 1
38 1
39 1
40 2
41 2
42 2
43 2
44 2
45 2
46 2
47 2
48 2
49 2
50 2
51 2
52 2
53 2
54 2
55 2
56 2
57 2
58 2
59 2
60 3
61 3
62 3
63 3
64 3
65 3
66 3
67 3
68 3
69 3
70 3
71 3
72 3
73 3
74 3
75 3
76 3
77 3
78 3
79 3
80 4
81 4
82 4
83 4
84 4
85 4
86 4
87 4
88 4
89 4
90 4
91 4
92 4
93 4
94 4
95 4
96 4
97 4
98 4
99 4
100 5
101 5
102 5
103 5
104 5
105 5
106 5
107 5
108 5
109 5
110 5
111 5
112 5
113 5
114 5
115 5
116 5
117 5
118 5
119 5
120 6
121 6
122 6
123 6
124 6
125 6
126 6
127 6
128 6
129 6
130 6
131 6
132 6
133 6
134 6
135 6
136 6
137 6
138 6
139 6
140 7
141 7
142 7
143 7
144 7
145 7
146 7
147 7
148 7
149 7
150 7
151 7
152 7
153 7
154 7
155 7
156 7
157 7
158 7
159 7
160 8
161 8
162 8
163 8
164 8
165 8
166 8
167 8
168 8
169 8
170 8
171 8
172 8
173 8
174 8
175 8
176 8
177 8
178 8
179 8
180 9
181 9
182 9
183 9
184 9
185 9
186 9
187 9
188 9
189 9
190 9
191 9
192 9
193 9
194 9
195 9
196 9
197 9
198 9
199 9
200 10
201 10
202 10
203 10
204 10
205 10
206 10
207 10
208 10
209 10
210 10
211 10
212 10
213 10
214 10
215 10
216 10
217 10
218 10
219 10
220 11
221 11
222 11
223 11
224 11
225 11
226 11
227 11
228 11
229 11
230 11
231 11
232 11
233 11
234 11
235 11
236 11
237 11
238 11
239 11
240 12
241 12
242 12
243 12
244 12
245 12
246 12
247 12
248 12
249 12
250 12
251 12
252 12
253 12
254 12
255 12
256 12
257 12
258 12
259 12
260 13
261 13
262 13
263 13
264 13
265 13
266 13
267 13
268 13
269 13
270 13
271 13
272 13
273 13
274 13
275 13
276 13
277 13
278 13
279 13
280 14
281 14
282 14
283 14
284 14
285 14
286 14
287 14
288 14
289 14
290 14
291 14
292 14
293 14
294 14
295 14
296 14
297 14
298 14
299 14
300 15
301 15
302 15
303 15
304 15
305 15
306 15
307 15
308 15
309 15
310 15
311 15
312 15
313 15
314 15
315 15
316 15
317 15
318 15
319 15

4 3 0 0
4 0 0 0
4 2 0 0
4 1 0 0
5 1 0 0
5 2 0 0
5 0 0 0
5 3 0 0
6 3 0 0
6 0 0 0
6 4 0 0
6 2 0 0
7 1 0 0
7 6 0 0
7 0 0 0
7 3 0 0
8 1 0 0
8 6 0 0
8 0 0 0
8 7 0 0
9 6 0 0
9 0 0 0
9 7 0 0
9 3 0 0
10 0 0 0
10 6 0 0
10 5 0 0
10 8 0 0
11 9 0 0
11 0 0 0
11 10 0 0
11 2 0 0
12 3 0 0
12 8 0 0
12 5 0 0
12 10 0 0
13 9 0 0
13 0 0 0
13 10 0 0
13 12 0 0
14 7 0 0
14 13 0 0
14 0 0 0
14 3 0 0
15 1 0 0
15 6 0 0
15 3 0 0
15 4 0 0
16 4 0 0
16 6 0 0
16 15 0 0
16 2 0 0
17 2 0 0
17 11 0 0
17 5 0 0
17 1 0 0
18 13 0 0
18 15 0 0
18 4 0 0
18 0 0 0
19 3 0 0
19 7 0 0
19 18 0 0
19 9 0 0
0 15 0 0
0 17 0 0
0 19 0 0
0 12 0 0
1 12 0 0
1 16 0 0
1 11 0 0
1 10 0 0
2 14 0 0
2 13 0 0
2 9 0 0
2 12 0 0
3 16 0 0
3 17 0 0
3 10 0 0
3 18 0 0
24 20 1 1
24 23 1 1
24 21 1 1
24 22 1 1
25 22 1 1
25 21 1 1
25 20 1 1
25 24 1 1
26 21 1 1
26 24 1 1
26 20 1 1
26 25 1 1
27 26 1 1
27 21 1 1
27 22 1 1
27 24 1 1
28 24 1 1
28 25 1 1
28 20 1 1
28 26 1 1
29 23 1 1
29 26 1 1
29 20 1 1
29 28 1 1
30 20 1 1
30 27 1 1
30 26 1 1
30 21 1 1
31 26 1 1
31 21 1 1
31 27 1 1
31 24 1 1
32 21 1 1
32 26 1 1
32 25 1 1
32 30 1 1
33 23 1 1
33 24 1 1
33 26 1 1
33 27 1 1
34 23 1 1
34 27 1 1
34 31 1 1
34 32 1 1
35 34 1 1
35 25 1 1
35 20 1 1
35 30 1 1
36 20 1 1
36 29 1 1
36 27 1 1
36 21 1 1
37 26 1 1
37 27 1 1
37 29 1 1
37 28 1 1
38 26 1 1
38 33 1 1
38 25 1 1
38 36 1 1
39 38 1 1
39 30 1 1
39 31 1 1
39 21 1 1
20 39 1 1
20 38 1 1
20 27 1 1
20 37 1 1
21 35 1 1
21 37 1 1
21 33 1 1
21 34 1 1
22 28 1 1
22 33 1 1
22 39 1 1
22 32 1 1
23 36 1 1
23 28 1 1
23 37 1 1
23 38 1 1
44 42 2 2
44 40 2 2
44 41 2 2
44 43 2 2
45 41 2 2
45 43 2 2
45 44 2 2
45 40 2 2
46 40 2 2
46 41 2 2
46 45 2 2
46 43 2 2
47 41 2 2
47 45 2 2
47 40 2 2
47 43 2 2
48 40 2 2
48 41 2 2
48 43 2 2
48 42 2 2
49 48 2 2
49 44 2 2
49 47 2 2
49 43 2 2
50 48 2 2
50 41 2 2
50 45 2 2
50 47 2 2
51 49 2 2
51 44 2 2
51 41 2 2
51 48 2 2
52 43 2 2
52 48 2 2
52 45 2 2
52 41 2 2
53 42 2 2
53 48 2 2
53 49 2 2
53 51 2 2
54 47 2 2
54 48 2 2
54 46 2 2
54 50 2 2
55 46 2 2
55 54 2 2
55 47 2 2
55 43 2 2
56 46 2 2
56 49 2 2
56 52 2 2
56 45 2 2
57 40 2 2
57 56 2 2
57 43 2 2
57 46 2 2
58 47 2 2
58 52 2 2
58 41 2 2
58 54 2 2
59 48 2 2
59 54 2 2
59 47 2 2
59 50 2 2
40 53 2 2
40 56 2 2
40 54 2 2
40 50 2 2
41 54 2 2
41 57 2 2
41 55 2 2
41 59 2 2
42 54 2 2
42 46 2 2
42 51 2 2
42 59 2 2
43 59 2 2
43 58 2 2
43 54 2 2
43 50 2 2
64 62 3 3
64 61 3 3
64 63 3 3
64 60 3 3
65 63 3 3
65 61 3 3
65 62 3 3
65 64 3 3
66 64 3 3
66 61 3 3
66 65 3 3
66 63 3 3
67 66 3 3
67 63 3 3
67 62 3 3
67 64 3 3
68 61 3 3
68 63 3 3
68 65 3 3
68 62 3 3
69 68 3 3
69 65 3 3
69 60 3 3
69 63 3 3
70 66 3 3
70 63 3 3
70 67 3 3
70 69 3 3
71 66 3 3
71 68 3 3
71 69 3 3
71 62 3 3
72 69 3 3
72 60 3 3
72 64 3 3
72 65 3 3
73 60 3 3
73 69 3 3
73 70 3 3
73 61 3 3
74 60 3 3
74 71 3 3
74 67 3 3
74 63 3 3
75 69 3 3
75 62 3 3
75 72 3 3
75 74 3 3
76 71 3 3
76 64 3 3
76 74 3 3
76 68 3 3
77 66 3 3
77 75 3 3
77 67 3 3
77 65 3 3
78 64 3 3
78 75 3 3
78 74 3 3
78 63 3 3
79 69 3 3
79 61 3 3
79 78 3 3
79 60 3 3
60 75 3 3
60 66 3 3
60 65 3 3
60 71 3 3
61 74 3 3
61 71 3 3
61 72 3 3
61 76 3 3
62 72 3 3
62 76 3 3
62 79 3 3
62 69 3 3
63 75 3 3
63 76 3 3
63 79 3 3
63 77 3 3
84 80 4 4
84 83 4 4
84 82 4 4
84 81 4 4
85 81 4 4
85 82 4 4
85 84 4 4
85 80 4 4
86 81 4 4
86 80 4 4
86 84 4 4
86 83 4 4
87 80 4 4
87 84 4 4
87 83 4 4
87 82 4 4
88 80 4 4
88 82 4 4
88 87 4 4
88 81 4 4
89 82 4 4
89 81 4 4
89 80 4 4
89 84 4 4
90 86 4 4
90 81 4 4
90 80 4 4
90 82 4 4
91 87 4 4
91 85 4 4
91 84 4 4
91 88 4 4
92 81 4 4
92 88 4 4
92 89 4 4
92 84 4 4
93 87 4 4
93 83 4 4
93 92 4 4
93 84 4 4
94 84 4 4
94 93 4 4
94 81 4 4
94 91 4 4
95 90 4 4
95 86 4 4
95 88 4 4
95 81 4 4
96 80 4 4
96 83 4 4
96 89 4 4
96 87 4 4
97 90 4 4
97 93 4 4
97 92 4 4
97 95 4 4
98 80 4 4
98 87 4 4
98 95 4 4
98 82 4 4
99 92 4 4
99 93 4 4
99 88 4 4
99 95 4 4
80 91 4 4
80 95 4 4
80 92 4 4
80 97 4 4
81 99 4 4
81 91 4 4
81 96 4 4
81 97 4 4
82 96 4 4
82 99 4 4
82 97 4 4
82 94 4 4
83 90 4 4
83 91 4 4
83 85 4 4
83 94 4 4
104 101 5 5
104 100 5 5
104 102 5 5
104 103 5 5
105 104 5 5
105 101 5 5
105 100 5 5
105 103 5 5
106 101 5 5
106 104 5 5
106 103 5 5
106 105 5 5
107 105 5 5
107 103 5 5
107 106 5 5
107 100 5 5
108 100 5 5
108 103 5 5
108 102 5 5
108 104 5 5
109 104 5 5
109 106 5 5
109 105 5 5
109 101 5 5
110 104 5 5
110 107 5 5
110 102 5 5
110 103 5 5
111 102 5 5
111 104 5 5
111 101 5 5
111 108 5 5
112 102 5 5
112 107 5 5
112 109 5 5
112 103 5 5
113 100 5 5
113 103 5 5
113 107 5 5
113 108 5 5
114 111 5 5
114 104 5 5
114 105 5 5
114 112 5 5
115 108 5 5
115 112 5 5
115 104 5 5
115 113 5 5
116 102 5 5
116 113 5 5
116 104 5 5
116 101 5 5
117 104 5 5
117 107 5 5
117 112 5 5
117 101 5 5
118 116 5 5
118 111 5 5
118 113 5 5
118 114 5 5
119 109 5 5
119 107 5 5
119 116 5 5
119 108 5 5
100 118 5 5
100 115 5 5
100 110 5 5
100 114 5 5
101 119 5 5
101 118 5 5
101 107 5 5
101 112 5 5
102 118 5 5
102 115 5 5
102 113 5 5
102 117 5 5
103 109 5 5
103 111 5 5
103 117 5 5
103 119 5 5
124 123 6 6
124 122 6 6
124 120 6 6
124 121 6 6
125 120 6 6
125 124 6 6
125 122 6 6
125 121 6 6
126 120 6 6
126 122 6 6
126 125 6 6
126 121 6 6
127 124 6 6
127 123 6 6
127 122 6 6
127 120 6 6
128 127 6 6
128 123 6 6
128 122 6 6
128 120 6 6
129 126 6 6
129 125 6 6
129 120 6 6
129 128 6 6
130 122 6 6
130 127 6 6
130 128 6 6
130 125 6 6
131 127 6 6
131 125 6 6
131 124 6 6
131 129 6 6
132 125 6 6
132 131 6 6
132 129 6 6
132 121 6 6
133 122 6 6
133 128 6 6
133 125 6 6
133 126 6 6
134 120 6 6
134 126 6 6
134 131 6 6
134 132 6 6
135 120 6 6
135 133 6 6
135 126 6 6
135 134 6 6
136 126 6 6
136 133 6 6
136 130 6 6
136 128 6 6
137 120 6 6
137 122 6 6
137 129 6 6
137 135 6 6
138 130 6 6
138 129 6 6
138 126 6 6
138 137 6 6
139 130 6 6
139 127 6 6
139 128 6 6
139 135 6 6
120 136 6 6
120 139 6 6
120 130 6 6
120 133 6 6
121 134 6 6
121 129 6 6
121 135 6 6
121 138 6 6
122 129 6 6
122 135 6 6
122 131 6 6
122 138 6 6
123 136 6 6
123 134 6 6
123 135 6 6
123 138 6 6
144 140 7 7
144 142 7 7
144 141 7 7
144 143 7 7
145 140 7 7
145 144 7 7
145 142 7 7
145 141 7 7
146 140 7 7
146 143 7 7
146 144 7 7
146 141 7 7
147 143 7 7
147 141 7 7
147 140 7 7
147 145 7 7
148 140 7 7
148 143 7 7
148 141 7 7
148 147 7 7
149 148 7 7
149 145 7 7
149 143 7 7
149 141 7 7
150 144 7 7
150 147 7 7
150 149 7 7
150 142 7 7
151 149 7 7
151 141 7 7
151 140 7 7
151 143 7 7
152 147 7 7
152 142 7 7
152 145 7 7
152 149 7 7
153 140 7 7
153 152 7 7
153 144 7 7
153 142 7 7
154 153 7 7
154 147 7 7
154 146 7 7
154 148 7 7
155 151 7 7
155 148 7 7
155 154 7 7
155 144 7 7
156 151 7 7
156 155 7 7
156 144 7 7
156 154 7 7
157 150 7 7
157 140 7 7
157 143 7 7
157 155 7 7
158 149 7 7
158 146 7 7
158 150 7 7
158 151 7 7
159 157 7 7
159 156 7 7
159 143 7 7
159 145 7 7
140 155 7 7
140 152 7 7
140 158 7 7
140 150 7 7
141 150 7 7
141 159 7 7
141 152 7 7
141 158 7 7
142 148 7 7
142 151 7 7
142 158 7 7
142 155 7 7
143 154 7 7
143 152 7 7
143 153 7 7
143 155 7 7
164 163 8 8
164 161 8 8
164 160 8 8
164 162 8 8
165 160 8 8
165 161 8 8
165 162 8 8
165 164 8 8
166 165 8 8
166 160 8 8
166 162 8 8
166 161 8 8
167 166 8 8
167 162 8 8
167 160 8 8
167 164 8 8
168 162 8 8
168 167 8 8
168 166 8 8
168 161 8 8
169 167 8 8
169 161 8 8
169 168 8 8
169 160 8 8
170 161 8 8
170 166 8 8
170 160 8 8
170 163 8 8
171 165 8 8
171 167 8 8
171 170 8 8
171 160 8 8
172 171 8 8
172 163 8 8
172 170 8 8
172 165 8 8
173 163 8 8
173 161 8 8
173 165 8 8
173 168 8 8
174 170 8 8
174 160 8 8
174 165 8 8
174 161 8 8
175 173 8 8
175 165 8 8
175 172 8 8
175 169 8 8
176 161 8 8
176 166 8 8
176 173 8 8
176 160 8 8
177 166 8 8
177 163 8 8
177 168 8 8
177 167 8 8
178 165 8 8
178 177 8 8
178 172 8 8
178 162 8 8
179 171 8 8
179 175 8 8
179 165 8 8
179 172 8 8
160 178 8 8
160 172 8 8
160 179 8 8
160 177 8 8
161 178 8 8
161 179 8 8
161 167 8 8
161 172 8 8
162 174 8 8
162 177 8 8
162 170 8 8
162 176 8 8
163 171 8 8
163 167 8 8
163 166 8 8
163 175 8 8
184 180 9 9
184 181 9 9
184 183 9 9
184 182 9 9
185 180 9 9
185 181 9 9
185 184 9 9
185 182 9 9
186 184 9 9
186 181 9 9
186 185 9 9
186 180 9 9
187 182 9 9
187 186 9 9
187 183 9 9
187 180 9 9
188 187 9 9
188 183 9 9
188 182 9 9
188 181 9 9
189 181 9 9
189 184 9 9
189 188 9 9
189 187 9 9
190 189 9 9
190 183 9 9
190 182 9 9
190 188 9 9
191 181 9 9
191 190 9 9
191 183 9 9
191 184 9 9
192 184 9 9
192 190 9 9
192 188 9 9
192 187 9 9
193 187 9 9
193 191 9 9
193 181 9 9
193 189 9 9
194 191 9 9
194 182 9 9
194 181 9 9
194 186 9 9
195 190 9 9
195 183 9 9
195 188 9 9
195 191 9 9
196 185 9 9
196 190 9 9
196 181 9 9
196 186 9 9
197 187 9 9
197 195 9 9
197 193 9 9
197 196 9 9
198 190 9 9
198 185 9 9
198 197 9 9
198 187 9 9
199 191 9 9
199 186 9 9
199 195 9 9
199 185 9 9
180 188 9 9
180 196 9 9
180 192 9 9
180 190 9 9
181 199 9 9
181 195 9 9
181 187 9 9
181 192 9 9
182 193 9 9
182 195 9 9
182 197 9 9
182 192 9 9
183 185 9 9
183 199 9 9
183 197 9 9
183 192 9 9
204 200 10 10
204 203 10 10
204 201 10 10
204 202 10 10
205 200 10 10
205 204 10 10
205 203 10 10
205 201 10 10
206 204 10 10
206 202 10 10
206 201 10 10
206 200 10 10
207 203 10 10
207 204 10 10
207 200 10 10
207 206 10 10
208 206 10 10
208 204 10 10
208 207 10 10
208 203 10 10
209 202 10 10
209 205 10 10
209 207 10 10
209 200 10 10
210 209 10 10
210 200 10 10
210 203 10 10
210 207 10 10
211 205 10 10
211 206 10 10
211 208 10 10
211 204 10 10
212 211 10 10
212 208 10 10
212 207 10 10
212 206 10 10
213 200 10 10
213 207 10 10
213 206 10 10
213 202 10 10
214 207 10 10
214 211 10 10
214 206 10 10
214 205 10 10
215 210 10 10
215 200 10 10
215 207 10 10
215 205 10 10
216 215 10 10
216 202 10 10
216 206 10 10
216 203 10 10
217 215 10 10
217 205 10 10
217 203 10 10
217 204 10 10
218 206 10 10
218 215 10 10
218 212 10 10
218 202 10 10
219 206 10 10
219 211 10 10
219 215 10 10
219 214 10 10
200 219 10 10
200 212 10 10
200 217 10 10
200 214 10 10
201 218 10 10
201 217 10 10
201 216 10 10
201 212 10 10
202 207 10 10
202 210 10 10
202 219 10 10
202 217 10 10
203 213 10 10
203 206 10 10
203 211 10 10
203 215 10 10
224 222 11 11
224 221 11 11
224 223 11 11
224 220 11 11
225 223 11 11
225 220 11 11
225 221 11 11
225 224 11 11
226 222 11 11
226 225 11 11
226 224 11 11
226 223 11 11
227 224 11 11
227 226 11 11
227 223 11 11
227 220 11 11
228 221 11 11
228 222 11 11
228 226 11 11
228 224 11 11
229 228 11 11
229 222 11 11
229 225 11 11
229 224 11 11
230 225 11 11
230 227 11 11
230 226 11 11
230 220 11 11
231 224 11 11
231 227 11 11
231 230 11 11
231 228 11 11
232 221 11 11
232 229 11 11
232 223 11 11
232 228 11 11
233 229 11 11
233 223 11 11
233 226 11 11
233 224 11 11
234 233 11 11
234 221 11 11
234 228 11 11
234 222 11 11
235 230 11 11
235 224 11 11
235 231 11 11
235 227 11 11
236 233 11 11
236 225 11 11
236 220 11 11
236 228 11 11
237 226 11 11
237 233 11 11
237 232 11 11
237 228 11 11
238 223 11 11
238 226 11 11
238 220 11 11
238 234 11 11
239 222 11 11
239 229 11 11
239 234 11 11
239 221 11 11
220 237 11 11
220 233 11 11
220 231 11 11
220 235 11 11
221 229 11 11
221 233 11 11
221 235 11 11
221 226 11 11
222 235 11 11
222 233 11 11
222 232 11 11
222 227 11 11
223 228 11 11
223 231 11 11
223 237 11 11
223 236 11 11
244 242 12 12
244 240 12 12
244 241 12 12
244 243 12 12
245 243 12 12
245 241 12 12
245 240 12 12
245 242 12 12
246 245 12 12
246 241 12 12
246 240 12 12
246 242 12 12
247 244 12 12
247 246 12 12
247 245 12 12
247 240 12 12
248 247 12 12
248 242 12 12
248 246 12 12
248 245 12 12
249 240 12 12
249 247 12 12
249 246 12 12
249 244 12 12
250 247 12 12
250 241 12 12
250 243 12 12
250 246 12 12
251 240 12 12
251 244 12 12
251 249 12 12
251 248 12 12
252 241 12 12
252 248 12 12
252 249 12 12
252 247 12 12
253 251 12 12
253 241 12 12
253 240 12 12
253 244 12 12
254 246 12 12
254 242 12 12
254 244 12 12
254 240 12 12
255 249 12 12
255 245 12 12
255 251 12 12
255 250 12 12
256 240 12 12
256 241 12 12
256 245 12 12
256 248 12 12
257 252 12 12
257 253 12 12
257 241 12 12
257 240 12 12
258 248 12 12
258 244 12 12
258 252 12 12
258 251 12 12
259 243 12 12
259 255 12 12
259 251 12 12
259 254 12 12
240 259 12 12
240 258 12 12
240 248 12 12
240 250 12 12
241 258 12 12
241 247 12 12
241 248 12 12
241 255 12 12
242 252 12 12
242 251 12 12
242 253 12 12
242 259 12 12
243 256 12 12
243 251 12 12
243 247 12 12
243 254 12 12
264 261 13 13
264 262 13 13
264 260 13 13
264 263 13 13
265 260 13 13
265 264 13 13
265 262 13 13
265 261 13 13
266 265 13 13
266 262 13 13
266 261 13 13
266 260 13 13
267 263 13 13
267 266 13 13
267 260 13 13
267 261 13 13
268 265 13 13
268 263 13 13
268 262 13 13
268 261 13 13
269 264 13 13
269 261 13 13
269 262 13 13
269 266 13 13
270 264 13 13
270 261 13 13
270 265 13 13
270 269 13 13
271 262 13 13
271 261 13 13
271 260 13 13
271 264 13 13
272 266 13 13
272 271 13 13
272 268 13 13
272 265 13 13
273 262 13 13
273 268 13 13
273 260 13 13
273 269 13 13
274 272 13 13
274 266 13 13
274 262 13 13
274 263 13 13
275 268 13 13
275 272 13 13
275 262 13 13
275 263 13 13
276 272 13 13
276 264 13 13
276 274 13 13
276 262 13 13
277 265 13 13
277 272 13 13
277 274 13 13
277 276 13 13
278 263 13 13
278 269 13 13
278 261 13 13
278 270 13 13
279 277 13 13
279 278 13 13
279 276 13 13
279 272 13 13
260 268 13 13
260 270 13 13
260 272 13 13
260 279 13 13
261 274 13 13
261 272 13 13
261 273 13 13
261 279 13 13
262 270 13 13
262 267 13 13
262 277 13 13
262 278 13 13
263 266 13 13
263 265 13 13
263 271 13 13
263 269 13 13
284 280 14 14
284 281 14 14
284 283 14 14
284 282 14 14
285 284 14 14
285 280 14 14
285 282 14 14
285 281 14 14
286 284 14 14
286 282 14 14
286 285 14 14
286 281 14 14
287 283 14 14
287 280 14 14
287 286 14 14
287 281 14 14
288 286 14 14
288 282 14 14
288 287 14 14
288 280 14 14
289 281 14 14
289 285 14 14
289 284 14 14
289 288 14 14
290 285 14 14
290 282 14 14
290 281 14 14
290 280 14 14
291 289 14 14
291 287 14 14
291 282 14 14
291 283 14 14
292 283 14 14
292 287 14 14
292 280 14 14
292 291 14 14
293 289 14 14
293 288 14 14
293 291 14 14
293 287 14 14
294 280 14 14
294 285 14 14
294 286 14 14
294 290 14 14
295 293 14 14
295 288 14 14
295 289 14 14
295 286 14 14
296 293 14 14
296 289 14 14
296 295 14 14
296 288 14 14
297 283 14 14
297 292 14 14
297 288 14 14
297 290 14 14
298 291 14 14
298 284 14 14
298 289 14 14
298 296 14 14
299 289 14 14
299 286 14 14
299 291 14 14
299 296 14 14
280 297 14 14
280 296 14 14
280 298 14 14
280 286 14 14
281 298 14 14
281 294 14 14
281 292 14 14
281 296 14 14
282 298 14 14
282 294 14 14
282 289 14 14
282 297 14 14
283 290 14 14
283 294 14 14
283 298 14 14
283 285 14 14
304 303 15 15
304 301 15 15
304 302 15 15
304 300 15 15
305 301 15 15
305 303 15 15
305 302 15 15
305 304 15 15
306 303 15 15
306 302 15 15
306 301 15 15
306 305 15 15
307 300 15 15
307 303 15 15
307 301 15 15
307 304 15 15
308 306 15 15
308 304 15 15
308 307 15 15
308 301 15 15
309 304 15 15
309 301 15 15
309 307 15 15
309 305 15 15
310 305 15 15
310 303 15 15
310 304 15 15
310 307 15 15
311 302 15 15
311 306 15 15
311 308 15 15
311 305 15 15
312 300 15 15
312 307 15 15
312 306 15 15
312 310 15 15
313 312 15 15
313 301 15 15
313 307 15 15
313 303 15 15
314 300 15 15
314 303 15 15
314 312 15 15
314 304 15 15
315 304 15 15
315 300 15 15
315 305 15 15
315 313 15 15
316 311 15 15
316 312 15 15
316 309 15 15
316 308 15 15
317 312 15 15
317 315 15 15
317 308 15 15
317 314 15 15
318 307 15 15
318 312 15 15
318 315 15 15
318 306 15 15
319 316 15 15
319 312 15 15
319 301 15 15
319 313 15 15
300 310 15 15
300 317 15 15
300 316 15 15
300 308 15 15
301 318 15 15
301 311 15 15
301 316 15 15
301 312 15 15
302 313 15 15
302 317 15 15
302 316 15 15
302 309 15 15
303 317 15 15
303 312 15 15
303 308 15 15
303 309 15 15
95 62 4 3
83 52 4 2
83 27 4 1
84 2 4 0
118 36 5 1
100 85 5 4
112 11 5 0
110 61 5 3
136 52 6 2
128 25 6 1
125 74 6 3
123 102 6 5
143 78 7 3
144 49 7 2
158 115 7 5
141 136 7 6
165 40 8 2
175 140 8 7
173 37 8 1
164 85 8 4
185 166 9 8
184 123 9 6
193 22 9 1
195 150 9 7
214 10 10 0
212 36 10 1
202 54 10 2
215 129 10 6
227 183 11 9
231 38 11 1
221 128 11 6
235 48 11 2
257 133 12 6
243 147 12 7
255 75 12 3
255 195 12 9
263 96 13 4
264 227 13 11
265 244 13 12
273 191 13 9
284 166 14 8
288 192 14 9
285 14 14 0
291 120 14 6
303 195 15 9
300 172 15 8
318 35 15 1
306 247 15 12
12 314 0 15
0 195 0 9
11 126 0 6
14 241 0 12
37 242 1 12
27 293 1 14
28 142 1 7
25 264 1 13
59 278 2 13
59 198 2 9
46 105 2 5
42 301 2 15
64 292 3 14
77 208 3 10
79 180 3 9
78 237 3 11
