swNum = 320
edgeNum = 1344

0 0
1 0
2 0
3 0
4 0
5 0
6 0
7 0
8 0
9 0
10 0
11 0
12 0
13 0
14 0
15 0
16 0
17 0
18 0
19 0
20 1
21 1
22 1
23 1
24 1
25 1
26 1
27 1
28 1
29 1
30 1
31 1
32 1
33 1
34 1
35 1
36 1
37 1
38 1
39 1
40 2
41 2
42 2
43 2
44 2
45 2
46 2
47 2
48 2
49 2
50 2
51 2
52 2
53 2
54 2
55 2
56 2
57 2
58 2
59 2
60 3
61 3
62 3
63 3
64 3
65 3
66 3
67 3
68 3
69 3
70 3
71 3
72 3
73 3
74 3
75 3
76 3
77 3
78 3
79 3
80 4
81 4
82 4
83 4
84 4
85 4
86 4
87 4
88 4
89 4
90 4
91 4
92 4
93 4
94 4
95 4
96 4
97 4
98 4
99 4
100 5
101 5
102 5
103 5
104 5
105 5
106 5
107 5
108 5
109 5
110 5
111 5
112 5
113 5
114 5
115 5
116 5
117 5
118 5
119 5
120 6
121 6
122 6
123 6
124 6
125 6
126 6
127 6
128 6
129 6
130 6
131 6
132 6
133 6
134 6
135 6
136 6
137 6
138 6
139 6
140 7
141 7
142 7
143 7
144 7
145 7
146 7
147 7
148 7
149 7
150 7
151 7
152 7
153 7
154 7
155 7
156 7
157 7
158 7
159 7
160 8
161 8
162 8
163 8
164 8
165 8
166 8
167 8
168 8
169 8
170 8
171 8
172 8
173 8
174 8
175 8
176 8
177 8
178 8
179 8
180 9
181 9
182 9
183 9
184 9
185 9
186 9
187 9
188 9
189 9
190 9
191 9
192 9
193 9
194 9
195 9
196 9
197 9
198 9
199 9
200 10
201 10
202 10
203 10
204 10
205 10
206 10
207 10
208 10
209 10
210 10
211 10
212 10
213 10
214 10
215 10
216 10
217 10
218 10
219 10
220 11
221 11
222 11
223 11
224 11
225 11
226 11
227 11
228 11
229 11
230 11
231 11
232 11
233 11
234 11
235 11
236 11
237 11
238 11
239 11
240 12
241 12
242 12
243 12
244 12
245 12
246 12
247 12
248 12
249 12
250 12
251 12
252 12
253 12
254 12
255 12
256 12
257 12
258 12
259 12
260 13
261 13
262 13
263 13
264 13
265 13
266 13
267 13
268 13
269 13
270 13
271 13
272 13
273 13
274 13
275 13
276 13
277 13
278 13
279 13
280 14
281 14
282 14
283 14
284 14
285 14
286 14
287 14
288 14
289 14
290 14
291 14
292 14
293 14
294 14
295 14
296 14
297 14
298 14
299 14
300 15
301 15
302 15
303 15
304 15
305 15
306 15
307 15
308 15
309 15
310 15
311 15
312 15
313 15
314 15
315 15
316 15
317 15
318 15
319 15

4 1 0 0
4 2 0 0
4 0 0 0
4 3 0 0
5 2 0 0
5 3 0 0
5 0 0 0
5 1 0 0
6 1 0 0
6 0 0 0
6 4 0 0
6 5 0 0
7 1 0 0
7 3 0 0
7 5 0 0
7 4 0 0
8 6 0 0
8 1 0 0
8 0 0 0
8 4 0 0
9 7 0 0
9 6 0 0
9 0 0 0
9 1 0 0
10 7 0 0
10 5 0 0
10 8 0 0
10 0 0 0
11 3 0 0
11 0 0 0
11 1 0 0
11 6 0 0
12 10 0 0
12 11 0 0
12 0 0 0
12 5 0 0
13 2 0 0
13 10 0 0
13 7 0 0
13 5 0 0
14 1 0 0
14 13 0 0
14 7 0 0
14 0 0 0
15 2 0 0
15 1 0 0
15 12 0 0
15 5 0 0
16 15 0 0
16 4 0 0
16 12 0 0
16 1 0 0
17 13 0 0
17 5 0 0
17 16 0 0
17 12 0 0
18 13 0 0
18 14 0 0
18 3 0 0
18 7 0 0
19 7 0 0
19 17 0 0
19 9 0 0
19 0 0 0
0 16 0 0
0 17 0 0
0 13 0 0
0 15 0 0
1 10 0 0
1 12 0 0
1 17 0 0
1 19 0 0
2 9 0 0
2 17 0 0
2 7 0 0
2 18 0 0
3 15 0 0
3 14 0 0
3 17 0 0
3 12 0 0
24 23 1 1
24 22 1 1
24 21 1 1
24 20 1 1
25 24 1 1
25 22 1 1
25 20 1 1
25 21 1 1
26 21 1 1
26 20 1 1
26 22 1 1
26 23 1 1
27 23 1 1
27 25 1 1
27 20 1 1
27 21 1 1
28 26 1 1
28 27 1 1
28 20 1 1
28 21 1 1
29 25 1 1
29 26 1 1
29 28 1 1
29 24 1 1
30 29 1 1
30 23 1 1
30 24 1 1
30 25 1 1
31 24 1 1
31 21 1 1
31 30 1 1
31 25 1 1
32 30 1 1
32 28 1 1
32 21 1 1
32 31 1 1
33 26 1 1
33 23 1 1
33 24 1 1
33 22 1 1
34 31 1 1
34 21 1 1
34 26 1 1
34 24 1 1
35 25 1 1
35 28 1 1
35 24 1 1
35 32 1 1
36 31 1 1
36 30 1 1
36 26 1 1
36 23 1 1
37 20 1 1
37 23 1 1
37 36 1 1
37 27 1 1
38 20 1 1
38 25 1 1
38 33 1 1
38 30 1 1
39 24 1 1
39 21 1 1
39 31 1 1
39 29 1 1
20 29 1 1
20 31 1 1
20 32 1 1
20 30 1 1
21 37 1 1
21 30 1 1
21 33 1 1
21 38 1 1
22 31 1 1
22 34 1 1
22 37 1 1
22 38 1 1
23 39 1 1
23 28 1 1
23 31 1 1
23 29 1 1
44 42 2 2
44 41 2 2
44 40 2 2
44 43 2 2
45 44 2 2
45 42 2 2
45 43 2 2
45 40 2 2
46 45 2 2
46 43 2 2
46 44 2 2
46 42 2 2
47 42 2 2
47 43 2 2
47 41 2 2
47 44 2 2
48 46 2 2
48 40 2 2
48 45 2 2
48 41 2 2
49 41 2 2
49 40 2 2
49 44 2 2
49 46 2 2
50 46 2 2
50 48 2 2
50 43 2 2
50 41 2 2
51 49 2 2
51 45 2 2
51 40 2 2
51 41 2 2
52 42 2 2
52 49 2 2
52 46 2 2
52 41 2 2
53 42 2 2
53 51 2 2
53 52 2 2
53 44 2 2
54 41 2 2
54 51 2 2
54 50 2 2
54 52 2 2
55 52 2 2
55 47 2 2
55 42 2 2
55 44 2 2
56 44 2 2
56 53 2 2
56 51 2 2
56 47 2 2
57 45 2 2
57 51 2 2
57 50 2 2
57 40 2 2
58 51 2 2
58 44 2 2
58 49 2 2
58 57 2 2
59 43 2 2
59 50 2 2
59 53 2 2
59 46 2 2
40 56 2 2
40 46 2 2
40 58 2 2
40 50 2 2
41 57 2 2
41 46 2 2
41 53 2 2
41 45 2 2
42 57 2 2
42 48 2 2
42 56 2 2
42 51 2 2
43 58 2 2
43 48 2 2
43 54 2 2
43 53 2 2
64 62 3 3
64 60 3 3
64 61 3 3
64 63 3 3
65 60 3 3
65 61 3 3
65 62 3 3
65 64 3 3
66 64 3 3
66 65 3 3
66 63 3 3
66 60 3 3
67 63 3 3
67 66 3 3
67 64 3 3
67 60 3 3
68 63 3 3
68 65 3 3
68 66 3 3
68 62 3 3
69 68 3 3
69 67 3 3
69 66 3 3
69 62 3 3
70 64 3 3
70 66 3 3
70 67 3 3
70 63 3 3
71 60 3 3
71 65 3 3
71 61 3 3
71 63 3 3
72 62 3 3
72 69 3 3
72 64 3 3
72 63 3 3
73 60 3 3
73 67 3 3
73 65 3 3
73 69 3 3
74 70 3 3
74 71 3 3
74 72 3 3
74 66 3 3
75 69 3 3
75 74 3 3
75 73 3 3
75 67 3 3
76 71 3 3
76 65 3 3
76 66 3 3
76 63 3 3
77 69 3 3
77 73 3 3
77 76 3 3
77 74 3 3
78 60 3 3
78 70 3 3
78 72 3 3
78 68 3 3
79 65 3 3
79 63 3 3
79 67 3 3
79 76 3 3
60 79 3 3
60 77 3 3
60 76 3 3
60 69 3 3
61 69 3 3
61 75 3 3
61 72 3 3
61 74 3 3
62 75 3 3
62 73 3 3
62 70 3 3
62 74 3 3
63 73 3 3
63 65 3 3
63 69 3 3
63 78 3 3
84 83 4 4
84 81 4 4
84 82 4 4
84 80 4 4
85 80 4 4
85 83 4 4
85 84 4 4
85 82 4 4
86 85 4 4
86 83 4 4
86 80 4 4
86 82 4 4
87 81 4 4
87 83 4 4
87 85 4 4
87 86 4 4
88 81 4 4
88 87 4 4
88 82 4 4
88 83 4 4
89 88 4 4
89 80 4 4
89 85 4 4
89 83 4 4
90 82 4 4
90 84 4 4
90 80 4 4
90 88 4 4
91 87 4 4
91 90 4 4
91 88 4 4
91 86 4 4
92 91 4 4
92 89 4 4
92 87 4 4
92 83 4 4
93 91 4 4
93 86 4 4
93 90 4 4
93 81 4 4
94 93 4 4
94 88 4 4
94 85 4 4
94 89 4 4
95 88 4 4
95 83 4 4
95 84 4 4
95 82 4 4
96 89 4 4
96 94 4 4
96 88 4 4
96 87 4 4
97 90 4 4
97 96 4 4
97 93 4 4
97 85 4 4
98 83 4 4
98 86 4 4
98 96 4 4
98 88 4 4
99 84 4 4
99 83 4 4
99 95 4 4
99 98 4 4
80 96 4 4
80 97 4 4
80 93 4 4
80 87 4 4
81 95 4 4
81 96 4 4
81 98 4 4
81 97 4 4
82 99 4 4
82 93 4 4
82 92 4 4
82 98 4 4
83 93 4 4
83 96 4 4
83 97 4 4
83 91 4 4
104 101 5 5
104 102 5 5
104 100 5 5
104 103 5 5
105 103 5 5
105 104 5 5
105 100 5 5
105 102 5 5
106 103 5 5
106 102 5 5
106 101 5 5
106 104 5 5
107 101 5 5
107 102 5 5
107 104 5 5
107 106 5 5
108 104 5 5
108 106 5 5
108 107 5 5
108 102 5 5
109 104 5 5
109 106 5 5
109 100 5 5
109 108 5 5
110 103 5 5
110 104 5 5
110 105 5 5
110 106 5 5
111 107 5 5
111 110 5 5
111 108 5 5
111 102 5 5
112 107 5 5
112 102 5 5
112 108 5 5
112 104 5 5
113 102 5 5
113 103 5 5
113 108 5 5
113 106 5 5
114 109 5 5
114 103 5 5
114 107 5 5
114 104 5 5
115 108 5 5
115 114 5 5
115 106 5 5
115 112 5 5
116 112 5 5
116 102 5 5
116 111 5 5
116 104 5 5
117 103 5 5
117 105 5 5
117 102 5 5
117 116 5 5
118 113 5 5
118 100 5 5
118 104 5 5
118 111 5 5
119 115 5 5
119 111 5 5
119 108 5 5
119 104 5 5
100 113 5 5
100 114 5 5
100 112 5 5
100 108 5 5
101 119 5 5
101 112 5 5
101 109 5 5
101 115 5 5
102 115 5 5
102 110 5 5
102 119 5 5
102 118 5 5
103 116 5 5
103 111 5 5
103 119 5 5
103 108 5 5
124 121 6 6
124 123 6 6
124 120 6 6
124 122 6 6
125 120 6 6
125 124 6 6
125 123 6 6
125 121 6 6
126 120 6 6
126 124 6 6
126 123 6 6
126 121 6 6
127 123 6 6
127 120 6 6
127 124 6 6
127 125 6 6
128 125 6 6
128 127 6 6
128 120 6 6
128 126 6 6
129 125 6 6
129 121 6 6
129 127 6 6
129 128 6 6
130 124 6 6
130 121 6 6
130 129 6 6
130 120 6 6
131 122 6 6
131 123 6 6
131 121 6 6
131 120 6 6
132 131 6 6
132 121 6 6
132 129 6 6
132 120 6 6
133 123 6 6
133 121 6 6
133 125 6 6
133 126 6 6
134 130 6 6
134 127 6 6
134 133 6 6
134 131 6 6
135 124 6 6
135 126 6 6
135 134 6 6
135 120 6 6
136 124 6 6
136 122 6 6
136 133 6 6
136 120 6 6
137 135 6 6
137 126 6 6
137 128 6 6
137 129 6 6
138 134 6 6
138 126 6 6
138 130 6 6
138 135 6 6
139 121 6 6
139 135 6 6
139 131 6 6
139 136 6 6
120 133 6 6
120 139 6 6
120 138 6 6
120 129 6 6
121 136 6 6
121 135 6 6
121 138 6 6
121 128 6 6
122 126 6 6
122 132 6 6
122 135 6 6
122 137 6 6
123 139 6 6
123 136 6 6
123 137 6 6
123 138 6 6
144 140 7 7
144 141 7 7
144 142 7 7
144 143 7 7
145 144 7 7
145 141 7 7
145 143 7 7
145 140 7 7
146 144 7 7
146 143 7 7
146 142 7 7
146 140 7 7
147 142 7 7
147 144 7 7
147 141 7 7
147 140 7 7
148 147 7 7
148 146 7 7
148 140 7 7
148 142 7 7
149 147 7 7
149 142 7 7
149 143 7 7
149 144 7 7
150 140 7 7
150 148 7 7
150 142 7 7
150 149 7 7
151 145 7 7
151 141 7 7
151 144 7 7
151 142 7 7
152 148 7 7
152 150 7 7
152 145 7 7
152 142 7 7
153 141 7 7
153 142 7 7
153 145 7 7
153 151 7 7
154 150 7 7
154 144 7 7
154 145 7 7
154 146 7 7
155 148 7 7
155 140 7 7
155 154 7 7
155 142 7 7
156 143 7 7
156 146 7 7
156 154 7 7
156 141 7 7
157 142 7 7
157 149 7 7
157 147 7 7
157 155 7 7
158 149 7 7
158 150 7 7
158 153 7 7
158 145 7 7
159 142 7 7
159 157 7 7
159 147 7 7
159 154 7 7
140 154 7 7
140 152 7 7
140 156 7 7
140 157 7 7
141 148 7 7
141 158 7 7
141 155 7 7
141 157 7 7
142 154 7 7
142 158 7 7
142 156 7 7
142 145 7 7
143 157 7 7
143 148 7 7
143 154 7 7
143 152 7 7
164 163 8 8
164 161 8 8
164 162 8 8
164 160 8 8
165 163 8 8
165 161 8 8
165 164 8 8
165 160 8 8
166 163 8 8
166 164 8 8
166 160 8 8
166 165 8 8
167 161 8 8
167 160 8 8
167 163 8 8
167 162 8 8
168 167 8 8
168 164 8 8
168 160 8 8
168 162 8 8
169 166 8 8
169 161 8 8
169 163 8 8
169 165 8 8
170 169 8 8
170 168 8 8
170 164 8 8
170 166 8 8
171 161 8 8
171 160 8 8
171 163 8 8
171 168 8 8
172 164 8 8
172 162 8 8
172 165 8 8
172 161 8 8
173 168 8 8
173 161 8 8
173 165 8 8
173 167 8 8
174 171 8 8
174 168 8 8
174 170 8 8
174 165 8 8
175 164 8 8
175 169 8 8
175 165 8 8
175 166 8 8
176 170 8 8
176 169 8 8
176 163 8 8
176 166 8 8
177 174 8 8
177 161 8 8
177 175 8 8
177 160 8 8
178 171 8 8
178 168 8 8
178 174 8 8
178 176 8 8
179 176 8 8
179 164 8 8
179 162 8 8
179 165 8 8
160 176 8 8
160 172 8 8
160 173 8 8
160 174 8 8
161 179 8 8
161 176 8 8
161 174 8 8
161 168 8 8
162 177 8 8
162 173 8 8
162 169 8 8
162 174 8 8
163 172 8 8
163 174 8 8
163 179 8 8
163 175 8 8
184 180 9 9
184 183 9 9
184 181 9 9
184 182 9 9
185 183 9 9
185 180 9 9
185 184 9 9
185 182 9 9
186 182 9 9
186 184 9 9
186 181 9 9
186 185 9 9
187 182 9 9
187 180 9 9
187 184 9 9
187 183 9 9
188 180 9 9
188 186 9 9
188 181 9 9
188 185 9 9
189 180 9 9
189 187 9 9
189 184 9 9
189 181 9 9
190 185 9 9
190 189 9 9
190 184 9 9
190 188 9 9
191 182 9 9
191 188 9 9
191 184 9 9
191 180 9 9
192 189 9 9
192 190 9 9
192 184 9 9
192 183 9 9
193 190 9 9
193 183 9 9
193 189 9 9
193 188 9 9
194 188 9 9
194 185 9 9
194 183 9 9
194 186 9 9
195 191 9 9
195 189 9 9
195 183 9 9
195 190 9 9
196 182 9 9
196 190 9 9
196 194 9 9
196 191 9 9
197 186 9 9
197 193 9 9
197 180 9 9
197 191 9 9
198 189 9 9
198 192 9 9
198 195 9 9
198 190 9 9
199 194 9 9
199 185 9 9
199 190 9 9
199 184 9 9
180 192 9 9
180 186 9 9
180 194 9 9
180 199 9 9
181 192 9 9
181 185 9 9
181 199 9 9
181 194 9 9
182 192 9 9
182 193 9 9
182 199 9 9
182 194 9 9
183 197 9 9
183 191 9 9
183 189 9 9
183 199 9 9
204 202 10 10
204 200 10 10
204 203 10 10
204 201 10 10
205 200 10 10
205 203 10 10
205 201 10 10
205 202 10 10
206 204 10 10
206 203 10 10
206 200 10 10
206 202 10 10
207 201 10 10
207 202 10 10
207 205 10 10
207 200 10 10
208 200 10 10
208 204 10 10
208 206 10 10
208 203 10 10
209 206 10 10
209 201 10 10
209 208 10 10
209 204 10 10
210 202 10 10
210 201 10 10
210 209 10 10
210 207 10 10
211 204 10 10
211 203 10 10
211 210 10 10
211 202 10 10
212 200 10 10
212 203 10 10
212 206 10 10
212 208 10 10
213 201 10 10
213 203 10 10
213 204 10 10
213 206 10 10
214 210 10 10
214 205 10 10
214 209 10 10
214 203 10 10
215 209 10 10
215 208 10 10
215 202 10 10
215 205 10 10
216 204 10 10
216 201 10 10
216 207 10 10
216 212 10 10
217 210 10 10
217 213 10 10
217 201 10 10
217 216 10 10
218 205 10 10
218 200 10 10
218 204 10 10
218 217 10 10
219 202 10 10
219 211 10 10
219 216 10 10
219 205 10 10
200 214 10 10
200 216 10 10
200 213 10 10
200 211 10 10
201 206 10 10
201 219 10 10
201 215 10 10
201 211 10 10
202 213 10 10
202 214 10 10
202 208 10 10
202 216 10 10
203 218 10 10
203 215 10 10
203 207 10 10
203 209 10 10
224 221 11 11
224 220 11 11
224 223 11 11
224 222 11 11
225 221 11 11
225 223 11 11
225 224 11 11
225 220 11 11
226 221 11 11
226 224 11 11
226 223 11 11
226 220 11 11
227 223 11 11
227 220 11 11
227 221 11 11
227 224 11 11
228 220 11 11
228 224 11 11
228 227 11 11
228 221 11 11
229 225 11 11
229 224 11 11
229 228 11 11
229 221 11 11
230 227 11 11
230 225 11 11
230 226 11 11
230 220 11 11
231 224 11 11
231 227 11 11
231 228 11 11
231 222 11 11
232 230 11 11
232 228 11 11
232 226 11 11
232 221 11 11
233 221 11 11
233 226 11 11
233 232 11 11
233 224 11 11
234 229 11 11
234 220 11 11
234 231 11 11
234 228 11 11
235 228 11 11
235 220 11 11
235 222 11 11
235 232 11 11
236 227 11 11
236 235 11 11
236 220 11 11
236 225 11 11
237 231 11 11
237 221 11 11
237 222 11 11
237 228 11 11
238 232 11 11
238 227 11 11
238 237 11 11
238 221 11 11
239 224 11 11
239 235 11 11
239 225 11 11
239 221 11 11
220 232 11 11
220 233 11 11
220 229 11 11
220 239 11 11
221 230 11 11
221 236 11 11
221 234 11 11
221 235 11 11
222 225 11 11
222 238 11 11
222 234 11 11
222 229 11 11
223 234 11 11
223 235 11 11
223 231 11 11
223 230 11 11
244 242 12 12
244 243 12 12
244 240 12 12
244 241 12 12
245 241 12 12
245 243 12 12
245 244 12 12
245 242 12 12
246 242 12 12
246 241 12 12
246 240 12 12
246 243 12 12
247 240 12 12
247 246 12 12
247 242 12 12
247 243 12 12
248 240 12 12
248 245 12 12
248 244 12 12
248 242 12 12
249 241 12 12
249 240 12 12
249 243 12 12
249 244 12 12
250 247 12 12
250 248 12 12
250 242 12 12
250 241 12 12
251 245 12 12
251 247 12 12
251 250 12 12
251 243 12 12
252 251 12 12
252 244 12 12
252 249 12 12
252 240 12 12
253 240 12 12
253 246 12 12
253 248 12 12
253 242 12 12
254 243 12 12
254 252 12 12
254 245 12 12
254 248 12 12
255 250 12 12
255 247 12 12
255 245 12 12
255 248 12 12
256 241 12 12
256 253 12 12
256 247 12 12
256 249 12 12
257 242 12 12
257 252 12 12
257 241 12 12
257 248 12 12
258 243 12 12
258 245 12 12
258 250 12 12
258 247 12 12
259 250 12 12
259 241 12 12
259 242 12 12
259 256 12 12
240 250 12 12
240 257 12 12
240 255 12 12
240 259 12 12
241 248 12 12
241 253 12 12
241 247 12 12
241 252 12 12
242 252 12 12
242 249 12 12
242 258 12 12
242 256 12 12
243 255 12 12
243 256 12 12
243 252 12 12
243 259 12 12
264 261 13 13
264 263 13 13
264 260 13 13
264 262 13 13
265 260 13 13
265 262 13 13
265 264 13 13
265 263 13 13
266 262 13 13
266 261 13 13
266 263 13 13
266 260 13 13
267 263 13 13
267 262 13 13
267 266 13 13
267 264 13 13
268 262 13 13
268 265 13 13
268 266 13 13
268 264 13 13
269 268 13 13
269 262 13 13
269 260 13 13
269 265 13 13
270 264 13 13
270 261 13 13
270 262 13 13
270 269 13 13
271 266 13 13
271 268 13 13
271 270 13 13
271 267 13 13
272 269 13 13
272 262 13 13
272 270 13 13
272 260 13 13
273 271 13 13
273 260 13 13
273 263 13 13
273 266 13 13
274 271 13 13
274 265 13 13
274 261 13 13
274 264 13 13
275 266 13 13
275 270 13 13
275 268 13 13
275 264 13 13
276 270 13 13
276 264 13 13
276 267 13 13
276 266 13 13
277 271 13 13
277 265 13 13
277 266 13 13
277 262 13 13
278 264 13 13
278 271 13 13
278 272 13 13
278 277 13 13
279 278 13 13
279 266 13 13
279 271 13 13
279 270 13 13
260 268 13 13
260 270 13 13
260 274 13 13
260 277 13 13
261 277 13 13
261 278 13 13
261 271 13 13
261 273 13 13
262 278 13 13
262 279 13 13
262 273 13 13
262 271 13 13
263 276 13 13
263 272 13 13
263 271 13 13
263 275 13 13
284 282 14 14
284 280 14 14
284 281 14 14
284 283 14 14
285 283 14 14
285 281 14 14
285 280 14 14
285 282 14 14
286 280 14 14
286 284 14 14
286 282 14 14
286 285 14 14
287 286 14 14
287 283 14 14
287 284 14 14
287 280 14 14
288 286 14 14
288 282 14 14
288 284 14 14
288 280 14 14
289 283 14 14
289 282 14 14
289 281 14 14
289 285 14 14
290 288 14 14
290 286 14 14
290 283 14 14
290 281 14 14
291 290 14 14
291 284 14 14
291 280 14 14
291 287 14 14
292 282 14 14
292 288 14 14
292 290 14 14
292 281 14 14
293 289 14 14
293 288 14 14
293 281 14 14
293 287 14 14
294 292 14 14
294 282 14 14
294 291 14 14
294 281 14 14
295 289 14 14
295 294 14 14
295 288 14 14
295 280 14 14
296 285 14 14
296 288 14 14
296 293 14 14
296 286 14 14
297 285 14 14
297 295 14 14
297 290 14 14
297 286 14 14
298 297 14 14
298 288 14 14
298 286 14 14
298 292 14 14
299 280 14 14
299 282 14 14
299 291 14 14
299 295 14 14
280 290 14 14
280 292 14 14
280 298 14 14
280 293 14 14
281 286 14 14
281 297 14 14
281 298 14 14
281 296 14 14
282 298 14 14
282 295 14 14
282 296 14 14
282 287 14 14
283 292 14 14
283 298 14 14
283 296 14 14
283 294 14 14
304 300 15 15
304 301 15 15
304 302 15 15
304 303 15 15
305 302 15 15
305 304 15 15
305 300 15 15
305 301 15 15
306 301 15 15
306 300 15 15
306 304 15 15
306 302 15 15
307 301 15 15
307 306 15 15
307 303 15 15
307 302 15 15
308 304 15 15
308 300 15 15
308 302 15 15
308 306 15 15
309 301 15 15
309 307 15 15
309 306 15 15
309 308 15 15
310 300 15 15
310 309 15 15
310 306 15 15
310 307 15 15
311 309 15 15
311 305 15 15
311 304 15 15
311 307 15 15
312 300 15 15
312 302 15 15
312 306 15 15
312 303 15 15
313 303 15 15
313 301 15 15
313 308 15 15
313 302 15 15
314 308 15 15
314 302 15 15
314 306 15 15
314 312 15 15
315 300 15 15
315 311 15 15
315 312 15 15
315 304 15 15
316 315 15 15
316 305 15 15
316 301 15 15
316 303 15 15
317 304 15 15
317 305 15 15
317 313 15 15
317 308 15 15
318 308 15 15
318 316 15 15
318 307 15 15
318 302 15 15
319 314 15 15
319 304 15 15
319 307 15 15
319 310 15 15
300 319 15 15
300 317 15 15
300 316 15 15
300 311 15 15
301 318 15 15
301 319 15 15
301 308 15 15
301 310 15 15
302 319 15 15
302 316 15 15
302 317 15 15
302 309 15 15
303 319 15 15
303 318 15 15
303 317 15 15
303 309 15 15
95 21 4 1
85 55 4 2
96 72 4 3
89 9 4 0
119 29 5 1
103 92 5 4
113 40 5 2
108 13 5 0
134 91 6 4
136 4 6 0
133 114 6 5
131 51 6 2
159 55 7 2
156 139 7 6
153 112 7 5
159 84 7 4
164 135 8 6
177 94 8 4
171 49 8 2
165 109 8 5
195 120 9 6
191 46 9 2
183 94 9 4
187 117 9 5
208 71 10 3
212 94 10 4
209 169 10 8
207 122 10 6
220 103 11 5
236 33 11 1
236 170 11 8
235 15 11 0
256 58 12 2
257 185 12 9
246 152 12 7
254 19 12 0
271 228 13 11
272 32 13 1
268 62 13 3
266 248 13 12
282 28 14 1
296 267 14 13
282 104 14 5
288 182 14 9
315 10 15 0
318 178 15 8
311 204 15 10
300 42 15 2
0 205 0 10
5 168 0 8
11 146 0 7
11 187 0 9
22 210 1 10
20 305 1 15
38 159 1 7
27 181 1 9
50 219 2 10
57 271 2 13
57 231 2 11
47 291 2 14
68 315 3 15
72 180 3 9
77 283 3 14
60 176 3 8
