swNum = 320
edgeNum = 1341

0 0
1 0
2 0
3 0
4 0
5 0
6 0
7 0
8 0
9 0
10 0
11 0
12 0
13 0
14 0
15 0
16 0
17 0
18 0
19 0
20 1
21 1
22 1
23 1
24 1
25 1
26 1
27 1
28 1
29 1
30 1
31 1
32 1
33 1
34 1
35 1
36 1
37 1
38 1
39 1
40 2
41 2
42 2
43 2
44 2
45 2
46 2
47 2
48 2
49 2
50 2
51 2
52 2
53 2
54 2
55 2
56 2
57 2
58 2
59 2
60 3
61 3
62 3
63 3
64 3
65 3
66 3
67 3
68 3
69 3
70 3
71 3
72 3
73 3
74 3
75 3
76 3
77 3
78 3
79 3
80 4
81 4
82 4
83 4
84 4
85 4
86 4
87 4
88 4
89 4
90 4
91 4
92 4
93 4
94 4
95 4
96 4
97 4
98 4
99 4
100 5
101 5
102 5
103 5
104 5
105 5
106 5
107 5
108 5
109 5
110 5
111 5
112 5
113 5
114 5
115 5
116 5
117 5
118 5
119 5
120 6
121 6
122 6
123 6
124 6
125 6
126 6
127 6
128 6
129 6
130 6
131 6
132 6
133 6
134 6
135 6
136 6
137 6
138 6
139 6
140 7
141 7
142 7
143 7
144 7
145 7
146 7
147 7
148 7
149 7
150 7
151 7
152 7
153 7
154 7
155 7
156 7
157 7
158 7
159 7
160 8
161 8
162 8
163 8
164 8
165 8
166 8
167 8
168 8
169 8
170 8
171 8
172 8
173 8
174 8
175 8
176 8
177 8
178 8
179 8
180 9
181 9
182 9
183 9
184 9
185 9
186 9
187 9
188 9
189 9
190 9
191 9
192 9
193 9
194 9
195 9
196 9
197 9
198 9
199 9
200 10
201 10
202 10
203 10
204 10
205 10
206 10
207 10
208 10
209 10
210 10
211 10
212 10
213 10
214 10
215 10
216 10
217 10
218 10
219 10
220 11
221 11
222 11
223 11
224 11
225 11
226 11
227 11
228 11
229 11
230 11
231 11
232 11
233 11
234 11
235 11
236 11
237 11
238 11
239 11
240 12
241 12
242 12
243 12
244 12
245 12
246 12
247 12
248 12
249 12
250 12
251 12
252 12
253 12
254 12
255 12
256 12
257 12
258 12
259 12
260 13
261 13
262 13
263 13
264 13
265 13
266 13
267 13
268 13
269 13
270 13
271 13
272 13
273 13
274 13
275 13
276 13
277 13
278 13
279 13
280 14
281 14
282 14
283 14
284 14
285 14
286 14
287 14
288 14
289 14
290 14
291 14
292 14
293 14
294 14
295 14
296 14
297 14
298 14
299 14
300 15
301 15
302 15
303 15
304 15
305 15
306 15
307 15
308 15
309 15
310 15
311 15
312 15
313 15
314 15
315 15
316 15
317 15
318 15
319 15

4 1 0 0
4 3 0 0
4 2 0 0
4 0 0 0
5 0 0 0
5 3 0 0
5 1 0 0
5 2 0 0
6 0 0 0
6 1 0 0
6 3 0 0
6 2 0 0
7 6 0 0
7 0 0 0
7 2 0 0
7 1 0 0
8 2 0 0
8 4 0 0
8 0 0 0
8 7 0 0
9 7 0 0
9 6 0 0
9 1 0 0
9 8 0 0
10 3 0 0
10 7 0 0
10 4 0 0
10 0 0 0
11 3 0 0
11 8 0 0
11 4 0 0
11 0 0 0
12 6 0 0
12 11 0 0
12 7 0 0
12 9 0 0
13 2 0 0
13 0 0 0
13 1 0 0
13 9 0 0
14 13 0 0
14 5 0 0
14 1 0 0
14 2 0 0
15 3 0 0
15 4 0 0
15 1 0 0
15 5 0 0
16 11 0 0
16 1 0 0
16 5 0 0
16 12 0 0
17 12 0 0
17 6 0 0
17 11 0 0
17 1 0 0
18 10 0 0
18 14 0 0
18 17 0 0
18 8 0 0
19 16 0 0
19 5 0 0
19 10 0 0
19 15 0 0
0 16 0 0
0 17 0 0
0 14 0 0
0 9 0 0
1 19 0 0
1 18 0 0
1 11 0 0
1 8 0 0
2 12 0 0
2 16 0 0
2 11 0 0
2 9 0 0
3 14 0 0
3 17 0 0
3 7 0 0
3 8 0 0
24 22 1 1
24 20 1 1
24 23 1 1
24 21 1 1
25 23 1 1
25 21 1 1
25 22 1 1
25 24 1 1
26 22 1 1
26 23 1 1
26 20 1 1
26 25 1 1
27 24 1 1
27 20 1 1
27 22 1 1
27 26 1 1
28 26 1 1
28 20 1 1
28 22 1 1
28 27 1 1
29 22 1 1
29 28 1 1
29 24 1 1
29 27 1 1
30 29 1 1
30 24 1 1
30 23 1 1
30 21 1 1
31 30 1 1
31 21 1 1
31 24 1 1
31 23 1 1
32 20 1 1
32 21 1 1
32 22 1 1
32 24 1 1
33 23 1 1
33 28 1 1
33 29 1 1
33 31 1 1
34 27 1 1
34 24 1 1
34 28 1 1
34 29 1 1
35 24 1 1
35 28 1 1
35 27 1 1
35 30 1 1
36 34 1 1
36 32 1 1
36 33 1 1
36 29 1 1
37 25 1 1
37 32 1 1
37 20 1 1
37 29 1 1
38 25 1 1
38 35 1 1
38 34 1 1
38 29 1 1
39 32 1 1
39 36 1 1
39 37 1 1
39 35 1 1
20 33 1 1
20 25 1 1
20 35 1 1
20 38 1 1
21 36 1 1
21 39 1 1
21 37 1 1
21 38 1 1
22 39 1 1
22 36 1 1
22 38 1 1
22 34 1 1
23 28 1 1
23 39 1 1
23 34 1 1
23 36 1 1
44 40 2 2
44 41 2 2
44 43 2 2
44 42 2 2
45 41 2 2
45 44 2 2
45 42 2 2
45 43 2 2
46 41 2 2
46 45 2 2
46 40 2 2
46 43 2 2
47 45 2 2
47 46 2 2
47 41 2 2
47 40 2 2
48 42 2 2
48 46 2 2
48 40 2 2
48 41 2 2
49 47 2 2
49 40 2 2
49 48 2 2
49 43 2 2
50 44 2 2
50 45 2 2
50 48 2 2
50 49 2 2
51 49 2 2
51 46 2 2
51 41 2 2
51 50 2 2
52 44 2 2
52 40 2 2
52 43 2 2
52 45 2 2
53 52 2 2
53 45 2 2
53 41 2 2
53 46 2 2
54 40 2 2
54 45 2 2
54 52 2 2
54 41 2 2
55 41 2 2
55 54 2 2
55 40 2 2
55 51 2 2
56 44 2 2
56 50 2 2
56 43 2 2
56 51 2 2
57 54 2 2
57 53 2 2
57 55 2 2
57 44 2 2
58 52 2 2
58 57 2 2
58 42 2 2
58 53 2 2
59 46 2 2
59 45 2 2
59 47 2 2
59 49 2 2
40 59 2 2
40 53 2 2
40 57 2 2
40 45 2 2
41 56 2 2
41 59 2 2
41 57 2 2
41 52 2 2
42 52 2 2
42 59 2 2
42 51 2 2
42 49 2 2
43 51 2 2
43 48 2 2
43 54 2 2
43 47 2 2
64 61 3 3
64 63 3 3
64 60 3 3
64 62 3 3
65 64 3 3
65 61 3 3
65 63 3 3
65 62 3 3
66 63 3 3
66 60 3 3
66 61 3 3
66 64 3 3
67 64 3 3
67 66 3 3
67 65 3 3
67 63 3 3
68 65 3 3
68 62 3 3
68 67 3 3
68 60 3 3
69 61 3 3
69 65 3 3
69 67 3 3
69 64 3 3
70 60 3 3
70 66 3 3
70 65 3 3
70 64 3 3
71 62 3 3
71 64 3 3
71 66 3 3
71 67 3 3
72 62 3 3
72 67 3 3
72 66 3 3
72 63 3 3
73 62 3 3
73 66 3 3
73 71 3 3
73 61 3 3
74 73 3 3
74 71 3 3
74 64 3 3
74 69 3 3
75 72 3 3
75 63 3 3
75 66 3 3
75 74 3 3
76 62 3 3
76 73 3 3
76 69 3 3
76 72 3 3
77 66 3 3
77 76 3 3
77 72 3 3
77 65 3 3
78 76 3 3
78 71 3 3
78 74 3 3
78 73 3 3
79 62 3 3
79 74 3 3
79 70 3 3
79 73 3 3
60 79 3 3
60 74 3 3
60 76 3 3
60 78 3 3
61 76 3 3
61 70 3 3
61 74 3 3
61 67 3 3
62 74 3 3
62 78 3 3
62 75 3 3
62 67 3 3
63 79 3 3
63 74 3 3
63 70 3 3
63 69 3 3
84 83 4 4
84 81 4 4
84 80 4 4
84 82 4 4
85 81 4 4
85 80 4 4
85 84 4 4
85 82 4 4
86 81 4 4
86 80 4 4
86 84 4 4
86 85 4 4
87 84 4 4
87 83 4 4
87 80 4 4
87 82 4 4
88 82 4 4
88 80 4 4
88 84 4 4
88 86 4 4
89 87 4 4
89 81 4 4
89 84 4 4
89 88 4 4
90 87 4 4
90 81 4 4
90 86 4 4
90 89 4 4
91 86 4 4
91 88 4 4
91 84 4 4
91 82 4 4
92 84 4 4
92 86 4 4
92 82 4 4
92 90 4 4
93 86 4 4
93 81 4 4
93 82 4 4
93 91 4 4
94 89 4 4
94 92 4 4
94 91 4 4
94 88 4 4
95 94 4 4
95 84 4 4
95 86 4 4
95 88 4 4
96 82 4 4
96 84 4 4
96 89 4 4
96 88 4 4
97 80 4 4
97 86 4 4
97 95 4 4
97 94 4 4
98 80 4 4
98 91 4 4
98 88 4 4
98 81 4 4
99 90 4 4
99 80 4 4
99 89 4 4
99 87 4 4
80 93 4 4
80 95 4 4
80 92 4 4
80 94 4 4
81 88 4 4
81 91 4 4
81 94 4 4
81 95 4 4
82 94 4 4
82 90 4 4
82 99 4 4
82 89 4 4
83 94 4 4
83 89 4 4
83 99 4 4
83 95 4 4
104 103 5 5
104 102 5 5
104 101 5 5
104 100 5 5
105 100 5 5
105 102 5 5
105 104 5 5
105 101 5 5
106 104 5 5
106 100 5 5
106 105 5 5
106 101 5 5
107 100 5 5
107 104 5 5
107 103 5 5
107 102 5 5
108 102 5 5
108 101 5 5
108 106 5 5
108 100 5 5
109 100 5 5
109 105 5 5
109 106 5 5
109 108 5 5
110 105 5 5
110 106 5 5
110 107 5 5
110 103 5 5
111 105 5 5
111 103 5 5
111 101 5 5
111 106 5 5
112 105 5 5
112 100 5 5
112 108 5 5
112 101 5 5
113 101 5 5
113 103 5 5
113 105 5 5
113 112 5 5
114 112 5 5
114 100 5 5
114 111 5 5
114 109 5 5
115 107 5 5
115 102 5 5
115 111 5 5
115 103 5 5
116 111 5 5
116 108 5 5
116 100 5 5
116 109 5 5
117 114 5 5
117 108 5 5
117 103 5 5
117 112 5 5
118 114 5 5
118 112 5 5
118 100 5 5
118 117 5 5
119 110 5 5
119 112 5 5
119 105 5 5
119 111 5 5
100 113 5 5
100 117 5 5
100 119 5 5
100 110 5 5
101 110 5 5
101 116 5 5
101 109 5 5
101 107 5 5
102 118 5 5
102 111 5 5
102 114 5 5
102 117 5 5
103 106 5 5
103 108 5 5
103 105 5 5
103 109 5 5
124 122 6 6
124 123 6 6
124 121 6 6
124 120 6 6
125 122 6 6
125 123 6 6
125 124 6 6
125 120 6 6
126 124 6 6
126 123 6 6
126 125 6 6
126 120 6 6
127 120 6 6
127 125 6 6
127 126 6 6
127 123 6 6
128 120 6 6
128 123 6 6
128 127 6 6
128 125 6 6
129 128 6 6
129 120 6 6
129 123 6 6
129 127 6 6
130 125 6 6
130 127 6 6
130 124 6 6
130 128 6 6
131 121 6 6
131 129 6 6
131 128 6 6
131 122 6 6
132 129 6 6
132 122 6 6
132 130 6 6
132 124 6 6
133 120 6 6
133 122 6 6
133 125 6 6
133 130 6 6
134 122 6 6
134 125 6 6
134 124 6 6
134 132 6 6
135 127 6 6
135 130 6 6
135 124 6 6
135 132 6 6
136 123 6 6
136 130 6 6
136 134 6 6
136 128 6 6
137 128 6 6
137 129 6 6
137 130 6 6
137 127 6 6
138 131 6 6
138 121 6 6
138 129 6 6
138 128 6 6
139 121 6 6
139 136 6 6
139 130 6 6
139 135 6 6
120 134 6 6
120 130 6 6
120 137 6 6
120 136 6 6
121 136 6 6
121 127 6 6
121 132 6 6
121 129 6 6
122 127 6 6
122 130 6 6
122 136 6 6
122 126 6 6
123 132 6 6
123 138 6 6
123 134 6 6
123 139 6 6
144 142 7 7
144 143 7 7
144 141 7 7
144 140 7 7
145 142 7 7
145 143 7 7
145 144 7 7
145 141 7 7
146 143 7 7
146 141 7 7
146 144 7 7
146 140 7 7
147 140 7 7
147 146 7 7
147 142 7 7
147 143 7 7
148 143 7 7
148 140 7 7
148 146 7 7
148 147 7 7
149 141 7 7
149 146 7 7
149 147 7 7
149 148 7 7
150 145 7 7
150 144 7 7
150 146 7 7
150 149 7 7
151 144 7 7
151 140 7 7
151 141 7 7
151 143 7 7
152 144 7 7
152 142 7 7
152 151 7 7
152 145 7 7
153 144 7 7
153 141 7 7
153 147 7 7
153 148 7 7
154 148 7 7
154 142 7 7
154 143 7 7
154 145 7 7
155 142 7 7
155 150 7 7
155 145 7 7
155 144 7 7
156 147 7 7
156 141 7 7
156 151 7 7
156 143 7 7
157 141 7 7
157 153 7 7
157 144 7 7
157 149 7 7
158 144 7 7
158 149 7 7
158 150 7 7
158 153 7 7
159 158 7 7
159 153 7 7
159 152 7 7
159 151 7 7
140 145 7 7
140 157 7 7
140 154 7 7
140 155 7 7
141 154 7 7
141 150 7 7
141 147 7 7
141 148 7 7
142 156 7 7
142 150 7 7
142 149 7 7
142 151 7 7
143 153 7 7
143 158 7 7
143 159 7 7
143 155 7 7
164 163 8 8
164 161 8 8
164 162 8 8
164 160 8 8
165 163 8 8
165 162 8 8
165 164 8 8
165 160 8 8
166 165 8 8
166 162 8 8
166 163 8 8
166 160 8 8
167 165 8 8
167 162 8 8
167 161 8 8
167 166 8 8
168 160 8 8
168 167 8 8
168 161 8 8
168 166 8 8
169 165 8 8
169 160 8 8
169 161 8 8
169 163 8 8
170 164 8 8
170 163 8 8
170 162 8 8
170 161 8 8
171 164 8 8
171 167 8 8
171 170 8 8
171 161 8 8
172 164 8 8
172 163 8 8
172 167 8 8
172 162 8 8
173 167 8 8
173 165 8 8
173 166 8 8
173 171 8 8
174 166 8 8
174 165 8 8
174 160 8 8
174 161 8 8
175 163 8 8
175 170 8 8
175 164 8 8
175 172 8 8
176 168 8 8
176 173 8 8
176 161 8 8
176 169 8 8
177 170 8 8
177 176 8 8
177 165 8 8
177 174 8 8
178 164 8 8
178 165 8 8
178 163 8 8
178 167 8 8
179 172 8 8
179 178 8 8
179 161 8 8
179 176 8 8
160 170 8 8
160 173 8 8
160 176 8 8
160 179 8 8
161 177 8 8
161 173 8 8
161 166 8 8
161 165 8 8
162 179 8 8
162 174 8 8
162 175 8 8
162 171 8 8
163 179 8 8
163 171 8 8
163 167 8 8
163 176 8 8
184 181 9 9
184 180 9 9
184 183 9 9
184 182 9 9
185 181 9 9
185 183 9 9
185 180 9 9
185 184 9 9
186 185 9 9
186 180 9 9
186 181 9 9
186 183 9 9
187 185 9 9
187 186 9 9
187 183 9 9
187 180 9 9
188 181 9 9
188 186 9 9
188 184 9 9
188 187 9 9
189 187 9 9
189 184 9 9
189 181 9 9
189 186 9 9
190 189 9 9
190 180 9 9
190 186 9 9
190 184 9 9
191 183 9 9
191 186 9 9
191 190 9 9
191 180 9 9
192 181 9 9
192 183 9 9
192 190 9 9
192 185 9 9
193 185 9 9
193 190 9 9
193 191 9 9
193 182 9 9
194 187 9 9
194 184 9 9
194 191 9 9
194 192 9 9
195 187 9 9
195 184 9 9
195 189 9 9
195 188 9 9
196 194 9 9
196 189 9 9
196 195 9 9
196 183 9 9
197 194 9 9
197 195 9 9
197 191 9 9
197 188 9 9
198 191 9 9
198 195 9 9
198 194 9 9
198 185 9 9
199 181 9 9
199 189 9 9
199 195 9 9
199 192 9 9
180 189 9 9
180 194 9 9
180 192 9 9
180 199 9 9
181 187 9 9
181 196 9 9
181 198 9 9
181 197 9 9
182 192 9 9
182 190 9 9
182 186 9 9
182 188 9 9
183 190 9 9
183 198 9 9
183 195 9 9
183 193 9 9
204 203 10 10
204 200 10 10
204 201 10 10
204 202 10 10
205 204 10 10
205 203 10 10
205 202 10 10
205 201 10 10
206 202 10 10
206 201 10 10
206 204 10 10
206 205 10 10
207 202 10 10
207 206 10 10
207 201 10 10
207 200 10 10
208 207 10 10
208 205 10 10
208 202 10 10
208 200 10 10
209 205 10 10
209 207 10 10
209 200 10 10
209 204 10 10
210 207 10 10
210 205 10 10
210 208 10 10
210 204 10 10
211 206 10 10
211 202 10 10
211 209 10 10
211 201 10 10
212 208 10 10
212 210 10 10
212 209 10 10
212 200 10 10
213 200 10 10
213 206 10 10
213 202 10 10
213 204 10 10
214 212 10 10
214 202 10 10
214 211 10 10
214 208 10 10
215 211 10 10
215 207 10 10
215 213 10 10
215 200 10 10
216 206 10 10
216 214 10 10
216 201 10 10
216 215 10 10
217 202 10 10
217 216 10 10
217 206 10 10
217 205 10 10
218 201 10 10
218 209 10 10
218 211 10 10
218 206 10 10
219 202 10 10
219 201 10 10
219 200 10 10
219 218 10 10
200 218 10 10
200 206 10 10
200 216 10 10
200 214 10 10
201 213 10 10
201 217 10 10
201 209 10 10
201 214 10 10
202 215 10 10
202 209 10 10
202 212 10 10
202 216 10 10
203 210 10 10
203 218 10 10
203 219 10 10
203 217 10 10
224 220 11 11
224 222 11 11
224 223 11 11
224 221 11 11
225 222 11 11
225 224 11 11
225 220 11 11
225 223 11 11
226 220 11 11
226 223 11 11
226 221 11 11
226 225 11 11
227 220 11 11
227 223 11 11
227 224 11 11
227 221 11 11
228 222 11 11
228 225 11 11
228 226 11 11
228 227 11 11
229 228 11 11
229 222 11 11
229 225 11 11
229 220 11 11
230 225 11 11
230 229 11 11
230 224 11 11
230 228 11 11
231 220 11 11
231 223 11 11
231 227 11 11
231 230 11 11
232 220 11 11
232 224 11 11
232 221 11 11
232 222 11 11
233 222 11 11
233 232 11 11
233 231 11 11
233 224 11 11
234 227 11 11
234 224 11 11
234 222 11 11
234 231 11 11
235 221 11 11
235 231 11 11
235 227 11 11
235 224 11 11
236 224 11 11
236 235 11 11
236 232 11 11
236 227 11 11
237 225 11 11
237 222 11 11
237 236 11 11
237 221 11 11
238 221 11 11
238 229 11 11
238 230 11 11
238 226 11 11
239 237 11 11
239 226 11 11
239 229 11 11
239 238 11 11
220 228 11 11
220 233 11 11
220 234 11 11
220 236 11 11
221 234 11 11
221 231 11 11
221 230 11 11
221 228 11 11
222 226 11 11
222 238 11 11
222 239 11 11
222 230 11 11
223 234 11 11
223 236 11 11
223 232 11 11
223 237 11 11
244 241 12 12
244 240 12 12
244 243 12 12
244 242 12 12
245 243 12 12
245 240 12 12
245 242 12 12
245 241 12 12
246 245 12 12
246 241 12 12
246 242 12 12
246 244 12 12
247 243 12 12
247 244 12 12
247 245 12 12
247 240 12 12
248 245 12 12
248 247 12 12
248 244 12 12
248 242 12 12
249 240 12 12
249 245 12 12
249 244 12 12
249 241 12 12
250 245 12 12
250 244 12 12
250 240 12 12
250 242 12 12
251 248 12 12
251 243 12 12
251 247 12 12
251 249 12 12
252 244 12 12
252 241 12 12
252 248 12 12
252 245 12 12
253 248 12 12
253 249 12 12
253 246 12 12
253 252 12 12
254 241 12 12
254 242 12 12
254 244 12 12
254 252 12 12
255 251 12 12
255 244 12 12
255 241 12 12
255 242 12 12
256 247 12 12
256 253 12 12
256 249 12 12
256 245 12 12
257 248 12 12
257 247 12 12
257 251 12 12
257 245 12 12
258 244 12 12
258 247 12 12
258 240 12 12
258 254 12 12
259 240 12 12
259 251 12 12
259 244 12 12
259 241 12 12
240 246 12 12
240 255 12 12
240 256 12 12
240 257 12 12
241 251 12 12
241 250 12 12
241 253 12 12
241 257 12 12
242 259 12 12
242 252 12 12
242 253 12 12
242 257 12 12
243 258 12 12
243 259 12 12
243 254 12 12
243 249 12 12
264 263 13 13
264 260 13 13
264 261 13 13
264 262 13 13
265 260 13 13
265 262 13 13
265 261 13 13
265 264 13 13
266 261 13 13
266 264 13 13
266 260 13 13
266 262 13 13
267 265 13 13
267 260 13 13
267 263 13 13
267 266 13 13
268 266 13 13
268 267 13 13
268 261 13 13
268 262 13 13
269 263 13 13
269 266 13 13
269 261 13 13
269 262 13 13
270 260 13 13
270 261 13 13
270 262 13 13
270 269 13 13
271 268 13 13
271 264 13 13
271 261 13 13
271 270 13 13
272 266 13 13
272 268 13 13
272 269 13 13
272 262 13 13
273 262 13 13
273 260 13 13
273 270 13 13
273 267 13 13
274 272 13 13
274 269 13 13
274 264 13 13
274 262 13 13
275 266 13 13
275 270 13 13
275 263 13 13
275 272 13 13
276 270 13 13
276 273 13 13
276 260 13 13
276 264 13 13
277 269 13 13
277 272 13 13
277 260 13 13
277 266 13 13
278 274 13 13
278 277 13 13
278 275 13 13
278 260 13 13
279 277 13 13
279 278 13 13
279 269 13 13
279 273 13 13
260 271 13 13
260 269 13 13
260 279 13 13
260 274 13 13
261 273 13 13
261 276 13 13
261 272 13 13
261 279 13 13
262 278 13 13
262 279 13 13
262 275 13 13
262 276 13 13
263 279 13 13
263 270 13 13
263 273 13 13
263 274 13 13
284 283 14 14
284 280 14 14
284 282 14 14
284 281 14 14
285 283 14 14
285 282 14 14
285 280 14 14
285 284 14 14
286 285 14 14
286 281 14 14
286 283 14 14
286 284 14 14
287 280 14 14
287 283 14 14
287 284 14 14
287 285 14 14
288 285 14 14
288 283 14 14
288 287 14 14
288 281 14 14
289 284 14 14
289 286 14 14
289 283 14 14
289 287 14 14
290 285 14 14
290 281 14 14
290 286 14 14
290 282 14 14
291 288 14 14
291 282 14 14
291 284 14 14
291 281 14 14
292 291 14 14
292 288 14 14
292 287 14 14
292 285 14 14
293 287 14 14
293 280 14 14
293 288 14 14
293 284 14 14
294 292 14 14
294 288 14 14
294 293 14 14
294 282 14 14
295 286 14 14
295 283 14 14
295 284 14 14
295 285 14 14
296 291 14 14
296 288 14 14
296 284 14 14
296 294 14 14
297 292 14 14
297 282 14 14
297 294 14 14
297 288 14 14
298 283 14 14
298 297 14 14
298 286 14 14
298 287 14 14
299 298 14 14
299 295 14 14
299 296 14 14
299 289 14 14
280 297 14 14
280 294 14 14
280 299 14 14
280 295 14 14
281 292 14 14
281 287 14 14
281 294 14 14
281 297 14 14
282 296 14 14
282 287 14 14
282 286 14 14
282 298 14 14
283 299 14 14
283 290 14 14
283 297 14 14
283 292 14 14
304 303 15 15
304 301 15 15
304 300 15 15
304 302 15 15
305 300 15 15
305 301 15 15
305 302 15 15
305 303 15 15
306 302 15 15
306 300 15 15
306 303 15 15
306 301 15 15
307 306 15 15
307 300 15 15
307 304 15 15
307 303 15 15
308 307 15 15
308 304 15 15
308 300 15 15
308 306 15 15
309 300 15 15
309 301 15 15
309 302 15 15
309 307 15 15
310 309 15 15
310 302 15 15
310 300 15 15
310 303 15 15
311 302 15 15
311 309 15 15
311 300 15 15
311 305 15 15
312 300 15 15
312 301 15 15
312 304 15 15
312 305 15 15
313 312 15 15
313 302 15 15
313 304 15 15
313 300 15 15
314 311 15 15
314 300 15 15
314 310 15 15
314 302 15 15
315 310 15 15
315 311 15 15
315 302 15 15
315 307 15 15
316 303 15 15
316 312 15 15
316 313 15 15
316 302 15 15
317 314 15 15
317 312 15 15
317 309 15 15
317 316 15 15
318 313 15 15
318 302 15 15
318 315 15 15
318 314 15 15
319 308 15 15
319 302 15 15
319 309 15 15
319 314 15 15
300 319 15 15
300 318 15 15
300 316 15 15
300 317 15 15
301 313 15 15
301 311 15 15
301 317 15 15
301 319 15 15
302 308 15 15
302 312 15 15
302 317 15 15
302 307 15 15
303 318 15 15
303 313 15 15
303 311 15 15
303 312 15 15
84 58 4 2
92 39 4 1
90 63 4 3
92 3 4 0
119 77 5 3
111 38 5 1
111 97 5 4
119 51 5 2
122 0 6 0
122 94 6 4
125 55 6 2
138 105 6 5
159 62 7 3
142 90 7 4
146 138 7 6
155 46 7 2
169 45 8 2
165 124 8 6
168 61 8 3
164 38 8 1
195 41 9 2
197 134 9 6
190 76 9 3
192 21 9 1
213 0 10 0
218 100 10 5
212 28 10 1
216 60 10 3
237 73 11 3
225 111 11 5
233 51 11 2
220 148 11 7
254 73 12 3
244 127 12 6
250 7 12 0
244 213 12 10
273 79 13 3
275 55 13 2
263 88 13 4
261 110 13 5
291 108 14 5
284 65 14 3
285 258 14 12
298 156 14 7
318 236 15 11
309 100 15 5
301 159 15 7
308 46 15 2
2 319 0 15
8 226 0 11
4 110 0 5
7 172 0 8
37 135 1 6
22 309 1 15
38 252 1 12
30 150 1 7
45 217 2 10
56 242 2 12
48 282 2 14
60 318 3 15
71 139 3 6
