swNum = 320
edgeNum = 1343

0 0
1 0
2 0
3 0
4 0
5 0
6 0
7 0
8 0
9 0
10 0
11 0
12 0
13 0
14 0
15 0
16 0
17 0
18 0
19 0
20 1
21 1
22 1
23 1
24 1
25 1
26 1
27 1
28 1
29 1
30 1
31 1
32 1
33 1
34 1
35 1
36 1
37 1
38 1
39 1
40 2
41 2
42 2
43 2
44 2
45 2
46 2
47 2
48 2
49 2
50 2
51 2
52 2
53 2
54 2
55 2
56 2
57 2
58 2
59 2
60 3
61 3
62 3
63 3
64 3
65 3
66 3
67 3
68 3
69 3
70 3
71 3
72 3
73 3
74 3
75 3
76 3
77 3
78 3
79 3
80 4
81 4
82 4
83 4
84 4
85 4
86 4
87 4
88 4
89 4
90 4
91 4
92 4
93 4
94 4
95 4
96 4
97 4
98 4
99 4
100 5
101 5
102 5
103 5
104 5
105 5
106 5
107 5
108 5
109 5
110 5
111 5
112 5
113 5
114 5
115 5
116 5
117 5
118 5
119 5
120 6
121 6
122 6
123 6
124 6
125 6
126 6
127 6
128 6
129 6
130 6
131 6
132 6
133 6
134 6
135 6
136 6
137 6
138 6
139 6
140 7
141 7
142 7
143 7
144 7
145 7
146 7
147 7
148 7
149 7
150 7
151 7
152 7
153 7
154 7
155 7
156 7
157 7
158 7
159 7
160 8
161 8
162 8
163 8
164 8
165 8
166 8
167 8
168 8
169 8
170 8
171 8
172 8
173 8
174 8
175 8
176 8
177 8
178 8
179 8
180 9
181 9
182 9
183 9
184 9
185 9
186 9
187 9
188 9
189 9
190 9
191 9
192 9
193 9
194 9
195 9
196 9
197 9
198 9
199 9
200 10
201 10
202 10
203 10
204 10
205 10
206 10
207 10
208 10
209 10
210 10
211 10
212 10
213 10
214 10
215 10
216 10
217 10
218 10
219 10
220 11
221 11
222 11
223 11
224 11
225 11
226 11
227 11
228 11
229 11
230 11
231 11
232 11
233 11
234 11
235 11
236 11
237 11
238 11
239 11
240 12
241 12
242 12
243 12
244 12
245 12
246 12
247 12
248 12
249 12
250 12
251 12
252 12
253 12
254 12
255 12
256 12
257 12
258 12
259 12
260 13
261 13
262 13
263 13
264 13
265 13
266 13
267 13
268 13
269 13
270 13
271 13
272 13
273 13
274 13
275 13
276 13
277 13
278 13
279 13
280 14
281 14
282 14
283 14
284 14
285 14
286 14
287 14
288 14
289 14
290 14
291 14
292 14
293 14
294 14
295 14
296 14
297 14
298 14
299 14
300 15
301 15
302 15
303 15
304 15
305 15
306 15
307 15
308 15
309 15
310 15
311 15
312 15
313 15
314 15
315 15
316 15
317 15
318 15
319 15

4 3 0 0
4 1 0 0
4 0 0 0
4 2 0 0
5 3 0 0
5 4 0 0
5 1 0 0
5 2 0 0
6 4 0 0
6 5 0 0
6 2 0 0
6 0 0 0
7 6 0 0
7 5 0 0
7 0 0 0
7 4 0 0
8 7 0 0
8 4 0 0
8 1 0 0
8 0 0 0
9 2 0 0
9 5 0 0
9 6 0 0
9 7 0 0
10 0 0 0
10 4 0 0
10 6 0 0
10 5 0 0
11 8 0 0
11 10 0 0
11 1 0 0
11 6 0 0
12 2 0 0
12 0 0 0
12 4 0 0
12 8 0 0
13 12 0 0
13 0 0 0
13 2 0 0
13 7 0 0
14 2 0 0
14 0 0 0
14 11 0 0
14 1 0 0
15 0 0 0
15 7 0 0
15 6 0 0
15 12 0 0
16 0 0 0
16 12 0 0
16 10 0 0
16 3 0 0
17 12 0 0
17 11 0 0
17 3 0 0
17 0 0 0
18 13 0 0
18 9 0 0
18 3 0 0
18 17 0 0
19 3 0 0
19 10 0 0
19 0 0 0
19 5 0 0
0 11 0 0
0 18 0 0
0 9 0 0
0 5 0 0
1 15 0 0
1 7 0 0
1 16 0 0
1 17 0 0
2 10 0 0
2 17 0 0
2 16 0 0
2 18 0 0
3 12 0 0
3 11 0 0
3 10 0 0
3 6 0 0
24 20 1 1
24 21 1 1
24 23 1 1
24 22 1 1
25 24 1 1
25 21 1 1
25 23 1 1
25 20 1 1
26 20 1 1
26 22 1 1
26 21 1 1
26 23 1 1
27 24 1 1
27 23 1 1
27 26 1 1
27 22 1 1
28 23 1 1
28 26 1 1
28 20 1 1
28 27 1 1
29 24 1 1
29 23 1 1
29 25 1 1
29 28 1 1
30 23 1 1
30 27 1 1
30 26 1 1
30 22 1 1
31 25 1 1
31 28 1 1
31 24 1 1
31 30 1 1
32 31 1 1
32 20 1 1
32 23 1 1
32 22 1 1
33 30 1 1
33 25 1 1
33 23 1 1
33 24 1 1
34 27 1 1
34 20 1 1
34 28 1 1
34 23 1 1
35 33 1 1
35 30 1 1
35 34 1 1
35 20 1 1
36 20 1 1
36 33 1 1
36 25 1 1
36 35 1 1
37 29 1 1
37 21 1 1
37 34 1 1
37 32 1 1
38 28 1 1
38 20 1 1
38 30 1 1
38 32 1 1
39 25 1 1
39 30 1 1
39 24 1 1
39 36 1 1
20 39 1 1
20 29 1 1
20 31 1 1
20 37 1 1
21 36 1 1
21 33 1 1
21 29 1 1
21 31 1 1
22 29 1 1
22 37 1 1
22 39 1 1
22 31 1 1
23 31 1 1
23 35 1 1
23 36 1 1
23 39 1 1
44 41 2 2
44 40 2 2
44 42 2 2
44 43 2 2
45 44 2 2
45 41 2 2
45 42 2 2
45 43 2 2
46 41 2 2
46 44 2 2
46 42 2 2
46 45 2 2
47 42 2 2
47 44 2 2
47 45 2 2
47 43 2 2
48 40 2 2
48 47 2 2
48 43 2 2
48 46 2 2
49 44 2 2
49 41 2 2
49 43 2 2
49 46 2 2
50 40 2 2
50 43 2 2
50 41 2 2
50 42 2 2
51 43 2 2
51 44 2 2
51 40 2 2
51 50 2 2
52 42 2 2
52 46 2 2
52 44 2 2
52 45 2 2
53 44 2 2
53 49 2 2
53 41 2 2
53 52 2 2
54 42 2 2
54 52 2 2
54 44 2 2
54 45 2 2
55 46 2 2
55 45 2 2
55 41 2 2
55 48 2 2
56 40 2 2
56 43 2 2
56 51 2 2
56 45 2 2
57 49 2 2
57 41 2 2
57 53 2 2
57 40 2 2
58 51 2 2
58 44 2 2
58 48 2 2
58 43 2 2
59 45 2 2
59 51 2 2
59 48 2 2
59 40 2 2
40 53 2 2
40 45 2 2
40 47 2 2
40 52 2 2
41 51 2 2
41 58 2 2
41 48 2 2
41 56 2 2
42 53 2 2
42 58 2 2
42 59 2 2
42 51 2 2
43 46 2 2
43 53 2 2
43 52 2 2
43 59 2 2
64 61 3 3
64 60 3 3
64 63 3 3
64 62 3 3
65 62 3 3
65 64 3 3
65 61 3 3
65 60 3 3
66 63 3 3
66 62 3 3
66 64 3 3
66 65 3 3
67 66 3 3
67 62 3 3
67 61 3 3
67 60 3 3
68 66 3 3
68 64 3 3
68 61 3 3
68 67 3 3
69 66 3 3
69 64 3 3
69 62 3 3
69 63 3 3
70 69 3 3
70 67 3 3
70 68 3 3
70 66 3 3
71 60 3 3
71 70 3 3
71 65 3 3
71 64 3 3
72 62 3 3
72 63 3 3
72 64 3 3
72 65 3 3
73 68 3 3
73 65 3 3
73 67 3 3
73 61 3 3
74 62 3 3
74 72 3 3
74 66 3 3
74 71 3 3
75 61 3 3
75 74 3 3
75 73 3 3
75 68 3 3
76 63 3 3
76 67 3 3
76 60 3 3
76 74 3 3
77 70 3 3
77 75 3 3
77 67 3 3
77 68 3 3
78 62 3 3
78 71 3 3
78 64 3 3
78 66 3 3
79 67 3 3
79 72 3 3
79 71 3 3
79 61 3 3
60 72 3 3
60 69 3 3
60 79 3 3
60 78 3 3
61 74 3 3
61 77 3 3
61 70 3 3
61 69 3 3
62 77 3 3
62 70 3 3
62 79 3 3
62 68 3 3
63 78 3 3
63 79 3 3
63 77 3 3
63 70 3 3
84 83 4 4
84 80 4 4
84 82 4 4
84 81 4 4
85 84 4 4
85 81 4 4
85 83 4 4
85 80 4 4
86 80 4 4
86 84 4 4
86 81 4 4
86 85 4 4
87 85 4 4
87 82 4 4
87 81 4 4
87 80 4 4
88 86 4 4
88 81 4 4
88 83 4 4
88 80 4 4
89 86 4 4
89 87 4 4
89 88 4 4
89 82 4 4
90 89 4 4
90 83 4 4
90 80 4 4
90 81 4 4
91 89 4 4
91 88 4 4
91 85 4 4
91 90 4 4
92 89 4 4
92 82 4 4
92 86 4 4
92 83 4 4
93 92 4 4
93 87 4 4
93 85 4 4
93 89 4 4
94 89 4 4
94 81 4 4
94 82 4 4
94 88 4 4
95 83 4 4
95 85 4 4
95 82 4 4
95 87 4 4
96 84 4 4
96 90 4 4
96 88 4 4
96 80 4 4
97 90 4 4
97 87 4 4
97 92 4 4
97 85 4 4
98 97 4 4
98 96 4 4
98 83 4 4
98 90 4 4
99 82 4 4
99 88 4 4
99 92 4 4
99 90 4 4
80 98 4 4
80 95 4 4
80 97 4 4
80 94 4 4
81 92 4 4
81 93 4 4
81 89 4 4
81 95 4 4
82 97 4 4
82 93 4 4
82 85 4 4
82 90 4 4
83 96 4 4
83 97 4 4
83 91 4 4
83 93 4 4
104 102 5 5
104 103 5 5
104 100 5 5
104 101 5 5
105 103 5 5
105 102 5 5
105 101 5 5
105 104 5 5
106 104 5 5
106 100 5 5
106 105 5 5
106 102 5 5
107 106 5 5
107 100 5 5
107 101 5 5
107 103 5 5
108 106 5 5
108 105 5 5
108 103 5 5
108 107 5 5
109 107 5 5
109 106 5 5
109 108 5 5
109 102 5 5
110 103 5 5
110 102 5 5
110 101 5 5
110 109 5 5
111 101 5 5
111 108 5 5
111 109 5 5
111 110 5 5
112 106 5 5
112 100 5 5
112 108 5 5
112 105 5 5
113 106 5 5
113 108 5 5
113 103 5 5
113 100 5 5
114 100 5 5
114 104 5 5
114 113 5 5
114 102 5 5
115 107 5 5
115 108 5 5
115 109 5 5
115 101 5 5
116 103 5 5
116 108 5 5
116 112 5 5
116 109 5 5
117 114 5 5
117 106 5 5
117 112 5 5
117 107 5 5
118 102 5 5
118 110 5 5
118 115 5 5
118 114 5 5
119 114 5 5
119 113 5 5
119 118 5 5
119 110 5 5
100 116 5 5
100 118 5 5
100 109 5 5
100 117 5 5
101 118 5 5
101 114 5 5
101 106 5 5
101 116 5 5
102 116 5 5
102 113 5 5
102 119 5 5
102 112 5 5
103 106 5 5
103 117 5 5
103 118 5 5
103 119 5 5
124 122 6 6
124 120 6 6
124 123 6 6
124 121 6 6
125 123 6 6
125 124 6 6
125 121 6 6
125 120 6 6
126 121 6 6
126 124 6 6
126 122 6 6
126 123 6 6
127 121 6 6
127 124 6 6
127 122 6 6
127 126 6 6
128 127 6 6
128 121 6 6
128 126 6 6
128 124 6 6
129 124 6 6
129 120 6 6
129 126 6 6
129 127 6 6
130 122 6 6
130 120 6 6
130 126 6 6
130 123 6 6
131 123 6 6
131 121 6 6
131 125 6 6
131 128 6 6
132 120 6 6
132 122 6 6
132 121 6 6
132 129 6 6
133 128 6 6
133 130 6 6
133 125 6 6
133 129 6 6
134 128 6 6
134 126 6 6
134 133 6 6
134 121 6 6
135 127 6 6
135 130 6 6
135 132 6 6
135 123 6 6
136 127 6 6
136 135 6 6
136 131 6 6
136 132 6 6
137 134 6 6
137 123 6 6
137 128 6 6
137 132 6 6
138 133 6 6
138 128 6 6
138 125 6 6
138 136 6 6
139 131 6 6
139 126 6 6
139 120 6 6
139 129 6 6
120 131 6 6
120 135 6 6
120 128 6 6
120 136 6 6
121 137 6 6
121 130 6 6
121 136 6 6
121 138 6 6
122 133 6 6
122 136 6 6
122 137 6 6
122 131 6 6
123 134 6 6
123 138 6 6
123 128 6 6
123 136 6 6
144 142 7 7
144 140 7 7
144 141 7 7
144 143 7 7
145 143 7 7
145 142 7 7
145 141 7 7
145 140 7 7
146 145 7 7
146 143 7 7
146 144 7 7
146 141 7 7
147 144 7 7
147 141 7 7
147 146 7 7
147 142 7 7
148 141 7 7
148 147 7 7
148 145 7 7
148 143 7 7
149 141 7 7
149 145 7 7
149 147 7 7
149 142 7 7
150 141 7 7
150 143 7 7
150 146 7 7
150 144 7 7
151 146 7 7
151 147 7 7
151 141 7 7
151 150 7 7
152 150 7 7
152 148 7 7
152 143 7 7
152 146 7 7
153 145 7 7
153 149 7 7
153 150 7 7
153 146 7 7
154 141 7 7
154 151 7 7
154 140 7 7
154 147 7 7
155 141 7 7
155 145 7 7
155 140 7 7
155 146 7 7
156 150 7 7
156 145 7 7
156 140 7 7
156 149 7 7
157 156 7 7
157 148 7 7
157 149 7 7
157 154 7 7
158 155 7 7
158 146 7 7
158 154 7 7
158 156 7 7
159 141 7 7
159 155 7 7
159 144 7 7
159 156 7 7
140 159 7 7
140 151 7 7
140 149 7 7
140 146 7 7
141 156 7 7
141 157 7 7
141 158 7 7
141 153 7 7
142 157 7 7
142 155 7 7
142 153 7 7
142 156 7 7
143 147 7 7
143 153 7 7
143 158 7 7
143 157 7 7
164 162 8 8
164 160 8 8
164 163 8 8
164 161 8 8
165 162 8 8
165 163 8 8
165 161 8 8
165 160 8 8
166 161 8 8
166 160 8 8
166 164 8 8
166 162 8 8
167 162 8 8
167 163 8 8
167 160 8 8
167 165 8 8
168 161 8 8
168 164 8 8
168 160 8 8
168 162 8 8
169 161 8 8
169 160 8 8
169 168 8 8
169 166 8 8
170 166 8 8
170 162 8 8
170 161 8 8
170 165 8 8
171 165 8 8
171 169 8 8
171 160 8 8
171 161 8 8
172 165 8 8
172 162 8 8
172 167 8 8
172 166 8 8
173 170 8 8
173 161 8 8
173 172 8 8
173 163 8 8
174 169 8 8
174 160 8 8
174 164 8 8
174 166 8 8
175 170 8 8
175 168 8 8
175 160 8 8
175 166 8 8
176 175 8 8
176 167 8 8
176 168 8 8
176 164 8 8
177 161 8 8
177 166 8 8
177 165 8 8
177 167 8 8
178 160 8 8
178 163 8 8
178 167 8 8
178 166 8 8
179 172 8 8
179 178 8 8
179 177 8 8
179 160 8 8
160 177 8 8
160 176 8 8
160 173 8 8
160 170 8 8
161 167 8 8
161 174 8 8
161 175 8 8
161 176 8 8
162 176 8 8
162 174 8 8
162 173 8 8
162 169 8 8
163 171 8 8
163 172 8 8
163 170 8 8
163 179 8 8
184 181 9 9
184 183 9 9
184 180 9 9
184 182 9 9
185 181 9 9
185 184 9 9
185 182 9 9
185 180 9 9
186 180 9 9
186 185 9 9
186 181 9 9
186 184 9 9
187 185 9 9
187 181 9 9
187 184 9 9
187 183 9 9
188 183 9 9
188 185 9 9
188 181 9 9
188 187 9 9
189 182 9 9
189 180 9 9
189 188 9 9
189 185 9 9
190 184 9 9
190 188 9 9
190 187 9 9
190 181 9 9
191 183 9 9
191 184 9 9
191 180 9 9
191 185 9 9
192 184 9 9
192 182 9 9
192 183 9 9
192 190 9 9
193 183 9 9
193 187 9 9
193 191 9 9
193 180 9 9
194 191 9 9
194 180 9 9
194 187 9 9
194 193 9 9
195 194 9 9
195 180 9 9
195 181 9 9
195 190 9 9
196 194 9 9
196 191 9 9
196 182 9 9
196 183 9 9
197 196 9 9
197 186 9 9
197 180 9 9
197 194 9 9
198 184 9 9
198 197 9 9
198 191 9 9
198 190 9 9
199 180 9 9
199 182 9 9
199 195 9 9
199 188 9 9
180 196 9 9
180 198 9 9
180 188 9 9
180 190 9 9
181 199 9 9
181 198 9 9
181 197 9 9
181 192 9 9
182 187 9 9
182 188 9 9
182 190 9 9
182 198 9 9
183 194 9 9
183 185 9 9
183 195 9 9
183 199 9 9
204 203 10 10
204 201 10 10
204 200 10 10
204 202 10 10
205 203 10 10
205 204 10 10
205 201 10 10
205 200 10 10
206 202 10 10
206 200 10 10
206 203 10 10
206 204 10 10
207 201 10 10
207 200 10 10
207 202 10 10
207 206 10 10
208 207 10 10
208 201 10 10
208 200 10 10
208 204 10 10
209 201 10 10
209 206 10 10
209 200 10 10
209 203 10 10
210 201 10 10
210 205 10 10
210 204 10 10
210 202 10 10
211 201 10 10
211 200 10 10
211 204 10 10
211 203 10 10
212 209 10 10
212 208 10 10
212 201 10 10
212 211 10 10
213 206 10 10
213 211 10 10
213 209 10 10
213 203 10 10
214 207 10 10
214 210 10 10
214 209 10 10
214 203 10 10
215 207 10 10
215 211 10 10
215 201 10 10
215 210 10 10
216 209 10 10
216 201 10 10
216 211 10 10
216 212 10 10
217 209 10 10
217 200 10 10
217 213 10 10
217 202 10 10
218 209 10 10
218 206 10 10
218 213 10 10
218 202 10 10
219 211 10 10
219 212 10 10
219 210 10 10
219 201 10 10
200 216 10 10
200 213 10 10
200 215 10 10
200 219 10 10
201 217 10 10
201 214 10 10
201 213 10 10
201 206 10 10
202 216 10 10
202 215 10 10
202 209 10 10
202 212 10 10
203 210 10 10
203 208 10 10
203 215 10 10
203 218 10 10
224 222 11 11
224 223 11 11
224 220 11 11
224 221 11 11
225 224 11 11
225 223 11 11
225 221 11 11
225 222 11 11
226 224 11 11
226 222 11 11
226 223 11 11
226 225 11 11
227 226 11 11
227 222 11 11
227 223 11 11
227 224 11 11
228 221 11 11
228 227 11 11
228 220 11 11
228 226 11 11
229 227 11 11
229 222 11 11
229 225 11 11
229 226 11 11
230 221 11 11
230 220 11 11
230 222 11 11
230 228 11 11
231 228 11 11
231 222 11 11
231 229 11 11
231 227 11 11
232 223 11 11
232 227 11 11
232 224 11 11
232 231 11 11
233 221 11 11
233 226 11 11
233 228 11 11
233 220 11 11
234 220 11 11
234 221 11 11
234 226 11 11
234 222 11 11
235 226 11 11
235 227 11 11
235 221 11 11
235 231 11 11
236 220 11 11
236 226 11 11
236 228 11 11
236 231 11 11
237 236 11 11
237 220 11 11
237 221 11 11
237 224 11 11
238 231 11 11
238 226 11 11
238 234 11 11
238 222 11 11
239 234 11 11
239 232 11 11
239 236 11 11
239 225 11 11
220 235 11 11
220 227 11 11
220 226 11 11
220 225 11 11
221 231 11 11
221 226 11 11
221 238 11 11
221 232 11 11
222 239 11 11
222 233 11 11
222 236 11 11
222 228 11 11
223 238 11 11
223 231 11 11
223 235 11 11
223 233 11 11
244 240 12 12
244 241 12 12
244 243 12 12
244 242 12 12
245 241 12 12
245 240 12 12
245 243 12 12
245 244 12 12
246 245 12 12
246 240 12 12
246 242 12 12
246 241 12 12
247 242 12 12
247 240 12 12
247 246 12 12
247 244 12 12
248 245 12 12
248 247 12 12
248 243 12 12
248 241 12 12
249 248 12 12
249 247 12 12
249 243 12 12
249 241 12 12
250 246 12 12
250 244 12 12
250 248 12 12
250 243 12 12
251 246 12 12
251 249 12 12
251 241 12 12
251 248 12 12
252 241 12 12
252 240 12 12
252 246 12 12
252 243 12 12
253 241 12 12
253 244 12 12
253 248 12 12
253 251 12 12
254 241 12 12
254 246 12 12
254 242 12 12
254 249 12 12
255 251 12 12
255 244 12 12
255 242 12 12
255 246 12 12
256 241 12 12
256 253 12 12
256 243 12 12
256 254 12 12
257 249 12 12
257 254 12 12
257 243 12 12
257 251 12 12
258 248 12 12
258 250 12 12
258 252 12 12
258 241 12 12
259 244 12 12
259 245 12 12
259 252 12 12
259 249 12 12
240 259 12 12
240 254 12 12
240 255 12 12
240 251 12 12
241 257 12 12
241 250 12 12
241 259 12 12
241 255 12 12
242 259 12 12
242 256 12 12
242 253 12 12
242 245 12 12
243 259 12 12
243 246 12 12
243 255 12 12
243 258 12 12
264 261 13 13
264 263 13 13
264 262 13 13
264 260 13 13
265 262 13 13
265 264 13 13
265 263 13 13
265 261 13 13
266 261 13 13
266 264 13 13
266 263 13 13
266 262 13 13
267 260 13 13
267 263 13 13
267 262 13 13
267 261 13 13
268 261 13 13
268 264 13 13
268 266 13 13
268 265 13 13
269 260 13 13
269 263 13 13
269 267 13 13
269 268 13 13
270 260 13 13
270 263 13 13
270 269 13 13
270 266 13 13
271 263 13 13
271 260 13 13
271 265 13 13
271 269 13 13
272 268 13 13
272 270 13 13
272 263 13 13
272 260 13 13
273 261 13 13
273 270 13 13
273 260 13 13
273 269 13 13
274 266 13 13
274 273 13 13
274 268 13 13
274 271 13 13
275 269 13 13
275 272 13 13
275 273 13 13
275 265 13 13
276 275 13 13
276 265 13 13
276 264 13 13
276 262 13 13
277 265 13 13
277 270 13 13
277 264 13 13
277 269 13 13
278 262 13 13
278 272 13 13
278 273 13 13
278 265 13 13
279 271 13 13
279 270 13 13
279 272 13 13
279 263 13 13
260 277 13 13
260 279 13 13
260 274 13 13
260 268 13 13
261 278 13 13
261 275 13 13
261 270 13 13
261 271 13 13
262 275 13 13
262 273 13 13
262 274 13 13
262 268 13 13
263 268 13 13
263 278 13 13
263 277 13 13
263 274 13 13
284 280 14 14
284 281 14 14
284 282 14 14
284 283 14 14
285 282 14 14
285 284 14 14
285 280 14 14
285 283 14 14
286 281 14 14
286 284 14 14
286 282 14 14
286 283 14 14
287 281 14 14
287 283 14 14
287 284 14 14
287 285 14 14
288 282 14 14
288 286 14 14
288 285 14 14
288 281 14 14
289 286 14 14
289 282 14 14
289 287 14 14
289 283 14 14
290 286 14 14
290 283 14 14
290 287 14 14
290 289 14 14
291 288 14 14
291 285 14 14
291 282 14 14
291 286 14 14
292 280 14 14
292 284 14 14
292 281 14 14
292 286 14 14
293 288 14 14
293 280 14 14
293 281 14 14
293 283 14 14
294 284 14 14
294 291 14 14
294 293 14 14
294 281 14 14
295 283 14 14
295 289 14 14
295 290 14 14
295 285 14 14
296 285 14 14
296 294 14 14
296 288 14 14
296 290 14 14
297 292 14 14
297 281 14 14
297 289 14 14
297 282 14 14
298 288 14 14
298 285 14 14
298 296 14 14
298 294 14 14
299 283 14 14
299 281 14 14
299 280 14 14
299 285 14 14
280 296 14 14
280 298 14 14
280 289 14 14
280 288 14 14
281 298 14 14
281 291 14 14
281 285 14 14
281 289 14 14
282 298 14 14
282 293 14 14
282 294 14 14
282 290 14 14
283 297 14 14
283 292 14 14
283 298 14 14
283 294 14 14
304 300 15 15
304 303 15 15
304 301 15 15
304 302 15 15
305 302 15 15
305 303 15 15
305 301 15 15
305 304 15 15
306 300 15 15
306 305 15 15
306 304 15 15
306 303 15 15
307 302 15 15
307 306 15 15
307 305 15 15
307 304 15 15
308 300 15 15
308 302 15 15
308 303 15 15
308 305 15 15
309 305 15 15
309 302 15 15
309 304 15 15
309 308 15 15
310 301 15 15
310 304 15 15
310 302 15 15
310 307 15 15
311 304 15 15
311 305 15 15
311 306 15 15
311 309 15 15
312 306 15 15
312 300 15 15
312 311 15 15
312 301 15 15
313 303 15 15
313 308 15 15
313 307 15 15
313 310 15 15
314 310 15 15
314 307 15 15
314 304 15 15
314 302 15 15
315 303 15 15
315 306 15 15
315 309 15 15
315 302 15 15
316 304 15 15
316 314 15 15
316 300 15 15
316 303 15 15
317 300 15 15
317 303 15 15
317 301 15 15
317 312 15 15
318 313 15 15
318 307 15 15
318 303 15 15
318 304 15 15
319 300 15 15
319 317 15 15
319 307 15 15
319 312 15 15
300 314 15 15
300 307 15 15
300 315 15 15
300 305 15 15
301 319 15 15
301 316 15 15
301 311 15 15
301 314 15 15
302 313 15 15
302 306 15 15
302 311 15 15
302 318 15 15
303 314 15 15
303 307 15 15
303 311 15 15
303 309 15 15
82 54 4 2
88 20 4 1
81 14 4 0
98 74 4 3
115 45 5 2
101 91 5 4
112 78 5 3
113 9 5 0
138 75 6 3
130 118 6 5
121 27 6 1
135 81 6 4
148 98 7 4
150 139 7 6
149 107 7 5
144 68 7 3
171 4 8 0
175 20 8 1
173 70 8 3
177 42 8 2
189 50 9 2
198 95 9 4
181 60 9 3
193 123 9 6
218 49 10 2
214 36 10 1
212 192 10 9
211 148 10 7
223 132 11 6
221 193 11 9
225 150 11 7
224 56 11 2
251 217 12 10
256 57 12 2
247 69 12 3
257 0 12 0
274 46 13 2
267 88 13 4
275 169 13 8
279 35 13 1
280 147 14 7
287 13 14 0
291 123 14 6
280 164 14 8
310 286 15 14
306 40 15 2
314 84 15 4
316 138 15 6
17 318 0 15
11 207 0 10
3 149 0 7
3 129 0 6
25 296 1 14
34 255 1 12
21 144 1 7
29 308 1 15
52 147 2 7
57 289 2 14
46 130 2 6
72 310 3 15
78 222 3 11
77 207 3 10
75 291 3 14
