swNum = 320
edgeNum = 1343

0 0
1 0
2 0
3 0
4 0
5 0
6 0
7 0
8 0
9 0
10 0
11 0
12 0
13 0
14 0
15 0
16 0
17 0
18 0
19 0
20 1
21 1
22 1
23 1
24 1
25 1
26 1
27 1
28 1
29 1
30 1
31 1
32 1
33 1
34 1
35 1
36 1
37 1
38 1
39 1
40 2
41 2
42 2
43 2
44 2
45 2
46 2
47 2
48 2
49 2
50 2
51 2
52 2
53 2
54 2
55 2
56 2
57 2
58 2
59 2
60 3
61 3
62 3
63 3
64 3
65 3
66 3
67 3
68 3
69 3
70 3
71 3
72 3
73 3
74 3
75 3
76 3
77 3
78 3
79 3
80 4
81 4
82 4
83 4
84 4
85 4
86 4
87 4
88 4
89 4
90 4
91 4
92 4
93 4
94 4
95 4
96 4
97 4
98 4
99 4
100 5
101 5
102 5
103 5
104 5
105 5
106 5
107 5
108 5
109 5
110 5
111 5
112 5
113 5
114 5
115 5
116 5
117 5
118 5
119 5
120 6
121 6
122 6
123 6
124 6
125 6
126 6
127 6
128 6
129 6
130 6
131 6
132 6
133 6
134 6
135 6
136 6
137 6
138 6
139 6
140 7
141 7
142 7
143 7
144 7
145 7
146 7
147 7
148 7
149 7
150 7
151 7
152 7
153 7
154 7
155 7
156 7
157 7
158 7
159 7
160 8
161 8
162 8
163 8
164 8
165 8
166 8
167 8
168 8
169 8
170 8
171 8
172 8
173 8
174 8
175 8
176 8
177 8
178 8
179 8
180 9
181 9
182 9
183 9
184 9
185 9
186 9
187 9
188 9
189 9
190 9
191 9
192 9
193 9
194 9
195 9
196 9
197 9
198 9
199 9
200 10
201 10
202 10
203 10
204 10
205 10
206 10
207 10
208 10
209 10
210 10
211 10
212 10
213 10
214 10
215 10
216 10
217 10
218 10
219 10
220 11
221 11
222 11
223 11
224 11
225 11
226 11
227 11
228 11
229 11
230 11
231 11
232 11
233 11
234 11
235 11
236 11
237 11
238 11
239 11
240 12
241 12
242 12
243 12
244 12
245 12
246 12
247 12
248 12
249 12
250 12
251 12
252 12
253 12
254 12
255 12
256 12
257 12
258 12
259 12
260 13
261 13
262 13
263 13
264 13
265 13
266 13
267 13
268 13
269 13
270 13
271 13
272 13
273 13
274 13
275 13
276 13
277 13
278 13
279 13
280 14
281 14
282 14
283 14
284 14
285 14
286 14
287 14
288 14
289 14
290 14
291 14
292 14
293 14
294 14
295 14
296 14
297 14
298 14
299 14
300 15
301 15
302 15
303 15
304 15
305 15
306 15
307 15
308 15
309 15
310 15
311 15
312 15
313 15
314 15
315 15
316 15
317 15
318 15
319 15

4 1 0 0
4 2 0 0
4 0 0 0
4 3 0 0
5 0 0 0
5 3 0 0
5 2 0 0
5 4 0 0
6 1 0 0
6 0 0 0
6 2 0 0
6 3 0 0
7 1 0 0
7 4 0 0
7 6 0 0
7 2 0 0
8 3 0 0
8 2 0 0
8 0 0 0
8 6 0 0
9 2 0 0
9 0 0 0
9 8 0 0
9 4 0 0
10 0 0 0
10 2 0 0
10 3 0 0
10 9 0 0
11 7 0 0
11 1 0 0
11 10 0 0
11 6 0 0
12 7 0 0
12 10 0 0
12 1 0 0
12 9 0 0
13 6 0 0
13 3 0 0
13 0 0 0
13 5 0 0
14 0 0 0
14 3 0 0
14 1 0 0
14 12 0 0
15 8 0 0
15 0 0 0
15 10 0 0
15 5 0 0
16 2 0 0
16 1 0 0
16 4 0 0
16 14 0 0
17 6 0 0
17 5 0 0
17 4 0 0
17 11 0 0
18 1 0 0
18 11 0 0
18 6 0 0
18 2 0 0
19 8 0 0
19 10 0 0
19 17 0 0
19 0 0 0
0 17 0 0
0 12 0 0
0 18 0 0
0 16 0 0
1 5 0 0
1 10 0 0
1 8 0 0
1 9 0 0
2 19 0 0
2 14 0 0
2 17 0 0
2 15 0 0
3 9 0 0
3 17 0 0
3 18 0 0
3 15 0 0
24 20 1 1
24 23 1 1
24 22 1 1
24 21 1 1
25 20 1 1
25 22 1 1
25 21 1 1
25 24 1 1
26 24 1 1
26 22 1 1
26 23 1 1
26 20 1 1
27 21 1 1
27 24 1 1
27 20 1 1
27 25 1 1
28 23 1 1
28 26 1 1
28 24 1 1
28 27 1 1
29 24 1 1
29 28 1 1
29 25 1 1
29 22 1 1
30 29 1 1
30 23 1 1
30 24 1 1
30 22 1 1
31 28 1 1
31 26 1 1
31 29 1 1
31 25 1 1
32 26 1 1
32 30 1 1
32 20 1 1
32 24 1 1
33 21 1 1
33 27 1 1
33 31 1 1
33 24 1 1
34 28 1 1
34 32 1 1
34 21 1 1
34 33 1 1
35 28 1 1
35 34 1 1
35 25 1 1
35 22 1 1
36 30 1 1
36 31 1 1
36 26 1 1
36 29 1 1
37 20 1 1
37 25 1 1
37 34 1 1
37 21 1 1
38 33 1 1
38 36 1 1
38 20 1 1
38 25 1 1
39 24 1 1
39 30 1 1
39 27 1 1
39 33 1 1
20 36 1 1
20 39 1 1
20 29 1 1
20 30 1 1
21 39 1 1
21 30 1 1
21 28 1 1
21 31 1 1
22 32 1 1
22 36 1 1
22 31 1 1
22 37 1 1
23 37 1 1
23 33 1 1
23 32 1 1
23 39 1 1
44 42 2 2
44 43 2 2
44 40 2 2
44 41 2 2
45 41 2 2
45 40 2 2
45 43 2 2
45 44 2 2
46 44 2 2
46 41 2 2
46 42 2 2
46 43 2 2
47 44 2 2
47 45 2 2
47 40 2 2
47 42 2 2
48 40 2 2
48 46 2 2
48 43 2 2
48 42 2 2
49 44 2 2
49 45 2 2
49 43 2 2
49 42 2 2
50 48 2 2
50 49 2 2
50 43 2 2
50 46 2 2
51 41 2 2
51 44 2 2
51 49 2 2
51 45 2 2
52 41 2 2
52 49 2 2
52 42 2 2
52 47 2 2
53 42 2 2
53 48 2 2
53 45 2 2
53 43 2 2
54 44 2 2
54 43 2 2
54 42 2 2
54 48 2 2
55 53 2 2
55 54 2 2
55 52 2 2
55 43 2 2
56 50 2 2
56 44 2 2
56 42 2 2
56 47 2 2
57 43 2 2
57 51 2 2
57 50 2 2
57 45 2 2
58 40 2 2
58 47 2 2
58 48 2 2
58 45 2 2
59 56 2 2
59 52 2 2
59 45 2 2
59 44 2 2
40 57 2 2
40 53 2 2
40 55 2 2
40 51 2 2
41 53 2 2
41 57 2 2
41 59 2 2
41 56 2 2
42 50 2 2
42 58 2 2
42 55 2 2
42 45 2 2
43 56 2 2
43 59 2 2
43 52 2 2
43 47 2 2
64 62 3 3
64 60 3 3
64 61 3 3
64 63 3 3
65 61 3 3
65 62 3 3
65 64 3 3
65 60 3 3
66 62 3 3
66 65 3 3
66 60 3 3
66 63 3 3
67 66 3 3
67 62 3 3
67 65 3 3
67 64 3 3
68 60 3 3
68 61 3 3
68 62 3 3
68 65 3 3
69 60 3 3
69 65 3 3
69 67 3 3
69 62 3 3
70 69 3 3
70 68 3 3
70 63 3 3
70 67 3 3
71 68 3 3
71 60 3 3
71 63 3 3
71 65 3 3
72 66 3 3
72 70 3 3
72 63 3 3
72 67 3 3
73 63 3 3
73 70 3 3
73 69 3 3
73 60 3 3
74 60 3 3
74 73 3 3
74 71 3 3
74 68 3 3
75 68 3 3
75 74 3 3
75 67 3 3
75 60 3 3
76 70 3 3
76 62 3 3
76 71 3 3
76 74 3 3
77 67 3 3
77 66 3 3
77 75 3 3
77 69 3 3
78 76 3 3
78 69 3 3
78 73 3 3
78 68 3 3
79 75 3 3
79 61 3 3
79 63 3 3
79 69 3 3
60 79 3 3
60 78 3 3
60 70 3 3
60 67 3 3
61 72 3 3
61 71 3 3
61 69 3 3
61 76 3 3
62 74 3 3
62 77 3 3
62 71 3 3
62 78 3 3
63 78 3 3
63 67 3 3
63 69 3 3
63 76 3 3
84 82 4 4
84 81 4 4
84 80 4 4
84 83 4 4
85 82 4 4
85 81 4 4
85 84 4 4
85 83 4 4
86 82 4 4
86 84 4 4
86 83 4 4
86 80 4 4
87 82 4 4
87 84 4 4
87 83 4 4
87 80 4 4
88 86 4 4
88 80 4 4
88 83 4 4
88 82 4 4
89 86 4 4
89 82 4 4
89 80 4 4
89 88 4 4
90 82 4 4
90 85 4 4
90 80 4 4
90 83 4 4
91 81 4 4
91 82 4 4
91 84 4 4
91 89 4 4
92 80 4 4
92 91 4 4
92 83 4 4
92 85 4 4
93 84 4 4
93 86 4 4
93 81 4 4
93 90 4 4
94 93 4 4
94 91 4 4
94 82 4 4
94 81 4 4
95 80 4 4
95 93 4 4
95 90 4 4
95 83 4 4
96 95 4 4
96 93 4 4
96 84 4 4
96 85 4 4
97 93 4 4
97 84 4 4
97 87 4 4
97 91 4 4
98 89 4 4
98 86 4 4
98 93 4 4
98 88 4 4
99 83 4 4
99 84 4 4
99 97 4 4
99 91 4 4
80 91 4 4
80 98 4 4
80 97 4 4
80 93 4 4
81 89 4 4
81 86 4 4
81 97 4 4
81 99 4 4
82 97 4 4
82 98 4 4
82 93 4 4
82 99 4 4
83 96 4 4
83 98 4 4
83 94 4 4
83 89 4 4
104 103 5 5
104 101 5 5
104 100 5 5
104 102 5 5
105 100 5 5
105 103 5 5
105 101 5 5
105 104 5 5
106 101 5 5
106 105 5 5
106 102 5 5
106 104 5 5
107 104 5 5
107 102 5 5
107 103 5 5
107 101 5 5
108 102 5 5
108 101 5 5
108 106 5 5
108 105 5 5
109 102 5 5
109 103 5 5
109 105 5 5
109 104 5 5
110 105 5 5
110 104 5 5
110 102 5 5
110 107 5 5
111 107 5 5
111 103 5 5
111 105 5 5
111 109 5 5
112 109 5 5
112 105 5 5
112 107 5 5
112 104 5 5
113 104 5 5
113 107 5 5
113 101 5 5
113 100 5 5
114 107 5 5
114 112 5 5
114 108 5 5
114 113 5 5
115 100 5 5
115 106 5 5
115 110 5 5
115 102 5 5
116 102 5 5
116 106 5 5
116 115 5 5
116 103 5 5
117 105 5 5
117 104 5 5
117 111 5 5
117 107 5 5
118 111 5 5
118 114 5 5
118 115 5 5
118 108 5 5
119 110 5 5
119 117 5 5
119 107 5 5
119 118 5 5
100 111 5 5
100 106 5 5
100 112 5 5
100 116 5 5
101 117 5 5
101 116 5 5
101 112 5 5
101 114 5 5
102 118 5 5
102 112 5 5
102 117 5 5
102 114 5 5
103 113 5 5
103 106 5 5
103 119 5 5
103 112 5 5
124 122 6 6
124 123 6 6
124 120 6 6
124 121 6 6
125 121 6 6
125 122 6 6
125 120 6 6
125 123 6 6
126 121 6 6
126 123 6 6
126 120 6 6
126 125 6 6
127 120 6 6
127 123 6 6
127 126 6 6
127 124 6 6
128 123 6 6
128 127 6 6
128 125 6 6
128 124 6 6
129 121 6 6
129 126 6 6
129 123 6 6
129 127 6 6
130 128 6 6
130 122 6 6
130 125 6 6
130 129 6 6
131 123 6 6
131 126 6 6
131 127 6 6
131 125 6 6
132 123 6 6
132 128 6 6
132 120 6 6
132 126 6 6
133 123 6 6
133 130 6 6
133 120 6 6
133 131 6 6
134 121 6 6
134 123 6 6
134 132 6 6
134 130 6 6
135 125 6 6
135 131 6 6
135 133 6 6
135 122 6 6
136 129 6 6
136 135 6 6
136 130 6 6
136 128 6 6
137 128 6 6
137 136 6 6
137 132 6 6
137 122 6 6
138 136 6 6
138 133 6 6
138 130 6 6
138 129 6 6
139 130 6 6
139 125 6 6
139 135 6 6
139 122 6 6
120 134 6 6
120 130 6 6
120 128 6 6
120 137 6 6
121 139 6 6
121 132 6 6
121 136 6 6
121 137 6 6
122 136 6 6
122 134 6 6
122 127 6 6
122 138 6 6
123 137 6 6
123 138 6 6
123 135 6 6
123 130 6 6
144 141 7 7
144 142 7 7
144 140 7 7
144 143 7 7
145 143 7 7
145 140 7 7
145 144 7 7
145 142 7 7
146 143 7 7
146 142 7 7
146 141 7 7
146 145 7 7
147 144 7 7
147 143 7 7
147 140 7 7
147 142 7 7
148 147 7 7
148 142 7 7
148 145 7 7
148 141 7 7
149 144 7 7
149 141 7 7
149 142 7 7
149 140 7 7
150 145 7 7
150 146 7 7
150 143 7 7
150 148 7 7
151 150 7 7
151 140 7 7
151 145 7 7
151 148 7 7
152 141 7 7
152 143 7 7
152 150 7 7
152 145 7 7
153 143 7 7
153 146 7 7
153 140 7 7
153 148 7 7
154 147 7 7
154 143 7 7
154 150 7 7
154 141 7 7
155 146 7 7
155 142 7 7
155 153 7 7
155 151 7 7
156 150 7 7
156 142 7 7
156 141 7 7
156 153 7 7
157 149 7 7
157 141 7 7
157 148 7 7
157 156 7 7
158 141 7 7
158 149 7 7
158 143 7 7
158 144 7 7
159 146 7 7
159 154 7 7
159 156 7 7
159 157 7 7
140 155 7 7
140 146 7 7
140 156 7 7
140 159 7 7
141 155 7 7
141 159 7 7
141 147 7 7
141 151 7 7
142 151 7 7
142 154 7 7
142 152 7 7
142 150 7 7
143 159 7 7
143 155 7 7
143 151 7 7
143 148 7 7
164 162 8 8
164 160 8 8
164 163 8 8
164 161 8 8
165 160 8 8
165 164 8 8
165 162 8 8
165 163 8 8
166 160 8 8
166 162 8 8
166 161 8 8
166 163 8 8
167 164 8 8
167 162 8 8
167 163 8 8
167 161 8 8
168 162 8 8
168 160 8 8
168 165 8 8
168 166 8 8
169 160 8 8
169 166 8 8
169 165 8 8
169 162 8 8
170 162 8 8
170 163 8 8
170 169 8 8
170 160 8 8
171 162 8 8
171 166 8 8
171 169 8 8
171 170 8 8
172 164 8 8
172 161 8 8
172 165 8 8
172 166 8 8
173 166 8 8
173 163 8 8
173 169 8 8
173 170 8 8
174 166 8 8
174 163 8 8
174 167 8 8
174 172 8 8
175 168 8 8
175 170 8 8
175 166 8 8
175 167 8 8
176 164 8 8
176 170 8 8
176 167 8 8
176 162 8 8
177 162 8 8
177 160 8 8
177 167 8 8
177 166 8 8
178 173 8 8
178 167 8 8
178 170 8 8
178 165 8 8
179 167 8 8
179 172 8 8
179 162 8 8
179 177 8 8
160 167 8 8
160 173 8 8
160 178 8 8
160 176 8 8
161 174 8 8
161 165 8 8
161 178 8 8
161 169 8 8
162 178 8 8
162 175 8 8
162 174 8 8
162 173 8 8
163 169 8 8
163 168 8 8
163 176 8 8
163 172 8 8
184 181 9 9
184 183 9 9
184 180 9 9
184 182 9 9
185 180 9 9
185 181 9 9
185 183 9 9
185 184 9 9
186 183 9 9
186 185 9 9
186 182 9 9
186 180 9 9
187 183 9 9
187 184 9 9
187 182 9 9
187 185 9 9
188 183 9 9
188 187 9 9
188 181 9 9
188 182 9 9
189 185 9 9
189 187 9 9
189 183 9 9
189 182 9 9
190 181 9 9
190 189 9 9
190 182 9 9
190 186 9 9
191 188 9 9
191 182 9 9
191 187 9 9
191 183 9 9
192 191 9 9
192 182 9 9
192 189 9 9
192 183 9 9
193 191 9 9
193 183 9 9
193 192 9 9
193 187 9 9
194 184 9 9
194 191 9 9
194 183 9 9
194 188 9 9
195 181 9 9
195 183 9 9
195 182 9 9
195 191 9 9
196 188 9 9
196 181 9 9
196 184 9 9
196 182 9 9
197 180 9 9
197 182 9 9
197 192 9 9
197 181 9 9
198 182 9 9
198 183 9 9
198 181 9 9
198 180 9 9
199 189 9 9
199 194 9 9
199 191 9 9
199 183 9 9
180 194 9 9
180 192 9 9
180 199 9 9
180 188 9 9
181 192 9 9
181 199 9 9
181 189 9 9
181 191 9 9
182 199 9 9
182 185 9 9
182 194 9 9
182 193 9 9
183 190 9 9
183 196 9 9
183 197 9 9
204 202 10 10
204 200 10 10
204 203 10 10
204 201 10 10
205 204 10 10
205 201 10 10
205 203 10 10
205 200 10 10
206 205 10 10
206 203 10 10
206 201 10 10
206 202 10 10
207 206 10 10
207 205 10 10
207 202 10 10
207 200 10 10
208 204 10 10
208 200 10 10
208 203 10 10
208 205 10 10
209 206 10 10
209 205 10 10
209 201 10 10
209 203 10 10
210 204 10 10
210 207 10 10
210 200 10 10
210 208 10 10
211 201 10 10
211 203 10 10
211 206 10 10
211 205 10 10
212 205 10 10
212 211 10 10
212 207 10 10
212 210 10 10
213 207 10 10
213 211 10 10
213 212 10 10
213 205 10 10
214 204 10 10
214 200 10 10
214 209 10 10
214 208 10 10
215 207 10 10
215 213 10 10
215 211 10 10
215 205 10 10
216 206 10 10
216 215 10 10
216 205 10 10
216 211 10 10
217 206 10 10
217 204 10 10
217 202 10 10
217 205 10 10
218 200 10 10
218 207 10 10
218 212 10 10
218 210 10 10
219 202 10 10
219 204 10 10
219 218 10 10
219 212 10 10
200 212 10 10
200 217 10 10
200 219 10 10
200 213 10 10
201 217 10 10
201 219 10 10
201 218 10 10
201 214 10 10
202 210 10 10
202 218 10 10
202 208 10 10
202 214 10 10
203 213 10 10
203 216 10 10
203 219 10 10
203 214 10 10
224 220 11 11
224 221 11 11
224 222 11 11
224 223 11 11
225 222 11 11
225 224 11 11
225 221 11 11
225 223 11 11
226 225 11 11
226 221 11 11
226 220 11 11
226 222 11 11
227 225 11 11
227 224 11 11
227 222 11 11
227 221 11 11
228 224 11 11
228 220 11 11
228 226 11 11
228 227 11 11
229 220 11 11
229 224 11 11
229 227 11 11
229 223 11 11
230 229 11 11
230 227 11 11
230 225 11 11
230 222 11 11
231 227 11 11
231 220 11 11
231 221 11 11
231 225 11 11
232 226 11 11
232 220 11 11
232 225 11 11
232 230 11 11
233 224 11 11
233 230 11 11
233 225 11 11
233 222 11 11
234 222 11 11
234 223 11 11
234 231 11 11
234 230 11 11
235 227 11 11
235 221 11 11
235 223 11 11
235 226 11 11
236 224 11 11
236 220 11 11
236 231 11 11
236 235 11 11
237 220 11 11
237 224 11 11
237 236 11 11
237 228 11 11
238 223 11 11
238 228 11 11
238 234 11 11
238 230 11 11
239 236 11 11
239 232 11 11
239 234 11 11
239 224 11 11
220 225 11 11
220 227 11 11
220 233 11 11
220 235 11 11
221 234 11 11
221 239 11 11
221 232 11 11
221 228 11 11
222 232 11 11
222 239 11 11
222 238 11 11
222 229 11 11
223 232 11 11
223 239 11 11
223 230 11 11
223 233 11 11
244 241 12 12
244 240 12 12
244 243 12 12
244 242 12 12
245 240 12 12
245 243 12 12
245 244 12 12
245 241 12 12
246 244 12 12
246 245 12 12
246 241 12 12
246 240 12 12
247 245 12 12
247 246 12 12
247 242 12 12
247 240 12 12
248 242 12 12
248 241 12 12
248 243 12 12
248 244 12 12
249 248 12 12
249 241 12 12
249 245 12 12
249 246 12 12
250 247 12 12
250 249 12 12
250 240 12 12
250 244 12 12
251 247 12 12
251 250 12 12
251 244 12 12
251 245 12 12
252 248 12 12
252 244 12 12
252 249 12 12
252 241 12 12
253 250 12 12
253 243 12 12
253 251 12 12
253 247 12 12
254 253 12 12
254 251 12 12
254 250 12 12
254 242 12 12
255 244 12 12
255 252 12 12
255 246 12 12
255 249 12 12
256 245 12 12
256 252 12 12
256 246 12 12
256 240 12 12
257 254 12 12
257 242 12 12
257 245 12 12
257 253 12 12
258 249 12 12
258 248 12 12
258 245 12 12
258 242 12 12
259 256 12 12
259 251 12 12
259 257 12 12
259 243 12 12
240 258 12 12
240 259 12 12
240 255 12 12
240 251 12 12
241 256 12 12
241 258 12 12
241 257 12 12
241 251 12 12
242 253 12 12
242 250 12 12
242 245 12 12
242 246 12 12
243 249 12 12
243 258 12 12
243 251 12 12
243 254 12 12
264 261 13 13
264 263 13 13
264 260 13 13
264 262 13 13
265 264 13 13
265 263 13 13
265 260 13 13
265 261 13 13
266 262 13 13
266 264 13 13
266 263 13 13
266 265 13 13
267 262 13 13
267 260 13 13
267 266 13 13
267 264 13 13
268 263 13 13
268 265 13 13
268 266 13 13
268 260 13 13
269 260 13 13
269 263 13 13
269 265 13 13
269 267 13 13
270 264 13 13
270 262 13 13
270 266 13 13
270 265 13 13
271 268 13 13
271 265 13 13
271 267 13 13
271 261 13 13
272 267 13 13
272 268 13 13
272 269 13 13
272 262 13 13
273 260 13 13
273 264 13 13
273 272 13 13
273 266 13 13
274 268 13 13
274 261 13 13
274 260 13 13
274 272 13 13
275 266 13 13
275 269 13 13
275 268 13 13
275 264 13 13
276 263 13 13
276 260 13 13
276 262 13 13
276 268 13 13
277 272 13 13
277 262 13 13
277 265 13 13
277 269 13 13
278 272 13 13
278 265 13 13
278 274 13 13
278 266 13 13
279 273 13 13
279 260 13 13
279 271 13 13
279 264 13 13
260 277 13 13
260 275 13 13
260 278 13 13
260 272 13 13
261 278 13 13
261 266 13 13
261 270 13 13
261 272 13 13
262 274 13 13
262 278 13 13
262 271 13 13
262 269 13 13
263 279 13 13
263 271 13 13
263 277 13 13
263 275 13 13
284 280 14 14
284 283 14 14
284 281 14 14
284 282 14 14
285 283 14 14
285 280 14 14
285 282 14 14
285 281 14 14
286 283 14 14
286 285 14 14
286 280 14 14
286 282 14 14
287 285 14 14
287 283 14 14
287 286 14 14
287 282 14 14
288 285 14 14
288 280 14 14
288 281 14 14
288 282 14 14
289 286 14 14
289 288 14 14
289 280 14 14
289 285 14 14
290 287 14 14
290 288 14 14
290 281 14 14
290 282 14 14
291 290 14 14
291 281 14 14
291 282 14 14
291 285 14 14
292 290 14 14
292 282 14 14
292 285 14 14
292 289 14 14
293 288 14 14
293 285 14 14
293 283 14 14
293 287 14 14
294 293 14 14
294 284 14 14
294 290 14 14
294 289 14 14
295 281 14 14
295 285 14 14
295 289 14 14
295 280 14 14
296 288 14 14
296 282 14 14
296 281 14 14
296 294 14 14
297 283 14 14
297 280 14 14
297 285 14 14
297 292 14 14
298 287 14 14
298 296 14 14
298 288 14 14
298 295 14 14
299 289 14 14
299 296 14 14
299 282 14 14
299 287 14 14
280 293 14 14
280 298 14 14
280 287 14 14
280 292 14 14
281 298 14 14
281 294 14 14
281 292 14 14
281 289 14 14
282 297 14 14
282 294 14 14
282 293 14 14
282 289 14 14
283 288 14 14
283 295 14 14
283 294 14 14
283 289 14 14
304 303 15 15
304 300 15 15
304 302 15 15
304 301 15 15
305 301 15 15
305 300 15 15
305 304 15 15
305 303 15 15
306 303 15 15
306 305 15 15
306 300 15 15
306 301 15 15
307 300 15 15
307 301 15 15
307 304 15 15
307 305 15 15
308 304 15 15
308 303 15 15
308 305 15 15
308 307 15 15
309 300 15 15
309 304 15 15
309 303 15 15
309 302 15 15
310 301 15 15
310 306 15 15
310 300 15 15
310 305 15 15
311 302 15 15
311 306 15 15
311 305 15 15
311 309 15 15
312 308 15 15
312 306 15 15
312 305 15 15
312 304 15 15
313 307 15 15
313 312 15 15
313 311 15 15
313 305 15 15
314 302 15 15
314 309 15 15
314 303 15 15
314 310 15 15
315 313 15 15
315 312 15 15
315 300 15 15
315 314 15 15
316 310 15 15
316 305 15 15
316 301 15 15
316 312 15 15
317 314 15 15
317 300 15 15
317 309 15 15
317 313 15 15
318 317 15 15
318 315 15 15
318 311 15 15
318 300 15 15
319 314 15 15
319 316 15 15
319 311 15 15
319 307 15 15
300 313 15 15
300 312 15 15
300 311 15 15
300 308 15 15
301 319 15 15
301 311 15 15
301 318 15 15
301 309 15 15
302 316 15 15
302 318 15 15
302 312 15 15
302 313 15 15
303 318 15 15
303 316 15 15
303 317 15 15
303 312 15 15
99 47 4 2
91 35 4 1
98 0 4 0
87 64 4 3
102 78 5 3
119 0 5 0
112 52 5 2
111 29 5 1
123 62 6 3
122 56 6 2
130 108 6 5
122 4 6 0
150 73 7 3
141 124 7 6
159 16 7 0
143 81 7 4
165 82 8 4
165 47 8 2
179 12 8 0
162 24 8 1
198 71 9 3
197 19 9 0
185 138 9 6
197 99 9 4
219 154 10 7
219 195 10 9
210 65 10 3
206 4 10 0
224 49 11 2
228 174 11 8
228 23 11 1
239 100 11 5
244 231 12 11
240 41 12 2
242 32 12 1
255 108 12 5
277 18 13 0
271 192 13 9
266 128 13 6
265 39 13 1
283 166 14 8
291 90 14 4
285 193 14 9
298 53 14 2
307 68 15 3
316 152 15 7
309 182 15 9
309 139 15 6
18 291 0 14
3 240 0 12
8 220 0 11
8 305 0 15
34 127 1 6
35 145 1 7
27 283 1 14
22 185 1 9
41 186 2 9
48 145 2 7
45 261 2 13
54 306 2 15
78 225 3 11
78 283 3 14
63 162 3 8
78 270 3 13
