swNum = 320
edgeNum = 1344

0 0
1 0
2 0
3 0
4 0
5 0
6 0
7 0
8 0
9 0
10 0
11 0
12 0
13 0
14 0
15 0
16 0
17 0
18 0
19 0
20 1
21 1
22 1
23 1
24 1
25 1
26 1
27 1
28 1
29 1
30 1
31 1
32 1
33 1
34 1
35 1
36 1
37 1
38 1
39 1
40 2
41 2
42 2
43 2
44 2
45 2
46 2
47 2
48 2
49 2
50 2
51 2
52 2
53 2
54 2
55 2
56 2
57 2
58 2
59 2
60 3
61 3
62 3
63 3
64 3
65 3
66 3
67 3
68 3
69 3
70 3
71 3
72 3
73 3
74 3
75 3
76 3
77 3
78 3
79 3
80 4
81 4
82 4
83 4
84 4
85 4
86 4
87 4
88 4
89 4
90 4
91 4
92 4
93 4
94 4
95 4
96 4
97 4
98 4
99 4
100 5
101 5
102 5
103 5
104 5
105 5
106 5
107 5
108 5
109 5
110 5
111 5
112 5
113 5
114 5
115 5
116 5
117 5
118 5
119 5
120 6
121 6
122 6
123 6
124 6
125 6
126 6
127 6
128 6
129 6
130 6
131 6
132 6
133 6
134 6
135 6
136 6
137 6
138 6
139 6
140 7
141 7
142 7
143 7
144 7
145 7
146 7
147 7
148 7
149 7
150 7
151 7
152 7
153 7
154 7
155 7
156 7
157 7
158 7
159 7
160 8
161 8
162 8
163 8
164 8
165 8
166 8
167 8
168 8
169 8
170 8
171 8
172 8
173 8
174 8
175 8
176 8
177 8
178 8
179 8
180 9
181 9
182 9
183 9
184 9
185 9
186 9
187 9
188 9
189 9
190 9
191 9
192 9
193 9
194 9
195 9
196 9
197 9
198 9
199 9
200 10
201 10
202 10
203 10
204 10
205 10
206 10
207 10
208 10
209 10
210 10
211 10
212 10
213 10
214 10
215 10
216 10
217 10
218 10
219 10
220 11
221 11
222 11
223 11
224 11
225 11
226 11
227 11
228 11
229 11
230 11
231 11
232 11
233 11
234 11
235 11
236 11
237 11
238 11
239 11
240 12
241 12
242 12
243 12
244 12
245 12
246 12
247 12
248 12
249 12
250 12
251 12
252 12
253 12
254 12
255 12
256 12
257 12
258 12
259 12
260 13
261 13
262 13
263 13
264 13
265 13
266 13
267 13
268 13
269 13
270 13
271 13
272 13
273 13
274 13
275 13
276 13
277 13
278 13
279 13
280 14
281 14
282 14
283 14
284 14
285 14
286 14
287 14
288 14
289 14
290 14
291 14
292 14
293 14
294 14
295 14
296 14
297 14
298 14
299 14
300 15
301 15
302 15
303 15
304 15
305 15
306 15
307 15
308 15
309 15
310 15
311 15
312 15
313 15
314 15
315 15
316 15
317 15
318 15
319 15

4 1 0 0
4 2 0 0
4 3 0 0
4 0 0 0
5 4 0 0
5 2 0 0
5 3 0 0
5 1 0 0
6 2 0 0
6 3 0 0
6 4 0 0
6 0 0 0
7 4 0 0
7 0 0 0
7 3 0 0
7 2 0 0
8 7 0 0
8 3 0 0
8 4 0 0
8 6 0 0
9 2 0 0
9 4 0 0
9 5 0 0
9 0 0 0
10 2 0 0
10 5 0 0
10 1 0 0
10 9 0 0
11 4 0 0
11 9 0 0
11 1 0 0
11 10 0 0
12 5 0 0
12 11 0 0
12 10 0 0
12 2 0 0
13 9 0 0
13 1 0 0
13 4 0 0
13 11 0 0
14 0 0 0
14 7 0 0
14 9 0 0
14 6 0 0
15 10 0 0
15 1 0 0
15 9 0 0
15 5 0 0
16 4 0 0
16 2 0 0
16 1 0 0
16 12 0 0
17 16 0 0
17 2 0 0
17 13 0 0
17 12 0 0
18 6 0 0
18 15 0 0
18 14 0 0
18 3 0 0
19 13 0 0
19 8 0 0
19 14 0 0
19 12 0 0
0 18 0 0
0 13 0 0
0 17 0 0
0 8 0 0
1 9 0 0
1 12 0 0
1 14 0 0
1 7 0 0
2 15 0 0
2 13 0 0
2 8 0 0
2 14 0 0
3 19 0 0
3 11 0 0
3 17 0 0
3 12 0 0
24 22 1 1
24 23 1 1
24 20 1 1
24 21 1 1
25 22 1 1
25 20 1 1
25 24 1 1
25 23 1 1
26 23 1 1
26 25 1 1
26 24 1 1
26 22 1 1
27 25 1 1
27 21 1 1
27 20 1 1
27 24 1 1
28 27 1 1
28 24 1 1
28 21 1 1
28 25 1 1
29 22 1 1
29 20 1 1
29 26 1 1
29 25 1 1
30 26 1 1
30 21 1 1
30 23 1 1
30 25 1 1
31 27 1 1
31 26 1 1
31 30 1 1
31 25 1 1
32 27 1 1
32 28 1 1
32 31 1 1
32 21 1 1
33 26 1 1
33 29 1 1
33 21 1 1
33 32 1 1
34 33 1 1
34 31 1 1
34 20 1 1
34 21 1 1
35 32 1 1
35 21 1 1
35 31 1 1
35 33 1 1
36 33 1 1
36 25 1 1
36 21 1 1
36 35 1 1
37 25 1 1
37 27 1 1
37 34 1 1
37 32 1 1
38 22 1 1
38 21 1 1
38 24 1 1
38 28 1 1
39 24 1 1
39 27 1 1
39 35 1 1
39 23 1 1
20 35 1 1
20 28 1 1
20 32 1 1
20 38 1 1
21 31 1 1
21 37 1 1
21 39 1 1
21 29 1 1
22 27 1 1
22 31 1 1
22 33 1 1
22 39 1 1
23 32 1 1
23 33 1 1
23 29 1 1
23 37 1 1
44 43 2 2
44 41 2 2
44 40 2 2
44 42 2 2
45 42 2 2
45 44 2 2
45 43 2 2
45 40 2 2
46 41 2 2
46 42 2 2
46 43 2 2
46 44 2 2
47 44 2 2
47 42 2 2
47 45 2 2
47 41 2 2
48 40 2 2
48 44 2 2
48 43 2 2
48 47 2 2
49 45 2 2
49 41 2 2
49 44 2 2
49 42 2 2
50 42 2 2
50 45 2 2
50 49 2 2
50 44 2 2
51 42 2 2
51 47 2 2
51 40 2 2
51 41 2 2
52 46 2 2
52 51 2 2
52 49 2 2
52 42 2 2
53 44 2 2
53 49 2 2
53 46 2 2
53 47 2 2
54 43 2 2
54 47 2 2
54 44 2 2
54 51 2 2
55 48 2 2
55 44 2 2
55 53 2 2
55 51 2 2
56 46 2 2
56 53 2 2
56 44 2 2
56 51 2 2
57 52 2 2
57 56 2 2
57 41 2 2
57 47 2 2
58 55 2 2
58 51 2 2
58 43 2 2
58 47 2 2
59 54 2 2
59 40 2 2
59 56 2 2
59 47 2 2
40 46 2 2
40 58 2 2
40 47 2 2
40 53 2 2
41 48 2 2
41 50 2 2
41 53 2 2
41 45 2 2
42 55 2 2
42 59 2 2
42 56 2 2
42 57 2 2
43 56 2 2
43 57 2 2
43 55 2 2
43 50 2 2
64 62 3 3
64 60 3 3
64 63 3 3
64 61 3 3
65 64 3 3
65 63 3 3
65 60 3 3
65 62 3 3
66 60 3 3
66 65 3 3
66 63 3 3
66 61 3 3
67 61 3 3
67 62 3 3
67 66 3 3
67 65 3 3
68 66 3 3
68 65 3 3
68 67 3 3
68 63 3 3
69 62 3 3
69 60 3 3
69 63 3 3
69 67 3 3
70 60 3 3
70 63 3 3
70 68 3 3
70 69 3 3
71 68 3 3
71 66 3 3
71 62 3 3
71 67 3 3
72 63 3 3
72 70 3 3
72 68 3 3
72 69 3 3
73 62 3 3
73 61 3 3
73 63 3 3
73 69 3 3
74 61 3 3
74 65 3 3
74 67 3 3
74 60 3 3
75 72 3 3
75 63 3 3
75 66 3 3
75 73 3 3
76 73 3 3
76 63 3 3
76 70 3 3
76 69 3 3
77 68 3 3
77 71 3 3
77 64 3 3
77 75 3 3
78 66 3 3
78 70 3 3
78 68 3 3
78 60 3 3
79 72 3 3
79 77 3 3
79 64 3 3
79 61 3 3
60 68 3 3
60 72 3 3
60 75 3 3
60 76 3 3
61 69 3 3
61 68 3 3
61 77 3 3
61 65 3 3
62 76 3 3
62 75 3 3
62 77 3 3
62 70 3 3
63 78 3 3
63 77 3 3
63 79 3 3
63 71 3 3
84 82 4 4
84 81 4 4
84 83 4 4
84 80 4 4
85 82 4 4
85 83 4 4
85 84 4 4
85 81 4 4
86 82 4 4
86 83 4 4
86 80 4 4
86 85 4 4
87 83 4 4
87 84 4 4
87 85 4 4
87 81 4 4
88 82 4 4
88 84 4 4
88 83 4 4
88 87 4 4
89 85 4 4
89 80 4 4
89 88 4 4
89 82 4 4
90 89 4 4
90 88 4 4
90 86 4 4
90 82 4 4
91 81 4 4
91 89 4 4
91 85 4 4
91 83 4 4
92 82 4 4
92 83 4 4
92 86 4 4
92 89 4 4
93 85 4 4
93 82 4 4
93 88 4 4
93 83 4 4
94 84 4 4
94 89 4 4
94 88 4 4
94 85 4 4
95 89 4 4
95 90 4 4
95 92 4 4
95 86 4 4
96 80 4 4
96 92 4 4
96 86 4 4
96 87 4 4
97 89 4 4
97 88 4 4
97 86 4 4
97 95 4 4
98 85 4 4
98 86 4 4
98 81 4 4
98 89 4 4
99 86 4 4
99 90 4 4
99 84 4 4
99 93 4 4
80 92 4 4
80 97 4 4
80 93 4 4
80 99 4 4
81 92 4 4
81 94 4 4
81 86 4 4
81 93 4 4
82 95 4 4
82 99 4 4
82 98 4 4
82 97 4 4
83 90 4 4
83 98 4 4
83 97 4 4
83 95 4 4
104 101 5 5
104 102 5 5
104 100 5 5
104 103 5 5
105 101 5 5
105 104 5 5
105 102 5 5
105 100 5 5
106 102 5 5
106 105 5 5
106 103 5 5
106 100 5 5
107 102 5 5
107 105 5 5
107 100 5 5
107 106 5 5
108 100 5 5
108 103 5 5
108 102 5 5
108 106 5 5
109 105 5 5
109 104 5 5
109 103 5 5
109 102 5 5
110 103 5 5
110 109 5 5
110 105 5 5
110 107 5 5
111 108 5 5
111 105 5 5
111 101 5 5
111 102 5 5
112 104 5 5
112 105 5 5
112 100 5 5
112 108 5 5
113 101 5 5
113 102 5 5
113 105 5 5
113 100 5 5
114 108 5 5
114 100 5 5
114 113 5 5
114 102 5 5
115 113 5 5
115 102 5 5
115 106 5 5
115 109 5 5
116 106 5 5
116 109 5 5
116 115 5 5
116 100 5 5
117 116 5 5
117 110 5 5
117 106 5 5
117 111 5 5
118 110 5 5
118 100 5 5
118 114 5 5
118 111 5 5
119 116 5 5
119 109 5 5
119 107 5 5
119 110 5 5
100 111 5 5
100 109 5 5
100 117 5 5
100 110 5 5
101 118 5 5
101 108 5 5
101 114 5 5
101 107 5 5
102 117 5 5
102 119 5 5
102 118 5 5
102 110 5 5
103 117 5 5
103 107 5 5
103 114 5 5
103 118 5 5
124 121 6 6
124 120 6 6
124 122 6 6
124 123 6 6
125 120 6 6
125 122 6 6
125 123 6 6
125 124 6 6
126 122 6 6
126 125 6 6
126 123 6 6
126 120 6 6
127 125 6 6
127 126 6 6
127 123 6 6
127 122 6 6
128 123 6 6
128 120 6 6
128 122 6 6
128 125 6 6
129 128 6 6
129 122 6 6
129 121 6 6
129 124 6 6
130 120 6 6
130 124 6 6
130 122 6 6
130 121 6 6
131 122 6 6
131 128 6 6
131 120 6 6
131 130 6 6
132 130 6 6
132 120 6 6
132 124 6 6
132 126 6 6
133 125 6 6
133 121 6 6
133 120 6 6
133 126 6 6
134 123 6 6
134 128 6 6
134 133 6 6
134 127 6 6
135 132 6 6
135 128 6 6
135 126 6 6
135 123 6 6
136 124 6 6
136 120 6 6
136 132 6 6
136 122 6 6
137 126 6 6
137 125 6 6
137 134 6 6
137 124 6 6
138 121 6 6
138 134 6 6
138 129 6 6
138 124 6 6
139 137 6 6
139 125 6 6
139 128 6 6
139 134 6 6
120 129 6 6
120 139 6 6
120 134 6 6
120 135 6 6
121 134 6 6
121 136 6 6
121 125 6 6
121 135 6 6
122 133 6 6
122 137 6 6
122 135 6 6
122 139 6 6
123 137 6 6
123 132 6 6
123 138 6 6
123 136 6 6
144 140 7 7
144 142 7 7
144 141 7 7
144 143 7 7
145 142 7 7
145 141 7 7
145 143 7 7
145 144 7 7
146 144 7 7
146 141 7 7
146 142 7 7
146 140 7 7
147 141 7 7
147 143 7 7
147 146 7 7
147 145 7 7
148 143 7 7
148 140 7 7
148 146 7 7
148 144 7 7
149 142 7 7
149 146 7 7
149 144 7 7
149 140 7 7
150 140 7 7
150 148 7 7
150 144 7 7
150 146 7 7
151 146 7 7
151 147 7 7
151 142 7 7
151 143 7 7
152 150 7 7
152 148 7 7
152 144 7 7
152 143 7 7
153 149 7 7
153 146 7 7
153 151 7 7
153 147 7 7
154 140 7 7
154 146 7 7
154 148 7 7
154 144 7 7
155 149 7 7
155 142 7 7
155 143 7 7
155 141 7 7
156 147 7 7
156 155 7 7
156 153 7 7
156 151 7 7
157 149 7 7
157 153 7 7
157 154 7 7
157 144 7 7
158 155 7 7
158 143 7 7
158 144 7 7
158 141 7 7
159 144 7 7
159 152 7 7
159 155 7 7
159 145 7 7
140 152 7 7
140 157 7 7
140 158 7 7
140 155 7 7
141 156 7 7
141 153 7 7
141 148 7 7
141 151 7 7
142 159 7 7
142 156 7 7
142 157 7 7
142 153 7 7
143 149 7 7
143 154 7 7
143 153 7 7
143 157 7 7
164 160 8 8
164 162 8 8
164 163 8 8
164 161 8 8
165 160 8 8
165 164 8 8
165 163 8 8
165 162 8 8
166 161 8 8
166 160 8 8
166 162 8 8
166 163 8 8
167 163 8 8
167 160 8 8
167 162 8 8
167 161 8 8
168 161 8 8
168 162 8 8
168 167 8 8
168 166 8 8
169 162 8 8
169 164 8 8
169 166 8 8
169 165 8 8
170 163 8 8
170 168 8 8
170 162 8 8
170 164 8 8
171 162 8 8
171 166 8 8
171 163 8 8
171 164 8 8
172 169 8 8
172 167 8 8
172 171 8 8
172 170 8 8
173 164 8 8
173 169 8 8
173 171 8 8
173 167 8 8
174 160 8 8
174 172 8 8
174 162 8 8
174 171 8 8
175 172 8 8
175 168 8 8
175 174 8 8
175 162 8 8
176 172 8 8
176 174 8 8
176 160 8 8
176 175 8 8
177 176 8 8
177 167 8 8
177 171 8 8
177 166 8 8
178 167 8 8
178 160 8 8
178 172 8 8
178 171 8 8
179 178 8 8
179 161 8 8
179 168 8 8
179 173 8 8
160 173 8 8
160 171 8 8
160 177 8 8
160 169 8 8
161 176 8 8
161 172 8 8
161 178 8 8
161 175 8 8
162 173 8 8
162 177 8 8
162 172 8 8
162 179 8 8
163 169 8 8
163 174 8 8
163 176 8 8
163 172 8 8
184 180 9 9
184 181 9 9
184 182 9 9
184 183 9 9
185 181 9 9
185 184 9 9
185 183 9 9
185 180 9 9
186 183 9 9
186 184 9 9
186 182 9 9
186 181 9 9
187 183 9 9
187 181 9 9
187 182 9 9
187 186 9 9
188 186 9 9
188 183 9 9
188 187 9 9
188 185 9 9
189 181 9 9
189 184 9 9
189 182 9 9
189 188 9 9
190 184 9 9
190 182 9 9
190 180 9 9
190 181 9 9
191 182 9 9
191 188 9 9
191 187 9 9
191 183 9 9
192 190 9 9
192 184 9 9
192 182 9 9
192 181 9 9
193 181 9 9
193 185 9 9
193 191 9 9
193 183 9 9
194 185 9 9
194 193 9 9
194 192 9 9
194 188 9 9
195 188 9 9
195 184 9 9
195 187 9 9
195 194 9 9
196 189 9 9
196 180 9 9
196 182 9 9
196 190 9 9
197 180 9 9
197 191 9 9
197 186 9 9
197 181 9 9
198 186 9 9
198 188 9 9
198 194 9 9
198 189 9 9
199 181 9 9
199 180 9 9
199 193 9 9
199 192 9 9
180 198 9 9
180 192 9 9
180 187 9 9
180 189 9 9
181 188 9 9
181 198 9 9
181 191 9 9
181 196 9 9
182 197 9 9
182 194 9 9
182 195 9 9
182 185 9 9
183 198 9 9
183 194 9 9
183 195 9 9
183 189 9 9
204 200 10 10
204 203 10 10
204 201 10 10
204 202 10 10
205 204 10 10
205 200 10 10
205 203 10 10
205 202 10 10
206 202 10 10
206 200 10 10
206 204 10 10
206 203 10 10
207 205 10 10
207 201 10 10
207 202 10 10
207 206 10 10
208 200 10 10
208 204 10 10
208 205 10 10
208 202 10 10
209 205 10 10
209 208 10 10
209 207 10 10
209 204 10 10
210 202 10 10
210 200 10 10
210 208 10 10
210 204 10 10
211 204 10 10
211 202 10 10
211 201 10 10
211 200 10 10
212 210 10 10
212 204 10 10
212 200 10 10
212 209 10 10
213 201 10 10
213 211 10 10
213 202 10 10
213 208 10 10
214 210 10 10
214 201 10 10
214 202 10 10
214 204 10 10
215 204 10 10
215 214 10 10
215 208 10 10
215 213 10 10
216 205 10 10
216 215 10 10
216 212 10 10
216 214 10 10
217 202 10 10
217 210 10 10
217 201 10 10
217 209 10 10
218 217 10 10
218 211 10 10
218 204 10 10
218 214 10 10
219 204 10 10
219 200 10 10
219 212 10 10
219 209 10 10
200 213 10 10
200 216 10 10
200 215 10 10
200 218 10 10
201 216 10 10
201 210 10 10
201 215 10 10
201 218 10 10
202 218 10 10
202 212 10 10
202 216 10 10
202 209 10 10
203 217 10 10
203 209 10 10
203 219 10 10
203 213 10 10
224 223 11 11
224 220 11 11
224 222 11 11
224 221 11 11
225 222 11 11
225 221 11 11
225 220 11 11
225 223 11 11
226 220 11 11
226 222 11 11
226 225 11 11
226 221 11 11
227 224 11 11
227 225 11 11
227 222 11 11
227 221 11 11
228 223 11 11
228 227 11 11
228 226 11 11
228 225 11 11
229 221 11 11
229 222 11 11
229 223 11 11
229 227 11 11
230 221 11 11
230 229 11 11
230 227 11 11
230 220 11 11
231 221 11 11
231 225 11 11
231 223 11 11
231 228 11 11
232 221 11 11
232 222 11 11
232 227 11 11
232 229 11 11
233 226 11 11
233 220 11 11
233 228 11 11
233 230 11 11
234 233 11 11
234 223 11 11
234 221 11 11
234 220 11 11
235 221 11 11
235 229 11 11
235 226 11 11
235 234 11 11
236 221 11 11
236 229 11 11
236 223 11 11
236 231 11 11
237 225 11 11
237 232 11 11
237 227 11 11
237 236 11 11
238 225 11 11
238 226 11 11
238 230 11 11
238 220 11 11
239 237 11 11
239 226 11 11
239 225 11 11
239 232 11 11
220 235 11 11
220 237 11 11
220 228 11 11
220 229 11 11
221 238 11 11
221 233 11 11
221 237 11 11
221 228 11 11
222 233 11 11
222 231 11 11
222 228 11 11
222 235 11 11
223 235 11 11
223 230 11 11
223 226 11 11
223 238 11 11
244 243 12 12
244 242 12 12
244 241 12 12
244 240 12 12
245 244 12 12
245 241 12 12
245 242 12 12
245 243 12 12
246 242 12 12
246 244 12 12
246 243 12 12
246 241 12 12
247 246 12 12
247 245 12 12
247 243 12 12
247 241 12 12
248 243 12 12
248 244 12 12
248 245 12 12
248 240 12 12
249 244 12 12
249 243 12 12
249 247 12 12
249 241 12 12
250 248 12 12
250 242 12 12
250 240 12 12
250 245 12 12
251 241 12 12
251 249 12 12
251 247 12 12
251 248 12 12
252 240 12 12
252 241 12 12
252 250 12 12
252 245 12 12
253 249 12 12
253 240 12 12
253 242 12 12
253 244 12 12
254 240 12 12
254 243 12 12
254 248 12 12
254 241 12 12
255 253 12 12
255 252 12 12
255 242 12 12
255 244 12 12
256 254 12 12
256 240 12 12
256 245 12 12
256 249 12 12
257 246 12 12
257 249 12 12
257 247 12 12
257 240 12 12
258 240 12 12
258 252 12 12
258 250 12 12
258 249 12 12
259 254 12 12
259 240 12 12
259 245 12 12
259 258 12 12
240 251 12 12
240 255 12 12
240 245 12 12
240 249 12 12
241 256 12 12
241 248 12 12
241 258 12 12
241 257 12 12
242 249 12 12
242 248 12 12
242 257 12 12
242 251 12 12
243 257 12 12
243 258 12 12
243 259 12 12
243 255 12 12
264 260 13 13
264 261 13 13
264 262 13 13
264 263 13 13
265 264 13 13
265 261 13 13
265 260 13 13
265 262 13 13
266 262 13 13
266 265 13 13
266 261 13 13
266 260 13 13
267 264 13 13
267 263 13 13
267 266 13 13
267 265 13 13
268 261 13 13
268 267 13 13
268 266 13 13
268 264 13 13
269 267 13 13
269 261 13 13
269 264 13 13
269 266 13 13
270 266 13 13
270 260 13 13
270 262 13 13
270 265 13 13
271 267 13 13
271 263 13 13
271 262 13 13
271 260 13 13
272 264 13 13
272 271 13 13
272 260 13 13
272 266 13 13
273 265 13 13
273 261 13 13
273 264 13 13
273 269 13 13
274 260 13 13
274 261 13 13
274 265 13 13
274 264 13 13
275 274 13 13
275 262 13 13
275 264 13 13
275 268 13 13
276 261 13 13
276 270 13 13
276 271 13 13
276 272 13 13
277 273 13 13
277 268 13 13
277 271 13 13
277 269 13 13
278 274 13 13
278 276 13 13
278 271 13 13
278 263 13 13
279 274 13 13
279 268 13 13
279 265 13 13
279 260 13 13
260 276 13 13
260 269 13 13
260 268 13 13
260 273 13 13
261 275 13 13
261 278 13 13
261 271 13 13
261 272 13 13
262 278 13 13
262 276 13 13
262 273 13 13
262 277 13 13
263 279 13 13
263 268 13 13
263 276 13 13
263 266 13 13
284 281 14 14
284 283 14 14
284 282 14 14
284 280 14 14
285 280 14 14
285 283 14 14
285 284 14 14
285 281 14 14
286 285 14 14
286 283 14 14
286 280 14 14
286 281 14 14
287 281 14 14
287 286 14 14
287 283 14 14
287 280 14 14
288 285 14 14
288 283 14 14
288 286 14 14
288 280 14 14
289 280 14 14
289 288 14 14
289 282 14 14
289 287 14 14
290 285 14 14
290 289 14 14
290 280 14 14
290 286 14 14
291 288 14 14
291 289 14 14
291 282 14 14
291 283 14 14
292 285 14 14
292 286 14 14
292 281 14 14
292 287 14 14
293 286 14 14
293 292 14 14
293 291 14 14
293 282 14 14
294 286 14 14
294 280 14 14
294 284 14 14
294 290 14 14
295 287 14 14
295 291 14 14
295 281 14 14
295 283 14 14
296 295 14 14
296 284 14 14
296 282 14 14
296 283 14 14
297 295 14 14
297 294 14 14
297 287 14 14
297 283 14 14
298 295 14 14
298 292 14 14
298 281 14 14
298 283 14 14
299 286 14 14
299 289 14 14
299 290 14 14
299 292 14 14
280 297 14 14
280 293 14 14
280 299 14 14
280 292 14 14
281 293 14 14
281 296 14 14
281 294 14 14
281 297 14 14
282 294 14 14
282 288 14 14
282 290 14 14
282 286 14 14
283 292 14 14
283 293 14 14
283 299 14 14
283 294 14 14
304 301 15 15
304 303 15 15
304 300 15 15
304 302 15 15
305 302 15 15
305 303 15 15
305 304 15 15
305 301 15 15
306 302 15 15
306 301 15 15
306 303 15 15
306 305 15 15
307 305 15 15
307 303 15 15
307 304 15 15
307 301 15 15
308 306 15 15
308 303 15 15
308 300 15 15
308 301 15 15
309 304 15 15
309 306 15 15
309 305 15 15
309 302 15 15
310 301 15 15
310 304 15 15
310 306 15 15
310 308 15 15
311 308 15 15
311 306 15 15
311 307 15 15
311 301 15 15
312 310 15 15
312 301 15 15
312 302 15 15
312 304 15 15
313 308 15 15
313 300 15 15
313 304 15 15
313 305 15 15
314 304 15 15
314 313 15 15
314 309 15 15
314 302 15 15
315 306 15 15
315 309 15 15
315 303 15 15
315 313 15 15
316 308 15 15
316 306 15 15
316 301 15 15
316 311 15 15
317 312 15 15
317 306 15 15
317 309 15 15
317 310 15 15
318 304 15 15
318 309 15 15
318 312 15 15
318 314 15 15
319 313 15 15
319 311 15 15
319 310 15 15
319 316 15 15
300 316 15 15
300 307 15 15
300 319 15 15
300 318 15 15
301 319 15 15
301 315 15 15
301 317 15 15
301 309 15 15
302 318 15 15
302 315 15 15
302 316 15 15
302 311 15 15
303 311 15 15
303 314 15 15
303 312 15 15
303 318 15 15
96 49 4 2
83 21 4 1
86 9 4 0
97 66 4 3
106 54 5 2
117 14 5 0
117 88 5 4
112 27 5 1
137 59 6 2
134 112 6 5
135 83 6 4
136 16 6 0
145 61 7 3
158 27 7 1
141 102 7 5
142 83 7 4
175 101 8 5
166 26 8 1
164 153 8 7
174 131 8 6
190 57 9 2
183 13 9 0
188 23 9 1
190 136 9 6
205 62 10 3
202 37 10 1
209 176 10 8
209 151 10 7
227 164 11 8
233 60 11 3
236 185 11 9
222 208 11 10
258 228 12 11
250 45 12 2
245 124 12 6
258 12 12 0
264 19 13 0
268 136 13 6
275 240 13 12
273 42 13 2
288 259 14 12
284 220 14 11
290 91 14 4
289 190 14 9
317 270 15 13
318 10 15 0
301 24 15 1
319 41 15 2
7 208 0 10
9 166 0 8
4 281 0 14
2 140 0 7
24 281 1 14
34 223 1 11
22 259 1 12
35 133 1 6
55 235 2 11
55 172 2 8
44 158 2 7
53 201 2 10
76 114 3 5
68 183 3 9
70 160 3 8
68 285 3 14
