swNum = 320
edgeNum = 1344

0 0
1 0
2 0
3 0
4 0
5 0
6 0
7 0
8 0
9 0
10 0
11 0
12 0
13 0
14 0
15 0
16 0
17 0
18 0
19 0
20 1
21 1
22 1
23 1
24 1
25 1
26 1
27 1
28 1
29 1
30 1
31 1
32 1
33 1
34 1
35 1
36 1
37 1
38 1
39 1
40 2
41 2
42 2
43 2
44 2
45 2
46 2
47 2
48 2
49 2
50 2
51 2
52 2
53 2
54 2
55 2
56 2
57 2
58 2
59 2
60 3
61 3
62 3
63 3
64 3
65 3
66 3
67 3
68 3
69 3
70 3
71 3
72 3
73 3
74 3
75 3
76 3
77 3
78 3
79 3
80 4
81 4
82 4
83 4
84 4
85 4
86 4
87 4
88 4
89 4
90 4
91 4
92 4
93 4
94 4
95 4
96 4
97 4
98 4
99 4
100 5
101 5
102 5
103 5
104 5
105 5
106 5
107 5
108 5
109 5
110 5
111 5
112 5
113 5
114 5
115 5
116 5
117 5
118 5
119 5
120 6
121 6
122 6
123 6
124 6
125 6
126 6
127 6
128 6
129 6
130 6
131 6
132 6
133 6
134 6
135 6
136 6
137 6
138 6
139 6
140 7
141 7
142 7
143 7
144 7
145 7
146 7
147 7
148 7
149 7
150 7
151 7
152 7
153 7
154 7
155 7
156 7
157 7
158 7
159 7
160 8
161 8
162 8
163 8
164 8
165 8
166 8
167 8
168 8
169 8
170 8
171 8
172 8
173 8
174 8
175 8
176 8
177 8
178 8
179 8
180 9
181 9
182 9
183 9
184 9
185 9
186 9
187 9
188 9
189 9
190 9
191 9
192 9
193 9
194 9
195 9
196 9
197 9
198 9
199 9
200 10
201 10
202 10
203 10
204 10
205 10
206 10
207 10
208 10
209 10
210 10
211 10
212 10
213 10
214 10
215 10
216 10
217 10
218 10
219 10
220 11
221 11
222 11
223 11
224 11
225 11
226 11
227 11
228 11
229 11
230 11
231 11
232 11
233 11
234 11
235 11
236 11
237 11
238 11
239 11
240 12
241 12
242 12
243 12
244 12
245 12
246 12
247 12
248 12
249 12
250 12
251 12
252 12
253 12
254 12
255 12
256 12
257 12
258 12
259 12
260 13
261 13
262 13
263 13
264 13
265 13
266 13
267 13
268 13
269 13
270 13
271 13
272 13
273 13
274 13
275 13
276 13
277 13
278 13
279 13
280 14
281 14
282 14
283 14
284 14
285 14
286 14
287 14
288 14
289 14
290 14
291 14
292 14
293 14
294 14
295 14
296 14
297 14
298 14
299 14
300 15
301 15
302 15
303 15
304 15
305 15
306 15
307 15
308 15
309 15
310 15
311 15
312 15
313 15
314 15
315 15
316 15
317 15
318 15
319 15

4 0 0 0
4 3 0 0
4 1 0 0
4 2 0 0
5 1 0 0
5 2 0 0
5 3 0 0
5 0 0 0
6 3 0 0
6 1 0 0
6 0 0 0
6 4 0 0
7 5 0 0
7 1 0 0
7 2 0 0
7 6 0 0
8 5 0 0
8 2 0 0
8 7 0 0
8 1 0 0
9 4 0 0
9 8 0 0
9 3 0 0
9 7 0 0
10 9 0 0
10 7 0 0
10 8 0 0
10 0 0 0
11 3 0 0
11 2 0 0
11 5 0 0
11 8 0 0
12 8 0 0
12 0 0 0
12 3 0 0
12 6 0 0
13 1 0 0
13 12 0 0
13 5 0 0
13 6 0 0
14 4 0 0
14 0 0 0
14 6 0 0
14 11 0 0
15 9 0 0
15 0 0 0
15 10 0 0
15 4 0 0
16 3 0 0
16 14 0 0
16 11 0 0
16 4 0 0
17 10 0 0
17 9 0 0
17 14 0 0
17 5 0 0
18 11 0 0
18 1 0 0
18 8 0 0
18 2 0 0
19 2 0 0
19 16 0 0
19 8 0 0
19 11 0 0
0 9 0 0
0 16 0 0
0 17 0 0
0 11 0 0
1 19 0 0
1 17 0 0
1 9 0 0
1 16 0 0
2 9 0 0
2 13 0 0
2 15 0 0
2 10 0 0
3 13 0 0
3 19 0 0
3 17 0 0
3 15 0 0
24 21 1 1
24 23 1 1
24 22 1 1
24 20 1 1
25 21 1 1
25 22 1 1
25 24 1 1
25 23 1 1
26 25 1 1
26 20 1 1
26 24 1 1
26 21 1 1
27 20 1 1
27 22 1 1
27 26 1 1
27 21 1 1
28 22 1 1
28 21 1 1
28 24 1 1
28 26 1 1
29 21 1 1
29 23 1 1
29 28 1 1
29 22 1 1
30 28 1 1
30 27 1 1
30 26 1 1
30 21 1 1
31 29 1 1
31 20 1 1
31 26 1 1
31 30 1 1
32 25 1 1
32 30 1 1
32 28 1 1
32 27 1 1
33 23 1 1
33 28 1 1
33 26 1 1
33 20 1 1
34 20 1 1
34 26 1 1
34 33 1 1
34 29 1 1
35 29 1 1
35 28 1 1
35 21 1 1
35 23 1 1
36 25 1 1
36 31 1 1
36 28 1 1
36 30 1 1
37 35 1 1
37 26 1 1
37 36 1 1
37 21 1 1
38 24 1 1
38 33 1 1
38 22 1 1
38 25 1 1
39 26 1 1
39 36 1 1
39 34 1 1
39 25 1 1
20 32 1 1
20 30 1 1
20 28 1 1
20 29 1 1
21 34 1 1
21 31 1 1
21 38 1 1
21 36 1 1
22 33 1 1
22 34 1 1
22 31 1 1
22 30 1 1
23 28 1 1
23 26 1 1
23 31 1 1
23 36 1 1
44 43 2 2
44 40 2 2
44 41 2 2
44 42 2 2
45 42 2 2
45 44 2 2
45 40 2 2
45 41 2 2
46 42 2 2
46 45 2 2
46 41 2 2
46 44 2 2
47 44 2 2
47 41 2 2
47 40 2 2
47 43 2 2
48 40 2 2
48 46 2 2
48 42 2 2
48 44 2 2
49 44 2 2
49 43 2 2
49 47 2 2
49 41 2 2
50 47 2 2
50 48 2 2
50 44 2 2
50 49 2 2
51 42 2 2
51 46 2 2
51 48 2 2
51 49 2 2
52 43 2 2
52 47 2 2
52 41 2 2
52 50 2 2
53 50 2 2
53 51 2 2
53 41 2 2
53 49 2 2
54 53 2 2
54 48 2 2
54 52 2 2
54 51 2 2
55 48 2 2
55 45 2 2
55 51 2 2
55 54 2 2
56 49 2 2
56 42 2 2
56 52 2 2
56 46 2 2
57 55 2 2
57 54 2 2
57 50 2 2
57 45 2 2
58 44 2 2
58 40 2 2
58 45 2 2
58 41 2 2
59 43 2 2
59 40 2 2
59 45 2 2
59 47 2 2
40 52 2 2
40 56 2 2
40 49 2 2
40 57 2 2
41 54 2 2
41 51 2 2
41 59 2 2
41 55 2 2
42 52 2 2
42 47 2 2
42 57 2 2
42 58 2 2
43 58 2 2
43 56 2 2
43 51 2 2
43 50 2 2
64 61 3 3
64 63 3 3
64 60 3 3
64 62 3 3
65 60 3 3
65 64 3 3
65 63 3 3
65 62 3 3
66 64 3 3
66 60 3 3
66 62 3 3
66 65 3 3
67 65 3 3
67 62 3 3
67 60 3 3
67 61 3 3
68 61 3 3
68 65 3 3
68 63 3 3
68 64 3 3
69 60 3 3
69 62 3 3
69 66 3 3
69 67 3 3
70 64 3 3
70 69 3 3
70 66 3 3
70 62 3 3
71 64 3 3
71 68 3 3
71 66 3 3
71 65 3 3
72 60 3 3
72 69 3 3
72 65 3 3
72 68 3 3
73 60 3 3
73 72 3 3
73 66 3 3
73 65 3 3
74 65 3 3
74 66 3 3
74 62 3 3
74 73 3 3
75 64 3 3
75 70 3 3
75 62 3 3
75 61 3 3
76 68 3 3
76 67 3 3
76 60 3 3
76 62 3 3
77 68 3 3
77 66 3 3
77 63 3 3
77 69 3 3
78 65 3 3
78 71 3 3
78 64 3 3
78 61 3 3
79 78 3 3
79 71 3 3
79 66 3 3
79 72 3 3
60 78 3 3
60 71 3 3
60 70 3 3
60 77 3 3
61 79 3 3
61 77 3 3
61 76 3 3
61 72 3 3
62 79 3 3
62 73 3 3
62 77 3 3
62 72 3 3
63 71 3 3
63 69 3 3
63 72 3 3
63 74 3 3
84 82 4 4
84 80 4 4
84 83 4 4
84 81 4 4
85 84 4 4
85 82 4 4
85 81 4 4
85 83 4 4
86 82 4 4
86 83 4 4
86 81 4 4
86 85 4 4
87 85 4 4
87 84 4 4
87 86 4 4
87 82 4 4
88 83 4 4
88 85 4 4
88 84 4 4
88 86 4 4
89 83 4 4
89 82 4 4
89 87 4 4
89 81 4 4
90 86 4 4
90 84 4 4
90 81 4 4
90 82 4 4
91 82 4 4
91 81 4 4
91 87 4 4
91 83 4 4
92 90 4 4
92 84 4 4
92 86 4 4
92 87 4 4
93 88 4 4
93 87 4 4
93 92 4 4
93 82 4 4
94 82 4 4
94 80 4 4
94 91 4 4
94 83 4 4
95 81 4 4
95 84 4 4
95 85 4 4
95 94 4 4
96 84 4 4
96 83 4 4
96 95 4 4
96 93 4 4
97 90 4 4
97 84 4 4
97 85 4 4
97 95 4 4
98 83 4 4
98 86 4 4
98 95 4 4
98 92 4 4
99 80 4 4
99 96 4 4
99 88 4 4
99 84 4 4
80 88 4 4
80 98 4 4
80 91 4 4
80 86 4 4
81 98 4 4
81 96 4 4
81 94 4 4
81 92 4 4
82 96 4 4
82 95 4 4
82 92 4 4
82 99 4 4
83 93 4 4
83 92 4 4
83 90 4 4
83 95 4 4
104 103 5 5
104 101 5 5
104 102 5 5
104 100 5 5
105 100 5 5
105 104 5 5
105 103 5 5
105 101 5 5
106 105 5 5
106 103 5 5
106 104 5 5
106 100 5 5
107 103 5 5
107 104 5 5
107 101 5 5
107 106 5 5
108 107 5 5
108 101 5 5
108 100 5 5
108 105 5 5
109 104 5 5
109 105 5 5
109 107 5 5
109 103 5 5
110 108 5 5
110 104 5 5
110 103 5 5
110 100 5 5
111 108 5 5
111 104 5 5
111 107 5 5
111 110 5 5
112 109 5 5
112 110 5 5
112 100 5 5
112 101 5 5
113 103 5 5
113 101 5 5
113 112 5 5
113 100 5 5
114 109 5 5
114 110 5 5
114 106 5 5
114 107 5 5
115 112 5 5
115 105 5 5
115 100 5 5
115 113 5 5
116 104 5 5
116 110 5 5
116 105 5 5
116 115 5 5
117 116 5 5
117 111 5 5
117 104 5 5
117 101 5 5
118 106 5 5
118 114 5 5
118 116 5 5
118 112 5 5
119 113 5 5
119 110 5 5
119 102 5 5
119 101 5 5
100 109 5 5
100 117 5 5
100 107 5 5
100 114 5 5
101 114 5 5
101 116 5 5
101 109 5 5
101 110 5 5
102 107 5 5
102 117 5 5
102 115 5 5
102 105 5 5
103 114 5 5
103 108 5 5
103 119 5 5
103 111 5 5
124 120 6 6
124 121 6 6
124 123 6 6
124 122 6 6
125 121 6 6
125 122 6 6
125 124 6 6
125 120 6 6
126 121 6 6
126 120 6 6
126 125 6 6
126 122 6 6
127 124 6 6
127 126 6 6
127 120 6 6
127 121 6 6
128 125 6 6
128 126 6 6
128 121 6 6
128 122 6 6
129 122 6 6
129 123 6 6
129 128 6 6
129 126 6 6
130 122 6 6
130 121 6 6
130 129 6 6
130 120 6 6
131 122 6 6
131 128 6 6
131 127 6 6
131 129 6 6
132 130 6 6
132 126 6 6
132 129 6 6
132 127 6 6
133 126 6 6
133 120 6 6
133 124 6 6
133 129 6 6
134 131 6 6
134 125 6 6
134 126 6 6
134 133 6 6
135 130 6 6
135 127 6 6
135 121 6 6
135 125 6 6
136 133 6 6
136 125 6 6
136 131 6 6
136 121 6 6
137 124 6 6
137 135 6 6
137 125 6 6
137 122 6 6
138 135 6 6
138 132 6 6
138 126 6 6
138 131 6 6
139 133 6 6
139 125 6 6
139 134 6 6
139 131 6 6
120 138 6 6
120 134 6 6
120 137 6 6
120 129 6 6
121 132 6 6
121 138 6 6
121 137 6 6
121 129 6 6
122 134 6 6
122 135 6 6
122 138 6 6
122 136 6 6
123 136 6 6
123 126 6 6
123 137 6 6
123 128 6 6
144 140 7 7
144 141 7 7
144 142 7 7
144 143 7 7
145 143 7 7
145 141 7 7
145 142 7 7
145 140 7 7
146 144 7 7
146 142 7 7
146 141 7 7
146 140 7 7
147 143 7 7
147 141 7 7
147 144 7 7
147 140 7 7
148 147 7 7
148 146 7 7
148 142 7 7
148 144 7 7
149 146 7 7
149 141 7 7
149 147 7 7
149 140 7 7
150 140 7 7
150 142 7 7
150 148 7 7
150 147 7 7
151 150 7 7
151 140 7 7
151 147 7 7
151 149 7 7
152 147 7 7
152 146 7 7
152 141 7 7
152 145 7 7
153 150 7 7
153 142 7 7
153 149 7 7
153 148 7 7
154 145 7 7
154 151 7 7
154 148 7 7
154 142 7 7
155 141 7 7
155 146 7 7
155 154 7 7
155 147 7 7
156 154 7 7
156 142 7 7
156 149 7 7
156 140 7 7
157 141 7 7
157 140 7 7
157 144 7 7
157 156 7 7
158 150 7 7
158 148 7 7
158 154 7 7
158 151 7 7
159 156 7 7
159 157 7 7
159 145 7 7
159 142 7 7
140 148 7 7
140 154 7 7
140 153 7 7
140 152 7 7
141 153 7 7
141 159 7 7
141 154 7 7
141 148 7 7
142 158 7 7
142 155 7 7
142 147 7 7
142 149 7 7
143 152 7 7
143 159 7 7
143 155 7 7
143 154 7 7
164 162 8 8
164 161 8 8
164 160 8 8
164 163 8 8
165 163 8 8
165 160 8 8
165 162 8 8
165 161 8 8
166 165 8 8
166 163 8 8
166 162 8 8
166 161 8 8
167 160 8 8
167 164 8 8
167 165 8 8
167 162 8 8
168 162 8 8
168 164 8 8
168 166 8 8
168 167 8 8
169 162 8 8
169 160 8 8
169 167 8 8
169 163 8 8
170 165 8 8
170 168 8 8
170 166 8 8
170 161 8 8
171 168 8 8
171 162 8 8
171 167 8 8
171 160 8 8
172 164 8 8
172 160 8 8
172 162 8 8
172 171 8 8
173 170 8 8
173 165 8 8
173 162 8 8
173 171 8 8
174 168 8 8
174 165 8 8
174 163 8 8
174 173 8 8
175 161 8 8
175 167 8 8
175 168 8 8
175 170 8 8
176 166 8 8
176 174 8 8
176 165 8 8
176 170 8 8
177 167 8 8
177 172 8 8
177 169 8 8
177 170 8 8
178 166 8 8
178 167 8 8
178 163 8 8
178 165 8 8
179 164 8 8
179 165 8 8
179 167 8 8
179 172 8 8
160 175 8 8
160 170 8 8
160 177 8 8
160 173 8 8
161 172 8 8
161 173 8 8
161 168 8 8
161 169 8 8
162 177 8 8
162 179 8 8
162 178 8 8
162 170 8 8
163 176 8 8
163 173 8 8
163 179 8 8
163 170 8 8
184 182 9 9
184 181 9 9
184 183 9 9
184 180 9 9
185 182 9 9
185 181 9 9
185 180 9 9
185 183 9 9
186 183 9 9
186 181 9 9
186 180 9 9
186 184 9 9
187 181 9 9
187 186 9 9
187 182 9 9
187 184 9 9
188 187 9 9
188 185 9 9
188 180 9 9
188 181 9 9
189 183 9 9
189 185 9 9
189 180 9 9
189 184 9 9
190 182 9 9
190 180 9 9
190 183 9 9
190 188 9 9
191 188 9 9
191 182 9 9
191 183 9 9
191 185 9 9
192 184 9 9
192 190 9 9
192 187 9 9
192 181 9 9
193 185 9 9
193 183 9 9
193 191 9 9
193 187 9 9
194 192 9 9
194 186 9 9
194 187 9 9
194 190 9 9
195 185 9 9
195 188 9 9
195 192 9 9
195 187 9 9
196 180 9 9
196 190 9 9
196 195 9 9
196 194 9 9
197 181 9 9
197 185 9 9
197 195 9 9
197 186 9 9
198 183 9 9
198 194 9 9
198 197 9 9
198 195 9 9
199 194 9 9
199 190 9 9
199 186 9 9
199 182 9 9
180 192 9 9
180 195 9 9
180 187 9 9
180 198 9 9
181 195 9 9
181 198 9 9
181 193 9 9
181 194 9 9
182 198 9 9
182 195 9 9
182 193 9 9
182 192 9 9
183 197 9 9
183 199 9 9
183 195 9 9
183 188 9 9
204 203 10 10
204 201 10 10
204 202 10 10
204 200 10 10
205 203 10 10
205 200 10 10
205 202 10 10
205 201 10 10
206 204 10 10
206 203 10 10
206 201 10 10
206 200 10 10
207 204 10 10
207 205 10 10
207 201 10 10
207 206 10 10
208 205 10 10
208 203 10 10
208 201 10 10
208 200 10 10
209 200 10 10
209 208 10 10
209 202 10 10
209 203 10 10
210 207 10 10
210 201 10 10
210 206 10 10
210 204 10 10
211 210 10 10
211 208 10 10
211 207 10 10
211 205 10 10
212 205 10 10
212 202 10 10
212 203 10 10
212 208 10 10
213 209 10 10
213 202 10 10
213 203 10 10
213 206 10 10
214 209 10 10
214 208 10 10
214 200 10 10
214 205 10 10
215 214 10 10
215 204 10 10
215 203 10 10
215 207 10 10
216 211 10 10
216 214 10 10
216 210 10 10
216 204 10 10
217 209 10 10
217 214 10 10
217 213 10 10
217 208 10 10
218 206 10 10
218 204 10 10
218 203 10 10
218 208 10 10
219 201 10 10
219 214 10 10
219 205 10 10
219 202 10 10
200 217 10 10
200 219 10 10
200 213 10 10
200 210 10 10
201 214 10 10
201 212 10 10
201 216 10 10
201 209 10 10
202 218 10 10
202 214 10 10
202 206 10 10
202 208 10 10
203 219 10 10
203 207 10 10
203 217 10 10
203 216 10 10
224 221 11 11
224 223 11 11
224 220 11 11
224 222 11 11
225 223 11 11
225 221 11 11
225 220 11 11
225 224 11 11
226 225 11 11
226 224 11 11
226 220 11 11
226 221 11 11
227 225 11 11
227 222 11 11
227 224 11 11
227 223 11 11
228 223 11 11
228 220 11 11
228 226 11 11
228 227 11 11
229 228 11 11
229 224 11 11
229 227 11 11
229 223 11 11
230 227 11 11
230 226 11 11
230 221 11 11
230 222 11 11
231 222 11 11
231 226 11 11
231 224 11 11
231 220 11 11
232 224 11 11
232 228 11 11
232 230 11 11
232 227 11 11
233 221 11 11
233 220 11 11
233 226 11 11
233 231 11 11
234 233 11 11
234 231 11 11
234 227 11 11
234 225 11 11
235 231 11 11
235 220 11 11
235 234 11 11
235 228 11 11
236 220 11 11
236 234 11 11
236 224 11 11
236 226 11 11
237 224 11 11
237 236 11 11
237 231 11 11
237 226 11 11
238 234 11 11
238 230 11 11
238 227 11 11
238 221 11 11
239 223 11 11
239 238 11 11
239 221 11 11
239 229 11 11
220 229 11 11
220 234 11 11
220 238 11 11
220 227 11 11
221 235 11 11
221 231 11 11
221 227 11 11
221 237 11 11
222 238 11 11
222 233 11 11
222 234 11 11
222 226 11 11
223 234 11 11
223 231 11 11
223 233 11 11
223 238 11 11
244 242 12 12
244 243 12 12
244 241 12 12
244 240 12 12
245 244 12 12
245 243 12 12
245 242 12 12
245 241 12 12
246 240 12 12
246 241 12 12
246 245 12 12
246 244 12 12
247 243 12 12
247 245 12 12
247 244 12 12
247 242 12 12
248 247 12 12
248 243 12 12
248 242 12 12
248 244 12 12
249 244 12 12
249 243 12 12
249 247 12 12
249 240 12 12
250 246 12 12
250 242 12 12
250 240 12 12
250 244 12 12
251 240 12 12
251 243 12 12
251 250 12 12
251 247 12 12
252 247 12 12
252 240 12 12
252 243 12 12
252 246 12 12
253 246 12 12
253 251 12 12
253 252 12 12
253 248 12 12
254 252 12 12
254 253 12 12
254 250 12 12
254 244 12 12
255 248 12 12
255 253 12 12
255 243 12 12
255 242 12 12
256 242 12 12
256 245 12 12
256 247 12 12
256 243 12 12
257 246 12 12
257 251 12 12
257 254 12 12
257 252 12 12
258 240 12 12
258 255 12 12
258 243 12 12
258 245 12 12
259 251 12 12
259 243 12 12
259 247 12 12
259 245 12 12
240 254 12 12
240 255 12 12
240 253 12 12
240 256 12 12
241 251 12 12
241 252 12 12
241 249 12 12
241 253 12 12
242 252 12 12
242 251 12 12
242 246 12 12
242 249 12 12
243 250 12 12
243 257 12 12
243 246 12 12
243 254 12 12
264 261 13 13
264 260 13 13
264 262 13 13
264 263 13 13
265 260 13 13
265 263 13 13
265 262 13 13
265 264 13 13
266 265 13 13
266 264 13 13
266 260 13 13
266 262 13 13
267 260 13 13
267 261 13 13
267 266 13 13
267 265 13 13
268 263 13 13
268 267 13 13
268 264 13 13
268 261 13 13
269 267 13 13
269 268 13 13
269 261 13 13
269 266 13 13
270 266 13 13
270 264 13 13
270 269 13 13
270 263 13 13
271 269 13 13
271 263 13 13
271 266 13 13
271 267 13 13
272 267 13 13
272 261 13 13
272 271 13 13
272 269 13 13
273 263 13 13
273 271 13 13
273 264 13 13
273 260 13 13
274 267 13 13
274 269 13 13
274 268 13 13
274 271 13 13
275 268 13 13
275 271 13 13
275 267 13 13
275 261 13 13
276 266 13 13
276 265 13 13
276 269 13 13
276 270 13 13
277 276 13 13
277 270 13 13
277 271 13 13
277 265 13 13
278 271 13 13
278 269 13 13
278 272 13 13
278 267 13 13
279 260 13 13
279 261 13 13
279 270 13 13
279 266 13 13
260 268 13 13
260 271 13 13
260 270 13 13
260 276 13 13
261 278 13 13
261 273 13 13
261 274 13 13
261 271 13 13
262 272 13 13
262 269 13 13
262 279 13 13
262 267 13 13
263 278 13 13
263 269 13 13
263 267 13 13
263 277 13 13
284 282 14 14
284 281 14 14
284 283 14 14
284 280 14 14
285 283 14 14
285 281 14 14
285 280 14 14
285 282 14 14
286 285 14 14
286 281 14 14
286 283 14 14
286 280 14 14
287 282 14 14
287 280 14 14
287 281 14 14
287 284 14 14
288 287 14 14
288 283 14 14
288 286 14 14
288 285 14 14
289 288 14 14
289 282 14 14
289 284 14 14
289 283 14 14
290 280 14 14
290 288 14 14
290 287 14 14
290 285 14 14
291 286 14 14
291 282 14 14
291 284 14 14
291 288 14 14
292 289 14 14
292 281 14 14
292 291 14 14
292 290 14 14
293 284 14 14
293 292 14 14
293 287 14 14
293 289 14 14
294 282 14 14
294 280 14 14
294 286 14 14
294 287 14 14
295 282 14 14
295 294 14 14
295 288 14 14
295 280 14 14
296 286 14 14
296 285 14 14
296 283 14 14
296 295 14 14
297 286 14 14
297 281 14 14
297 287 14 14
297 291 14 14
298 291 14 14
298 281 14 14
298 296 14 14
298 280 14 14
299 296 14 14
299 298 14 14
299 297 14 14
299 284 14 14
280 288 14 14
280 299 14 14
280 291 14 14
280 292 14 14
281 288 14 14
281 299 14 14
281 291 14 14
281 293 14 14
282 286 14 14
282 297 14 14
282 292 14 14
282 288 14 14
283 295 14 14
283 298 14 14
283 297 14 14
283 299 14 14
304 303 15 15
304 300 15 15
304 302 15 15
304 301 15 15
305 302 15 15
305 304 15 15
305 303 15 15
305 300 15 15
306 303 15 15
306 300 15 15
306 305 15 15
306 304 15 15
307 305 15 15
307 303 15 15
307 302 15 15
307 301 15 15
308 301 15 15
308 300 15 15
308 306 15 15
308 305 15 15
309 303 15 15
309 301 15 15
309 308 15 15
309 304 15 15
310 300 15 15
310 301 15 15
310 306 15 15
310 308 15 15
311 300 15 15
311 309 15 15
311 305 15 15
311 310 15 15
312 303 15 15
312 307 15 15
312 300 15 15
312 311 15 15
313 300 15 15
313 307 15 15
313 301 15 15
313 311 15 15
314 304 15 15
314 300 15 15
314 305 15 15
314 307 15 15
315 313 15 15
315 301 15 15
315 302 15 15
315 300 15 15
316 314 15 15
316 307 15 15
316 304 15 15
316 303 15 15
317 300 15 15
317 311 15 15
317 309 15 15
317 303 15 15
318 313 15 15
318 315 15 15
318 305 15 15
318 314 15 15
319 311 15 15
319 305 15 15
319 317 15 15
319 304 15 15
300 316 15 15
300 309 15 15
300 319 15 15
300 318 15 15
301 316 15 15
301 317 15 15
301 312 15 15
301 305 15 15
302 310 15 15
302 312 15 15
302 316 15 15
302 318 15 15
303 318 15 15
303 319 15 15
303 308 15 15
303 311 15 15
98 67 4 3
95 3 4 0
89 21 4 1
99 48 4 2
100 60 5 3
112 97 5 4
100 8 5 0
115 26 5 1
136 68 6 3
121 95 6 4
126 4 6 0
121 23 6 1
145 3 7 0
153 125 7 6
155 71 7 3
153 57 7 2
167 77 8 3
164 35 8 1
176 131 8 6
178 3 8 0
192 116 9 5
182 85 9 4
198 144 9 7
186 174 9 8
208 93 10 4
212 108 10 5
208 36 10 1
206 163 10 8
231 89 11 4
236 163 11 8
232 157 11 7
222 139 11 6
250 88 12 4
249 0 12 0
241 111 12 5
256 131 12 6
266 149 13 7
267 164 13 8
267 65 13 3
277 182 13 9
299 41 14 2
295 100 14 5
297 17 14 0
287 127 14 6
313 167 15 8
319 12 15 0
311 97 15 4
306 124 15 6
13 218 0 10
7 222 0 11
2 186 0 9
4 274 0 13
39 288 1 14
27 315 1 15
34 271 1 13
27 153 1 7
56 314 2 15
47 231 2 11
40 171 2 8
48 112 2 5
71 255 3 12
76 206 3 10
70 231 3 11
69 287 3 14
