swNum = 320
edgeNum = 1343

0 0
1 0
2 0
3 0
4 0
5 0
6 0
7 0
8 0
9 0
10 0
11 0
12 0
13 0
14 0
15 0
16 0
17 0
18 0
19 0
20 1
21 1
22 1
23 1
24 1
25 1
26 1
27 1
28 1
29 1
30 1
31 1
32 1
33 1
34 1
35 1
36 1
37 1
38 1
39 1
40 2
41 2
42 2
43 2
44 2
45 2
46 2
47 2
48 2
49 2
50 2
51 2
52 2
53 2
54 2
55 2
56 2
57 2
58 2
59 2
60 3
61 3
62 3
63 3
64 3
65 3
66 3
67 3
68 3
69 3
70 3
71 3
72 3
73 3
74 3
75 3
76 3
77 3
78 3
79 3
80 4
81 4
82 4
83 4
84 4
85 4
86 4
87 4
88 4
89 4
90 4
91 4
92 4
93 4
94 4
95 4
96 4
97 4
98 4
99 4
100 5
101 5
102 5
103 5
104 5
105 5
106 5
107 5
108 5
109 5
110 5
111 5
112 5
113 5
114 5
115 5
116 5
117 5
118 5
119 5
120 6
121 6
122 6
123 6
124 6
125 6
126 6
127 6
128 6
129 6
130 6
131 6
132 6
133 6
134 6
135 6
136 6
137 6
138 6
139 6
140 7
141 7
142 7
143 7
144 7
145 7
146 7
147 7
148 7
149 7
150 7
151 7
152 7
153 7
154 7
155 7
156 7
157 7
158 7
159 7
160 8
161 8
162 8
163 8
164 8
165 8
166 8
167 8
168 8
169 8
170 8
171 8
172 8
173 8
174 8
175 8
176 8
177 8
178 8
179 8
180 9
181 9
182 9
183 9
184 9
185 9
186 9
187 9
188 9
189 9
190 9
191 9
192 9
193 9
194 9
195 9
196 9
197 9
198 9
199 9
200 10
201 10
202 10
203 10
204 10
205 10
206 10
207 10
208 10
209 10
210 10
211 10
212 10
213 10
214 10
215 10
216 10
217 10
218 10
219 10
220 11
221 11
222 11
223 11
224 11
225 11
226 11
227 11
228 11
229 11
230 11
231 11
232 11
233 11
234 11
235 11
236 11
237 11
238 11
239 11
240 12
241 12
242 12
243 12
244 12
245 12
246 12
247 12
248 12
249 12
250 12
251 12
252 12
253 12
254 12
255 12
256 12
257 12
258 12
259 12
260 13
261 13
262 13
263 13
264 13
265 13
266 13
267 13
268 13
269 13
270 13
271 13
272 13
273 13
274 13
275 13
276 13
277 13
278 13
279 13
280 14
281 14
282 14
283 14
284 14
285 14
286 14
287 14
288 14
289 14
290 14
291 14
292 14
293 14
294 14
295 14
296 14
297 14
298 14
299 14
300 15
301 15
302 15
303 15
304 15
305 15
306 15
307 15
308 15
309 15
310 15
311 15
312 15
313 15
314 15
315 15
316 15
317 15
318 15
319 15

4 0 0 0
4 1 0 0
4 3 0 0
4 2 0 0
5 0 0 0
5 4 0 0
5 3 0 0
5 2 0 0
6 3 0 0
6 2 0 0
6 5 0 0
6 1 0 0
7 2 0 0
7 1 0 0
7 3 0 0
7 0 0 0
8 1 0 0
8 0 0 0
8 7 0 0
8 2 0 0
9 1 0 0
9 7 0 0
9 8 0 0
9 6 0 0
10 2 0 0
10 5 0 0
10 4 0 0
10 0 0 0
11 5 0 0
11 0 0 0
11 2 0 0
11 10 0 0
12 10 0 0
12 7 0 0
12 8 0 0
12 1 0 0
13 7 0 0
13 9 0 0
13 3 0 0
13 12 0 0
14 1 0 0
14 10 0 0
14 12 0 0
14 5 0 0
15 2 0 0
15 4 0 0
15 5 0 0
15 8 0 0
16 3 0 0
16 12 0 0
16 0 0 0
16 9 0 0
17 1 0 0
17 16 0 0
17 3 0 0
17 8 0 0
18 6 0 0
18 11 0 0
18 16 0 0
18 12 0 0
19 11 0 0
19 17 0 0
19 15 0 0
19 4 0 0
0 19 0 0
0 15 0 0
0 18 0 0
0 9 0 0
1 13 0 0
1 5 0 0
1 15 0 0
1 11 0 0
2 9 0 0
2 16 0 0
2 13 0 0
2 18 0 0
3 9 0 0
3 14 0 0
3 12 0 0
3 8 0 0
24 23 1 1
24 22 1 1
24 21 1 1
24 20 1 1
25 24 1 1
25 22 1 1
25 21 1 1
25 23 1 1
26 24 1 1
26 25 1 1
26 22 1 1
26 23 1 1
27 26 1 1
27 20 1 1
27 24 1 1
27 23 1 1
28 25 1 1
28 22 1 1
28 27 1 1
28 24 1 1
29 27 1 1
29 26 1 1
29 22 1 1
29 25 1 1
30 22 1 1
30 20 1 1
30 21 1 1
30 25 1 1
31 29 1 1
31 27 1 1
31 20 1 1
31 24 1 1
32 30 1 1
32 28 1 1
32 23 1 1
32 24 1 1
33 20 1 1
33 24 1 1
33 25 1 1
33 28 1 1
34 29 1 1
34 22 1 1
34 30 1 1
34 21 1 1
35 25 1 1
35 22 1 1
35 34 1 1
35 27 1 1
36 30 1 1
36 33 1 1
36 34 1 1
36 24 1 1
37 35 1 1
37 26 1 1
37 25 1 1
37 21 1 1
38 22 1 1
38 34 1 1
38 29 1 1
38 30 1 1
39 24 1 1
39 29 1 1
39 35 1 1
39 34 1 1
20 28 1 1
20 38 1 1
20 25 1 1
20 37 1 1
21 32 1 1
21 39 1 1
21 27 1 1
21 33 1 1
22 39 1 1
22 33 1 1
22 32 1 1
22 36 1 1
23 33 1 1
23 30 1 1
23 28 1 1
23 38 1 1
44 42 2 2
44 41 2 2
44 43 2 2
44 40 2 2
45 41 2 2
45 42 2 2
45 43 2 2
45 44 2 2
46 44 2 2
46 45 2 2
46 43 2 2
46 42 2 2
47 41 2 2
47 46 2 2
47 43 2 2
47 42 2 2
48 41 2 2
48 46 2 2
48 42 2 2
48 47 2 2
49 46 2 2
49 41 2 2
49 44 2 2
49 48 2 2
50 48 2 2
50 44 2 2
50 43 2 2
50 49 2 2
51 50 2 2
51 48 2 2
51 42 2 2
51 43 2 2
52 49 2 2
52 42 2 2
52 41 2 2
52 46 2 2
53 50 2 2
53 49 2 2
53 42 2 2
53 48 2 2
54 42 2 2
54 51 2 2
54 47 2 2
54 45 2 2
55 46 2 2
55 44 2 2
55 52 2 2
55 50 2 2
56 51 2 2
56 43 2 2
56 45 2 2
56 46 2 2
57 54 2 2
57 41 2 2
57 46 2 2
57 47 2 2
58 55 2 2
58 49 2 2
58 45 2 2
58 46 2 2
59 56 2 2
59 52 2 2
59 42 2 2
59 57 2 2
40 54 2 2
40 59 2 2
40 50 2 2
40 49 2 2
41 59 2 2
41 58 2 2
41 53 2 2
41 46 2 2
42 49 2 2
42 50 2 2
42 57 2 2
42 58 2 2
43 57 2 2
43 59 2 2
43 48 2 2
43 54 2 2
64 61 3 3
64 60 3 3
64 62 3 3
64 63 3 3
65 64 3 3
65 60 3 3
65 62 3 3
65 61 3 3
66 63 3 3
66 60 3 3
66 64 3 3
66 61 3 3
67 60 3 3
67 61 3 3
67 64 3 3
67 63 3 3
68 63 3 3
68 65 3 3
68 62 3 3
68 61 3 3
69 64 3 3
69 66 3 3
69 61 3 3
69 60 3 3
70 61 3 3
70 66 3 3
70 63 3 3
70 69 3 3
71 70 3 3
71 64 3 3
71 61 3 3
71 60 3 3
72 67 3 3
72 61 3 3
72 63 3 3
72 64 3 3
73 63 3 3
73 61 3 3
73 60 3 3
73 64 3 3
74 66 3 3
74 61 3 3
74 72 3 3
74 68 3 3
75 62 3 3
75 60 3 3
75 64 3 3
75 70 3 3
76 62 3 3
76 69 3 3
76 73 3 3
76 64 3 3
77 61 3 3
77 70 3 3
77 73 3 3
77 64 3 3
78 64 3 3
78 63 3 3
78 65 3 3
78 62 3 3
79 63 3 3
79 72 3 3
79 74 3 3
79 71 3 3
60 79 3 3
60 74 3 3
60 70 3 3
60 72 3 3
61 79 3 3
61 75 3 3
61 78 3 3
61 76 3 3
62 69 3 3
62 73 3 3
62 77 3 3
62 67 3 3
63 65 3 3
63 77 3 3
63 71 3 3
63 76 3 3
84 83 4 4
84 82 4 4
84 81 4 4
84 80 4 4
85 84 4 4
85 81 4 4
85 80 4 4
85 83 4 4
86 85 4 4
86 80 4 4
86 83 4 4
86 82 4 4
87 81 4 4
87 85 4 4
87 84 4 4
87 82 4 4
88 81 4 4
88 87 4 4
88 80 4 4
88 84 4 4
89 84 4 4
89 87 4 4
89 82 4 4
89 80 4 4
90 85 4 4
90 84 4 4
90 89 4 4
90 81 4 4
91 85 4 4
91 84 4 4
91 87 4 4
91 82 4 4
92 80 4 4
92 87 4 4
92 85 4 4
92 84 4 4
93 85 4 4
93 81 4 4
93 92 4 4
93 86 4 4
94 81 4 4
94 86 4 4
94 90 4 4
94 88 4 4
95 93 4 4
95 80 4 4
95 88 4 4
95 90 4 4
96 85 4 4
96 86 4 4
96 93 4 4
96 80 4 4
97 86 4 4
97 88 4 4
97 91 4 4
97 90 4 4
98 97 4 4
98 91 4 4
98 82 4 4
98 96 4 4
99 98 4 4
99 97 4 4
99 86 4 4
99 88 4 4
80 94 4 4
80 91 4 4
80 87 4 4
80 93 4 4
81 95 4 4
81 96 4 4
81 92 4 4
81 86 4 4
82 88 4 4
82 90 4 4
82 97 4 4
82 95 4 4
83 99 4 4
83 90 4 4
83 94 4 4
83 97 4 4
104 103 5 5
104 102 5 5
104 100 5 5
104 101 5 5
105 101 5 5
105 100 5 5
105 103 5 5
105 104 5 5
106 102 5 5
106 105 5 5
106 103 5 5
106 100 5 5
107 104 5 5
107 106 5 5
107 100 5 5
107 101 5 5
108 100 5 5
108 102 5 5
108 106 5 5
108 103 5 5
109 100 5 5
109 108 5 5
109 106 5 5
109 105 5 5
110 108 5 5
110 106 5 5
110 103 5 5
110 109 5 5
111 107 5 5
111 101 5 5
111 104 5 5
111 109 5 5
112 105 5 5
112 110 5 5
112 107 5 5
112 108 5 5
113 104 5 5
113 102 5 5
113 108 5 5
113 100 5 5
114 103 5 5
114 104 5 5
114 100 5 5
114 107 5 5
115 100 5 5
115 106 5 5
115 109 5 5
115 105 5 5
116 100 5 5
116 106 5 5
116 110 5 5
116 102 5 5
117 112 5 5
117 110 5 5
117 100 5 5
117 104 5 5
118 109 5 5
118 113 5 5
118 106 5 5
118 116 5 5
119 100 5 5
119 108 5 5
119 103 5 5
119 116 5 5
100 112 5 5
100 118 5 5
100 110 5 5
100 111 5 5
101 116 5 5
101 106 5 5
101 109 5 5
101 108 5 5
102 112 5 5
102 110 5 5
102 115 5 5
102 117 5 5
103 109 5 5
103 112 5 5
103 107 5 5
103 115 5 5
124 122 6 6
124 123 6 6
124 120 6 6
124 121 6 6
125 122 6 6
125 120 6 6
125 123 6 6
125 124 6 6
126 125 6 6
126 120 6 6
126 121 6 6
126 124 6 6
127 125 6 6
127 122 6 6
127 123 6 6
127 124 6 6
128 122 6 6
128 123 6 6
128 127 6 6
128 126 6 6
129 122 6 6
129 121 6 6
129 120 6 6
129 126 6 6
130 127 6 6
130 120 6 6
130 129 6 6
130 122 6 6
131 126 6 6
131 124 6 6
131 130 6 6
131 129 6 6
132 120 6 6
132 125 6 6
132 126 6 6
132 128 6 6
133 129 6 6
133 131 6 6
133 132 6 6
133 121 6 6
134 130 6 6
134 124 6 6
134 120 6 6
134 131 6 6
135 124 6 6
135 122 6 6
135 130 6 6
135 125 6 6
136 122 6 6
136 120 6 6
136 133 6 6
136 132 6 6
137 129 6 6
137 122 6 6
137 132 6 6
137 136 6 6
138 123 6 6
138 136 6 6
138 125 6 6
138 128 6 6
139 137 6 6
139 130 6 6
139 123 6 6
139 135 6 6
120 127 6 6
120 135 6 6
120 139 6 6
120 128 6 6
121 130 6 6
121 136 6 6
121 134 6 6
121 131 6 6
122 133 6 6
122 132 6 6
122 126 6 6
122 134 6 6
123 136 6 6
123 126 6 6
123 137 6 6
123 130 6 6
144 140 7 7
144 143 7 7
144 142 7 7
144 141 7 7
145 142 7 7
145 144 7 7
145 140 7 7
145 143 7 7
146 140 7 7
146 141 7 7
146 145 7 7
146 144 7 7
147 143 7 7
147 142 7 7
147 141 7 7
147 145 7 7
148 146 7 7
148 147 7 7
148 145 7 7
148 141 7 7
149 148 7 7
149 140 7 7
149 142 7 7
149 144 7 7
150 145 7 7
150 146 7 7
150 148 7 7
150 141 7 7
151 143 7 7
151 140 7 7
151 141 7 7
151 145 7 7
152 143 7 7
152 151 7 7
152 150 7 7
152 142 7 7
153 150 7 7
153 147 7 7
153 144 7 7
153 145 7 7
154 153 7 7
154 144 7 7
154 145 7 7
154 151 7 7
155 150 7 7
155 141 7 7
155 151 7 7
155 148 7 7
156 151 7 7
156 147 7 7
156 141 7 7
156 149 7 7
157 149 7 7
157 145 7 7
157 154 7 7
157 143 7 7
158 149 7 7
158 140 7 7
158 155 7 7
158 147 7 7
159 151 7 7
159 152 7 7
159 149 7 7
159 142 7 7
140 148 7 7
140 154 7 7
140 156 7 7
140 155 7 7
141 154 7 7
141 158 7 7
141 159 7 7
141 149 7 7
142 148 7 7
142 155 7 7
142 156 7 7
142 153 7 7
143 155 7 7
143 148 7 7
143 159 7 7
143 153 7 7
164 162 8 8
164 161 8 8
164 160 8 8
164 163 8 8
165 164 8 8
165 161 8 8
165 160 8 8
165 162 8 8
166 164 8 8
166 161 8 8
166 162 8 8
166 163 8 8
167 161 8 8
167 164 8 8
167 162 8 8
167 163 8 8
168 166 8 8
168 161 8 8
168 162 8 8
168 164 8 8
169 161 8 8
169 162 8 8
169 167 8 8
169 165 8 8
170 167 8 8
170 160 8 8
170 164 8 8
170 161 8 8
171 161 8 8
171 162 8 8
171 160 8 8
171 169 8 8
172 163 8 8
172 168 8 8
172 166 8 8
172 160 8 8
173 161 8 8
173 164 8 8
173 169 8 8
173 167 8 8
174 163 8 8
174 162 8 8
174 173 8 8
174 166 8 8
175 166 8 8
175 163 8 8
175 168 8 8
175 171 8 8
176 167 8 8
176 160 8 8
176 164 8 8
176 174 8 8
177 176 8 8
177 163 8 8
177 167 8 8
177 174 8 8
178 160 8 8
178 170 8 8
178 169 8 8
178 162 8 8
179 161 8 8
179 167 8 8
179 164 8 8
179 168 8 8
160 167 8 8
160 173 8 8
160 175 8 8
160 168 8 8
161 178 8 8
161 174 8 8
161 177 8 8
161 172 8 8
162 177 8 8
162 179 8 8
162 173 8 8
162 172 8 8
163 173 8 8
163 179 8 8
163 171 8 8
163 169 8 8
184 180 9 9
184 182 9 9
184 183 9 9
184 181 9 9
185 183 9 9
185 181 9 9
185 180 9 9
185 184 9 9
186 185 9 9
186 184 9 9
186 182 9 9
186 183 9 9
187 185 9 9
187 181 9 9
187 186 9 9
187 184 9 9
188 186 9 9
188 187 9 9
188 183 9 9
188 181 9 9
189 188 9 9
189 184 9 9
189 181 9 9
189 186 9 9
190 183 9 9
190 188 9 9
190 182 9 9
190 180 9 9
191 180 9 9
191 183 9 9
191 185 9 9
191 190 9 9
192 182 9 9
192 187 9 9
192 190 9 9
192 191 9 9
193 186 9 9
193 192 9 9
193 185 9 9
193 188 9 9
194 188 9 9
194 189 9 9
194 182 9 9
194 187 9 9
195 190 9 9
195 183 9 9
195 191 9 9
195 180 9 9
196 185 9 9
196 192 9 9
196 190 9 9
196 184 9 9
197 191 9 9
197 180 9 9
197 195 9 9
197 196 9 9
198 186 9 9
198 181 9 9
198 188 9 9
198 189 9 9
199 185 9 9
199 187 9 9
199 198 9 9
199 194 9 9
180 192 9 9
180 187 9 9
180 189 9 9
180 196 9 9
181 192 9 9
181 196 9 9
181 190 9 9
181 197 9 9
182 196 9 9
182 198 9 9
182 187 9 9
182 189 9 9
183 198 9 9
183 196 9 9
183 197 9 9
183 187 9 9
204 203 10 10
204 201 10 10
204 200 10 10
204 202 10 10
205 203 10 10
205 202 10 10
205 204 10 10
205 200 10 10
206 204 10 10
206 200 10 10
206 205 10 10
206 203 10 10
207 204 10 10
207 206 10 10
207 201 10 10
207 203 10 10
208 206 10 10
208 205 10 10
208 204 10 10
208 201 10 10
209 205 10 10
209 208 10 10
209 204 10 10
209 206 10 10
210 201 10 10
210 202 10 10
210 208 10 10
210 200 10 10
211 204 10 10
211 205 10 10
211 206 10 10
211 208 10 10
212 208 10 10
212 203 10 10
212 205 10 10
212 204 10 10
213 212 10 10
213 211 10 10
213 208 10 10
213 210 10 10
214 202 10 10
214 209 10 10
214 211 10 10
214 205 10 10
215 200 10 10
215 212 10 10
215 202 10 10
215 208 10 10
216 206 10 10
216 209 10 10
216 215 10 10
216 202 10 10
217 205 10 10
217 208 10 10
217 216 10 10
217 206 10 10
218 214 10 10
218 203 10 10
218 204 10 10
218 206 10 10
219 210 10 10
219 209 10 10
219 202 10 10
219 201 10 10
200 219 10 10
200 216 10 10
200 208 10 10
200 209 10 10
201 215 10 10
201 205 10 10
201 214 10 10
201 216 10 10
202 217 10 10
202 206 10 10
202 209 10 10
202 212 10 10
203 211 10 10
203 208 10 10
203 213 10 10
203 217 10 10
224 220 11 11
224 221 11 11
224 222 11 11
224 223 11 11
225 224 11 11
225 221 11 11
225 222 11 11
225 220 11 11
226 221 11 11
226 224 11 11
226 223 11 11
226 222 11 11
227 220 11 11
227 223 11 11
227 225 11 11
227 221 11 11
228 226 11 11
228 224 11 11
228 221 11 11
228 222 11 11
229 222 11 11
229 220 11 11
229 227 11 11
229 228 11 11
230 227 11 11
230 224 11 11
230 220 11 11
230 226 11 11
231 220 11 11
231 227 11 11
231 230 11 11
231 221 11 11
232 225 11 11
232 220 11 11
232 227 11 11
232 229 11 11
233 230 11 11
233 229 11 11
233 231 11 11
233 224 11 11
234 223 11 11
234 231 11 11
234 225 11 11
234 220 11 11
235 229 11 11
235 222 11 11
235 221 11 11
235 224 11 11
236 222 11 11
236 225 11 11
236 232 11 11
236 227 11 11
237 221 11 11
237 224 11 11
237 226 11 11
237 235 11 11
238 220 11 11
238 227 11 11
238 231 11 11
238 237 11 11
239 225 11 11
239 221 11 11
239 232 11 11
239 226 11 11
220 239 11 11
220 237 11 11
220 226 11 11
220 233 11 11
221 233 11 11
221 234 11 11
221 229 11 11
221 236 11 11
222 239 11 11
222 237 11 11
222 238 11 11
222 227 11 11
223 237 11 11
223 228 11 11
223 235 11 11
223 239 11 11
244 240 12 12
244 243 12 12
244 242 12 12
244 241 12 12
245 241 12 12
245 240 12 12
245 243 12 12
245 242 12 12
246 242 12 12
246 241 12 12
246 245 12 12
246 243 12 12
247 246 12 12
247 244 12 12
247 245 12 12
247 243 12 12
248 247 12 12
248 245 12 12
248 240 12 12
248 242 12 12
249 242 12 12
249 246 12 12
249 245 12 12
249 243 12 12
250 247 12 12
250 241 12 12
250 246 12 12
250 243 12 12
251 249 12 12
251 247 12 12
251 244 12 12
251 242 12 12
252 240 12 12
252 247 12 12
252 246 12 12
252 245 12 12
253 240 12 12
253 244 12 12
253 248 12 12
253 252 12 12
254 240 12 12
254 250 12 12
254 253 12 12
254 249 12 12
255 249 12 12
255 252 12 12
255 250 12 12
255 248 12 12
256 242 12 12
256 255 12 12
256 250 12 12
256 252 12 12
257 250 12 12
257 254 12 12
257 242 12 12
257 252 12 12
258 254 12 12
258 256 12 12
258 250 12 12
258 253 12 12
259 257 12 12
259 243 12 12
259 258 12 12
259 248 12 12
240 247 12 12
240 249 12 12
240 258 12 12
240 256 12 12
241 249 12 12
241 254 12 12
241 252 12 12
241 248 12 12
242 252 12 12
242 250 12 12
242 258 12 12
242 254 12 12
243 255 12 12
243 258 12 12
243 248 12 12
243 257 12 12
264 260 13 13
264 263 13 13
264 261 13 13
264 262 13 13
265 261 13 13
265 264 13 13
265 262 13 13
265 263 13 13
266 264 13 13
266 262 13 13
266 261 13 13
266 263 13 13
267 262 13 13
267 260 13 13
267 266 13 13
267 265 13 13
268 260 13 13
268 264 13 13
268 267 13 13
268 263 13 13
269 263 13 13
269 264 13 13
269 266 13 13
269 262 13 13
270 261 13 13
270 263 13 13
270 262 13 13
270 265 13 13
271 269 13 13
271 262 13 13
271 263 13 13
271 261 13 13
272 262 13 13
272 269 13 13
272 265 13 13
272 264 13 13
273 270 13 13
273 265 13 13
273 261 13 13
273 271 13 13
274 267 13 13
274 265 13 13
274 266 13 13
274 269 13 13
275 266 13 13
275 262 13 13
275 269 13 13
275 265 13 13
276 267 13 13
276 274 13 13
276 268 13 13
276 262 13 13
277 264 13 13
277 268 13 13
277 261 13 13
277 260 13 13
278 268 13 13
278 277 13 13
278 272 13 13
278 271 13 13
279 272 13 13
279 262 13 13
279 273 13 13
279 269 13 13
260 274 13 13
260 266 13 13
260 279 13 13
260 276 13 13
261 275 13 13
261 278 13 13
261 269 13 13
261 267 13 13
262 274 13 13
262 268 13 13
262 277 13 13
262 278 13 13
263 277 13 13
263 278 13 13
263 279 13 13
263 273 13 13
284 283 14 14
284 282 14 14
284 280 14 14
284 281 14 14
285 281 14 14
285 282 14 14
285 284 14 14
285 283 14 14
286 285 14 14
286 284 14 14
286 282 14 14
286 281 14 14
287 281 14 14
287 283 14 14
287 286 14 14
287 284 14 14
288 284 14 14
288 286 14 14
288 287 14 14
288 280 14 14
289 288 14 14
289 284 14 14
289 280 14 14
289 285 14 14
290 289 14 14
290 287 14 14
290 280 14 14
290 284 14 14
291 285 14 14
291 284 14 14
291 287 14 14
291 289 14 14
292 286 14 14
292 287 14 14
292 285 14 14
292 283 14 14
293 291 14 14
293 290 14 14
293 289 14 14
293 292 14 14
294 290 14 14
294 289 14 14
294 280 14 14
294 284 14 14
295 280 14 14
295 293 14 14
295 283 14 14
295 287 14 14
296 294 14 14
296 291 14 14
296 284 14 14
296 287 14 14
297 288 14 14
297 285 14 14
297 287 14 14
297 281 14 14
298 281 14 14
298 283 14 14
298 287 14 14
298 291 14 14
299 281 14 14
299 290 14 14
299 289 14 14
299 286 14 14
280 287 14 14
280 293 14 14
280 297 14 14
280 296 14 14
281 288 14 14
281 289 14 14
281 290 14 14
281 291 14 14
282 287 14 14
282 299 14 14
282 291 14 14
282 288 14 14
283 291 14 14
283 293 14 14
283 296 14 14
283 294 14 14
304 300 15 15
304 303 15 15
304 301 15 15
304 302 15 15
305 302 15 15
305 303 15 15
305 300 15 15
305 304 15 15
306 303 15 15
306 301 15 15
306 304 15 15
306 305 15 15
307 306 15 15
307 303 15 15
307 301 15 15
307 302 15 15
308 303 15 15
308 305 15 15
308 306 15 15
308 307 15 15
309 300 15 15
309 304 15 15
309 307 15 15
309 302 15 15
310 308 15 15
310 303 15 15
310 305 15 15
310 307 15 15
311 301 15 15
311 308 15 15
311 300 15 15
311 304 15 15
312 300 15 15
312 309 15 15
312 311 15 15
312 302 15 15
313 308 15 15
313 307 15 15
313 303 15 15
313 305 15 15
314 304 15 15
314 309 15 15
314 303 15 15
314 313 15 15
315 305 15 15
315 306 15 15
315 314 15 15
315 302 15 15
316 313 15 15
316 309 15 15
316 306 15 15
316 310 15 15
317 304 15 15
317 311 15 15
317 303 15 15
317 308 15 15
318 311 15 15
318 301 15 15
318 306 15 15
318 303 15 15
319 306 15 15
319 305 15 15
319 303 15 15
319 310 15 15
300 317 15 15
300 307 15 15
300 318 15 15
300 306 15 15
301 312 15 15
301 319 15 15
301 316 15 15
301 314 15 15
302 316 15 15
302 318 15 15
302 314 15 15
302 306 15 15
303 312 15 15
303 316 15 15
303 315 15 15
303 311 15 15
89 19 4 0
91 21 4 1
87 49 4 2
87 63 4 3
108 63 5 3
107 96 5 4
114 19 5 0
116 52 5 2
133 56 6 2
124 93 6 4
132 4 6 0
129 116 6 5
150 41 7 2
143 130 7 6
140 35 7 1
156 15 7 0
161 144 8 7
163 13 8 0
167 107 8 5
176 133 8 6
197 76 9 3
184 19 9 0
185 41 9 2
198 84 9 4
213 54 10 2
202 11 10 0
215 92 10 4
215 150 10 7
227 7 11 0
225 67 11 3
222 185 11 9
238 158 11 7
245 115 12 5
249 228 12 11
252 185 12 9
255 122 12 6
273 47 13 2
263 135 13 6
278 152 13 7
272 186 13 9
290 55 14 2
281 279 14 13
290 206 14 10
294 10 14 0
317 206 15 10
306 131 15 6
315 279 15 13
306 151 15 7
7 240 0 12
2 308 0 15
14 276 0 13
21 281 1 14
39 264 1 13
26 212 1 10
20 126 1 6
41 174 2 8
47 231 2 11
42 306 2 15
55 253 2 12
75 168 3 8
65 146 3 7
79 138 3 6
72 247 3 12
