swNum = 320
edgeNum = 1344

0 0
1 0
2 0
3 0
4 0
5 0
6 0
7 0
8 0
9 0
10 0
11 0
12 0
13 0
14 0
15 0
16 0
17 0
18 0
19 0
20 1
21 1
22 1
23 1
24 1
25 1
26 1
27 1
28 1
29 1
30 1
31 1
32 1
33 1
34 1
35 1
36 1
37 1
38 1
39 1
40 2
41 2
42 2
43 2
44 2
45 2
46 2
47 2
48 2
49 2
50 2
51 2
52 2
53 2
54 2
55 2
56 2
57 2
58 2
59 2
60 3
61 3
62 3
63 3
64 3
65 3
66 3
67 3
68 3
69 3
70 3
71 3
72 3
73 3
74 3
75 3
76 3
77 3
78 3
79 3
80 4
81 4
82 4
83 4
84 4
85 4
86 4
87 4
88 4
89 4
90 4
91 4
92 4
93 4
94 4
95 4
96 4
97 4
98 4
99 4
100 5
101 5
102 5
103 5
104 5
105 5
106 5
107 5
108 5
109 5
110 5
111 5
112 5
113 5
114 5
115 5
116 5
117 5
118 5
119 5
120 6
121 6
122 6
123 6
124 6
125 6
126 6
127 6
128 6
129 6
130 6
131 6
132 6
133 6
134 6
135 6
136 6
137 6
138 6
139 6
140 7
141 7
142 7
143 7
144 7
145 7
146 7
147 7
148 7
149 7
150 7
151 7
152 7
153 7
154 7
155 7
156 7
157 7
158 7
159 7
160 8
161 8
162 8
163 8
164 8
165 8
166 8
167 8
168 8
169 8
170 8
171 8
172 8
173 8
174 8
175 8
176 8
177 8
178 8
179 8
180 9
181 9
182 9
183 9
184 9
185 9
186 9
187 9
188 9
189 9
190 9
191 9
192 9
193 9
194 9
195 9
196 9
197 9
198 9
199 9
200 10
201 10
202 10
203 10
204 10
205 10
206 10
207 10
208 10
209 10
210 10
211 10
212 10
213 10
214 10
215 10
216 10
217 10
218 10
219 10
220 11
221 11
222 11
223 11
224 11
225 11
226 11
227 11
228 11
229 11
230 11
231 11
232 11
233 11
234 11
235 11
236 11
237 11
238 11
239 11
240 12
241 12
242 12
243 12
244 12
245 12
246 12
247 12
248 12
249 12
250 12
251 12
252 12
253 12
254 12
255 12
256 12
257 12
258 12
259 12
260 13
261 13
262 13
263 13
264 13
265 13
266 13
267 13
268 13
269 13
270 13
271 13
272 13
273 13
274 13
275 13
276 13
277 13
278 13
279 13
280 14
281 14
282 14
283 14
284 14
285 14
286 14
287 14
288 14
289 14
290 14
291 14
292 14
293 14
294 14
295 14
296 14
297 14
298 14
299 14
300 15
301 15
302 15
303 15
304 15
305 15
306 15
307 15
308 15
309 15
310 15
311 15
312 15
313 15
314 15
315 15
316 15
317 15
318 15
319 15

4 3 0 0
4 0 0 0
4 1 0 0
4 2 0 0
5 2 0 0
5 0 0 0
5 1 0 0
5 3 0 0
6 2 0 0
6 5 0 0
6 1 0 0
6 4 0 0
7 3 0 0
7 2 0 0
7 5 0 0
7 1 0 0
8 3 0 0
8 7 0 0
8 2 0 0
8 1 0 0
9 8 0 0
9 2 0 0
9 7 0 0
9 4 0 0
10 5 0 0
10 1 0 0
10 0 0 0
10 2 0 0
11 5 0 0
11 10 0 0
11 2 0 0
11 7 0 0
12 11 0 0
12 10 0 0
12 3 0 0
12 9 0 0
13 2 0 0
13 1 0 0
13 7 0 0
13 8 0 0
14 8 0 0
14 12 0 0
14 13 0 0
14 1 0 0
15 6 0 0
15 4 0 0
15 14 0 0
15 10 0 0
16 8 0 0
16 14 0 0
16 10 0 0
16 11 0 0
17 2 0 0
17 13 0 0
17 9 0 0
17 6 0 0
18 14 0 0
18 6 0 0
18 15 0 0
18 1 0 0
19 5 0 0
19 10 0 0
19 16 0 0
19 7 0 0
0 8 0 0
0 19 0 0
0 7 0 0
0 15 0 0
1 9 0 0
1 19 0 0
1 17 0 0
1 15 0 0
2 15 0 0
2 19 0 0
2 18 0 0
2 16 0 0
3 16 0 0
3 19 0 0
3 15 0 0
3 6 0 0
24 22 1 1
24 20 1 1
24 21 1 1
24 23 1 1
25 21 1 1
25 22 1 1
25 24 1 1
25 23 1 1
26 25 1 1
26 24 1 1
26 22 1 1
26 21 1 1
27 24 1 1
27 20 1 1
27 26 1 1
27 22 1 1
28 27 1 1
28 22 1 1
28 24 1 1
28 26 1 1
29 25 1 1
29 22 1 1
29 20 1 1
29 27 1 1
30 26 1 1
30 25 1 1
30 22 1 1
30 29 1 1
31 26 1 1
31 28 1 1
31 29 1 1
31 27 1 1
32 24 1 1
32 22 1 1
32 30 1 1
32 29 1 1
33 32 1 1
33 31 1 1
33 26 1 1
33 28 1 1
34 29 1 1
34 24 1 1
34 32 1 1
34 22 1 1
35 28 1 1
35 32 1 1
35 25 1 1
35 33 1 1
36 32 1 1
36 24 1 1
36 27 1 1
36 25 1 1
37 27 1 1
37 20 1 1
37 35 1 1
37 28 1 1
38 30 1 1
38 25 1 1
38 22 1 1
38 36 1 1
39 34 1 1
39 27 1 1
39 23 1 1
39 25 1 1
20 38 1 1
20 32 1 1
20 26 1 1
20 30 1 1
21 36 1 1
21 30 1 1
21 38 1 1
21 29 1 1
22 39 1 1
22 36 1 1
22 35 1 1
22 37 1 1
23 36 1 1
23 31 1 1
23 37 1 1
23 30 1 1
44 41 2 2
44 40 2 2
44 43 2 2
44 42 2 2
45 40 2 2
45 41 2 2
45 42 2 2
45 43 2 2
46 40 2 2
46 42 2 2
46 41 2 2
46 43 2 2
47 41 2 2
47 43 2 2
47 40 2 2
47 44 2 2
48 46 2 2
48 44 2 2
48 41 2 2
48 43 2 2
49 46 2 2
49 43 2 2
49 45 2 2
49 41 2 2
50 40 2 2
50 43 2 2
50 48 2 2
50 49 2 2
51 43 2 2
51 44 2 2
51 48 2 2
51 47 2 2
52 42 2 2
52 45 2 2
52 49 2 2
52 40 2 2
53 42 2 2
53 50 2 2
53 45 2 2
53 41 2 2
54 43 2 2
54 48 2 2
54 44 2 2
54 40 2 2
55 44 2 2
55 50 2 2
55 43 2 2
55 40 2 2
56 53 2 2
56 55 2 2
56 54 2 2
56 43 2 2
57 50 2 2
57 47 2 2
57 44 2 2
57 46 2 2
58 51 2 2
58 41 2 2
58 50 2 2
58 46 2 2
59 43 2 2
59 53 2 2
59 48 2 2
59 46 2 2
40 49 2 2
40 58 2 2
40 51 2 2
40 56 2 2
41 59 2 2
41 50 2 2
41 57 2 2
41 51 2 2
42 54 2 2
42 51 2 2
42 50 2 2
42 57 2 2
43 57 2 2
43 58 2 2
43 52 2 2
43 53 2 2
64 61 3 3
64 62 3 3
64 63 3 3
64 60 3 3
65 61 3 3
65 63 3 3
65 64 3 3
65 62 3 3
66 65 3 3
66 60 3 3
66 62 3 3
66 61 3 3
67 63 3 3
67 66 3 3
67 60 3 3
67 64 3 3
68 63 3 3
68 60 3 3
68 66 3 3
68 67 3 3
69 62 3 3
69 64 3 3
69 68 3 3
69 60 3 3
70 69 3 3
70 63 3 3
70 60 3 3
70 66 3 3
71 64 3 3
71 62 3 3
71 63 3 3
71 61 3 3
72 68 3 3
72 66 3 3
72 63 3 3
72 67 3 3
73 69 3 3
73 66 3 3
73 61 3 3
73 67 3 3
74 63 3 3
74 67 3 3
74 71 3 3
74 60 3 3
75 62 3 3
75 71 3 3
75 74 3 3
75 64 3 3
76 63 3 3
76 62 3 3
76 71 3 3
76 75 3 3
77 76 3 3
77 62 3 3
77 64 3 3
77 75 3 3
78 69 3 3
78 73 3 3
78 68 3 3
78 63 3 3
79 74 3 3
79 60 3 3
79 70 3 3
79 75 3 3
60 72 3 3
60 73 3 3
60 78 3 3
60 75 3 3
61 75 3 3
61 78 3 3
61 76 3 3
61 77 3 3
62 72 3 3
62 70 3 3
62 78 3 3
62 74 3 3
63 75 3 3
63 77 3 3
63 79 3 3
63 73 3 3
84 80 4 4
84 82 4 4
84 83 4 4
84 81 4 4
85 82 4 4
85 80 4 4
85 84 4 4
85 81 4 4
86 80 4 4
86 82 4 4
86 84 4 4
86 85 4 4
87 82 4 4
87 84 4 4
87 86 4 4
87 80 4 4
88 82 4 4
88 84 4 4
88 81 4 4
88 85 4 4
89 80 4 4
89 83 4 4
89 81 4 4
89 84 4 4
90 83 4 4
90 81 4 4
90 85 4 4
90 86 4 4
91 80 4 4
91 83 4 4
91 81 4 4
91 88 4 4
92 90 4 4
92 91 4 4
92 80 4 4
92 89 4 4
93 90 4 4
93 83 4 4
93 80 4 4
93 81 4 4
94 87 4 4
94 91 4 4
94 86 4 4
94 80 4 4
95 94 4 4
95 88 4 4
95 86 4 4
95 80 4 4
96 88 4 4
96 84 4 4
96 90 4 4
96 83 4 4
97 90 4 4
97 94 4 4
97 87 4 4
97 83 4 4
98 81 4 4
98 85 4 4
98 91 4 4
98 95 4 4
99 98 4 4
99 90 4 4
99 89 4 4
99 83 4 4
80 99 4 4
80 98 4 4
80 97 4 4
80 88 4 4
81 96 4 4
81 94 4 4
81 99 4 4
81 86 4 4
82 91 4 4
82 95 4 4
82 89 4 4
82 99 4 4
83 94 4 4
83 88 4 4
83 92 4 4
83 95 4 4
104 101 5 5
104 100 5 5
104 102 5 5
104 103 5 5
105 103 5 5
105 104 5 5
105 101 5 5
105 100 5 5
106 105 5 5
106 102 5 5
106 100 5 5
106 101 5 5
107 102 5 5
107 104 5 5
107 100 5 5
107 105 5 5
108 104 5 5
108 106 5 5
108 101 5 5
108 100 5 5
109 103 5 5
109 106 5 5
109 105 5 5
109 108 5 5
110 101 5 5
110 105 5 5
110 109 5 5
110 108 5 5
111 102 5 5
111 110 5 5
111 105 5 5
111 104 5 5
112 111 5 5
112 100 5 5
112 107 5 5
112 106 5 5
113 105 5 5
113 107 5 5
113 103 5 5
113 104 5 5
114 102 5 5
114 105 5 5
114 104 5 5
114 113 5 5
115 109 5 5
115 107 5 5
115 114 5 5
115 113 5 5
116 113 5 5
116 114 5 5
116 107 5 5
116 112 5 5
117 104 5 5
117 106 5 5
117 105 5 5
117 113 5 5
118 114 5 5
118 106 5 5
118 110 5 5
118 104 5 5
119 103 5 5
119 104 5 5
119 115 5 5
119 107 5 5
100 113 5 5
100 110 5 5
100 117 5 5
100 114 5 5
101 112 5 5
101 107 5 5
101 117 5 5
101 116 5 5
102 105 5 5
102 115 5 5
102 117 5 5
102 118 5 5
103 115 5 5
103 118 5 5
103 114 5 5
103 116 5 5
124 120 6 6
124 122 6 6
124 123 6 6
124 121 6 6
125 124 6 6
125 120 6 6
125 121 6 6
125 122 6 6
126 125 6 6
126 122 6 6
126 121 6 6
126 124 6 6
127 121 6 6
127 125 6 6
127 124 6 6
127 126 6 6
128 125 6 6
128 122 6 6
128 121 6 6
128 123 6 6
129 126 6 6
129 120 6 6
129 121 6 6
129 128 6 6
130 123 6 6
130 126 6 6
130 122 6 6
130 129 6 6
131 123 6 6
131 128 6 6
131 126 6 6
131 122 6 6
132 129 6 6
132 123 6 6
132 125 6 6
132 122 6 6
133 124 6 6
133 120 6 6
133 121 6 6
133 128 6 6
134 129 6 6
134 121 6 6
134 130 6 6
134 126 6 6
135 123 6 6
135 121 6 6
135 130 6 6
135 133 6 6
136 123 6 6
136 134 6 6
136 133 6 6
136 121 6 6
137 122 6 6
137 124 6 6
137 126 6 6
137 128 6 6
138 124 6 6
138 127 6 6
138 125 6 6
138 128 6 6
139 134 6 6
139 135 6 6
139 136 6 6
139 129 6 6
120 137 6 6
120 138 6 6
120 130 6 6
120 126 6 6
121 132 6 6
121 137 6 6
121 138 6 6
121 130 6 6
122 133 6 6
122 139 6 6
122 129 6 6
122 134 6 6
123 125 6 6
123 134 6 6
123 129 6 6
123 137 6 6
144 142 7 7
144 141 7 7
144 143 7 7
144 140 7 7
145 143 7 7
145 141 7 7
145 140 7 7
145 144 7 7
146 141 7 7
146 142 7 7
146 144 7 7
146 140 7 7
147 142 7 7
147 146 7 7
147 140 7 7
147 141 7 7
148 142 7 7
148 147 7 7
148 144 7 7
148 146 7 7
149 147 7 7
149 140 7 7
149 145 7 7
149 143 7 7
150 142 7 7
150 144 7 7
150 141 7 7
150 146 7 7
151 146 7 7
151 150 7 7
151 141 7 7
151 147 7 7
152 143 7 7
152 140 7 7
152 147 7 7
152 145 7 7
153 144 7 7
153 150 7 7
153 141 7 7
153 151 7 7
154 147 7 7
154 143 7 7
154 152 7 7
154 145 7 7
155 145 7 7
155 141 7 7
155 153 7 7
155 151 7 7
156 145 7 7
156 155 7 7
156 147 7 7
156 143 7 7
157 146 7 7
157 149 7 7
157 141 7 7
157 140 7 7
158 152 7 7
158 151 7 7
158 143 7 7
158 146 7 7
159 151 7 7
159 148 7 7
159 154 7 7
159 145 7 7
140 148 7 7
140 155 7 7
140 153 7 7
140 154 7 7
141 159 7 7
141 148 7 7
141 154 7 7
141 152 7 7
142 157 7 7
142 153 7 7
142 151 7 7
142 154 7 7
143 159 7 7
143 155 7 7
143 151 7 7
143 146 7 7
164 162 8 8
164 160 8 8
164 161 8 8
164 163 8 8
165 161 8 8
165 164 8 8
165 163 8 8
165 162 8 8
166 162 8 8
166 160 8 8
166 164 8 8
166 161 8 8
167 163 8 8
167 161 8 8
167 166 8 8
167 164 8 8
168 165 8 8
168 167 8 8
168 163 8 8
168 166 8 8
169 162 8 8
169 165 8 8
169 161 8 8
169 163 8 8
170 164 8 8
170 169 8 8
170 165 8 8
170 167 8 8
171 170 8 8
171 168 8 8
171 165 8 8
171 161 8 8
172 171 8 8
172 169 8 8
172 163 8 8
172 165 8 8
173 162 8 8
173 165 8 8
173 170 8 8
173 161 8 8
174 170 8 8
174 161 8 8
174 171 8 8
174 169 8 8
175 169 8 8
175 171 8 8
175 160 8 8
175 170 8 8
176 162 8 8
176 168 8 8
176 167 8 8
176 172 8 8
177 163 8 8
177 165 8 8
177 167 8 8
177 172 8 8
178 177 8 8
178 172 8 8
178 167 8 8
178 168 8 8
179 161 8 8
179 165 8 8
179 160 8 8
179 174 8 8
160 165 8 8
160 174 8 8
160 170 8 8
160 169 8 8
161 177 8 8
161 170 8 8
161 175 8 8
161 172 8 8
162 179 8 8
162 174 8 8
162 171 8 8
162 175 8 8
163 171 8 8
163 179 8 8
163 175 8 8
163 170 8 8
184 182 9 9
184 183 9 9
184 180 9 9
184 181 9 9
185 181 9 9
185 184 9 9
185 182 9 9
185 180 9 9
186 185 9 9
186 183 9 9
186 182 9 9
186 181 9 9
187 183 9 9
187 185 9 9
187 182 9 9
187 186 9 9
188 187 9 9
188 183 9 9
188 182 9 9
188 186 9 9
189 186 9 9
189 185 9 9
189 182 9 9
189 184 9 9
190 186 9 9
190 185 9 9
190 187 9 9
190 180 9 9
191 182 9 9
191 188 9 9
191 187 9 9
191 189 9 9
192 185 9 9
192 188 9 9
192 181 9 9
192 186 9 9
193 188 9 9
193 185 9 9
193 186 9 9
193 180 9 9
194 185 9 9
194 184 9 9
194 181 9 9
194 183 9 9
195 194 9 9
195 183 9 9
195 192 9 9
195 190 9 9
196 189 9 9
196 187 9 9
196 193 9 9
196 192 9 9
197 191 9 9
197 183 9 9
197 193 9 9
197 189 9 9
198 185 9 9
198 191 9 9
198 197 9 9
198 187 9 9
199 195 9 9
199 181 9 9
199 189 9 9
199 188 9 9
180 197 9 9
180 195 9 9
180 198 9 9
180 194 9 9
181 196 9 9
181 195 9 9
181 189 9 9
181 197 9 9
182 195 9 9
182 193 9 9
182 194 9 9
182 197 9 9
183 192 9 9
183 193 9 9
183 189 9 9
183 185 9 9
204 200 10 10
204 203 10 10
204 201 10 10
204 202 10 10
205 200 10 10
205 202 10 10
205 204 10 10
205 201 10 10
206 205 10 10
206 202 10 10
206 201 10 10
206 204 10 10
207 201 10 10
207 203 10 10
207 204 10 10
207 205 10 10
208 204 10 10
208 203 10 10
208 202 10 10
208 207 10 10
209 208 10 10
209 205 10 10
209 207 10 10
209 206 10 10
210 203 10 10
210 208 10 10
210 204 10 10
210 202 10 10
211 208 10 10
211 204 10 10
211 200 10 10
211 203 10 10
212 200 10 10
212 206 10 10
212 211 10 10
212 210 10 10
213 209 10 10
213 206 10 10
213 203 10 10
213 201 10 10
214 205 10 10
214 213 10 10
214 207 10 10
214 201 10 10
215 201 10 10
215 206 10 10
215 211 10 10
215 207 10 10
216 211 10 10
216 201 10 10
216 215 10 10
216 206 10 10
217 201 10 10
217 216 10 10
217 205 10 10
217 200 10 10
218 217 10 10
218 210 10 10
218 206 10 10
218 212 10 10
219 205 10 10
219 209 10 10
219 207 10 10
219 214 10 10
200 218 10 10
200 216 10 10
200 207 10 10
200 215 10 10
201 212 10 10
201 208 10 10
201 209 10 10
201 211 10 10
202 215 10 10
202 213 10 10
202 207 10 10
202 212 10 10
203 206 10 10
203 212 10 10
203 216 10 10
203 218 10 10
224 220 11 11
224 221 11 11
224 222 11 11
224 223 11 11
225 222 11 11
225 224 11 11
225 223 11 11
225 220 11 11
226 220 11 11
226 225 11 11
226 222 11 11
226 224 11 11
227 226 11 11
227 225 11 11
227 224 11 11
227 222 11 11
228 221 11 11
228 224 11 11
228 220 11 11
228 227 11 11
229 223 11 11
229 224 11 11
229 221 11 11
229 228 11 11
230 224 11 11
230 226 11 11
230 222 11 11
230 220 11 11
231 222 11 11
231 230 11 11
231 224 11 11
231 228 11 11
232 224 11 11
232 230 11 11
232 220 11 11
232 222 11 11
233 229 11 11
233 225 11 11
233 223 11 11
233 232 11 11
234 221 11 11
234 229 11 11
234 225 11 11
234 220 11 11
235 225 11 11
235 221 11 11
235 229 11 11
235 233 11 11
236 230 11 11
236 220 11 11
236 225 11 11
236 229 11 11
237 236 11 11
237 229 11 11
237 223 11 11
237 235 11 11
238 229 11 11
238 223 11 11
238 231 11 11
238 221 11 11
239 233 11 11
239 222 11 11
239 236 11 11
239 237 11 11
220 231 11 11
220 239 11 11
220 229 11 11
220 235 11 11
221 239 11 11
221 237 11 11
221 231 11 11
221 233 11 11
222 237 11 11
222 236 11 11
222 235 11 11
222 228 11 11
223 231 11 11
223 239 11 11
223 236 11 11
223 234 11 11
244 243 12 12
244 240 12 12
244 241 12 12
244 242 12 12
245 243 12 12
245 242 12 12
245 241 12 12
245 244 12 12
246 240 12 12
246 243 12 12
246 242 12 12
246 245 12 12
247 240 12 12
247 246 12 12
247 241 12 12
247 242 12 12
248 245 12 12
248 244 12 12
248 242 12 12
248 241 12 12
249 248 12 12
249 240 12 12
249 245 12 12
249 241 12 12
250 246 12 12
250 240 12 12
250 244 12 12
250 249 12 12
251 250 12 12
251 240 12 12
251 246 12 12
251 248 12 12
252 242 12 12
252 244 12 12
252 246 12 12
252 240 12 12
253 251 12 12
253 241 12 12
253 249 12 12
253 250 12 12
254 252 12 12
254 253 12 12
254 245 12 12
254 246 12 12
255 240 12 12
255 245 12 12
255 243 12 12
255 241 12 12
256 251 12 12
256 248 12 12
256 244 12 12
256 243 12 12
257 255 12 12
257 245 12 12
257 248 12 12
257 241 12 12
258 254 12 12
258 250 12 12
258 245 12 12
258 244 12 12
259 247 12 12
259 246 12 12
259 255 12 12
259 241 12 12
240 259 12 12
240 253 12 12
240 256 12 12
240 248 12 12
241 252 12 12
241 250 12 12
241 246 12 12
241 258 12 12
242 250 12 12
242 255 12 12
242 249 12 12
242 254 12 12
243 248 12 12
243 249 12 12
243 257 12 12
243 247 12 12
264 260 13 13
264 261 13 13
264 262 13 13
264 263 13 13
265 263 13 13
265 264 13 13
265 260 13 13
265 261 13 13
266 264 13 13
266 260 13 13
266 261 13 13
266 263 13 13
267 262 13 13
267 260 13 13
267 265 13 13
267 261 13 13
268 264 13 13
268 261 13 13
268 266 13 13
268 260 13 13
269 268 13 13
269 265 13 13
269 261 13 13
269 264 13 13
270 260 13 13
270 266 13 13
270 264 13 13
270 269 13 13
271 270 13 13
271 262 13 13
271 264 13 13
271 268 13 13
272 263 13 13
272 268 13 13
272 271 13 13
272 260 13 13
273 264 13 13
273 266 13 13
273 265 13 13
273 260 13 13
274 260 13 13
274 269 13 13
274 268 13 13
274 261 13 13
275 273 13 13
275 272 13 13
275 260 13 13
275 265 13 13
276 268 13 13
276 273 13 13
276 260 13 13
276 267 13 13
277 269 13 13
277 272 13 13
277 261 13 13
277 274 13 13
278 261 13 13
278 266 13 13
278 269 13 13
278 268 13 13
279 275 13 13
279 276 13 13
279 267 13 13
279 263 13 13
260 279 13 13
260 278 13 13
260 277 13 13
260 269 13 13
261 271 13 13
261 279 13 13
261 275 13 13
261 270 13 13
262 278 13 13
262 274 13 13
262 276 13 13
262 269 13 13
263 268 13 13
263 269 13 13
263 277 13 13
263 267 13 13
284 282 14 14
284 283 14 14
284 280 14 14
284 281 14 14
285 280 14 14
285 281 14 14
285 283 14 14
285 284 14 14
286 282 14 14
286 284 14 14
286 281 14 14
286 283 14 14
287 284 14 14
287 282 14 14
287 280 14 14
287 281 14 14
288 281 14 14
288 287 14 14
288 283 14 14
288 286 14 14
289 280 14 14
289 281 14 14
289 283 14 14
289 285 14 14
290 280 14 14
290 282 14 14
290 289 14 14
290 281 14 14
291 290 14 14
291 288 14 14
291 287 14 14
291 283 14 14
292 290 14 14
292 285 14 14
292 280 14 14
292 287 14 14
293 286 14 14
293 284 14 14
293 289 14 14
293 282 14 14
294 293 14 14
294 287 14 14
294 280 14 14
294 291 14 14
295 294 14 14
295 287 14 14
295 282 14 14
295 291 14 14
296 284 14 14
296 281 14 14
296 294 14 14
296 286 14 14
297 289 14 14
297 285 14 14
297 296 14 14
297 282 14 14
298 287 14 14
298 294 14 14
298 282 14 14
298 297 14 14
299 282 14 14
299 294 14 14
299 286 14 14
299 293 14 14
280 288 14 14
280 296 14 14
280 295 14 14
280 286 14 14
281 291 14 14
281 292 14 14
281 298 14 14
281 294 14 14
282 294 14 14
282 296 14 14
282 288 14 14
282 292 14 14
283 296 14 14
283 298 14 14
283 292 14 14
283 299 14 14
304 300 15 15
304 303 15 15
304 302 15 15
304 301 15 15
305 302 15 15
305 303 15 15
305 304 15 15
305 301 15 15
306 302 15 15
306 301 15 15
306 304 15 15
306 303 15 15
307 305 15 15
307 300 15 15
307 303 15 15
307 304 15 15
308 303 15 15
308 304 15 15
308 306 15 15
308 301 15 15
309 301 15 15
309 303 15 15
309 300 15 15
309 305 15 15
310 304 15 15
310 308 15 15
310 306 15 15
310 301 15 15
311 301 15 15
311 306 15 15
311 308 15 15
311 307 15 15
312 302 15 15
312 311 15 15
312 309 15 15
312 305 15 15
313 308 15 15
313 305 15 15
313 300 15 15
313 307 15 15
314 307 15 15
314 313 15 15
314 301 15 15
314 309 15 15
315 314 15 15
315 311 15 15
315 301 15 15
315 306 15 15
316 311 15 15
316 313 15 15
316 307 15 15
316 314 15 15
317 310 15 15
317 308 15 15
317 314 15 15
317 301 15 15
318 302 15 15
318 306 15 15
318 312 15 15
318 301 15 15
319 304 15 15
319 300 15 15
319 301 15 15
319 314 15 15
300 312 15 15
300 314 15 15
300 310 15 15
300 306 15 15
301 316 15 15
301 312 15 15
301 313 15 15
301 307 15 15
302 319 15 15
302 313 15 15
302 309 15 15
302 310 15 15
303 314 15 15
303 317 15 15
303 310 15 15
303 319 15 15
91 7 4 0
97 53 4 2
90 69 4 3
97 34 4 1
110 24 5 1
105 16 5 0
116 99 5 4
106 54 5 2
135 9 6 0
135 35 6 1
139 117 6 5
127 90 6 4
152 100 7 5
156 59 7 2
152 27 7 1
145 15 7 0
177 34 8 1
179 154 8 7
168 88 8 4
170 44 8 2
181 99 9 4
182 14 9 0
199 172 9 8
183 107 9 5
210 150 10 7
211 165 10 8
200 31 10 1
205 50 10 2
230 77 11 3
222 48 11 2
220 12 11 0
233 191 11 9
252 136 12 6
245 222 12 11
256 63 12 3
243 158 12 7
269 28 13 1
262 174 13 8
270 202 13 10
270 220 13 11
291 76 14 3
287 246 14 12
288 122 14 6
289 15 14 0
306 278 15 13
306 204 15 10
304 114 15 5
305 157 15 7
5 209 0 10
5 260 0 13
9 243 0 12
11 312 0 15
31 316 1 15
28 240 1 12
20 190 1 9
38 233 1 11
43 182 2 9
45 136 2 6
48 271 2 13
43 308 2 15
70 131 3 6
74 279 3 13
64 163 3 8
71 158 3 7
