swNum = 320
edgeNum = 1344

0 0
1 0
2 0
3 0
4 0
5 0
6 0
7 0
8 0
9 0
10 0
11 0
12 0
13 0
14 0
15 0
16 0
17 0
18 0
19 0
20 1
21 1
22 1
23 1
24 1
25 1
26 1
27 1
28 1
29 1
30 1
31 1
32 1
33 1
34 1
35 1
36 1
37 1
38 1
39 1
40 2
41 2
42 2
43 2
44 2
45 2
46 2
47 2
48 2
49 2
50 2
51 2
52 2
53 2
54 2
55 2
56 2
57 2
58 2
59 2
60 3
61 3
62 3
63 3
64 3
65 3
66 3
67 3
68 3
69 3
70 3
71 3
72 3
73 3
74 3
75 3
76 3
77 3
78 3
79 3
80 4
81 4
82 4
83 4
84 4
85 4
86 4
87 4
88 4
89 4
90 4
91 4
92 4
93 4
94 4
95 4
96 4
97 4
98 4
99 4
100 5
101 5
102 5
103 5
104 5
105 5
106 5
107 5
108 5
109 5
110 5
111 5
112 5
113 5
114 5
115 5
116 5
117 5
118 5
119 5
120 6
121 6
122 6
123 6
124 6
125 6
126 6
127 6
128 6
129 6
130 6
131 6
132 6
133 6
134 6
135 6
136 6
137 6
138 6
139 6
140 7
141 7
142 7
143 7
144 7
145 7
146 7
147 7
148 7
149 7
150 7
151 7
152 7
153 7
154 7
155 7
156 7
157 7
158 7
159 7
160 8
161 8
162 8
163 8
164 8
165 8
166 8
167 8
168 8
169 8
170 8
171 8
172 8
173 8
174 8
175 8
176 8
177 8
178 8
179 8
180 9
181 9
182 9
183 9
184 9
185 9
186 9
187 9
188 9
189 9
190 9
191 9
192 9
193 9
194 9
195 9
196 9
197 9
198 9
199 9
200 10
201 10
202 10
203 10
204 10
205 10
206 10
207 10
208 10
209 10
210 10
211 10
212 10
213 10
214 10
215 10
216 10
217 10
218 10
219 10
220 11
221 11
222 11
223 11
224 11
225 11
226 11
227 11
228 11
229 11
230 11
231 11
232 11
233 11
234 11
235 11
236 11
237 11
238 11
239 11
240 12
241 12
242 12
243 12
244 12
245 12
246 12
247 12
248 12
249 12
250 12
251 12
252 12
253 12
254 12
255 12
256 12
257 12
258 12
259 12
260 13
261 13
262 13
263 13
264 13
265 13
266 13
267 13
268 13
269 13
270 13
271 13
272 13
273 13
274 13
275 13
276 13
277 13
278 13
279 13
280 14
281 14
282 14
283 14
284 14
285 14
286 14
287 14
288 14
289 14
290 14
291 14
292 14
293 14
294 14
295 14
296 14
297 14
298 14
299 14
300 15
301 15
302 15
303 15
304 15
305 15
306 15
307 15
308 15
309 15
310 15
311 15
312 15
313 15
314 15
315 15
316 15
317 15
318 15
319 15

4 2 0 0
4 1 0 0
4 3 0 0
4 0 0 0
5 3 0 0
5 0 0 0
5 2 0 0
5 1 0 0
6 0 0 0
6 3 0 0
6 1 0 0
6 5 0 0
7 5 0 0
7 4 0 0
7 1 0 0
7 0 0 0
8 1 0 0
8 7 0 0
8 2 0 0
8 3 0 0
9 3 0 0
9 1 0 0
9 4 0 0
9 6 0 0
10 5 0 0
10 2 0 0
10 6 0 0
10 9 0 0
11 4 0 0
11 8 0 0
11 1 0 0
11 7 0 0
12 8 0 0
12 3 0 0
12 7 0 0
12 10 0 0
13 2 0 0
13 5 0 0
13 8 0 0
13 11 0 0
14 10 0 0
14 6 0 0
14 3 0 0
14 7 0 0
15 8 0 0
15 7 0 0
15 11 0 0
15 13 0 0
16 10 0 0
16 13 0 0
16 5 0 0
16 0 0 0
17 12 0 0
17 6 0 0
17 5 0 0
17 8 0 0
18 8 0 0
18 15 0 0
18 2 0 0
18 0 0 0
19 3 0 0
19 0 0 0
19 6 0 0
19 9 0 0
0 11 0 0
0 10 0 0
0 13 0 0
0 15 0 0
1 14 0 0
1 15 0 0
1 16 0 0
1 10 0 0
2 7 0 0
2 15 0 0
2 14 0 0
2 6 0 0
3 10 0 0
3 15 0 0
3 13 0 0
3 17 0 0
24 21 1 1
24 20 1 1
24 22 1 1
24 23 1 1
25 21 1 1
25 24 1 1
25 23 1 1
25 22 1 1
26 20 1 1
26 25 1 1
26 23 1 1
26 22 1 1
27 24 1 1
27 20 1 1
27 21 1 1
27 25 1 1
28 20 1 1
28 26 1 1
28 22 1 1
28 24 1 1
29 27 1 1
29 26 1 1
29 21 1 1
29 28 1 1
30 28 1 1
30 29 1 1
30 22 1 1
30 24 1 1
31 26 1 1
31 21 1 1
31 29 1 1
31 24 1 1
32 28 1 1
32 30 1 1
32 27 1 1
32 20 1 1
33 24 1 1
33 32 1 1
33 30 1 1
33 21 1 1
34 25 1 1
34 29 1 1
34 33 1 1
34 31 1 1
35 23 1 1
35 32 1 1
35 22 1 1
35 24 1 1
36 34 1 1
36 25 1 1
36 27 1 1
36 21 1 1
37 21 1 1
37 32 1 1
37 33 1 1
37 29 1 1
38 31 1 1
38 36 1 1
38 33 1 1
38 23 1 1
39 29 1 1
39 24 1 1
39 23 1 1
39 35 1 1
20 33 1 1
20 29 1 1
20 35 1 1
20 37 1 1
21 34 1 1
21 38 1 1
21 30 1 1
21 35 1 1
22 37 1 1
22 36 1 1
22 34 1 1
22 29 1 1
23 37 1 1
23 30 1 1
23 28 1 1
23 34 1 1
44 40 2 2
44 43 2 2
44 41 2 2
44 42 2 2
45 44 2 2
45 42 2 2
45 43 2 2
45 40 2 2
46 43 2 2
46 40 2 2
46 41 2 2
46 44 2 2
47 41 2 2
47 40 2 2
47 45 2 2
47 44 2 2
48 40 2 2
48 45 2 2
48 46 2 2
48 42 2 2
49 44 2 2
49 43 2 2
49 42 2 2
49 46 2 2
50 45 2 2
50 44 2 2
50 49 2 2
50 40 2 2
51 48 2 2
51 50 2 2
51 45 2 2
51 41 2 2
52 45 2 2
52 50 2 2
52 42 2 2
52 43 2 2
53 45 2 2
53 50 2 2
53 46 2 2
53 44 2 2
54 48 2 2
54 45 2 2
54 40 2 2
54 51 2 2
55 40 2 2
55 43 2 2
55 53 2 2
55 50 2 2
56 51 2 2
56 41 2 2
56 47 2 2
56 50 2 2
57 46 2 2
57 42 2 2
57 43 2 2
57 40 2 2
58 42 2 2
58 50 2 2
58 56 2 2
58 53 2 2
59 58 2 2
59 40 2 2
59 53 2 2
59 57 2 2
40 53 2 2
40 58 2 2
40 56 2 2
40 51 2 2
41 48 2 2
41 50 2 2
41 45 2 2
41 53 2 2
42 55 2 2
42 51 2 2
42 53 2 2
42 54 2 2
43 50 2 2
43 59 2 2
43 48 2 2
43 54 2 2
64 63 3 3
64 60 3 3
64 62 3 3
64 61 3 3
65 62 3 3
65 64 3 3
65 61 3 3
65 63 3 3
66 62 3 3
66 65 3 3
66 61 3 3
66 63 3 3
67 61 3 3
67 63 3 3
67 65 3 3
67 64 3 3
68 67 3 3
68 63 3 3
68 62 3 3
68 61 3 3
69 62 3 3
69 68 3 3
69 67 3 3
69 66 3 3
70 67 3 3
70 60 3 3
70 66 3 3
70 63 3 3
71 67 3 3
71 61 3 3
71 70 3 3
71 69 3 3
72 71 3 3
72 65 3 3
72 62 3 3
72 66 3 3
73 60 3 3
73 67 3 3
73 66 3 3
73 63 3 3
74 71 3 3
74 70 3 3
74 72 3 3
74 67 3 3
75 68 3 3
75 72 3 3
75 70 3 3
75 63 3 3
76 65 3 3
76 62 3 3
76 66 3 3
76 68 3 3
77 63 3 3
77 70 3 3
77 65 3 3
77 60 3 3
78 72 3 3
78 69 3 3
78 67 3 3
78 76 3 3
79 77 3 3
79 60 3 3
79 64 3 3
79 75 3 3
60 76 3 3
60 71 3 3
60 75 3 3
60 78 3 3
61 76 3 3
61 75 3 3
61 70 3 3
61 77 3 3
62 67 3 3
62 74 3 3
62 71 3 3
62 77 3 3
63 71 3 3
63 72 3 3
63 79 3 3
63 69 3 3
84 80 4 4
84 81 4 4
84 82 4 4
84 83 4 4
85 81 4 4
85 84 4 4
85 82 4 4
85 80 4 4
86 82 4 4
86 81 4 4
86 85 4 4
86 84 4 4
87 82 4 4
87 81 4 4
87 83 4 4
87 85 4 4
88 80 4 4
88 83 4 4
88 81 4 4
88 84 4 4
89 87 4 4
89 86 4 4
89 80 4 4
89 82 4 4
90 86 4 4
90 87 4 4
90 82 4 4
90 89 4 4
91 80 4 4
91 83 4 4
91 89 4 4
91 84 4 4
92 88 4 4
92 83 4 4
92 81 4 4
92 84 4 4
93 84 4 4
93 92 4 4
93 80 4 4
93 81 4 4
94 90 4 4
94 81 4 4
94 87 4 4
94 89 4 4
95 88 4 4
95 81 4 4
95 92 4 4
95 84 4 4
96 81 4 4
96 84 4 4
96 87 4 4
96 85 4 4
97 92 4 4
97 89 4 4
97 84 4 4
97 85 4 4
98 96 4 4
98 81 4 4
98 92 4 4
98 97 4 4
99 95 4 4
99 93 4 4
99 96 4 4
99 88 4 4
80 90 4 4
80 99 4 4
80 95 4 4
80 96 4 4
81 97 4 4
81 99 4 4
81 91 4 4
81 89 4 4
82 96 4 4
82 97 4 4
82 91 4 4
82 98 4 4
83 90 4 4
83 89 4 4
83 86 4 4
83 94 4 4
104 102 5 5
104 103 5 5
104 100 5 5
104 101 5 5
105 101 5 5
105 104 5 5
105 103 5 5
105 100 5 5
106 103 5 5
106 101 5 5
106 105 5 5
106 104 5 5
107 106 5 5
107 105 5 5
107 103 5 5
107 104 5 5
108 100 5 5
108 107 5 5
108 103 5 5
108 104 5 5
109 103 5 5
109 101 5 5
109 108 5 5
109 104 5 5
110 105 5 5
110 104 5 5
110 103 5 5
110 109 5 5
111 106 5 5
111 107 5 5
111 102 5 5
111 101 5 5
112 111 5 5
112 103 5 5
112 107 5 5
112 110 5 5
113 102 5 5
113 104 5 5
113 101 5 5
113 110 5 5
114 107 5 5
114 101 5 5
114 113 5 5
114 112 5 5
115 104 5 5
115 108 5 5
115 102 5 5
115 103 5 5
116 102 5 5
116 100 5 5
116 113 5 5
116 110 5 5
117 106 5 5
117 114 5 5
117 112 5 5
117 101 5 5
118 115 5 5
118 108 5 5
118 100 5 5
118 101 5 5
119 109 5 5
119 112 5 5
119 100 5 5
119 108 5 5
100 115 5 5
100 109 5 5
100 112 5 5
100 117 5 5
101 110 5 5
101 116 5 5
101 107 5 5
101 108 5 5
102 110 5 5
102 109 5 5
102 118 5 5
102 117 5 5
103 114 5 5
103 119 5 5
103 117 5 5
103 118 5 5
124 123 6 6
124 122 6 6
124 121 6 6
124 120 6 6
125 124 6 6
125 122 6 6
125 120 6 6
125 121 6 6
126 120 6 6
126 123 6 6
126 124 6 6
126 125 6 6
127 120 6 6
127 126 6 6
127 123 6 6
127 121 6 6
128 121 6 6
128 124 6 6
128 127 6 6
128 125 6 6
129 121 6 6
129 122 6 6
129 127 6 6
129 120 6 6
130 123 6 6
130 120 6 6
130 126 6 6
130 127 6 6
131 124 6 6
131 122 6 6
131 128 6 6
131 129 6 6
132 125 6 6
132 131 6 6
132 124 6 6
132 128 6 6
133 124 6 6
133 122 6 6
133 132 6 6
133 125 6 6
134 133 6 6
134 122 6 6
134 131 6 6
134 124 6 6
135 120 6 6
135 123 6 6
135 129 6 6
135 126 6 6
136 124 6 6
136 129 6 6
136 134 6 6
136 128 6 6
137 132 6 6
137 125 6 6
137 126 6 6
137 122 6 6
138 125 6 6
138 137 6 6
138 128 6 6
138 130 6 6
139 124 6 6
139 127 6 6
139 133 6 6
139 134 6 6
120 134 6 6
120 139 6 6
120 136 6 6
120 137 6 6
121 139 6 6
121 131 6 6
121 126 6 6
121 132 6 6
122 136 6 6
122 128 6 6
122 132 6 6
122 126 6 6
123 139 6 6
123 128 6 6
123 136 6 6
123 129 6 6
144 140 7 7
144 141 7 7
144 143 7 7
144 142 7 7
145 141 7 7
145 144 7 7
145 140 7 7
145 143 7 7
146 144 7 7
146 141 7 7
146 143 7 7
146 140 7 7
147 143 7 7
147 146 7 7
147 144 7 7
147 145 7 7
148 146 7 7
148 142 7 7
148 145 7 7
148 143 7 7
149 141 7 7
149 144 7 7
149 140 7 7
149 142 7 7
150 145 7 7
150 142 7 7
150 148 7 7
150 147 7 7
151 148 7 7
151 142 7 7
151 150 7 7
151 141 7 7
152 144 7 7
152 140 7 7
152 142 7 7
152 146 7 7
153 145 7 7
153 146 7 7
153 147 7 7
153 142 7 7
154 145 7 7
154 147 7 7
154 150 7 7
154 149 7 7
155 147 7 7
155 141 7 7
155 145 7 7
155 153 7 7
156 154 7 7
156 149 7 7
156 140 7 7
156 142 7 7
157 141 7 7
157 154 7 7
157 156 7 7
157 152 7 7
158 140 7 7
158 154 7 7
158 156 7 7
158 152 7 7
159 152 7 7
159 158 7 7
159 146 7 7
159 156 7 7
140 153 7 7
140 157 7 7
140 154 7 7
140 151 7 7
141 152 7 7
141 147 7 7
141 158 7 7
141 154 7 7
142 158 7 7
142 154 7 7
142 145 7 7
142 146 7 7
143 150 7 7
143 159 7 7
143 149 7 7
143 155 7 7
164 163 8 8
164 161 8 8
164 160 8 8
164 162 8 8
165 160 8 8
165 163 8 8
165 161 8 8
165 162 8 8
166 163 8 8
166 160 8 8
166 162 8 8
166 165 8 8
167 160 8 8
167 165 8 8
167 162 8 8
167 166 8 8
168 162 8 8
168 163 8 8
168 164 8 8
168 165 8 8
169 165 8 8
169 167 8 8
169 160 8 8
169 161 8 8
170 163 8 8
170 167 8 8
170 169 8 8
170 160 8 8
171 167 8 8
171 169 8 8
171 170 8 8
171 166 8 8
172 165 8 8
172 163 8 8
172 171 8 8
172 160 8 8
173 172 8 8
173 165 8 8
173 168 8 8
173 163 8 8
174 172 8 8
174 164 8 8
174 163 8 8
174 166 8 8
175 160 8 8
175 165 8 8
175 162 8 8
175 164 8 8
176 166 8 8
176 175 8 8
176 173 8 8
176 160 8 8
177 167 8 8
177 171 8 8
177 169 8 8
177 161 8 8
178 176 8 8
178 177 8 8
178 173 8 8
178 169 8 8
179 161 8 8
179 177 8 8
179 176 8 8
179 178 8 8
160 178 8 8
160 168 8 8
160 173 8 8
160 179 8 8
161 178 8 8
161 173 8 8
161 166 8 8
161 176 8 8
162 170 8 8
162 178 8 8
162 176 8 8
162 174 8 8
163 177 8 8
163 176 8 8
163 178 8 8
163 175 8 8
184 180 9 9
184 181 9 9
184 182 9 9
184 183 9 9
185 180 9 9
185 183 9 9
185 182 9 9
185 181 9 9
186 181 9 9
186 184 9 9
186 185 9 9
186 180 9 9
187 180 9 9
187 184 9 9
187 181 9 9
187 182 9 9
188 186 9 9
188 184 9 9
188 180 9 9
188 183 9 9
189 187 9 9
189 186 9 9
189 182 9 9
189 181 9 9
190 187 9 9
190 181 9 9
190 186 9 9
190 180 9 9
191 182 9 9
191 185 9 9
191 184 9 9
191 183 9 9
192 190 9 9
192 187 9 9
192 181 9 9
192 180 9 9
193 183 9 9
193 182 9 9
193 186 9 9
193 190 9 9
194 187 9 9
194 193 9 9
194 191 9 9
194 182 9 9
195 193 9 9
195 181 9 9
195 186 9 9
195 190 9 9
196 180 9 9
196 181 9 9
196 188 9 9
196 195 9 9
197 185 9 9
197 191 9 9
197 186 9 9
197 194 9 9
198 196 9 9
198 181 9 9
198 180 9 9
198 188 9 9
199 188 9 9
199 184 9 9
199 198 9 9
199 196 9 9
180 193 9 9
180 199 9 9
180 191 9 9
180 197 9 9
181 193 9 9
181 199 9 9
181 188 9 9
181 191 9 9
182 190 9 9
182 188 9 9
182 192 9 9
182 195 9 9
183 192 9 9
183 186 9 9
183 187 9 9
183 194 9 9
204 200 10 10
204 203 10 10
204 201 10 10
204 202 10 10
205 202 10 10
205 201 10 10
205 204 10 10
205 200 10 10
206 205 10 10
206 202 10 10
206 203 10 10
206 200 10 10
207 205 10 10
207 201 10 10
207 200 10 10
207 202 10 10
208 206 10 10
208 202 10 10
208 201 10 10
208 203 10 10
209 202 10 10
209 203 10 10
209 205 10 10
209 207 10 10
210 207 10 10
210 200 10 10
210 201 10 10
210 206 10 10
211 210 10 10
211 200 10 10
211 206 10 10
211 202 10 10
212 202 10 10
212 208 10 10
212 210 10 10
212 209 10 10
213 212 10 10
213 200 10 10
213 210 10 10
213 201 10 10
214 205 10 10
214 212 10 10
214 207 10 10
214 206 10 10
215 203 10 10
215 211 10 10
215 206 10 10
215 202 10 10
216 205 10 10
216 211 10 10
216 210 10 10
216 207 10 10
217 208 10 10
217 207 10 10
217 211 10 10
217 210 10 10
218 200 10 10
218 211 10 10
218 216 10 10
218 204 10 10
219 212 10 10
219 207 10 10
219 218 10 10
219 202 10 10
200 217 10 10
200 215 10 10
200 208 10 10
200 216 10 10
201 219 10 10
201 212 10 10
201 217 10 10
201 214 10 10
202 218 10 10
202 214 10 10
202 213 10 10
202 216 10 10
203 219 10 10
203 216 10 10
203 211 10 10
203 212 10 10
224 220 11 11
224 223 11 11
224 221 11 11
224 222 11 11
225 221 11 11
225 223 11 11
225 224 11 11
225 222 11 11
226 221 11 11
226 225 11 11
226 220 11 11
226 224 11 11
227 220 11 11
227 225 11 11
227 223 11 11
227 226 11 11
228 223 11 11
228 227 11 11
228 226 11 11
228 221 11 11
229 225 11 11
229 227 11 11
229 226 11 11
229 222 11 11
230 227 11 11
230 229 11 11
230 225 11 11
230 221 11 11
231 223 11 11
231 229 11 11
231 227 11 11
231 230 11 11
232 226 11 11
232 231 11 11
232 221 11 11
232 225 11 11
233 222 11 11
233 232 11 11
233 225 11 11
233 231 11 11
234 232 11 11
234 227 11 11
234 220 11 11
234 221 11 11
235 233 11 11
235 221 11 11
235 223 11 11
235 231 11 11
236 226 11 11
236 234 11 11
236 225 11 11
236 230 11 11
237 224 11 11
237 226 11 11
237 234 11 11
237 225 11 11
238 225 11 11
238 230 11 11
238 231 11 11
238 233 11 11
239 234 11 11
239 220 11 11
239 231 11 11
239 224 11 11
220 232 11 11
220 235 11 11
220 236 11 11
220 238 11 11
221 236 11 11
221 233 11 11
221 231 11 11
221 237 11 11
222 230 11 11
222 239 11 11
222 231 11 11
222 235 11 11
223 234 11 11
223 230 11 11
223 237 11 11
223 238 11 11
244 240 12 12
244 243 12 12
244 241 12 12
244 242 12 12
245 240 12 12
245 244 12 12
245 243 12 12
245 241 12 12
246 244 12 12
246 245 12 12
246 241 12 12
246 240 12 12
247 241 12 12
247 242 12 12
247 243 12 12
247 240 12 12
248 242 12 12
248 243 12 12
248 240 12 12
248 247 12 12
249 248 12 12
249 243 12 12
249 246 12 12
249 241 12 12
250 243 12 12
250 246 12 12
250 247 12 12
250 248 12 12
251 242 12 12
251 241 12 12
251 250 12 12
251 243 12 12
252 250 12 12
252 247 12 12
252 243 12 12
252 251 12 12
253 247 12 12
253 250 12 12
253 243 12 12
253 242 12 12
254 248 12 12
254 251 12 12
254 242 12 12
254 245 12 12
255 246 12 12
255 249 12 12
255 245 12 12
255 243 12 12
256 245 12 12
256 249 12 12
256 255 12 12
256 246 12 12
257 255 12 12
257 247 12 12
257 254 12 12
257 240 12 12
258 256 12 12
258 253 12 12
258 246 12 12
258 241 12 12
259 258 12 12
259 256 12 12
259 244 12 12
259 255 12 12
240 251 12 12
240 253 12 12
240 252 12 12
240 255 12 12
241 253 12 12
241 248 12 12
241 254 12 12
241 250 12 12
242 256 12 12
242 259 12 12
242 246 12 12
242 252 12 12
243 258 12 12
243 254 12 12
243 259 12 12
243 256 12 12
264 261 13 13
264 263 13 13
264 260 13 13
264 262 13 13
265 261 13 13
265 262 13 13
265 264 13 13
265 260 13 13
266 262 13 13
266 265 13 13
266 261 13 13
266 263 13 13
267 262 13 13
267 263 13 13
267 264 13 13
267 265 13 13
268 267 13 13
268 260 13 13
268 261 13 13
268 264 13 13
269 261 13 13
269 268 13 13
269 260 13 13
269 264 13 13
270 264 13 13
270 268 13 13
270 269 13 13
270 267 13 13
271 270 13 13
271 262 13 13
271 266 13 13
271 260 13 13
272 261 13 13
272 271 13 13
272 267 13 13
272 262 13 13
273 262 13 13
273 265 13 13
273 263 13 13
273 270 13 13
274 269 13 13
274 267 13 13
274 268 13 13
274 270 13 13
275 273 13 13
275 270 13 13
275 260 13 13
275 271 13 13
276 275 13 13
276 264 13 13
276 269 13 13
276 261 13 13
277 273 13 13
277 271 13 13
277 266 13 13
277 267 13 13
278 269 13 13
278 267 13 13
278 270 13 13
278 273 13 13
279 265 13 13
279 266 13 13
279 262 13 13
279 267 13 13
260 273 13 13
260 278 13 13
260 270 13 13
260 277 13 13
261 274 13 13
261 275 13 13
261 273 13 13
261 267 13 13
262 277 13 13
262 269 13 13
262 274 13 13
262 276 13 13
263 275 13 13
263 277 13 13
263 270 13 13
263 272 13 13
284 280 14 14
284 282 14 14
284 281 14 14
284 283 14 14
285 282 14 14
285 283 14 14
285 284 14 14
285 280 14 14
286 281 14 14
286 284 14 14
286 283 14 14
286 285 14 14
287 280 14 14
287 284 14 14
287 283 14 14
287 282 14 14
288 282 14 14
288 286 14 14
288 281 14 14
288 284 14 14
289 282 14 14
289 288 14 14
289 283 14 14
289 284 14 14
290 282 14 14
290 287 14 14
290 285 14 14
290 289 14 14
291 280 14 14
291 285 14 14
291 289 14 14
291 290 14 14
292 285 14 14
292 286 14 14
292 287 14 14
292 291 14 14
293 286 14 14
293 290 14 14
293 283 14 14
293 284 14 14
294 284 14 14
294 292 14 14
294 291 14 14
294 293 14 14
295 280 14 14
295 282 14 14
295 284 14 14
295 292 14 14
296 290 14 14
296 294 14 14
296 287 14 14
296 295 14 14
297 294 14 14
297 292 14 14
297 295 14 14
297 284 14 14
298 297 14 14
298 294 14 14
298 296 14 14
298 287 14 14
299 293 14 14
299 289 14 14
299 284 14 14
299 286 14 14
280 290 14 14
280 296 14 14
280 298 14 14
280 297 14 14
281 299 14 14
281 285 14 14
281 290 14 14
281 289 14 14
282 297 14 14
282 292 14 14
282 299 14 14
282 286 14 14
283 299 14 14
283 292 14 14
283 295 14 14
283 294 14 14
304 300 15 15
304 301 15 15
304 302 15 15
304 303 15 15
305 302 15 15
305 303 15 15
305 300 15 15
305 301 15 15
306 302 15 15
306 301 15 15
306 305 15 15
306 303 15 15
307 302 15 15
307 303 15 15
307 301 15 15
307 306 15 15
308 306 15 15
308 307 15 15
308 305 15 15
308 302 15 15
309 305 15 15
309 304 15 15
309 302 15 15
309 307 15 15
310 309 15 15
310 308 15 15
310 304 15 15
310 303 15 15
311 307 15 15
311 305 15 15
311 303 15 15
311 301 15 15
312 305 15 15
312 310 15 15
312 309 15 15
312 303 15 15
313 307 15 15
313 308 15 15
313 303 15 15
313 300 15 15
314 306 15 15
314 307 15 15
314 311 15 15
314 301 15 15
315 302 15 15
315 310 15 15
315 309 15 15
315 305 15 15
316 312 15 15
316 314 15 15
316 305 15 15
316 309 15 15
317 305 15 15
317 306 15 15
317 313 15 15
317 315 15 15
318 312 15 15
318 303 15 15
318 305 15 15
318 307 15 15
319 304 15 15
319 311 15 15
319 310 15 15
319 315 15 15
300 310 15 15
300 311 15 15
300 318 15 15
300 308 15 15
301 308 15 15
301 313 15 15
301 312 15 15
301 310 15 15
302 319 15 15
302 314 15 15
302 316 15 15
302 313 15 15
303 309 15 15
303 317 15 15
303 319 15 15
303 316 15 15
93 69 4 3
95 47 4 2
83 3 4 0
99 38 4 1
100 58 5 2
104 9 5 0
114 21 5 1
104 73 5 3
139 0 6 0
125 67 6 3
139 100 6 5
136 41 6 2
149 75 7 3
155 109 7 5
148 21 7 1
153 94 7 4
176 6 8 0
175 60 8 3
178 123 8 6
165 110 8 5
188 138 9 6
190 51 9 2
199 21 9 1
182 173 9 8
200 35 10 1
206 102 10 5
203 86 10 4
203 169 10 8
233 77 11 3
224 127 11 6
227 144 11 7
232 6 11 0
245 206 12 10
246 28 12 1
247 0 12 0
240 194 12 9
263 43 13 2
277 92 13 4
271 131 13 6
269 142 13 7
294 233 14 11
297 60 14 3
287 110 14 5
281 251 14 12
305 99 15 4
314 268 15 13
316 154 15 7
303 117 15 5
7 206 0 10
0 273 0 13
4 157 0 7
7 188 0 9
37 311 1 15
27 171 1 8
36 293 1 14
37 262 1 13
41 206 2 10
43 179 2 8
40 256 2 12
52 147 2 7
76 254 3 12
67 276 3 13
73 180 3 9
76 205 3 10
