swNum = 320
edgeNum = 1342

0 0
1 0
2 0
3 0
4 0
5 0
6 0
7 0
8 0
9 0
10 0
11 0
12 0
13 0
14 0
15 0
16 0
17 0
18 0
19 0
20 1
21 1
22 1
23 1
24 1
25 1
26 1
27 1
28 1
29 1
30 1
31 1
32 1
33 1
34 1
35 1
36 1
37 1
38 1
39 1
40 2
41 2
42 2
43 2
44 2
45 2
46 2
47 2
48 2
49 2
50 2
51 2
52 2
53 2
54 2
55 2
56 2
57 2
58 2
59 2
60 3
61 3
62 3
63 3
64 3
65 3
66 3
67 3
68 3
69 3
70 3
71 3
72 3
73 3
74 3
75 3
76 3
77 3
78 3
79 3
80 4
81 4
82 4
83 4
84 4
85 4
86 4
87 4
88 4
89 4
90 4
91 4
92 4
93 4
94 4
95 4
96 4
97 4
98 4
99 4
100 5
101 5
102 5
103 5
104 5
105 5
106 5
107 5
108 5
109 5
110 5
111 5
112 5
113 5
114 5
115 5
116 5
117 5
118 5
119 5
120 6
121 6
122 6
123 6
124 6
125 6
126 6
127 6
128 6
129 6
130 6
131 6
132 6
133 6
134 6
135 6
136 6
137 6
138 6
139 6
140 7
141 7
142 7
143 7
144 7
145 7
146 7
147 7
148 7
149 7
150 7
151 7
152 7
153 7
154 7
155 7
156 7
157 7
158 7
159 7
160 8
161 8
162 8
163 8
164 8
165 8
166 8
167 8
168 8
169 8
170 8
171 8
172 8
173 8
174 8
175 8
176 8
177 8
178 8
179 8
180 9
181 9
182 9
183 9
184 9
185 9
186 9
187 9
188 9
189 9
190 9
191 9
192 9
193 9
194 9
195 9
196 9
197 9
198 9
199 9
200 10
201 10
202 10
203 10
204 10
205 10
206 10
207 10
208 10
209 10
210 10
211 10
212 10
213 10
214 10
215 10
216 10
217 10
218 10
219 10
220 11
221 11
222 11
223 11
224 11
225 11
226 11
227 11
228 11
229 11
230 11
231 11
232 11
233 11
234 11
235 11
236 11
237 11
238 11
239 11
240 12
241 12
242 12
243 12
244 12
245 12
246 12
247 12
248 12
249 12
250 12
251 12
252 12
253 12
254 12
255 12
256 12
257 12
258 12
259 12
260 13
261 13
262 13
263 13
264 13
265 13
266 13
267 13
268 13
269 13
270 13
271 13
272 13
273 13
274 13
275 13
276 13
277 13
278 13
279 13
280 14
281 14
282 14
283 14
284 14
285 14
286 14
287 14
288 14
289 14
290 14
291 14
292 14
293 14
294 14
295 14
296 14
297 14
298 14
299 14
300 15
301 15
302 15
303 15
304 15
305 15
306 15
307 15
308 15
309 15
310 15
311 15
312 15
313 15
314 15
315 15
316 15
317 15
318 15
319 15

4 1 0 0
4 3 0 0
4 0 0 0
4 2 0 0
5 2 0 0
5 0 0 0
5 3 0 0
5 4 0 0
6 2 0 0
6 1 0 0
6 0 0 0
6 5 0 0
7 6 0 0
7 2 0 0
7 0 0 0
7 1 0 0
8 3 0 0
8 6 0 0
8 4 0 0
8 7 0 0
9 7 0 0
9 2 0 0
9 4 0 0
9 1 0 0
10 5 0 0
10 6 0 0
10 0 0 0
10 2 0 0
11 6 0 0
11 9 0 0
11 5 0 0
11 7 0 0
12 10 0 0
12 0 0 0
12 6 0 0
12 3 0 0
13 9 0 0
13 8 0 0
13 7 0 0
13 3 0 0
14 3 0 0
14 8 0 0
14 0 0 0
14 7 0 0
15 3 0 0
15 5 0 0
15 10 0 0
15 8 0 0
16 12 0 0
16 13 0 0
16 7 0 0
16 8 0 0
17 15 0 0
17 9 0 0
17 1 0 0
17 11 0 0
18 6 0 0
18 0 0 0
18 11 0 0
18 2 0 0
19 9 0 0
19 17 0 0
19 18 0 0
19 5 0 0
0 17 0 0
0 11 0 0
0 9 0 0
0 8 0 0
1 8 0 0
1 14 0 0
1 13 0 0
1 19 0 0
2 14 0 0
2 12 0 0
2 8 0 0
2 11 0 0
3 16 0 0
3 10 0 0
3 7 0 0
3 11 0 0
24 22 1 1
24 23 1 1
24 20 1 1
24 21 1 1
25 24 1 1
25 22 1 1
25 20 1 1
25 23 1 1
26 25 1 1
26 20 1 1
26 22 1 1
26 24 1 1
27 20 1 1
27 23 1 1
27 22 1 1
27 25 1 1
28 22 1 1
28 20 1 1
28 25 1 1
28 27 1 1
29 24 1 1
29 25 1 1
29 26 1 1
29 22 1 1
30 29 1 1
30 26 1 1
30 23 1 1
30 28 1 1
31 28 1 1
31 29 1 1
31 20 1 1
31 26 1 1
32 27 1 1
32 30 1 1
32 22 1 1
32 21 1 1
33 24 1 1
33 32 1 1
33 21 1 1
33 26 1 1
34 22 1 1
34 24 1 1
34 21 1 1
34 32 1 1
35 25 1 1
35 31 1 1
35 22 1 1
35 29 1 1
36 25 1 1
36 24 1 1
36 27 1 1
36 31 1 1
37 22 1 1
37 24 1 1
37 25 1 1
37 35 1 1
38 29 1 1
38 30 1 1
38 22 1 1
38 37 1 1
39 22 1 1
39 26 1 1
39 36 1 1
39 27 1 1
20 33 1 1
20 32 1 1
20 30 1 1
20 36 1 1
21 30 1 1
21 31 1 1
21 36 1 1
21 28 1 1
22 30 1 1
22 31 1 1
22 33 1 1
22 36 1 1
23 28 1 1
23 39 1 1
23 29 1 1
23 38 1 1
44 42 2 2
44 41 2 2
44 43 2 2
44 40 2 2
45 40 2 2
45 42 2 2
45 43 2 2
45 44 2 2
46 44 2 2
46 42 2 2
46 41 2 2
46 40 2 2
47 40 2 2
47 42 2 2
47 45 2 2
47 44 2 2
48 40 2 2
48 41 2 2
48 42 2 2
48 44 2 2
49 46 2 2
49 44 2 2
49 43 2 2
49 41 2 2
50 48 2 2
50 47 2 2
50 43 2 2
50 42 2 2
51 41 2 2
51 48 2 2
51 43 2 2
51 49 2 2
52 51 2 2
52 49 2 2
52 41 2 2
52 46 2 2
53 47 2 2
53 51 2 2
53 52 2 2
53 45 2 2
54 45 2 2
54 43 2 2
54 51 2 2
54 40 2 2
55 46 2 2
55 41 2 2
55 50 2 2
55 43 2 2
56 49 2 2
56 43 2 2
56 55 2 2
56 48 2 2
57 42 2 2
57 53 2 2
57 54 2 2
57 47 2 2
58 54 2 2
58 53 2 2
58 40 2 2
58 45 2 2
59 49 2 2
59 55 2 2
59 42 2 2
59 47 2 2
40 56 2 2
40 50 2 2
40 55 2 2
40 53 2 2
41 54 2 2
41 53 2 2
41 47 2 2
41 56 2 2
42 53 2 2
42 55 2 2
42 58 2 2
42 54 2 2
43 46 2 2
43 57 2 2
43 47 2 2
43 52 2 2
64 61 3 3
64 63 3 3
64 62 3 3
64 60 3 3
65 62 3 3
65 60 3 3
65 63 3 3
65 64 3 3
66 61 3 3
66 63 3 3
66 62 3 3
66 65 3 3
67 63 3 3
67 65 3 3
67 61 3 3
67 64 3 3
68 60 3 3
68 62 3 3
68 65 3 3
68 64 3 3
69 68 3 3
69 65 3 3
69 60 3 3
69 62 3 3
70 62 3 3
70 65 3 3
70 64 3 3
70 60 3 3
71 61 3 3
71 66 3 3
71 69 3 3
71 62 3 3
72 64 3 3
72 65 3 3
72 60 3 3
72 67 3 3
73 66 3 3
73 65 3 3
73 71 3 3
73 69 3 3
74 63 3 3
74 67 3 3
74 72 3 3
74 64 3 3
75 68 3 3
75 67 3 3
75 70 3 3
75 60 3 3
76 71 3 3
76 60 3 3
76 68 3 3
76 62 3 3
77 64 3 3
77 72 3 3
77 67 3 3
77 69 3 3
78 63 3 3
78 65 3 3
78 76 3 3
78 68 3 3
79 75 3 3
79 68 3 3
79 74 3 3
79 64 3 3
60 78 3 3
60 74 3 3
60 79 3 3
60 66 3 3
61 74 3 3
61 77 3 3
61 65 3 3
61 72 3 3
62 74 3 3
62 67 3 3
62 79 3 3
62 75 3 3
63 71 3 3
63 70 3 3
63 76 3 3
63 75 3 3
84 80 4 4
84 81 4 4
84 83 4 4
84 82 4 4
85 83 4 4
85 82 4 4
85 80 4 4
85 81 4 4
86 80 4 4
86 83 4 4
86 81 4 4
86 82 4 4
87 80 4 4
87 81 4 4
87 84 4 4
87 86 4 4
88 82 4 4
88 81 4 4
88 87 4 4
88 80 4 4
89 84 4 4
89 80 4 4
89 88 4 4
89 83 4 4
90 81 4 4
90 84 4 4
90 88 4 4
90 89 4 4
91 90 4 4
91 80 4 4
91 86 4 4
91 81 4 4
92 80 4 4
92 84 4 4
92 82 4 4
92 83 4 4
93 86 4 4
93 89 4 4
93 88 4 4
93 90 4 4
94 90 4 4
94 89 4 4
94 91 4 4
94 93 4 4
95 89 4 4
95 83 4 4
95 86 4 4
95 92 4 4
96 84 4 4
96 89 4 4
96 92 4 4
96 86 4 4
97 83 4 4
97 92 4 4
97 89 4 4
97 96 4 4
98 85 4 4
98 87 4 4
98 95 4 4
98 84 4 4
99 91 4 4
99 90 4 4
99 96 4 4
99 80 4 4
80 93 4 4
80 96 4 4
80 94 4 4
80 90 4 4
81 99 4 4
81 97 4 4
81 93 4 4
81 95 4 4
82 93 4 4
82 91 4 4
82 99 4 4
82 87 4 4
83 88 4 4
83 98 4 4
83 99 4 4
83 94 4 4
104 102 5 5
104 101 5 5
104 103 5 5
104 100 5 5
105 101 5 5
105 104 5 5
105 103 5 5
105 100 5 5
106 103 5 5
106 101 5 5
106 105 5 5
106 104 5 5
107 106 5 5
107 104 5 5
107 100 5 5
107 105 5 5
108 102 5 5
108 106 5 5
108 104 5 5
108 101 5 5
109 108 5 5
109 101 5 5
109 102 5 5
109 107 5 5
110 101 5 5
110 108 5 5
110 106 5 5
110 102 5 5
111 101 5 5
111 106 5 5
111 103 5 5
111 108 5 5
112 108 5 5
112 100 5 5
112 107 5 5
112 106 5 5
113 108 5 5
113 111 5 5
113 101 5 5
113 110 5 5
114 112 5 5
114 111 5 5
114 106 5 5
114 102 5 5
115 114 5 5
115 110 5 5
115 113 5 5
115 111 5 5
116 112 5 5
116 107 5 5
116 102 5 5
116 106 5 5
117 102 5 5
117 116 5 5
117 104 5 5
117 108 5 5
118 107 5 5
118 109 5 5
118 116 5 5
118 117 5 5
119 104 5 5
119 111 5 5
119 100 5 5
119 110 5 5
100 106 5 5
100 111 5 5
100 116 5 5
100 113 5 5
101 107 5 5
101 117 5 5
101 119 5 5
101 114 5 5
102 113 5 5
102 119 5 5
102 115 5 5
102 106 5 5
103 110 5 5
103 115 5 5
103 113 5 5
103 119 5 5
124 121 6 6
124 120 6 6
124 123 6 6
124 122 6 6
125 121 6 6
125 120 6 6
125 122 6 6
125 124 6 6
126 121 6 6
126 123 6 6
126 125 6 6
126 124 6 6
127 122 6 6
127 125 6 6
127 121 6 6
127 124 6 6
128 121 6 6
128 120 6 6
128 122 6 6
128 124 6 6
129 124 6 6
129 120 6 6
129 123 6 6
129 127 6 6
130 120 6 6
130 123 6 6
130 122 6 6
130 124 6 6
131 120 6 6
131 121 6 6
131 125 6 6
131 126 6 6
132 120 6 6
132 121 6 6
132 130 6 6
132 123 6 6
133 127 6 6
133 124 6 6
133 123 6 6
133 122 6 6
134 127 6 6
134 133 6 6
134 129 6 6
134 132 6 6
135 126 6 6
135 133 6 6
135 134 6 6
135 131 6 6
136 120 6 6
136 133 6 6
136 125 6 6
136 134 6 6
137 130 6 6
137 120 6 6
137 127 6 6
137 125 6 6
138 135 6 6
138 126 6 6
138 129 6 6
138 134 6 6
139 126 6 6
139 124 6 6
139 130 6 6
139 122 6 6
120 127 6 6
120 139 6 6
120 133 6 6
120 138 6 6
121 130 6 6
121 136 6 6
121 138 6 6
121 129 6 6
122 137 6 6
122 135 6 6
122 136 6 6
122 138 6 6
123 134 6 6
123 128 6 6
123 138 6 6
123 136 6 6
144 143 7 7
144 142 7 7
144 141 7 7
144 140 7 7
145 144 7 7
145 141 7 7
145 143 7 7
145 140 7 7
146 141 7 7
146 142 7 7
146 145 7 7
146 143 7 7
147 141 7 7
147 140 7 7
147 144 7 7
147 142 7 7
148 143 7 7
148 142 7 7
148 145 7 7
148 146 7 7
149 144 7 7
149 143 7 7
149 146 7 7
149 145 7 7
150 148 7 7
150 141 7 7
150 147 7 7
150 142 7 7
151 150 7 7
151 149 7 7
151 148 7 7
151 146 7 7
152 150 7 7
152 147 7 7
152 149 7 7
152 151 7 7
153 140 7 7
153 150 7 7
153 142 7 7
153 148 7 7
154 153 7 7
154 151 7 7
154 140 7 7
154 148 7 7
155 150 7 7
155 147 7 7
155 146 7 7
155 141 7 7
156 150 7 7
156 152 7 7
156 153 7 7
156 154 7 7
157 141 7 7
157 156 7 7
157 146 7 7
157 142 7 7
158 156 7 7
158 153 7 7
158 148 7 7
158 143 7 7
159 152 7 7
159 154 7 7
159 144 7 7
159 145 7 7
140 149 7 7
140 152 7 7
140 159 7 7
140 156 7 7
141 149 7 7
141 159 7 7
141 152 7 7
141 151 7 7
142 156 7 7
142 154 7 7
142 158 7 7
142 155 7 7
143 155 7 7
143 159 7 7
143 150 7 7
143 152 7 7
164 160 8 8
164 161 8 8
164 162 8 8
164 163 8 8
165 163 8 8
165 160 8 8
165 162 8 8
165 164 8 8
166 160 8 8
166 162 8 8
166 161 8 8
166 163 8 8
167 162 8 8
167 165 8 8
167 160 8 8
167 161 8 8
168 165 8 8
168 164 8 8
168 161 8 8
168 167 8 8
169 168 8 8
169 161 8 8
169 160 8 8
169 162 8 8
170 165 8 8
170 162 8 8
170 163 8 8
170 164 8 8
171 167 8 8
171 161 8 8
171 165 8 8
171 170 8 8
172 163 8 8
172 160 8 8
172 169 8 8
172 168 8 8
173 169 8 8
173 172 8 8
173 161 8 8
173 165 8 8
174 169 8 8
174 163 8 8
174 167 8 8
174 161 8 8
175 169 8 8
175 164 8 8
175 170 8 8
175 161 8 8
176 173 8 8
176 169 8 8
176 171 8 8
176 168 8 8
177 163 8 8
177 172 8 8
177 160 8 8
177 175 8 8
178 176 8 8
178 171 8 8
178 169 8 8
178 162 8 8
179 167 8 8
179 165 8 8
179 169 8 8
179 178 8 8
160 173 8 8
160 176 8 8
160 171 8 8
160 178 8 8
161 165 8 8
161 170 8 8
161 172 8 8
161 177 8 8
162 179 8 8
162 176 8 8
162 171 8 8
162 168 8 8
163 169 8 8
163 173 8 8
163 171 8 8
163 176 8 8
184 183 9 9
184 182 9 9
184 180 9 9
184 181 9 9
185 181 9 9
185 180 9 9
185 184 9 9
185 183 9 9
186 185 9 9
186 184 9 9
186 182 9 9
186 181 9 9
187 184 9 9
187 186 9 9
187 182 9 9
187 185 9 9
188 185 9 9
188 181 9 9
188 183 9 9
188 184 9 9
189 187 9 9
189 182 9 9
189 184 9 9
189 186 9 9
190 185 9 9
190 182 9 9
190 184 9 9
190 189 9 9
191 190 9 9
191 184 9 9
191 182 9 9
191 187 9 9
192 191 9 9
192 187 9 9
192 189 9 9
192 184 9 9
193 191 9 9
193 184 9 9
193 185 9 9
193 188 9 9
194 192 9 9
194 186 9 9
194 182 9 9
194 190 9 9
195 190 9 9
195 182 9 9
195 189 9 9
195 194 9 9
196 189 9 9
196 195 9 9
196 182 9 9
196 193 9 9
197 192 9 9
197 196 9 9
197 188 9 9
197 193 9 9
198 196 9 9
198 185 9 9
198 197 9 9
198 181 9 9
199 197 9 9
199 186 9 9
199 195 9 9
199 184 9 9
180 190 9 9
180 193 9 9
180 186 9 9
180 197 9 9
181 195 9 9
181 194 9 9
181 199 9 9
181 190 9 9
182 193 9 9
182 198 9 9
182 192 9 9
182 197 9 9
183 199 9 9
183 189 9 9
183 196 9 9
183 197 9 9
204 200 10 10
204 202 10 10
204 203 10 10
204 201 10 10
205 201 10 10
205 203 10 10
205 200 10 10
205 204 10 10
206 200 10 10
206 203 10 10
206 204 10 10
206 201 10 10
207 202 10 10
207 201 10 10
207 206 10 10
207 200 10 10
208 206 10 10
208 202 10 10
208 207 10 10
208 201 10 10
209 207 10 10
209 201 10 10
209 200 10 10
209 203 10 10
210 204 10 10
210 207 10 10
210 201 10 10
210 205 10 10
211 208 10 10
211 204 10 10
211 201 10 10
211 200 10 10
212 200 10 10
212 207 10 10
212 208 10 10
212 210 10 10
213 200 10 10
213 204 10 10
213 211 10 10
213 207 10 10
214 211 10 10
214 205 10 10
214 207 10 10
214 200 10 10
215 208 10 10
215 204 10 10
215 200 10 10
215 211 10 10
216 215 10 10
216 206 10 10
216 207 10 10
216 212 10 10
217 214 10 10
217 204 10 10
217 215 10 10
217 203 10 10
218 212 10 10
218 203 10 10
218 202 10 10
218 210 10 10
219 216 10 10
219 215 10 10
219 204 10 10
219 214 10 10
200 219 10 10
200 217 10 10
200 216 10 10
200 208 10 10
201 214 10 10
201 212 10 10
201 219 10 10
201 217 10 10
202 214 10 10
202 215 10 10
202 206 10 10
202 210 10 10
203 207 10 10
203 216 10 10
203 210 10 10
203 212 10 10
224 223 11 11
224 220 11 11
224 221 11 11
224 222 11 11
225 223 11 11
225 220 11 11
225 221 11 11
225 222 11 11
226 225 11 11
226 220 11 11
226 224 11 11
226 223 11 11
227 225 11 11
227 222 11 11
227 223 11 11
227 221 11 11
228 223 11 11
228 225 11 11
228 227 11 11
228 221 11 11
229 225 11 11
229 224 11 11
229 223 11 11
229 228 11 11
230 227 11 11
230 221 11 11
230 220 11 11
230 225 11 11
231 222 11 11
231 226 11 11
231 224 11 11
231 220 11 11
232 231 11 11
232 222 11 11
232 220 11 11
232 225 11 11
233 230 11 11
233 223 11 11
233 227 11 11
233 225 11 11
234 221 11 11
234 229 11 11
234 232 11 11
234 228 11 11
235 232 11 11
235 225 11 11
235 224 11 11
235 229 11 11
236 231 11 11
236 233 11 11
236 232 11 11
236 234 11 11
237 225 11 11
237 232 11 11
237 234 11 11
237 229 11 11
238 230 11 11
238 227 11 11
238 233 11 11
238 221 11 11
239 224 11 11
239 231 11 11
239 221 11 11
239 225 11 11
220 233 11 11
220 237 11 11
220 228 11 11
220 239 11 11
221 235 11 11
221 236 11 11
221 237 11 11
221 232 11 11
222 235 11 11
222 229 11 11
222 234 11 11
222 228 11 11
223 234 11 11
223 236 11 11
223 239 11 11
223 230 11 11
244 242 12 12
244 241 12 12
244 243 12 12
244 240 12 12
245 244 12 12
245 240 12 12
245 243 12 12
245 241 12 12
246 244 12 12
246 241 12 12
246 242 12 12
246 243 12 12
247 245 12 12
247 243 12 12
247 244 12 12
247 242 12 12
248 244 12 12
248 247 12 12
248 245 12 12
248 246 12 12
249 245 12 12
249 242 12 12
249 241 12 12
249 246 12 12
250 242 12 12
250 245 12 12
250 244 12 12
250 249 12 12
251 246 12 12
251 244 12 12
251 247 12 12
251 243 12 12
252 247 12 12
252 243 12 12
252 248 12 12
252 245 12 12
253 249 12 12
253 240 12 12
253 242 12 12
253 246 12 12
254 242 12 12
254 247 12 12
254 244 12 12
254 248 12 12
255 251 12 12
255 242 12 12
255 254 12 12
255 249 12 12
256 255 12 12
256 243 12 12
256 244 12 12
256 252 12 12
257 243 12 12
257 252 12 12
257 248 12 12
257 250 12 12
258 256 12 12
258 253 12 12
258 249 12 12
258 240 12 12
259 243 12 12
259 246 12 12
259 241 12 12
259 250 12 12
240 254 12 12
240 249 12 12
240 256 12 12
240 250 12 12
241 258 12 12
241 250 12 12
241 251 12 12
241 247 12 12
242 248 12 12
242 245 12 12
242 259 12 12
242 258 12 12
243 254 12 12
243 250 12 12
243 248 12 12
243 258 12 12
264 260 13 13
264 263 13 13
264 262 13 13
264 261 13 13
265 260 13 13
265 263 13 13
265 262 13 13
265 264 13 13
266 265 13 13
266 264 13 13
266 261 13 13
266 260 13 13
267 263 13 13
267 262 13 13
267 265 13 13
267 266 13 13
268 263 13 13
268 264 13 13
268 266 13 13
268 267 13 13
269 268 13 13
269 261 13 13
269 262 13 13
269 265 13 13
270 262 13 13
270 267 13 13
270 261 13 13
270 263 13 13
271 261 13 13
271 266 13 13
271 262 13 13
271 270 13 13
272 270 13 13
272 266 13 13
272 269 13 13
272 265 13 13
273 262 13 13
273 268 13 13
273 261 13 13
273 269 13 13
274 271 13 13
274 269 13 13
274 272 13 13
274 261 13 13
275 264 13 13
275 263 13 13
275 271 13 13
275 266 13 13
276 273 13 13
276 266 13 13
276 268 13 13
276 261 13 13
277 266 13 13
277 273 13 13
277 270 13 13
277 269 13 13
278 263 13 13
278 262 13 13
278 261 13 13
278 267 13 13
279 266 13 13
279 276 13 13
279 261 13 13
279 278 13 13
260 274 13 13
260 268 13 13
260 273 13 13
260 277 13 13
261 267 13 13
261 268 13 13
261 275 13 13
261 277 13 13
262 276 13 13
262 268 13 13
262 272 13 13
262 279 13 13
263 266 13 13
263 276 13 13
263 269 13 13
263 277 13 13
284 282 14 14
284 283 14 14
284 281 14 14
284 280 14 14
285 280 14 14
285 284 14 14
285 283 14 14
285 282 14 14
286 283 14 14
286 280 14 14
286 281 14 14
286 282 14 14
287 284 14 14
287 282 14 14
287 280 14 14
287 286 14 14
288 286 14 14
288 284 14 14
288 281 14 14
288 282 14 14
289 286 14 14
289 288 14 14
289 285 14 14
289 280 14 14
290 289 14 14
290 284 14 14
290 286 14 14
290 280 14 14
291 286 14 14
291 281 14 14
291 282 14 14
291 290 14 14
292 285 14 14
292 280 14 14
292 290 14 14
292 291 14 14
293 287 14 14
293 286 14 14
293 290 14 14
293 289 14 14
294 284 14 14
294 289 14 14
294 280 14 14
294 285 14 14
295 286 14 14
295 288 14 14
295 281 14 14
295 294 14 14
296 283 14 14
296 287 14 14
296 284 14 14
296 288 14 14
297 289 14 14
297 291 14 14
297 286 14 14
297 295 14 14
298 292 14 14
298 290 14 14
298 291 14 14
298 295 14 14
299 291 14 14
299 298 14 14
299 288 14 14
299 280 14 14
280 297 14 14
280 291 14 14
280 288 14 14
280 296 14 14
281 289 14 14
281 297 14 14
281 293 14 14
281 299 14 14
282 293 14 14
282 290 14 14
282 289 14 14
282 295 14 14
283 292 14 14
283 299 14 14
283 291 14 14
283 298 14 14
304 302 15 15
304 301 15 15
304 303 15 15
304 300 15 15
305 304 15 15
305 301 15 15
305 303 15 15
305 302 15 15
306 302 15 15
306 305 15 15
306 303 15 15
306 301 15 15
307 300 15 15
307 303 15 15
307 302 15 15
307 301 15 15
308 305 15 15
308 306 15 15
308 302 15 15
308 307 15 15
309 306 15 15
309 301 15 15
309 307 15 15
309 304 15 15
310 309 15 15
310 301 15 15
310 300 15 15
310 304 15 15
311 304 15 15
311 306 15 15
311 302 15 15
311 305 15 15
312 311 15 15
312 306 15 15
312 301 15 15
312 304 15 15
313 307 15 15
313 300 15 15
313 308 15 15
313 312 15 15
314 301 15 15
314 303 15 15
314 306 15 15
314 312 15 15
315 314 15 15
315 309 15 15
315 305 15 15
315 313 15 15
316 300 15 15
316 307 15 15
316 315 15 15
316 313 15 15
317 306 15 15
317 300 15 15
317 316 15 15
317 307 15 15
318 301 15 15
318 307 15 15
318 316 15 15
318 308 15 15
319 304 15 15
319 310 15 15
319 305 15 15
319 314 15 15
300 311 15 15
300 312 15 15
300 305 15 15
300 315 15 15
301 317 15 15
301 319 15 15
301 311 15 15
301 313 15 15
302 315 15 15
302 312 15 15
302 319 15 15
302 316 15 15
303 319 15 15
303 310 15 15
303 312 15 15
303 311 15 15
96 39 4 1
82 42 4 2
98 76 4 3
94 5 4 0
102 39 5 1
117 87 5 4
107 8 5 0
109 57 5 2
136 59 6 2
121 20 6 1
124 85 6 4
129 108 6 5
156 54 7 2
156 92 7 4
140 14 7 0
141 124 7 6
171 123 8 6
174 107 8 5
160 17 8 0
163 89 8 4
189 116 9 5
183 121 9 6
181 21 9 1
187 96 9 4
219 194 10 9
203 87 10 4
208 66 10 3
216 38 10 1
239 29 11 1
237 136 11 6
231 150 11 7
239 83 11 4
250 77 12 3
241 36 12 1
258 130 12 6
252 239 12 11
269 177 13 8
263 7 13 0
262 73 13 3
270 22 13 1
296 215 14 10
289 26 14 1
288 140 14 7
295 88 14 4
315 267 15 13
302 75 15 3
311 25 15 1
317 13 15 0
1 283 0 14
14 219 0 10
6 194 0 9
1 227 0 11
20 174 1 8
34 145 1 7
51 284 2 14
57 164 2 8
59 307 2 15
47 199 2 9
60 145 3 7
70 170 3 8
62 280 3 14
65 221 3 11
