swNum = 320
edgeNum = 1344

0 0
1 0
2 0
3 0
4 0
5 0
6 0
7 0
8 0
9 0
10 0
11 0
12 0
13 0
14 0
15 0
16 0
17 0
18 0
19 0
20 1
21 1
22 1
23 1
24 1
25 1
26 1
27 1
28 1
29 1
30 1
31 1
32 1
33 1
34 1
35 1
36 1
37 1
38 1
39 1
40 2
41 2
42 2
43 2
44 2
45 2
46 2
47 2
48 2
49 2
50 2
51 2
52 2
53 2
54 2
55 2
56 2
57 2
58 2
59 2
60 3
61 3
62 3
63 3
64 3
65 3
66 3
67 3
68 3
69 3
70 3
71 3
72 3
73 3
74 3
75 3
76 3
77 3
78 3
79 3
80 4
81 4
82 4
83 4
84 4
85 4
86 4
87 4
88 4
89 4
90 4
91 4
92 4
93 4
94 4
95 4
96 4
97 4
98 4
99 4
100 5
101 5
102 5
103 5
104 5
105 5
106 5
107 5
108 5
109 5
110 5
111 5
112 5
113 5
114 5
115 5
116 5
117 5
118 5
119 5
120 6
121 6
122 6
123 6
124 6
125 6
126 6
127 6
128 6
129 6
130 6
131 6
132 6
133 6
134 6
135 6
136 6
137 6
138 6
139 6
140 7
141 7
142 7
143 7
144 7
145 7
146 7
147 7
148 7
149 7
150 7
151 7
152 7
153 7
154 7
155 7
156 7
157 7
158 7
159 7
160 8
161 8
162 8
163 8
164 8
165 8
166 8
167 8
168 8
169 8
170 8
171 8
172 8
173 8
174 8
175 8
176 8
177 8
178 8
179 8
180 9
181 9
182 9
183 9
184 9
185 9
186 9
187 9
188 9
189 9
190 9
191 9
192 9
193 9
194 9
195 9
196 9
197 9
198 9
199 9
200 10
201 10
202 10
203 10
204 10
205 10
206 10
207 10
208 10
209 10
210 10
211 10
212 10
213 10
214 10
215 10
216 10
217 10
218 10
219 10
220 11
221 11
222 11
223 11
224 11
225 11
226 11
227 11
228 11
229 11
230 11
231 11
232 11
233 11
234 11
235 11
236 11
237 11
238 11
239 11
240 12
241 12
242 12
243 12
244 12
245 12
246 12
247 12
248 12
249 12
250 12
251 12
252 12
253 12
254 12
255 12
256 12
257 12
258 12
259 12
260 13
261 13
262 13
263 13
264 13
265 13
266 13
267 13
268 13
269 13
270 13
271 13
272 13
273 13
274 13
275 13
276 13
277 13
278 13
279 13
280 14
281 14
282 14
283 14
284 14
285 14
286 14
287 14
288 14
289 14
290 14
291 14
292 14
293 14
294 14
295 14
296 14
297 14
298 14
299 14
300 15
301 15
302 15
303 15
304 15
305 15
306 15
307 15
308 15
309 15
310 15
311 15
312 15
313 15
314 15
315 15
316 15
317 15
318 15
319 15

4 1 0 0
4 3 0 0
4 2 0 0
4 0 0 0
5 4 0 0
5 3 0 0
5 1 0 0
5 2 0 0
6 5 0 0
6 0 0 0
6 3 0 0
6 1 0 0
7 0 0 0
7 2 0 0
7 1 0 0
7 3 0 0
8 7 0 0
8 0 0 0
8 6 0 0
8 5 0 0
9 3 0 0
9 2 0 0
9 1 0 0
9 6 0 0
10 2 0 0
10 0 0 0
10 7 0 0
10 8 0 0
11 5 0 0
11 4 0 0
11 3 0 0
11 6 0 0
12 7 0 0
12 10 0 0
12 1 0 0
12 9 0 0
13 4 0 0
13 3 0 0
13 1 0 0
13 12 0 0
14 3 0 0
14 0 0 0
14 5 0 0
14 7 0 0
15 4 0 0
15 1 0 0
15 3 0 0
15 5 0 0
16 4 0 0
16 3 0 0
16 1 0 0
16 11 0 0
17 1 0 0
17 16 0 0
17 5 0 0
17 11 0 0
18 15 0 0
18 17 0 0
18 0 0 0
18 14 0 0
19 11 0 0
19 16 0 0
19 7 0 0
19 5 0 0
0 13 0 0
0 12 0 0
0 19 0 0
0 17 0 0
1 18 0 0
1 19 0 0
1 11 0 0
1 14 0 0
2 13 0 0
2 17 0 0
2 6 0 0
2 19 0 0
3 18 0 0
3 8 0 0
3 12 0 0
3 10 0 0
24 21 1 1
24 20 1 1
24 22 1 1
24 23 1 1
25 21 1 1
25 24 1 1
25 20 1 1
25 23 1 1
26 24 1 1
26 25 1 1
26 22 1 1
26 23 1 1
27 26 1 1
27 22 1 1
27 20 1 1
27 24 1 1
28 27 1 1
28 25 1 1
28 23 1 1
28 26 1 1
29 27 1 1
29 28 1 1
29 21 1 1
29 25 1 1
30 27 1 1
30 29 1 1
30 28 1 1
30 22 1 1
31 21 1 1
31 26 1 1
31 23 1 1
31 27 1 1
32 20 1 1
32 27 1 1
32 29 1 1
32 30 1 1
33 27 1 1
33 25 1 1
33 32 1 1
33 29 1 1
34 33 1 1
34 28 1 1
34 32 1 1
34 25 1 1
35 30 1 1
35 33 1 1
35 28 1 1
35 27 1 1
36 27 1 1
36 31 1 1
36 23 1 1
36 32 1 1
37 30 1 1
37 33 1 1
37 31 1 1
37 25 1 1
38 27 1 1
38 28 1 1
38 34 1 1
38 35 1 1
39 33 1 1
39 25 1 1
39 22 1 1
39 36 1 1
20 39 1 1
20 36 1 1
20 28 1 1
20 26 1 1
21 26 1 1
21 37 1 1
21 36 1 1
21 39 1 1
22 35 1 1
22 32 1 1
22 36 1 1
22 33 1 1
23 27 1 1
23 37 1 1
23 38 1 1
23 33 1 1
44 41 2 2
44 42 2 2
44 40 2 2
44 43 2 2
45 42 2 2
45 44 2 2
45 43 2 2
45 40 2 2
46 43 2 2
46 40 2 2
46 42 2 2
46 44 2 2
47 46 2 2
47 45 2 2
47 44 2 2
47 40 2 2
48 46 2 2
48 43 2 2
48 42 2 2
48 40 2 2
49 41 2 2
49 47 2 2
49 40 2 2
49 46 2 2
50 49 2 2
50 46 2 2
50 41 2 2
50 44 2 2
51 46 2 2
51 47 2 2
51 48 2 2
51 40 2 2
52 48 2 2
52 41 2 2
52 51 2 2
52 46 2 2
53 40 2 2
53 45 2 2
53 46 2 2
53 49 2 2
54 45 2 2
54 49 2 2
54 48 2 2
54 51 2 2
55 54 2 2
55 50 2 2
55 51 2 2
55 53 2 2
56 40 2 2
56 47 2 2
56 50 2 2
56 49 2 2
57 42 2 2
57 49 2 2
57 48 2 2
57 51 2 2
58 56 2 2
58 54 2 2
58 47 2 2
58 46 2 2
59 48 2 2
59 41 2 2
59 54 2 2
59 51 2 2
40 58 2 2
40 55 2 2
40 50 2 2
40 54 2 2
41 57 2 2
41 47 2 2
41 48 2 2
41 55 2 2
42 56 2 2
42 53 2 2
42 51 2 2
42 54 2 2
43 49 2 2
43 54 2 2
43 55 2 2
43 57 2 2
64 63 3 3
64 62 3 3
64 61 3 3
64 60 3 3
65 64 3 3
65 62 3 3
65 63 3 3
65 61 3 3
66 60 3 3
66 61 3 3
66 63 3 3
66 64 3 3
67 66 3 3
67 60 3 3
67 62 3 3
67 63 3 3
68 66 3 3
68 62 3 3
68 65 3 3
68 63 3 3
69 64 3 3
69 62 3 3
69 65 3 3
69 63 3 3
70 60 3 3
70 66 3 3
70 62 3 3
70 61 3 3
71 68 3 3
71 63 3 3
71 62 3 3
71 60 3 3
72 60 3 3
72 70 3 3
72 66 3 3
72 63 3 3
73 61 3 3
73 64 3 3
73 67 3 3
73 62 3 3
74 63 3 3
74 60 3 3
74 73 3 3
74 61 3 3
75 70 3 3
75 63 3 3
75 65 3 3
75 64 3 3
76 68 3 3
76 70 3 3
76 62 3 3
76 67 3 3
77 67 3 3
77 64 3 3
77 60 3 3
77 72 3 3
78 66 3 3
78 72 3 3
78 67 3 3
78 70 3 3
79 70 3 3
79 76 3 3
79 69 3 3
79 77 3 3
60 78 3 3
60 76 3 3
60 65 3 3
60 69 3 3
61 71 3 3
61 68 3 3
61 67 3 3
61 72 3 3
62 66 3 3
62 75 3 3
62 72 3 3
62 77 3 3
63 76 3 3
63 79 3 3
63 73 3 3
63 78 3 3
84 82 4 4
84 83 4 4
84 80 4 4
84 81 4 4
85 83 4 4
85 81 4 4
85 80 4 4
85 82 4 4
86 85 4 4
86 83 4 4
86 81 4 4
86 80 4 4
87 80 4 4
87 85 4 4
87 81 4 4
87 82 4 4
88 87 4 4
88 85 4 4
88 81 4 4
88 86 4 4
89 85 4 4
89 87 4 4
89 83 4 4
89 86 4 4
90 82 4 4
90 85 4 4
90 83 4 4
90 86 4 4
91 82 4 4
91 89 4 4
91 87 4 4
91 86 4 4
92 83 4 4
92 90 4 4
92 84 4 4
92 86 4 4
93 90 4 4
93 91 4 4
93 83 4 4
93 82 4 4
94 80 4 4
94 91 4 4
94 90 4 4
94 87 4 4
95 83 4 4
95 84 4 4
95 94 4 4
95 89 4 4
96 86 4 4
96 81 4 4
96 80 4 4
96 93 4 4
97 85 4 4
97 84 4 4
97 90 4 4
97 89 4 4
98 91 4 4
98 80 4 4
98 84 4 4
98 94 4 4
99 87 4 4
99 91 4 4
99 94 4 4
99 98 4 4
80 89 4 4
80 97 4 4
80 95 4 4
80 90 4 4
81 89 4 4
81 97 4 4
81 90 4 4
81 99 4 4
82 96 4 4
82 89 4 4
82 86 4 4
82 94 4 4
83 98 4 4
83 96 4 4
83 87 4 4
83 97 4 4
104 103 5 5
104 101 5 5
104 100 5 5
104 102 5 5
105 101 5 5
105 102 5 5
105 103 5 5
105 104 5 5
106 104 5 5
106 103 5 5
106 100 5 5
106 105 5 5
107 104 5 5
107 105 5 5
107 100 5 5
107 101 5 5
108 100 5 5
108 102 5 5
108 105 5 5
108 101 5 5
109 100 5 5
109 106 5 5
109 101 5 5
109 105 5 5
110 100 5 5
110 107 5 5
110 106 5 5
110 109 5 5
111 105 5 5
111 109 5 5
111 106 5 5
111 100 5 5
112 103 5 5
112 101 5 5
112 108 5 5
112 105 5 5
113 101 5 5
113 108 5 5
113 107 5 5
113 110 5 5
114 112 5 5
114 109 5 5
114 101 5 5
114 103 5 5
115 114 5 5
115 104 5 5
115 111 5 5
115 106 5 5
116 100 5 5
116 110 5 5
116 101 5 5
116 103 5 5
117 105 5 5
117 113 5 5
117 111 5 5
117 104 5 5
118 115 5 5
118 103 5 5
118 100 5 5
118 104 5 5
119 108 5 5
119 102 5 5
119 105 5 5
119 101 5 5
100 112 5 5
100 119 5 5
100 105 5 5
100 117 5 5
101 106 5 5
101 111 5 5
101 118 5 5
101 117 5 5
102 107 5 5
102 117 5 5
102 116 5 5
102 106 5 5
103 115 5 5
103 108 5 5
103 117 5 5
103 113 5 5
124 123 6 6
124 121 6 6
124 122 6 6
124 120 6 6
125 121 6 6
125 120 6 6
125 124 6 6
125 122 6 6
126 123 6 6
126 125 6 6
126 121 6 6
126 124 6 6
127 123 6 6
127 121 6 6
127 125 6 6
127 124 6 6
128 123 6 6
128 127 6 6
128 120 6 6
128 121 6 6
129 128 6 6
129 123 6 6
129 120 6 6
129 122 6 6
130 127 6 6
130 125 6 6
130 126 6 6
130 120 6 6
131 120 6 6
131 123 6 6
131 121 6 6
131 127 6 6
132 129 6 6
132 130 6 6
132 126 6 6
132 123 6 6
133 125 6 6
133 123 6 6
133 126 6 6
133 127 6 6
134 128 6 6
134 129 6 6
134 126 6 6
134 125 6 6
135 129 6 6
135 123 6 6
135 127 6 6
135 128 6 6
136 134 6 6
136 135 6 6
136 128 6 6
136 131 6 6
137 136 6 6
137 132 6 6
137 133 6 6
137 123 6 6
138 136 6 6
138 137 6 6
138 134 6 6
138 128 6 6
139 121 6 6
139 127 6 6
139 123 6 6
139 133 6 6
120 138 6 6
120 136 6 6
120 127 6 6
120 126 6 6
121 133 6 6
121 135 6 6
121 138 6 6
121 136 6 6
122 138 6 6
122 127 6 6
122 137 6 6
122 128 6 6
123 136 6 6
123 134 6 6
123 125 6 6
123 130 6 6
144 142 7 7
144 140 7 7
144 143 7 7
144 141 7 7
145 141 7 7
145 142 7 7
145 140 7 7
145 144 7 7
146 140 7 7
146 144 7 7
146 143 7 7
146 142 7 7
147 141 7 7
147 140 7 7
147 142 7 7
147 143 7 7
148 143 7 7
148 141 7 7
148 140 7 7
148 147 7 7
149 148 7 7
149 143 7 7
149 140 7 7
149 141 7 7
150 148 7 7
150 143 7 7
150 146 7 7
150 149 7 7
151 143 7 7
151 146 7 7
151 140 7 7
151 149 7 7
152 147 7 7
152 151 7 7
152 149 7 7
152 141 7 7
153 144 7 7
153 151 7 7
153 146 7 7
153 149 7 7
154 151 7 7
154 149 7 7
154 153 7 7
154 146 7 7
155 153 7 7
155 142 7 7
155 145 7 7
155 151 7 7
156 153 7 7
156 145 7 7
156 155 7 7
156 154 7 7
157 149 7 7
157 140 7 7
157 154 7 7
157 147 7 7
158 153 7 7
158 140 7 7
158 147 7 7
158 143 7 7
159 145 7 7
159 144 7 7
159 154 7 7
159 142 7 7
140 150 7 7
140 154 7 7
140 159 7 7
140 155 7 7
141 151 7 7
141 146 7 7
141 153 7 7
141 157 7 7
142 152 7 7
142 153 7 7
142 158 7 7
142 156 7 7
143 157 7 7
143 156 7 7
143 152 7 7
143 154 7 7
164 161 8 8
164 162 8 8
164 160 8 8
164 163 8 8
165 161 8 8
165 164 8 8
165 160 8 8
165 163 8 8
166 160 8 8
166 165 8 8
166 161 8 8
166 164 8 8
167 160 8 8
167 161 8 8
167 166 8 8
167 165 8 8
168 162 8 8
168 160 8 8
168 164 8 8
168 167 8 8
169 161 8 8
169 164 8 8
169 168 8 8
169 167 8 8
170 160 8 8
170 163 8 8
170 161 8 8
170 166 8 8
171 160 8 8
171 169 8 8
171 166 8 8
171 168 8 8
172 169 8 8
172 165 8 8
172 163 8 8
172 171 8 8
173 171 8 8
173 162 8 8
173 164 8 8
173 160 8 8
174 172 8 8
174 168 8 8
174 170 8 8
174 165 8 8
175 169 8 8
175 171 8 8
175 173 8 8
175 163 8 8
176 164 8 8
176 163 8 8
176 165 8 8
176 168 8 8
177 170 8 8
177 171 8 8
177 166 8 8
177 169 8 8
178 163 8 8
178 166 8 8
178 172 8 8
178 169 8 8
179 164 8 8
179 161 8 8
179 171 8 8
179 162 8 8
160 178 8 8
160 179 8 8
160 175 8 8
160 172 8 8
161 177 8 8
161 178 8 8
161 171 8 8
161 173 8 8
162 167 8 8
162 171 8 8
162 177 8 8
162 166 8 8
163 169 8 8
163 168 8 8
163 174 8 8
163 177 8 8
184 180 9 9
184 182 9 9
184 181 9 9
184 183 9 9
185 180 9 9
185 184 9 9
185 182 9 9
185 181 9 9
186 180 9 9
186 183 9 9
186 181 9 9
186 182 9 9
187 184 9 9
187 186 9 9
187 180 9 9
187 181 9 9
188 187 9 9
188 186 9 9
188 181 9 9
188 184 9 9
189 183 9 9
189 184 9 9
189 185 9 9
189 182 9 9
190 184 9 9
190 180 9 9
190 185 9 9
190 186 9 9
191 182 9 9
191 180 9 9
191 189 9 9
191 187 9 9
192 180 9 9
192 182 9 9
192 190 9 9
192 187 9 9
193 185 9 9
193 190 9 9
193 184 9 9
193 187 9 9
194 182 9 9
194 180 9 9
194 193 9 9
194 189 9 9
195 189 9 9
195 187 9 9
195 184 9 9
195 192 9 9
196 187 9 9
196 194 9 9
196 190 9 9
196 188 9 9
197 190 9 9
197 195 9 9
197 181 9 9
197 194 9 9
198 180 9 9
198 184 9 9
198 185 9 9
198 195 9 9
199 190 9 9
199 195 9 9
199 188 9 9
199 189 9 9
180 189 9 9
180 188 9 9
180 196 9 9
180 193 9 9
181 192 9 9
181 199 9 9
181 193 9 9
181 195 9 9
182 198 9 9
182 193 9 9
182 197 9 9
182 199 9 9
183 192 9 9
183 196 9 9
183 197 9 9
183 193 9 9
204 203 10 10
204 200 10 10
204 202 10 10
204 201 10 10
205 201 10 10
205 200 10 10
205 203 10 10
205 202 10 10
206 204 10 10
206 205 10 10
206 203 10 10
206 201 10 10
207 205 10 10
207 200 10 10
207 206 10 10
207 201 10 10
208 201 10 10
208 202 10 10
208 207 10 10
208 203 10 10
209 202 10 10
209 206 10 10
209 207 10 10
209 205 10 10
210 200 10 10
210 207 10 10
210 205 10 10
210 206 10 10
211 207 10 10
211 210 10 10
211 202 10 10
211 206 10 10
212 206 10 10
212 210 10 10
212 205 10 10
212 209 10 10
213 208 10 10
213 206 10 10
213 201 10 10
213 209 10 10
214 210 10 10
214 200 10 10
214 205 10 10
214 204 10 10
215 210 10 10
215 212 10 10
215 203 10 10
215 202 10 10
216 212 10 10
216 205 10 10
216 211 10 10
216 202 10 10
217 202 10 10
217 204 10 10
217 205 10 10
217 208 10 10
218 205 10 10
218 215 10 10
218 202 10 10
218 210 10 10
219 218 10 10
219 214 10 10
219 212 10 10
219 206 10 10
200 212 10 10
200 215 10 10
200 218 10 10
200 217 10 10
201 215 10 10
201 211 10 10
201 216 10 10
201 210 10 10
202 207 10 10
202 212 10 10
202 210 10 10
202 219 10 10
203 216 10 10
203 217 10 10
203 218 10 10
203 219 10 10
224 221 11 11
224 223 11 11
224 220 11 11
224 222 11 11
225 222 11 11
225 223 11 11
225 220 11 11
225 221 11 11
226 223 11 11
226 220 11 11
226 224 11 11
226 221 11 11
227 225 11 11
227 226 11 11
227 223 11 11
227 221 11 11
228 221 11 11
228 220 11 11
228 223 11 11
228 222 11 11
229 226 11 11
229 221 11 11
229 224 11 11
229 220 11 11
230 226 11 11
230 222 11 11
230 221 11 11
230 227 11 11
231 222 11 11
231 230 11 11
231 221 11 11
231 228 11 11
232 228 11 11
232 231 11 11
232 225 11 11
232 226 11 11
233 229 11 11
233 230 11 11
233 220 11 11
233 231 11 11
234 232 11 11
234 229 11 11
234 224 11 11
234 231 11 11
235 225 11 11
235 221 11 11
235 232 11 11
235 222 11 11
236 231 11 11
236 223 11 11
236 234 11 11
236 233 11 11
237 234 11 11
237 221 11 11
237 224 11 11
237 220 11 11
238 235 11 11
238 227 11 11
238 222 11 11
238 234 11 11
239 227 11 11
239 232 11 11
239 225 11 11
239 238 11 11
220 234 11 11
220 236 11 11
220 231 11 11
220 239 11 11
221 234 11 11
221 236 11 11
221 233 11 11
221 232 11 11
222 226 11 11
222 227 11 11
222 232 11 11
222 233 11 11
223 230 11 11
223 231 11 11
223 229 11 11
223 237 11 11
244 241 12 12
244 242 12 12
244 240 12 12
244 243 12 12
245 243 12 12
245 242 12 12
245 240 12 12
245 241 12 12
246 242 12 12
246 243 12 12
246 241 12 12
246 240 12 12
247 241 12 12
247 242 12 12
247 243 12 12
247 240 12 12
248 241 12 12
248 244 12 12
248 243 12 12
248 245 12 12
249 248 12 12
249 246 12 12
249 245 12 12
249 243 12 12
250 245 12 12
250 249 12 12
250 240 12 12
250 246 12 12
251 245 12 12
251 248 12 12
251 247 12 12
251 250 12 12
252 241 12 12
252 248 12 12
252 249 12 12
252 242 12 12
253 243 12 12
253 248 12 12
253 241 12 12
253 251 12 12
254 243 12 12
254 242 12 12
254 245 12 12
254 249 12 12
255 246 12 12
255 241 12 12
255 247 12 12
255 242 12 12
256 255 12 12
256 243 12 12
256 241 12 12
256 247 12 12
257 240 12 12
257 245 12 12
257 255 12 12
257 254 12 12
258 250 12 12
258 254 12 12
258 242 12 12
258 255 12 12
259 258 12 12
259 247 12 12
259 242 12 12
259 244 12 12
240 252 12 12
240 258 12 12
240 253 12 12
240 254 12 12
241 257 12 12
241 250 12 12
241 254 12 12
241 259 12 12
242 257 12 12
242 256 12 12
242 253 12 12
242 248 12 12
243 258 12 12
243 257 12 12
243 250 12 12
243 251 12 12
264 261 13 13
264 262 13 13
264 260 13 13
264 263 13 13
265 261 13 13
265 264 13 13
265 262 13 13
265 263 13 13
266 261 13 13
266 265 13 13
266 263 13 13
266 264 13 13
267 265 13 13
267 266 13 13
267 260 13 13
267 263 13 13
268 261 13 13
268 260 13 13
268 266 13 13
268 267 13 13
269 262 13 13
269 267 13 13
269 264 13 13
269 265 13 13
270 267 13 13
270 265 13 13
270 268 13 13
270 266 13 13
271 269 13 13
271 270 13 13
271 265 13 13
271 267 13 13
272 263 13 13
272 260 13 13
272 268 13 13
272 264 13 13
273 261 13 13
273 260 13 13
273 263 13 13
273 264 13 13
274 266 13 13
274 267 13 13
274 269 13 13
274 270 13 13
275 266 13 13
275 274 13 13
275 271 13 13
275 265 13 13
276 273 13 13
276 269 13 13
276 266 13 13
276 264 13 13
277 262 13 13
277 270 13 13
277 268 13 13
277 265 13 13
278 274 13 13
278 270 13 13
278 264 13 13
278 265 13 13
279 271 13 13
279 264 13 13
279 273 13 13
279 262 13 13
260 276 13 13
260 269 13 13
260 271 13 13
260 275 13 13
261 269 13 13
261 276 13 13
261 278 13 13
261 267 13 13
262 274 13 13
262 271 13 13
262 273 13 13
262 267 13 13
263 279 13 13
263 268 13 13
263 275 13 13
263 269 13 13
284 281 14 14
284 283 14 14
284 282 14 14
284 280 14 14
285 283 14 14
285 281 14 14
285 282 14 14
285 280 14 14
286 282 14 14
286 285 14 14
286 283 14 14
286 284 14 14
287 280 14 14
287 285 14 14
287 281 14 14
287 282 14 14
288 281 14 14
288 282 14 14
288 283 14 14
288 287 14 14
289 284 14 14
289 287 14 14
289 285 14 14
289 288 14 14
290 280 14 14
290 287 14 14
290 285 14 14
290 286 14 14
291 284 14 14
291 289 14 14
291 287 14 14
291 283 14 14
292 281 14 14
292 282 14 14
292 284 14 14
292 288 14 14
293 284 14 14
293 290 14 14
293 292 14 14
293 285 14 14
294 293 14 14
294 285 14 14
294 287 14 14
294 280 14 14
295 292 14 14
295 280 14 14
295 288 14 14
295 285 14 14
296 283 14 14
296 282 14 14
296 294 14 14
296 292 14 14
297 285 14 14
297 281 14 14
297 292 14 14
297 290 14 14
298 289 14 14
298 280 14 14
298 282 14 14
298 294 14 14
299 295 14 14
299 286 14 14
299 294 14 14
299 289 14 14
280 289 14 14
280 297 14 14
280 286 14 14
280 291 14 14
281 293 14 14
281 291 14 14
281 296 14 14
281 286 14 14
282 293 14 14
282 294 14 14
282 299 14 14
282 295 14 14
283 292 14 14
283 299 14 14
283 297 14 14
283 294 14 14
304 303 15 15
304 302 15 15
304 301 15 15
304 300 15 15
305 303 15 15
305 302 15 15
305 304 15 15
305 301 15 15
306 300 15 15
306 305 15 15
306 304 15 15
306 302 15 15
307 305 15 15
307 302 15 15
307 300 15 15
307 301 15 15
308 303 15 15
308 302 15 15
308 301 15 15
308 304 15 15
309 306 15 15
309 307 15 15
309 303 15 15
309 305 15 15
310 309 15 15
310 307 15 15
310 301 15 15
310 303 15 15
311 300 15 15
311 302 15 15
311 308 15 15
311 303 15 15
312 301 15 15
312 302 15 15
312 304 15 15
312 311 15 15
313 301 15 15
313 312 15 15
313 311 15 15
313 306 15 15
314 303 15 15
314 302 15 15
314 304 15 15
314 301 15 15
315 313 15 15
315 306 15 15
315 311 15 15
315 307 15 15
316 306 15 15
316 307 15 15
316 310 15 15
316 313 15 15
317 302 15 15
317 303 15 15
317 300 15 15
317 301 15 15
318 300 15 15
318 303 15 15
318 304 15 15
318 306 15 15
319 305 15 15
319 313 15 15
319 304 15 15
319 303 15 15
300 315 15 15
300 316 15 15
300 308 15 15
300 319 15 15
301 309 15 15
301 319 15 15
301 318 15 15
301 306 15 15
302 316 15 15
302 310 15 15
302 315 15 15
302 313 15 15
303 315 15 15
303 313 15 15
303 312 15 15
303 306 15 15
95 5 4 0
88 57 4 2
87 74 4 3
86 36 4 1
112 26 5 1
106 89 5 4
116 4 5 0
100 54 5 2
137 63 6 3
139 42 6 2
137 5 6 0
127 119 6 5
153 3 7 0
152 47 7 2
148 27 7 1
154 83 7 4
163 40 8 2
178 93 8 4
166 7 8 0
176 118 8 5
186 84 9 4
195 148 9 7
192 113 9 5
180 9 9 0
215 51 10 2
202 170 10 8
219 112 10 5
202 128 10 6
228 214 11 10
233 15 11 0
222 179 11 8
230 89 11 4
245 37 12 1
242 227 12 11
252 101 12 5
258 179 12 8
271 212 13 10
263 175 13 8
263 255 13 12
269 146 13 7
297 262 14 13
286 163 14 8
283 129 14 6
291 27 14 1
313 92 15 4
301 176 15 8
308 106 15 5
309 209 15 10
14 303 0 15
3 298 0 14
14 212 0 10
15 270 0 13
25 275 1 13
25 170 1 8
36 210 1 10
32 312 1 15
47 305 2 15
54 261 2 13
42 180 2 9
43 235 2 11
64 200 3 10
78 149 3 7
71 229 3 11
77 295 3 14
