swNum = 320
edgeNum = 1344

0 0
1 0
2 0
3 0
4 0
5 0
6 0
7 0
8 0
9 0
10 0
11 0
12 0
13 0
14 0
15 0
16 0
17 0
18 0
19 0
20 1
21 1
22 1
23 1
24 1
25 1
26 1
27 1
28 1
29 1
30 1
31 1
32 1
33 1
34 1
35 1
36 1
37 1
38 1
39 1
40 2
41 2
42 2
43 2
44 2
45 2
46 2
47 2
48 2
49 2
50 2
51 2
52 2
53 2
54 2
55 2
56 2
57 2
58 2
59 2
60 3
61 3
62 3
63 3
64 3
65 3
66 3
67 3
68 3
69 3
70 3
71 3
72 3
73 3
74 3
75 3
76 3
77 3
78 3
79 3
80 4
81 4
82 4
83 4
84 4
85 4
86 4
87 4
88 4
89 4
90 4
91 4
92 4
93 4
94 4
95 4
96 4
97 4
98 4
99 4
100 5
101 5
102 5
103 5
104 5
105 5
106 5
107 5
108 5
109 5
110 5
111 5
112 5
113 5
114 5
115 5
116 5
117 5
118 5
119 5
120 6
121 6
122 6
123 6
124 6
125 6
126 6
127 6
128 6
129 6
130 6
131 6
132 6
133 6
134 6
135 6
136 6
137 6
138 6
139 6
140 7
141 7
142 7
143 7
144 7
145 7
146 7
147 7
148 7
149 7
150 7
151 7
152 7
153 7
154 7
155 7
156 7
157 7
158 7
159 7
160 8
161 8
162 8
163 8
164 8
165 8
166 8
167 8
168 8
169 8
170 8
171 8
172 8
173 8
174 8
175 8
176 8
177 8
178 8
179 8
180 9
181 9
182 9
183 9
184 9
185 9
186 9
187 9
188 9
189 9
190 9
191 9
192 9
193 9
194 9
195 9
196 9
197 9
198 9
199 9
200 10
201 10
202 10
203 10
204 10
205 10
206 10
207 10
208 10
209 10
210 10
211 10
212 10
213 10
214 10
215 10
216 10
217 10
218 10
219 10
220 11
221 11
222 11
223 11
224 11
225 11
226 11
227 11
228 11
229 11
230 11
231 11
232 11
233 11
234 11
235 11
236 11
237 11
238 11
239 11
240 12
241 12
242 12
243 12
244 12
245 12
246 12
247 12
248 12
249 12
250 12
251 12
252 12
253 12
254 12
255 12
256 12
257 12
258 12
259 12
260 13
261 13
262 13
263 13
264 13
265 13
266 13
267 13
268 13
269 13
270 13
271 13
272 13
273 13
274 13
275 13
276 13
277 13
278 13
279 13
280 14
281 14
282 14
283 14
284 14
285 14
286 14
287 14
288 14
289 14
290 14
291 14
292 14
293 14
294 14
295 14
296 14
297 14
298 14
299 14
300 15
301 15
302 15
303 15
304 15
305 15
306 15
307 15
308 15
309 15
310 15
311 15
312 15
313 15
314 15
315 15
316 15
317 15
318 15
319 15

4 2 0 0
4 1 0 0
4 0 0 0
4 3 0 0
5 4 0 0
5 2 0 0
5 1 0 0
5 0 0 0
6 3 0 0
6 2 0 0
6 0 0 0
6 1 0 0
7 5 0 0
7 1 0 0
7 6 0 0
7 0 0 0
8 2 0 0
8 7 0 0
8 1 0 0
8 6 0 0
9 4 0 0
9 3 0 0
9 2 0 0
9 5 0 0
10 7 0 0
10 3 0 0
10 9 0 0
10 4 0 0
11 7 0 0
11 2 0 0
11 5 0 0
11 4 0 0
12 2 0 0
12 9 0 0
12 10 0 0
12 4 0 0
13 7 0 0
13 4 0 0
13 5 0 0
13 2 0 0
14 3 0 0
14 6 0 0
14 0 0 0
14 7 0 0
15 12 0 0
15 3 0 0
15 11 0 0
15 2 0 0
16 6 0 0
16 9 0 0
16 5 0 0
16 2 0 0
17 16 0 0
17 13 0 0
17 15 0 0
17 8 0 0
18 7 0 0
18 1 0 0
18 12 0 0
18 0 0 0
19 17 0 0
19 7 0 0
19 11 0 0
19 8 0 0
0 12 0 0
0 16 0 0
0 15 0 0
0 10 0 0
1 14 0 0
1 11 0 0
1 19 0 0
1 17 0 0
2 18 0 0
2 10 0 0
2 17 0 0
2 14 0 0
3 16 0 0
3 7 0 0
3 17 0 0
3 5 0 0
24 20 1 1
24 22 1 1
24 23 1 1
24 21 1 1
25 22 1 1
25 24 1 1
25 23 1 1
25 21 1 1
26 24 1 1
26 21 1 1
26 25 1 1
26 22 1 1
27 24 1 1
27 22 1 1
27 25 1 1
27 21 1 1
28 24 1 1
28 23 1 1
28 25 1 1
28 20 1 1
29 20 1 1
29 22 1 1
29 21 1 1
29 24 1 1
30 29 1 1
30 28 1 1
30 26 1 1
30 24 1 1
31 25 1 1
31 24 1 1
31 21 1 1
31 29 1 1
32 22 1 1
32 23 1 1
32 30 1 1
32 28 1 1
33 23 1 1
33 20 1 1
33 32 1 1
33 21 1 1
34 26 1 1
34 29 1 1
34 20 1 1
34 24 1 1
35 28 1 1
35 24 1 1
35 34 1 1
35 20 1 1
36 23 1 1
36 24 1 1
36 27 1 1
36 31 1 1
37 30 1 1
37 28 1 1
37 23 1 1
37 31 1 1
38 32 1 1
38 25 1 1
38 28 1 1
38 21 1 1
39 27 1 1
39 37 1 1
39 33 1 1
39 36 1 1
20 38 1 1
20 32 1 1
20 31 1 1
20 30 1 1
21 35 1 1
21 28 1 1
21 34 1 1
21 39 1 1
22 31 1 1
22 36 1 1
22 37 1 1
22 33 1 1
23 26 1 1
23 27 1 1
23 39 1 1
23 35 1 1
44 43 2 2
44 42 2 2
44 41 2 2
44 40 2 2
45 41 2 2
45 44 2 2
45 42 2 2
45 40 2 2
46 42 2 2
46 43 2 2
46 45 2 2
46 40 2 2
47 46 2 2
47 45 2 2
47 42 2 2
47 44 2 2
48 44 2 2
48 46 2 2
48 40 2 2
48 41 2 2
49 48 2 2
49 41 2 2
49 47 2 2
49 45 2 2
50 44 2 2
50 46 2 2
50 42 2 2
50 43 2 2
51 45 2 2
51 40 2 2
51 49 2 2
51 41 2 2
52 44 2 2
52 46 2 2
52 42 2 2
52 47 2 2
53 47 2 2
53 52 2 2
53 48 2 2
53 46 2 2
54 45 2 2
54 40 2 2
54 44 2 2
54 51 2 2
55 44 2 2
55 45 2 2
55 48 2 2
55 50 2 2
56 40 2 2
56 45 2 2
56 54 2 2
56 48 2 2
57 46 2 2
57 55 2 2
57 51 2 2
57 45 2 2
58 41 2 2
58 51 2 2
58 54 2 2
58 49 2 2
59 57 2 2
59 50 2 2
59 43 2 2
59 53 2 2
40 49 2 2
40 59 2 2
40 58 2 2
40 47 2 2
41 55 2 2
41 56 2 2
41 54 2 2
41 59 2 2
42 57 2 2
42 58 2 2
42 53 2 2
42 56 2 2
43 58 2 2
43 45 2 2
43 55 2 2
43 51 2 2
64 62 3 3
64 61 3 3
64 63 3 3
64 60 3 3
65 64 3 3
65 62 3 3
65 61 3 3
65 60 3 3
66 64 3 3
66 60 3 3
66 61 3 3
66 65 3 3
67 66 3 3
67 60 3 3
67 61 3 3
67 65 3 3
68 65 3 3
68 67 3 3
68 66 3 3
68 62 3 3
69 62 3 3
69 64 3 3
69 65 3 3
69 61 3 3
70 69 3 3
70 64 3 3
70 62 3 3
70 61 3 3
71 62 3 3
71 65 3 3
71 63 3 3
71 69 3 3
72 63 3 3
72 66 3 3
72 67 3 3
72 68 3 3
73 67 3 3
73 60 3 3
73 72 3 3
73 69 3 3
74 61 3 3
74 62 3 3
74 73 3 3
74 67 3 3
75 60 3 3
75 72 3 3
75 74 3 3
75 65 3 3
76 66 3 3
76 73 3 3
76 64 3 3
76 67 3 3
77 75 3 3
77 65 3 3
77 66 3 3
77 74 3 3
78 72 3 3
78 71 3 3
78 65 3 3
78 77 3 3
79 77 3 3
79 75 3 3
79 63 3 3
79 66 3 3
60 69 3 3
60 68 3 3
60 70 3 3
60 74 3 3
61 79 3 3
61 77 3 3
61 75 3 3
61 72 3 3
62 72 3 3
62 75 3 3
62 77 3 3
62 79 3 3
63 66 3 3
63 67 3 3
63 75 3 3
63 69 3 3
84 82 4 4
84 83 4 4
84 80 4 4
84 81 4 4
85 83 4 4
85 84 4 4
85 82 4 4
85 80 4 4
86 82 4 4
86 80 4 4
86 85 4 4
86 83 4 4
87 85 4 4
87 82 4 4
87 84 4 4
87 81 4 4
88 80 4 4
88 87 4 4
88 84 4 4
88 81 4 4
89 81 4 4
89 82 4 4
89 83 4 4
89 87 4 4
90 87 4 4
90 83 4 4
90 84 4 4
90 82 4 4
91 84 4 4
91 89 4 4
91 90 4 4
91 80 4 4
92 88 4 4
92 86 4 4
92 81 4 4
92 80 4 4
93 83 4 4
93 87 4 4
93 84 4 4
93 92 4 4
94 82 4 4
94 83 4 4
94 85 4 4
94 80 4 4
95 91 4 4
95 93 4 4
95 84 4 4
95 87 4 4
96 94 4 4
96 82 4 4
96 85 4 4
96 90 4 4
97 96 4 4
97 82 4 4
97 90 4 4
97 94 4 4
98 89 4 4
98 84 4 4
98 81 4 4
98 91 4 4
99 91 4 4
99 90 4 4
99 86 4 4
99 98 4 4
80 95 4 4
80 98 4 4
80 89 4 4
80 90 4 4
81 99 4 4
81 90 4 4
81 96 4 4
81 91 4 4
82 92 4 4
82 93 4 4
82 99 4 4
82 91 4 4
83 95 4 4
83 97 4 4
83 99 4 4
83 98 4 4
104 103 5 5
104 102 5 5
104 101 5 5
104 100 5 5
105 101 5 5
105 103 5 5
105 100 5 5
105 104 5 5
106 105 5 5
106 100 5 5
106 104 5 5
106 102 5 5
107 104 5 5
107 102 5 5
107 101 5 5
107 105 5 5
108 100 5 5
108 104 5 5
108 102 5 5
108 101 5 5
109 101 5 5
109 108 5 5
109 104 5 5
109 107 5 5
110 103 5 5
110 105 5 5
110 109 5 5
110 102 5 5
111 101 5 5
111 109 5 5
111 102 5 5
111 106 5 5
112 110 5 5
112 109 5 5
112 103 5 5
112 104 5 5
113 105 5 5
113 111 5 5
113 100 5 5
113 106 5 5
114 112 5 5
114 105 5 5
114 103 5 5
114 110 5 5
115 110 5 5
115 114 5 5
115 109 5 5
115 112 5 5
116 114 5 5
116 112 5 5
116 115 5 5
116 103 5 5
117 102 5 5
117 110 5 5
117 112 5 5
117 114 5 5
118 113 5 5
118 100 5 5
118 105 5 5
118 116 5 5
119 114 5 5
119 117 5 5
119 106 5 5
119 102 5 5
100 109 5 5
100 117 5 5
100 115 5 5
100 116 5 5
101 119 5 5
101 117 5 5
101 118 5 5
101 116 5 5
102 113 5 5
102 115 5 5
102 109 5 5
102 112 5 5
103 119 5 5
103 113 5 5
103 108 5 5
103 115 5 5
124 121 6 6
124 122 6 6
124 123 6 6
124 120 6 6
125 121 6 6
125 122 6 6
125 120 6 6
125 123 6 6
126 123 6 6
126 122 6 6
126 125 6 6
126 124 6 6
127 124 6 6
127 122 6 6
127 125 6 6
127 126 6 6
128 120 6 6
128 125 6 6
128 123 6 6
128 127 6 6
129 124 6 6
129 121 6 6
129 120 6 6
129 123 6 6
130 121 6 6
130 124 6 6
130 129 6 6
130 120 6 6
131 124 6 6
131 126 6 6
131 121 6 6
131 122 6 6
132 120 6 6
132 123 6 6
132 125 6 6
132 122 6 6
133 129 6 6
133 126 6 6
133 130 6 6
133 123 6 6
134 120 6 6
134 125 6 6
134 132 6 6
134 133 6 6
135 128 6 6
135 127 6 6
135 132 6 6
135 130 6 6
136 123 6 6
136 124 6 6
136 134 6 6
136 129 6 6
137 122 6 6
137 134 6 6
137 133 6 6
137 126 6 6
138 133 6 6
138 132 6 6
138 120 6 6
138 128 6 6
139 138 6 6
139 131 6 6
139 123 6 6
139 126 6 6
120 135 6 6
120 133 6 6
120 137 6 6
120 136 6 6
121 132 6 6
121 134 6 6
121 135 6 6
121 137 6 6
122 133 6 6
122 136 6 6
122 135 6 6
122 128 6 6
123 130 6 6
123 138 6 6
123 134 6 6
123 137 6 6
144 140 7 7
144 141 7 7
144 142 7 7
144 143 7 7
145 141 7 7
145 140 7 7
145 143 7 7
145 142 7 7
146 143 7 7
146 145 7 7
146 140 7 7
146 144 7 7
147 141 7 7
147 146 7 7
147 144 7 7
147 145 7 7
148 145 7 7
148 147 7 7
148 146 7 7
148 140 7 7
149 143 7 7
149 147 7 7
149 145 7 7
149 142 7 7
150 144 7 7
150 147 7 7
150 146 7 7
150 140 7 7
151 149 7 7
151 145 7 7
151 146 7 7
151 148 7 7
152 143 7 7
152 145 7 7
152 140 7 7
152 146 7 7
153 143 7 7
153 145 7 7
153 151 7 7
153 148 7 7
154 149 7 7
154 153 7 7
154 148 7 7
154 151 7 7
155 141 7 7
155 142 7 7
155 153 7 7
155 140 7 7
156 150 7 7
156 147 7 7
156 148 7 7
156 154 7 7
157 151 7 7
157 140 7 7
157 147 7 7
157 150 7 7
158 142 7 7
158 145 7 7
158 141 7 7
158 140 7 7
159 141 7 7
159 152 7 7
159 146 7 7
159 156 7 7
140 147 7 7
140 151 7 7
140 149 7 7
140 154 7 7
141 146 7 7
141 152 7 7
141 156 7 7
141 153 7 7
142 148 7 7
142 152 7 7
142 156 7 7
142 157 7 7
143 158 7 7
143 159 7 7
143 154 7 7
143 148 7 7
164 160 8 8
164 162 8 8
164 163 8 8
164 161 8 8
165 164 8 8
165 162 8 8
165 160 8 8
165 163 8 8
166 161 8 8
166 160 8 8
166 165 8 8
166 162 8 8
167 162 8 8
167 160 8 8
167 161 8 8
167 165 8 8
168 161 8 8
168 166 8 8
168 160 8 8
168 162 8 8
169 167 8 8
169 164 8 8
169 163 8 8
169 161 8 8
170 163 8 8
170 169 8 8
170 167 8 8
170 164 8 8
171 168 8 8
171 167 8 8
171 169 8 8
171 161 8 8
172 164 8 8
172 169 8 8
172 168 8 8
172 161 8 8
173 168 8 8
173 166 8 8
173 160 8 8
173 167 8 8
174 162 8 8
174 173 8 8
174 166 8 8
174 170 8 8
175 172 8 8
175 164 8 8
175 167 8 8
175 162 8 8
176 162 8 8
176 169 8 8
176 164 8 8
176 167 8 8
177 165 8 8
177 175 8 8
177 162 8 8
177 174 8 8
178 165 8 8
178 167 8 8
178 168 8 8
178 177 8 8
179 173 8 8
179 174 8 8
179 167 8 8
179 176 8 8
160 171 8 8
160 179 8 8
160 178 8 8
160 176 8 8
161 178 8 8
161 174 8 8
161 176 8 8
161 177 8 8
162 172 8 8
162 173 8 8
162 169 8 8
162 178 8 8
163 167 8 8
163 168 8 8
163 174 8 8
163 172 8 8
184 183 9 9
184 181 9 9
184 180 9 9
184 182 9 9
185 180 9 9
185 182 9 9
185 183 9 9
185 181 9 9
186 185 9 9
186 180 9 9
186 181 9 9
186 184 9 9
187 186 9 9
187 180 9 9
187 185 9 9
187 184 9 9
188 187 9 9
188 186 9 9
188 185 9 9
188 181 9 9
189 184 9 9
189 188 9 9
189 185 9 9
189 183 9 9
190 184 9 9
190 188 9 9
190 182 9 9
190 189 9 9
191 186 9 9
191 189 9 9
191 185 9 9
191 180 9 9
192 184 9 9
192 187 9 9
192 188 9 9
192 190 9 9
193 184 9 9
193 183 9 9
193 187 9 9
193 186 9 9
194 187 9 9
194 180 9 9
194 186 9 9
194 191 9 9
195 182 9 9
195 193 9 9
195 194 9 9
195 183 9 9
196 188 9 9
196 187 9 9
196 191 9 9
196 181 9 9
197 188 9 9
197 189 9 9
197 182 9 9
197 187 9 9
198 182 9 9
198 189 9 9
198 190 9 9
198 197 9 9
199 181 9 9
199 184 9 9
199 198 9 9
199 197 9 9
180 198 9 9
180 195 9 9
180 190 9 9
180 193 9 9
181 194 9 9
181 190 9 9
181 189 9 9
181 195 9 9
182 194 9 9
182 189 9 9
182 193 9 9
182 186 9 9
183 187 9 9
183 199 9 9
183 196 9 9
183 192 9 9
204 201 10 10
204 203 10 10
204 200 10 10
204 202 10 10
205 204 10 10
205 201 10 10
205 202 10 10
205 200 10 10
206 202 10 10
206 205 10 10
206 201 10 10
206 203 10 10
207 206 10 10
207 200 10 10
207 205 10 10
207 201 10 10
208 205 10 10
208 200 10 10
208 204 10 10
208 203 10 10
209 201 10 10
209 207 10 10
209 205 10 10
209 200 10 10
210 206 10 10
210 207 10 10
210 205 10 10
210 204 10 10
211 208 10 10
211 205 10 10
211 202 10 10
211 200 10 10
212 201 10 10
212 207 10 10
212 206 10 10
212 204 10 10
213 200 10 10
213 208 10 10
213 201 10 10
213 211 10 10
214 208 10 10
214 209 10 10
214 202 10 10
214 213 10 10
215 209 10 10
215 208 10 10
215 205 10 10
215 212 10 10
216 202 10 10
216 207 10 10
216 208 10 10
216 204 10 10
217 207 10 10
217 215 10 10
217 211 10 10
217 208 10 10
218 202 10 10
218 203 10 10
218 201 10 10
218 205 10 10
219 217 10 10
219 207 10 10
219 206 10 10
219 212 10 10
200 215 10 10
200 210 10 10
200 206 10 10
200 218 10 10
201 210 10 10
201 216 10 10
201 215 10 10
201 211 10 10
202 213 10 10
202 209 10 10
202 219 10 10
202 215 10 10
203 215 10 10
203 210 10 10
203 207 10 10
203 212 10 10
224 220 11 11
224 223 11 11
224 222 11 11
224 221 11 11
225 222 11 11
225 224 11 11
225 220 11 11
225 223 11 11
226 223 11 11
226 224 11 11
226 225 11 11
226 220 11 11
227 222 11 11
227 221 11 11
227 223 11 11
227 220 11 11
228 225 11 11
228 224 11 11
228 223 11 11
228 220 11 11
229 225 11 11
229 221 11 11
229 222 11 11
229 226 11 11
230 229 11 11
230 224 11 11
230 221 11 11
230 220 11 11
231 226 11 11
231 229 11 11
231 224 11 11
231 230 11 11
232 229 11 11
232 221 11 11
232 231 11 11
232 230 11 11
233 224 11 11
233 222 11 11
233 231 11 11
233 225 11 11
234 230 11 11
234 224 11 11
234 225 11 11
234 226 11 11
235 221 11 11
235 234 11 11
235 228 11 11
235 232 11 11
236 225 11 11
236 230 11 11
236 233 11 11
236 235 11 11
237 224 11 11
237 233 11 11
237 231 11 11
237 225 11 11
238 229 11 11
238 233 11 11
238 237 11 11
238 222 11 11
239 224 11 11
239 232 11 11
239 229 11 11
239 228 11 11
220 232 11 11
220 234 11 11
220 239 11 11
220 231 11 11
221 228 11 11
221 238 11 11
221 226 11 11
221 233 11 11
222 237 11 11
222 236 11 11
222 226 11 11
222 235 11 11
223 231 11 11
223 239 11 11
223 229 11 11
223 232 11 11
244 240 12 12
244 242 12 12
244 243 12 12
244 241 12 12
245 244 12 12
245 242 12 12
245 243 12 12
245 240 12 12
246 245 12 12
246 244 12 12
246 243 12 12
246 242 12 12
247 242 12 12
247 243 12 12
247 245 12 12
247 246 12 12
248 247 12 12
248 244 12 12
248 242 12 12
248 245 12 12
249 241 12 12
249 242 12 12
249 244 12 12
249 245 12 12
250 240 12 12
250 243 12 12
250 249 12 12
250 244 12 12
251 246 12 12
251 242 12 12
251 248 12 12
251 247 12 12
252 250 12 12
252 241 12 12
252 249 12 12
252 240 12 12
253 247 12 12
253 242 12 12
253 245 12 12
253 243 12 12
254 244 12 12
254 252 12 12
254 248 12 12
254 250 12 12
255 254 12 12
255 251 12 12
255 242 12 12
255 240 12 12
256 255 12 12
256 242 12 12
256 246 12 12
256 252 12 12
257 249 12 12
257 256 12 12
257 247 12 12
257 254 12 12
258 252 12 12
258 247 12 12
258 245 12 12
258 250 12 12
259 243 12 12
259 244 12 12
259 242 12 12
259 240 12 12
240 247 12 12
240 257 12 12
240 254 12 12
240 251 12 12
241 255 12 12
241 246 12 12
241 250 12 12
241 245 12 12
242 254 12 12
242 258 12 12
242 257 12 12
242 250 12 12
243 255 12 12
243 251 12 12
243 254 12 12
243 249 12 12
264 260 13 13
264 263 13 13
264 262 13 13
264 261 13 13
265 260 13 13
265 263 13 13
265 262 13 13
265 261 13 13
266 265 13 13
266 263 13 13
266 262 13 13
266 264 13 13
267 263 13 13
267 260 13 13
267 264 13 13
267 265 13 13
268 265 13 13
268 266 13 13
268 262 13 13
268 260 13 13
269 265 13 13
269 266 13 13
269 267 13 13
269 261 13 13
270 268 13 13
270 269 13 13
270 266 13 13
270 265 13 13
271 267 13 13
271 265 13 13
271 266 13 13
271 268 13 13
272 266 13 13
272 263 13 13
272 268 13 13
272 270 13 13
273 267 13 13
273 268 13 13
273 260 13 13
273 266 13 13
274 266 13 13
274 261 13 13
274 264 13 13
274 260 13 13
275 272 13 13
275 273 13 13
275 268 13 13
275 271 13 13
276 273 13 13
276 263 13 13
276 274 13 13
276 264 13 13
277 263 13 13
277 268 13 13
277 260 13 13
277 271 13 13
278 271 13 13
278 277 13 13
278 265 13 13
278 261 13 13
279 262 13 13
279 270 13 13
279 271 13 13
279 266 13 13
260 276 13 13
260 271 13 13
260 275 13 13
260 269 13 13
261 277 13 13
261 276 13 13
261 275 13 13
261 272 13 13
262 272 13 13
262 276 13 13
262 277 13 13
262 275 13 13
263 273 13 13
263 268 13 13
263 275 13 13
263 271 13 13
284 283 14 14
284 281 14 14
284 282 14 14
284 280 14 14
285 284 14 14
285 283 14 14
285 280 14 14
285 282 14 14
286 282 14 14
286 285 14 14
286 283 14 14
286 280 14 14
287 286 14 14
287 285 14 14
287 283 14 14
287 282 14 14
288 283 14 14
288 282 14 14
288 286 14 14
288 284 14 14
289 286 14 14
289 287 14 14
289 284 14 14
289 282 14 14
290 281 14 14
290 287 14 14
290 280 14 14
290 284 14 14
291 290 14 14
291 284 14 14
291 285 14 14
291 287 14 14
292 281 14 14
292 282 14 14
292 287 14 14
292 288 14 14
293 292 14 14
293 287 14 14
293 283 14 14
293 284 14 14
294 287 14 14
294 290 14 14
294 281 14 14
294 280 14 14
295 288 14 14
295 294 14 14
295 281 14 14
295 290 14 14
296 291 14 14
296 281 14 14
296 280 14 14
296 282 14 14
297 293 14 14
297 288 14 14
297 292 14 14
297 296 14 14
298 296 14 14
298 282 14 14
298 280 14 14
298 297 14 14
299 291 14 14
299 287 14 14
299 285 14 14
299 296 14 14
280 299 14 14
280 292 14 14
280 295 14 14
280 291 14 14
281 298 14 14
281 291 14 14
281 297 14 14
281 288 14 14
282 291 14 14
282 295 14 14
282 297 14 14
282 294 14 14
283 295 14 14
283 297 14 14
283 289 14 14
283 292 14 14
304 301 15 15
304 303 15 15
304 302 15 15
304 300 15 15
305 303 15 15
305 304 15 15
305 302 15 15
305 300 15 15
306 302 15 15
306 300 15 15
306 301 15 15
306 305 15 15
307 302 15 15
307 306 15 15
307 304 15 15
307 303 15 15
308 306 15 15
308 307 15 15
308 304 15 15
308 302 15 15
309 305 15 15
309 306 15 15
309 301 15 15
309 308 15 15
310 302 15 15
310 306 15 15
310 300 15 15
310 303 15 15
311 303 15 15
311 300 15 15
311 309 15 15
311 302 15 15
312 304 15 15
312 303 15 15
312 301 15 15
312 302 15 15
313 307 15 15
313 306 15 15
313 300 15 15
313 308 15 15
314 313 15 15
314 306 15 15
314 312 15 15
314 308 15 15
315 309 15 15
315 303 15 15
315 305 15 15
315 301 15 15
316 309 15 15
316 304 15 15
316 315 15 15
316 300 15 15
317 316 15 15
317 309 15 15
317 315 15 15
317 302 15 15
318 312 15 15
318 313 15 15
318 307 15 15
318 314 15 15
319 300 15 15
319 315 15 15
319 301 15 15
319 316 15 15
300 312 15 15
300 308 15 15
300 309 15 15
300 315 15 15
301 314 15 15
301 307 15 15
301 318 15 15
301 316 15 15
302 314 15 15
302 313 15 15
302 315 15 15
302 309 15 15
303 319 15 15
303 316 15 15
303 314 15 15
303 309 15 15
97 23 4 1
87 3 4 0
98 79 4 3
82 50 4 2
105 43 5 2
100 31 5 1
104 19 5 0
114 65 5 3
124 44 6 2
124 89 6 4
131 16 6 0
131 79 6 3
157 12 7 0
140 96 7 4
152 136 7 6
156 102 7 5
160 121 8 6
167 113 8 5
175 153 8 7
164 19 8 0
184 8 9 0
199 30 9 1
196 119 9 5
198 135 9 6
219 17 10 0
218 63 10 3
209 148 10 7
211 130 10 6
232 138 11 6
234 36 11 1
222 208 11 10
226 109 11 5
259 183 12 9
257 119 12 5
245 27 12 1
245 131 12 6
264 218 13 10
279 194 13 9
266 138 13 6
266 54 13 2
284 44 14 2
286 68 14 3
283 116 14 5
281 174 14 8
314 273 15 13
300 184 15 9
311 145 15 7
308 108 15 5
0 220 0 11
13 240 0 12
5 268 0 13
19 302 0 15
33 160 1 8
25 285 1 14
22 317 1 15
20 279 1 13
58 306 2 15
50 252 2 12
44 228 2 11
43 186 2 9
68 231 3 11
73 255 3 12
75 178 3 8
75 149 3 7
