swNum = 320
edgeNum = 1344

0 0
1 0
2 0
3 0
4 0
5 0
6 0
7 0
8 0
9 0
10 0
11 0
12 0
13 0
14 0
15 0
16 0
17 0
18 0
19 0
20 1
21 1
22 1
23 1
24 1
25 1
26 1
27 1
28 1
29 1
30 1
31 1
32 1
33 1
34 1
35 1
36 1
37 1
38 1
39 1
40 2
41 2
42 2
43 2
44 2
45 2
46 2
47 2
48 2
49 2
50 2
51 2
52 2
53 2
54 2
55 2
56 2
57 2
58 2
59 2
60 3
61 3
62 3
63 3
64 3
65 3
66 3
67 3
68 3
69 3
70 3
71 3
72 3
73 3
74 3
75 3
76 3
77 3
78 3
79 3
80 4
81 4
82 4
83 4
84 4
85 4
86 4
87 4
88 4
89 4
90 4
91 4
92 4
93 4
94 4
95 4
96 4
97 4
98 4
99 4
100 5
101 5
102 5
103 5
104 5
105 5
106 5
107 5
108 5
109 5
110 5
111 5
112 5
113 5
114 5
115 5
116 5
117 5
118 5
119 5
120 6
121 6
122 6
123 6
124 6
125 6
126 6
127 6
128 6
129 6
130 6
131 6
132 6
133 6
134 6
135 6
136 6
137 6
138 6
139 6
140 7
141 7
142 7
143 7
144 7
145 7
146 7
147 7
148 7
149 7
150 7
151 7
152 7
153 7
154 7
155 7
156 7
157 7
158 7
159 7
160 8
161 8
162 8
163 8
164 8
165 8
166 8
167 8
168 8
169 8
170 8
171 8
172 8
173 8
174 8
175 8
176 8
177 8
178 8
179 8
180 9
181 9
182 9
183 9
184 9
185 9
186 9
187 9
188 9
189 9
190 9
191 9
192 9
193 9
194 9
195 9
196 9
197 9
198 9
199 9
200 10
201 10
202 10
203 10
204 10
205 10
206 10
207 10
208 10
209 10
210 10
211 10
212 10
213 10
214 10
215 10
216 10
217 10
218 10
219 10
220 11
221 11
222 11
223 11
224 11
225 11
226 11
227 11
228 11
229 11
230 11
231 11
232 11
233 11
234 11
235 11
236 11
237 11
238 11
239 11
240 12
241 12
242 12
243 12
244 12
245 12
246 12
247 12
248 12
249 12
250 12
251 12
252 12
253 12
254 12
255 12
256 12
257 12
258 12
259 12
260 13
261 13
262 13
263 13
264 13
265 13
266 13
267 13
268 13
269 13
270 13
271 13
272 13
273 13
274 13
275 13
276 13
277 13
278 13
279 13
280 14
281 14
282 14
283 14
284 14
285 14
286 14
287 14
288 14
289 14
290 14
291 14
292 14
293 14
294 14
295 14
296 14
297 14
298 14
299 14
300 15
301 15
302 15
303 15
304 15
305 15
306 15
307 15
308 15
309 15
310 15
311 15
312 15
313 15
314 15
315 15
316 15
317 15
318 15
319 15

4 2 0 0
4 0 0 0
4 3 0 0
4 1 0 0
5 3 0 0
5 1 0 0
5 0 0 0
5 4 0 0
6 5 0 0
6 4 0 0
6 2 0 0
6 0 0 0
7 1 0 0
7 0 0 0
7 4 0 0
7 5 0 0
8 3 0 0
8 4 0 0
8 1 0 0
8 5 0 0
9 2 0 0
9 3 0 0
9 7 0 0
9 5 0 0
10 0 0 0
10 3 0 0
10 2 0 0
10 9 0 0
11 3 0 0
11 4 0 0
11 0 0 0
11 9 0 0
12 8 0 0
12 9 0 0
12 11 0 0
12 2 0 0
13 7 0 0
13 9 0 0
13 2 0 0
13 3 0 0
14 4 0 0
14 7 0 0
14 1 0 0
14 10 0 0
15 0 0 0
15 7 0 0
15 6 0 0
15 2 0 0
16 5 0 0
16 0 0 0
16 2 0 0
16 8 0 0
17 11 0 0
17 12 0 0
17 6 0 0
17 15 0 0
18 13 0 0
18 8 0 0
18 16 0 0
18 3 0 0
19 3 0 0
19 8 0 0
19 12 0 0
19 2 0 0
0 14 0 0
0 18 0 0
0 17 0 0
0 19 0 0
1 18 0 0
1 9 0 0
1 16 0 0
1 6 0 0
2 14 0 0
2 8 0 0
2 7 0 0
2 18 0 0
3 14 0 0
3 12 0 0
3 7 0 0
3 15 0 0
24 22 1 1
24 23 1 1
24 20 1 1
24 21 1 1
25 22 1 1
25 24 1 1
25 20 1 1
25 21 1 1
26 22 1 1
26 24 1 1
26 20 1 1
26 25 1 1
27 26 1 1
27 22 1 1
27 24 1 1
27 20 1 1
28 27 1 1
28 24 1 1
28 22 1 1
28 26 1 1
29 25 1 1
29 20 1 1
29 23 1 1
29 26 1 1
30 21 1 1
30 24 1 1
30 28 1 1
30 20 1 1
31 22 1 1
31 25 1 1
31 23 1 1
31 29 1 1
32 29 1 1
32 24 1 1
32 20 1 1
32 31 1 1
33 30 1 1
33 27 1 1
33 22 1 1
33 31 1 1
34 29 1 1
34 33 1 1
34 25 1 1
34 31 1 1
35 27 1 1
35 28 1 1
35 33 1 1
35 20 1 1
36 34 1 1
36 29 1 1
36 33 1 1
36 22 1 1
37 23 1 1
37 25 1 1
37 31 1 1
37 34 1 1
38 33 1 1
38 25 1 1
38 27 1 1
38 23 1 1
39 24 1 1
39 33 1 1
39 36 1 1
39 30 1 1
20 33 1 1
20 36 1 1
20 39 1 1
20 28 1 1
21 29 1 1
21 34 1 1
21 32 1 1
21 37 1 1
22 34 1 1
22 32 1 1
22 39 1 1
22 37 1 1
23 27 1 1
23 28 1 1
23 33 1 1
23 34 1 1
44 43 2 2
44 40 2 2
44 42 2 2
44 41 2 2
45 44 2 2
45 41 2 2
45 40 2 2
45 43 2 2
46 41 2 2
46 40 2 2
46 44 2 2
46 42 2 2
47 41 2 2
47 46 2 2
47 40 2 2
47 44 2 2
48 40 2 2
48 42 2 2
48 47 2 2
48 44 2 2
49 42 2 2
49 48 2 2
49 47 2 2
49 44 2 2
50 42 2 2
50 40 2 2
50 49 2 2
50 44 2 2
51 48 2 2
51 49 2 2
51 46 2 2
51 40 2 2
52 40 2 2
52 49 2 2
52 44 2 2
52 48 2 2
53 45 2 2
53 49 2 2
53 44 2 2
53 50 2 2
54 44 2 2
54 47 2 2
54 41 2 2
54 51 2 2
55 48 2 2
55 44 2 2
55 45 2 2
55 50 2 2
56 52 2 2
56 53 2 2
56 47 2 2
56 54 2 2
57 49 2 2
57 55 2 2
57 42 2 2
57 54 2 2
58 44 2 2
58 51 2 2
58 42 2 2
58 48 2 2
59 49 2 2
59 55 2 2
59 46 2 2
59 44 2 2
40 58 2 2
40 53 2 2
40 59 2 2
40 54 2 2
41 49 2 2
41 51 2 2
41 56 2 2
41 58 2 2
42 52 2 2
42 53 2 2
42 47 2 2
42 51 2 2
43 53 2 2
43 56 2 2
43 57 2 2
43 50 2 2
64 63 3 3
64 62 3 3
64 61 3 3
64 60 3 3
65 61 3 3
65 63 3 3
65 62 3 3
65 64 3 3
66 62 3 3
66 60 3 3
66 61 3 3
66 64 3 3
67 64 3 3
67 60 3 3
67 63 3 3
67 61 3 3
68 61 3 3
68 66 3 3
68 62 3 3
68 60 3 3
69 62 3 3
69 67 3 3
69 66 3 3
69 60 3 3
70 68 3 3
70 66 3 3
70 67 3 3
70 62 3 3
71 66 3 3
71 61 3 3
71 64 3 3
71 60 3 3
72 65 3 3
72 68 3 3
72 71 3 3
72 66 3 3
73 70 3 3
73 67 3 3
73 62 3 3
73 60 3 3
74 65 3 3
74 64 3 3
74 63 3 3
74 62 3 3
75 62 3 3
75 66 3 3
75 64 3 3
75 73 3 3
76 73 3 3
76 71 3 3
76 75 3 3
76 66 3 3
77 64 3 3
77 73 3 3
77 69 3 3
77 75 3 3
78 75 3 3
78 66 3 3
78 73 3 3
78 62 3 3
79 72 3 3
79 78 3 3
79 66 3 3
79 75 3 3
60 70 3 3
60 79 3 3
60 76 3 3
60 72 3 3
61 79 3 3
61 74 3 3
61 72 3 3
61 77 3 3
62 67 3 3
62 76 3 3
62 71 3 3
62 72 3 3
63 73 3 3
63 69 3 3
63 79 3 3
63 77 3 3
84 80 4 4
84 81 4 4
84 83 4 4
84 82 4 4
85 83 4 4
85 81 4 4
85 80 4 4
85 84 4 4
86 81 4 4
86 80 4 4
86 84 4 4
86 83 4 4
87 82 4 4
87 84 4 4
87 86 4 4
87 80 4 4
88 83 4 4
88 85 4 4
88 80 4 4
88 81 4 4
89 83 4 4
89 88 4 4
89 85 4 4
89 87 4 4
90 88 4 4
90 84 4 4
90 86 4 4
90 81 4 4
91 83 4 4
91 89 4 4
91 88 4 4
91 85 4 4
92 83 4 4
92 89 4 4
92 87 4 4
92 88 4 4
93 83 4 4
93 88 4 4
93 86 4 4
93 82 4 4
94 85 4 4
94 88 4 4
94 80 4 4
94 83 4 4
95 86 4 4
95 81 4 4
95 89 4 4
95 90 4 4
96 86 4 4
96 88 4 4
96 84 4 4
96 89 4 4
97 86 4 4
97 93 4 4
97 95 4 4
97 88 4 4
98 82 4 4
98 96 4 4
98 97 4 4
98 87 4 4
99 94 4 4
99 96 4 4
99 85 4 4
99 80 4 4
80 91 4 4
80 95 4 4
80 92 4 4
80 90 4 4
81 98 4 4
81 99 4 4
81 97 4 4
81 89 4 4
82 94 4 4
82 97 4 4
82 88 4 4
82 99 4 4
83 98 4 4
83 97 4 4
83 96 4 4
83 95 4 4
104 102 5 5
104 101 5 5
104 103 5 5
104 100 5 5
105 100 5 5
105 103 5 5
105 101 5 5
105 102 5 5
106 103 5 5
106 101 5 5
106 105 5 5
106 102 5 5
107 100 5 5
107 101 5 5
107 104 5 5
107 105 5 5
108 106 5 5
108 100 5 5
108 107 5 5
108 101 5 5
109 104 5 5
109 107 5 5
109 105 5 5
109 108 5 5
110 107 5 5
110 105 5 5
110 102 5 5
110 109 5 5
111 109 5 5
111 101 5 5
111 106 5 5
111 102 5 5
112 111 5 5
112 104 5 5
112 102 5 5
112 106 5 5
113 110 5 5
113 103 5 5
113 111 5 5
113 106 5 5
114 101 5 5
114 110 5 5
114 103 5 5
114 113 5 5
115 112 5 5
115 108 5 5
115 101 5 5
115 114 5 5
116 105 5 5
116 106 5 5
116 115 5 5
116 112 5 5
117 104 5 5
117 115 5 5
117 106 5 5
117 101 5 5
118 110 5 5
118 111 5 5
118 114 5 5
118 104 5 5
119 114 5 5
119 111 5 5
119 105 5 5
119 109 5 5
100 117 5 5
100 110 5 5
100 119 5 5
100 106 5 5
101 109 5 5
101 113 5 5
101 119 5 5
101 110 5 5
102 117 5 5
102 109 5 5
102 119 5 5
102 115 5 5
103 111 5 5
103 112 5 5
103 115 5 5
103 110 5 5
124 120 6 6
124 123 6 6
124 121 6 6
124 122 6 6
125 122 6 6
125 124 6 6
125 123 6 6
125 120 6 6
126 120 6 6
126 124 6 6
126 121 6 6
126 125 6 6
127 126 6 6
127 121 6 6
127 125 6 6
127 123 6 6
128 127 6 6
128 122 6 6
128 124 6 6
128 126 6 6
129 120 6 6
129 121 6 6
129 127 6 6
129 124 6 6
130 128 6 6
130 122 6 6
130 125 6 6
130 126 6 6
131 124 6 6
131 123 6 6
131 120 6 6
131 129 6 6
132 129 6 6
132 120 6 6
132 124 6 6
132 123 6 6
133 131 6 6
133 123 6 6
133 126 6 6
133 124 6 6
134 132 6 6
134 133 6 6
134 124 6 6
134 129 6 6
135 124 6 6
135 120 6 6
135 127 6 6
135 132 6 6
136 133 6 6
136 128 6 6
136 123 6 6
136 130 6 6
137 131 6 6
137 126 6 6
137 122 6 6
137 123 6 6
138 130 6 6
138 133 6 6
138 125 6 6
138 121 6 6
139 123 6 6
139 135 6 6
139 129 6 6
139 131 6 6
120 138 6 6
120 128 6 6
120 133 6 6
120 127 6 6
121 131 6 6
121 132 6 6
121 134 6 6
121 133 6 6
122 133 6 6
122 136 6 6
122 139 6 6
122 131 6 6
123 130 6 6
123 138 6 6
123 129 6 6
123 135 6 6
144 142 7 7
144 143 7 7
144 141 7 7
144 140 7 7
145 143 7 7
145 142 7 7
145 141 7 7
145 144 7 7
146 144 7 7
146 142 7 7
146 145 7 7
146 143 7 7
147 140 7 7
147 146 7 7
147 142 7 7
147 144 7 7
148 143 7 7
148 146 7 7
148 144 7 7
148 145 7 7
149 148 7 7
149 142 7 7
149 147 7 7
149 144 7 7
150 145 7 7
150 148 7 7
150 143 7 7
150 141 7 7
151 142 7 7
151 149 7 7
151 144 7 7
151 140 7 7
152 144 7 7
152 147 7 7
152 142 7 7
152 140 7 7
153 147 7 7
153 141 7 7
153 150 7 7
153 149 7 7
154 151 7 7
154 152 7 7
154 142 7 7
154 147 7 7
155 147 7 7
155 145 7 7
155 140 7 7
155 141 7 7
156 147 7 7
156 152 7 7
156 155 7 7
156 142 7 7
157 144 7 7
157 146 7 7
157 143 7 7
157 149 7 7
158 157 7 7
158 150 7 7
158 143 7 7
158 149 7 7
159 141 7 7
159 148 7 7
159 153 7 7
159 150 7 7
140 154 7 7
140 153 7 7
140 157 7 7
140 156 7 7
141 152 7 7
141 158 7 7
141 148 7 7
141 147 7 7
142 158 7 7
142 159 7 7
142 155 7 7
142 157 7 7
143 152 7 7
143 159 7 7
143 147 7 7
143 153 7 7
164 162 8 8
164 160 8 8
164 161 8 8
164 163 8 8
165 164 8 8
165 160 8 8
165 162 8 8
165 161 8 8
166 161 8 8
166 165 8 8
166 162 8 8
166 163 8 8
167 160 8 8
167 163 8 8
167 165 8 8
167 162 8 8
168 167 8 8
168 160 8 8
168 161 8 8
168 165 8 8
169 164 8 8
169 162 8 8
169 166 8 8
169 165 8 8
170 166 8 8
170 165 8 8
170 162 8 8
170 160 8 8
171 165 8 8
171 170 8 8
171 162 8 8
171 161 8 8
172 171 8 8
172 163 8 8
172 170 8 8
172 161 8 8
173 163 8 8
173 165 8 8
173 167 8 8
173 170 8 8
174 168 8 8
174 173 8 8
174 160 8 8
174 167 8 8
175 173 8 8
175 160 8 8
175 171 8 8
175 161 8 8
176 165 8 8
176 171 8 8
176 160 8 8
176 175 8 8
177 167 8 8
177 169 8 8
177 168 8 8
177 160 8 8
178 177 8 8
178 163 8 8
178 173 8 8
178 165 8 8
179 171 8 8
179 172 8 8
179 163 8 8
179 173 8 8
160 173 8 8
160 171 8 8
160 172 8 8
160 178 8 8
161 176 8 8
161 170 8 8
161 174 8 8
161 169 8 8
162 168 8 8
162 179 8 8
162 177 8 8
162 174 8 8
163 176 8 8
163 175 8 8
163 177 8 8
163 170 8 8
184 182 9 9
184 181 9 9
184 183 9 9
184 180 9 9
185 184 9 9
185 182 9 9
185 183 9 9
185 180 9 9
186 185 9 9
186 182 9 9
186 180 9 9
186 181 9 9
187 183 9 9
187 180 9 9
187 185 9 9
187 181 9 9
188 186 9 9
188 180 9 9
188 185 9 9
188 182 9 9
189 183 9 9
189 181 9 9
189 185 9 9
189 187 9 9
190 189 9 9
190 184 9 9
190 187 9 9
190 181 9 9
191 182 9 9
191 184 9 9
191 186 9 9
191 185 9 9
192 187 9 9
192 190 9 9
192 181 9 9
192 184 9 9
193 189 9 9
193 192 9 9
193 188 9 9
193 187 9 9
194 192 9 9
194 184 9 9
194 190 9 9
194 187 9 9
195 188 9 9
195 191 9 9
195 185 9 9
195 180 9 9
196 189 9 9
196 183 9 9
196 195 9 9
196 193 9 9
197 190 9 9
197 183 9 9
197 195 9 9
197 193 9 9
198 189 9 9
198 187 9 9
198 192 9 9
198 190 9 9
199 196 9 9
199 193 9 9
199 195 9 9
199 198 9 9
180 199 9 9
180 197 9 9
180 193 9 9
180 191 9 9
181 199 9 9
181 193 9 9
181 196 9 9
181 188 9 9
182 194 9 9
182 197 9 9
182 187 9 9
182 195 9 9
183 198 9 9
183 192 9 9
183 190 9 9
183 199 9 9
204 202 10 10
204 203 10 10
204 201 10 10
204 200 10 10
205 202 10 10
205 201 10 10
205 203 10 10
205 200 10 10
206 204 10 10
206 202 10 10
206 203 10 10
206 201 10 10
207 200 10 10
207 201 10 10
207 205 10 10
207 202 10 10
208 206 10 10
208 205 10 10
208 202 10 10
208 203 10 10
209 203 10 10
209 201 10 10
209 206 10 10
209 208 10 10
210 208 10 10
210 207 10 10
210 204 10 10
210 203 10 10
211 202 10 10
211 200 10 10
211 204 10 10
211 210 10 10
212 204 10 10
212 209 10 10
212 202 10 10
212 208 10 10
213 203 10 10
213 209 10 10
213 205 10 10
213 202 10 10
214 204 10 10
214 210 10 10
214 212 10 10
214 202 10 10
215 207 10 10
215 210 10 10
215 204 10 10
215 200 10 10
216 208 10 10
216 203 10 10
216 209 10 10
216 205 10 10
217 205 10 10
217 208 10 10
217 212 10 10
217 213 10 10
218 217 10 10
218 203 10 10
218 207 10 10
218 214 10 10
219 212 10 10
219 202 10 10
219 215 10 10
219 213 10 10
200 213 10 10
200 214 10 10
200 219 10 10
200 212 10 10
201 208 10 10
201 217 10 10
201 211 10 10
201 215 10 10
202 210 10 10
202 218 10 10
202 209 10 10
202 216 10 10
203 215 10 10
203 214 10 10
203 211 10 10
203 212 10 10
224 220 11 11
224 223 11 11
224 221 11 11
224 222 11 11
225 222 11 11
225 220 11 11
225 221 11 11
225 223 11 11
226 223 11 11
226 224 11 11
226 220 11 11
226 222 11 11
227 222 11 11
227 221 11 11
227 223 11 11
227 224 11 11
228 222 11 11
228 227 11 11
228 226 11 11
228 225 11 11
229 228 11 11
229 223 11 11
229 224 11 11
229 227 11 11
230 223 11 11
230 224 11 11
230 227 11 11
230 226 11 11
231 223 11 11
231 230 11 11
231 225 11 11
231 229 11 11
232 228 11 11
232 222 11 11
232 225 11 11
232 227 11 11
233 223 11 11
233 228 11 11
233 227 11 11
233 225 11 11
234 233 11 11
234 225 11 11
234 227 11 11
234 231 11 11
235 233 11 11
235 231 11 11
235 221 11 11
235 234 11 11
236 228 11 11
236 227 11 11
236 234 11 11
236 232 11 11
237 224 11 11
237 223 11 11
237 235 11 11
237 225 11 11
238 227 11 11
238 228 11 11
238 231 11 11
238 223 11 11
239 220 11 11
239 230 11 11
239 226 11 11
239 222 11 11
220 238 11 11
220 230 11 11
220 229 11 11
220 227 11 11
221 237 11 11
221 233 11 11
221 230 11 11
221 239 11 11
222 233 11 11
222 236 11 11
222 234 11 11
222 235 11 11
223 234 11 11
223 232 11 11
223 236 11 11
223 239 11 11
244 242 12 12
244 243 12 12
244 241 12 12
244 240 12 12
245 242 12 12
245 243 12 12
245 244 12 12
245 241 12 12
246 243 12 12
246 242 12 12
246 245 12 12
246 241 12 12
247 240 12 12
247 242 12 12
247 243 12 12
247 244 12 12
248 247 12 12
248 242 12 12
248 244 12 12
248 246 12 12
249 245 12 12
249 244 12 12
249 240 12 12
249 248 12 12
250 242 12 12
250 245 12 12
250 246 12 12
250 248 12 12
251 242 12 12
251 246 12 12
251 243 12 12
251 240 12 12
252 247 12 12
252 249 12 12
252 244 12 12
252 250 12 12
253 247 12 12
253 250 12 12
253 251 12 12
253 242 12 12
254 245 12 12
254 253 12 12
254 242 12 12
254 250 12 12
255 249 12 12
255 254 12 12
255 245 12 12
255 240 12 12
256 248 12 12
256 252 12 12
256 244 12 12
256 247 12 12
257 254 12 12
257 255 12 12
257 242 12 12
257 251 12 12
258 242 12 12
258 256 12 12
258 254 12 12
258 246 12 12
259 255 12 12
259 253 12 12
259 257 12 12
259 241 12 12
240 252 12 12
240 259 12 12
240 258 12 12
240 253 12 12
241 257 12 12
241 249 12 12
241 255 12 12
241 251 12 12
242 259 12 12
242 249 12 12
242 255 12 12
242 256 12 12
243 253 12 12
243 250 12 12
243 254 12 12
243 248 12 12
264 260 13 13
264 263 13 13
264 261 13 13
264 262 13 13
265 262 13 13
265 260 13 13
265 263 13 13
265 261 13 13
266 265 13 13
266 263 13 13
266 262 13 13
266 261 13 13
267 263 13 13
267 264 13 13
267 260 13 13
267 266 13 13
268 266 13 13
268 264 13 13
268 263 13 13
268 260 13 13
269 261 13 13
269 267 13 13
269 264 13 13
269 262 13 13
270 260 13 13
270 267 13 13
270 263 13 13
270 265 13 13
271 270 13 13
271 268 13 13
271 262 13 13
271 261 13 13
272 267 13 13
272 269 13 13
272 261 13 13
272 270 13 13
273 266 13 13
273 263 13 13
273 268 13 13
273 260 13 13
274 270 13 13
274 260 13 13
274 267 13 13
274 269 13 13
275 260 13 13
275 261 13 13
275 273 13 13
275 263 13 13
276 270 13 13
276 267 13 13
276 273 13 13
276 271 13 13
277 271 13 13
277 262 13 13
277 265 13 13
277 269 13 13
278 260 13 13
278 273 13 13
278 269 13 13
278 270 13 13
279 262 13 13
279 266 13 13
279 277 13 13
279 278 13 13
260 269 13 13
260 276 13 13
260 277 13 13
260 279 13 13
261 268 13 13
261 277 13 13
261 279 13 13
261 273 13 13
262 267 13 13
262 278 13 13
262 276 13 13
262 270 13 13
263 274 13 13
263 272 13 13
263 269 13 13
263 276 13 13
284 280 14 14
284 283 14 14
284 282 14 14
284 281 14 14
285 283 14 14
285 282 14 14
285 284 14 14
285 281 14 14
286 280 14 14
286 281 14 14
286 283 14 14
286 284 14 14
287 280 14 14
287 282 14 14
287 283 14 14
287 285 14 14
288 281 14 14
288 287 14 14
288 283 14 14
288 282 14 14
289 283 14 14
289 282 14 14
289 281 14 14
289 287 14 14
290 288 14 14
290 285 14 14
290 283 14 14
290 284 14 14
291 284 14 14
291 285 14 14
291 281 14 14
291 288 14 14
292 282 14 14
292 281 14 14
292 283 14 14
292 280 14 14
293 292 14 14
293 286 14 14
293 289 14 14
293 281 14 14
294 285 14 14
294 287 14 14
294 284 14 14
294 280 14 14
295 284 14 14
295 289 14 14
295 280 14 14
295 283 14 14
296 284 14 14
296 287 14 14
296 294 14 14
296 289 14 14
297 293 14 14
297 282 14 14
297 286 14 14
297 288 14 14
298 295 14 14
298 280 14 14
298 283 14 14
298 289 14 14
299 281 14 14
299 293 14 14
299 297 14 14
299 283 14 14
280 297 14 14
280 289 14 14
280 288 14 14
280 290 14 14
281 298 14 14
281 295 14 14
281 294 14 14
281 297 14 14
282 291 14 14
282 298 14 14
282 295 14 14
282 290 14 14
283 291 14 14
283 294 14 14
283 297 14 14
283 293 14 14
304 302 15 15
304 303 15 15
304 300 15 15
304 301 15 15
305 301 15 15
305 304 15 15
305 302 15 15
305 303 15 15
306 303 15 15
306 305 15 15
306 302 15 15
306 304 15 15
307 305 15 15
307 301 15 15
307 306 15 15
307 302 15 15
308 301 15 15
308 303 15 15
308 302 15 15
308 305 15 15
309 308 15 15
309 306 15 15
309 302 15 15
309 304 15 15
310 307 15 15
310 302 15 15
310 303 15 15
310 300 15 15
311 305 15 15
311 304 15 15
311 302 15 15
311 310 15 15
312 310 15 15
312 300 15 15
312 305 15 15
312 303 15 15
313 307 15 15
313 310 15 15
313 303 15 15
313 309 15 15
314 312 15 15
314 306 15 15
314 308 15 15
314 304 15 15
315 303 15 15
315 306 15 15
315 300 15 15
315 301 15 15
316 309 15 15
316 300 15 15
316 314 15 15
316 303 15 15
317 313 15 15
317 311 15 15
317 316 15 15
317 305 15 15
318 316 15 15
318 315 15 15
318 308 15 15
318 310 15 15
319 302 15 15
319 301 15 15
319 306 15 15
319 300 15 15
300 311 15 15
300 318 15 15
300 305 15 15
300 313 15 15
301 317 15 15
301 306 15 15
301 309 15 15
301 311 15 15
302 318 15 15
302 317 15 15
302 315 15 15
302 316 15 15
303 309 15 15
303 317 15 15
303 319 15 15
303 311 15 15
95 17 4 0
80 30 4 1
85 69 4 3
94 54 4 2
107 18 5 0
108 36 5 1
105 43 5 2
106 93 5 4
123 66 6 3
136 42 6 2
126 107 6 5
130 33 6 1
155 111 7 5
151 51 7 2
147 27 7 1
141 16 7 0
165 31 8 1
168 18 8 0
177 107 8 5
168 75 8 3
188 149 9 7
182 116 9 5
187 74 9 3
180 47 9 2
203 108 10 5
218 197 10 9
219 146 10 7
210 176 10 8
232 185 11 9
223 27 11 1
221 134 11 6
227 63 11 3
254 231 12 11
258 104 12 5
254 160 12 8
255 217 12 10
262 238 13 11
264 85 13 4
273 246 13 12
270 14 13 0
298 278 14 13
290 258 14 12
291 146 14 7
295 97 14 4
317 246 15 12
313 159 15 7
310 192 15 9
305 29 15 1
2 244 0 12
8 187 0 9
15 292 0 14
4 139 0 6
38 201 1 10
23 242 1 12
20 196 1 9
21 298 1 14
44 302 2 15
40 237 2 11
47 286 2 14
46 162 2 8
70 140 3 7
78 279 3 13
70 317 3 15
66 217 3 10
