swNum = 320
edgeNum = 1341

0 0
1 0
2 0
3 0
4 0
5 0
6 0
7 0
8 0
9 0
10 0
11 0
12 0
13 0
14 0
15 0
16 0
17 0
18 0
19 0
20 1
21 1
22 1
23 1
24 1
25 1
26 1
27 1
28 1
29 1
30 1
31 1
32 1
33 1
34 1
35 1
36 1
37 1
38 1
39 1
40 2
41 2
42 2
43 2
44 2
45 2
46 2
47 2
48 2
49 2
50 2
51 2
52 2
53 2
54 2
55 2
56 2
57 2
58 2
59 2
60 3
61 3
62 3
63 3
64 3
65 3
66 3
67 3
68 3
69 3
70 3
71 3
72 3
73 3
74 3
75 3
76 3
77 3
78 3
79 3
80 4
81 4
82 4
83 4
84 4
85 4
86 4
87 4
88 4
89 4
90 4
91 4
92 4
93 4
94 4
95 4
96 4
97 4
98 4
99 4
100 5
101 5
102 5
103 5
104 5
105 5
106 5
107 5
108 5
109 5
110 5
111 5
112 5
113 5
114 5
115 5
116 5
117 5
118 5
119 5
120 6
121 6
122 6
123 6
124 6
125 6
126 6
127 6
128 6
129 6
130 6
131 6
132 6
133 6
134 6
135 6
136 6
137 6
138 6
139 6
140 7
141 7
142 7
143 7
144 7
145 7
146 7
147 7
148 7
149 7
150 7
151 7
152 7
153 7
154 7
155 7
156 7
157 7
158 7
159 7
160 8
161 8
162 8
163 8
164 8
165 8
166 8
167 8
168 8
169 8
170 8
171 8
172 8
173 8
174 8
175 8
176 8
177 8
178 8
179 8
180 9
181 9
182 9
183 9
184 9
185 9
186 9
187 9
188 9
189 9
190 9
191 9
192 9
193 9
194 9
195 9
196 9
197 9
198 9
199 9
200 10
201 10
202 10
203 10
204 10
205 10
206 10
207 10
208 10
209 10
210 10
211 10
212 10
213 10
214 10
215 10
216 10
217 10
218 10
219 10
220 11
221 11
222 11
223 11
224 11
225 11
226 11
227 11
228 11
229 11
230 11
231 11
232 11
233 11
234 11
235 11
236 11
237 11
238 11
239 11
240 12
241 12
242 12
243 12
244 12
245 12
246 12
247 12
248 12
249 12
250 12
251 12
252 12
253 12
254 12
255 12
256 12
257 12
258 12
259 12
260 13
261 13
262 13
263 13
264 13
265 13
266 13
267 13
268 13
269 13
270 13
271 13
272 13
273 13
274 13
275 13
276 13
277 13
278 13
279 13
280 14
281 14
282 14
283 14
284 14
285 14
286 14
287 14
288 14
289 14
290 14
291 14
292 14
293 14
294 14
295 14
296 14
297 14
298 14
299 14
300 15
301 15
302 15
303 15
304 15
305 15
306 15
307 15
308 15
309 15
310 15
311 15
312 15
313 15
314 15
315 15
316 15
317 15
318 15
319 15

4 1 0 0
4 3 0 0
4 2 0 0
4 0 0 0
5 0 0 0
5 3 0 0
5 4 0 0
5 1 0 0
6 4 0 0
6 3 0 0
6 5 0 0
6 1 0 0
7 2 0 0
7 3 0 0
7 0 0 0
7 6 0 0
8 2 0 0
8 3 0 0
8 4 0 0
8 1 0 0
9 1 0 0
9 2 0 0
9 8 0 0
9 4 0 0
10 1 0 0
10 9 0 0
10 4 0 0
10 6 0 0
11 2 0 0
11 3 0 0
11 7 0 0
11 0 0 0
12 5 0 0
12 1 0 0
12 3 0 0
12 8 0 0
13 10 0 0
13 4 0 0
13 12 0 0
13 6 0 0
14 5 0 0
14 11 0 0
14 6 0 0
14 0 0 0
15 9 0 0
15 8 0 0
15 1 0 0
15 2 0 0
16 2 0 0
16 10 0 0
16 13 0 0
16 5 0 0
17 3 0 0
17 6 0 0
17 1 0 0
17 10 0 0
18 1 0 0
18 4 0 0
18 13 0 0
18 3 0 0
19 10 0 0
19 1 0 0
19 0 0 0
19 14 0 0
0 12 0 0
0 17 0 0
0 6 0 0
0 16 0 0
1 13 0 0
1 16 0 0
1 7 0 0
1 14 0 0
2 12 0 0
2 19 0 0
2 10 0 0
2 18 0 0
3 13 0 0
3 16 0 0
3 10 0 0
3 19 0 0
24 22 1 1
24 20 1 1
24 23 1 1
24 21 1 1
25 24 1 1
25 22 1 1
25 20 1 1
25 23 1 1
26 20 1 1
26 25 1 1
26 21 1 1
26 24 1 1
27 21 1 1
27 23 1 1
27 25 1 1
27 24 1 1
28 21 1 1
28 27 1 1
28 23 1 1
28 26 1 1
29 27 1 1
29 23 1 1
29 22 1 1
29 21 1 1
30 29 1 1
30 27 1 1
30 26 1 1
30 20 1 1
31 23 1 1
31 24 1 1
31 26 1 1
31 25 1 1
32 21 1 1
32 20 1 1
32 24 1 1
32 25 1 1
33 30 1 1
33 24 1 1
33 22 1 1
33 21 1 1
34 28 1 1
34 31 1 1
34 23 1 1
34 29 1 1
35 23 1 1
35 26 1 1
35 29 1 1
35 27 1 1
36 20 1 1
36 25 1 1
36 32 1 1
36 24 1 1
37 28 1 1
37 32 1 1
37 23 1 1
37 34 1 1
38 36 1 1
38 34 1 1
38 27 1 1
38 30 1 1
39 22 1 1
39 26 1 1
39 20 1 1
39 24 1 1
20 31 1 1
20 34 1 1
20 33 1 1
20 35 1 1
21 31 1 1
21 38 1 1
21 36 1 1
21 25 1 1
22 30 1 1
22 27 1 1
22 32 1 1
22 34 1 1
23 38 1 1
23 26 1 1
23 33 1 1
23 39 1 1
44 43 2 2
44 41 2 2
44 42 2 2
44 40 2 2
45 43 2 2
45 40 2 2
45 44 2 2
45 42 2 2
46 45 2 2
46 44 2 2
46 43 2 2
46 42 2 2
47 40 2 2
47 43 2 2
47 45 2 2
47 44 2 2
48 46 2 2
48 45 2 2
48 43 2 2
48 42 2 2
49 46 2 2
49 40 2 2
49 45 2 2
49 43 2 2
50 48 2 2
50 49 2 2
50 44 2 2
50 43 2 2
51 45 2 2
51 44 2 2
51 41 2 2
51 48 2 2
52 45 2 2
52 47 2 2
52 48 2 2
52 43 2 2
53 51 2 2
53 44 2 2
53 40 2 2
53 45 2 2
54 48 2 2
54 51 2 2
54 45 2 2
54 44 2 2
55 45 2 2
55 48 2 2
55 53 2 2
55 43 2 2
56 49 2 2
56 51 2 2
56 53 2 2
56 44 2 2
57 56 2 2
57 52 2 2
57 51 2 2
57 44 2 2
58 40 2 2
58 53 2 2
58 56 2 2
58 45 2 2
59 42 2 2
59 51 2 2
59 40 2 2
59 43 2 2
40 57 2 2
40 46 2 2
40 48 2 2
40 50 2 2
41 49 2 2
41 45 2 2
41 54 2 2
41 53 2 2
42 53 2 2
42 57 2 2
42 51 2 2
42 52 2 2
43 54 2 2
43 51 2 2
43 53 2 2
43 58 2 2
64 62 3 3
64 61 3 3
64 63 3 3
64 60 3 3
65 64 3 3
65 63 3 3
65 62 3 3
65 61 3 3
66 64 3 3
66 63 3 3
66 60 3 3
66 61 3 3
67 63 3 3
67 65 3 3
67 61 3 3
67 64 3 3
68 62 3 3
68 63 3 3
68 66 3 3
68 67 3 3
69 64 3 3
69 67 3 3
69 66 3 3
69 68 3 3
70 60 3 3
70 67 3 3
70 61 3 3
70 64 3 3
71 62 3 3
71 70 3 3
71 68 3 3
71 66 3 3
72 64 3 3
72 68 3 3
72 63 3 3
72 66 3 3
73 68 3 3
73 62 3 3
73 64 3 3
73 61 3 3
74 63 3 3
74 71 3 3
74 65 3 3
74 69 3 3
75 69 3 3
75 72 3 3
75 71 3 3
75 65 3 3
76 61 3 3
76 66 3 3
76 75 3 3
76 70 3 3
77 62 3 3
77 68 3 3
77 64 3 3
77 67 3 3
78 60 3 3
78 67 3 3
78 74 3 3
78 76 3 3
79 72 3 3
79 71 3 3
79 65 3 3
79 75 3 3
60 69 3 3
60 77 3 3
60 76 3 3
60 68 3 3
61 71 3 3
61 72 3 3
61 75 3 3
61 78 3 3
62 66 3 3
62 67 3 3
62 72 3 3
62 76 3 3
63 71 3 3
63 69 3 3
63 77 3 3
63 79 3 3
84 83 4 4
84 81 4 4
84 80 4 4
84 82 4 4
85 84 4 4
85 80 4 4
85 81 4 4
85 83 4 4
86 85 4 4
86 80 4 4
86 83 4 4
86 84 4 4
87 84 4 4
87 83 4 4
87 80 4 4
87 81 4 4
88 84 4 4
88 81 4 4
88 86 4 4
88 87 4 4
89 85 4 4
89 86 4 4
89 80 4 4
89 81 4 4
90 84 4 4
90 87 4 4
90 82 4 4
90 86 4 4
91 83 4 4
91 80 4 4
91 81 4 4
91 84 4 4
92 83 4 4
92 81 4 4
92 88 4 4
92 86 4 4
93 83 4 4
93 87 4 4
93 81 4 4
93 85 4 4
94 89 4 4
94 85 4 4
94 93 4 4
94 82 4 4
95 94 4 4
95 81 4 4
95 84 4 4
95 93 4 4
96 85 4 4
96 92 4 4
96 87 4 4
96 81 4 4
97 82 4 4
97 87 4 4
97 91 4 4
97 81 4 4
98 94 4 4
98 81 4 4
98 85 4 4
98 84 4 4
99 89 4 4
99 86 4 4
99 83 4 4
99 81 4 4
80 96 4 4
80 98 4 4
80 88 4 4
80 97 4 4
81 94 4 4
81 86 4 4
81 90 4 4
82 93 4 4
82 92 4 4
82 98 4 4
82 91 4 4
83 95 4 4
83 98 4 4
83 97 4 4
83 96 4 4
104 102 5 5
104 100 5 5
104 103 5 5
104 101 5 5
105 104 5 5
105 100 5 5
105 101 5 5
105 102 5 5
106 101 5 5
106 105 5 5
106 104 5 5
106 103 5 5
107 100 5 5
107 106 5 5
107 103 5 5
107 101 5 5
108 100 5 5
108 104 5 5
108 103 5 5
108 107 5 5
109 102 5 5
109 108 5 5
109 104 5 5
109 106 5 5
110 108 5 5
110 101 5 5
110 109 5 5
110 106 5 5
111 110 5 5
111 102 5 5
111 106 5 5
111 100 5 5
112 106 5 5
112 110 5 5
112 101 5 5
112 107 5 5
113 111 5 5
113 100 5 5
113 101 5 5
113 106 5 5
114 100 5 5
114 101 5 5
114 108 5 5
114 104 5 5
115 111 5 5
115 104 5 5
115 106 5 5
115 105 5 5
116 110 5 5
116 111 5 5
116 100 5 5
116 113 5 5
117 104 5 5
117 109 5 5
117 112 5 5
117 107 5 5
118 103 5 5
118 105 5 5
118 100 5 5
118 107 5 5
119 117 5 5
119 109 5 5
119 102 5 5
119 106 5 5
100 110 5 5
100 117 5 5
100 112 5 5
100 109 5 5
101 115 5 5
101 108 5 5
101 111 5 5
101 117 5 5
102 118 5 5
102 117 5 5
102 112 5 5
102 106 5 5
103 112 5 5
103 110 5 5
103 111 5 5
103 117 5 5
124 123 6 6
124 120 6 6
124 122 6 6
124 121 6 6
125 121 6 6
125 122 6 6
125 120 6 6
125 123 6 6
126 125 6 6
126 123 6 6
126 121 6 6
126 120 6 6
127 121 6 6
127 123 6 6
127 120 6 6
127 126 6 6
128 126 6 6
128 127 6 6
128 125 6 6
128 120 6 6
129 128 6 6
129 127 6 6
129 122 6 6
129 123 6 6
130 128 6 6
130 120 6 6
130 127 6 6
130 123 6 6
131 121 6 6
131 122 6 6
131 129 6 6
131 127 6 6
132 124 6 6
132 123 6 6
132 120 6 6
132 129 6 6
133 126 6 6
133 122 6 6
133 131 6 6
133 125 6 6
134 132 6 6
134 129 6 6
134 130 6 6
134 123 6 6
135 124 6 6
135 134 6 6
135 120 6 6
135 121 6 6
136 133 6 6
136 120 6 6
136 132 6 6
136 121 6 6
137 120 6 6
137 129 6 6
137 126 6 6
137 127 6 6
138 136 6 6
138 135 6 6
138 123 6 6
138 120 6 6
139 126 6 6
139 135 6 6
139 136 6 6
139 133 6 6
120 131 6 6
120 129 6 6
120 139 6 6
120 133 6 6
121 129 6 6
121 139 6 6
121 133 6 6
121 128 6 6
122 132 6 6
122 127 6 6
122 126 6 6
122 139 6 6
123 137 6 6
123 131 6 6
123 133 6 6
123 135 6 6
144 141 7 7
144 143 7 7
144 140 7 7
144 142 7 7
145 141 7 7
145 144 7 7
145 142 7 7
145 140 7 7
146 144 7 7
146 143 7 7
146 145 7 7
146 142 7 7
147 140 7 7
147 141 7 7
147 145 7 7
147 144 7 7
148 147 7 7
148 140 7 7
148 145 7 7
148 144 7 7
149 146 7 7
149 143 7 7
149 140 7 7
149 145 7 7
150 144 7 7
150 141 7 7
150 147 7 7
150 149 7 7
151 144 7 7
151 142 7 7
151 141 7 7
151 148 7 7
152 150 7 7
152 147 7 7
152 143 7 7
152 144 7 7
153 140 7 7
153 150 7 7
153 145 7 7
153 151 7 7
154 152 7 7
154 149 7 7
154 145 7 7
154 140 7 7
155 153 7 7
155 142 7 7
155 141 7 7
155 150 7 7
156 147 7 7
156 146 7 7
156 155 7 7
156 143 7 7
157 154 7 7
157 146 7 7
157 143 7 7
157 149 7 7
158 143 7 7
158 152 7 7
158 146 7 7
158 150 7 7
159 142 7 7
159 141 7 7
159 149 7 7
159 143 7 7
140 152 7 7
140 151 7 7
140 155 7 7
140 146 7 7
141 156 7 7
141 158 7 7
141 149 7 7
141 152 7 7
142 153 7 7
142 147 7 7
142 150 7 7
142 149 7 7
143 145 7 7
143 147 7 7
143 153 7 7
143 150 7 7
164 163 8 8
164 160 8 8
164 162 8 8
164 161 8 8
165 161 8 8
165 163 8 8
165 164 8 8
165 160 8 8
166 161 8 8
166 165 8 8
166 160 8 8
166 164 8 8
167 160 8 8
167 163 8 8
167 165 8 8
167 166 8 8
168 167 8 8
168 164 8 8
168 165 8 8
168 161 8 8
169 164 8 8
169 163 8 8
169 160 8 8
169 166 8 8
170 167 8 8
170 163 8 8
170 164 8 8
170 161 8 8
171 165 8 8
171 167 8 8
171 168 8 8
171 166 8 8
172 170 8 8
172 169 8 8
172 165 8 8
172 162 8 8
173 160 8 8
173 166 8 8
173 165 8 8
173 167 8 8
174 172 8 8
174 173 8 8
174 167 8 8
174 160 8 8
175 162 8 8
175 170 8 8
175 161 8 8
175 174 8 8
176 163 8 8
176 165 8 8
176 161 8 8
176 162 8 8
177 165 8 8
177 171 8 8
177 173 8 8
177 164 8 8
178 171 8 8
178 165 8 8
178 177 8 8
178 161 8 8
179 175 8 8
179 167 8 8
179 163 8 8
179 160 8 8
160 171 8 8
160 178 8 8
160 176 8 8
160 177 8 8
161 172 8 8
161 167 8 8
161 171 8 8
161 174 8 8
162 165 8 8
162 170 8 8
162 168 8 8
162 167 8 8
163 172 8 8
163 171 8 8
163 175 8 8
163 178 8 8
184 182 9 9
184 181 9 9
184 183 9 9
184 180 9 9
185 183 9 9
185 184 9 9
185 181 9 9
185 182 9 9
186 180 9 9
186 181 9 9
186 183 9 9
186 182 9 9
187 180 9 9
187 185 9 9
187 181 9 9
187 183 9 9
188 181 9 9
188 183 9 9
188 186 9 9
188 182 9 9
189 186 9 9
189 188 9 9
189 182 9 9
189 180 9 9
190 187 9 9
190 185 9 9
190 181 9 9
190 182 9 9
191 181 9 9
191 189 9 9
191 188 9 9
191 183 9 9
192 182 9 9
192 189 9 9
192 181 9 9
192 184 9 9
193 180 9 9
193 189 9 9
193 191 9 9
193 181 9 9
194 183 9 9
194 187 9 9
194 180 9 9
194 185 9 9
195 191 9 9
195 180 9 9
195 188 9 9
195 193 9 9
196 195 9 9
196 182 9 9
196 193 9 9
196 181 9 9
197 189 9 9
197 181 9 9
197 192 9 9
197 191 9 9
198 189 9 9
198 196 9 9
198 187 9 9
198 191 9 9
199 184 9 9
199 191 9 9
199 193 9 9
199 197 9 9
180 197 9 9
180 199 9 9
180 191 9 9
180 198 9 9
181 195 9 9
181 189 9 9
181 199 9 9
181 194 9 9
182 197 9 9
182 194 9 9
182 199 9 9
182 195 9 9
183 193 9 9
183 199 9 9
183 197 9 9
183 195 9 9
204 203 10 10
204 201 10 10
204 202 10 10
204 200 10 10
205 203 10 10
205 200 10 10
205 201 10 10
205 202 10 10
206 200 10 10
206 201 10 10
206 202 10 10
206 205 10 10
207 202 10 10
207 206 10 10
207 204 10 10
207 201 10 10
208 204 10 10
208 200 10 10
208 203 10 10
208 206 10 10
209 202 10 10
209 205 10 10
209 200 10 10
209 201 10 10
210 201 10 10
210 209 10 10
210 207 10 10
210 203 10 10
211 205 10 10
211 208 10 10
211 204 10 10
211 203 10 10
212 210 10 10
212 204 10 10
212 208 10 10
212 203 10 10
213 207 10 10
213 206 10 10
213 202 10 10
213 205 10 10
214 212 10 10
214 209 10 10
214 210 10 10
214 202 10 10
215 205 10 10
215 213 10 10
215 204 10 10
215 208 10 10
216 205 10 10
216 203 10 10
216 201 10 10
216 208 10 10
217 201 10 10
217 204 10 10
217 214 10 10
217 203 10 10
218 202 10 10
218 207 10 10
218 209 10 10
218 213 10 10
219 212 10 10
219 201 10 10
219 215 10 10
219 203 10 10
200 216 10 10
200 217 10 10
200 215 10 10
200 213 10 10
201 218 10 10
201 208 10 10
201 212 10 10
201 214 10 10
202 211 10 10
202 212 10 10
202 210 10 10
202 219 10 10
203 207 10 10
203 215 10 10
203 213 10 10
203 206 10 10
224 220 11 11
224 223 11 11
224 222 11 11
224 221 11 11
225 222 11 11
225 220 11 11
225 223 11 11
225 221 11 11
226 220 11 11
226 222 11 11
226 225 11 11
226 221 11 11
227 224 11 11
227 225 11 11
227 226 11 11
227 221 11 11
228 226 11 11
228 225 11 11
228 224 11 11
228 227 11 11
229 221 11 11
229 226 11 11
229 222 11 11
229 228 11 11
230 226 11 11
230 220 11 11
230 229 11 11
230 221 11 11
231 224 11 11
231 227 11 11
231 226 11 11
231 225 11 11
232 225 11 11
232 220 11 11
232 224 11 11
232 223 11 11
233 231 11 11
233 230 11 11
233 229 11 11
233 222 11 11
234 233 11 11
234 228 11 11
234 230 11 11
234 226 11 11
235 231 11 11
235 226 11 11
235 224 11 11
235 227 11 11
236 220 11 11
236 224 11 11
236 226 11 11
236 221 11 11
237 222 11 11
237 228 11 11
237 226 11 11
237 233 11 11
238 224 11 11
238 236 11 11
238 227 11 11
238 232 11 11
239 220 11 11
239 224 11 11
239 238 11 11
239 233 11 11
220 233 11 11
220 237 11 11
220 235 11 11
220 227 11 11
221 239 11 11
221 234 11 11
221 237 11 11
221 238 11 11
222 234 11 11
222 230 11 11
222 228 11 11
222 238 11 11
223 236 11 11
223 238 11 11
223 239 11 11
223 234 11 11
244 241 12 12
244 242 12 12
244 243 12 12
244 240 12 12
245 242 12 12
245 241 12 12
245 244 12 12
245 240 12 12
246 242 12 12
246 245 12 12
246 241 12 12
246 244 12 12
247 240 12 12
247 245 12 12
247 244 12 12
247 242 12 12
248 240 12 12
248 244 12 12
248 241 12 12
248 245 12 12
249 242 12 12
249 243 12 12
249 248 12 12
249 240 12 12
250 249 12 12
250 240 12 12
250 242 12 12
250 241 12 12
251 245 12 12
251 247 12 12
251 250 12 12
251 243 12 12
252 250 12 12
252 246 12 12
252 245 12 12
252 251 12 12
253 243 12 12
253 248 12 12
253 242 12 12
253 240 12 12
254 252 12 12
254 251 12 12
254 249 12 12
254 250 12 12
255 247 12 12
255 252 12 12
255 251 12 12
255 240 12 12
256 253 12 12
256 242 12 12
256 254 12 12
256 244 12 12
257 243 12 12
257 240 12 12
257 245 12 12
257 255 12 12
258 250 12 12
258 241 12 12
258 242 12 12
258 246 12 12
259 253 12 12
259 244 12 12
259 241 12 12
259 258 12 12
240 254 12 12
240 259 12 12
240 258 12 12
240 251 12 12
241 256 12 12
241 251 12 12
241 255 12 12
241 257 12 12
242 259 12 12
242 251 12 12
242 254 12 12
242 252 12 12
243 246 12 12
243 259 12 12
243 248 12 12
243 254 12 12
264 262 13 13
264 263 13 13
264 260 13 13
264 261 13 13
265 261 13 13
265 264 13 13
265 263 13 13
265 260 13 13
266 260 13 13
266 262 13 13
266 263 13 13
266 265 13 13
267 264 13 13
267 261 13 13
267 263 13 13
267 262 13 13
268 260 13 13
268 264 13 13
268 262 13 13
268 266 13 13
269 267 13 13
269 263 13 13
269 260 13 13
269 261 13 13
270 264 13 13
270 261 13 13
270 260 13 13
270 266 13 13
271 268 13 13
271 263 13 13
271 262 13 13
271 270 13 13
272 265 13 13
272 266 13 13
272 261 13 13
272 260 13 13
273 261 13 13
273 272 13 13
273 260 13 13
273 270 13 13
274 260 13 13
274 269 13 13
274 264 13 13
274 268 13 13
275 267 13 13
275 262 13 13
275 264 13 13
275 272 13 13
276 264 13 13
276 268 13 13
276 263 13 13
276 273 13 13
277 273 13 13
277 272 13 13
277 260 13 13
277 266 13 13
278 260 13 13
278 271 13 13
278 277 13 13
278 266 13 13
279 269 13 13
279 273 13 13
279 266 13 13
279 278 13 13
260 279 13 13
260 267 13 13
260 275 13 13
260 276 13 13
261 277 13 13
261 276 13 13
261 278 13 13
261 271 13 13
262 278 13 13
262 272 13 13
262 274 13 13
262 265 13 13
263 278 13 13
263 274 13 13
263 277 13 13
263 275 13 13
284 282 14 14
284 283 14 14
284 281 14 14
284 280 14 14
285 282 14 14
285 281 14 14
285 283 14 14
285 284 14 14
286 282 14 14
286 280 14 14
286 284 14 14
286 283 14 14
287 280 14 14
287 286 14 14
287 283 14 14
287 282 14 14
288 285 14 14
288 286 14 14
288 280 14 14
288 283 14 14
289 286 14 14
289 288 14 14
289 280 14 14
289 287 14 14
290 282 14 14
290 285 14 14
290 284 14 14
290 286 14 14
291 285 14 14
291 283 14 14
291 288 14 14
291 286 14 14
292 288 14 14
292 291 14 14
292 287 14 14
292 283 14 14
293 289 14 14
293 292 14 14
293 282 14 14
293 288 14 14
294 293 14 14
294 280 14 14
294 291 14 14
294 292 14 14
295 292 14 14
295 287 14 14
295 291 14 14
295 294 14 14
296 286 14 14
296 280 14 14
296 292 14 14
296 283 14 14
297 294 14 14
297 286 14 14
297 296 14 14
297 291 14 14
298 289 14 14
298 282 14 14
298 286 14 14
298 293 14 14
299 289 14 14
299 288 14 14
299 292 14 14
299 298 14 14
280 299 14 14
280 292 14 14
280 291 14 14
280 295 14 14
281 295 14 14
281 292 14 14
281 294 14 14
281 297 14 14
282 289 14 14
282 297 14 14
282 291 14 14
282 299 14 14
283 298 14 14
283 294 14 14
283 297 14 14
283 299 14 14
304 300 15 15
304 302 15 15
304 303 15 15
304 301 15 15
305 302 15 15
305 300 15 15
305 304 15 15
305 303 15 15
306 300 15 15
306 301 15 15
306 304 15 15
306 303 15 15
307 303 15 15
307 306 15 15
307 301 15 15
307 300 15 15
308 300 15 15
308 307 15 15
308 306 15 15
308 303 15 15
309 300 15 15
309 302 15 15
309 304 15 15
309 307 15 15
310 304 15 15
310 302 15 15
310 308 15 15
310 300 15 15
311 306 15 15
311 301 15 15
311 304 15 15
311 307 15 15
312 311 15 15
312 301 15 15
312 307 15 15
312 305 15 15
313 304 15 15
313 300 15 15
313 301 15 15
313 312 15 15
314 307 15 15
314 305 15 15
314 304 15 15
314 302 15 15
315 300 15 15
315 304 15 15
315 301 15 15
315 314 15 15
316 301 15 15
316 304 15 15
316 306 15 15
316 312 15 15
317 306 15 15
317 305 15 15
317 312 15 15
317 315 15 15
318 305 15 15
318 309 15 15
318 312 15 15
318 308 15 15
319 302 15 15
319 305 15 15
319 313 15 15
319 310 15 15
300 318 15 15
300 319 15 15
300 317 15 15
300 314 15 15
301 317 15 15
301 305 15 15
301 314 15 15
301 308 15 15
302 312 15 15
302 313 15 15
302 317 15 15
302 315 15 15
303 312 15 15
303 313 15 15
303 310 15 15
303 315 15 15
98 34 4 1
84 68 4 3
96 44 4 2
84 4 4 0
116 27 5 1
107 51 5 2
115 96 5 4
113 61 5 3
121 34 6 1
136 109 6 5
134 41 6 2
122 75 6 3
143 117 7 5
146 57 7 2
140 122 7 6
153 61 7 3
173 22 8 1
179 51 8 2
166 156 8 7
175 108 8 5
184 48 9 2
182 26 9 1
188 137 9 6
196 63 9 3
205 74 10 3
218 112 10 5
207 190 10 9
213 12 10 0
221 196 11 9
226 75 11 3
237 41 11 2
235 212 11 10
247 109 12 5
240 66 12 3
240 175 12 8
249 233 12 11
278 127 13 6
270 98 13 4
273 199 13 9
268 73 13 3
291 110 14 5
291 172 14 8
295 66 14 3
289 193 14 9
313 135 15 6
307 156 15 7
309 246 15 12
304 202 15 10
10 303 0 15
2 261 0 13
17 108 0 5
7 294 0 14
38 309 1 15
25 256 1 12
29 226 1 11
39 154 1 7
57 213 2 10
46 293 2 14
53 244 2 12
43 300 2 15
72 314 3 15
71 169 3 8
