swNum = 320
edgeNum = 1344

0 0
1 0
2 0
3 0
4 0
5 0
6 0
7 0
8 0
9 0
10 0
11 0
12 0
13 0
14 0
15 0
16 0
17 0
18 0
19 0
20 1
21 1
22 1
23 1
24 1
25 1
26 1
27 1
28 1
29 1
30 1
31 1
32 1
33 1
34 1
35 1
36 1
37 1
38 1
39 1
40 2
41 2
42 2
43 2
44 2
45 2
46 2
47 2
48 2
49 2
50 2
51 2
52 2
53 2
54 2
55 2
56 2
57 2
58 2
59 2
60 3
61 3
62 3
63 3
64 3
65 3
66 3
67 3
68 3
69 3
70 3
71 3
72 3
73 3
74 3
75 3
76 3
77 3
78 3
79 3
80 4
81 4
82 4
83 4
84 4
85 4
86 4
87 4
88 4
89 4
90 4
91 4
92 4
93 4
94 4
95 4
96 4
97 4
98 4
99 4
100 5
101 5
102 5
103 5
104 5
105 5
106 5
107 5
108 5
109 5
110 5
111 5
112 5
113 5
114 5
115 5
116 5
117 5
118 5
119 5
120 6
121 6
122 6
123 6
124 6
125 6
126 6
127 6
128 6
129 6
130 6
131 6
132 6
133 6
134 6
135 6
136 6
137 6
138 6
139 6
140 7
141 7
142 7
143 7
144 7
145 7
146 7
147 7
148 7
149 7
150 7
151 7
152 7
153 7
154 7
155 7
156 7
157 7
158 7
159 7
160 8
161 8
162 8
163 8
164 8
165 8
166 8
167 8
168 8
169 8
170 8
171 8
172 8
173 8
174 8
175 8
176 8
177 8
178 8
179 8
180 9
181 9
182 9
183 9
184 9
185 9
186 9
187 9
188 9
189 9
190 9
191 9
192 9
193 9
194 9
195 9
196 9
197 9
198 9
199 9
200 10
201 10
202 10
203 10
204 10
205 10
206 10
207 10
208 10
209 10
210 10
211 10
212 10
213 10
214 10
215 10
216 10
217 10
218 10
219 10
220 11
221 11
222 11
223 11
224 11
225 11
226 11
227 11
228 11
229 11
230 11
231 11
232 11
233 11
234 11
235 11
236 11
237 11
238 11
239 11
240 12
241 12
242 12
243 12
244 12
245 12
246 12
247 12
248 12
249 12
250 12
251 12
252 12
253 12
254 12
255 12
256 12
257 12
258 12
259 12
260 13
261 13
262 13
263 13
264 13
265 13
266 13
267 13
268 13
269 13
270 13
271 13
272 13
273 13
274 13
275 13
276 13
277 13
278 13
279 13
280 14
281 14
282 14
283 14
284 14
285 14
286 14
287 14
288 14
289 14
290 14
291 14
292 14
293 14
294 14
295 14
296 14
297 14
298 14
299 14
300 15
301 15
302 15
303 15
304 15
305 15
306 15
307 15
308 15
309 15
310 15
311 15
312 15
313 15
314 15
315 15
316 15
317 15
318 15
319 15

4 2 0 0
4 1 0 0
4 3 0 0
4 0 0 0
5 0 0 0
5 1 0 0
5 2 0 0
5 3 0 0
6 3 0 0
6 1 0 0
6 5 0 0
6 4 0 0
7 0 0 0
7 6 0 0
7 2 0 0
7 5 0 0
8 4 0 0
8 3 0 0
8 2 0 0
8 5 0 0
9 2 0 0
9 6 0 0
9 5 0 0
9 1 0 0
10 6 0 0
10 3 0 0
10 1 0 0
10 8 0 0
11 4 0 0
11 10 0 0
11 3 0 0
11 2 0 0
12 6 0 0
12 11 0 0
12 7 0 0
12 10 0 0
13 0 0 0
13 1 0 0
13 5 0 0
13 4 0 0
14 6 0 0
14 11 0 0
14 7 0 0
14 12 0 0
15 0 0 0
15 11 0 0
15 1 0 0
15 8 0 0
16 10 0 0
16 14 0 0
16 0 0 0
16 9 0 0
17 7 0 0
17 2 0 0
17 0 0 0
17 1 0 0
18 0 0 0
18 5 0 0
18 11 0 0
18 2 0 0
19 10 0 0
19 9 0 0
19 14 0 0
19 12 0 0
0 6 0 0
0 8 0 0
0 12 0 0
0 14 0 0
1 8 0 0
1 11 0 0
1 14 0 0
1 18 0 0
2 6 0 0
2 15 0 0
2 16 0 0
2 12 0 0
3 14 0 0
3 18 0 0
3 15 0 0
3 16 0 0
24 22 1 1
24 20 1 1
24 23 1 1
24 21 1 1
25 21 1 1
25 22 1 1
25 23 1 1
25 20 1 1
26 22 1 1
26 21 1 1
26 23 1 1
26 20 1 1
27 25 1 1
27 23 1 1
27 21 1 1
27 22 1 1
28 20 1 1
28 24 1 1
28 27 1 1
28 21 1 1
29 21 1 1
29 27 1 1
29 28 1 1
29 24 1 1
30 20 1 1
30 21 1 1
30 29 1 1
30 23 1 1
31 24 1 1
31 23 1 1
31 20 1 1
31 22 1 1
32 23 1 1
32 24 1 1
32 25 1 1
32 27 1 1
33 25 1 1
33 23 1 1
33 24 1 1
33 27 1 1
34 32 1 1
34 27 1 1
34 33 1 1
34 26 1 1
35 28 1 1
35 23 1 1
35 31 1 1
35 20 1 1
36 21 1 1
36 32 1 1
36 34 1 1
36 25 1 1
37 35 1 1
37 20 1 1
37 24 1 1
37 28 1 1
38 28 1 1
38 27 1 1
38 24 1 1
38 31 1 1
39 31 1 1
39 27 1 1
39 35 1 1
39 34 1 1
20 38 1 1
20 33 1 1
20 34 1 1
20 29 1 1
21 32 1 1
21 37 1 1
21 35 1 1
21 39 1 1
22 32 1 1
22 36 1 1
22 35 1 1
22 33 1 1
23 36 1 1
23 28 1 1
23 39 1 1
23 38 1 1
44 40 2 2
44 41 2 2
44 42 2 2
44 43 2 2
45 44 2 2
45 41 2 2
45 42 2 2
45 43 2 2
46 45 2 2
46 43 2 2
46 41 2 2
46 40 2 2
47 43 2 2
47 45 2 2
47 44 2 2
47 40 2 2
48 46 2 2
48 44 2 2
48 43 2 2
48 41 2 2
49 48 2 2
49 43 2 2
49 47 2 2
49 41 2 2
50 40 2 2
50 44 2 2
50 47 2 2
50 46 2 2
51 47 2 2
51 46 2 2
51 45 2 2
51 50 2 2
52 51 2 2
52 46 2 2
52 48 2 2
52 45 2 2
53 46 2 2
53 44 2 2
53 45 2 2
53 47 2 2
54 51 2 2
54 41 2 2
54 46 2 2
54 47 2 2
55 48 2 2
55 47 2 2
55 49 2 2
55 52 2 2
56 47 2 2
56 44 2 2
56 40 2 2
56 45 2 2
57 49 2 2
57 41 2 2
57 46 2 2
57 52 2 2
58 51 2 2
58 48 2 2
58 54 2 2
58 53 2 2
59 56 2 2
59 57 2 2
59 47 2 2
59 50 2 2
40 59 2 2
40 57 2 2
40 54 2 2
40 49 2 2
41 50 2 2
41 51 2 2
41 53 2 2
41 58 2 2
42 58 2 2
42 47 2 2
42 52 2 2
42 50 2 2
43 55 2 2
43 57 2 2
43 58 2 2
43 56 2 2
64 63 3 3
64 60 3 3
64 61 3 3
64 62 3 3
65 63 3 3
65 64 3 3
65 61 3 3
65 62 3 3
66 64 3 3
66 63 3 3
66 65 3 3
66 62 3 3
67 65 3 3
67 61 3 3
67 62 3 3
67 66 3 3
68 65 3 3
68 66 3 3
68 67 3 3
68 64 3 3
69 68 3 3
69 67 3 3
69 65 3 3
69 62 3 3
70 62 3 3
70 64 3 3
70 61 3 3
70 66 3 3
71 65 3 3
71 68 3 3
71 67 3 3
71 62 3 3
72 65 3 3
72 64 3 3
72 70 3 3
72 69 3 3
73 67 3 3
73 71 3 3
73 72 3 3
73 66 3 3
74 67 3 3
74 69 3 3
74 65 3 3
74 71 3 3
75 74 3 3
75 61 3 3
75 64 3 3
75 70 3 3
76 68 3 3
76 65 3 3
76 74 3 3
76 63 3 3
77 72 3 3
77 60 3 3
77 74 3 3
77 68 3 3
78 63 3 3
78 69 3 3
78 76 3 3
78 73 3 3
79 61 3 3
79 67 3 3
79 78 3 3
79 73 3 3
60 74 3 3
60 65 3 3
60 66 3 3
60 69 3 3
61 71 3 3
61 72 3 3
61 69 3 3
61 78 3 3
62 75 3 3
62 77 3 3
62 72 3 3
62 74 3 3
63 73 3 3
63 70 3 3
63 74 3 3
63 72 3 3
84 80 4 4
84 83 4 4
84 82 4 4
84 81 4 4
85 83 4 4
85 84 4 4
85 80 4 4
85 82 4 4
86 84 4 4
86 81 4 4
86 82 4 4
86 83 4 4
87 81 4 4
87 85 4 4
87 86 4 4
87 84 4 4
88 86 4 4
88 83 4 4
88 81 4 4
88 87 4 4
89 82 4 4
89 86 4 4
89 85 4 4
89 87 4 4
90 89 4 4
90 82 4 4
90 85 4 4
90 80 4 4
91 89 4 4
91 85 4 4
91 82 4 4
91 80 4 4
92 84 4 4
92 82 4 4
92 89 4 4
92 80 4 4
93 87 4 4
93 90 4 4
93 83 4 4
93 85 4 4
94 86 4 4
94 82 4 4
94 92 4 4
94 90 4 4
95 86 4 4
95 87 4 4
95 90 4 4
95 93 4 4
96 84 4 4
96 93 4 4
96 94 4 4
96 92 4 4
97 84 4 4
97 80 4 4
97 93 4 4
97 94 4 4
98 96 4 4
98 92 4 4
98 97 4 4
98 82 4 4
99 96 4 4
99 88 4 4
99 84 4 4
99 81 4 4
80 86 4 4
80 99 4 4
80 87 4 4
80 96 4 4
81 90 4 4
81 89 4 4
81 91 4 4
81 95 4 4
82 96 4 4
82 97 4 4
82 95 4 4
82 93 4 4
83 87 4 4
83 89 4 4
83 95 4 4
83 98 4 4
104 103 5 5
104 100 5 5
104 102 5 5
104 101 5 5
105 103 5 5
105 104 5 5
105 100 5 5
105 101 5 5
106 105 5 5
106 102 5 5
106 101 5 5
106 100 5 5
107 104 5 5
107 103 5 5
107 105 5 5
107 100 5 5
108 106 5 5
108 101 5 5
108 103 5 5
108 104 5 5
109 101 5 5
109 104 5 5
109 102 5 5
109 105 5 5
110 108 5 5
110 103 5 5
110 101 5 5
110 102 5 5
111 106 5 5
111 108 5 5
111 101 5 5
111 105 5 5
112 110 5 5
112 101 5 5
112 102 5 5
112 105 5 5
113 101 5 5
113 100 5 5
113 106 5 5
113 109 5 5
114 104 5 5
114 109 5 5
114 111 5 5
114 112 5 5
115 100 5 5
115 108 5 5
115 107 5 5
115 105 5 5
116 106 5 5
116 113 5 5
116 111 5 5
116 112 5 5
117 106 5 5
117 114 5 5
117 115 5 5
117 101 5 5
118 114 5 5
118 116 5 5
118 101 5 5
118 112 5 5
119 116 5 5
119 115 5 5
119 106 5 5
119 104 5 5
100 117 5 5
100 114 5 5
100 112 5 5
100 110 5 5
101 115 5 5
101 114 5 5
101 119 5 5
101 107 5 5
102 114 5 5
102 117 5 5
102 119 5 5
102 108 5 5
103 106 5 5
103 115 5 5
103 114 5 5
103 119 5 5
124 122 6 6
124 123 6 6
124 121 6 6
124 120 6 6
125 123 6 6
125 120 6 6
125 124 6 6
125 121 6 6
126 122 6 6
126 123 6 6
126 124 6 6
126 120 6 6
127 122 6 6
127 124 6 6
127 125 6 6
127 126 6 6
128 126 6 6
128 127 6 6
128 125 6 6
128 122 6 6
129 123 6 6
129 125 6 6
129 128 6 6
129 122 6 6
130 121 6 6
130 120 6 6
130 124 6 6
130 122 6 6
131 121 6 6
131 123 6 6
131 130 6 6
131 122 6 6
132 129 6 6
132 125 6 6
132 123 6 6
132 128 6 6
133 125 6 6
133 132 6 6
133 128 6 6
133 123 6 6
134 122 6 6
134 127 6 6
134 124 6 6
134 130 6 6
135 128 6 6
135 129 6 6
135 120 6 6
135 121 6 6
136 124 6 6
136 122 6 6
136 131 6 6
136 125 6 6
137 132 6 6
137 121 6 6
137 133 6 6
137 134 6 6
138 128 6 6
138 132 6 6
138 134 6 6
138 130 6 6
139 125 6 6
139 132 6 6
139 122 6 6
139 123 6 6
120 137 6 6
120 139 6 6
120 132 6 6
120 134 6 6
121 132 6 6
121 136 6 6
121 138 6 6
121 134 6 6
122 125 6 6
122 133 6 6
122 132 6 6
122 137 6 6
123 135 6 6
123 128 6 6
123 138 6 6
123 134 6 6
144 140 7 7
144 143 7 7
144 141 7 7
144 142 7 7
145 142 7 7
145 141 7 7
145 144 7 7
145 143 7 7
146 142 7 7
146 143 7 7
146 141 7 7
146 140 7 7
147 140 7 7
147 146 7 7
147 143 7 7
147 145 7 7
148 142 7 7
148 141 7 7
148 145 7 7
148 144 7 7
149 142 7 7
149 145 7 7
149 143 7 7
149 141 7 7
150 149 7 7
150 143 7 7
150 145 7 7
150 140 7 7
151 141 7 7
151 145 7 7
151 150 7 7
151 149 7 7
152 147 7 7
152 144 7 7
152 148 7 7
152 145 7 7
153 147 7 7
153 146 7 7
153 150 7 7
153 141 7 7
154 149 7 7
154 151 7 7
154 142 7 7
154 141 7 7
155 145 7 7
155 153 7 7
155 148 7 7
155 146 7 7
156 142 7 7
156 145 7 7
156 144 7 7
156 143 7 7
157 153 7 7
157 146 7 7
157 152 7 7
157 142 7 7
158 141 7 7
158 145 7 7
158 153 7 7
158 151 7 7
159 141 7 7
159 142 7 7
159 143 7 7
159 146 7 7
140 152 7 7
140 149 7 7
140 158 7 7
140 151 7 7
141 155 7 7
141 150 7 7
141 157 7 7
141 152 7 7
142 150 7 7
142 158 7 7
142 152 7 7
142 147 7 7
143 158 7 7
143 152 7 7
143 153 7 7
143 154 7 7
164 160 8 8
164 163 8 8
164 162 8 8
164 161 8 8
165 160 8 8
165 162 8 8
165 161 8 8
165 164 8 8
166 161 8 8
166 165 8 8
166 160 8 8
166 164 8 8
167 163 8 8
167 164 8 8
167 160 8 8
167 166 8 8
168 160 8 8
168 166 8 8
168 167 8 8
168 161 8 8
169 168 8 8
169 167 8 8
169 160 8 8
169 161 8 8
170 164 8 8
170 162 8 8
170 165 8 8
170 169 8 8
171 165 8 8
171 162 8 8
171 161 8 8
171 170 8 8
172 167 8 8
172 170 8 8
172 168 8 8
172 163 8 8
173 161 8 8
173 167 8 8
173 172 8 8
173 168 8 8
174 167 8 8
174 171 8 8
174 165 8 8
174 160 8 8
175 171 8 8
175 170 8 8
175 168 8 8
175 161 8 8
176 166 8 8
176 161 8 8
176 164 8 8
176 175 8 8
177 166 8 8
177 167 8 8
177 162 8 8
177 169 8 8
178 176 8 8
178 167 8 8
178 164 8 8
178 172 8 8
179 167 8 8
179 174 8 8
179 168 8 8
179 177 8 8
160 179 8 8
160 176 8 8
160 170 8 8
160 173 8 8
161 172 8 8
161 177 8 8
161 170 8 8
161 167 8 8
162 169 8 8
162 178 8 8
162 174 8 8
162 168 8 8
163 166 8 8
163 175 8 8
163 169 8 8
163 176 8 8
184 182 9 9
184 180 9 9
184 183 9 9
184 181 9 9
185 181 9 9
185 182 9 9
185 180 9 9
185 184 9 9
186 184 9 9
186 180 9 9
186 182 9 9
186 181 9 9
187 180 9 9
187 182 9 9
187 184 9 9
187 186 9 9
188 183 9 9
188 185 9 9
188 186 9 9
188 182 9 9
189 188 9 9
189 187 9 9
189 183 9 9
189 182 9 9
190 185 9 9
190 188 9 9
190 184 9 9
190 189 9 9
191 190 9 9
191 187 9 9
191 188 9 9
191 183 9 9
192 189 9 9
192 190 9 9
192 187 9 9
192 188 9 9
193 183 9 9
193 186 9 9
193 190 9 9
193 180 9 9
194 192 9 9
194 182 9 9
194 186 9 9
194 188 9 9
195 192 9 9
195 191 9 9
195 187 9 9
195 185 9 9
196 193 9 9
196 181 9 9
196 187 9 9
196 184 9 9
197 187 9 9
197 190 9 9
197 194 9 9
197 184 9 9
198 193 9 9
198 195 9 9
198 188 9 9
198 184 9 9
199 191 9 9
199 193 9 9
199 194 9 9
199 182 9 9
180 199 9 9
180 198 9 9
180 196 9 9
180 192 9 9
181 190 9 9
181 193 9 9
181 188 9 9
181 191 9 9
182 196 9 9
182 198 9 9
182 197 9 9
182 195 9 9
183 198 9 9
183 190 9 9
183 185 9 9
183 194 9 9
204 200 10 10
204 202 10 10
204 203 10 10
204 201 10 10
205 203 10 10
205 204 10 10
205 200 10 10
205 201 10 10
206 201 10 10
206 202 10 10
206 204 10 10
206 203 10 10
207 203 10 10
207 202 10 10
207 201 10 10
207 206 10 10
208 206 10 10
208 200 10 10
208 204 10 10
208 205 10 10
209 203 10 10
209 202 10 10
209 200 10 10
209 208 10 10
210 200 10 10
210 207 10 10
210 204 10 10
210 201 10 10
211 208 10 10
211 206 10 10
211 203 10 10
211 202 10 10
212 208 10 10
212 205 10 10
212 203 10 10
212 211 10 10
213 202 10 10
213 206 10 10
213 210 10 10
213 207 10 10
214 209 10 10
214 213 10 10
214 202 10 10
214 201 10 10
215 209 10 10
215 200 10 10
215 207 10 10
215 203 10 10
216 207 10 10
216 200 10 10
216 210 10 10
216 206 10 10
217 200 10 10
217 206 10 10
217 209 10 10
217 212 10 10
218 212 10 10
218 202 10 10
218 207 10 10
218 208 10 10
219 218 10 10
219 214 10 10
219 202 10 10
219 201 10 10
200 212 10 10
200 206 10 10
200 219 10 10
200 211 10 10
201 218 10 10
201 217 10 10
201 216 10 10
201 211 10 10
202 216 10 10
202 212 10 10
202 208 10 10
202 210 10 10
203 217 10 10
203 218 10 10
203 216 10 10
203 210 10 10
224 221 11 11
224 223 11 11
224 222 11 11
224 220 11 11
225 220 11 11
225 222 11 11
225 221 11 11
225 224 11 11
226 220 11 11
226 222 11 11
226 225 11 11
226 223 11 11
227 226 11 11
227 225 11 11
227 221 11 11
227 222 11 11
228 224 11 11
228 221 11 11
228 226 11 11
228 225 11 11
229 228 11 11
229 226 11 11
229 224 11 11
229 220 11 11
230 227 11 11
230 229 11 11
230 222 11 11
230 220 11 11
231 228 11 11
231 224 11 11
231 223 11 11
231 229 11 11
232 229 11 11
232 225 11 11
232 227 11 11
232 226 11 11
233 228 11 11
233 231 11 11
233 223 11 11
233 230 11 11
234 232 11 11
234 227 11 11
234 228 11 11
234 220 11 11
235 229 11 11
235 220 11 11
235 221 11 11
235 231 11 11
236 230 11 11
236 234 11 11
236 224 11 11
236 226 11 11
237 229 11 11
237 226 11 11
237 224 11 11
237 236 11 11
238 234 11 11
238 227 11 11
238 225 11 11
238 226 11 11
239 229 11 11
239 220 11 11
239 232 11 11
239 238 11 11
220 227 11 11
220 232 11 11
220 237 11 11
220 238 11 11
221 234 11 11
221 233 11 11
221 237 11 11
221 231 11 11
222 229 11 11
222 235 11 11
222 234 11 11
222 236 11 11
223 225 11 11
223 229 11 11
223 228 11 11
223 230 11 11
244 240 12 12
244 241 12 12
244 243 12 12
244 242 12 12
245 241 12 12
245 244 12 12
245 242 12 12
245 240 12 12
246 244 12 12
246 245 12 12
246 241 12 12
246 243 12 12
247 243 12 12
247 241 12 12
247 242 12 12
247 244 12 12
248 247 12 12
248 240 12 12
248 241 12 12
248 243 12 12
249 240 12 12
249 244 12 12
249 242 12 12
249 246 12 12
250 249 12 12
250 241 12 12
250 243 12 12
250 247 12 12
251 240 12 12
251 244 12 12
251 247 12 12
251 249 12 12
252 245 12 12
252 249 12 12
252 248 12 12
252 246 12 12
253 252 12 12
253 251 12 12
253 248 12 12
253 244 12 12
254 252 12 12
254 247 12 12
254 251 12 12
254 246 12 12
255 247 12 12
255 252 12 12
255 243 12 12
255 248 12 12
256 250 12 12
256 248 12 12
256 255 12 12
256 240 12 12
257 241 12 12
257 254 12 12
257 250 12 12
257 249 12 12
258 252 12 12
258 251 12 12
258 241 12 12
258 250 12 12
259 241 12 12
259 246 12 12
259 254 12 12
259 257 12 12
240 253 12 12
240 250 12 12
240 255 12 12
240 252 12 12
241 251 12 12
241 254 12 12
241 252 12 12
241 249 12 12
242 259 12 12
242 256 12 12
242 248 12 12
242 251 12 12
243 257 12 12
243 252 12 12
243 245 12 12
243 259 12 12
264 260 13 13
264 261 13 13
264 263 13 13
264 262 13 13
265 263 13 13
265 264 13 13
265 260 13 13
265 261 13 13
266 262 13 13
266 265 13 13
266 261 13 13
266 264 13 13
267 265 13 13
267 263 13 13
267 262 13 13
267 264 13 13
268 261 13 13
268 262 13 13
268 263 13 13
268 260 13 13
269 260 13 13
269 268 13 13
269 266 13 13
269 263 13 13
270 260 13 13
270 264 13 13
270 263 13 13
270 261 13 13
271 263 13 13
271 260 13 13
271 267 13 13
271 268 13 13
272 270 13 13
272 261 13 13
272 269 13 13
272 266 13 13
273 270 13 13
273 271 13 13
273 261 13 13
273 269 13 13
274 266 13 13
274 269 13 13
274 265 13 13
274 263 13 13
275 264 13 13
275 271 13 13
275 266 13 13
275 261 13 13
276 272 13 13
276 266 13 13
276 270 13 13
276 269 13 13
277 267 13 13
277 268 13 13
277 275 13 13
277 264 13 13
278 267 13 13
278 264 13 13
278 265 13 13
278 271 13 13
279 272 13 13
279 273 13 13
279 269 13 13
279 271 13 13
260 272 13 13
260 278 13 13
260 266 13 13
260 275 13 13
261 279 13 13
261 277 13 13
261 269 13 13
261 271 13 13
262 274 13 13
262 279 13 13
262 271 13 13
262 275 13 13
263 275 13 13
263 279 13 13
263 273 13 13
263 277 13 13
284 280 14 14
284 282 14 14
284 281 14 14
284 283 14 14
285 283 14 14
285 281 14 14
285 280 14 14
285 284 14 14
286 280 14 14
286 285 14 14
286 283 14 14
286 281 14 14
287 282 14 14
287 280 14 14
287 286 14 14
287 281 14 14
288 284 14 14
288 280 14 14
288 285 14 14
288 286 14 14
289 281 14 14
289 285 14 14
289 283 14 14
289 288 14 14
290 286 14 14
290 284 14 14
290 289 14 14
290 280 14 14
291 286 14 14
291 290 14 14
291 281 14 14
291 285 14 14
292 289 14 14
292 281 14 14
292 282 14 14
292 285 14 14
293 282 14 14
293 286 14 14
293 281 14 14
293 287 14 14
294 280 14 14
294 281 14 14
294 287 14 14
294 288 14 14
295 292 14 14
295 282 14 14
295 290 14 14
295 281 14 14
296 290 14 14
296 280 14 14
296 295 14 14
296 289 14 14
297 283 14 14
297 295 14 14
297 282 14 14
297 292 14 14
298 284 14 14
298 290 14 14
298 282 14 14
298 285 14 14
299 294 14 14
299 288 14 14
299 290 14 14
299 286 14 14
280 299 14 14
280 292 14 14
280 297 14 14
280 289 14 14
281 297 14 14
281 299 14 14
281 290 14 14
281 288 14 14
282 290 14 14
282 296 14 14
282 289 14 14
282 291 14 14
283 290 14 14
283 294 14 14
283 299 14 14
283 288 14 14
304 302 15 15
304 301 15 15
304 303 15 15
304 300 15 15
305 304 15 15
305 302 15 15
305 301 15 15
305 303 15 15
306 303 15 15
306 301 15 15
306 300 15 15
306 305 15 15
307 306 15 15
307 300 15 15
307 301 15 15
307 302 15 15
308 307 15 15
308 300 15 15
308 301 15 15
308 306 15 15
309 305 15 15
309 302 15 15
309 304 15 15
309 303 15 15
310 305 15 15
310 309 15 15
310 303 15 15
310 302 15 15
311 305 15 15
311 306 15 15
311 301 15 15
311 309 15 15
312 303 15 15
312 306 15 15
312 308 15 15
312 304 15 15
313 303 15 15
313 302 15 15
313 311 15 15
313 304 15 15
314 303 15 15
314 310 15 15
314 311 15 15
314 308 15 15
315 309 15 15
315 302 15 15
315 310 15 15
315 306 15 15
316 302 15 15
316 306 15 15
316 315 15 15
316 307 15 15
317 310 15 15
317 300 15 15
317 316 15 15
317 315 15 15
318 314 15 15
318 316 15 15
318 302 15 15
318 313 15 15
319 316 15 15
319 301 15 15
319 303 15 15
319 302 15 15
300 312 15 15
300 316 15 15
300 318 15 15
300 311 15 15
301 315 15 15
301 316 15 15
301 310 15 15
301 309 15 15
302 312 15 15
302 314 15 15
302 317 15 15
302 306 15 15
303 315 15 15
303 318 15 15
303 308 15 15
303 307 15 15
83 24 4 1
93 42 4 2
81 10 4 0
85 64 4 3
119 42 5 2
117 7 5 0
105 76 5 3
116 88 5 4
126 84 6 4
126 66 6 3
137 46 6 2
134 101 6 5
150 126 7 6
153 103 7 5
145 91 7 4
159 64 7 3
170 21 8 1
169 119 8 5
175 83 8 4
179 6 8 0
182 68 9 3
186 170 9 8
186 127 9 6
191 80 9 4
200 158 10 7
201 24 10 1
216 196 10 9
216 101 10 5
224 213 11 10
236 62 11 3
227 146 11 7
225 31 11 1
246 201 12 10
254 51 12 2
247 82 12 4
253 30 12 1
260 211 13 10
263 158 13 7
270 134 13 6
272 224 13 11
287 81 14 4
294 66 14 3
289 261 14 13
299 211 14 10
316 298 15 14
310 23 15 1
317 229 15 11
310 71 15 3
13 254 0 12
12 265 0 13
11 216 0 10
15 135 0 6
21 155 1 7
35 276 1 13
20 295 1 14
29 108 1 5
56 273 2 13
55 287 2 14
43 187 2 9
50 160 2 8
71 202 3 10
76 248 3 12
73 263 3 13
66 167 3 8
