swNum = 320
edgeNum = 1344

0 0
1 0
2 0
3 0
4 0
5 0
6 0
7 0
8 0
9 0
10 0
11 0
12 0
13 0
14 0
15 0
16 0
17 0
18 0
19 0
20 1
21 1
22 1
23 1
24 1
25 1
26 1
27 1
28 1
29 1
30 1
31 1
32 1
33 1
34 1
35 1
36 1
37 1
38 1
39 1
40 2
41 2
42 2
43 2
44 2
45 2
46 2
47 2
48 2
49 2
50 2
51 2
52 2
53 2
54 2
55 2
56 2
57 2
58 2
59 2
60 3
61 3
62 3
63 3
64 3
65 3
66 3
67 3
68 3
69 3
70 3
71 3
72 3
73 3
74 3
75 3
76 3
77 3
78 3
79 3
80 4
81 4
82 4
83 4
84 4
85 4
86 4
87 4
88 4
89 4
90 4
91 4
92 4
93 4
94 4
95 4
96 4
97 4
98 4
99 4
100 5
101 5
102 5
103 5
104 5
105 5
106 5
107 5
108 5
109 5
110 5
111 5
112 5
113 5
114 5
115 5
116 5
117 5
118 5
119 5
120 6
121 6
122 6
123 6
124 6
125 6
126 6
127 6
128 6
129 6
130 6
131 6
132 6
133 6
134 6
135 6
136 6
137 6
138 6
139 6
140 7
141 7
142 7
143 7
144 7
145 7
146 7
147 7
148 7
149 7
150 7
151 7
152 7
153 7
154 7
155 7
156 7
157 7
158 7
159 7
160 8
161 8
162 8
163 8
164 8
165 8
166 8
167 8
168 8
169 8
170 8
171 8
172 8
173 8
174 8
175 8
176 8
177 8
178 8
179 8
180 9
181 9
182 9
183 9
184 9
185 9
186 9
187 9
188 9
189 9
190 9
191 9
192 9
193 9
194 9
195 9
196 9
197 9
198 9
199 9
200 10
201 10
202 10
203 10
204 10
205 10
206 10
207 10
208 10
209 10
210 10
211 10
212 10
213 10
214 10
215 10
216 10
217 10
218 10
219 10
220 11
221 11
222 11
223 11
224 11
225 11
226 11
227 11
228 11
229 11
230 11
231 11
232 11
233 11
234 11
235 11
236 11
237 11
238 11
239 11
240 12
241 12
242 12
243 12
244 12
245 12
246 12
247 12
248 12
249 12
250 12
251 12
252 12
253 12
254 12
255 12
256 12
257 12
258 12
259 12
260 13
261 13
262 13
263 13
264 13
265 13
266 13
267 13
268 13
269 13
270 13
271 13
272 13
273 13
274 13
275 13
276 13
277 13
278 13
279 13
280 14
281 14
282 14
283 14
284 14
285 14
286 14
287 14
288 14
289 14
290 14
291 14
292 14
293 14
294 14
295 14
296 14
297 14
298 14
299 14
300 15
301 15
302 15
303 15
304 15
305 15
306 15
307 15
308 15
309 15
310 15
311 15
312 15
313 15
314 15
315 15
316 15
317 15
318 15
319 15

4 3 0 0
4 1 0 0
4 0 0 0
4 2 0 0
5 3 0 0
5 2 0 0
5 1 0 0
5 0 0 0
6 2 0 0
6 1 0 0
6 3 0 0
6 4 0 0
7 4 0 0
7 2 0 0
7 5 0 0
7 3 0 0
8 0 0 0
8 4 0 0
8 3 0 0
8 2 0 0
9 8 0 0
9 7 0 0
9 5 0 0
9 0 0 0
10 5 0 0
10 3 0 0
10 8 0 0
10 9 0 0
11 5 0 0
11 10 0 0
11 4 0 0
11 0 0 0
12 2 0 0
12 9 0 0
12 8 0 0
12 10 0 0
13 5 0 0
13 10 0 0
13 11 0 0
13 7 0 0
14 10 0 0
14 1 0 0
14 0 0 0
14 6 0 0
15 2 0 0
15 8 0 0
15 14 0 0
15 10 0 0
16 10 0 0
16 0 0 0
16 12 0 0
16 6 0 0
17 15 0 0
17 16 0 0
17 12 0 0
17 4 0 0
18 9 0 0
18 15 0 0
18 14 0 0
18 6 0 0
19 4 0 0
19 11 0 0
19 15 0 0
19 16 0 0
0 6 0 0
0 19 0 0
0 10 0 0
0 15 0 0
1 11 0 0
1 10 0 0
1 17 0 0
1 9 0 0
2 17 0 0
2 11 0 0
2 16 0 0
2 13 0 0
3 16 0 0
3 15 0 0
3 17 0 0
3 11 0 0
24 22 1 1
24 20 1 1
24 21 1 1
24 23 1 1
25 23 1 1
25 24 1 1
25 22 1 1
25 20 1 1
26 24 1 1
26 21 1 1
26 23 1 1
26 22 1 1
27 24 1 1
27 20 1 1
27 25 1 1
27 22 1 1
28 22 1 1
28 25 1 1
28 20 1 1
28 27 1 1
29 20 1 1
29 21 1 1
29 24 1 1
29 25 1 1
30 23 1 1
30 20 1 1
30 29 1 1
30 24 1 1
31 23 1 1
31 27 1 1
31 29 1 1
31 30 1 1
32 24 1 1
32 21 1 1
32 29 1 1
32 26 1 1
33 25 1 1
33 24 1 1
33 27 1 1
33 32 1 1
34 24 1 1
34 20 1 1
34 27 1 1
34 21 1 1
35 20 1 1
35 23 1 1
35 28 1 1
35 34 1 1
36 24 1 1
36 34 1 1
36 35 1 1
36 33 1 1
37 20 1 1
37 26 1 1
37 32 1 1
37 33 1 1
38 33 1 1
38 27 1 1
38 37 1 1
38 28 1 1
39 29 1 1
39 23 1 1
39 34 1 1
39 20 1 1
20 32 1 1
20 31 1 1
20 38 1 1
20 36 1 1
21 37 1 1
21 25 1 1
21 28 1 1
21 27 1 1
22 31 1 1
22 39 1 1
22 30 1 1
22 34 1 1
23 34 1 1
23 33 1 1
23 38 1 1
23 36 1 1
44 43 2 2
44 40 2 2
44 42 2 2
44 41 2 2
45 42 2 2
45 44 2 2
45 41 2 2
45 40 2 2
46 44 2 2
46 45 2 2
46 40 2 2
46 41 2 2
47 46 2 2
47 44 2 2
47 45 2 2
47 41 2 2
48 45 2 2
48 47 2 2
48 40 2 2
48 42 2 2
49 41 2 2
49 46 2 2
49 45 2 2
49 48 2 2
50 41 2 2
50 44 2 2
50 48 2 2
50 43 2 2
51 50 2 2
51 44 2 2
51 48 2 2
51 47 2 2
52 48 2 2
52 46 2 2
52 40 2 2
52 42 2 2
53 48 2 2
53 44 2 2
53 47 2 2
53 49 2 2
54 45 2 2
54 52 2 2
54 49 2 2
54 47 2 2
55 45 2 2
55 48 2 2
55 53 2 2
55 51 2 2
56 47 2 2
56 44 2 2
56 55 2 2
56 52 2 2
57 44 2 2
57 50 2 2
57 56 2 2
57 42 2 2
58 53 2 2
58 41 2 2
58 52 2 2
58 42 2 2
59 50 2 2
59 47 2 2
59 42 2 2
59 55 2 2
40 56 2 2
40 54 2 2
40 53 2 2
40 47 2 2
41 52 2 2
41 53 2 2
41 48 2 2
41 55 2 2
42 55 2 2
42 46 2 2
42 53 2 2
42 49 2 2
43 56 2 2
43 45 2 2
43 47 2 2
43 49 2 2
64 60 3 3
64 61 3 3
64 63 3 3
64 62 3 3
65 61 3 3
65 60 3 3
65 62 3 3
65 63 3 3
66 60 3 3
66 61 3 3
66 63 3 3
66 64 3 3
67 61 3 3
67 62 3 3
67 60 3 3
67 65 3 3
68 61 3 3
68 64 3 3
68 66 3 3
68 63 3 3
69 63 3 3
69 65 3 3
69 66 3 3
69 67 3 3
70 64 3 3
70 68 3 3
70 66 3 3
70 61 3 3
71 68 3 3
71 67 3 3
71 60 3 3
71 61 3 3
72 71 3 3
72 66 3 3
72 68 3 3
72 70 3 3
73 65 3 3
73 68 3 3
73 70 3 3
73 60 3 3
74 70 3 3
74 60 3 3
74 73 3 3
74 68 3 3
75 67 3 3
75 73 3 3
75 61 3 3
75 74 3 3
76 61 3 3
76 75 3 3
76 62 3 3
76 69 3 3
77 68 3 3
77 71 3 3
77 66 3 3
77 60 3 3
78 73 3 3
78 76 3 3
78 69 3 3
78 70 3 3
79 64 3 3
79 75 3 3
79 77 3 3
79 68 3 3
60 78 3 3
60 79 3 3
60 70 3 3
60 76 3 3
61 74 3 3
61 78 3 3
61 69 3 3
61 73 3 3
62 77 3 3
62 78 3 3
62 69 3 3
62 73 3 3
63 70 3 3
63 67 3 3
63 75 3 3
63 77 3 3
84 82 4 4
84 81 4 4
84 80 4 4
84 83 4 4
85 81 4 4
85 83 4 4
85 82 4 4
85 80 4 4
86 83 4 4
86 85 4 4
86 81 4 4
86 82 4 4
87 85 4 4
87 81 4 4
87 86 4 4
87 83 4 4
88 84 4 4
88 80 4 4
88 85 4 4
88 87 4 4
89 83 4 4
89 82 4 4
89 81 4 4
89 86 4 4
90 85 4 4
90 84 4 4
90 89 4 4
90 80 4 4
91 86 4 4
91 90 4 4
91 85 4 4
91 84 4 4
92 91 4 4
92 88 4 4
92 85 4 4
92 81 4 4
93 86 4 4
93 89 4 4
93 81 4 4
93 92 4 4
94 82 4 4
94 80 4 4
94 85 4 4
94 91 4 4
95 89 4 4
95 82 4 4
95 87 4 4
95 94 4 4
96 87 4 4
96 93 4 4
96 83 4 4
96 88 4 4
97 96 4 4
97 88 4 4
97 93 4 4
97 83 4 4
98 80 4 4
98 94 4 4
98 82 4 4
98 97 4 4
99 97 4 4
99 89 4 4
99 96 4 4
99 81 4 4
80 95 4 4
80 86 4 4
80 91 4 4
80 93 4 4
81 95 4 4
81 98 4 4
81 96 4 4
81 94 4 4
82 87 4 4
82 92 4 4
82 97 4 4
82 90 4 4
83 93 4 4
83 88 4 4
83 92 4 4
83 98 4 4
104 102 5 5
104 101 5 5
104 100 5 5
104 103 5 5
105 104 5 5
105 101 5 5
105 102 5 5
105 100 5 5
106 104 5 5
106 100 5 5
106 103 5 5
106 105 5 5
107 106 5 5
107 102 5 5
107 105 5 5
107 101 5 5
108 102 5 5
108 105 5 5
108 104 5 5
108 107 5 5
109 103 5 5
109 108 5 5
109 101 5 5
109 104 5 5
110 103 5 5
110 109 5 5
110 106 5 5
110 101 5 5
111 104 5 5
111 110 5 5
111 101 5 5
111 109 5 5
112 108 5 5
112 105 5 5
112 110 5 5
112 111 5 5
113 102 5 5
113 104 5 5
113 109 5 5
113 106 5 5
114 113 5 5
114 104 5 5
114 108 5 5
114 100 5 5
115 109 5 5
115 104 5 5
115 103 5 5
115 110 5 5
116 112 5 5
116 109 5 5
116 102 5 5
116 108 5 5
117 104 5 5
117 113 5 5
117 102 5 5
117 116 5 5
118 116 5 5
118 104 5 5
118 109 5 5
118 101 5 5
119 103 5 5
119 112 5 5
119 111 5 5
119 109 5 5
100 109 5 5
100 111 5 5
100 115 5 5
100 110 5 5
101 115 5 5
101 112 5 5
101 117 5 5
101 119 5 5
102 118 5 5
102 111 5 5
102 109 5 5
102 114 5 5
103 114 5 5
103 116 5 5
103 111 5 5
103 112 5 5
124 122 6 6
124 123 6 6
124 121 6 6
124 120 6 6
125 122 6 6
125 124 6 6
125 123 6 6
125 121 6 6
126 122 6 6
126 120 6 6
126 123 6 6
126 125 6 6
127 126 6 6
127 120 6 6
127 124 6 6
127 123 6 6
128 124 6 6
128 123 6 6
128 122 6 6
128 125 6 6
129 125 6 6
129 124 6 6
129 120 6 6
129 122 6 6
130 127 6 6
130 120 6 6
130 126 6 6
130 124 6 6
131 130 6 6
131 123 6 6
131 127 6 6
131 126 6 6
132 131 6 6
132 125 6 6
132 123 6 6
132 120 6 6
133 123 6 6
133 120 6 6
133 131 6 6
133 130 6 6
134 124 6 6
134 129 6 6
134 130 6 6
134 132 6 6
135 127 6 6
135 129 6 6
135 134 6 6
135 122 6 6
136 120 6 6
136 133 6 6
136 123 6 6
136 121 6 6
137 125 6 6
137 132 6 6
137 129 6 6
137 135 6 6
138 135 6 6
138 133 6 6
138 123 6 6
138 120 6 6
139 132 6 6
139 127 6 6
139 135 6 6
139 122 6 6
120 131 6 6
120 139 6 6
120 128 6 6
120 125 6 6
121 131 6 6
121 126 6 6
121 138 6 6
121 139 6 6
122 132 6 6
122 134 6 6
122 138 6 6
122 131 6 6
123 130 6 6
123 139 6 6
123 137 6 6
123 135 6 6
144 141 7 7
144 140 7 7
144 143 7 7
144 142 7 7
145 142 7 7
145 141 7 7
145 143 7 7
145 140 7 7
146 145 7 7
146 141 7 7
146 140 7 7
146 142 7 7
147 143 7 7
147 144 7 7
147 142 7 7
147 141 7 7
148 146 7 7
148 145 7 7
148 142 7 7
148 147 7 7
149 148 7 7
149 141 7 7
149 144 7 7
149 140 7 7
150 146 7 7
150 149 7 7
150 148 7 7
150 144 7 7
151 150 7 7
151 147 7 7
151 144 7 7
151 149 7 7
152 151 7 7
152 145 7 7
152 141 7 7
152 146 7 7
153 148 7 7
153 147 7 7
153 151 7 7
153 152 7 7
154 146 7 7
154 145 7 7
154 142 7 7
154 141 7 7
155 142 7 7
155 154 7 7
155 148 7 7
155 140 7 7
156 143 7 7
156 153 7 7
156 152 7 7
156 142 7 7
157 146 7 7
157 156 7 7
157 147 7 7
157 152 7 7
158 151 7 7
158 152 7 7
158 154 7 7
158 156 7 7
159 152 7 7
159 158 7 7
159 149 7 7
159 151 7 7
140 151 7 7
140 148 7 7
140 152 7 7
140 150 7 7
141 151 7 7
141 158 7 7
141 159 7 7
141 153 7 7
142 150 7 7
142 151 7 7
142 158 7 7
142 152 7 7
143 155 7 7
143 157 7 7
143 146 7 7
143 151 7 7
164 163 8 8
164 160 8 8
164 162 8 8
164 161 8 8
165 163 8 8
165 161 8 8
165 164 8 8
165 160 8 8
166 164 8 8
166 161 8 8
166 162 8 8
166 160 8 8
167 166 8 8
167 162 8 8
167 163 8 8
167 164 8 8
168 167 8 8
168 161 8 8
168 165 8 8
168 163 8 8
169 163 8 8
169 167 8 8
169 164 8 8
169 166 8 8
170 160 8 8
170 169 8 8
170 167 8 8
170 168 8 8
171 170 8 8
171 164 8 8
171 166 8 8
171 163 8 8
172 171 8 8
172 169 8 8
172 167 8 8
172 170 8 8
173 172 8 8
173 168 8 8
173 166 8 8
173 169 8 8
174 172 8 8
174 167 8 8
174 171 8 8
174 166 8 8
175 174 8 8
175 164 8 8
175 173 8 8
175 167 8 8
176 172 8 8
176 165 8 8
176 169 8 8
176 160 8 8
177 172 8 8
177 173 8 8
177 167 8 8
177 174 8 8
178 166 8 8
178 175 8 8
178 167 8 8
178 161 8 8
179 163 8 8
179 161 8 8
179 174 8 8
179 164 8 8
160 169 8 8
160 173 8 8
160 171 8 8
160 167 8 8
161 172 8 8
161 177 8 8
161 175 8 8
161 170 8 8
162 165 8 8
162 171 8 8
162 176 8 8
162 179 8 8
163 166 8 8
163 174 8 8
163 173 8 8
163 172 8 8
184 182 9 9
184 181 9 9
184 183 9 9
184 180 9 9
185 182 9 9
185 180 9 9
185 181 9 9
185 184 9 9
186 180 9 9
186 185 9 9
186 182 9 9
186 181 9 9
187 185 9 9
187 180 9 9
187 181 9 9
187 186 9 9
188 180 9 9
188 181 9 9
188 184 9 9
188 187 9 9
189 188 9 9
189 181 9 9
189 186 9 9
189 184 9 9
190 180 9 9
190 184 9 9
190 187 9 9
190 181 9 9
191 189 9 9
191 185 9 9
191 187 9 9
191 183 9 9
192 186 9 9
192 191 9 9
192 190 9 9
192 182 9 9
193 190 9 9
193 192 9 9
193 180 9 9
193 188 9 9
194 182 9 9
194 181 9 9
194 185 9 9
194 187 9 9
195 190 9 9
195 191 9 9
195 180 9 9
195 186 9 9
196 193 9 9
196 195 9 9
196 185 9 9
196 192 9 9
197 191 9 9
197 186 9 9
197 192 9 9
197 194 9 9
198 190 9 9
198 182 9 9
198 194 9 9
198 183 9 9
199 193 9 9
199 181 9 9
199 192 9 9
199 196 9 9
180 192 9 9
180 194 9 9
180 196 9 9
180 198 9 9
181 197 9 9
181 196 9 9
181 191 9 9
181 195 9 9
182 188 9 9
182 195 9 9
182 190 9 9
182 187 9 9
183 193 9 9
183 195 9 9
183 186 9 9
183 187 9 9
204 200 10 10
204 202 10 10
204 201 10 10
204 203 10 10
205 204 10 10
205 202 10 10
205 200 10 10
205 203 10 10
206 201 10 10
206 204 10 10
206 205 10 10
206 202 10 10
207 206 10 10
207 205 10 10
207 204 10 10
207 202 10 10
208 205 10 10
208 204 10 10
208 202 10 10
208 207 10 10
209 200 10 10
209 204 10 10
209 202 10 10
209 208 10 10
210 202 10 10
210 208 10 10
210 200 10 10
210 204 10 10
211 207 10 10
211 204 10 10
211 208 10 10
211 206 10 10
212 202 10 10
212 205 10 10
212 209 10 10
212 208 10 10
213 204 10 10
213 201 10 10
213 203 10 10
213 211 10 10
214 200 10 10
214 213 10 10
214 212 10 10
214 210 10 10
215 205 10 10
215 211 10 10
215 214 10 10
215 204 10 10
216 202 10 10
216 207 10 10
216 200 10 10
216 201 10 10
217 213 10 10
217 202 10 10
217 203 10 10
217 207 10 10
218 209 10 10
218 214 10 10
218 211 10 10
218 200 10 10
219 218 10 10
219 209 10 10
219 201 10 10
219 200 10 10
200 208 10 10
200 213 10 10
200 206 10 10
200 217 10 10
201 217 10 10
201 214 10 10
201 211 10 10
201 212 10 10
202 211 10 10
202 214 10 10
202 215 10 10
202 219 10 10
203 219 10 10
203 206 10 10
203 207 10 10
203 218 10 10
224 223 11 11
224 221 11 11
224 220 11 11
224 222 11 11
225 221 11 11
225 224 11 11
225 223 11 11
225 220 11 11
226 223 11 11
226 222 11 11
226 225 11 11
226 221 11 11
227 220 11 11
227 225 11 11
227 223 11 11
227 226 11 11
228 222 11 11
228 226 11 11
228 221 11 11
228 225 11 11
229 221 11 11
229 228 11 11
229 224 11 11
229 223 11 11
230 227 11 11
230 225 11 11
230 222 11 11
230 228 11 11
231 228 11 11
231 225 11 11
231 223 11 11
231 227 11 11
232 227 11 11
232 229 11 11
232 228 11 11
232 230 11 11
233 228 11 11
233 224 11 11
233 220 11 11
233 221 11 11
234 228 11 11
234 226 11 11
234 221 11 11
234 230 11 11
235 224 11 11
235 230 11 11
235 231 11 11
235 226 11 11
236 221 11 11
236 228 11 11
236 223 11 11
236 229 11 11
237 231 11 11
237 225 11 11
237 232 11 11
237 223 11 11
238 230 11 11
238 229 11 11
238 235 11 11
238 220 11 11
239 226 11 11
239 221 11 11
239 228 11 11
239 225 11 11
220 237 11 11
220 230 11 11
220 232 11 11
220 231 11 11
221 238 11 11
221 231 11 11
221 235 11 11
221 232 11 11
222 232 11 11
222 236 11 11
222 225 11 11
222 233 11 11
223 239 11 11
223 228 11 11
223 233 11 11
223 234 11 11
244 241 12 12
244 242 12 12
244 243 12 12
244 240 12 12
245 240 12 12
245 244 12 12
245 243 12 12
245 242 12 12
246 244 12 12
246 242 12 12
246 241 12 12
246 243 12 12
247 244 12 12
247 240 12 12
247 241 12 12
247 243 12 12
248 247 12 12
248 243 12 12
248 242 12 12
248 241 12 12
249 241 12 12
249 246 12 12
249 240 12 12
249 245 12 12
250 241 12 12
250 248 12 12
250 246 12 12
250 240 12 12
251 243 12 12
251 241 12 12
251 245 12 12
251 249 12 12
252 248 12 12
252 250 12 12
252 247 12 12
252 245 12 12
253 243 12 12
253 250 12 12
253 244 12 12
253 246 12 12
254 245 12 12
254 251 12 12
254 243 12 12
254 241 12 12
255 254 12 12
255 251 12 12
255 252 12 12
255 243 12 12
256 240 12 12
256 252 12 12
256 250 12 12
256 253 12 12
257 249 12 12
257 246 12 12
257 240 12 12
257 242 12 12
258 249 12 12
258 240 12 12
258 250 12 12
258 242 12 12
259 243 12 12
259 254 12 12
259 251 12 12
259 241 12 12
240 253 12 12
240 246 12 12
240 251 12 12
240 259 12 12
241 257 12 12
241 253 12 12
241 258 12 12
241 252 12 12
242 249 12 12
242 247 12 12
242 253 12 12
242 251 12 12
243 257 12 12
243 252 12 12
243 256 12 12
243 250 12 12
264 263 13 13
264 261 13 13
264 262 13 13
264 260 13 13
265 264 13 13
265 263 13 13
265 261 13 13
265 262 13 13
266 261 13 13
266 263 13 13
266 265 13 13
266 262 13 13
267 266 13 13
267 261 13 13
267 262 13 13
267 260 13 13
268 261 13 13
268 267 13 13
268 262 13 13
268 260 13 13
269 265 13 13
269 267 13 13
269 261 13 13
269 268 13 13
270 265 13 13
270 264 13 13
270 266 13 13
270 267 13 13
271 266 13 13
271 262 13 13
271 269 13 13
271 261 13 13
272 264 13 13
272 260 13 13
272 266 13 13
272 267 13 13
273 270 13 13
273 267 13 13
273 262 13 13
273 268 13 13
274 272 13 13
274 262 13 13
274 260 13 13
274 264 13 13
275 260 13 13
275 272 13 13
275 261 13 13
275 267 13 13
276 262 13 13
276 269 13 13
276 271 13 13
276 268 13 13
277 264 13 13
277 266 13 13
277 269 13 13
277 274 13 13
278 271 13 13
278 276 13 13
278 265 13 13
278 262 13 13
279 264 13 13
279 267 13 13
279 271 13 13
279 272 13 13
260 277 13 13
260 269 13 13
260 273 13 13
260 278 13 13
261 270 13 13
261 276 13 13
261 273 13 13
261 278 13 13
262 279 13 13
262 277 13 13
262 269 13 13
262 270 13 13
263 279 13 13
263 277 13 13
263 272 13 13
263 270 13 13
284 282 14 14
284 283 14 14
284 280 14 14
284 281 14 14
285 281 14 14
285 282 14 14
285 283 14 14
285 284 14 14
286 281 14 14
286 282 14 14
286 285 14 14
286 284 14 14
287 283 14 14
287 286 14 14
287 282 14 14
287 285 14 14
288 281 14 14
288 286 14 14
288 285 14 14
288 287 14 14
289 281 14 14
289 283 14 14
289 284 14 14
289 280 14 14
290 285 14 14
290 289 14 14
290 286 14 14
290 280 14 14
291 288 14 14
291 281 14 14
291 287 14 14
291 280 14 14
292 290 14 14
292 282 14 14
292 289 14 14
292 287 14 14
293 284 14 14
293 281 14 14
293 283 14 14
293 282 14 14
294 289 14 14
294 285 14 14
294 283 14 14
294 284 14 14
295 294 14 14
295 282 14 14
295 280 14 14
295 293 14 14
296 295 14 14
296 282 14 14
296 285 14 14
296 286 14 14
297 294 14 14
297 282 14 14
297 295 14 14
297 292 14 14
298 286 14 14
298 297 14 14
298 292 14 14
298 287 14 14
299 298 14 14
299 285 14 14
299 296 14 14
299 294 14 14
280 297 14 14
280 287 14 14
280 288 14 14
280 285 14 14
281 298 14 14
281 296 14 14
281 295 14 14
281 294 14 14
282 299 14 14
282 298 14 14
282 294 14 14
282 291 14 14
283 290 14 14
283 299 14 14
283 286 14 14
283 297 14 14
304 302 15 15
304 301 15 15
304 303 15 15
304 300 15 15
305 302 15 15
305 300 15 15
305 303 15 15
305 301 15 15
306 305 15 15
306 304 15 15
306 302 15 15
306 303 15 15
307 302 15 15
307 304 15 15
307 306 15 15
307 303 15 15
308 301 15 15
308 304 15 15
308 307 15 15
308 305 15 15
309 301 15 15
309 304 15 15
309 302 15 15
309 306 15 15
310 309 15 15
310 301 15 15
310 303 15 15
310 306 15 15
311 305 15 15
311 301 15 15
311 303 15 15
311 306 15 15
312 300 15 15
312 306 15 15
312 305 15 15
312 311 15 15
313 307 15 15
313 303 15 15
313 306 15 15
313 302 15 15
314 306 15 15
314 313 15 15
314 309 15 15
314 302 15 15
315 302 15 15
315 307 15 15
315 309 15 15
315 304 15 15
316 303 15 15
316 300 15 15
316 309 15 15
316 311 15 15
317 309 15 15
317 315 15 15
317 310 15 15
317 302 15 15
318 310 15 15
318 300 15 15
318 302 15 15
318 312 15 15
319 317 15 15
319 314 15 15
319 303 15 15
319 313 15 15
300 310 15 15
300 308 15 15
300 319 15 15
300 309 15 15
301 307 15 15
301 316 15 15
301 317 15 15
301 314 15 15
302 319 15 15
302 316 15 15
302 308 15 15
302 310 15 15
303 317 15 15
303 314 15 15
303 309 15 15
303 312 15 15
84 7 4 0
99 34 4 1
92 52 4 2
94 71 4 3
111 84 5 4
100 27 5 1
118 47 5 2
112 78 5 3
138 48 6 2
135 91 6 4
127 27 6 1
139 76 6 3
143 86 7 4
142 127 7 6
156 1 7 0
156 55 7 2
176 83 8 4
166 56 8 2
179 73 8 3
176 155 8 7
186 157 9 7
188 98 9 4
183 106 9 5
181 31 9 1
210 137 10 6
205 6 10 0
205 97 10 4
218 36 10 1
225 41 11 2
229 0 11 0
221 212 11 10
228 188 11 9
246 36 12 1
244 116 12 5
257 174 12 8
241 71 12 3
277 217 13 10
265 184 13 9
269 127 13 6
270 144 13 7
283 170 14 8
297 204 14 10
282 64 14 3
298 94 14 4
301 274 15 13
311 108 15 5
311 3 15 0
308 229 15 11
17 298 0 14
13 178 0 8
17 122 0 6
18 267 0 13
30 315 1 15
27 236 1 11
32 148 1 7
28 282 1 14
52 302 2 15
47 244 2 12
52 275 2 13
53 280 2 14
60 196 3 9
77 275 3 13
75 149 3 7
76 209 3 10
