swNum = 320
edgeNum = 1343

0 0
1 0
2 0
3 0
4 0
5 0
6 0
7 0
8 0
9 0
10 0
11 0
12 0
13 0
14 0
15 0
16 0
17 0
18 0
19 0
20 1
21 1
22 1
23 1
24 1
25 1
26 1
27 1
28 1
29 1
30 1
31 1
32 1
33 1
34 1
35 1
36 1
37 1
38 1
39 1
40 2
41 2
42 2
43 2
44 2
45 2
46 2
47 2
48 2
49 2
50 2
51 2
52 2
53 2
54 2
55 2
56 2
57 2
58 2
59 2
60 3
61 3
62 3
63 3
64 3
65 3
66 3
67 3
68 3
69 3
70 3
71 3
72 3
73 3
74 3
75 3
76 3
77 3
78 3
79 3
80 4
81 4
82 4
83 4
84 4
85 4
86 4
87 4
88 4
89 4
90 4
91 4
92 4
93 4
94 4
95 4
96 4
97 4
98 4
99 4
100 5
101 5
102 5
103 5
104 5
105 5
106 5
107 5
108 5
109 5
110 5
111 5
112 5
113 5
114 5
115 5
116 5
117 5
118 5
119 5
120 6
121 6
122 6
123 6
124 6
125 6
126 6
127 6
128 6
129 6
130 6
131 6
132 6
133 6
134 6
135 6
136 6
137 6
138 6
139 6
140 7
141 7
142 7
143 7
144 7
145 7
146 7
147 7
148 7
149 7
150 7
151 7
152 7
153 7
154 7
155 7
156 7
157 7
158 7
159 7
160 8
161 8
162 8
163 8
164 8
165 8
166 8
167 8
168 8
169 8
170 8
171 8
172 8
173 8
174 8
175 8
176 8
177 8
178 8
179 8
180 9
181 9
182 9
183 9
184 9
185 9
186 9
187 9
188 9
189 9
190 9
191 9
192 9
193 9
194 9
195 9
196 9
197 9
198 9
199 9
200 10
201 10
202 10
203 10
204 10
205 10
206 10
207 10
208 10
209 10
210 10
211 10
212 10
213 10
214 10
215 10
216 10
217 10
218 10
219 10
220 11
221 11
222 11
223 11
224 11
225 11
226 11
227 11
228 11
229 11
230 11
231 11
232 11
233 11
234 11
235 11
236 11
237 11
238 11
239 11
240 12
241 12
242 12
243 12
244 12
245 12
246 12
247 12
248 12
249 12
250 12
251 12
252 12
253 12
254 12
255 12
256 12
257 12
258 12
259 12
260 13
261 13
262 13
263 13
264 13
265 13
266 13
267 13
268 13
269 13
270 13
271 13
272 13
273 13
274 13
275 13
276 13
277 13
278 13
279 13
280 14
281 14
282 14
283 14
284 14
285 14
286 14
287 14
288 14
289 14
290 14
291 14
292 14
293 14
294 14
295 14
296 14
297 14
298 14
299 14
300 15
301 15
302 15
303 15
304 15
305 15
306 15
307 15
308 15
309 15
310 15
311 15
312 15
313 15
314 15
315 15
316 15
317 15
318 15
319 15

4 1 0 0
4 2 0 0
4 0 0 0
4 3 0 0
5 4 0 0
5 1 0 0
5 0 0 0
5 2 0 0
6 2 0 0
6 5 0 0
6 1 0 0
6 4 0 0
7 3 0 0
7 0 0 0
7 1 0 0
7 2 0 0
8 2 0 0
8 0 0 0
8 4 0 0
8 7 0 0
9 4 0 0
9 0 0 0
9 6 0 0
9 7 0 0
10 9 0 0
10 7 0 0
10 6 0 0
10 0 0 0
11 5 0 0
11 10 0 0
11 8 0 0
11 4 0 0
12 2 0 0
12 1 0 0
12 3 0 0
12 9 0 0
13 11 0 0
13 1 0 0
13 7 0 0
13 3 0 0
14 10 0 0
14 9 0 0
14 2 0 0
14 6 0 0
15 13 0 0
15 14 0 0
15 9 0 0
15 7 0 0
16 15 0 0
16 2 0 0
16 13 0 0
16 10 0 0
17 10 0 0
17 4 0 0
17 16 0 0
17 9 0 0
18 13 0 0
18 16 0 0
18 2 0 0
18 0 0 0
19 10 0 0
19 6 0 0
19 3 0 0
19 11 0 0
0 11 0 0
0 17 0 0
0 6 0 0
0 19 0 0
1 16 0 0
1 11 0 0
1 14 0 0
1 15 0 0
2 17 0 0
2 11 0 0
2 19 0 0
2 10 0 0
3 16 0 0
3 10 0 0
3 11 0 0
3 15 0 0
24 23 1 1
24 20 1 1
24 22 1 1
24 21 1 1
25 22 1 1
25 21 1 1
25 23 1 1
25 20 1 1
26 23 1 1
26 20 1 1
26 24 1 1
26 22 1 1
27 24 1 1
27 20 1 1
27 26 1 1
27 22 1 1
28 27 1 1
28 20 1 1
28 22 1 1
28 21 1 1
29 27 1 1
29 28 1 1
29 23 1 1
29 26 1 1
30 23 1 1
30 20 1 1
30 26 1 1
30 22 1 1
31 24 1 1
31 28 1 1
31 22 1 1
31 20 1 1
32 25 1 1
32 30 1 1
32 22 1 1
32 21 1 1
33 26 1 1
33 27 1 1
33 22 1 1
33 30 1 1
34 24 1 1
34 33 1 1
34 29 1 1
34 23 1 1
35 26 1 1
35 31 1 1
35 30 1 1
35 27 1 1
36 33 1 1
36 25 1 1
36 32 1 1
36 24 1 1
37 29 1 1
37 25 1 1
37 23 1 1
37 30 1 1
38 20 1 1
38 23 1 1
38 31 1 1
38 24 1 1
39 22 1 1
39 38 1 1
39 34 1 1
39 24 1 1
20 29 1 1
20 33 1 1
20 34 1 1
20 32 1 1
21 36 1 1
21 38 1 1
21 39 1 1
21 29 1 1
22 37 1 1
22 34 1 1
22 29 1 1
22 38 1 1
23 33 1 1
23 27 1 1
23 35 1 1
23 39 1 1
44 42 2 2
44 41 2 2
44 43 2 2
44 40 2 2
45 44 2 2
45 42 2 2
45 41 2 2
45 43 2 2
46 45 2 2
46 43 2 2
46 41 2 2
46 44 2 2
47 45 2 2
47 44 2 2
47 46 2 2
47 41 2 2
48 47 2 2
48 46 2 2
48 45 2 2
48 41 2 2
49 47 2 2
49 48 2 2
49 44 2 2
49 46 2 2
50 46 2 2
50 47 2 2
50 48 2 2
50 41 2 2
51 50 2 2
51 49 2 2
51 48 2 2
51 40 2 2
52 51 2 2
52 46 2 2
52 44 2 2
52 48 2 2
53 45 2 2
53 42 2 2
53 41 2 2
53 50 2 2
54 43 2 2
54 42 2 2
54 44 2 2
54 52 2 2
55 41 2 2
55 45 2 2
55 44 2 2
55 46 2 2
56 40 2 2
56 41 2 2
56 43 2 2
56 46 2 2
57 55 2 2
57 49 2 2
57 47 2 2
57 51 2 2
58 47 2 2
58 53 2 2
58 48 2 2
58 52 2 2
59 42 2 2
59 53 2 2
59 54 2 2
59 43 2 2
40 46 2 2
40 49 2 2
40 58 2 2
40 50 2 2
41 57 2 2
41 49 2 2
41 58 2 2
41 52 2 2
42 56 2 2
42 58 2 2
42 48 2 2
42 55 2 2
43 48 2 2
43 52 2 2
43 47 2 2
43 58 2 2
64 62 3 3
64 61 3 3
64 63 3 3
64 60 3 3
65 60 3 3
65 63 3 3
65 64 3 3
65 61 3 3
66 60 3 3
66 61 3 3
66 63 3 3
66 64 3 3
67 66 3 3
67 60 3 3
67 65 3 3
67 63 3 3
68 61 3 3
68 65 3 3
68 66 3 3
68 63 3 3
69 68 3 3
69 64 3 3
69 61 3 3
69 65 3 3
70 60 3 3
70 67 3 3
70 61 3 3
70 66 3 3
71 62 3 3
71 69 3 3
71 63 3 3
71 61 3 3
72 64 3 3
72 63 3 3
72 62 3 3
72 69 3 3
73 62 3 3
73 72 3 3
73 69 3 3
73 71 3 3
74 66 3 3
74 60 3 3
74 70 3 3
74 69 3 3
75 60 3 3
75 73 3 3
75 65 3 3
75 71 3 3
76 71 3 3
76 68 3 3
76 61 3 3
76 62 3 3
77 69 3 3
77 70 3 3
77 66 3 3
77 74 3 3
78 75 3 3
78 77 3 3
78 73 3 3
78 69 3 3
79 76 3 3
79 62 3 3
79 61 3 3
79 64 3 3
60 78 3 3
60 69 3 3
60 77 3 3
60 73 3 3
61 78 3 3
61 74 3 3
61 73 3 3
61 72 3 3
62 68 3 3
62 77 3 3
62 66 3 3
62 75 3 3
63 70 3 3
63 74 3 3
63 77 3 3
63 79 3 3
84 80 4 4
84 82 4 4
84 83 4 4
84 81 4 4
85 82 4 4
85 84 4 4
85 81 4 4
85 83 4 4
86 84 4 4
86 81 4 4
86 80 4 4
86 85 4 4
87 80 4 4
87 81 4 4
87 83 4 4
87 82 4 4
88 81 4 4
88 82 4 4
88 83 4 4
88 85 4 4
89 80 4 4
89 87 4 4
89 81 4 4
89 83 4 4
90 89 4 4
90 82 4 4
90 80 4 4
90 83 4 4
91 83 4 4
91 81 4 4
91 90 4 4
91 89 4 4
92 80 4 4
92 81 4 4
92 87 4 4
92 83 4 4
93 82 4 4
93 85 4 4
93 88 4 4
93 86 4 4
94 91 4 4
94 90 4 4
94 84 4 4
94 81 4 4
95 88 4 4
95 93 4 4
95 85 4 4
95 84 4 4
96 82 4 4
96 87 4 4
96 85 4 4
96 88 4 4
97 80 4 4
97 88 4 4
97 81 4 4
97 83 4 4
98 89 4 4
98 94 4 4
98 97 4 4
98 96 4 4
99 92 4 4
99 96 4 4
99 82 4 4
99 93 4 4
80 98 4 4
80 96 4 4
80 85 4 4
80 99 4 4
81 98 4 4
81 96 4 4
81 90 4 4
81 99 4 4
82 97 4 4
82 86 4 4
82 91 4 4
82 92 4 4
83 98 4 4
83 86 4 4
83 99 4 4
83 93 4 4
104 102 5 5
104 100 5 5
104 103 5 5
104 101 5 5
105 102 5 5
105 100 5 5
105 104 5 5
105 101 5 5
106 103 5 5
106 101 5 5
106 102 5 5
106 104 5 5
107 102 5 5
107 106 5 5
107 101 5 5
107 103 5 5
108 102 5 5
108 104 5 5
108 106 5 5
108 107 5 5
109 102 5 5
109 103 5 5
109 106 5 5
109 108 5 5
110 107 5 5
110 103 5 5
110 106 5 5
110 108 5 5
111 101 5 5
111 104 5 5
111 105 5 5
111 106 5 5
112 100 5 5
112 107 5 5
112 108 5 5
112 111 5 5
113 105 5 5
113 110 5 5
113 101 5 5
113 102 5 5
114 112 5 5
114 104 5 5
114 110 5 5
114 109 5 5
115 112 5 5
115 101 5 5
115 102 5 5
115 107 5 5
116 109 5 5
116 111 5 5
116 103 5 5
116 102 5 5
117 112 5 5
117 102 5 5
117 107 5 5
117 108 5 5
118 104 5 5
118 116 5 5
118 106 5 5
118 114 5 5
119 113 5 5
119 114 5 5
119 111 5 5
119 115 5 5
100 107 5 5
100 115 5 5
100 111 5 5
100 113 5 5
101 112 5 5
101 108 5 5
101 118 5 5
101 117 5 5
102 112 5 5
102 110 5 5
102 119 5 5
102 118 5 5
103 114 5 5
103 118 5 5
103 115 5 5
103 108 5 5
124 123 6 6
124 121 6 6
124 120 6 6
124 122 6 6
125 124 6 6
125 123 6 6
125 120 6 6
125 121 6 6
126 125 6 6
126 122 6 6
126 124 6 6
126 120 6 6
127 126 6 6
127 123 6 6
127 125 6 6
127 120 6 6
128 120 6 6
128 123 6 6
128 125 6 6
128 122 6 6
129 121 6 6
129 128 6 6
129 126 6 6
129 125 6 6
130 127 6 6
130 123 6 6
130 124 6 6
130 121 6 6
131 127 6 6
131 122 6 6
131 129 6 6
131 130 6 6
132 121 6 6
132 131 6 6
132 123 6 6
132 126 6 6
133 120 6 6
133 129 6 6
133 126 6 6
133 128 6 6
134 124 6 6
134 131 6 6
134 130 6 6
134 127 6 6
135 127 6 6
135 129 6 6
135 125 6 6
135 122 6 6
136 135 6 6
136 125 6 6
136 133 6 6
136 126 6 6
137 132 6 6
137 134 6 6
137 122 6 6
137 130 6 6
138 126 6 6
138 123 6 6
138 132 6 6
138 120 6 6
139 122 6 6
139 132 6 6
139 129 6 6
139 137 6 6
120 136 6 6
120 135 6 6
120 137 6 6
120 129 6 6
121 128 6 6
121 133 6 6
121 136 6 6
121 135 6 6
122 129 6 6
122 130 6 6
122 136 6 6
122 127 6 6
123 129 6 6
123 134 6 6
123 139 6 6
123 126 6 6
144 141 7 7
144 143 7 7
144 140 7 7
144 142 7 7
145 142 7 7
145 144 7 7
145 140 7 7
145 141 7 7
146 142 7 7
146 140 7 7
146 144 7 7
146 145 7 7
147 140 7 7
147 145 7 7
147 144 7 7
147 143 7 7
148 142 7 7
148 141 7 7
148 146 7 7
148 144 7 7
149 148 7 7
149 145 7 7
149 140 7 7
149 143 7 7
150 144 7 7
150 147 7 7
150 145 7 7
150 142 7 7
151 142 7 7
151 141 7 7
151 143 7 7
151 145 7 7
152 142 7 7
152 141 7 7
152 140 7 7
152 151 7 7
153 146 7 7
153 148 7 7
153 152 7 7
153 140 7 7
154 149 7 7
154 148 7 7
154 141 7 7
154 150 7 7
155 151 7 7
155 142 7 7
155 143 7 7
155 146 7 7
156 155 7 7
156 140 7 7
156 150 7 7
156 149 7 7
157 146 7 7
157 143 7 7
157 154 7 7
157 153 7 7
158 148 7 7
158 143 7 7
158 156 7 7
158 144 7 7
159 158 7 7
159 147 7 7
159 144 7 7
159 156 7 7
140 158 7 7
140 157 7 7
140 154 7 7
140 151 7 7
141 158 7 7
141 146 7 7
141 149 7 7
141 157 7 7
142 153 7 7
142 149 7 7
142 147 7 7
142 157 7 7
143 153 7 7
143 148 7 7
143 154 7 7
143 152 7 7
164 160 8 8
164 161 8 8
164 162 8 8
164 163 8 8
165 163 8 8
165 162 8 8
165 161 8 8
165 160 8 8
166 164 8 8
166 163 8 8
166 162 8 8
166 161 8 8
167 161 8 8
167 166 8 8
167 160 8 8
167 163 8 8
168 165 8 8
168 162 8 8
168 164 8 8
168 160 8 8
169 165 8 8
169 161 8 8
169 166 8 8
169 164 8 8
170 160 8 8
170 163 8 8
170 161 8 8
170 162 8 8
171 162 8 8
171 166 8 8
171 169 8 8
171 164 8 8
172 164 8 8
172 167 8 8
172 162 8 8
172 166 8 8
173 165 8 8
173 163 8 8
173 169 8 8
173 168 8 8
174 168 8 8
174 163 8 8
174 169 8 8
174 170 8 8
175 161 8 8
175 164 8 8
175 166 8 8
175 169 8 8
176 173 8 8
176 170 8 8
176 166 8 8
176 175 8 8
177 167 8 8
177 164 8 8
177 169 8 8
177 161 8 8
178 162 8 8
178 177 8 8
178 161 8 8
178 168 8 8
179 161 8 8
179 167 8 8
179 168 8 8
179 172 8 8
160 177 8 8
160 169 8 8
160 166 8 8
160 175 8 8
161 172 8 8
161 168 8 8
161 174 8 8
161 176 8 8
162 174 8 8
162 169 8 8
162 177 8 8
162 175 8 8
163 168 8 8
163 169 8 8
163 177 8 8
163 172 8 8
184 182 9 9
184 183 9 9
184 181 9 9
184 180 9 9
185 183 9 9
185 181 9 9
185 182 9 9
185 180 9 9
186 184 9 9
186 182 9 9
186 185 9 9
186 181 9 9
187 180 9 9
187 182 9 9
187 181 9 9
187 183 9 9
188 186 9 9
188 182 9 9
188 185 9 9
188 183 9 9
189 188 9 9
189 180 9 9
189 186 9 9
189 184 9 9
190 184 9 9
190 186 9 9
190 180 9 9
190 183 9 9
191 184 9 9
191 189 9 9
191 180 9 9
191 186 9 9
192 189 9 9
192 183 9 9
192 187 9 9
192 186 9 9
193 188 9 9
193 190 9 9
193 189 9 9
193 186 9 9
194 181 9 9
194 192 9 9
194 185 9 9
194 189 9 9
195 182 9 9
195 193 9 9
195 183 9 9
195 184 9 9
196 195 9 9
196 193 9 9
196 188 9 9
196 191 9 9
197 186 9 9
197 184 9 9
197 193 9 9
197 188 9 9
198 180 9 9
198 195 9 9
198 188 9 9
198 184 9 9
199 190 9 9
199 196 9 9
199 195 9 9
199 197 9 9
180 188 9 9
180 194 9 9
180 195 9 9
180 193 9 9
181 197 9 9
181 192 9 9
181 189 9 9
181 198 9 9
182 189 9 9
182 199 9 9
182 190 9 9
182 198 9 9
183 189 9 9
183 193 9 9
183 199 9 9
183 196 9 9
204 200 10 10
204 202 10 10
204 203 10 10
204 201 10 10
205 200 10 10
205 202 10 10
205 201 10 10
205 204 10 10
206 201 10 10
206 202 10 10
206 200 10 10
206 205 10 10
207 202 10 10
207 205 10 10
207 204 10 10
207 206 10 10
208 203 10 10
208 201 10 10
208 200 10 10
208 204 10 10
209 200 10 10
209 207 10 10
209 202 10 10
209 201 10 10
210 207 10 10
210 202 10 10
210 208 10 10
210 205 10 10
211 209 10 10
211 205 10 10
211 201 10 10
211 207 10 10
212 201 10 10
212 204 10 10
212 202 10 10
212 210 10 10
213 210 10 10
213 205 10 10
213 207 10 10
213 206 10 10
214 208 10 10
214 206 10 10
214 210 10 10
214 202 10 10
215 204 10 10
215 214 10 10
215 210 10 10
215 202 10 10
216 214 10 10
216 200 10 10
216 213 10 10
216 206 10 10
217 209 10 10
217 201 10 10
217 200 10 10
217 202 10 10
218 205 10 10
218 210 10 10
218 213 10 10
218 208 10 10
219 218 10 10
219 208 10 10
219 203 10 10
219 205 10 10
200 212 10 10
200 218 10 10
200 215 10 10
200 210 10 10
201 215 10 10
201 219 10 10
201 218 10 10
201 216 10 10
202 219 10 10
202 211 10 10
202 213 10 10
202 208 10 10
203 218 10 10
203 214 10 10
203 216 10 10
203 207 10 10
224 222 11 11
224 223 11 11
224 220 11 11
224 221 11 11
225 223 11 11
225 220 11 11
225 222 11 11
225 221 11 11
226 220 11 11
226 222 11 11
226 225 11 11
226 223 11 11
227 223 11 11
227 225 11 11
227 220 11 11
227 221 11 11
228 221 11 11
228 224 11 11
228 225 11 11
228 223 11 11
229 225 11 11
229 226 11 11
229 220 11 11
229 227 11 11
230 221 11 11
230 227 11 11
230 224 11 11
230 228 11 11
231 223 11 11
231 225 11 11
231 228 11 11
231 227 11 11
232 230 11 11
232 227 11 11
232 221 11 11
232 226 11 11
233 227 11 11
233 223 11 11
233 225 11 11
233 232 11 11
234 224 11 11
234 233 11 11
234 225 11 11
234 221 11 11
235 230 11 11
235 232 11 11
235 223 11 11
235 231 11 11
236 220 11 11
236 225 11 11
236 227 11 11
236 231 11 11
237 222 11 11
237 230 11 11
237 225 11 11
237 226 11 11
238 220 11 11
238 226 11 11
238 236 11 11
238 228 11 11
239 224 11 11
239 221 11 11
239 232 11 11
239 237 11 11
220 234 11 11
220 231 11 11
220 239 11 11
220 233 11 11
221 236 11 11
221 235 11 11
221 237 11 11
221 231 11 11
222 228 11 11
222 236 11 11
222 238 11 11
222 229 11 11
223 234 11 11
223 238 11 11
223 237 11 11
223 229 11 11
244 241 12 12
244 240 12 12
244 242 12 12
244 243 12 12
245 242 12 12
245 243 12 12
245 240 12 12
245 244 12 12
246 241 12 12
246 242 12 12
246 243 12 12
246 244 12 12
247 245 12 12
247 243 12 12
247 241 12 12
247 246 12 12
248 244 12 12
248 241 12 12
248 242 12 12
248 240 12 12
249 241 12 12
249 247 12 12
249 244 12 12
249 245 12 12
250 243 12 12
250 242 12 12
250 247 12 12
250 245 12 12
251 247 12 12
251 241 12 12
251 245 12 12
251 244 12 12
252 242 12 12
252 244 12 12
252 240 12 12
252 246 12 12
253 251 12 12
253 243 12 12
253 245 12 12
253 242 12 12
254 247 12 12
254 250 12 12
254 245 12 12
254 253 12 12
255 249 12 12
255 247 12 12
255 251 12 12
255 243 12 12
256 240 12 12
256 247 12 12
256 251 12 12
256 248 12 12
257 253 12 12
257 255 12 12
257 241 12 12
257 243 12 12
258 252 12 12
258 244 12 12
258 256 12 12
258 248 12 12
259 252 12 12
259 249 12 12
259 251 12 12
259 256 12 12
240 258 12 12
240 259 12 12
240 257 12 12
240 254 12 12
241 250 12 12
241 259 12 12
241 254 12 12
241 255 12 12
242 258 12 12
242 259 12 12
242 247 12 12
242 256 12 12
243 256 12 12
243 251 12 12
243 249 12 12
243 252 12 12
264 263 13 13
264 261 13 13
264 262 13 13
264 260 13 13
265 260 13 13
265 261 13 13
265 263 13 13
265 264 13 13
266 264 13 13
266 262 13 13
266 265 13 13
266 261 13 13
267 264 13 13
267 263 13 13
267 262 13 13
267 266 13 13
268 264 13 13
268 265 13 13
268 266 13 13
268 261 13 13
269 260 13 13
269 261 13 13
269 265 13 13
269 264 13 13
270 264 13 13
270 262 13 13
270 269 13 13
270 261 13 13
271 261 13 13
271 268 13 13
271 269 13 13
271 270 13 13
272 267 13 13
272 264 13 13
272 265 13 13
272 266 13 13
273 268 13 13
273 265 13 13
273 260 13 13
273 271 13 13
274 272 13 13
274 265 13 13
274 271 13 13
274 266 13 13
275 267 13 13
275 263 13 13
275 270 13 13
275 265 13 13
276 265 13 13
276 270 13 13
276 261 13 13
276 273 13 13
277 266 13 13
277 262 13 13
277 267 13 13
277 269 13 13
278 265 13 13
278 260 13 13
278 277 13 13
278 270 13 13
279 271 13 13
279 262 13 13
279 264 13 13
279 272 13 13
260 276 13 13
260 274 13 13
260 272 13 13
260 271 13 13
261 277 13 13
261 273 13 13
261 274 13 13
261 278 13 13
262 268 13 13
262 271 13 13
262 272 13 13
262 274 13 13
263 279 13 13
263 266 13 13
263 274 13 13
263 278 13 13
284 281 14 14
284 283 14 14
284 280 14 14
284 282 14 14
285 280 14 14
285 281 14 14
285 282 14 14
285 284 14 14
286 281 14 14
286 280 14 14
286 283 14 14
286 282 14 14
287 282 14 14
287 280 14 14
287 286 14 14
287 285 14 14
288 284 14 14
288 281 14 14
288 283 14 14
288 286 14 14
289 286 14 14
289 282 14 14
289 288 14 14
289 287 14 14
290 289 14 14
290 284 14 14
290 283 14 14
290 282 14 14
291 287 14 14
291 281 14 14
291 286 14 14
291 282 14 14
292 282 14 14
292 289 14 14
292 280 14 14
292 288 14 14
293 282 14 14
293 292 14 14
293 289 14 14
293 291 14 14
294 280 14 14
294 290 14 14
294 289 14 14
294 282 14 14
295 291 14 14
295 293 14 14
295 294 14 14
295 286 14 14
296 293 14 14
296 289 14 14
296 285 14 14
296 287 14 14
297 281 14 14
297 289 14 14
297 291 14 14
297 282 14 14
298 289 14 14
298 288 14 14
298 283 14 14
298 282 14 14
299 284 14 14
299 290 14 14
299 295 14 14
299 283 14 14
280 299 14 14
280 297 14 14
280 291 14 14
280 289 14 14
281 293 14 14
281 296 14 14
281 292 14 14
281 298 14 14
282 299 14 14
282 288 14 14
282 296 14 14
282 295 14 14
283 289 14 14
283 294 14 14
283 297 14 14
283 296 14 14
304 301 15 15
304 300 15 15
304 302 15 15
304 303 15 15
305 302 15 15
305 300 15 15
305 304 15 15
305 303 15 15
306 304 15 15
306 300 15 15
306 305 15 15
306 301 15 15
307 304 15 15
307 303 15 15
307 301 15 15
307 302 15 15
308 304 15 15
308 307 15 15
308 303 15 15
308 306 15 15
309 305 15 15
309 302 15 15
309 301 15 15
309 300 15 15
310 308 15 15
310 301 15 15
310 309 15 15
310 307 15 15
311 302 15 15
311 301 15 15
311 300 15 15
311 310 15 15
312 308 15 15
312 302 15 15
312 300 15 15
312 309 15 15
313 311 15 15
313 302 15 15
313 300 15 15
313 305 15 15
314 304 15 15
314 312 15 15
314 300 15 15
314 301 15 15
315 314 15 15
315 305 15 15
315 309 15 15
315 313 15 15
316 310 15 15
316 307 15 15
316 306 15 15
316 301 15 15
317 302 15 15
317 304 15 15
317 306 15 15
317 313 15 15
318 302 15 15
318 311 15 15
318 316 15 15
318 315 15 15
319 311 15 15
319 310 15 15
319 304 15 15
319 307 15 15
300 317 15 15
300 316 15 15
300 315 15 15
300 319 15 15
301 317 15 15
301 315 15 15
301 312 15 15
301 318 15 15
302 315 15 15
302 316 15 15
302 306 15 15
302 314 15 15
303 314 15 15
303 309 15 15
303 306 15 15
303 319 15 15
96 76 4 3
80 49 4 2
85 22 4 1
82 7 4 0
107 63 5 3
111 42 5 2
115 3 5 0
109 27 5 1
139 66 6 3
120 104 6 5
120 33 6 1
124 52 6 2
143 26 7 1
141 53 7 2
159 7 7 0
150 139 7 6
165 93 8 4
161 40 8 2
163 9 8 0
171 28 8 1
191 97 9 4
197 9 9 0
182 155 9 7
198 174 9 8
211 176 10 8
205 4 10 0
213 181 10 9
206 39 10 1
230 48 11 2
224 78 11 3
236 169 11 8
224 102 11 5
255 84 12 4
259 29 12 1
240 116 12 5
244 53 12 2
275 160 13 8
272 38 13 1
262 54 13 2
277 191 13 9
292 255 14 12
294 104 14 5
290 199 14 9
292 139 14 6
303 83 15 4
309 23 15 1
312 120 15 6
309 17 15 0
12 254 0 12
19 231 0 11
1 264 0 13
2 132 0 6
37 292 1 14
21 196 1 9
28 237 1 11
44 212 2 10
48 194 2 9
52 306 2 15
49 282 2 14
63 311 3 15
72 160 3 8
61 281 3 14
61 215 3 10
