swNum = 320
edgeNum = 1343

0 0
1 0
2 0
3 0
4 0
5 0
6 0
7 0
8 0
9 0
10 0
11 0
12 0
13 0
14 0
15 0
16 0
17 0
18 0
19 0
20 1
21 1
22 1
23 1
24 1
25 1
26 1
27 1
28 1
29 1
30 1
31 1
32 1
33 1
34 1
35 1
36 1
37 1
38 1
39 1
40 2
41 2
42 2
43 2
44 2
45 2
46 2
47 2
48 2
49 2
50 2
51 2
52 2
53 2
54 2
55 2
56 2
57 2
58 2
59 2
60 3
61 3
62 3
63 3
64 3
65 3
66 3
67 3
68 3
69 3
70 3
71 3
72 3
73 3
74 3
75 3
76 3
77 3
78 3
79 3
80 4
81 4
82 4
83 4
84 4
85 4
86 4
87 4
88 4
89 4
90 4
91 4
92 4
93 4
94 4
95 4
96 4
97 4
98 4
99 4
100 5
101 5
102 5
103 5
104 5
105 5
106 5
107 5
108 5
109 5
110 5
111 5
112 5
113 5
114 5
115 5
116 5
117 5
118 5
119 5
120 6
121 6
122 6
123 6
124 6
125 6
126 6
127 6
128 6
129 6
130 6
131 6
132 6
133 6
134 6
135 6
136 6
137 6
138 6
139 6
140 7
141 7
142 7
143 7
144 7
145 7
146 7
147 7
148 7
149 7
150 7
151 7
152 7
153 7
154 7
155 7
156 7
157 7
158 7
159 7
160 8
161 8
162 8
163 8
164 8
165 8
166 8
167 8
168 8
169 8
170 8
171 8
172 8
173 8
174 8
175 8
176 8
177 8
178 8
179 8
180 9
181 9
182 9
183 9
184 9
185 9
186 9
187 9
188 9
189 9
190 9
191 9
192 9
193 9
194 9
195 9
196 9
197 9
198 9
199 9
200 10
201 10
202 10
203 10
204 10
205 10
206 10
207 10
208 10
209 10
210 10
211 10
212 10
213 10
214 10
215 10
216 10
217 10
218 10
219 10
220 11
221 11
222 11
223 11
224 11
225 11
226 11
227 11
228 11
229 11
230 11
231 11
232 11
233 11
234 11
235 11
236 11
237 11
238 11
239 11
240 12
241 12
242 12
243 12
244 12
245 12
246 12
247 12
248 12
249 12
250 12
251 12
252 12
253 12
254 12
255 12
256 12
257 12
258 12
259 12
260 13
261 13
262 13
263 13
264 13
265 13
266 13
267 13
268 13
269 13
270 13
271 13
272 13
273 13
274 13
275 13
276 13
277 13
278 13
279 13
280 14
281 14
282 14
283 14
284 14
285 14
286 14
287 14
288 14
289 14
290 14
291 14
292 14
293 14
294 14
295 14
296 14
297 14
298 14
299 14
300 15
301 15
302 15
303 15
304 15
305 15
306 15
307 15
308 15
309 15
310 15
311 15
312 15
313 15
314 15
315 15
316 15
317 15
318 15
319 15

4 1 0 0
4 0 0 0
4 2 0 0
4 3 0 0
5 4 0 0
5 0 0 0
5 1 0 0
5 2 0 0
6 4 0 0
6 3 0 0
6 5 0 0
6 0 0 0
7 0 0 0
7 6 0 0
7 3 0 0
7 5 0 0
8 2 0 0
8 1 0 0
8 3 0 0
8 6 0 0
9 1 0 0
9 5 0 0
9 8 0 0
9 2 0 0
10 0 0 0
10 9 0 0
10 7 0 0
10 5 0 0
11 2 0 0
11 6 0 0
11 4 0 0
11 0 0 0
12 11 0 0
12 0 0 0
12 10 0 0
12 7 0 0
13 11 0 0
13 3 0 0
13 12 0 0
13 0 0 0
14 0 0 0
14 11 0 0
14 7 0 0
14 1 0 0
15 1 0 0
15 0 0 0
15 12 0 0
15 6 0 0
16 4 0 0
16 1 0 0
16 6 0 0
16 12 0 0
17 7 0 0
17 15 0 0
17 5 0 0
17 12 0 0
18 4 0 0
18 0 0 0
18 16 0 0
18 15 0 0
19 1 0 0
19 9 0 0
19 6 0 0
19 4 0 0
0 16 0 0
0 19 0 0
0 17 0 0
0 9 0 0
1 7 0 0
1 13 0 0
1 11 0 0
1 6 0 0
2 18 0 0
2 19 0 0
2 17 0 0
2 16 0 0
3 9 0 0
3 18 0 0
3 5 0 0
3 10 0 0
24 21 1 1
24 23 1 1
24 22 1 1
24 20 1 1
25 20 1 1
25 23 1 1
25 22 1 1
25 24 1 1
26 25 1 1
26 22 1 1
26 20 1 1
26 23 1 1
27 24 1 1
27 21 1 1
27 23 1 1
27 20 1 1
28 25 1 1
28 26 1 1
28 20 1 1
28 22 1 1
29 24 1 1
29 22 1 1
29 20 1 1
29 28 1 1
30 27 1 1
30 23 1 1
30 29 1 1
30 21 1 1
31 29 1 1
31 22 1 1
31 25 1 1
31 24 1 1
32 26 1 1
32 22 1 1
32 29 1 1
32 20 1 1
33 20 1 1
33 29 1 1
33 25 1 1
33 24 1 1
34 30 1 1
34 26 1 1
34 23 1 1
34 20 1 1
35 33 1 1
35 23 1 1
35 29 1 1
35 30 1 1
36 30 1 1
36 31 1 1
36 25 1 1
36 26 1 1
37 32 1 1
37 22 1 1
37 28 1 1
37 31 1 1
38 37 1 1
38 31 1 1
38 25 1 1
38 28 1 1
39 20 1 1
39 28 1 1
39 32 1 1
39 36 1 1
20 36 1 1
20 35 1 1
20 38 1 1
20 31 1 1
21 34 1 1
21 31 1 1
21 33 1 1
21 37 1 1
22 39 1 1
22 38 1 1
22 36 1 1
22 35 1 1
23 37 1 1
23 29 1 1
23 31 1 1
23 39 1 1
44 43 2 2
44 42 2 2
44 40 2 2
44 41 2 2
45 41 2 2
45 40 2 2
45 44 2 2
45 42 2 2
46 41 2 2
46 43 2 2
46 45 2 2
46 42 2 2
47 42 2 2
47 41 2 2
47 40 2 2
47 44 2 2
48 45 2 2
48 44 2 2
48 40 2 2
48 42 2 2
49 46 2 2
49 48 2 2
49 47 2 2
49 42 2 2
50 46 2 2
50 49 2 2
50 47 2 2
50 45 2 2
51 50 2 2
51 42 2 2
51 45 2 2
51 40 2 2
52 49 2 2
52 45 2 2
52 50 2 2
52 43 2 2
53 45 2 2
53 50 2 2
53 49 2 2
53 48 2 2
54 48 2 2
54 51 2 2
54 45 2 2
54 53 2 2
55 40 2 2
55 44 2 2
55 47 2 2
55 48 2 2
56 53 2 2
56 52 2 2
56 49 2 2
56 45 2 2
57 41 2 2
57 40 2 2
57 44 2 2
57 49 2 2
58 48 2 2
58 55 2 2
58 42 2 2
58 41 2 2
59 54 2 2
59 48 2 2
59 44 2 2
59 56 2 2
40 54 2 2
40 49 2 2
40 53 2 2
40 56 2 2
41 48 2 2
41 51 2 2
41 54 2 2
41 52 2 2
42 57 2 2
42 55 2 2
42 54 2 2
42 59 2 2
43 48 2 2
43 50 2 2
43 59 2 2
43 53 2 2
64 62 3 3
64 63 3 3
64 60 3 3
64 61 3 3
65 62 3 3
65 64 3 3
65 63 3 3
65 60 3 3
66 62 3 3
66 60 3 3
66 63 3 3
66 65 3 3
67 61 3 3
67 62 3 3
67 66 3 3
67 65 3 3
68 63 3 3
68 64 3 3
68 62 3 3
68 66 3 3
69 66 3 3
69 61 3 3
69 67 3 3
69 68 3 3
70 67 3 3
70 61 3 3
70 69 3 3
70 62 3 3
71 64 3 3
71 66 3 3
71 60 3 3
71 70 3 3
72 64 3 3
72 63 3 3
72 62 3 3
72 70 3 3
73 65 3 3
73 67 3 3
73 66 3 3
73 64 3 3
74 66 3 3
74 67 3 3
74 65 3 3
74 61 3 3
75 71 3 3
75 72 3 3
75 66 3 3
75 70 3 3
76 62 3 3
76 72 3 3
76 68 3 3
76 75 3 3
77 76 3 3
77 75 3 3
77 71 3 3
77 69 3 3
78 71 3 3
78 72 3 3
78 74 3 3
78 73 3 3
79 71 3 3
79 77 3 3
79 76 3 3
79 72 3 3
60 74 3 3
60 68 3 3
60 69 3 3
60 73 3 3
61 73 3 3
61 78 3 3
61 77 3 3
61 71 3 3
62 73 3 3
62 79 3 3
62 75 3 3
62 78 3 3
63 78 3 3
63 75 3 3
63 76 3 3
63 69 3 3
84 81 4 4
84 83 4 4
84 80 4 4
84 82 4 4
85 83 4 4
85 80 4 4
85 81 4 4
85 84 4 4
86 82 4 4
86 84 4 4
86 81 4 4
86 85 4 4
87 84 4 4
87 86 4 4
87 82 4 4
87 81 4 4
88 87 4 4
88 80 4 4
88 81 4 4
88 83 4 4
89 88 4 4
89 86 4 4
89 84 4 4
89 82 4 4
90 83 4 4
90 89 4 4
90 82 4 4
90 86 4 4
91 80 4 4
91 81 4 4
91 83 4 4
91 85 4 4
92 91 4 4
92 83 4 4
92 84 4 4
92 81 4 4
93 81 4 4
93 80 4 4
93 87 4 4
93 88 4 4
94 81 4 4
94 80 4 4
94 89 4 4
94 88 4 4
95 80 4 4
95 94 4 4
95 91 4 4
95 83 4 4
96 85 4 4
96 82 4 4
96 81 4 4
96 84 4 4
97 82 4 4
97 90 4 4
97 86 4 4
97 83 4 4
98 82 4 4
98 84 4 4
98 85 4 4
98 95 4 4
99 95 4 4
99 91 4 4
99 81 4 4
99 92 4 4
80 97 4 4
80 96 4 4
80 98 4 4
80 86 4 4
81 98 4 4
81 97 4 4
81 90 4 4
81 95 4 4
82 85 4 4
82 99 4 4
82 94 4 4
82 93 4 4
83 98 4 4
83 94 4 4
83 96 4 4
83 99 4 4
104 102 5 5
104 103 5 5
104 101 5 5
104 100 5 5
105 102 5 5
105 104 5 5
105 101 5 5
105 103 5 5
106 100 5 5
106 104 5 5
106 103 5 5
106 102 5 5
107 103 5 5
107 105 5 5
107 102 5 5
107 100 5 5
108 103 5 5
108 102 5 5
108 107 5 5
108 101 5 5
109 106 5 5
109 104 5 5
109 100 5 5
109 101 5 5
110 106 5 5
110 104 5 5
110 107 5 5
110 100 5 5
111 101 5 5
111 107 5 5
111 105 5 5
111 104 5 5
112 102 5 5
112 103 5 5
112 107 5 5
112 104 5 5
113 107 5 5
113 109 5 5
113 111 5 5
113 110 5 5
114 113 5 5
114 106 5 5
114 107 5 5
114 105 5 5
115 112 5 5
115 111 5 5
115 101 5 5
115 108 5 5
116 113 5 5
116 104 5 5
116 105 5 5
116 100 5 5
117 113 5 5
117 115 5 5
117 103 5 5
117 105 5 5
118 112 5 5
118 100 5 5
118 105 5 5
118 110 5 5
119 116 5 5
119 109 5 5
119 114 5 5
119 106 5 5
100 119 5 5
100 113 5 5
100 112 5 5
100 111 5 5
101 117 5 5
101 110 5 5
101 113 5 5
101 119 5 5
102 109 5 5
102 110 5 5
102 115 5 5
102 113 5 5
103 118 5 5
103 119 5 5
103 115 5 5
103 114 5 5
124 120 6 6
124 123 6 6
124 121 6 6
124 122 6 6
125 121 6 6
125 124 6 6
125 123 6 6
125 122 6 6
126 125 6 6
126 123 6 6
126 120 6 6
126 124 6 6
127 126 6 6
127 122 6 6
127 125 6 6
127 123 6 6
128 127 6 6
128 126 6 6
128 124 6 6
128 125 6 6
129 124 6 6
129 125 6 6
129 128 6 6
129 120 6 6
130 124 6 6
130 126 6 6
130 129 6 6
130 125 6 6
131 124 6 6
131 128 6 6
131 130 6 6
131 123 6 6
132 122 6 6
132 125 6 6
132 131 6 6
132 120 6 6
133 125 6 6
133 123 6 6
133 126 6 6
133 121 6 6
134 131 6 6
134 126 6 6
134 128 6 6
134 130 6 6
135 131 6 6
135 123 6 6
135 126 6 6
135 121 6 6
136 121 6 6
136 120 6 6
136 134 6 6
136 135 6 6
137 133 6 6
137 124 6 6
137 125 6 6
137 129 6 6
138 136 6 6
138 132 6 6
138 121 6 6
138 135 6 6
139 122 6 6
139 124 6 6
139 120 6 6
139 123 6 6
120 135 6 6
120 138 6 6
120 125 6 6
120 130 6 6
121 134 6 6
121 128 6 6
121 126 6 6
121 130 6 6
122 135 6 6
122 131 6 6
122 126 6 6
122 137 6 6
123 132 6 6
123 136 6 6
123 138 6 6
123 130 6 6
144 140 7 7
144 141 7 7
144 142 7 7
144 143 7 7
145 143 7 7
145 142 7 7
145 141 7 7
145 144 7 7
146 144 7 7
146 142 7 7
146 141 7 7
146 140 7 7
147 140 7 7
147 143 7 7
147 144 7 7
147 146 7 7
148 147 7 7
148 140 7 7
148 146 7 7
148 142 7 7
149 146 7 7
149 144 7 7
149 140 7 7
149 148 7 7
150 141 7 7
150 144 7 7
150 147 7 7
150 149 7 7
151 147 7 7
151 141 7 7
151 149 7 7
151 150 7 7
152 140 7 7
152 147 7 7
152 149 7 7
152 143 7 7
153 149 7 7
153 144 7 7
153 147 7 7
153 152 7 7
154 145 7 7
154 141 7 7
154 142 7 7
154 148 7 7
155 149 7 7
155 151 7 7
155 140 7 7
155 152 7 7
156 146 7 7
156 147 7 7
156 144 7 7
156 148 7 7
157 155 7 7
157 143 7 7
157 151 7 7
157 147 7 7
158 143 7 7
158 141 7 7
158 145 7 7
158 155 7 7
159 155 7 7
159 151 7 7
159 157 7 7
159 146 7 7
140 159 7 7
140 156 7 7
140 151 7 7
140 158 7 7
141 152 7 7
141 159 7 7
141 155 7 7
141 148 7 7
142 151 7 7
142 155 7 7
142 150 7 7
142 157 7 7
143 149 7 7
143 151 7 7
143 155 7 7
143 150 7 7
164 161 8 8
164 162 8 8
164 160 8 8
164 163 8 8
165 160 8 8
165 163 8 8
165 161 8 8
165 164 8 8
166 161 8 8
166 160 8 8
166 163 8 8
166 165 8 8
167 165 8 8
167 161 8 8
167 162 8 8
167 163 8 8
168 167 8 8
168 160 8 8
168 162 8 8
168 164 8 8
169 165 8 8
169 166 8 8
169 160 8 8
169 163 8 8
170 163 8 8
170 169 8 8
170 165 8 8
170 160 8 8
171 169 8 8
171 163 8 8
171 167 8 8
171 165 8 8
172 167 8 8
172 162 8 8
172 163 8 8
172 169 8 8
173 171 8 8
173 172 8 8
173 167 8 8
173 170 8 8
174 164 8 8
174 162 8 8
174 161 8 8
174 173 8 8
175 165 8 8
175 174 8 8
175 173 8 8
175 160 8 8
176 161 8 8
176 171 8 8
176 174 8 8
176 163 8 8
177 174 8 8
177 176 8 8
177 168 8 8
177 173 8 8
178 168 8 8
178 171 8 8
178 167 8 8
178 176 8 8
179 173 8 8
179 171 8 8
179 161 8 8
179 175 8 8
160 177 8 8
160 179 8 8
160 176 8 8
160 174 8 8
161 172 8 8
161 175 8 8
161 171 8 8
161 173 8 8
162 178 8 8
162 176 8 8
162 173 8 8
162 170 8 8
163 168 8 8
163 179 8 8
163 173 8 8
163 178 8 8
184 181 9 9
184 183 9 9
184 182 9 9
184 180 9 9
185 181 9 9
185 183 9 9
185 180 9 9
185 184 9 9
186 184 9 9
186 181 9 9
186 183 9 9
186 182 9 9
187 181 9 9
187 184 9 9
187 185 9 9
187 182 9 9
188 184 9 9
188 181 9 9
188 186 9 9
188 187 9 9
189 188 9 9
189 186 9 9
189 187 9 9
189 181 9 9
190 181 9 9
190 186 9 9
190 189 9 9
190 185 9 9
191 182 9 9
191 185 9 9
191 184 9 9
191 180 9 9
192 185 9 9
192 190 9 9
192 186 9 9
192 188 9 9
193 184 9 9
193 186 9 9
193 190 9 9
193 191 9 9
194 190 9 9
194 189 9 9
194 186 9 9
194 180 9 9
195 192 9 9
195 191 9 9
195 185 9 9
195 183 9 9
196 185 9 9
196 184 9 9
196 182 9 9
196 186 9 9
197 191 9 9
197 193 9 9
197 186 9 9
197 195 9 9
198 196 9 9
198 181 9 9
198 188 9 9
198 189 9 9
199 193 9 9
199 194 9 9
199 180 9 9
199 190 9 9
180 189 9 9
180 197 9 9
180 198 9 9
180 192 9 9
181 192 9 9
181 194 9 9
181 191 9 9
181 199 9 9
182 193 9 9
182 198 9 9
182 195 9 9
182 197 9 9
183 191 9 9
183 194 9 9
183 188 9 9
183 192 9 9
204 201 10 10
204 200 10 10
204 203 10 10
204 202 10 10
205 203 10 10
205 204 10 10
205 200 10 10
205 202 10 10
206 201 10 10
206 204 10 10
206 205 10 10
206 200 10 10
207 202 10 10
207 206 10 10
207 204 10 10
207 201 10 10
208 204 10 10
208 207 10 10
208 206 10 10
208 202 10 10
209 203 10 10
209 208 10 10
209 201 10 10
209 206 10 10
210 205 10 10
210 201 10 10
210 202 10 10
210 203 10 10
211 203 10 10
211 205 10 10
211 201 10 10
211 202 10 10
212 205 10 10
212 201 10 10
212 203 10 10
212 204 10 10
213 202 10 10
213 208 10 10
213 204 10 10
213 207 10 10
214 207 10 10
214 212 10 10
214 204 10 10
214 210 10 10
215 212 10 10
215 210 10 10
215 211 10 10
215 203 10 10
216 206 10 10
216 208 10 10
216 215 10 10
216 212 10 10
217 214 10 10
217 212 10 10
217 209 10 10
217 207 10 10
218 217 10 10
218 211 10 10
218 205 10 10
218 210 10 10
219 204 10 10
219 202 10 10
219 207 10 10
219 203 10 10
200 219 10 10
200 209 10 10
200 216 10 10
200 217 10 10
201 219 10 10
201 214 10 10
201 216 10 10
201 205 10 10
202 217 10 10
202 215 10 10
202 214 10 10
202 216 10 10
203 207 10 10
203 216 10 10
203 214 10 10
203 206 10 10
224 220 11 11
224 221 11 11
224 222 11 11
224 223 11 11
225 221 11 11
225 222 11 11
225 224 11 11
225 223 11 11
226 221 11 11
226 220 11 11
226 223 11 11
226 224 11 11
227 225 11 11
227 226 11 11
227 224 11 11
227 220 11 11
228 225 11 11
228 224 11 11
228 223 11 11
228 220 11 11
229 221 11 11
229 225 11 11
229 227 11 11
229 224 11 11
230 223 11 11
230 222 11 11
230 225 11 11
230 226 11 11
231 228 11 11
231 230 11 11
231 225 11 11
231 222 11 11
232 221 11 11
232 225 11 11
232 220 11 11
232 231 11 11
233 226 11 11
233 229 11 11
233 227 11 11
233 223 11 11
234 230 11 11
234 226 11 11
234 224 11 11
234 229 11 11
235 230 11 11
235 229 11 11
235 223 11 11
235 221 11 11
236 227 11 11
236 224 11 11
236 220 11 11
236 225 11 11
237 231 11 11
237 224 11 11
237 221 11 11
237 229 11 11
238 225 11 11
238 230 11 11
238 222 11 11
238 224 11 11
239 221 11 11
239 234 11 11
239 228 11 11
239 227 11 11
220 234 11 11
220 229 11 11
220 239 11 11
220 230 11 11
221 234 11 11
221 238 11 11
221 230 11 11
221 233 11 11
222 239 11 11
222 237 11 11
222 229 11 11
222 233 11 11
223 229 11 11
223 238 11 11
223 227 11 11
223 234 11 11
244 242 12 12
244 240 12 12
244 241 12 12
244 243 12 12
245 240 12 12
245 243 12 12
245 244 12 12
245 242 12 12
246 240 12 12
246 243 12 12
246 244 12 12
246 242 12 12
247 243 12 12
247 244 12 12
247 246 12 12
247 242 12 12
248 242 12 12
248 245 12 12
248 240 12 12
248 243 12 12
249 244 12 12
249 242 12 12
249 246 12 12
249 241 12 12
250 244 12 12
250 243 12 12
250 249 12 12
250 242 12 12
251 244 12 12
251 246 12 12
251 241 12 12
251 243 12 12
252 249 12 12
252 247 12 12
252 240 12 12
252 244 12 12
253 249 12 12
253 246 12 12
253 250 12 12
253 243 12 12
254 240 12 12
254 241 12 12
254 247 12 12
254 242 12 12
255 248 12 12
255 245 12 12
255 240 12 12
255 252 12 12
256 246 12 12
256 250 12 12
256 252 12 12
256 255 12 12
257 254 12 12
257 243 12 12
257 251 12 12
257 245 12 12
258 240 12 12
258 250 12 12
258 247 12 12
258 257 12 12
259 256 12 12
259 250 12 12
259 245 12 12
259 253 12 12
240 256 12 12
240 257 12 12
240 249 12 12
240 253 12 12
241 253 12 12
241 259 12 12
241 252 12 12
241 247 12 12
242 251 12 12
242 257 12 12
242 259 12 12
242 256 12 12
243 256 12 12
243 249 12 12
243 254 12 12
243 259 12 12
264 263 13 13
264 260 13 13
264 262 13 13
264 261 13 13
265 261 13 13
265 262 13 13
265 264 13 13
265 260 13 13
266 261 13 13
266 265 13 13
266 262 13 13
266 264 13 13
267 263 13 13
267 260 13 13
267 266 13 13
267 264 13 13
268 264 13 13
268 265 13 13
268 261 13 13
268 266 13 13
269 266 13 13
269 261 13 13
269 262 13 13
269 268 13 13
270 263 13 13
270 264 13 13
270 260 13 13
270 261 13 13
271 267 13 13
271 260 13 13
271 268 13 13
271 264 13 13
272 267 13 13
272 263 13 13
272 268 13 13
272 270 13 13
273 271 13 13
273 266 13 13
273 272 13 13
273 263 13 13
274 267 13 13
274 268 13 13
274 266 13 13
274 271 13 13
275 261 13 13
275 274 13 13
275 268 13 13
275 265 13 13
276 273 13 13
276 274 13 13
276 265 13 13
276 269 13 13
277 270 13 13
277 271 13 13
277 272 13 13
277 276 13 13
278 268 13 13
278 269 13 13
278 271 13 13
278 266 13 13
279 277 13 13
279 270 13 13
279 271 13 13
279 260 13 13
260 277 13 13
260 275 13 13
260 272 13 13
260 276 13 13
261 271 13 13
261 274 13 13
261 279 13 13
261 278 13 13
262 274 13 13
262 275 13 13
262 267 13 13
262 276 13 13
263 279 13 13
263 269 13 13
263 268 13 13
263 266 13 13
284 282 14 14
284 281 14 14
284 283 14 14
284 280 14 14
285 281 14 14
285 280 14 14
285 283 14 14
285 284 14 14
286 281 14 14
286 285 14 14
286 280 14 14
286 283 14 14
287 285 14 14
287 282 14 14
287 284 14 14
287 281 14 14
288 287 14 14
288 286 14 14
288 283 14 14
288 281 14 14
289 281 14 14
289 284 14 14
289 288 14 14
289 280 14 14
290 281 14 14
290 283 14 14
290 285 14 14
290 288 14 14
291 281 14 14
291 284 14 14
291 283 14 14
291 285 14 14
292 281 14 14
292 283 14 14
292 288 14 14
292 285 14 14
293 281 14 14
293 289 14 14
293 284 14 14
293 290 14 14
294 280 14 14
294 287 14 14
294 288 14 14
294 292 14 14
295 292 14 14
295 291 14 14
295 290 14 14
295 288 14 14
296 291 14 14
296 294 14 14
296 280 14 14
296 286 14 14
297 294 14 14
297 287 14 14
297 283 14 14
297 285 14 14
298 297 14 14
298 282 14 14
298 280 14 14
298 291 14 14
299 298 14 14
299 296 14 14
299 280 14 14
299 288 14 14
280 290 14 14
280 293 14 14
280 297 14 14
280 291 14 14
281 295 14 14
281 294 14 14
281 299 14 14
281 297 14 14
282 299 14 14
282 294 14 14
282 289 14 14
282 296 14 14
283 293 14 14
283 299 14 14
283 295 14 14
283 287 14 14
304 302 15 15
304 301 15 15
304 300 15 15
304 303 15 15
305 303 15 15
305 300 15 15
305 304 15 15
305 301 15 15
306 301 15 15
306 305 15 15
306 304 15 15
306 303 15 15
307 300 15 15
307 303 15 15
307 305 15 15
307 302 15 15
308 304 15 15
308 301 15 15
308 300 15 15
308 302 15 15
309 304 15 15
309 303 15 15
309 308 15 15
309 307 15 15
310 309 15 15
310 302 15 15
310 306 15 15
310 301 15 15
311 309 15 15
311 308 15 15
311 310 15 15
311 306 15 15
312 305 15 15
312 304 15 15
312 306 15 15
312 300 15 15
313 303 15 15
313 309 15 15
313 304 15 15
313 307 15 15
314 313 15 15
314 312 15 15
314 303 15 15
314 305 15 15
315 300 15 15
315 301 15 15
315 305 15 15
315 310 15 15
316 301 15 15
316 310 15 15
316 315 15 15
316 312 15 15
317 300 15 15
317 303 15 15
317 313 15 15
317 315 15 15
318 303 15 15
318 304 15 15
318 313 15 15
318 305 15 15
319 302 15 15
319 307 15 15
319 303 15 15
319 316 15 15
300 311 15 15
300 318 15 15
300 309 15 15
300 313 15 15
301 314 15 15
301 309 15 15
301 312 15 15
301 318 15 15
302 315 15 15
302 317 15 15
302 309 15 15
302 305 15 15
303 310 15 15
303 312 15 15
303 316 15 15
303 315 15 15
99 63 4 3
86 24 4 1
93 45 4 2
83 9 4 0
108 56 5 2
111 10 5 0
117 79 5 3
100 97 5 4
133 50 6 2
124 87 6 4
124 100 6 5
132 33 6 1
156 36 7 1
154 82 7 4
145 47 7 2
141 121 7 6
162 110 8 5
170 132 8 6
172 58 8 2
166 156 8 7
195 63 9 3
195 35 9 1
180 5 9 0
196 143 9 7
211 71 10 3
201 50 10 2
201 9 10 0
212 21 10 1
230 35 11 1
225 216 11 10
222 197 11 9
229 7 11 0
241 28 12 1
242 225 12 11
254 53 12 2
245 99 12 4
264 197 13 9
278 14 13 0
266 237 13 11
265 66 13 3
286 264 14 13
283 178 14 8
280 58 14 2
284 115 14 5
315 47 15 2
304 35 15 1
307 120 15 6
304 179 15 8
13 142 0 7
4 165 0 8
16 247 0 12
18 318 0 15
36 262 1 13
30 165 1 8
23 292 1 14
32 103 1 5
40 223 2 11
59 187 2 9
55 272 2 13
72 258 3 12
79 284 3 14
60 175 3 8
77 234 3 11
