swNum = 320
edgeNum = 1344

0 0
1 0
2 0
3 0
4 0
5 0
6 0
7 0
8 0
9 0
10 0
11 0
12 0
13 0
14 0
15 0
16 0
17 0
18 0
19 0
20 1
21 1
22 1
23 1
24 1
25 1
26 1
27 1
28 1
29 1
30 1
31 1
32 1
33 1
34 1
35 1
36 1
37 1
38 1
39 1
40 2
41 2
42 2
43 2
44 2
45 2
46 2
47 2
48 2
49 2
50 2
51 2
52 2
53 2
54 2
55 2
56 2
57 2
58 2
59 2
60 3
61 3
62 3
63 3
64 3
65 3
66 3
67 3
68 3
69 3
70 3
71 3
72 3
73 3
74 3
75 3
76 3
77 3
78 3
79 3
80 4
81 4
82 4
83 4
84 4
85 4
86 4
87 4
88 4
89 4
90 4
91 4
92 4
93 4
94 4
95 4
96 4
97 4
98 4
99 4
100 5
101 5
102 5
103 5
104 5
105 5
106 5
107 5
108 5
109 5
110 5
111 5
112 5
113 5
114 5
115 5
116 5
117 5
118 5
119 5
120 6
121 6
122 6
123 6
124 6
125 6
126 6
127 6
128 6
129 6
130 6
131 6
132 6
133 6
134 6
135 6
136 6
137 6
138 6
139 6
140 7
141 7
142 7
143 7
144 7
145 7
146 7
147 7
148 7
149 7
150 7
151 7
152 7
153 7
154 7
155 7
156 7
157 7
158 7
159 7
160 8
161 8
162 8
163 8
164 8
165 8
166 8
167 8
168 8
169 8
170 8
171 8
172 8
173 8
174 8
175 8
176 8
177 8
178 8
179 8
180 9
181 9
182 9
183 9
184 9
185 9
186 9
187 9
188 9
189 9
190 9
191 9
192 9
193 9
194 9
195 9
196 9
197 9
198 9
199 9
200 10
201 10
202 10
203 10
204 10
205 10
206 10
207 10
208 10
209 10
210 10
211 10
212 10
213 10
214 10
215 10
216 10
217 10
218 10
219 10
220 11
221 11
222 11
223 11
224 11
225 11
226 11
227 11
228 11
229 11
230 11
231 11
232 11
233 11
234 11
235 11
236 11
237 11
238 11
239 11
240 12
241 12
242 12
243 12
244 12
245 12
246 12
247 12
248 12
249 12
250 12
251 12
252 12
253 12
254 12
255 12
256 12
257 12
258 12
259 12
260 13
261 13
262 13
263 13
264 13
265 13
266 13
267 13
268 13
269 13
270 13
271 13
272 13
273 13
274 13
275 13
276 13
277 13
278 13
279 13
280 14
281 14
282 14
283 14
284 14
285 14
286 14
287 14
288 14
289 14
290 14
291 14
292 14
293 14
294 14
295 14
296 14
297 14
298 14
299 14
300 15
301 15
302 15
303 15
304 15
305 15
306 15
307 15
308 15
309 15
310 15
311 15
312 15
313 15
314 15
315 15
316 15
317 15
318 15
319 15

4 0 0 0
4 1 0 0
4 3 0 0
4 2 0 0
5 0 0 0
5 3 0 0
5 1 0 0
5 4 0 0
6 4 0 0
6 5 0 0
6 1 0 0
6 3 0 0
7 4 0 0
7 6 0 0
7 2 0 0
7 5 0 0
8 1 0 0
8 2 0 0
8 5 0 0
8 3 0 0
9 1 0 0
9 8 0 0
9 2 0 0
9 0 0 0
10 8 0 0
10 9 0 0
10 0 0 0
10 2 0 0
11 5 0 0
11 0 0 0
11 7 0 0
11 9 0 0
12 11 0 0
12 5 0 0
12 1 0 0
12 6 0 0
13 2 0 0
13 1 0 0
13 3 0 0
13 8 0 0
14 7 0 0
14 0 0 0
14 8 0 0
14 13 0 0
15 10 0 0
15 9 0 0
15 1 0 0
15 8 0 0
16 7 0 0
16 6 0 0
16 13 0 0
16 3 0 0
17 10 0 0
17 2 0 0
17 11 0 0
17 8 0 0
18 0 0 0
18 17 0 0
18 16 0 0
18 11 0 0
19 9 0 0
19 13 0 0
19 11 0 0
19 18 0 0
0 15 0 0
0 12 0 0
0 8 0 0
0 7 0 0
1 7 0 0
1 14 0 0
1 17 0 0
1 11 0 0
2 18 0 0
2 15 0 0
2 11 0 0
2 5 0 0
3 12 0 0
3 19 0 0
3 10 0 0
3 18 0 0
24 20 1 1
24 23 1 1
24 22 1 1
24 21 1 1
25 23 1 1
25 20 1 1
25 22 1 1
25 24 1 1
26 23 1 1
26 22 1 1
26 24 1 1
26 20 1 1
27 24 1 1
27 20 1 1
27 21 1 1
27 22 1 1
28 24 1 1
28 23 1 1
28 26 1 1
28 25 1 1
29 28 1 1
29 25 1 1
29 26 1 1
29 27 1 1
30 26 1 1
30 29 1 1
30 25 1 1
30 28 1 1
31 29 1 1
31 21 1 1
31 27 1 1
31 23 1 1
32 28 1 1
32 29 1 1
32 21 1 1
32 30 1 1
33 29 1 1
33 28 1 1
33 25 1 1
33 31 1 1
34 31 1 1
34 27 1 1
34 28 1 1
34 29 1 1
35 29 1 1
35 20 1 1
35 31 1 1
35 32 1 1
36 33 1 1
36 29 1 1
36 31 1 1
36 25 1 1
37 27 1 1
37 23 1 1
37 22 1 1
37 31 1 1
38 30 1 1
38 28 1 1
38 21 1 1
38 31 1 1
39 25 1 1
39 26 1 1
39 30 1 1
39 32 1 1
20 37 1 1
20 31 1 1
20 30 1 1
20 34 1 1
21 34 1 1
21 29 1 1
21 33 1 1
21 35 1 1
22 34 1 1
22 38 1 1
22 28 1 1
22 31 1 1
23 34 1 1
23 29 1 1
23 35 1 1
23 39 1 1
44 40 2 2
44 42 2 2
44 43 2 2
44 41 2 2
45 42 2 2
45 41 2 2
45 43 2 2
45 40 2 2
46 45 2 2
46 43 2 2
46 40 2 2
46 42 2 2
47 45 2 2
47 46 2 2
47 41 2 2
47 42 2 2
48 41 2 2
48 47 2 2
48 43 2 2
48 40 2 2
49 46 2 2
49 43 2 2
49 45 2 2
49 40 2 2
50 49 2 2
50 40 2 2
50 43 2 2
50 47 2 2
51 42 2 2
51 43 2 2
51 49 2 2
51 47 2 2
52 45 2 2
52 42 2 2
52 47 2 2
52 48 2 2
53 44 2 2
53 46 2 2
53 45 2 2
53 47 2 2
54 40 2 2
54 44 2 2
54 53 2 2
54 41 2 2
55 43 2 2
55 48 2 2
55 42 2 2
55 52 2 2
56 51 2 2
56 46 2 2
56 47 2 2
56 50 2 2
57 50 2 2
57 45 2 2
57 56 2 2
57 44 2 2
58 40 2 2
58 43 2 2
58 55 2 2
58 44 2 2
59 58 2 2
59 55 2 2
59 44 2 2
59 45 2 2
40 55 2 2
40 59 2 2
40 52 2 2
40 53 2 2
41 52 2 2
41 55 2 2
41 46 2 2
41 51 2 2
42 56 2 2
42 54 2 2
42 59 2 2
42 50 2 2
43 59 2 2
43 56 2 2
43 47 2 2
43 54 2 2
64 62 3 3
64 61 3 3
64 63 3 3
64 60 3 3
65 61 3 3
65 60 3 3
65 62 3 3
65 63 3 3
66 60 3 3
66 64 3 3
66 65 3 3
66 62 3 3
67 65 3 3
67 61 3 3
67 66 3 3
67 64 3 3
68 61 3 3
68 67 3 3
68 60 3 3
68 63 3 3
69 65 3 3
69 62 3 3
69 64 3 3
69 66 3 3
70 63 3 3
70 67 3 3
70 61 3 3
70 64 3 3
71 68 3 3
71 63 3 3
71 69 3 3
71 70 3 3
72 70 3 3
72 66 3 3
72 60 3 3
72 64 3 3
73 66 3 3
73 69 3 3
73 61 3 3
73 63 3 3
74 69 3 3
74 64 3 3
74 73 3 3
74 62 3 3
75 61 3 3
75 67 3 3
75 68 3 3
75 71 3 3
76 64 3 3
76 67 3 3
76 63 3 3
76 66 3 3
77 65 3 3
77 73 3 3
77 63 3 3
77 74 3 3
78 63 3 3
78 72 3 3
78 67 3 3
78 64 3 3
79 62 3 3
79 68 3 3
79 66 3 3
79 77 3 3
60 73 3 3
60 77 3 3
60 71 3 3
60 67 3 3
61 71 3 3
61 78 3 3
61 79 3 3
61 66 3 3
62 76 3 3
62 75 3 3
62 77 3 3
62 78 3 3
63 72 3 3
63 75 3 3
63 67 3 3
63 69 3 3
84 83 4 4
84 82 4 4
84 80 4 4
84 81 4 4
85 82 4 4
85 80 4 4
85 83 4 4
85 84 4 4
86 85 4 4
86 84 4 4
86 82 4 4
86 81 4 4
87 80 4 4
87 82 4 4
87 86 4 4
87 83 4 4
88 84 4 4
88 86 4 4
88 81 4 4
88 83 4 4
89 85 4 4
89 88 4 4
89 86 4 4
89 82 4 4
90 83 4 4
90 85 4 4
90 86 4 4
90 82 4 4
91 84 4 4
91 80 4 4
91 83 4 4
91 81 4 4
92 89 4 4
92 86 4 4
92 91 4 4
92 90 4 4
93 81 4 4
93 87 4 4
93 88 4 4
93 91 4 4
94 87 4 4
94 90 4 4
94 86 4 4
94 84 4 4
95 84 4 4
95 86 4 4
95 80 4 4
95 93 4 4
96 89 4 4
96 87 4 4
96 91 4 4
96 82 4 4
97 84 4 4
97 88 4 4
97 83 4 4
97 91 4 4
98 96 4 4
98 94 4 4
98 83 4 4
98 90 4 4
99 86 4 4
99 89 4 4
99 93 4 4
99 95 4 4
80 92 4 4
80 90 4 4
80 86 4 4
80 88 4 4
81 90 4 4
81 96 4 4
81 99 4 4
81 98 4 4
82 97 4 4
82 98 4 4
82 91 4 4
82 99 4 4
83 95 4 4
83 94 4 4
83 92 4 4
83 89 4 4
104 101 5 5
104 103 5 5
104 100 5 5
104 102 5 5
105 102 5 5
105 103 5 5
105 100 5 5
105 104 5 5
106 103 5 5
106 105 5 5
106 102 5 5
106 104 5 5
107 104 5 5
107 106 5 5
107 102 5 5
107 103 5 5
108 100 5 5
108 104 5 5
108 105 5 5
108 106 5 5
109 106 5 5
109 107 5 5
109 108 5 5
109 103 5 5
110 108 5 5
110 107 5 5
110 101 5 5
110 106 5 5
111 101 5 5
111 107 5 5
111 108 5 5
111 104 5 5
112 107 5 5
112 100 5 5
112 106 5 5
112 103 5 5
113 105 5 5
113 103 5 5
113 110 5 5
113 106 5 5
114 104 5 5
114 107 5 5
114 101 5 5
114 113 5 5
115 109 5 5
115 105 5 5
115 112 5 5
115 104 5 5
116 105 5 5
116 113 5 5
116 112 5 5
116 107 5 5
117 100 5 5
117 102 5 5
117 105 5 5
117 110 5 5
118 114 5 5
118 109 5 5
118 104 5 5
118 108 5 5
119 112 5 5
119 111 5 5
119 103 5 5
119 100 5 5
100 109 5 5
100 116 5 5
100 110 5 5
100 114 5 5
101 115 5 5
101 108 5 5
101 118 5 5
101 106 5 5
102 108 5 5
102 118 5 5
102 109 5 5
102 114 5 5
103 115 5 5
103 117 5 5
103 110 5 5
103 116 5 5
124 123 6 6
124 121 6 6
124 122 6 6
124 120 6 6
125 121 6 6
125 123 6 6
125 120 6 6
125 124 6 6
126 121 6 6
126 125 6 6
126 124 6 6
126 120 6 6
127 121 6 6
127 120 6 6
127 124 6 6
127 125 6 6
128 124 6 6
128 126 6 6
128 123 6 6
128 125 6 6
129 125 6 6
129 121 6 6
129 126 6 6
129 123 6 6
130 122 6 6
130 124 6 6
130 126 6 6
130 125 6 6
131 125 6 6
131 130 6 6
131 123 6 6
131 127 6 6
132 123 6 6
132 125 6 6
132 122 6 6
132 129 6 6
133 128 6 6
133 123 6 6
133 125 6 6
133 122 6 6
134 126 6 6
134 120 6 6
134 132 6 6
134 133 6 6
135 130 6 6
135 129 6 6
135 121 6 6
135 123 6 6
136 129 6 6
136 122 6 6
136 134 6 6
136 123 6 6
137 132 6 6
137 128 6 6
137 131 6 6
137 136 6 6
138 125 6 6
138 126 6 6
138 124 6 6
138 123 6 6
139 125 6 6
139 124 6 6
139 131 6 6
139 133 6 6
120 133 6 6
120 129 6 6
120 138 6 6
120 139 6 6
121 130 6 6
121 138 6 6
121 132 6 6
121 139 6 6
122 128 6 6
122 125 6 6
122 139 6 6
122 127 6 6
123 139 6 6
123 126 6 6
123 137 6 6
123 130 6 6
144 141 7 7
144 140 7 7
144 143 7 7
144 142 7 7
145 143 7 7
145 141 7 7
145 142 7 7
145 140 7 7
146 144 7 7
146 142 7 7
146 145 7 7
146 141 7 7
147 146 7 7
147 144 7 7
147 140 7 7
147 142 7 7
148 144 7 7
148 146 7 7
148 147 7 7
148 140 7 7
149 145 7 7
149 140 7 7
149 142 7 7
149 143 7 7
150 148 7 7
150 143 7 7
150 140 7 7
150 146 7 7
151 142 7 7
151 148 7 7
151 146 7 7
151 147 7 7
152 149 7 7
152 141 7 7
152 151 7 7
152 145 7 7
153 146 7 7
153 141 7 7
153 147 7 7
153 149 7 7
154 144 7 7
154 148 7 7
154 151 7 7
154 153 7 7
155 145 7 7
155 149 7 7
155 141 7 7
155 142 7 7
156 152 7 7
156 145 7 7
156 151 7 7
156 149 7 7
157 150 7 7
157 152 7 7
157 153 7 7
157 151 7 7
158 142 7 7
158 152 7 7
158 155 7 7
158 156 7 7
159 150 7 7
159 153 7 7
159 151 7 7
159 154 7 7
140 158 7 7
140 146 7 7
140 155 7 7
140 156 7 7
141 148 7 7
141 159 7 7
141 158 7 7
141 156 7 7
142 156 7 7
142 157 7 7
142 153 7 7
142 150 7 7
143 154 7 7
143 159 7 7
143 153 7 7
143 152 7 7
164 161 8 8
164 160 8 8
164 163 8 8
164 162 8 8
165 164 8 8
165 160 8 8
165 161 8 8
165 163 8 8
166 162 8 8
166 160 8 8
166 161 8 8
166 164 8 8
167 166 8 8
167 160 8 8
167 165 8 8
167 164 8 8
168 165 8 8
168 166 8 8
168 162 8 8
168 167 8 8
169 164 8 8
169 163 8 8
169 167 8 8
169 168 8 8
170 167 8 8
170 169 8 8
170 161 8 8
170 165 8 8
171 166 8 8
171 163 8 8
171 162 8 8
171 161 8 8
172 166 8 8
172 164 8 8
172 167 8 8
172 161 8 8
173 171 8 8
173 164 8 8
173 165 8 8
173 161 8 8
174 161 8 8
174 162 8 8
174 164 8 8
174 165 8 8
175 168 8 8
175 164 8 8
175 166 8 8
175 163 8 8
176 168 8 8
176 165 8 8
176 175 8 8
176 172 8 8
177 168 8 8
177 175 8 8
177 167 8 8
177 169 8 8
178 160 8 8
178 175 8 8
178 161 8 8
178 169 8 8
179 171 8 8
179 174 8 8
179 161 8 8
179 173 8 8
160 172 8 8
160 173 8 8
160 168 8 8
160 175 8 8
161 176 8 8
161 168 8 8
161 167 8 8
161 175 8 8
162 172 8 8
162 175 8 8
162 176 8 8
162 179 8 8
163 167 8 8
163 166 8 8
163 174 8 8
163 176 8 8
184 180 9 9
184 183 9 9
184 182 9 9
184 181 9 9
185 183 9 9
185 181 9 9
185 184 9 9
185 182 9 9
186 182 9 9
186 184 9 9
186 180 9 9
186 183 9 9
187 182 9 9
187 184 9 9
187 181 9 9
187 183 9 9
188 186 9 9
188 184 9 9
188 180 9 9
188 185 9 9
189 180 9 9
189 184 9 9
189 186 9 9
189 185 9 9
190 185 9 9
190 186 9 9
190 180 9 9
190 187 9 9
191 187 9 9
191 186 9 9
191 183 9 9
191 189 9 9
192 188 9 9
192 181 9 9
192 185 9 9
192 183 9 9
193 180 9 9
193 183 9 9
193 188 9 9
193 191 9 9
194 182 9 9
194 183 9 9
194 181 9 9
194 189 9 9
195 188 9 9
195 193 9 9
195 183 9 9
195 185 9 9
196 184 9 9
196 195 9 9
196 183 9 9
196 194 9 9
197 187 9 9
197 194 9 9
197 183 9 9
197 191 9 9
198 183 9 9
198 188 9 9
198 189 9 9
198 181 9 9
199 196 9 9
199 189 9 9
199 195 9 9
199 192 9 9
180 199 9 9
180 192 9 9
180 194 9 9
180 196 9 9
181 197 9 9
181 199 9 9
181 191 9 9
181 188 9 9
182 198 9 9
182 196 9 9
182 197 9 9
182 189 9 9
183 199 9 9
183 189 9 9
183 188 9 9
183 190 9 9
204 201 10 10
204 200 10 10
204 203 10 10
204 202 10 10
205 201 10 10
205 203 10 10
205 204 10 10
205 200 10 10
206 203 10 10
206 201 10 10
206 200 10 10
206 205 10 10
207 203 10 10
207 206 10 10
207 201 10 10
207 200 10 10
208 201 10 10
208 200 10 10
208 202 10 10
208 204 10 10
209 201 10 10
209 206 10 10
209 200 10 10
209 208 10 10
210 209 10 10
210 206 10 10
210 207 10 10
210 203 10 10
211 205 10 10
211 208 10 10
211 202 10 10
211 200 10 10
212 205 10 10
212 208 10 10
212 211 10 10
212 204 10 10
213 209 10 10
213 205 10 10
213 206 10 10
213 201 10 10
214 210 10 10
214 206 10 10
214 203 10 10
214 207 10 10
215 207 10 10
215 213 10 10
215 206 10 10
215 200 10 10
216 215 10 10
216 213 10 10
216 211 10 10
216 204 10 10
217 201 10 10
217 209 10 10
217 202 10 10
217 203 10 10
218 210 10 10
218 201 10 10
218 207 10 10
218 203 10 10
219 205 10 10
219 214 10 10
219 211 10 10
219 213 10 10
200 217 10 10
200 214 10 10
200 210 10 10
200 216 10 10
201 210 10 10
201 216 10 10
201 211 10 10
201 214 10 10
202 216 10 10
202 207 10 10
202 210 10 10
202 215 10 10
203 216 10 10
203 211 10 10
203 213 10 10
203 209 10 10
224 223 11 11
224 220 11 11
224 221 11 11
224 222 11 11
225 222 11 11
225 224 11 11
225 221 11 11
225 223 11 11
226 220 11 11
226 221 11 11
226 223 11 11
226 224 11 11
227 220 11 11
227 221 11 11
227 226 11 11
227 225 11 11
228 225 11 11
228 222 11 11
228 220 11 11
228 227 11 11
229 223 11 11
229 221 11 11
229 222 11 11
229 226 11 11
230 225 11 11
230 227 11 11
230 226 11 11
230 220 11 11
231 223 11 11
231 226 11 11
231 229 11 11
231 222 11 11
232 228 11 11
232 230 11 11
232 221 11 11
232 225 11 11
233 230 11 11
233 224 11 11
233 229 11 11
233 223 11 11
234 233 11 11
234 229 11 11
234 223 11 11
234 226 11 11
235 231 11 11
235 234 11 11
235 228 11 11
235 225 11 11
236 234 11 11
236 233 11 11
236 226 11 11
236 220 11 11
237 223 11 11
237 230 11 11
237 222 11 11
237 234 11 11
238 224 11 11
238 227 11 11
238 230 11 11
238 226 11 11
239 227 11 11
239 228 11 11
239 224 11 11
239 235 11 11
220 233 11 11
220 237 11 11
220 229 11 11
220 225 11 11
221 234 11 11
221 233 11 11
221 238 11 11
221 239 11 11
222 232 11 11
222 234 11 11
222 238 11 11
222 236 11 11
223 232 11 11
223 235 11 11
223 228 11 11
223 239 11 11
244 241 12 12
244 242 12 12
244 240 12 12
244 243 12 12
245 244 12 12
245 242 12 12
245 240 12 12
245 241 12 12
246 241 12 12
246 244 12 12
246 240 12 12
246 242 12 12
247 240 12 12
247 242 12 12
247 244 12 12
247 245 12 12
248 245 12 12
248 243 12 12
248 240 12 12
248 241 12 12
249 248 12 12
249 244 12 12
249 247 12 12
249 240 12 12
250 240 12 12
250 249 12 12
250 247 12 12
250 245 12 12
251 241 12 12
251 246 12 12
251 248 12 12
251 250 12 12
252 249 12 12
252 241 12 12
252 247 12 12
252 251 12 12
253 252 12 12
253 249 12 12
253 241 12 12
253 248 12 12
254 244 12 12
254 240 12 12
254 248 12 12
254 243 12 12
255 247 12 12
255 252 12 12
255 244 12 12
255 241 12 12
256 245 12 12
256 255 12 12
256 247 12 12
256 244 12 12
257 246 12 12
257 242 12 12
257 244 12 12
257 241 12 12
258 245 12 12
258 257 12 12
258 240 12 12
258 252 12 12
259 253 12 12
259 240 12 12
259 241 12 12
259 256 12 12
240 252 12 12
240 256 12 12
240 253 12 12
240 251 12 12
241 250 12 12
241 258 12 12
241 254 12 12
241 247 12 12
242 251 12 12
242 259 12 12
242 252 12 12
242 255 12 12
243 250 12 12
243 256 12 12
243 259 12 12
243 252 12 12
264 263 13 13
264 260 13 13
264 262 13 13
264 261 13 13
265 263 13 13
265 261 13 13
265 262 13 13
265 264 13 13
266 265 13 13
266 264 13 13
266 261 13 13
266 263 13 13
267 265 13 13
267 261 13 13
267 262 13 13
267 263 13 13
268 267 13 13
268 264 13 13
268 266 13 13
268 260 13 13
269 265 13 13
269 260 13 13
269 264 13 13
269 263 13 13
270 264 13 13
270 260 13 13
270 269 13 13
270 265 13 13
271 268 13 13
271 264 13 13
271 263 13 13
271 269 13 13
272 265 13 13
272 263 13 13
272 261 13 13
272 269 13 13
273 265 13 13
273 262 13 13
273 267 13 13
273 270 13 13
274 261 13 13
274 267 13 13
274 265 13 13
274 272 13 13
275 264 13 13
275 270 13 13
275 260 13 13
275 263 13 13
276 271 13 13
276 274 13 13
276 264 13 13
276 273 13 13
277 267 13 13
277 273 13 13
277 261 13 13
277 266 13 13
278 263 13 13
278 266 13 13
278 276 13 13
278 269 13 13
279 274 13 13
279 267 13 13
279 278 13 13
279 262 13 13
260 272 13 13
260 276 13 13
260 271 13 13
260 278 13 13
261 275 13 13
261 279 13 13
261 268 13 13
261 278 13 13
262 268 13 13
262 271 13 13
262 274 13 13
262 266 13 13
263 274 13 13
263 279 13 13
263 273 13 13
263 268 13 13
284 283 14 14
284 281 14 14
284 282 14 14
284 280 14 14
285 284 14 14
285 282 14 14
285 280 14 14
285 281 14 14
286 283 14 14
286 281 14 14
286 282 14 14
286 284 14 14
287 284 14 14
287 282 14 14
287 286 14 14
287 283 14 14
288 286 14 14
288 284 14 14
288 287 14 14
288 280 14 14
289 286 14 14
289 282 14 14
289 283 14 14
289 287 14 14
290 280 14 14
290 288 14 14
290 287 14 14
290 283 14 14
291 280 14 14
291 288 14 14
291 285 14 14
291 281 14 14
292 280 14 14
292 281 14 14
292 291 14 14
292 282 14 14
293 283 14 14
293 291 14 14
293 281 14 14
293 289 14 14
294 291 14 14
294 285 14 14
294 287 14 14
294 280 14 14
295 281 14 14
295 291 14 14
295 290 14 14
295 283 14 14
296 291 14 14
296 289 14 14
296 283 14 14
296 295 14 14
297 296 14 14
297 285 14 14
297 294 14 14
297 291 14 14
298 289 14 14
298 282 14 14
298 295 14 14
298 287 14 14
299 288 14 14
299 287 14 14
299 280 14 14
299 285 14 14
280 297 14 14
280 286 14 14
280 295 14 14
280 296 14 14
281 294 14 14
281 299 14 14
281 290 14 14
281 289 14 14
282 288 14 14
282 299 14 14
282 294 14 14
282 291 14 14
283 285 14 14
283 291 14 14
283 298 14 14
283 299 14 14
304 303 15 15
304 301 15 15
304 300 15 15
304 302 15 15
305 300 15 15
305 302 15 15
305 304 15 15
305 301 15 15
306 301 15 15
306 304 15 15
306 305 15 15
306 302 15 15
307 306 15 15
307 302 15 15
307 304 15 15
307 300 15 15
308 300 15 15
308 306 15 15
308 307 15 15
308 305 15 15
309 301 15 15
309 306 15 15
309 308 15 15
309 304 15 15
310 301 15 15
310 300 15 15
310 306 15 15
310 307 15 15
311 310 15 15
311 303 15 15
311 306 15 15
311 305 15 15
312 306 15 15
312 304 15 15
312 301 15 15
312 308 15 15
313 307 15 15
313 300 15 15
313 304 15 15
313 306 15 15
314 303 15 15
314 307 15 15
314 301 15 15
314 306 15 15
315 310 15 15
315 304 15 15
315 303 15 15
315 312 15 15
316 306 15 15
316 309 15 15
316 301 15 15
316 308 15 15
317 305 15 15
317 313 15 15
317 316 15 15
317 314 15 15
318 301 15 15
318 313 15 15
318 311 15 15
318 310 15 15
319 306 15 15
319 311 15 15
319 304 15 15
319 312 15 15
300 317 15 15
300 306 15 15
300 314 15 15
300 316 15 15
301 308 15 15
301 315 15 15
301 319 15 15
301 313 15 15
302 311 15 15
302 308 15 15
302 316 15 15
302 314 15 15
303 312 15 15
303 310 15 15
303 309 15 15
303 316 15 15
89 72 4 3
86 54 4 2
86 33 4 1
87 8 4 0
107 65 5 3
113 6 5 0
110 80 5 4
101 32 5 1
127 107 6 5
133 32 6 1
122 85 6 4
132 69 6 3
155 23 7 1
142 71 7 3
144 136 7 6
149 100 7 5
161 128 8 6
161 147 8 7
171 27 8 1
165 69 8 3
198 27 9 1
188 46 9 2
197 90 9 4
192 158 9 7
219 164 10 8
216 194 10 9
212 141 10 7
208 30 10 1
222 117 11 5
221 10 11 0
223 95 11 4
226 153 11 7
246 102 12 5
240 221 12 11
258 9 12 0
255 173 12 8
265 99 13 4
261 164 13 8
275 76 13 3
276 227 13 11
293 171 14 8
288 93 14 4
285 127 14 6
288 31 14 1
317 159 15 7
307 73 15 3
307 225 15 11
319 83 15 4
2 148 0 7
14 181 0 9
12 131 0 6
13 175 0 8
29 277 1 13
32 256 1 12
25 306 1 15
33 227 1 11
47 103 2 5
50 157 2 7
54 202 2 10
59 167 2 8
64 231 3 11
77 282 3 14
65 210 3 10
78 259 3 12
