swNum = 320
edgeNum = 1344

0 0
1 0
2 0
3 0
4 0
5 0
6 0
7 0
8 0
9 0
10 0
11 0
12 0
13 0
14 0
15 0
16 0
17 0
18 0
19 0
20 1
21 1
22 1
23 1
24 1
25 1
26 1
27 1
28 1
29 1
30 1
31 1
32 1
33 1
34 1
35 1
36 1
37 1
38 1
39 1
40 2
41 2
42 2
43 2
44 2
45 2
46 2
47 2
48 2
49 2
50 2
51 2
52 2
53 2
54 2
55 2
56 2
57 2
58 2
59 2
60 3
61 3
62 3
63 3
64 3
65 3
66 3
67 3
68 3
69 3
70 3
71 3
72 3
73 3
74 3
75 3
76 3
77 3
78 3
79 3
80 4
81 4
82 4
83 4
84 4
85 4
86 4
87 4
88 4
89 4
90 4
91 4
92 4
93 4
94 4
95 4
96 4
97 4
98 4
99 4
100 5
101 5
102 5
103 5
104 5
105 5
106 5
107 5
108 5
109 5
110 5
111 5
112 5
113 5
114 5
115 5
116 5
117 5
118 5
119 5
120 6
121 6
122 6
123 6
124 6
125 6
126 6
127 6
128 6
129 6
130 6
131 6
132 6
133 6
134 6
135 6
136 6
137 6
138 6
139 6
140 7
141 7
142 7
143 7
144 7
145 7
146 7
147 7
148 7
149 7
150 7
151 7
152 7
153 7
154 7
155 7
156 7
157 7
158 7
159 7
160 8
161 8
162 8
163 8
164 8
165 8
166 8
167 8
168 8
169 8
170 8
171 8
172 8
173 8
174 8
175 8
176 8
177 8
178 8
179 8
180 9
181 9
182 9
183 9
184 9
185 9
186 9
187 9
188 9
189 9
190 9
191 9
192 9
193 9
194 9
195 9
196 9
197 9
198 9
199 9
200 10
201 10
202 10
203 10
204 10
205 10
206 10
207 10
208 10
209 10
210 10
211 10
212 10
213 10
214 10
215 10
216 10
217 10
218 10
219 10
220 11
221 11
222 11
223 11
224 11
225 11
226 11
227 11
228 11
229 11
230 11
231 11
232 11
233 11
234 11
235 11
236 11
237 11
238 11
239 11
240 12
241 12
242 12
243 12
244 12
245 12
246 12
247 12
248 12
249 12
250 12
251 12
252 12
253 12
254 12
255 12
256 12
257 12
258 12
259 12
260 13
261 13
262 13
263 13
264 13
265 13
266 13
267 13
268 13
269 13
270 13
271 13
272 13
273 13
274 13
275 13
276 13
277 13
278 13
279 13
280 14
281 14
282 14
283 14
284 14
285 14
286 14
287 14
288 14
289 14
290 14
291 14
292 14
293 14
294 14
295 14
296 14
297 14
298 14
299 14
300 15
301 15
302 15
303 15
304 15
305 15
306 15
307 15
308 15
309 15
310 15
311 15
312 15
313 15
314 15
315 15
316 15
317 15
318 15
319 15

4 1 0 0
4 3 0 0
4 2 0 0
4 0 0 0
5 0 0 0
5 2 0 0
5 1 0 0
5 3 0 0
6 0 0 0
6 5 0 0
6 3 0 0
6 2 0 0
7 1 0 0
7 4 0 0
7 0 0 0
7 2 0 0
8 3 0 0
8 0 0 0
8 5 0 0
8 7 0 0
9 5 0 0
9 3 0 0
9 0 0 0
9 8 0 0
10 6 0 0
10 3 0 0
10 4 0 0
10 2 0 0
11 7 0 0
11 8 0 0
11 10 0 0
11 5 0 0
12 0 0 0
12 4 0 0
12 7 0 0
12 8 0 0
13 6 0 0
13 1 0 0
13 5 0 0
13 7 0 0
14 13 0 0
14 9 0 0
14 10 0 0
14 3 0 0
15 10 0 0
15 5 0 0
15 9 0 0
15 3 0 0
16 9 0 0
16 2 0 0
16 11 0 0
16 12 0 0
17 8 0 0
17 12 0 0
17 2 0 0
17 7 0 0
18 12 0 0
18 0 0 0
18 17 0 0
18 13 0 0
19 10 0 0
19 12 0 0
19 6 0 0
19 5 0 0
0 10 0 0
0 16 0 0
0 19 0 0
0 15 0 0
1 16 0 0
1 18 0 0
1 6 0 0
1 11 0 0
2 14 0 0
2 12 0 0
2 18 0 0
2 9 0 0
3 17 0 0
3 12 0 0
3 13 0 0
3 19 0 0
24 21 1 1
24 22 1 1
24 20 1 1
24 23 1 1
25 24 1 1
25 21 1 1
25 23 1 1
25 22 1 1
26 24 1 1
26 21 1 1
26 22 1 1
26 20 1 1
27 25 1 1
27 22 1 1
27 21 1 1
27 23 1 1
28 25 1 1
28 22 1 1
28 27 1 1
28 23 1 1
29 24 1 1
29 27 1 1
29 21 1 1
29 28 1 1
30 21 1 1
30 29 1 1
30 25 1 1
30 23 1 1
31 26 1 1
31 25 1 1
31 21 1 1
31 27 1 1
32 20 1 1
32 25 1 1
32 26 1 1
32 23 1 1
33 29 1 1
33 32 1 1
33 23 1 1
33 30 1 1
34 27 1 1
34 31 1 1
34 21 1 1
34 26 1 1
35 33 1 1
35 20 1 1
35 27 1 1
35 32 1 1
36 20 1 1
36 32 1 1
36 24 1 1
36 34 1 1
37 34 1 1
37 25 1 1
37 27 1 1
37 21 1 1
38 37 1 1
38 20 1 1
38 36 1 1
38 33 1 1
39 29 1 1
39 35 1 1
39 30 1 1
39 32 1 1
20 29 1 1
20 31 1 1
20 25 1 1
20 27 1 1
21 32 1 1
21 38 1 1
21 28 1 1
21 39 1 1
22 38 1 1
22 37 1 1
22 34 1 1
22 31 1 1
23 29 1 1
23 38 1 1
23 31 1 1
23 39 1 1
44 42 2 2
44 41 2 2
44 40 2 2
44 43 2 2
45 44 2 2
45 41 2 2
45 40 2 2
45 42 2 2
46 42 2 2
46 40 2 2
46 45 2 2
46 43 2 2
47 43 2 2
47 42 2 2
47 41 2 2
47 46 2 2
48 42 2 2
48 45 2 2
48 41 2 2
48 44 2 2
49 42 2 2
49 44 2 2
49 41 2 2
49 45 2 2
50 47 2 2
50 43 2 2
50 48 2 2
50 46 2 2
51 50 2 2
51 46 2 2
51 41 2 2
51 44 2 2
52 41 2 2
52 42 2 2
52 49 2 2
52 51 2 2
53 43 2 2
53 46 2 2
53 44 2 2
53 50 2 2
54 48 2 2
54 42 2 2
54 51 2 2
54 49 2 2
55 42 2 2
55 47 2 2
55 43 2 2
55 54 2 2
56 51 2 2
56 54 2 2
56 49 2 2
56 45 2 2
57 44 2 2
57 53 2 2
57 43 2 2
57 50 2 2
58 55 2 2
58 43 2 2
58 53 2 2
58 52 2 2
59 41 2 2
59 51 2 2
59 52 2 2
59 42 2 2
40 52 2 2
40 47 2 2
40 53 2 2
40 55 2 2
41 55 2 2
41 53 2 2
41 54 2 2
41 46 2 2
42 51 2 2
42 58 2 2
42 50 2 2
42 53 2 2
43 51 2 2
43 56 2 2
43 49 2 2
43 54 2 2
64 61 3 3
64 60 3 3
64 62 3 3
64 63 3 3
65 64 3 3
65 61 3 3
65 60 3 3
65 62 3 3
66 63 3 3
66 62 3 3
66 61 3 3
66 60 3 3
67 61 3 3
67 62 3 3
67 65 3 3
67 60 3 3
68 60 3 3
68 65 3 3
68 61 3 3
68 62 3 3
69 61 3 3
69 66 3 3
69 67 3 3
69 62 3 3
70 63 3 3
70 69 3 3
70 65 3 3
70 68 3 3
71 62 3 3
71 68 3 3
71 61 3 3
71 64 3 3
72 62 3 3
72 66 3 3
72 60 3 3
72 61 3 3
73 60 3 3
73 61 3 3
73 62 3 3
73 72 3 3
74 61 3 3
74 65 3 3
74 62 3 3
74 68 3 3
75 64 3 3
75 62 3 3
75 71 3 3
75 60 3 3
76 67 3 3
76 64 3 3
76 71 3 3
76 72 3 3
77 61 3 3
77 60 3 3
77 72 3 3
77 64 3 3
78 60 3 3
78 69 3 3
78 70 3 3
78 73 3 3
79 61 3 3
79 62 3 3
79 69 3 3
79 64 3 3
60 71 3 3
60 74 3 3
60 70 3 3
60 69 3 3
61 78 3 3
61 75 3 3
61 76 3 3
61 70 3 3
62 76 3 3
62 77 3 3
62 70 3 3
62 78 3 3
63 67 3 3
63 78 3 3
63 69 3 3
63 77 3 3
84 81 4 4
84 80 4 4
84 82 4 4
84 83 4 4
85 81 4 4
85 82 4 4
85 80 4 4
85 84 4 4
86 83 4 4
86 85 4 4
86 80 4 4
86 84 4 4
87 80 4 4
87 84 4 4
87 83 4 4
87 85 4 4
88 82 4 4
88 81 4 4
88 85 4 4
88 80 4 4
89 87 4 4
89 88 4 4
89 86 4 4
89 85 4 4
90 80 4 4
90 88 4 4
90 85 4 4
90 81 4 4
91 89 4 4
91 80 4 4
91 86 4 4
91 83 4 4
92 85 4 4
92 80 4 4
92 90 4 4
92 88 4 4
93 90 4 4
93 89 4 4
93 92 4 4
93 81 4 4
94 88 4 4
94 89 4 4
94 84 4 4
94 85 4 4
95 91 4 4
95 93 4 4
95 89 4 4
95 85 4 4
96 88 4 4
96 80 4 4
96 90 4 4
96 84 4 4
97 83 4 4
97 87 4 4
97 88 4 4
97 89 4 4
98 92 4 4
98 85 4 4
98 90 4 4
98 91 4 4
99 92 4 4
99 96 4 4
99 88 4 4
99 85 4 4
80 89 4 4
80 95 4 4
80 93 4 4
80 99 4 4
81 98 4 4
81 94 4 4
81 89 4 4
81 95 4 4
82 99 4 4
82 90 4 4
82 92 4 4
82 93 4 4
83 94 4 4
83 96 4 4
83 95 4 4
83 85 4 4
104 101 5 5
104 103 5 5
104 100 5 5
104 102 5 5
105 104 5 5
105 101 5 5
105 103 5 5
105 102 5 5
106 105 5 5
106 103 5 5
106 101 5 5
106 104 5 5
107 101 5 5
107 100 5 5
107 103 5 5
107 106 5 5
108 105 5 5
108 100 5 5
108 103 5 5
108 107 5 5
109 102 5 5
109 106 5 5
109 103 5 5
109 107 5 5
110 109 5 5
110 103 5 5
110 101 5 5
110 106 5 5
111 101 5 5
111 100 5 5
111 108 5 5
111 106 5 5
112 104 5 5
112 102 5 5
112 100 5 5
112 111 5 5
113 111 5 5
113 106 5 5
113 110 5 5
113 104 5 5
114 102 5 5
114 105 5 5
114 101 5 5
114 110 5 5
115 100 5 5
115 109 5 5
115 112 5 5
115 106 5 5
116 114 5 5
116 103 5 5
116 101 5 5
116 104 5 5
117 100 5 5
117 114 5 5
117 101 5 5
117 115 5 5
118 105 5 5
118 103 5 5
118 112 5 5
118 113 5 5
119 106 5 5
119 101 5 5
119 114 5 5
119 111 5 5
100 113 5 5
100 119 5 5
100 106 5 5
100 110 5 5
101 115 5 5
101 112 5 5
101 118 5 5
101 109 5 5
102 106 5 5
102 118 5 5
102 110 5 5
102 116 5 5
103 112 5 5
103 119 5 5
103 114 5 5
103 117 5 5
124 122 6 6
124 120 6 6
124 123 6 6
124 121 6 6
125 120 6 6
125 121 6 6
125 122 6 6
125 124 6 6
126 122 6 6
126 125 6 6
126 124 6 6
126 121 6 6
127 125 6 6
127 126 6 6
127 122 6 6
127 124 6 6
128 123 6 6
128 121 6 6
128 122 6 6
128 124 6 6
129 122 6 6
129 127 6 6
129 123 6 6
129 126 6 6
130 123 6 6
130 125 6 6
130 122 6 6
130 126 6 6
131 127 6 6
131 124 6 6
131 129 6 6
131 130 6 6
132 120 6 6
132 126 6 6
132 128 6 6
132 130 6 6
133 120 6 6
133 123 6 6
133 129 6 6
133 122 6 6
134 126 6 6
134 121 6 6
134 127 6 6
134 131 6 6
135 120 6 6
135 122 6 6
135 131 6 6
135 126 6 6
136 123 6 6
136 134 6 6
136 120 6 6
136 131 6 6
137 134 6 6
137 129 6 6
137 132 6 6
137 136 6 6
138 128 6 6
138 136 6 6
138 134 6 6
138 133 6 6
139 130 6 6
139 134 6 6
139 129 6 6
139 131 6 6
120 127 6 6
120 130 6 6
120 126 6 6
120 128 6 6
121 138 6 6
121 130 6 6
121 127 6 6
121 132 6 6
122 137 6 6
122 131 6 6
122 134 6 6
122 132 6 6
123 132 6 6
123 138 6 6
123 135 6 6
123 126 6 6
144 143 7 7
144 140 7 7
144 142 7 7
144 141 7 7
145 143 7 7
145 144 7 7
145 142 7 7
145 140 7 7
146 142 7 7
146 143 7 7
146 140 7 7
146 141 7 7
147 145 7 7
147 143 7 7
147 141 7 7
147 146 7 7
148 144 7 7
148 141 7 7
148 147 7 7
148 142 7 7
149 148 7 7
149 143 7 7
149 144 7 7
149 145 7 7
150 143 7 7
150 145 7 7
150 146 7 7
150 141 7 7
151 147 7 7
151 148 7 7
151 145 7 7
151 140 7 7
152 140 7 7
152 145 7 7
152 151 7 7
152 147 7 7
153 143 7 7
153 145 7 7
153 149 7 7
153 146 7 7
154 147 7 7
154 150 7 7
154 144 7 7
154 141 7 7
155 147 7 7
155 140 7 7
155 142 7 7
155 153 7 7
156 149 7 7
156 151 7 7
156 155 7 7
156 152 7 7
157 147 7 7
157 143 7 7
157 146 7 7
157 142 7 7
158 157 7 7
158 141 7 7
158 147 7 7
158 150 7 7
159 157 7 7
159 154 7 7
159 155 7 7
159 150 7 7
140 153 7 7
140 156 7 7
140 150 7 7
140 154 7 7
141 157 7 7
141 159 7 7
141 156 7 7
141 153 7 7
142 150 7 7
142 147 7 7
142 154 7 7
142 153 7 7
143 156 7 7
143 154 7 7
143 151 7 7
143 158 7 7
164 163 8 8
164 162 8 8
164 160 8 8
164 161 8 8
165 164 8 8
165 162 8 8
165 161 8 8
165 163 8 8
166 164 8 8
166 165 8 8
166 162 8 8
166 160 8 8
167 160 8 8
167 161 8 8
167 163 8 8
167 164 8 8
168 161 8 8
168 163 8 8
168 167 8 8
168 164 8 8
169 162 8 8
169 166 8 8
169 164 8 8
169 165 8 8
170 166 8 8
170 161 8 8
170 169 8 8
170 164 8 8
171 162 8 8
171 167 8 8
171 170 8 8
171 168 8 8
172 161 8 8
172 160 8 8
172 168 8 8
172 167 8 8
173 164 8 8
173 160 8 8
173 162 8 8
173 166 8 8
174 169 8 8
174 166 8 8
174 170 8 8
174 168 8 8
175 172 8 8
175 162 8 8
175 163 8 8
175 164 8 8
176 170 8 8
176 172 8 8
176 166 8 8
176 168 8 8
177 170 8 8
177 167 8 8
177 160 8 8
177 173 8 8
178 165 8 8
178 176 8 8
178 172 8 8
178 175 8 8
179 165 8 8
179 164 8 8
179 173 8 8
179 166 8 8
160 176 8 8
160 179 8 8
160 168 8 8
160 169 8 8
161 173 8 8
161 174 8 8
161 176 8 8
161 175 8 8
162 179 8 8
162 174 8 8
162 167 8 8
162 172 8 8
163 179 8 8
163 169 8 8
163 174 8 8
163 172 8 8
184 181 9 9
184 180 9 9
184 182 9 9
184 183 9 9
185 184 9 9
185 182 9 9
185 183 9 9
185 181 9 9
186 180 9 9
186 182 9 9
186 185 9 9
186 183 9 9
187 180 9 9
187 183 9 9
187 182 9 9
187 186 9 9
188 181 9 9
188 187 9 9
188 180 9 9
188 182 9 9
189 188 9 9
189 181 9 9
189 185 9 9
189 180 9 9
190 189 9 9
190 181 9 9
190 184 9 9
190 185 9 9
191 190 9 9
191 186 9 9
191 189 9 9
191 187 9 9
192 183 9 9
192 184 9 9
192 190 9 9
192 186 9 9
193 191 9 9
193 187 9 9
193 188 9 9
193 183 9 9
194 189 9 9
194 190 9 9
194 180 9 9
194 192 9 9
195 189 9 9
195 188 9 9
195 183 9 9
195 191 9 9
196 192 9 9
196 180 9 9
196 194 9 9
196 191 9 9
197 190 9 9
197 184 9 9
197 180 9 9
197 192 9 9
198 183 9 9
198 196 9 9
198 197 9 9
198 185 9 9
199 194 9 9
199 187 9 9
199 185 9 9
199 198 9 9
180 193 9 9
180 195 9 9
180 190 9 9
180 198 9 9
181 193 9 9
181 199 9 9
181 197 9 9
181 192 9 9
182 195 9 9
182 196 9 9
182 199 9 9
182 193 9 9
183 194 9 9
183 199 9 9
183 188 9 9
183 191 9 9
204 201 10 10
204 202 10 10
204 203 10 10
204 200 10 10
205 203 10 10
205 201 10 10
205 202 10 10
205 204 10 10
206 200 10 10
206 204 10 10
206 202 10 10
206 201 10 10
207 205 10 10
207 200 10 10
207 204 10 10
207 203 10 10
208 203 10 10
208 205 10 10
208 200 10 10
208 206 10 10
209 201 10 10
209 206 10 10
209 200 10 10
209 203 10 10
210 208 10 10
210 205 10 10
210 209 10 10
210 207 10 10
211 204 10 10
211 206 10 10
211 208 10 10
211 202 10 10
212 204 10 10
212 208 10 10
212 209 10 10
212 206 10 10
213 200 10 10
213 203 10 10
213 212 10 10
213 209 10 10
214 202 10 10
214 206 10 10
214 207 10 10
214 201 10 10
215 213 10 10
215 210 10 10
215 208 10 10
215 214 10 10
216 214 10 10
216 206 10 10
216 203 10 10
216 213 10 10
217 215 10 10
217 213 10 10
217 216 10 10
217 212 10 10
218 217 10 10
218 213 10 10
218 204 10 10
218 215 10 10
219 200 10 10
219 213 10 10
219 218 10 10
219 201 10 10
200 211 10 10
200 212 10 10
200 218 10 10
200 214 10 10
201 216 10 10
201 207 10 10
201 215 10 10
201 210 10 10
202 212 10 10
202 219 10 10
202 209 10 10
202 216 10 10
203 206 10 10
203 219 10 10
203 218 10 10
203 211 10 10
224 220 11 11
224 223 11 11
224 222 11 11
224 221 11 11
225 223 11 11
225 224 11 11
225 221 11 11
225 220 11 11
226 225 11 11
226 220 11 11
226 223 11 11
226 224 11 11
227 223 11 11
227 220 11 11
227 222 11 11
227 226 11 11
228 220 11 11
228 222 11 11
228 221 11 11
228 223 11 11
229 227 11 11
229 223 11 11
229 221 11 11
229 220 11 11
230 228 11 11
230 224 11 11
230 227 11 11
230 220 11 11
231 226 11 11
231 222 11 11
231 230 11 11
231 228 11 11
232 222 11 11
232 229 11 11
232 221 11 11
232 223 11 11
233 230 11 11
233 223 11 11
233 232 11 11
233 226 11 11
234 230 11 11
234 226 11 11
234 220 11 11
234 227 11 11
235 231 11 11
235 224 11 11
235 233 11 11
235 227 11 11
236 234 11 11
236 228 11 11
236 221 11 11
236 227 11 11
237 230 11 11
237 235 11 11
237 228 11 11
237 229 11 11
238 227 11 11
238 229 11 11
238 226 11 11
238 234 11 11
239 230 11 11
239 234 11 11
239 237 11 11
239 228 11 11
220 239 11 11
220 236 11 11
220 237 11 11
220 235 11 11
221 227 11 11
221 234 11 11
221 235 11 11
221 230 11 11
222 233 11 11
222 238 11 11
222 239 11 11
222 226 11 11
223 235 11 11
223 238 11 11
223 239 11 11
223 234 11 11
244 242 12 12
244 240 12 12
244 241 12 12
244 243 12 12
245 244 12 12
245 242 12 12
245 241 12 12
245 243 12 12
246 243 12 12
246 242 12 12
246 240 12 12
246 244 12 12
247 246 12 12
247 240 12 12
247 243 12 12
247 244 12 12
248 244 12 12
248 242 12 12
248 243 12 12
248 241 12 12
249 246 12 12
249 243 12 12
249 240 12 12
249 247 12 12
250 243 12 12
250 246 12 12
250 241 12 12
250 248 12 12
251 245 12 12
251 248 12 12
251 249 12 12
251 240 12 12
252 244 12 12
252 247 12 12
252 243 12 12
252 240 12 12
253 245 12 12
253 248 12 12
253 242 12 12
253 241 12 12
254 241 12 12
254 240 12 12
254 247 12 12
254 245 12 12
255 243 12 12
255 250 12 12
255 247 12 12
255 249 12 12
256 247 12 12
256 244 12 12
256 242 12 12
256 245 12 12
257 248 12 12
257 254 12 12
257 250 12 12
257 256 12 12
258 250 12 12
258 255 12 12
258 256 12 12
258 254 12 12
259 243 12 12
259 250 12 12
259 255 12 12
259 248 12 12
240 253 12 12
240 259 12 12
240 250 12 12
240 258 12 12
241 259 12 12
241 257 12 12
241 252 12 12
241 249 12 12
242 259 12 12
242 250 12 12
242 247 12 12
242 258 12 12
243 253 12 12
243 256 12 12
243 258 12 12
243 251 12 12
264 262 13 13
264 260 13 13
264 263 13 13
264 261 13 13
265 260 13 13
265 263 13 13
265 264 13 13
265 261 13 13
266 262 13 13
266 263 13 13
266 260 13 13
266 265 13 13
267 264 13 13
267 265 13 13
267 260 13 13
267 263 13 13
268 267 13 13
268 263 13 13
268 262 13 13
268 264 13 13
269 264 13 13
269 263 13 13
269 267 13 13
269 265 13 13
270 262 13 13
270 269 13 13
270 260 13 13
270 265 13 13
271 263 13 13
271 269 13 13
271 260 13 13
271 265 13 13
272 266 13 13
272 271 13 13
272 267 13 13
272 262 13 13
273 271 13 13
273 269 13 13
273 265 13 13
273 263 13 13
274 270 13 13
274 271 13 13
274 268 13 13
274 265 13 13
275 274 13 13
275 273 13 13
275 261 13 13
275 269 13 13
276 262 13 13
276 264 13 13
276 265 13 13
276 272 13 13
277 268 13 13
277 260 13 13
277 262 13 13
277 263 13 13
278 271 13 13
278 267 13 13
278 274 13 13
278 272 13 13
279 261 13 13
279 265 13 13
279 267 13 13
279 272 13 13
260 276 13 13
260 269 13 13
260 278 13 13
260 279 13 13
261 268 13 13
261 273 13 13
261 272 13 13
261 274 13 13
262 279 13 13
262 265 13 13
262 267 13 13
262 271 13 13
263 278 13 13
263 275 13 13
263 270 13 13
263 274 13 13
284 281 14 14
284 280 14 14
284 282 14 14
284 283 14 14
285 281 14 14
285 280 14 14
285 284 14 14
285 283 14 14
286 280 14 14
286 282 14 14
286 281 14 14
286 283 14 14
287 283 14 14
287 280 14 14
287 284 14 14
287 285 14 14
288 282 14 14
288 281 14 14
288 285 14 14
288 280 14 14
289 280 14 14
289 283 14 14
289 285 14 14
289 284 14 14
290 280 14 14
290 289 14 14
290 281 14 14
290 287 14 14
291 285 14 14
291 280 14 14
291 287 14 14
291 284 14 14
292 288 14 14
292 282 14 14
292 286 14 14
292 284 14 14
293 290 14 14
293 280 14 14
293 291 14 14
293 282 14 14
294 282 14 14
294 286 14 14
294 289 14 14
294 288 14 14
295 292 14 14
295 282 14 14
295 283 14 14
295 290 14 14
296 291 14 14
296 281 14 14
296 289 14 14
296 280 14 14
297 284 14 14
297 293 14 14
297 281 14 14
297 290 14 14
298 295 14 14
298 284 14 14
298 288 14 14
298 286 14 14
299 287 14 14
299 289 14 14
299 297 14 14
299 296 14 14
280 292 14 14
280 295 14 14
280 299 14 14
280 297 14 14
281 287 14 14
281 295 14 14
281 289 14 14
281 298 14 14
282 296 14 14
282 299 14 14
282 285 14 14
282 298 14 14
283 293 14 14
283 296 14 14
283 297 14 14
283 291 14 14
304 300 15 15
304 302 15 15
304 303 15 15
304 301 15 15
305 304 15 15
305 303 15 15
305 300 15 15
305 302 15 15
306 304 15 15
306 302 15 15
306 303 15 15
306 305 15 15
307 304 15 15
307 300 15 15
307 301 15 15
307 303 15 15
308 305 15 15
308 306 15 15
308 304 15 15
308 302 15 15
309 304 15 15
309 308 15 15
309 303 15 15
309 305 15 15
310 308 15 15
310 306 15 15
310 300 15 15
310 302 15 15
311 303 15 15
311 302 15 15
311 306 15 15
311 310 15 15
312 311 15 15
312 303 15 15
312 308 15 15
312 307 15 15
313 310 15 15
313 312 15 15
313 311 15 15
313 301 15 15
314 312 15 15
314 307 15 15
314 300 15 15
314 311 15 15
315 303 15 15
315 311 15 15
315 310 15 15
315 307 15 15
316 304 15 15
316 312 15 15
316 314 15 15
316 313 15 15
317 308 15 15
317 311 15 15
317 304 15 15
317 302 15 15
318 313 15 15
318 310 15 15
318 301 15 15
318 303 15 15
319 313 15 15
319 302 15 15
319 311 15 15
319 305 15 15
300 313 15 15
300 311 15 15
300 317 15 15
300 319 15 15
301 305 15 15
301 310 15 15
301 312 15 15
301 315 15 15
302 314 15 15
302 318 15 15
302 313 15 15
302 315 15 15
303 316 15 15
303 310 15 15
303 313 15 15
303 308 15 15
85 34 4 1
93 57 4 2
85 69 4 3
92 8 4 0
115 11 5 0
101 78 5 3
101 24 5 1
115 86 5 4
132 41 6 2
138 24 6 1
120 117 6 5
138 97 6 4
143 98 7 4
152 45 7 2
143 60 7 3
149 25 7 1
171 133 8 6
177 5 8 0
170 115 8 5
161 61 8 3
192 62 9 3
193 113 9 5
192 155 9 7
195 89 9 4
206 83 10 4
204 167 10 8
215 113 10 5
211 71 10 3
237 193 11 9
225 14 11 0
226 110 11 5
236 157 11 7
241 14 12 0
242 68 12 3
249 224 12 11
257 175 12 8
264 212 13 10
277 168 13 8
262 13 13 0
269 109 13 5
282 164 14 8
280 74 14 3
283 236 14 11
285 261 14 13
313 123 15 6
304 293 15 14
319 80 15 4
303 189 15 9
11 188 0 9
19 296 0 14
13 214 0 10
10 145 0 7
34 175 1 8
39 221 1 11
30 302 1 15
26 190 1 9
45 300 2 15
42 114 2 5
40 297 2 14
41 266 2 13
68 228 3 11
73 319 3 15
75 127 3 6
78 265 3 13
