swNum = 320
edgeNum = 1344

0 0
1 0
2 0
3 0
4 0
5 0
6 0
7 0
8 0
9 0
10 0
11 0
12 0
13 0
14 0
15 0
16 0
17 0
18 0
19 0
20 1
21 1
22 1
23 1
24 1
25 1
26 1
27 1
28 1
29 1
30 1
31 1
32 1
33 1
34 1
35 1
36 1
37 1
38 1
39 1
40 2
41 2
42 2
43 2
44 2
45 2
46 2
47 2
48 2
49 2
50 2
51 2
52 2
53 2
54 2
55 2
56 2
57 2
58 2
59 2
60 3
61 3
62 3
63 3
64 3
65 3
66 3
67 3
68 3
69 3
70 3
71 3
72 3
73 3
74 3
75 3
76 3
77 3
78 3
79 3
80 4
81 4
82 4
83 4
84 4
85 4
86 4
87 4
88 4
89 4
90 4
91 4
92 4
93 4
94 4
95 4
96 4
97 4
98 4
99 4
100 5
101 5
102 5
103 5
104 5
105 5
106 5
107 5
108 5
109 5
110 5
111 5
112 5
113 5
114 5
115 5
116 5
117 5
118 5
119 5
120 6
121 6
122 6
123 6
124 6
125 6
126 6
127 6
128 6
129 6
130 6
131 6
132 6
133 6
134 6
135 6
136 6
137 6
138 6
139 6
140 7
141 7
142 7
143 7
144 7
145 7
146 7
147 7
148 7
149 7
150 7
151 7
152 7
153 7
154 7
155 7
156 7
157 7
158 7
159 7
160 8
161 8
162 8
163 8
164 8
165 8
166 8
167 8
168 8
169 8
170 8
171 8
172 8
173 8
174 8
175 8
176 8
177 8
178 8
179 8
180 9
181 9
182 9
183 9
184 9
185 9
186 9
187 9
188 9
189 9
190 9
191 9
192 9
193 9
194 9
195 9
196 9
197 9
198 9
199 9
200 10
201 10
202 10
203 10
204 10
205 10
206 10
207 10
208 10
209 10
210 10
211 10
212 10
213 10
214 10
215 10
216 10
217 10
218 10
219 10
220 11
221 11
222 11
223 11
224 11
225 11
226 11
227 11
228 11
229 11
230 11
231 11
232 11
233 11
234 11
235 11
236 11
237 11
238 11
239 11
240 12
241 12
242 12
243 12
244 12
245 12
246 12
247 12
248 12
249 12
250 12
251 12
252 12
253 12
254 12
255 12
256 12
257 12
258 12
259 12
260 13
261 13
262 13
263 13
264 13
265 13
266 13
267 13
268 13
269 13
270 13
271 13
272 13
273 13
274 13
275 13
276 13
277 13
278 13
279 13
280 14
281 14
282 14
283 14
284 14
285 14
286 14
287 14
288 14
289 14
290 14
291 14
292 14
293 14
294 14
295 14
296 14
297 14
298 14
299 14
300 15
301 15
302 15
303 15
304 15
305 15
306 15
307 15
308 15
309 15
310 15
311 15
312 15
313 15
314 15
315 15
316 15
317 15
318 15
319 15

4 0 0 0
4 2 0 0
4 1 0 0
4 3 0 0
5 3 0 0
5 0 0 0
5 2 0 0
5 4 0 0
6 3 0 0
6 0 0 0
6 2 0 0
6 1 0 0
7 2 0 0
7 6 0 0
7 4 0 0
7 3 0 0
8 0 0 0
8 1 0 0
8 7 0 0
8 6 0 0
9 7 0 0
9 0 0 0
9 1 0 0
9 2 0 0
10 0 0 0
10 7 0 0
10 2 0 0
10 9 0 0
11 1 0 0
11 10 0 0
11 3 0 0
11 7 0 0
12 9 0 0
12 8 0 0
12 6 0 0
12 3 0 0
13 1 0 0
13 4 0 0
13 8 0 0
13 9 0 0
14 5 0 0
14 10 0 0
14 0 0 0
14 11 0 0
15 12 0 0
15 10 0 0
15 11 0 0
15 0 0 0
16 15 0 0
16 3 0 0
16 5 0 0
16 10 0 0
17 16 0 0
17 8 0 0
17 9 0 0
17 11 0 0
18 4 0 0
18 11 0 0
18 15 0 0
18 6 0 0
19 9 0 0
19 6 0 0
19 5 0 0
19 2 0 0
0 16 0 0
0 12 0 0
0 7 0 0
0 13 0 0
1 14 0 0
1 10 0 0
1 17 0 0
1 15 0 0
2 18 0 0
2 13 0 0
2 8 0 0
2 17 0 0
3 8 0 0
3 9 0 0
3 10 0 0
3 14 0 0
24 22 1 1
24 23 1 1
24 20 1 1
24 21 1 1
25 23 1 1
25 21 1 1
25 20 1 1
25 22 1 1
26 25 1 1
26 22 1 1
26 21 1 1
26 24 1 1
27 26 1 1
27 24 1 1
27 22 1 1
27 25 1 1
28 24 1 1
28 23 1 1
28 27 1 1
28 21 1 1
29 21 1 1
29 23 1 1
29 20 1 1
29 25 1 1
30 24 1 1
30 22 1 1
30 20 1 1
30 26 1 1
31 26 1 1
31 22 1 1
31 27 1 1
31 21 1 1
32 31 1 1
32 25 1 1
32 21 1 1
32 22 1 1
33 31 1 1
33 32 1 1
33 26 1 1
33 27 1 1
34 29 1 1
34 24 1 1
34 27 1 1
34 30 1 1
35 21 1 1
35 34 1 1
35 31 1 1
35 20 1 1
36 26 1 1
36 29 1 1
36 35 1 1
36 32 1 1
37 22 1 1
37 24 1 1
37 23 1 1
37 30 1 1
38 37 1 1
38 21 1 1
38 30 1 1
38 20 1 1
39 24 1 1
39 22 1 1
39 28 1 1
39 37 1 1
20 32 1 1
20 39 1 1
20 37 1 1
20 36 1 1
21 33 1 1
21 37 1 1
21 34 1 1
21 36 1 1
22 33 1 1
22 29 1 1
22 38 1 1
22 34 1 1
23 32 1 1
23 38 1 1
23 26 1 1
23 34 1 1
44 43 2 2
44 41 2 2
44 40 2 2
44 42 2 2
45 43 2 2
45 40 2 2
45 42 2 2
45 44 2 2
46 44 2 2
46 43 2 2
46 42 2 2
46 45 2 2
47 43 2 2
47 44 2 2
47 46 2 2
47 41 2 2
48 42 2 2
48 45 2 2
48 41 2 2
48 43 2 2
49 42 2 2
49 41 2 2
49 47 2 2
49 48 2 2
50 41 2 2
50 49 2 2
50 43 2 2
50 48 2 2
51 47 2 2
51 49 2 2
51 44 2 2
51 46 2 2
52 49 2 2
52 50 2 2
52 48 2 2
52 45 2 2
53 46 2 2
53 51 2 2
53 49 2 2
53 44 2 2
54 41 2 2
54 51 2 2
54 45 2 2
54 47 2 2
55 50 2 2
55 52 2 2
55 40 2 2
55 41 2 2
56 47 2 2
56 52 2 2
56 54 2 2
56 51 2 2
57 52 2 2
57 43 2 2
57 56 2 2
57 45 2 2
58 49 2 2
58 56 2 2
58 57 2 2
58 42 2 2
59 54 2 2
59 50 2 2
59 51 2 2
59 45 2 2
40 51 2 2
40 50 2 2
40 48 2 2
40 52 2 2
41 59 2 2
41 52 2 2
41 56 2 2
41 57 2 2
42 52 2 2
42 50 2 2
42 56 2 2
42 53 2 2
43 56 2 2
43 52 2 2
43 53 2 2
43 54 2 2
64 61 3 3
64 60 3 3
64 62 3 3
64 63 3 3
65 62 3 3
65 64 3 3
65 60 3 3
65 61 3 3
66 62 3 3
66 64 3 3
66 65 3 3
66 60 3 3
67 61 3 3
67 66 3 3
67 62 3 3
67 65 3 3
68 67 3 3
68 64 3 3
68 61 3 3
68 60 3 3
69 64 3 3
69 63 3 3
69 68 3 3
69 62 3 3
70 64 3 3
70 60 3 3
70 69 3 3
70 62 3 3
71 62 3 3
71 61 3 3
71 64 3 3
71 65 3 3
72 63 3 3
72 68 3 3
72 69 3 3
72 71 3 3
73 70 3 3
73 69 3 3
73 61 3 3
73 60 3 3
74 61 3 3
74 60 3 3
74 71 3 3
74 66 3 3
75 70 3 3
75 61 3 3
75 60 3 3
75 73 3 3
76 71 3 3
76 74 3 3
76 63 3 3
76 65 3 3
77 68 3 3
77 74 3 3
77 64 3 3
77 66 3 3
78 61 3 3
78 75 3 3
78 67 3 3
78 63 3 3
79 65 3 3
79 74 3 3
79 76 3 3
79 64 3 3
60 77 3 3
60 67 3 3
60 78 3 3
60 76 3 3
61 72 3 3
61 77 3 3
61 66 3 3
61 70 3 3
62 73 3 3
62 74 3 3
62 75 3 3
62 76 3 3
63 79 3 3
63 65 3 3
63 77 3 3
63 73 3 3
84 80 4 4
84 83 4 4
84 82 4 4
84 81 4 4
85 84 4 4
85 80 4 4
85 81 4 4
85 83 4 4
86 81 4 4
86 83 4 4
86 84 4 4
86 85 4 4
87 83 4 4
87 85 4 4
87 80 4 4
87 84 4 4
88 83 4 4
88 86 4 4
88 85 4 4
88 84 4 4
89 83 4 4
89 86 4 4
89 81 4 4
89 84 4 4
90 88 4 4
90 81 4 4
90 84 4 4
90 85 4 4
91 84 4 4
91 82 4 4
91 80 4 4
91 88 4 4
92 85 4 4
92 81 4 4
92 91 4 4
92 87 4 4
93 85 4 4
93 87 4 4
93 81 4 4
93 90 4 4
94 91 4 4
94 90 4 4
94 84 4 4
94 85 4 4
95 80 4 4
95 85 4 4
95 88 4 4
95 92 4 4
96 92 4 4
96 84 4 4
96 88 4 4
96 85 4 4
97 87 4 4
97 81 4 4
97 86 4 4
97 93 4 4
98 87 4 4
98 80 4 4
98 92 4 4
98 81 4 4
99 81 4 4
99 83 4 4
99 98 4 4
99 97 4 4
80 89 4 4
80 88 4 4
80 94 4 4
80 90 4 4
81 87 4 4
81 96 4 4
81 95 4 4
81 88 4 4
82 95 4 4
82 86 4 4
82 96 4 4
82 93 4 4
83 90 4 4
83 94 4 4
83 97 4 4
83 96 4 4
104 101 5 5
104 102 5 5
104 100 5 5
104 103 5 5
105 102 5 5
105 103 5 5
105 101 5 5
105 104 5 5
106 104 5 5
106 100 5 5
106 101 5 5
106 103 5 5
107 104 5 5
107 106 5 5
107 100 5 5
107 105 5 5
108 103 5 5
108 106 5 5
108 105 5 5
108 102 5 5
109 102 5 5
109 100 5 5
109 107 5 5
109 104 5 5
110 102 5 5
110 109 5 5
110 108 5 5
110 103 5 5
111 107 5 5
111 103 5 5
111 101 5 5
111 105 5 5
112 104 5 5
112 107 5 5
112 100 5 5
112 101 5 5
113 106 5 5
113 105 5 5
113 112 5 5
113 100 5 5
114 101 5 5
114 113 5 5
114 106 5 5
114 100 5 5
115 102 5 5
115 110 5 5
115 112 5 5
115 105 5 5
116 105 5 5
116 114 5 5
116 108 5 5
116 100 5 5
117 102 5 5
117 106 5 5
117 103 5 5
117 110 5 5
118 108 5 5
118 103 5 5
118 101 5 5
118 110 5 5
119 101 5 5
119 104 5 5
119 105 5 5
119 112 5 5
100 105 5 5
100 119 5 5
100 117 5 5
100 115 5 5
101 110 5 5
101 107 5 5
101 116 5 5
101 113 5 5
102 111 5 5
102 113 5 5
102 106 5 5
102 118 5 5
103 113 5 5
103 112 5 5
103 115 5 5
103 107 5 5
124 121 6 6
124 123 6 6
124 120 6 6
124 122 6 6
125 122 6 6
125 121 6 6
125 120 6 6
125 123 6 6
126 123 6 6
126 120 6 6
126 125 6 6
126 121 6 6
127 125 6 6
127 120 6 6
127 123 6 6
127 124 6 6
128 124 6 6
128 123 6 6
128 127 6 6
128 125 6 6
129 128 6 6
129 120 6 6
129 121 6 6
129 125 6 6
130 127 6 6
130 122 6 6
130 129 6 6
130 125 6 6
131 120 6 6
131 125 6 6
131 121 6 6
131 127 6 6
132 121 6 6
132 126 6 6
132 128 6 6
132 130 6 6
133 127 6 6
133 128 6 6
133 131 6 6
133 123 6 6
134 133 6 6
134 126 6 6
134 125 6 6
134 132 6 6
135 132 6 6
135 120 6 6
135 131 6 6
135 125 6 6
136 133 6 6
136 127 6 6
136 132 6 6
136 131 6 6
137 133 6 6
137 132 6 6
137 122 6 6
137 120 6 6
138 126 6 6
138 122 6 6
138 132 6 6
138 131 6 6
139 127 6 6
139 135 6 6
139 133 6 6
139 130 6 6
120 133 6 6
120 139 6 6
120 136 6 6
120 138 6 6
121 128 6 6
121 133 6 6
121 135 6 6
121 130 6 6
122 132 6 6
122 133 6 6
122 126 6 6
122 128 6 6
123 137 6 6
123 132 6 6
123 135 6 6
123 131 6 6
144 141 7 7
144 143 7 7
144 140 7 7
144 142 7 7
145 141 7 7
145 144 7 7
145 142 7 7
145 143 7 7
146 140 7 7
146 145 7 7
146 142 7 7
146 144 7 7
147 146 7 7
147 141 7 7
147 144 7 7
147 140 7 7
148 145 7 7
148 140 7 7
148 147 7 7
148 142 7 7
149 140 7 7
149 141 7 7
149 144 7 7
149 147 7 7
150 148 7 7
150 144 7 7
150 146 7 7
150 140 7 7
151 148 7 7
151 149 7 7
151 141 7 7
151 143 7 7
152 150 7 7
152 148 7 7
152 146 7 7
152 144 7 7
153 145 7 7
153 141 7 7
153 151 7 7
153 148 7 7
154 148 7 7
154 150 7 7
154 153 7 7
154 141 7 7
155 150 7 7
155 141 7 7
155 140 7 7
155 143 7 7
156 144 7 7
156 147 7 7
156 148 7 7
156 152 7 7
157 144 7 7
157 141 7 7
157 152 7 7
157 151 7 7
158 155 7 7
158 149 7 7
158 147 7 7
158 156 7 7
159 154 7 7
159 152 7 7
159 143 7 7
159 155 7 7
140 158 7 7
140 145 7 7
140 156 7 7
140 154 7 7
141 146 7 7
141 158 7 7
141 150 7 7
141 156 7 7
142 151 7 7
142 155 7 7
142 153 7 7
142 149 7 7
143 153 7 7
143 157 7 7
143 147 7 7
143 156 7 7
164 161 8 8
164 160 8 8
164 163 8 8
164 162 8 8
165 162 8 8
165 164 8 8
165 161 8 8
165 163 8 8
166 162 8 8
166 165 8 8
166 163 8 8
166 161 8 8
167 166 8 8
167 162 8 8
167 164 8 8
167 161 8 8
168 164 8 8
168 167 8 8
168 165 8 8
168 166 8 8
169 168 8 8
169 167 8 8
169 160 8 8
169 164 8 8
170 167 8 8
170 162 8 8
170 166 8 8
170 161 8 8
171 164 8 8
171 162 8 8
171 170 8 8
171 168 8 8
172 171 8 8
172 162 8 8
172 168 8 8
172 166 8 8
173 170 8 8
173 171 8 8
173 167 8 8
173 165 8 8
174 171 8 8
174 163 8 8
174 168 8 8
174 167 8 8
175 164 8 8
175 167 8 8
175 170 8 8
175 166 8 8
176 172 8 8
176 175 8 8
176 168 8 8
176 170 8 8
177 163 8 8
177 168 8 8
177 169 8 8
177 162 8 8
178 175 8 8
178 161 8 8
178 174 8 8
178 167 8 8
179 169 8 8
179 163 8 8
179 167 8 8
179 174 8 8
160 173 8 8
160 172 8 8
160 167 8 8
160 178 8 8
161 169 8 8
161 168 8 8
161 176 8 8
161 174 8 8
162 178 8 8
162 175 8 8
162 173 8 8
162 169 8 8
163 178 8 8
163 173 8 8
163 168 8 8
163 170 8 8
184 183 9 9
184 182 9 9
184 181 9 9
184 180 9 9
185 184 9 9
185 183 9 9
185 181 9 9
185 182 9 9
186 184 9 9
186 183 9 9
186 185 9 9
186 182 9 9
187 185 9 9
187 181 9 9
187 184 9 9
187 182 9 9
188 182 9 9
188 186 9 9
188 180 9 9
188 187 9 9
189 187 9 9
189 180 9 9
189 182 9 9
189 183 9 9
190 182 9 9
190 186 9 9
190 187 9 9
190 188 9 9
191 181 9 9
191 183 9 9
191 188 9 9
191 180 9 9
192 184 9 9
192 182 9 9
192 186 9 9
192 190 9 9
193 191 9 9
193 180 9 9
193 182 9 9
193 185 9 9
194 186 9 9
194 182 9 9
194 190 9 9
194 192 9 9
195 187 9 9
195 192 9 9
195 184 9 9
195 182 9 9
196 181 9 9
196 191 9 9
196 194 9 9
196 184 9 9
197 185 9 9
197 184 9 9
197 183 9 9
197 186 9 9
198 184 9 9
198 191 9 9
198 183 9 9
198 186 9 9
199 187 9 9
199 193 9 9
199 180 9 9
199 186 9 9
180 192 9 9
180 185 9 9
180 186 9 9
180 196 9 9
181 198 9 9
181 197 9 9
181 188 9 9
181 186 9 9
182 197 9 9
182 191 9 9
182 198 9 9
182 199 9 9
183 193 9 9
183 194 9 9
183 190 9 9
183 195 9 9
204 203 10 10
204 201 10 10
204 202 10 10
204 200 10 10
205 202 10 10
205 204 10 10
205 201 10 10
205 203 10 10
206 201 10 10
206 205 10 10
206 204 10 10
206 200 10 10
207 200 10 10
207 204 10 10
207 205 10 10
207 206 10 10
208 201 10 10
208 200 10 10
208 204 10 10
208 206 10 10
209 206 10 10
209 202 10 10
209 200 10 10
209 208 10 10
210 204 10 10
210 206 10 10
210 203 10 10
210 202 10 10
211 206 10 10
211 202 10 10
211 210 10 10
211 203 10 10
212 207 10 10
212 208 10 10
212 201 10 10
212 200 10 10
213 204 10 10
213 212 10 10
213 202 10 10
213 208 10 10
214 213 10 10
214 205 10 10
214 206 10 10
214 200 10 10
215 211 10 10
215 200 10 10
215 202 10 10
215 209 10 10
216 208 10 10
216 205 10 10
216 211 10 10
216 213 10 10
217 215 10 10
217 216 10 10
217 206 10 10
217 214 10 10
218 200 10 10
218 207 10 10
218 202 10 10
218 210 10 10
219 218 10 10
219 207 10 10
219 212 10 10
219 201 10 10
200 219 10 10
200 213 10 10
200 217 10 10
200 205 10 10
201 215 10 10
201 218 10 10
201 216 10 10
201 214 10 10
202 219 10 10
202 217 10 10
202 214 10 10
202 207 10 10
203 214 10 10
203 215 10 10
203 219 10 10
203 217 10 10
224 222 11 11
224 221 11 11
224 220 11 11
224 223 11 11
225 223 11 11
225 221 11 11
225 220 11 11
225 222 11 11
226 220 11 11
226 225 11 11
226 221 11 11
226 224 11 11
227 221 11 11
227 225 11 11
227 222 11 11
227 226 11 11
228 220 11 11
228 225 11 11
228 223 11 11
228 222 11 11
229 222 11 11
229 220 11 11
229 224 11 11
229 228 11 11
230 221 11 11
230 225 11 11
230 228 11 11
230 224 11 11
231 226 11 11
231 230 11 11
231 225 11 11
231 221 11 11
232 227 11 11
232 222 11 11
232 228 11 11
232 229 11 11
233 220 11 11
233 225 11 11
233 227 11 11
233 223 11 11
234 221 11 11
234 223 11 11
234 224 11 11
234 232 11 11
235 227 11 11
235 220 11 11
235 223 11 11
235 222 11 11
236 220 11 11
236 227 11 11
236 222 11 11
236 232 11 11
237 234 11 11
237 233 11 11
237 228 11 11
237 236 11 11
238 222 11 11
238 220 11 11
238 235 11 11
238 236 11 11
239 229 11 11
239 237 11 11
239 230 11 11
239 238 11 11
220 232 11 11
220 237 11 11
220 227 11 11
220 231 11 11
221 228 11 11
221 235 11 11
221 233 11 11
221 238 11 11
222 233 11 11
222 234 11 11
222 231 11 11
222 237 11 11
223 229 11 11
223 238 11 11
223 231 11 11
223 226 11 11
244 241 12 12
244 243 12 12
244 242 12 12
244 240 12 12
245 241 12 12
245 244 12 12
245 240 12 12
245 242 12 12
246 244 12 12
246 241 12 12
246 245 12 12
246 240 12 12
247 243 12 12
247 241 12 12
247 242 12 12
247 240 12 12
248 242 12 12
248 240 12 12
248 245 12 12
248 247 12 12
249 240 12 12
249 242 12 12
249 244 12 12
249 247 12 12
250 240 12 12
250 242 12 12
250 247 12 12
250 243 12 12
251 247 12 12
251 244 12 12
251 240 12 12
251 243 12 12
252 251 12 12
252 246 12 12
252 243 12 12
252 250 12 12
253 247 12 12
253 249 12 12
253 244 12 12
253 250 12 12
254 247 12 12
254 243 12 12
254 249 12 12
254 251 12 12
255 243 12 12
255 253 12 12
255 252 12 12
255 249 12 12
256 253 12 12
256 249 12 12
256 247 12 12
256 254 12 12
257 249 12 12
257 254 12 12
257 248 12 12
257 250 12 12
258 245 12 12
258 250 12 12
258 244 12 12
258 256 12 12
259 256 12 12
259 248 12 12
259 257 12 12
259 246 12 12
240 258 12 12
240 259 12 12
240 257 12 12
240 253 12 12
241 257 12 12
241 259 12 12
241 252 12 12
241 258 12 12
242 253 12 12
242 254 12 12
242 257 12 12
242 252 12 12
243 245 12 12
243 258 12 12
243 257 12 12
243 249 12 12
264 263 13 13
264 260 13 13
264 262 13 13
264 261 13 13
265 263 13 13
265 260 13 13
265 262 13 13
265 264 13 13
266 265 13 13
266 260 13 13
266 263 13 13
266 261 13 13
267 263 13 13
267 266 13 13
267 264 13 13
267 260 13 13
268 262 13 13
268 263 13 13
268 267 13 13
268 264 13 13
269 264 13 13
269 260 13 13
269 266 13 13
269 261 13 13
270 265 13 13
270 269 13 13
270 267 13 13
270 260 13 13
271 268 13 13
271 269 13 13
271 261 13 13
271 262 13 13
272 267 13 13
272 265 13 13
272 266 13 13
272 269 13 13
273 265 13 13
273 261 13 13
273 266 13 13
273 264 13 13
274 265 13 13
274 262 13 13
274 272 13 13
274 266 13 13
275 274 13 13
275 271 13 13
275 268 13 13
275 264 13 13
276 266 13 13
276 267 13 13
276 265 13 13
276 274 13 13
277 271 13 13
277 261 13 13
277 275 13 13
277 272 13 13
278 268 13 13
278 263 13 13
278 267 13 13
278 275 13 13
279 263 13 13
279 278 13 13
279 276 13 13
279 269 13 13
260 276 13 13
260 278 13 13
260 279 13 13
260 277 13 13
261 265 13 13
261 268 13 13
261 270 13 13
261 276 13 13
262 266 13 13
262 276 13 13
262 267 13 13
262 273 13 13
263 277 13 13
263 276 13 13
263 271 13 13
263 272 13 13
284 280 14 14
284 283 14 14
284 282 14 14
284 281 14 14
285 281 14 14
285 282 14 14
285 280 14 14
285 284 14 14
286 281 14 14
286 280 14 14
286 282 14 14
286 283 14 14
287 284 14 14
287 281 14 14
287 285 14 14
287 283 14 14
288 285 14 14
288 286 14 14
288 281 14 14
288 282 14 14
289 286 14 14
289 280 14 14
289 288 14 14
289 282 14 14
290 283 14 14
290 286 14 14
290 281 14 14
290 284 14 14
291 283 14 14
291 290 14 14
291 287 14 14
291 284 14 14
292 288 14 14
292 283 14 14
292 289 14 14
292 281 14 14
293 281 14 14
293 291 14 14
293 285 14 14
293 289 14 14
294 290 14 14
294 280 14 14
294 288 14 14
294 293 14 14
295 292 14 14
295 288 14 14
295 285 14 14
295 282 14 14
296 285 14 14
296 289 14 14
296 292 14 14
296 282 14 14
297 295 14 14
297 283 14 14
297 282 14 14
297 292 14 14
298 286 14 14
298 294 14 14
298 296 14 14
298 283 14 14
299 297 14 14
299 293 14 14
299 288 14 14
299 298 14 14
280 296 14 14
280 295 14 14
280 299 14 14
280 287 14 14
281 299 14 14
281 297 14 14
281 289 14 14
281 296 14 14
282 299 14 14
282 293 14 14
282 298 14 14
282 291 14 14
283 285 14 14
283 289 14 14
283 299 14 14
283 296 14 14
304 300 15 15
304 302 15 15
304 303 15 15
304 301 15 15
305 302 15 15
305 304 15 15
305 300 15 15
305 301 15 15
306 303 15 15
306 302 15 15
306 300 15 15
306 304 15 15
307 300 15 15
307 302 15 15
307 305 15 15
307 301 15 15
308 302 15 15
308 301 15 15
308 307 15 15
308 300 15 15
309 302 15 15
309 306 15 15
309 304 15 15
309 307 15 15
310 304 15 15
310 306 15 15
310 308 15 15
310 305 15 15
311 300 15 15
311 303 15 15
311 305 15 15
311 308 15 15
312 306 15 15
312 300 15 15
312 302 15 15
312 310 15 15
313 301 15 15
313 311 15 15
313 300 15 15
313 303 15 15
314 305 15 15
314 307 15 15
314 309 15 15
314 308 15 15
315 302 15 15
315 305 15 15
315 314 15 15
315 307 15 15
316 314 15 15
316 302 15 15
316 303 15 15
316 308 15 15
317 300 15 15
317 308 15 15
317 307 15 15
317 301 15 15
318 302 15 15
318 315 15 15
318 310 15 15
318 314 15 15
319 314 15 15
319 308 15 15
319 305 15 15
319 307 15 15
300 310 15 15
300 314 15 15
300 319 15 15
300 309 15 15
301 311 15 15
301 310 15 15
301 318 15 15
301 306 15 15
302 317 15 15
302 314 15 15
302 311 15 15
302 319 15 15
303 315 15 15
303 318 15 15
303 312 15 15
303 308 15 15
86 13 4 0
99 60 4 3
86 59 4 2
82 31 4 1
112 83 5 4
107 7 5 0
116 52 5 2
106 67 5 3
137 25 6 1
128 85 6 4
120 104 6 5
126 41 6 2
150 63 7 3
155 27 7 1
148 120 7 6
140 51 7 2
175 46 8 2
176 141 8 7
166 77 8 3
179 124 8 6
193 101 9 5
180 18 9 0
185 179 9 8
199 88 9 4
218 47 10 2
218 68 10 3
218 169 10 8
217 28 10 1
221 127 11 6
225 26 11 1
235 116 11 5
220 11 11 0
243 72 12 3
242 5 12 0
248 132 12 6
251 83 12 4
270 169 13 8
264 40 13 2
273 142 13 7
268 4 13 0
280 13 14 0
295 70 14 3
298 229 14 11
288 249 14 12
305 4 15 0
312 165 15 8
311 47 15 2
314 294 15 14
0 176 0 8
13 120 0 6
14 154 0 7
3 218 0 10
28 162 1 8
34 266 1 13
21 102 1 5
33 310 1 15
57 245 2 12
59 297 2 14
52 237 2 11
47 182 2 9
61 271 3 13
68 308 3 15
78 137 3 6
65 234 3 11
