swNum = 320
edgeNum = 1343

0 0
1 0
2 0
3 0
4 0
5 0
6 0
7 0
8 0
9 0
10 0
11 0
12 0
13 0
14 0
15 0
16 0
17 0
18 0
19 0
20 1
21 1
22 1
23 1
24 1
25 1
26 1
27 1
28 1
29 1
30 1
31 1
32 1
33 1
34 1
35 1
36 1
37 1
38 1
39 1
40 2
41 2
42 2
43 2
44 2
45 2
46 2
47 2
48 2
49 2
50 2
51 2
52 2
53 2
54 2
55 2
56 2
57 2
58 2
59 2
60 3
61 3
62 3
63 3
64 3
65 3
66 3
67 3
68 3
69 3
70 3
71 3
72 3
73 3
74 3
75 3
76 3
77 3
78 3
79 3
80 4
81 4
82 4
83 4
84 4
85 4
86 4
87 4
88 4
89 4
90 4
91 4
92 4
93 4
94 4
95 4
96 4
97 4
98 4
99 4
100 5
101 5
102 5
103 5
104 5
105 5
106 5
107 5
108 5
109 5
110 5
111 5
112 5
113 5
114 5
115 5
116 5
117 5
118 5
119 5
120 6
121 6
122 6
123 6
124 6
125 6
126 6
127 6
128 6
129 6
130 6
131 6
132 6
133 6
134 6
135 6
136 6
137 6
138 6
139 6
140 7
141 7
142 7
143 7
144 7
145 7
146 7
147 7
148 7
149 7
150 7
151 7
152 7
153 7
154 7
155 7
156 7
157 7
158 7
159 7
160 8
161 8
162 8
163 8
164 8
165 8
166 8
167 8
168 8
169 8
170 8
171 8
172 8
173 8
174 8
175 8
176 8
177 8
178 8
179 8
180 9
181 9
182 9
183 9
184 9
185 9
186 9
187 9
188 9
189 9
190 9
191 9
192 9
193 9
194 9
195 9
196 9
197 9
198 9
199 9
200 10
201 10
202 10
203 10
204 10
205 10
206 10
207 10
208 10
209 10
210 10
211 10
212 10
213 10
214 10
215 10
216 10
217 10
218 10
219 10
220 11
221 11
222 11
223 11
224 11
225 11
226 11
227 11
228 11
229 11
230 11
231 11
232 11
233 11
234 11
235 11
236 11
237 11
238 11
239 11
240 12
241 12
242 12
243 12
244 12
245 12
246 12
247 12
248 12
249 12
250 12
251 12
252 12
253 12
254 12
255 12
256 12
257 12
258 12
259 12
260 13
261 13
262 13
263 13
264 13
265 13
266 13
267 13
268 13
269 13
270 13
271 13
272 13
273 13
274 13
275 13
276 13
277 13
278 13
279 13
280 14
281 14
282 14
283 14
284 14
285 14
286 14
287 14
288 14
289 14
290 14
291 14
292 14
293 14
294 14
295 14
296 14
297 14
298 14
299 14
300 15
301 15
302 15
303 15
304 15
305 15
306 15
307 15
308 15
309 15
310 15
311 15
312 15
313 15
314 15
315 15
316 15
317 15
318 15
319 15

4 3 0 0
4 2 0 0
4 0 0 0
4 1 0 0
5 4 0 0
5 3 0 0
5 1 0 0
5 0 0 0
6 2 0 0
6 4 0 0
6 3 0 0
6 0 0 0
7 6 0 0
7 1 0 0
7 0 0 0
7 2 0 0
8 7 0 0
8 6 0 0
8 2 0 0
8 0 0 0
9 0 0 0
9 1 0 0
9 7 0 0
9 4 0 0
10 7 0 0
10 2 0 0
10 5 0 0
10 0 0 0
11 8 0 0
11 0 0 0
11 2 0 0
11 6 0 0
12 9 0 0
12 1 0 0
12 7 0 0
12 11 0 0
13 0 0 0
13 10 0 0
13 5 0 0
13 2 0 0
14 13 0 0
14 4 0 0
14 3 0 0
14 2 0 0
15 10 0 0
15 6 0 0
15 11 0 0
15 0 0 0
16 7 0 0
16 6 0 0
16 15 0 0
16 4 0 0
17 12 0 0
17 8 0 0
17 16 0 0
17 4 0 0
18 1 0 0
18 6 0 0
18 0 0 0
18 15 0 0
19 9 0 0
19 5 0 0
19 3 0 0
19 13 0 0
0 16 0 0
0 19 0 0
0 17 0 0
0 14 0 0
1 6 0 0
1 8 0 0
1 14 0 0
1 16 0 0
2 19 0 0
2 18 0 0
2 15 0 0
2 17 0 0
3 13 0 0
3 10 0 0
3 11 0 0
3 15 0 0
24 20 1 1
24 23 1 1
24 21 1 1
24 22 1 1
25 23 1 1
25 22 1 1
25 21 1 1
25 20 1 1
26 25 1 1
26 23 1 1
26 20 1 1
26 22 1 1
27 21 1 1
27 23 1 1
27 22 1 1
27 25 1 1
28 21 1 1
28 25 1 1
28 20 1 1
28 24 1 1
29 23 1 1
29 21 1 1
29 20 1 1
29 22 1 1
30 20 1 1
30 24 1 1
30 28 1 1
30 29 1 1
31 24 1 1
31 30 1 1
31 25 1 1
31 29 1 1
32 27 1 1
32 31 1 1
32 22 1 1
32 30 1 1
33 22 1 1
33 27 1 1
33 25 1 1
33 31 1 1
34 29 1 1
34 31 1 1
34 22 1 1
34 23 1 1
35 34 1 1
35 22 1 1
35 30 1 1
35 31 1 1
36 27 1 1
36 20 1 1
36 25 1 1
36 31 1 1
37 31 1 1
37 21 1 1
37 36 1 1
37 30 1 1
38 20 1 1
38 31 1 1
38 28 1 1
38 32 1 1
39 34 1 1
39 31 1 1
39 38 1 1
39 30 1 1
20 32 1 1
20 31 1 1
20 37 1 1
20 39 1 1
21 38 1 1
21 31 1 1
21 36 1 1
21 39 1 1
22 31 1 1
22 38 1 1
22 36 1 1
22 28 1 1
23 35 1 1
23 36 1 1
23 31 1 1
23 33 1 1
44 42 2 2
44 40 2 2
44 43 2 2
44 41 2 2
45 43 2 2
45 41 2 2
45 40 2 2
45 44 2 2
46 45 2 2
46 42 2 2
46 41 2 2
46 43 2 2
47 44 2 2
47 45 2 2
47 41 2 2
47 43 2 2
48 43 2 2
48 40 2 2
48 47 2 2
48 45 2 2
49 42 2 2
49 47 2 2
49 48 2 2
49 45 2 2
50 40 2 2
50 42 2 2
50 47 2 2
50 44 2 2
51 49 2 2
51 44 2 2
51 45 2 2
51 43 2 2
52 48 2 2
52 44 2 2
52 49 2 2
52 50 2 2
53 43 2 2
53 40 2 2
53 45 2 2
53 42 2 2
54 48 2 2
54 50 2 2
54 44 2 2
54 41 2 2
55 44 2 2
55 40 2 2
55 50 2 2
55 54 2 2
56 41 2 2
56 53 2 2
56 51 2 2
56 52 2 2
57 41 2 2
57 42 2 2
57 40 2 2
57 56 2 2
58 49 2 2
58 52 2 2
58 48 2 2
58 40 2 2
59 41 2 2
59 52 2 2
59 58 2 2
59 50 2 2
40 54 2 2
40 51 2 2
40 59 2 2
40 56 2 2
41 53 2 2
41 58 2 2
41 50 2 2
41 55 2 2
42 56 2 2
42 47 2 2
42 48 2 2
42 55 2 2
43 50 2 2
43 52 2 2
43 49 2 2
43 58 2 2
64 60 3 3
64 61 3 3
64 62 3 3
64 63 3 3
65 62 3 3
65 64 3 3
65 61 3 3
65 60 3 3
66 61 3 3
66 65 3 3
66 62 3 3
66 60 3 3
67 60 3 3
67 62 3 3
67 61 3 3
67 63 3 3
68 67 3 3
68 61 3 3
68 63 3 3
68 60 3 3
69 65 3 3
69 63 3 3
69 64 3 3
69 66 3 3
70 61 3 3
70 65 3 3
70 69 3 3
70 62 3 3
71 67 3 3
71 61 3 3
71 69 3 3
71 60 3 3
72 63 3 3
72 65 3 3
72 68 3 3
72 67 3 3
73 67 3 3
73 71 3 3
73 60 3 3
73 65 3 3
74 65 3 3
74 70 3 3
74 73 3 3
74 71 3 3
75 66 3 3
75 61 3 3
75 67 3 3
75 74 3 3
76 70 3 3
76 75 3 3
76 68 3 3
76 61 3 3
77 71 3 3
77 67 3 3
77 73 3 3
77 64 3 3
78 70 3 3
78 66 3 3
78 77 3 3
78 71 3 3
79 62 3 3
79 65 3 3
79 66 3 3
79 67 3 3
60 77 3 3
60 75 3 3
60 72 3 3
60 74 3 3
61 73 3 3
61 74 3 3
61 79 3 3
61 77 3 3
62 78 3 3
62 74 3 3
62 76 3 3
62 69 3 3
63 75 3 3
63 66 3 3
63 76 3 3
63 79 3 3
84 83 4 4
84 82 4 4
84 81 4 4
84 80 4 4
85 80 4 4
85 84 4 4
85 83 4 4
85 82 4 4
86 84 4 4
86 83 4 4
86 82 4 4
86 80 4 4
87 85 4 4
87 80 4 4
87 83 4 4
87 84 4 4
88 81 4 4
88 83 4 4
88 84 4 4
88 82 4 4
89 81 4 4
89 85 4 4
89 86 4 4
89 87 4 4
90 89 4 4
90 87 4 4
90 80 4 4
90 86 4 4
91 80 4 4
91 85 4 4
91 89 4 4
91 87 4 4
92 89 4 4
92 86 4 4
92 83 4 4
92 80 4 4
93 81 4 4
93 90 4 4
93 92 4 4
93 82 4 4
94 81 4 4
94 87 4 4
94 92 4 4
94 82 4 4
95 91 4 4
95 93 4 4
95 81 4 4
95 86 4 4
96 95 4 4
96 87 4 4
96 80 4 4
96 86 4 4
97 84 4 4
97 90 4 4
97 96 4 4
97 86 4 4
98 97 4 4
98 92 4 4
98 90 4 4
98 89 4 4
99 86 4 4
99 97 4 4
99 81 4 4
99 95 4 4
80 88 4 4
80 98 4 4
80 94 4 4
80 95 4 4
81 96 4 4
81 90 4 4
81 86 4 4
81 97 4 4
82 91 4 4
82 89 4 4
82 98 4 4
82 96 4 4
83 95 4 4
83 93 4 4
83 94 4 4
83 99 4 4
104 100 5 5
104 101 5 5
104 103 5 5
104 102 5 5
105 102 5 5
105 100 5 5
105 103 5 5
105 104 5 5
106 101 5 5
106 102 5 5
106 105 5 5
106 103 5 5
107 100 5 5
107 103 5 5
107 105 5 5
107 106 5 5
108 100 5 5
108 103 5 5
108 102 5 5
108 106 5 5
109 108 5 5
109 106 5 5
109 107 5 5
109 101 5 5
110 106 5 5
110 105 5 5
110 101 5 5
110 108 5 5
111 106 5 5
111 101 5 5
111 107 5 5
111 110 5 5
112 111 5 5
112 105 5 5
112 102 5 5
112 110 5 5
113 105 5 5
113 101 5 5
113 108 5 5
113 107 5 5
114 106 5 5
114 102 5 5
114 101 5 5
114 111 5 5
115 109 5 5
115 108 5 5
115 106 5 5
115 114 5 5
116 114 5 5
116 115 5 5
116 110 5 5
116 104 5 5
117 106 5 5
117 110 5 5
117 103 5 5
117 113 5 5
118 111 5 5
118 110 5 5
118 102 5 5
118 117 5 5
119 114 5 5
119 118 5 5
119 101 5 5
119 117 5 5
100 109 5 5
100 106 5 5
100 116 5 5
100 115 5 5
101 107 5 5
101 118 5 5
101 115 5 5
101 108 5 5
102 107 5 5
102 110 5 5
102 119 5 5
102 115 5 5
103 111 5 5
103 114 5 5
103 112 5 5
103 110 5 5
124 123 6 6
124 122 6 6
124 121 6 6
124 120 6 6
125 124 6 6
125 123 6 6
125 121 6 6
125 120 6 6
126 121 6 6
126 124 6 6
126 120 6 6
126 122 6 6
127 122 6 6
127 121 6 6
127 125 6 6
127 120 6 6
128 121 6 6
128 127 6 6
128 122 6 6
128 120 6 6
129 125 6 6
129 120 6 6
129 127 6 6
129 123 6 6
130 120 6 6
130 126 6 6
130 123 6 6
130 121 6 6
131 120 6 6
131 129 6 6
131 126 6 6
131 121 6 6
132 130 6 6
132 121 6 6
132 129 6 6
132 124 6 6
133 121 6 6
133 132 6 6
133 122 6 6
133 128 6 6
134 132 6 6
134 125 6 6
134 121 6 6
134 130 6 6
135 134 6 6
135 121 6 6
135 125 6 6
135 123 6 6
136 122 6 6
136 131 6 6
136 129 6 6
136 130 6 6
137 136 6 6
137 121 6 6
137 131 6 6
137 135 6 6
138 135 6 6
138 121 6 6
138 125 6 6
138 128 6 6
139 127 6 6
139 120 6 6
139 132 6 6
139 128 6 6
120 133 6 6
120 134 6 6
120 138 6 6
120 137 6 6
121 129 6 6
121 136 6 6
121 139 6 6
122 131 6 6
122 129 6 6
122 132 6 6
122 139 6 6
123 138 6 6
123 132 6 6
123 137 6 6
123 139 6 6
144 142 7 7
144 143 7 7
144 140 7 7
144 141 7 7
145 143 7 7
145 144 7 7
145 140 7 7
145 142 7 7
146 144 7 7
146 142 7 7
146 141 7 7
146 140 7 7
147 144 7 7
147 141 7 7
147 145 7 7
147 146 7 7
148 146 7 7
148 140 7 7
148 145 7 7
148 141 7 7
149 141 7 7
149 140 7 7
149 144 7 7
149 148 7 7
150 146 7 7
150 148 7 7
150 140 7 7
150 145 7 7
151 141 7 7
151 146 7 7
151 140 7 7
151 148 7 7
152 140 7 7
152 141 7 7
152 144 7 7
152 145 7 7
153 152 7 7
153 141 7 7
153 145 7 7
153 147 7 7
154 148 7 7
154 146 7 7
154 150 7 7
154 145 7 7
155 152 7 7
155 143 7 7
155 149 7 7
155 145 7 7
156 143 7 7
156 151 7 7
156 155 7 7
156 146 7 7
157 144 7 7
157 140 7 7
157 146 7 7
157 147 7 7
158 140 7 7
158 150 7 7
158 142 7 7
158 145 7 7
159 156 7 7
159 145 7 7
159 148 7 7
159 141 7 7
140 156 7 7
140 154 7 7
140 153 7 7
140 155 7 7
141 150 7 7
141 157 7 7
141 156 7 7
141 145 7 7
142 155 7 7
142 148 7 7
142 154 7 7
142 150 7 7
143 149 7 7
143 150 7 7
143 157 7 7
143 147 7 7
164 161 8 8
164 160 8 8
164 162 8 8
164 163 8 8
165 164 8 8
165 160 8 8
165 163 8 8
165 161 8 8
166 165 8 8
166 162 8 8
166 160 8 8
166 161 8 8
167 161 8 8
167 164 8 8
167 160 8 8
167 166 8 8
168 166 8 8
168 165 8 8
168 160 8 8
168 162 8 8
169 161 8 8
169 163 8 8
169 164 8 8
169 160 8 8
170 160 8 8
170 166 8 8
170 167 8 8
170 168 8 8
171 165 8 8
171 160 8 8
171 162 8 8
171 169 8 8
172 162 8 8
172 161 8 8
172 166 8 8
172 169 8 8
173 167 8 8
173 161 8 8
173 163 8 8
173 172 8 8
174 160 8 8
174 166 8 8
174 164 8 8
174 163 8 8
175 171 8 8
175 160 8 8
175 161 8 8
175 169 8 8
176 174 8 8
176 175 8 8
176 161 8 8
176 173 8 8
177 170 8 8
177 175 8 8
177 162 8 8
177 172 8 8
178 162 8 8
178 174 8 8
178 171 8 8
178 165 8 8
179 174 8 8
179 175 8 8
179 160 8 8
179 165 8 8
160 177 8 8
160 178 8 8
160 176 8 8
160 173 8 8
161 174 8 8
161 178 8 8
161 179 8 8
161 177 8 8
162 170 8 8
162 173 8 8
162 167 8 8
162 175 8 8
163 175 8 8
163 178 8 8
163 171 8 8
163 172 8 8
184 181 9 9
184 182 9 9
184 183 9 9
184 180 9 9
185 181 9 9
185 183 9 9
185 184 9 9
185 180 9 9
186 183 9 9
186 180 9 9
186 181 9 9
186 184 9 9
187 183 9 9
187 181 9 9
187 182 9 9
187 184 9 9
188 181 9 9
188 182 9 9
188 186 9 9
188 187 9 9
189 181 9 9
189 187 9 9
189 185 9 9
189 182 9 9
190 183 9 9
190 187 9 9
190 188 9 9
190 189 9 9
191 190 9 9
191 183 9 9
191 184 9 9
191 181 9 9
192 185 9 9
192 181 9 9
192 189 9 9
192 191 9 9
193 191 9 9
193 189 9 9
193 183 9 9
193 188 9 9
194 193 9 9
194 183 9 9
194 182 9 9
194 191 9 9
195 189 9 9
195 194 9 9
195 187 9 9
195 181 9 9
196 188 9 9
196 193 9 9
196 182 9 9
196 187 9 9
197 185 9 9
197 192 9 9
197 182 9 9
197 196 9 9
198 184 9 9
198 188 9 9
198 183 9 9
198 195 9 9
199 187 9 9
199 193 9 9
199 185 9 9
199 195 9 9
180 199 9 9
180 193 9 9
180 195 9 9
180 187 9 9
181 198 9 9
181 194 9 9
181 190 9 9
181 193 9 9
182 199 9 9
182 190 9 9
182 193 9 9
182 195 9 9
183 195 9 9
183 189 9 9
183 196 9 9
183 188 9 9
204 200 10 10
204 201 10 10
204 202 10 10
204 203 10 10
205 203 10 10
205 202 10 10
205 204 10 10
205 201 10 10
206 203 10 10
206 202 10 10
206 201 10 10
206 200 10 10
207 200 10 10
207 204 10 10
207 201 10 10
207 203 10 10
208 204 10 10
208 207 10 10
208 201 10 10
208 203 10 10
209 202 10 10
209 200 10 10
209 201 10 10
209 206 10 10
210 203 10 10
210 206 10 10
210 201 10 10
210 200 10 10
211 205 10 10
211 210 10 10
211 204 10 10
211 201 10 10
212 200 10 10
212 203 10 10
212 207 10 10
212 206 10 10
213 212 10 10
213 209 10 10
213 210 10 10
213 205 10 10
214 201 10 10
214 205 10 10
214 210 10 10
214 209 10 10
215 207 10 10
215 212 10 10
215 210 10 10
215 211 10 10
216 211 10 10
216 215 10 10
216 205 10 10
216 200 10 10
217 210 10 10
217 203 10 10
217 205 10 10
217 207 10 10
218 206 10 10
218 200 10 10
218 205 10 10
218 212 10 10
219 207 10 10
219 203 10 10
219 208 10 10
219 201 10 10
200 213 10 10
200 217 10 10
200 205 10 10
200 211 10 10
201 216 10 10
201 217 10 10
201 218 10 10
201 212 10 10
202 219 10 10
202 214 10 10
202 216 10 10
202 215 10 10
203 214 10 10
203 218 10 10
203 209 10 10
203 215 10 10
224 221 11 11
224 223 11 11
224 220 11 11
224 222 11 11
225 223 11 11
225 222 11 11
225 224 11 11
225 220 11 11
226 223 11 11
226 225 11 11
226 224 11 11
226 220 11 11
227 221 11 11
227 223 11 11
227 226 11 11
227 225 11 11
228 221 11 11
228 224 11 11
228 220 11 11
228 227 11 11
229 222 11 11
229 225 11 11
229 228 11 11
229 220 11 11
230 226 11 11
230 222 11 11
230 225 11 11
230 227 11 11
231 221 11 11
231 223 11 11
231 225 11 11
231 227 11 11
232 229 11 11
232 226 11 11
232 225 11 11
232 220 11 11
233 221 11 11
233 227 11 11
233 224 11 11
233 230 11 11
234 231 11 11
234 224 11 11
234 228 11 11
234 221 11 11
235 226 11 11
235 223 11 11
235 224 11 11
235 222 11 11
236 232 11 11
236 227 11 11
236 229 11 11
236 222 11 11
237 220 11 11
237 236 11 11
237 221 11 11
237 227 11 11
238 220 11 11
238 237 11 11
238 223 11 11
238 230 11 11
239 230 11 11
239 235 11 11
239 238 11 11
239 231 11 11
220 227 11 11
220 235 11 11
220 230 11 11
220 231 11 11
221 238 11 11
221 236 11 11
221 232 11 11
221 239 11 11
222 232 11 11
222 237 11 11
222 226 11 11
222 239 11 11
223 237 11 11
223 233 11 11
223 230 11 11
223 239 11 11
244 243 12 12
244 242 12 12
244 240 12 12
244 241 12 12
245 244 12 12
245 243 12 12
245 242 12 12
245 240 12 12
246 241 12 12
246 244 12 12
246 242 12 12
246 243 12 12
247 244 12 12
247 246 12 12
247 242 12 12
247 241 12 12
248 241 12 12
248 246 12 12
248 247 12 12
248 245 12 12
249 246 12 12
249 241 12 12
249 247 12 12
249 244 12 12
250 245 12 12
250 240 12 12
250 246 12 12
250 242 12 12
251 241 12 12
251 244 12 12
251 250 12 12
251 246 12 12
252 244 12 12
252 240 12 12
252 245 12 12
252 250 12 12
253 244 12 12
253 243 12 12
253 252 12 12
253 247 12 12
254 240 12 12
254 247 12 12
254 253 12 12
254 246 12 12
255 251 12 12
255 252 12 12
255 250 12 12
255 249 12 12
256 255 12 12
256 249 12 12
256 251 12 12
256 247 12 12
257 244 12 12
257 252 12 12
257 254 12 12
257 253 12 12
258 245 12 12
258 257 12 12
258 248 12 12
258 249 12 12
259 255 12 12
259 248 12 12
259 244 12 12
259 253 12 12
240 257 12 12
240 251 12 12
240 259 12 12
240 246 12 12
241 255 12 12
241 256 12 12
241 257 12 12
241 253 12 12
242 259 12 12
242 252 12 12
242 254 12 12
242 258 12 12
243 254 12 12
243 249 12 12
243 259 12 12
243 256 12 12
264 260 13 13
264 261 13 13
264 262 13 13
264 263 13 13
265 261 13 13
265 260 13 13
265 263 13 13
265 264 13 13
266 261 13 13
266 265 13 13
266 260 13 13
266 263 13 13
267 265 13 13
267 266 13 13
267 261 13 13
267 262 13 13
268 263 13 13
268 265 13 13
268 260 13 13
268 264 13 13
269 265 13 13
269 267 13 13
269 268 13 13
269 263 13 13
270 265 13 13
270 260 13 13
270 269 13 13
270 266 13 13
271 261 13 13
271 263 13 13
271 270 13 13
271 260 13 13
272 269 13 13
272 261 13 13
272 265 13 13
272 268 13 13
273 263 13 13
273 268 13 13
273 271 13 13
273 264 13 13
274 260 13 13
274 271 13 13
274 261 13 13
274 269 13 13
275 271 13 13
275 274 13 13
275 268 13 13
275 273 13 13
276 265 13 13
276 266 13 13
276 260 13 13
276 274 13 13
277 264 13 13
277 260 13 13
277 268 13 13
277 275 13 13
278 261 13 13
278 272 13 13
278 268 13 13
278 260 13 13
279 262 13 13
279 274 13 13
279 268 13 13
279 278 13 13
260 269 13 13
260 273 13 13
260 267 13 13
260 272 13 13
261 275 13 13
261 279 13 13
261 270 13 13
261 268 13 13
262 269 13 13
262 272 13 13
262 275 13 13
262 266 13 13
263 276 13 13
263 277 13 13
263 278 13 13
263 279 13 13
284 280 14 14
284 283 14 14
284 282 14 14
284 281 14 14
285 284 14 14
285 282 14 14
285 283 14 14
285 280 14 14
286 284 14 14
286 283 14 14
286 282 14 14
286 280 14 14
287 282 14 14
287 283 14 14
287 284 14 14
287 281 14 14
288 283 14 14
288 285 14 14
288 286 14 14
288 281 14 14
289 283 14 14
289 284 14 14
289 281 14 14
289 288 14 14
290 283 14 14
290 282 14 14
290 288 14 14
290 281 14 14
291 287 14 14
291 288 14 14
291 284 14 14
291 280 14 14
292 287 14 14
292 285 14 14
292 291 14 14
292 280 14 14
293 288 14 14
293 291 14 14
293 283 14 14
293 289 14 14
294 287 14 14
294 286 14 14
294 291 14 14
294 293 14 14
295 287 14 14
295 291 14 14
295 289 14 14
295 280 14 14
296 287 14 14
296 282 14 14
296 291 14 14
296 290 14 14
297 287 14 14
297 282 14 14
297 286 14 14
297 283 14 14
298 293 14 14
298 290 14 14
298 291 14 14
298 284 14 14
299 291 14 14
299 289 14 14
299 295 14 14
299 292 14 14
280 290 14 14
280 298 14 14
280 289 14 14
280 288 14 14
281 299 14 14
281 286 14 14
281 296 14 14
281 295 14 14
282 299 14 14
282 298 14 14
282 294 14 14
282 288 14 14
283 296 14 14
283 295 14 14
283 299 14 14
283 298 14 14
304 301 15 15
304 303 15 15
304 302 15 15
304 300 15 15
305 304 15 15
305 301 15 15
305 303 15 15
305 302 15 15
306 304 15 15
306 301 15 15
306 303 15 15
306 302 15 15
307 304 15 15
307 301 15 15
307 306 15 15
307 302 15 15
308 306 15 15
308 307 15 15
308 302 15 15
308 301 15 15
309 307 15 15
309 305 15 15
309 304 15 15
309 308 15 15
310 304 15 15
310 309 15 15
310 305 15 15
310 306 15 15
311 304 15 15
311 301 15 15
311 310 15 15
311 302 15 15
312 307 15 15
312 305 15 15
312 306 15 15
312 304 15 15
313 301 15 15
313 311 15 15
313 307 15 15
313 304 15 15
314 308 15 15
314 302 15 15
314 304 15 15
314 307 15 15
315 302 15 15
315 314 15 15
315 313 15 15
315 312 15 15
316 307 15 15
316 300 15 15
316 304 15 15
316 311 15 15
317 308 15 15
317 305 15 15
317 307 15 15
317 302 15 15
318 305 15 15
318 309 15 15
318 311 15 15
318 316 15 15
319 314 15 15
319 313 15 15
319 301 15 15
319 300 15 15
300 311 15 15
300 306 15 15
300 313 15 15
300 315 15 15
301 318 15 15
301 312 15 15
301 314 15 15
301 317 15 15
302 319 15 15
302 313 15 15
302 316 15 15
302 318 15 15
303 314 15 15
303 313 15 15
303 319 15 15
303 308 15 15
87 58 4 2
81 29 4 1
93 62 4 3
82 11 4 0
107 55 5 2
117 77 5 3
104 28 5 1
111 84 5 4
131 63 6 3
138 41 6 2
139 8 6 0
138 114 6 5
152 78 7 3
154 51 7 2
142 31 7 1
154 99 7 4
171 36 8 1
164 85 8 4
166 58 8 2
165 74 8 3
187 101 9 5
190 20 9 1
199 175 9 8
199 145 9 7
204 197 10 9
214 88 10 4
209 8 10 0
212 56 10 2
232 89 11 4
233 217 11 10
232 26 11 1
233 188 11 9
251 100 12 5
258 22 12 1
251 86 12 4
241 156 12 7
277 185 13 9
269 22 13 1
267 150 13 7
269 168 13 8
283 195 14 9
293 98 14 4
292 112 14 5
280 140 14 7
312 147 15 7
313 193 15 9
309 53 15 2
311 288 15 14
13 291 0 14
4 168 0 8
17 115 0 5
2 182 0 9
33 304 1 15
23 202 1 10
27 286 1 14
27 132 1 6
41 260 2 13
53 286 2 14
40 180 2 9
47 230 2 11
74 287 3 14
65 185 3 9
75 261 3 13
79 244 3 12
