swNum = 320
edgeNum = 1344

0 0
1 0
2 0
3 0
4 0
5 0
6 0
7 0
8 0
9 0
10 0
11 0
12 0
13 0
14 0
15 0
16 0
17 0
18 0
19 0
20 1
21 1
22 1
23 1
24 1
25 1
26 1
27 1
28 1
29 1
30 1
31 1
32 1
33 1
34 1
35 1
36 1
37 1
38 1
39 1
40 2
41 2
42 2
43 2
44 2
45 2
46 2
47 2
48 2
49 2
50 2
51 2
52 2
53 2
54 2
55 2
56 2
57 2
58 2
59 2
60 3
61 3
62 3
63 3
64 3
65 3
66 3
67 3
68 3
69 3
70 3
71 3
72 3
73 3
74 3
75 3
76 3
77 3
78 3
79 3
80 4
81 4
82 4
83 4
84 4
85 4
86 4
87 4
88 4
89 4
90 4
91 4
92 4
93 4
94 4
95 4
96 4
97 4
98 4
99 4
100 5
101 5
102 5
103 5
104 5
105 5
106 5
107 5
108 5
109 5
110 5
111 5
112 5
113 5
114 5
115 5
116 5
117 5
118 5
119 5
120 6
121 6
122 6
123 6
124 6
125 6
126 6
127 6
128 6
129 6
130 6
131 6
132 6
133 6
134 6
135 6
136 6
137 6
138 6
139 6
140 7
141 7
142 7
143 7
144 7
145 7
146 7
147 7
148 7
149 7
150 7
151 7
152 7
153 7
154 7
155 7
156 7
157 7
158 7
159 7
160 8
161 8
162 8
163 8
164 8
165 8
166 8
167 8
168 8
169 8
170 8
171 8
172 8
173 8
174 8
175 8
176 8
177 8
178 8
179 8
180 9
181 9
182 9
183 9
184 9
185 9
186 9
187 9
188 9
189 9
190 9
191 9
192 9
193 9
194 9
195 9
196 9
197 9
198 9
199 9
200 10
201 10
202 10
203 10
204 10
205 10
206 10
207 10
208 10
209 10
210 10
211 10
212 10
213 10
214 10
215 10
216 10
217 10
218 10
219 10
220 11
221 11
222 11
223 11
224 11
225 11
226 11
227 11
228 11
229 11
230 11
231 11
232 11
233 11
234 11
235 11
236 11
237 11
238 11
239 11
240 12
241 12
242 12
243 12
244 12
245 12
246 12
247 12
248 12
249 12
250 12
251 12
252 12
253 12
254 12
255 12
256 12
257 12
258 12
259 12
260 13
261 13
262 13
263 13
264 13
265 13
266 13
267 13
268 13
269 13
270 13
271 13
272 13
273 13
274 13
275 13
276 13
277 13
278 13
279 13
280 14
281 14
282 14
283 14
284 14
285 14
286 14
287 14
288 14
289 14
290 14
291 14
292 14
293 14
294 14
295 14
296 14
297 14
298 14
299 14
300 15
301 15
302 15
303 15
304 15
305 15
306 15
307 15
308 15
309 15
310 15
311 15
312 15
313 15
314 15
315 15
316 15
317 15
318 15
319 15

4 2 0 0
4 1 0 0
4 0 0 0
4 3 0 0
5 2 0 0
5 4 0 0
5 1 0 0
5 3 0 0
6 2 0 0
6 1 0 0
6 4 0 0
6 5 0 0
7 2 0 0
7 6 0 0
7 1 0 0
7 0 0 0
8 7 0 0
8 1 0 0
8 3 0 0
8 6 0 0
9 8 0 0
9 1 0 0
9 7 0 0
9 3 0 0
10 5 0 0
10 0 0 0
10 2 0 0
10 6 0 0
11 1 0 0
11 10 0 0
11 9 0 0
11 3 0 0
12 2 0 0
12 11 0 0
12 5 0 0
12 7 0 0
13 7 0 0
13 1 0 0
13 10 0 0
13 0 0 0
14 6 0 0
14 2 0 0
14 10 0 0
14 4 0 0
15 2 0 0
15 6 0 0
15 13 0 0
15 4 0 0
16 13 0 0
16 15 0 0
16 14 0 0
16 0 0 0
17 15 0 0
17 12 0 0
17 11 0 0
17 7 0 0
18 11 0 0
18 12 0 0
18 2 0 0
18 3 0 0
19 10 0 0
19 4 0 0
19 0 0 0
19 7 0 0
0 15 0 0
0 14 0 0
0 8 0 0
0 17 0 0
1 17 0 0
1 18 0 0
1 10 0 0
1 15 0 0
2 9 0 0
2 8 0 0
2 17 0 0
2 19 0 0
3 14 0 0
3 19 0 0
3 12 0 0
3 10 0 0
24 21 1 1
24 22 1 1
24 23 1 1
24 20 1 1
25 22 1 1
25 21 1 1
25 20 1 1
25 23 1 1
26 24 1 1
26 20 1 1
26 21 1 1
26 25 1 1
27 23 1 1
27 26 1 1
27 24 1 1
27 25 1 1
28 22 1 1
28 27 1 1
28 24 1 1
28 21 1 1
29 25 1 1
29 26 1 1
29 24 1 1
29 23 1 1
30 21 1 1
30 26 1 1
30 25 1 1
30 24 1 1
31 27 1 1
31 24 1 1
31 26 1 1
31 23 1 1
32 23 1 1
32 21 1 1
32 22 1 1
32 20 1 1
33 25 1 1
33 22 1 1
33 30 1 1
33 27 1 1
34 31 1 1
34 20 1 1
34 22 1 1
34 33 1 1
35 20 1 1
35 22 1 1
35 33 1 1
35 28 1 1
36 25 1 1
36 28 1 1
36 22 1 1
36 32 1 1
37 22 1 1
37 34 1 1
37 26 1 1
37 36 1 1
38 27 1 1
38 31 1 1
38 33 1 1
38 20 1 1
39 35 1 1
39 27 1 1
39 33 1 1
39 28 1 1
20 27 1 1
20 33 1 1
20 30 1 1
20 37 1 1
21 27 1 1
21 36 1 1
21 35 1 1
21 39 1 1
22 30 1 1
22 26 1 1
22 39 1 1
22 29 1 1
23 39 1 1
23 30 1 1
23 26 1 1
23 37 1 1
44 43 2 2
44 40 2 2
44 41 2 2
44 42 2 2
45 43 2 2
45 41 2 2
45 44 2 2
45 40 2 2
46 40 2 2
46 44 2 2
46 41 2 2
46 42 2 2
47 41 2 2
47 45 2 2
47 43 2 2
47 44 2 2
48 43 2 2
48 45 2 2
48 46 2 2
48 44 2 2
49 44 2 2
49 47 2 2
49 45 2 2
49 40 2 2
50 41 2 2
50 43 2 2
50 44 2 2
50 46 2 2
51 43 2 2
51 40 2 2
51 45 2 2
51 46 2 2
52 48 2 2
52 49 2 2
52 41 2 2
52 40 2 2
53 47 2 2
53 52 2 2
53 46 2 2
53 48 2 2
54 43 2 2
54 41 2 2
54 40 2 2
54 53 2 2
55 46 2 2
55 42 2 2
55 52 2 2
55 54 2 2
56 42 2 2
56 45 2 2
56 53 2 2
56 43 2 2
57 44 2 2
57 56 2 2
57 48 2 2
57 53 2 2
58 45 2 2
58 48 2 2
58 44 2 2
58 56 2 2
59 53 2 2
59 50 2 2
59 51 2 2
59 46 2 2
40 57 2 2
40 50 2 2
40 53 2 2
40 56 2 2
41 57 2 2
41 51 2 2
41 59 2 2
41 49 2 2
42 59 2 2
42 49 2 2
42 54 2 2
42 51 2 2
43 59 2 2
43 52 2 2
43 57 2 2
43 58 2 2
64 63 3 3
64 60 3 3
64 62 3 3
64 61 3 3
65 63 3 3
65 62 3 3
65 60 3 3
65 64 3 3
66 61 3 3
66 62 3 3
66 64 3 3
66 60 3 3
67 62 3 3
67 63 3 3
67 65 3 3
67 66 3 3
68 60 3 3
68 61 3 3
68 64 3 3
68 62 3 3
69 64 3 3
69 65 3 3
69 67 3 3
69 66 3 3
70 65 3 3
70 67 3 3
70 63 3 3
70 60 3 3
71 62 3 3
71 69 3 3
71 68 3 3
71 66 3 3
72 66 3 3
72 65 3 3
72 68 3 3
72 71 3 3
73 60 3 3
73 65 3 3
73 66 3 3
73 64 3 3
74 72 3 3
74 71 3 3
74 67 3 3
74 69 3 3
75 62 3 3
75 67 3 3
75 69 3 3
75 71 3 3
76 65 3 3
76 63 3 3
76 74 3 3
76 64 3 3
77 66 3 3
77 65 3 3
77 72 3 3
77 73 3 3
78 64 3 3
78 62 3 3
78 77 3 3
78 65 3 3
79 75 3 3
79 68 3 3
79 69 3 3
79 72 3 3
60 79 3 3
60 77 3 3
60 78 3 3
60 76 3 3
61 73 3 3
61 65 3 3
61 78 3 3
61 76 3 3
62 74 3 3
62 79 3 3
62 76 3 3
62 69 3 3
63 74 3 3
63 77 3 3
63 66 3 3
63 69 3 3
84 83 4 4
84 82 4 4
84 80 4 4
84 81 4 4
85 84 4 4
85 80 4 4
85 81 4 4
85 83 4 4
86 83 4 4
86 82 4 4
86 85 4 4
86 81 4 4
87 82 4 4
87 83 4 4
87 80 4 4
87 86 4 4
88 80 4 4
88 87 4 4
88 81 4 4
88 86 4 4
89 84 4 4
89 81 4 4
89 85 4 4
89 80 4 4
90 86 4 4
90 81 4 4
90 88 4 4
90 85 4 4
91 82 4 4
91 86 4 4
91 80 4 4
91 88 4 4
92 84 4 4
92 83 4 4
92 85 4 4
92 91 4 4
93 81 4 4
93 88 4 4
93 91 4 4
93 87 4 4
94 91 4 4
94 87 4 4
94 83 4 4
94 86 4 4
95 89 4 4
95 85 4 4
95 83 4 4
95 80 4 4
96 84 4 4
96 89 4 4
96 95 4 4
96 81 4 4
97 84 4 4
97 82 4 4
97 96 4 4
97 80 4 4
98 93 4 4
98 94 4 4
98 96 4 4
98 86 4 4
99 94 4 4
99 83 4 4
99 80 4 4
99 88 4 4
80 90 4 4
80 94 4 4
80 98 4 4
80 86 4 4
81 98 4 4
81 94 4 4
81 91 4 4
81 99 4 4
82 89 4 4
82 96 4 4
82 88 4 4
82 92 4 4
83 89 4 4
83 97 4 4
83 96 4 4
83 91 4 4
104 103 5 5
104 102 5 5
104 100 5 5
104 101 5 5
105 100 5 5
105 103 5 5
105 102 5 5
105 101 5 5
106 102 5 5
106 101 5 5
106 103 5 5
106 105 5 5
107 102 5 5
107 103 5 5
107 104 5 5
107 101 5 5
108 100 5 5
108 101 5 5
108 106 5 5
108 103 5 5
109 106 5 5
109 104 5 5
109 108 5 5
109 107 5 5
110 109 5 5
110 102 5 5
110 108 5 5
110 101 5 5
111 106 5 5
111 109 5 5
111 104 5 5
111 103 5 5
112 100 5 5
112 108 5 5
112 103 5 5
112 104 5 5
113 107 5 5
113 103 5 5
113 104 5 5
113 111 5 5
114 103 5 5
114 111 5 5
114 104 5 5
114 113 5 5
115 113 5 5
115 102 5 5
115 106 5 5
115 111 5 5
116 103 5 5
116 100 5 5
116 110 5 5
116 112 5 5
117 112 5 5
117 114 5 5
117 116 5 5
117 106 5 5
118 111 5 5
118 113 5 5
118 108 5 5
118 106 5 5
119 114 5 5
119 107 5 5
119 104 5 5
119 109 5 5
100 117 5 5
100 107 5 5
100 106 5 5
100 119 5 5
101 115 5 5
101 114 5 5
101 113 5 5
101 116 5 5
102 109 5 5
102 119 5 5
102 118 5 5
102 111 5 5
103 118 5 5
103 117 5 5
103 115 5 5
103 109 5 5
124 121 6 6
124 123 6 6
124 122 6 6
124 120 6 6
125 123 6 6
125 124 6 6
125 121 6 6
125 122 6 6
126 120 6 6
126 124 6 6
126 122 6 6
126 121 6 6
127 122 6 6
127 120 6 6
127 126 6 6
127 123 6 6
128 122 6 6
128 127 6 6
128 123 6 6
128 125 6 6
129 121 6 6
129 125 6 6
129 122 6 6
129 126 6 6
130 123 6 6
130 125 6 6
130 124 6 6
130 121 6 6
131 128 6 6
131 129 6 6
131 122 6 6
131 125 6 6
132 130 6 6
132 125 6 6
132 127 6 6
132 128 6 6
133 130 6 6
133 125 6 6
133 128 6 6
133 124 6 6
134 124 6 6
134 130 6 6
134 132 6 6
134 133 6 6
135 124 6 6
135 127 6 6
135 134 6 6
135 125 6 6
136 124 6 6
136 133 6 6
136 123 6 6
136 125 6 6
137 133 6 6
137 135 6 6
137 131 6 6
137 124 6 6
138 123 6 6
138 121 6 6
138 124 6 6
138 137 6 6
139 134 6 6
139 132 6 6
139 128 6 6
139 133 6 6
120 136 6 6
120 131 6 6
120 130 6 6
120 138 6 6
121 136 6 6
121 133 6 6
121 137 6 6
121 134 6 6
122 135 6 6
122 134 6 6
122 136 6 6
122 133 6 6
123 134 6 6
123 137 6 6
123 126 6 6
123 135 6 6
144 140 7 7
144 142 7 7
144 143 7 7
144 141 7 7
145 144 7 7
145 141 7 7
145 143 7 7
145 140 7 7
146 145 7 7
146 143 7 7
146 144 7 7
146 140 7 7
147 144 7 7
147 142 7 7
147 145 7 7
147 143 7 7
148 143 7 7
148 141 7 7
148 140 7 7
148 144 7 7
149 144 7 7
149 140 7 7
149 146 7 7
149 142 7 7
150 143 7 7
150 144 7 7
150 141 7 7
150 140 7 7
151 150 7 7
151 143 7 7
151 148 7 7
151 141 7 7
152 149 7 7
152 150 7 7
152 141 7 7
152 145 7 7
153 144 7 7
153 146 7 7
153 147 7 7
153 145 7 7
154 152 7 7
154 140 7 7
154 148 7 7
154 141 7 7
155 151 7 7
155 141 7 7
155 154 7 7
155 150 7 7
156 144 7 7
156 145 7 7
156 155 7 7
156 153 7 7
157 150 7 7
157 143 7 7
157 144 7 7
157 149 7 7
158 146 7 7
158 145 7 7
158 153 7 7
158 143 7 7
159 141 7 7
159 156 7 7
159 149 7 7
159 145 7 7
140 159 7 7
140 152 7 7
140 147 7 7
140 156 7 7
141 147 7 7
141 153 7 7
141 149 7 7
141 146 7 7
142 146 7 7
142 153 7 7
142 158 7 7
142 157 7 7
143 152 7 7
143 153 7 7
143 156 7 7
143 149 7 7
164 161 8 8
164 163 8 8
164 160 8 8
164 162 8 8
165 160 8 8
165 162 8 8
165 163 8 8
165 164 8 8
166 161 8 8
166 163 8 8
166 165 8 8
166 162 8 8
167 162 8 8
167 164 8 8
167 165 8 8
167 166 8 8
168 161 8 8
168 165 8 8
168 167 8 8
168 163 8 8
169 166 8 8
169 162 8 8
169 165 8 8
169 167 8 8
170 166 8 8
170 163 8 8
170 160 8 8
170 169 8 8
171 161 8 8
171 168 8 8
171 164 8 8
171 167 8 8
172 170 8 8
172 167 8 8
172 169 8 8
172 171 8 8
173 169 8 8
173 172 8 8
173 171 8 8
173 161 8 8
174 163 8 8
174 166 8 8
174 171 8 8
174 172 8 8
175 166 8 8
175 172 8 8
175 173 8 8
175 161 8 8
176 161 8 8
176 168 8 8
176 164 8 8
176 169 8 8
177 165 8 8
177 171 8 8
177 167 8 8
177 162 8 8
178 170 8 8
178 177 8 8
178 173 8 8
178 172 8 8
179 172 8 8
179 171 8 8
179 164 8 8
179 168 8 8
160 174 8 8
160 178 8 8
160 167 8 8
160 177 8 8
161 179 8 8
161 172 8 8
161 178 8 8
161 177 8 8
162 173 8 8
162 174 8 8
162 179 8 8
162 170 8 8
163 173 8 8
163 171 8 8
163 177 8 8
163 169 8 8
184 183 9 9
184 181 9 9
184 182 9 9
184 180 9 9
185 184 9 9
185 183 9 9
185 182 9 9
185 181 9 9
186 183 9 9
186 180 9 9
186 182 9 9
186 181 9 9
187 182 9 9
187 181 9 9
187 185 9 9
187 186 9 9
188 183 9 9
188 184 9 9
188 185 9 9
188 187 9 9
189 188 9 9
189 184 9 9
189 183 9 9
189 186 9 9
190 183 9 9
190 188 9 9
190 186 9 9
190 184 9 9
191 181 9 9
191 180 9 9
191 182 9 9
191 186 9 9
192 190 9 9
192 188 9 9
192 181 9 9
192 185 9 9
193 187 9 9
193 184 9 9
193 189 9 9
193 185 9 9
194 183 9 9
194 191 9 9
194 186 9 9
194 181 9 9
195 183 9 9
195 191 9 9
195 193 9 9
195 186 9 9
196 180 9 9
196 182 9 9
196 183 9 9
196 186 9 9
197 192 9 9
197 188 9 9
197 181 9 9
197 190 9 9
198 188 9 9
198 192 9 9
198 197 9 9
198 187 9 9
199 184 9 9
199 185 9 9
199 198 9 9
199 190 9 9
180 187 9 9
180 188 9 9
180 194 9 9
180 189 9 9
181 196 9 9
181 199 9 9
181 195 9 9
181 198 9 9
182 189 9 9
182 192 9 9
182 188 9 9
182 195 9 9
183 193 9 9
183 187 9 9
183 192 9 9
183 199 9 9
204 202 10 10
204 203 10 10
204 201 10 10
204 200 10 10
205 200 10 10
205 204 10 10
205 201 10 10
205 203 10 10
206 202 10 10
206 205 10 10
206 200 10 10
206 204 10 10
207 205 10 10
207 203 10 10
207 200 10 10
207 202 10 10
208 204 10 10
208 206 10 10
208 202 10 10
208 205 10 10
209 205 10 10
209 201 10 10
209 206 10 10
209 207 10 10
210 203 10 10
210 208 10 10
210 207 10 10
210 206 10 10
211 209 10 10
211 204 10 10
211 206 10 10
211 202 10 10
212 201 10 10
212 211 10 10
212 209 10 10
212 206 10 10
213 204 10 10
213 208 10 10
213 205 10 10
213 202 10 10
214 204 10 10
214 202 10 10
214 200 10 10
214 208 10 10
215 201 10 10
215 209 10 10
215 208 10 10
215 205 10 10
216 209 10 10
216 212 10 10
216 210 10 10
216 206 10 10
217 203 10 10
217 214 10 10
217 216 10 10
217 213 10 10
218 207 10 10
218 200 10 10
218 217 10 10
218 216 10 10
219 205 10 10
219 216 10 10
219 209 10 10
219 206 10 10
200 208 10 10
200 215 10 10
200 212 10 10
200 209 10 10
201 208 10 10
201 210 10 10
201 206 10 10
201 219 10 10
202 210 10 10
202 217 10 10
202 218 10 10
202 216 10 10
203 216 10 10
203 218 10 10
203 206 10 10
203 215 10 10
224 220 11 11
224 221 11 11
224 222 11 11
224 223 11 11
225 223 11 11
225 220 11 11
225 222 11 11
225 224 11 11
226 223 11 11
226 220 11 11
226 222 11 11
226 225 11 11
227 223 11 11
227 222 11 11
227 220 11 11
227 221 11 11
228 226 11 11
228 220 11 11
228 222 11 11
228 224 11 11
229 228 11 11
229 227 11 11
229 224 11 11
229 220 11 11
230 222 11 11
230 220 11 11
230 228 11 11
230 225 11 11
231 228 11 11
231 222 11 11
231 221 11 11
231 229 11 11
232 226 11 11
232 220 11 11
232 223 11 11
232 231 11 11
233 222 11 11
233 223 11 11
233 221 11 11
233 229 11 11
234 228 11 11
234 227 11 11
234 230 11 11
234 222 11 11
235 226 11 11
235 230 11 11
235 233 11 11
235 221 11 11
236 224 11 11
236 222 11 11
236 233 11 11
236 225 11 11
237 228 11 11
237 232 11 11
237 221 11 11
237 234 11 11
238 228 11 11
238 223 11 11
238 221 11 11
238 230 11 11
239 238 11 11
239 222 11 11
239 226 11 11
239 220 11 11
220 231 11 11
220 233 11 11
220 237 11 11
220 235 11 11
221 228 11 11
221 225 11 11
221 236 11 11
221 230 11 11
222 238 11 11
222 237 11 11
222 229 11 11
222 235 11 11
223 236 11 11
223 230 11 11
223 235 11 11
223 228 11 11
244 242 12 12
244 243 12 12
244 241 12 12
244 240 12 12
245 241 12 12
245 240 12 12
245 244 12 12
245 243 12 12
246 242 12 12
246 241 12 12
246 244 12 12
246 245 12 12
247 240 12 12
247 243 12 12
247 246 12 12
247 244 12 12
248 245 12 12
248 247 12 12
248 243 12 12
248 244 12 12
249 240 12 12
249 243 12 12
249 244 12 12
249 245 12 12
250 249 12 12
250 241 12 12
250 244 12 12
250 246 12 12
251 248 12 12
251 250 12 12
251 247 12 12
251 249 12 12
252 249 12 12
252 243 12 12
252 240 12 12
252 247 12 12
253 247 12 12
253 243 12 12
253 246 12 12
253 252 12 12
254 244 12 12
254 242 12 12
254 253 12 12
254 245 12 12
255 246 12 12
255 250 12 12
255 244 12 12
255 254 12 12
256 245 12 12
256 247 12 12
256 240 12 12
256 250 12 12
257 247 12 12
257 251 12 12
257 242 12 12
257 243 12 12
258 252 12 12
258 245 12 12
258 256 12 12
258 243 12 12
259 256 12 12
259 258 12 12
259 242 12 12
259 257 12 12
240 251 12 12
240 250 12 12
240 259 12 12
240 246 12 12
241 258 12 12
241 249 12 12
241 259 12 12
241 251 12 12
242 249 12 12
242 250 12 12
242 251 12 12
242 255 12 12
243 246 12 12
243 250 12 12
243 251 12 12
243 254 12 12
264 263 13 13
264 260 13 13
264 261 13 13
264 262 13 13
265 260 13 13
265 262 13 13
265 261 13 13
265 264 13 13
266 261 13 13
266 263 13 13
266 260 13 13
266 262 13 13
267 263 13 13
267 260 13 13
267 265 13 13
267 264 13 13
268 264 13 13
268 263 13 13
268 262 13 13
268 267 13 13
269 262 13 13
269 260 13 13
269 261 13 13
269 268 13 13
270 267 13 13
270 260 13 13
270 261 13 13
270 262 13 13
271 270 13 13
271 266 13 13
271 264 13 13
271 268 13 13
272 266 13 13
272 262 13 13
272 270 13 13
272 267 13 13
273 270 13 13
273 266 13 13
273 271 13 13
273 268 13 13
274 262 13 13
274 273 13 13
274 265 13 13
274 270 13 13
275 270 13 13
275 266 13 13
275 271 13 13
275 263 13 13
276 262 13 13
276 275 13 13
276 272 13 13
276 268 13 13
277 269 13 13
277 260 13 13
277 270 13 13
277 275 13 13
278 261 13 13
278 267 13 13
278 269 13 13
278 272 13 13
279 260 13 13
279 268 13 13
279 265 13 13
279 278 13 13
260 276 13 13
260 271 13 13
260 278 13 13
260 273 13 13
261 277 13 13
261 279 13 13
261 271 13 13
261 267 13 13
262 277 13 13
262 278 13 13
262 275 13 13
262 279 13 13
263 279 13 13
263 271 13 13
263 278 13 13
263 272 13 13
284 281 14 14
284 282 14 14
284 280 14 14
284 283 14 14
285 284 14 14
285 282 14 14
285 283 14 14
285 280 14 14
286 283 14 14
286 280 14 14
286 285 14 14
286 281 14 14
287 282 14 14
287 283 14 14
287 286 14 14
287 285 14 14
288 280 14 14
288 285 14 14
288 282 14 14
288 287 14 14
289 280 14 14
289 285 14 14
289 286 14 14
289 287 14 14
290 283 14 14
290 287 14 14
290 282 14 14
290 288 14 14
291 287 14 14
291 283 14 14
291 285 14 14
291 284 14 14
292 281 14 14
292 291 14 14
292 284 14 14
292 290 14 14
293 285 14 14
293 287 14 14
293 288 14 14
293 291 14 14
294 293 14 14
294 282 14 14
294 288 14 14
294 287 14 14
295 285 14 14
295 293 14 14
295 294 14 14
295 286 14 14
296 295 14 14
296 280 14 14
296 285 14 14
296 288 14 14
297 291 14 14
297 292 14 14
297 280 14 14
297 287 14 14
298 291 14 14
298 285 14 14
298 282 14 14
298 297 14 14
299 291 14 14
299 281 14 14
299 288 14 14
299 280 14 14
280 292 14 14
280 291 14 14
280 295 14 14
280 290 14 14
281 287 14 14
281 297 14 14
281 291 14 14
281 295 14 14
282 292 14 14
282 299 14 14
282 291 14 14
282 297 14 14
283 297 14 14
283 298 14 14
283 295 14 14
283 296 14 14
304 301 15 15
304 302 15 15
304 303 15 15
304 300 15 15
305 300 15 15
305 301 15 15
305 302 15 15
305 304 15 15
306 304 15 15
306 300 15 15
306 302 15 15
306 301 15 15
307 305 15 15
307 302 15 15
307 300 15 15
307 304 15 15
308 300 15 15
308 305 15 15
308 306 15 15
308 301 15 15
309 301 15 15
309 302 15 15
309 305 15 15
309 306 15 15
310 308 15 15
310 305 15 15
310 304 15 15
310 301 15 15
311 301 15 15
311 308 15 15
311 304 15 15
311 307 15 15
312 304 15 15
312 300 15 15
312 311 15 15
312 309 15 15
313 303 15 15
313 311 15 15
313 312 15 15
313 307 15 15
314 302 15 15
314 311 15 15
314 304 15 15
314 305 15 15
315 314 15 15
315 311 15 15
315 313 15 15
315 300 15 15
316 315 15 15
316 300 15 15
316 309 15 15
316 305 15 15
317 316 15 15
317 311 15 15
317 315 15 15
317 306 15 15
318 316 15 15
318 300 15 15
318 306 15 15
318 313 15 15
319 304 15 15
319 313 15 15
319 317 15 15
319 309 15 15
300 310 15 15
300 317 15 15
300 311 15 15
300 309 15 15
301 319 15 15
301 313 15 15
301 317 15 15
301 316 15 15
302 313 15 15
302 318 15 15
302 319 15 15
302 308 15 15
303 306 15 15
303 305 15 15
303 318 15 15
303 311 15 15
99 67 4 3
87 44 4 2
93 6 4 0
98 20 4 1
117 86 5 4
117 16 5 0
103 72 5 3
110 22 5 1
134 106 6 5
128 37 6 1
133 87 6 4
126 4 6 0
141 21 7 1
140 79 7 3
148 45 7 2
150 4 7 0
168 95 8 4
169 145 8 7
168 2 8 0
175 51 8 2
182 58 9 2
190 16 9 0
188 113 9 5
199 132 9 6
214 162 10 8
205 53 10 2
206 0 10 0
201 25 10 1
226 197 11 9
234 130 11 6
234 117 11 5
225 82 11 4
251 52 12 2
249 23 12 1
246 173 12 8
245 127 12 6
272 84 13 4
272 9 13 0
261 250 13 12
273 231 13 11
296 194 14 9
290 137 14 6
285 209 14 10
280 237 14 11
306 111 15 5
317 58 15 2
316 73 15 3
305 239 15 11
0 257 0 12
11 287 0 14
9 312 0 15
8 232 0 11
39 180 1 9
31 231 1 11
32 265 1 13
27 283 1 14
52 287 2 14
40 268 2 13
40 226 2 11
56 102 2 5
75 132 3 6
78 233 3 11
63 194 3 9
61 254 3 12
