swNum = 320
edgeNum = 1343

0 0
1 0
2 0
3 0
4 0
5 0
6 0
7 0
8 0
9 0
10 0
11 0
12 0
13 0
14 0
15 0
16 0
17 0
18 0
19 0
20 1
21 1
22 1
23 1
24 1
25 1
26 1
27 1
28 1
29 1
30 1
31 1
32 1
33 1
34 1
35 1
36 1
37 1
38 1
39 1
40 2
41 2
42 2
43 2
44 2
45 2
46 2
47 2
48 2
49 2
50 2
51 2
52 2
53 2
54 2
55 2
56 2
57 2
58 2
59 2
60 3
61 3
62 3
63 3
64 3
65 3
66 3
67 3
68 3
69 3
70 3
71 3
72 3
73 3
74 3
75 3
76 3
77 3
78 3
79 3
80 4
81 4
82 4
83 4
84 4
85 4
86 4
87 4
88 4
89 4
90 4
91 4
92 4
93 4
94 4
95 4
96 4
97 4
98 4
99 4
100 5
101 5
102 5
103 5
104 5
105 5
106 5
107 5
108 5
109 5
110 5
111 5
112 5
113 5
114 5
115 5
116 5
117 5
118 5
119 5
120 6
121 6
122 6
123 6
124 6
125 6
126 6
127 6
128 6
129 6
130 6
131 6
132 6
133 6
134 6
135 6
136 6
137 6
138 6
139 6
140 7
141 7
142 7
143 7
144 7
145 7
146 7
147 7
148 7
149 7
150 7
151 7
152 7
153 7
154 7
155 7
156 7
157 7
158 7
159 7
160 8
161 8
162 8
163 8
164 8
165 8
166 8
167 8
168 8
169 8
170 8
171 8
172 8
173 8
174 8
175 8
176 8
177 8
178 8
179 8
180 9
181 9
182 9
183 9
184 9
185 9
186 9
187 9
188 9
189 9
190 9
191 9
192 9
193 9
194 9
195 9
196 9
197 9
198 9
199 9
200 10
201 10
202 10
203 10
204 10
205 10
206 10
207 10
208 10
209 10
210 10
211 10
212 10
213 10
214 10
215 10
216 10
217 10
218 10
219 10
220 11
221 11
222 11
223 11
224 11
225 11
226 11
227 11
228 11
229 11
230 11
231 11
232 11
233 11
234 11
235 11
236 11
237 11
238 11
239 11
240 12
241 12
242 12
243 12
244 12
245 12
246 12
247 12
248 12
249 12
250 12
251 12
252 12
253 12
254 12
255 12
256 12
257 12
258 12
259 12
260 13
261 13
262 13
263 13
264 13
265 13
266 13
267 13
268 13
269 13
270 13
271 13
272 13
273 13
274 13
275 13
276 13
277 13
278 13
279 13
280 14
281 14
282 14
283 14
284 14
285 14
286 14
287 14
288 14
289 14
290 14
291 14
292 14
293 14
294 14
295 14
296 14
297 14
298 14
299 14
300 15
301 15
302 15
303 15
304 15
305 15
306 15
307 15
308 15
309 15
310 15
311 15
312 15
313 15
314 15
315 15
316 15
317 15
318 15
319 15

4 0 0 0
4 3 0 0
4 2 0 0
4 1 0 0
5 3 0 0
5 4 0 0
5 2 0 0
5 1 0 0
6 4 0 0
6 3 0 0
6 1 0 0
6 5 0 0
7 3 0 0
7 6 0 0
7 4 0 0
7 0 0 0
8 7 0 0
8 1 0 0
8 6 0 0
8 2 0 0
9 6 0 0
9 7 0 0
9 4 0 0
9 3 0 0
10 3 0 0
10 2 0 0
10 6 0 0
10 7 0 0
11 4 0 0
11 2 0 0
11 8 0 0
11 5 0 0
12 0 0 0
12 11 0 0
12 9 0 0
12 1 0 0
13 2 0 0
13 8 0 0
13 1 0 0
13 5 0 0
14 1 0 0
14 5 0 0
14 11 0 0
14 0 0 0
15 9 0 0
15 12 0 0
15 0 0 0
15 3 0 0
16 8 0 0
16 3 0 0
16 15 0 0
16 6 0 0
17 6 0 0
17 3 0 0
17 16 0 0
17 9 0 0
18 0 0 0
18 15 0 0
18 12 0 0
18 2 0 0
19 9 0 0
19 3 0 0
19 16 0 0
19 18 0 0
0 13 0 0
0 11 0 0
0 19 0 0
0 9 0 0
1 15 0 0
1 11 0 0
1 19 0 0
1 18 0 0
2 12 0 0
2 14 0 0
2 9 0 0
2 7 0 0
3 8 0 0
3 18 0 0
3 13 0 0
3 14 0 0
24 20 1 1
24 23 1 1
24 22 1 1
24 21 1 1
25 24 1 1
25 23 1 1
25 22 1 1
25 20 1 1
26 25 1 1
26 21 1 1
26 24 1 1
26 22 1 1
27 22 1 1
27 23 1 1
27 24 1 1
27 25 1 1
28 21 1 1
28 22 1 1
28 26 1 1
28 20 1 1
29 26 1 1
29 21 1 1
29 22 1 1
29 23 1 1
30 26 1 1
30 21 1 1
30 24 1 1
30 28 1 1
31 25 1 1
31 27 1 1
31 22 1 1
31 20 1 1
32 26 1 1
32 24 1 1
32 21 1 1
32 31 1 1
33 28 1 1
33 22 1 1
33 30 1 1
33 31 1 1
34 23 1 1
34 20 1 1
34 22 1 1
34 28 1 1
35 28 1 1
35 32 1 1
35 33 1 1
35 30 1 1
36 21 1 1
36 29 1 1
36 33 1 1
36 30 1 1
37 27 1 1
37 33 1 1
37 28 1 1
37 35 1 1
38 34 1 1
38 21 1 1
38 33 1 1
38 28 1 1
39 37 1 1
39 29 1 1
39 28 1 1
39 32 1 1
20 27 1 1
20 36 1 1
20 35 1 1
20 30 1 1
21 33 1 1
21 35 1 1
21 39 1 1
21 34 1 1
22 32 1 1
22 38 1 1
22 37 1 1
22 35 1 1
23 31 1 1
23 33 1 1
23 35 1 1
23 38 1 1
44 40 2 2
44 43 2 2
44 41 2 2
44 42 2 2
45 40 2 2
45 42 2 2
45 43 2 2
45 41 2 2
46 44 2 2
46 41 2 2
46 43 2 2
46 45 2 2
47 44 2 2
47 40 2 2
47 45 2 2
47 41 2 2
48 42 2 2
48 45 2 2
48 46 2 2
48 47 2 2
49 40 2 2
49 41 2 2
49 48 2 2
49 47 2 2
50 46 2 2
50 42 2 2
50 40 2 2
50 44 2 2
51 40 2 2
51 48 2 2
51 46 2 2
51 45 2 2
52 51 2 2
52 45 2 2
52 48 2 2
52 42 2 2
53 51 2 2
53 52 2 2
53 42 2 2
53 48 2 2
54 41 2 2
54 46 2 2
54 53 2 2
54 45 2 2
55 48 2 2
55 42 2 2
55 44 2 2
55 49 2 2
56 54 2 2
56 46 2 2
56 40 2 2
56 41 2 2
57 56 2 2
57 43 2 2
57 47 2 2
57 45 2 2
58 50 2 2
58 41 2 2
58 46 2 2
58 45 2 2
59 49 2 2
59 45 2 2
59 48 2 2
59 54 2 2
40 58 2 2
40 53 2 2
40 59 2 2
40 52 2 2
41 50 2 2
41 51 2 2
41 59 2 2
41 57 2 2
42 49 2 2
42 58 2 2
42 59 2 2
42 54 2 2
43 54 2 2
43 49 2 2
43 50 2 2
43 48 2 2
64 60 3 3
64 63 3 3
64 62 3 3
64 61 3 3
65 64 3 3
65 61 3 3
65 63 3 3
65 60 3 3
66 61 3 3
66 62 3 3
66 65 3 3
66 63 3 3
67 66 3 3
67 61 3 3
67 62 3 3
67 63 3 3
68 67 3 3
68 63 3 3
68 62 3 3
68 61 3 3
69 64 3 3
69 65 3 3
69 62 3 3
69 68 3 3
70 64 3 3
70 62 3 3
70 67 3 3
70 65 3 3
71 69 3 3
71 65 3 3
71 70 3 3
71 64 3 3
72 69 3 3
72 71 3 3
72 64 3 3
72 70 3 3
73 65 3 3
73 64 3 3
73 68 3 3
73 72 3 3
74 73 3 3
74 67 3 3
74 61 3 3
74 62 3 3
75 66 3 3
75 67 3 3
75 63 3 3
75 60 3 3
76 61 3 3
76 71 3 3
76 67 3 3
76 66 3 3
77 64 3 3
77 71 3 3
77 69 3 3
77 61 3 3
78 70 3 3
78 60 3 3
78 76 3 3
78 67 3 3
79 65 3 3
79 75 3 3
79 67 3 3
79 70 3 3
60 79 3 3
60 66 3 3
60 74 3 3
60 76 3 3
61 73 3 3
61 75 3 3
61 78 3 3
61 72 3 3
62 75 3 3
62 76 3 3
62 77 3 3
62 79 3 3
63 69 3 3
63 70 3 3
63 79 3 3
63 76 3 3
84 80 4 4
84 82 4 4
84 81 4 4
84 83 4 4
85 82 4 4
85 80 4 4
85 81 4 4
85 84 4 4
86 84 4 4
86 82 4 4
86 81 4 4
86 83 4 4
87 82 4 4
87 85 4 4
87 86 4 4
87 80 4 4
88 81 4 4
88 86 4 4
88 87 4 4
88 82 4 4
89 86 4 4
89 82 4 4
89 84 4 4
89 81 4 4
90 83 4 4
90 86 4 4
90 89 4 4
90 87 4 4
91 84 4 4
91 86 4 4
91 83 4 4
91 89 4 4
92 91 4 4
92 90 4 4
92 85 4 4
92 80 4 4
93 89 4 4
93 88 4 4
93 83 4 4
93 90 4 4
94 92 4 4
94 85 4 4
94 80 4 4
94 83 4 4
95 84 4 4
95 91 4 4
95 88 4 4
95 81 4 4
96 95 4 4
96 93 4 4
96 83 4 4
96 82 4 4
97 88 4 4
97 86 4 4
97 95 4 4
97 96 4 4
98 81 4 4
98 85 4 4
98 89 4 4
98 88 4 4
99 90 4 4
99 93 4 4
99 92 4 4
99 83 4 4
80 97 4 4
80 93 4 4
80 99 4 4
80 90 4 4
81 97 4 4
81 91 4 4
81 92 4 4
81 93 4 4
82 98 4 4
82 95 4 4
82 91 4 4
82 90 4 4
83 88 4 4
83 97 4 4
83 98 4 4
83 87 4 4
104 101 5 5
104 103 5 5
104 102 5 5
104 100 5 5
105 101 5 5
105 104 5 5
105 100 5 5
105 103 5 5
106 100 5 5
106 103 5 5
106 104 5 5
106 105 5 5
107 105 5 5
107 100 5 5
107 103 5 5
107 102 5 5
108 103 5 5
108 104 5 5
108 101 5 5
108 106 5 5
109 107 5 5
109 102 5 5
109 108 5 5
109 101 5 5
110 100 5 5
110 106 5 5
110 107 5 5
110 109 5 5
111 105 5 5
111 109 5 5
111 107 5 5
111 103 5 5
112 102 5 5
112 111 5 5
112 106 5 5
112 100 5 5
113 107 5 5
113 111 5 5
113 101 5 5
113 108 5 5
114 106 5 5
114 111 5 5
114 113 5 5
114 109 5 5
115 108 5 5
115 101 5 5
115 111 5 5
115 103 5 5
116 106 5 5
116 107 5 5
116 113 5 5
116 105 5 5
117 116 5 5
117 107 5 5
117 100 5 5
117 106 5 5
118 116 5 5
118 109 5 5
118 115 5 5
118 106 5 5
119 104 5 5
119 115 5 5
119 102 5 5
119 108 5 5
100 111 5 5
100 108 5 5
100 118 5 5
100 113 5 5
101 116 5 5
101 119 5 5
101 111 5 5
101 118 5 5
102 111 5 5
102 114 5 5
102 106 5 5
102 108 5 5
103 113 5 5
103 116 5 5
103 109 5 5
103 119 5 5
124 122 6 6
124 123 6 6
124 120 6 6
124 121 6 6
125 122 6 6
125 124 6 6
125 123 6 6
125 120 6 6
126 121 6 6
126 123 6 6
126 125 6 6
126 122 6 6
127 125 6 6
127 121 6 6
127 123 6 6
127 124 6 6
128 127 6 6
128 121 6 6
128 124 6 6
128 125 6 6
129 120 6 6
129 123 6 6
129 121 6 6
129 127 6 6
130 128 6 6
130 124 6 6
130 125 6 6
130 123 6 6
131 123 6 6
131 128 6 6
131 121 6 6
131 122 6 6
132 121 6 6
132 125 6 6
132 128 6 6
132 120 6 6
133 121 6 6
133 127 6 6
133 128 6 6
133 131 6 6
134 121 6 6
134 127 6 6
134 128 6 6
134 126 6 6
135 129 6 6
135 124 6 6
135 122 6 6
135 125 6 6
136 120 6 6
136 133 6 6
136 127 6 6
136 129 6 6
137 130 6 6
137 136 6 6
137 127 6 6
137 123 6 6
138 132 6 6
138 128 6 6
138 127 6 6
138 134 6 6
139 138 6 6
139 133 6 6
139 126 6 6
139 123 6 6
120 127 6 6
120 137 6 6
120 133 6 6
120 131 6 6
121 139 6 6
121 138 6 6
121 136 6 6
121 137 6 6
122 127 6 6
122 137 6 6
122 134 6 6
122 130 6 6
123 128 6 6
123 132 6 6
123 134 6 6
123 133 6 6
144 140 7 7
144 141 7 7
144 143 7 7
144 142 7 7
145 144 7 7
145 143 7 7
145 141 7 7
145 140 7 7
146 144 7 7
146 143 7 7
146 140 7 7
146 141 7 7
147 140 7 7
147 141 7 7
147 142 7 7
147 146 7 7
148 141 7 7
148 146 7 7
148 145 7 7
148 143 7 7
149 145 7 7
149 140 7 7
149 143 7 7
149 147 7 7
150 143 7 7
150 144 7 7
150 146 7 7
150 147 7 7
151 146 7 7
151 145 7 7
151 143 7 7
151 142 7 7
152 145 7 7
152 148 7 7
152 149 7 7
152 140 7 7
153 144 7 7
153 148 7 7
153 143 7 7
153 147 7 7
154 147 7 7
154 146 7 7
154 150 7 7
154 141 7 7
155 141 7 7
155 153 7 7
155 140 7 7
155 152 7 7
156 150 7 7
156 154 7 7
156 153 7 7
156 144 7 7
157 147 7 7
157 142 7 7
157 146 7 7
157 152 7 7
158 145 7 7
158 142 7 7
158 141 7 7
158 151 7 7
159 155 7 7
159 150 7 7
159 151 7 7
159 148 7 7
140 158 7 7
140 151 7 7
140 153 7 7
140 148 7 7
141 153 7 7
141 159 7 7
141 151 7 7
141 152 7 7
142 149 7 7
142 153 7 7
142 148 7 7
142 146 7 7
143 147 7 7
143 157 7 7
143 154 7 7
143 159 7 7
164 160 8 8
164 162 8 8
164 161 8 8
164 163 8 8
165 160 8 8
165 161 8 8
165 164 8 8
165 163 8 8
166 165 8 8
166 160 8 8
166 163 8 8
166 161 8 8
167 162 8 8
167 160 8 8
167 163 8 8
167 165 8 8
168 167 8 8
168 165 8 8
168 161 8 8
168 160 8 8
169 162 8 8
169 168 8 8
169 160 8 8
169 164 8 8
170 162 8 8
170 164 8 8
170 169 8 8
170 161 8 8
171 163 8 8
171 162 8 8
171 164 8 8
171 167 8 8
172 171 8 8
172 163 8 8
172 167 8 8
172 161 8 8
173 168 8 8
173 164 8 8
173 170 8 8
173 167 8 8
174 169 8 8
174 162 8 8
174 167 8 8
174 172 8 8
175 171 8 8
175 170 8 8
175 173 8 8
175 165 8 8
176 162 8 8
176 164 8 8
176 175 8 8
176 172 8 8
177 166 8 8
177 176 8 8
177 169 8 8
177 163 8 8
178 160 8 8
178 165 8 8
178 171 8 8
178 167 8 8
179 164 8 8
179 177 8 8
179 167 8 8
179 175 8 8
160 177 8 8
160 172 8 8
160 173 8 8
160 171 8 8
161 174 8 8
161 167 8 8
161 177 8 8
161 171 8 8
162 179 8 8
162 178 8 8
162 177 8 8
162 175 8 8
163 168 8 8
163 179 8 8
163 174 8 8
163 176 8 8
184 180 9 9
184 181 9 9
184 183 9 9
184 182 9 9
185 184 9 9
185 183 9 9
185 181 9 9
185 182 9 9
186 185 9 9
186 184 9 9
186 183 9 9
186 180 9 9
187 180 9 9
187 181 9 9
187 184 9 9
187 185 9 9
188 186 9 9
188 185 9 9
188 184 9 9
188 182 9 9
189 188 9 9
189 187 9 9
189 186 9 9
189 185 9 9
190 189 9 9
190 185 9 9
190 184 9 9
190 188 9 9
191 190 9 9
191 184 9 9
191 189 9 9
191 181 9 9
192 181 9 9
192 184 9 9
192 182 9 9
192 180 9 9
193 182 9 9
193 188 9 9
193 192 9 9
193 181 9 9
194 187 9 9
194 184 9 9
194 180 9 9
194 181 9 9
195 189 9 9
195 182 9 9
195 193 9 9
195 188 9 9
196 189 9 9
196 186 9 9
196 190 9 9
196 191 9 9
197 181 9 9
197 186 9 9
197 184 9 9
197 187 9 9
198 187 9 9
198 184 9 9
198 180 9 9
198 194 9 9
199 192 9 9
199 183 9 9
199 193 9 9
199 180 9 9
180 185 9 9
180 190 9 9
180 197 9 9
180 196 9 9
181 190 9 9
181 195 9 9
181 198 9 9
181 189 9 9
182 194 9 9
182 199 9 9
182 187 9 9
182 191 9 9
183 193 9 9
183 197 9 9
183 195 9 9
183 198 9 9
204 201 10 10
204 203 10 10
204 202 10 10
204 200 10 10
205 203 10 10
205 200 10 10
205 202 10 10
205 204 10 10
206 203 10 10
206 201 10 10
206 202 10 10
206 204 10 10
207 203 10 10
207 200 10 10
207 205 10 10
207 201 10 10
208 200 10 10
208 207 10 10
208 205 10 10
208 203 10 10
209 208 10 10
209 203 10 10
209 207 10 10
209 204 10 10
210 202 10 10
210 206 10 10
210 209 10 10
210 205 10 10
211 202 10 10
211 209 10 10
211 200 10 10
211 208 10 10
212 205 10 10
212 209 10 10
212 200 10 10
212 202 10 10
213 209 10 10
213 210 10 10
213 208 10 10
213 202 10 10
214 210 10 10
214 213 10 10
214 211 10 10
214 208 10 10
215 213 10 10
215 210 10 10
215 206 10 10
215 211 10 10
216 210 10 10
216 211 10 10
216 209 10 10
216 202 10 10
217 202 10 10
217 216 10 10
217 211 10 10
217 206 10 10
218 212 10 10
218 200 10 10
218 207 10 10
218 202 10 10
219 216 10 10
219 217 10 10
219 203 10 10
219 208 10 10
200 210 10 10
200 209 10 10
200 215 10 10
200 216 10 10
201 213 10 10
201 212 10 10
201 216 10 10
201 210 10 10
202 207 10 10
202 219 10 10
202 215 10 10
202 209 10 10
203 217 10 10
203 216 10 10
203 218 10 10
203 212 10 10
224 220 11 11
224 221 11 11
224 223 11 11
224 222 11 11
225 223 11 11
225 224 11 11
225 222 11 11
225 221 11 11
226 224 11 11
226 220 11 11
226 221 11 11
226 222 11 11
227 220 11 11
227 224 11 11
227 222 11 11
227 221 11 11
228 222 11 11
228 226 11 11
228 224 11 11
228 221 11 11
229 222 11 11
229 227 11 11
229 226 11 11
229 220 11 11
230 223 11 11
230 228 11 11
230 220 11 11
230 226 11 11
231 230 11 11
231 221 11 11
231 222 11 11
231 224 11 11
232 228 11 11
232 227 11 11
232 226 11 11
232 222 11 11
233 232 11 11
233 223 11 11
233 231 11 11
233 220 11 11
234 229 11 11
234 225 11 11
234 228 11 11
234 227 11 11
235 225 11 11
235 232 11 11
235 227 11 11
235 229 11 11
236 221 11 11
236 233 11 11
236 230 11 11
236 220 11 11
237 221 11 11
237 224 11 11
237 233 11 11
237 235 11 11
238 228 11 11
238 220 11 11
238 226 11 11
238 233 11 11
239 238 11 11
239 220 11 11
239 236 11 11
239 225 11 11
220 228 11 11
220 225 11 11
220 232 11 11
220 231 11 11
221 230 11 11
221 239 11 11
221 238 11 11
221 232 11 11
222 236 11 11
222 234 11 11
222 230 11 11
222 238 11 11
223 238 11 11
223 226 11 11
223 237 11 11
223 236 11 11
244 240 12 12
244 242 12 12
244 243 12 12
244 241 12 12
245 240 12 12
245 242 12 12
245 241 12 12
245 244 12 12
246 244 12 12
246 240 12 12
246 241 12 12
246 245 12 12
247 246 12 12
247 241 12 12
247 245 12 12
247 240 12 12
248 242 12 12
248 240 12 12
248 247 12 12
248 245 12 12
249 241 12 12
249 242 12 12
249 244 12 12
249 247 12 12
250 249 12 12
250 243 12 12
250 245 12 12
250 242 12 12
251 248 12 12
251 240 12 12
251 241 12 12
251 249 12 12
252 240 12 12
252 245 12 12
252 251 12 12
252 246 12 12
253 249 12 12
253 244 12 12
253 240 12 12
253 251 12 12
254 241 12 12
254 251 12 12
254 242 12 12
254 249 12 12
255 247 12 12
255 248 12 12
255 242 12 12
255 254 12 12
256 247 12 12
256 241 12 12
256 246 12 12
256 242 12 12
257 253 12 12
257 250 12 12
257 255 12 12
257 246 12 12
258 248 12 12
258 245 12 12
258 240 12 12
258 249 12 12
259 249 12 12
259 241 12 12
259 247 12 12
259 253 12 12
240 254 12 12
240 259 12 12
240 256 12 12
240 249 12 12
241 257 12 12
241 255 12 12
241 248 12 12
241 253 12 12
242 253 12 12
242 259 12 12
242 252 12 12
242 247 12 12
243 254 12 12
243 251 12 12
243 249 12 12
243 258 12 12
264 261 13 13
264 262 13 13
264 263 13 13
264 260 13 13
265 262 13 13
265 263 13 13
265 261 13 13
265 264 13 13
266 262 13 13
266 263 13 13
266 264 13 13
266 265 13 13
267 263 13 13
267 264 13 13
267 265 13 13
267 262 13 13
268 262 13 13
268 267 13 13
268 265 13 13
268 266 13 13
269 267 13 13
269 262 13 13
269 260 13 13
269 263 13 13
270 269 13 13
270 265 13 13
270 266 13 13
270 261 13 13
271 260 13 13
271 270 13 13
271 263 13 13
271 261 13 13
272 263 13 13
272 270 13 13
272 271 13 13
272 261 13 13
273 261 13 13
273 262 13 13
273 264 13 13
273 269 13 13
274 271 13 13
274 272 13 13
274 269 13 13
274 270 13 13
275 260 13 13
275 264 13 13
275 262 13 13
275 271 13 13
276 275 13 13
276 267 13 13
276 264 13 13
276 269 13 13
277 260 13 13
277 273 13 13
277 274 13 13
277 261 13 13
278 267 13 13
278 271 13 13
278 270 13 13
278 261 13 13
279 262 13 13
279 272 13 13
279 275 13 13
279 264 13 13
260 273 13 13
260 278 13 13
260 272 13 13
260 265 13 13
261 274 13 13
261 276 13 13
261 275 13 13
261 267 13 13
262 276 13 13
262 272 13 13
262 277 13 13
262 271 13 13
263 274 13 13
263 275 13 13
263 273 13 13
263 276 13 13
284 283 14 14
284 281 14 14
284 280 14 14
284 282 14 14
285 281 14 14
285 280 14 14
285 283 14 14
285 282 14 14
286 284 14 14
286 282 14 14
286 285 14 14
286 280 14 14
287 285 14 14
287 286 14 14
287 282 14 14
287 280 14 14
288 280 14 14
288 283 14 14
288 281 14 14
288 282 14 14
289 281 14 14
289 287 14 14
289 283 14 14
289 285 14 14
290 280 14 14
290 281 14 14
290 285 14 14
290 282 14 14
291 285 14 14
291 289 14 14
291 284 14 14
291 290 14 14
292 285 14 14
292 291 14 14
292 283 14 14
292 280 14 14
293 288 14 14
293 285 14 14
293 286 14 14
293 290 14 14
294 289 14 14
294 284 14 14
294 285 14 14
294 292 14 14
295 280 14 14
295 288 14 14
295 294 14 14
295 282 14 14
296 288 14 14
296 281 14 14
296 286 14 14
296 289 14 14
297 295 14 14
297 293 14 14
297 291 14 14
297 286 14 14
298 285 14 14
298 289 14 14
298 294 14 14
298 292 14 14
299 286 14 14
299 282 14 14
299 288 14 14
299 287 14 14
280 296 14 14
280 298 14 14
280 294 14 14
280 289 14 14
281 298 14 14
281 291 14 14
281 297 14 14
281 292 14 14
282 289 14 14
282 294 14 14
282 293 14 14
282 297 14 14
283 295 14 14
283 298 14 14
283 294 14 14
283 297 14 14
304 302 15 15
304 300 15 15
304 303 15 15
304 301 15 15
305 301 15 15
305 304 15 15
305 303 15 15
305 300 15 15
306 303 15 15
306 300 15 15
306 301 15 15
306 304 15 15
307 300 15 15
307 302 15 15
307 303 15 15
307 301 15 15
308 306 15 15
308 301 15 15
308 302 15 15
308 304 15 15
309 302 15 15
309 307 15 15
309 304 15 15
309 308 15 15
310 306 15 15
310 302 15 15
310 308 15 15
310 309 15 15
311 307 15 15
311 301 15 15
311 309 15 15
311 303 15 15
312 308 15 15
312 304 15 15
312 306 15 15
312 300 15 15
313 305 15 15
313 301 15 15
313 309 15 15
313 300 15 15
314 303 15 15
314 305 15 15
314 309 15 15
314 304 15 15
315 311 15 15
315 300 15 15
315 307 15 15
315 312 15 15
316 303 15 15
316 315 15 15
316 301 15 15
316 302 15 15
317 315 15 15
317 304 15 15
317 300 15 15
317 308 15 15
318 309 15 15
318 305 15 15
318 314 15 15
318 310 15 15
319 309 15 15
319 307 15 15
319 308 15 15
319 306 15 15
300 311 15 15
300 319 15 15
300 316 15 15
300 308 15 15
301 315 15 15
301 319 15 15
301 318 15 15
301 317 15 15
302 315 15 15
302 312 15 15
302 311 15 15
302 318 15 15
303 315 15 15
303 319 15 15
303 310 15 15
303 313 15 15
90 41 4 2
98 70 4 3
87 5 4 0
83 27 4 1
110 46 5 2
101 66 5 3
119 13 5 0
108 32 5 1
123 23 6 1
126 9 6 0
138 60 6 3
139 46 6 2
142 50 7 2
155 129 7 6
157 2 7 0
152 104 7 5
165 88 8 4
161 52 8 2
163 144 8 7
167 112 8 5
195 162 9 8
186 145 9 7
193 86 9 4
199 56 9 2
203 131 10 6
208 165 10 8
211 65 10 3
201 187 10 9
231 206 11 10
236 131 11 6
233 61 11 3
226 108 11 5
246 93 12 4
258 191 12 9
247 59 12 2
251 218 12 10
264 10 13 0
262 55 13 2
279 30 13 1
271 168 13 8
299 172 14 8
281 104 14 5
293 94 14 4
287 207 14 10
315 43 15 2
305 112 15 5
314 171 15 8
316 275 15 13
12 246 0 12
6 318 0 15
14 236 0 11
14 186 0 9
31 236 1 11
37 249 1 12
34 281 1 14
27 316 1 15
55 288 2 14
40 201 2 10
56 230 2 11
63 298 3 14
78 164 3 8
63 261 3 13
76 304 3 15
