swNum = 320
edgeNum = 1343

0 0
1 0
2 0
3 0
4 0
5 0
6 0
7 0
8 0
9 0
10 0
11 0
12 0
13 0
14 0
15 0
16 0
17 0
18 0
19 0
20 1
21 1
22 1
23 1
24 1
25 1
26 1
27 1
28 1
29 1
30 1
31 1
32 1
33 1
34 1
35 1
36 1
37 1
38 1
39 1
40 2
41 2
42 2
43 2
44 2
45 2
46 2
47 2
48 2
49 2
50 2
51 2
52 2
53 2
54 2
55 2
56 2
57 2
58 2
59 2
60 3
61 3
62 3
63 3
64 3
65 3
66 3
67 3
68 3
69 3
70 3
71 3
72 3
73 3
74 3
75 3
76 3
77 3
78 3
79 3
80 4
81 4
82 4
83 4
84 4
85 4
86 4
87 4
88 4
89 4
90 4
91 4
92 4
93 4
94 4
95 4
96 4
97 4
98 4
99 4
100 5
101 5
102 5
103 5
104 5
105 5
106 5
107 5
108 5
109 5
110 5
111 5
112 5
113 5
114 5
115 5
116 5
117 5
118 5
119 5
120 6
121 6
122 6
123 6
124 6
125 6
126 6
127 6
128 6
129 6
130 6
131 6
132 6
133 6
134 6
135 6
136 6
137 6
138 6
139 6
140 7
141 7
142 7
143 7
144 7
145 7
146 7
147 7
148 7
149 7
150 7
151 7
152 7
153 7
154 7
155 7
156 7
157 7
158 7
159 7
160 8
161 8
162 8
163 8
164 8
165 8
166 8
167 8
168 8
169 8
170 8
171 8
172 8
173 8
174 8
175 8
176 8
177 8
178 8
179 8
180 9
181 9
182 9
183 9
184 9
185 9
186 9
187 9
188 9
189 9
190 9
191 9
192 9
193 9
194 9
195 9
196 9
197 9
198 9
199 9
200 10
201 10
202 10
203 10
204 10
205 10
206 10
207 10
208 10
209 10
210 10
211 10
212 10
213 10
214 10
215 10
216 10
217 10
218 10
219 10
220 11
221 11
222 11
223 11
224 11
225 11
226 11
227 11
228 11
229 11
230 11
231 11
232 11
233 11
234 11
235 11
236 11
237 11
238 11
239 11
240 12
241 12
242 12
243 12
244 12
245 12
246 12
247 12
248 12
249 12
250 12
251 12
252 12
253 12
254 12
255 12
256 12
257 12
258 12
259 12
260 13
261 13
262 13
263 13
264 13
265 13
266 13
267 13
268 13
269 13
270 13
271 13
272 13
273 13
274 13
275 13
276 13
277 13
278 13
279 13
280 14
281 14
282 14
283 14
284 14
285 14
286 14
287 14
288 14
289 14
290 14
291 14
292 14
293 14
294 14
295 14
296 14
297 14
298 14
299 14
300 15
301 15
302 15
303 15
304 15
305 15
306 15
307 15
308 15
309 15
310 15
311 15
312 15
313 15
314 15
315 15
316 15
317 15
318 15
319 15

4 1 0 0
4 0 0 0
4 2 0 0
4 3 0 0
5 2 0 0
5 0 0 0
5 4 0 0
5 3 0 0
6 1 0 0
6 5 0 0
6 2 0 0
6 0 0 0
7 4 0 0
7 3 0 0
7 0 0 0
7 1 0 0
8 2 0 0
8 0 0 0
8 1 0 0
8 5 0 0
9 3 0 0
9 6 0 0
9 1 0 0
9 8 0 0
10 3 0 0
10 8 0 0
10 7 0 0
10 9 0 0
11 5 0 0
11 0 0 0
11 2 0 0
11 4 0 0
12 9 0 0
12 8 0 0
12 5 0 0
12 10 0 0
13 12 0 0
13 3 0 0
13 5 0 0
13 9 0 0
14 9 0 0
14 6 0 0
14 3 0 0
14 1 0 0
15 5 0 0
15 10 0 0
15 0 0 0
15 14 0 0
16 4 0 0
16 9 0 0
16 11 0 0
16 1 0 0
17 5 0 0
17 3 0 0
17 15 0 0
17 8 0 0
18 3 0 0
18 14 0 0
18 15 0 0
18 6 0 0
19 5 0 0
19 15 0 0
19 2 0 0
19 8 0 0
0 13 0 0
0 12 0 0
0 17 0 0
0 14 0 0
1 11 0 0
1 5 0 0
1 18 0 0
1 17 0 0
2 12 0 0
2 13 0 0
2 9 0 0
2 7 0 0
3 8 0 0
3 12 0 0
3 15 0 0
3 16 0 0
24 22 1 1
24 20 1 1
24 23 1 1
24 21 1 1
25 23 1 1
25 22 1 1
25 24 1 1
25 21 1 1
26 22 1 1
26 20 1 1
26 24 1 1
26 21 1 1
27 25 1 1
27 22 1 1
27 23 1 1
27 21 1 1
28 25 1 1
28 21 1 1
28 23 1 1
28 22 1 1
29 23 1 1
29 24 1 1
29 26 1 1
29 25 1 1
30 28 1 1
30 21 1 1
30 23 1 1
30 25 1 1
31 26 1 1
31 20 1 1
31 23 1 1
31 21 1 1
32 27 1 1
32 26 1 1
32 29 1 1
32 25 1 1
33 27 1 1
33 32 1 1
33 29 1 1
33 25 1 1
34 20 1 1
34 21 1 1
34 26 1 1
34 22 1 1
35 34 1 1
35 32 1 1
35 29 1 1
35 21 1 1
36 27 1 1
36 34 1 1
36 29 1 1
36 21 1 1
37 28 1 1
37 21 1 1
37 23 1 1
37 30 1 1
38 37 1 1
38 31 1 1
38 29 1 1
38 35 1 1
39 22 1 1
39 30 1 1
39 28 1 1
39 24 1 1
20 36 1 1
20 39 1 1
20 38 1 1
20 37 1 1
21 32 1 1
21 29 1 1
21 39 1 1
21 38 1 1
22 37 1 1
22 29 1 1
22 36 1 1
22 35 1 1
23 39 1 1
23 35 1 1
23 32 1 1
23 34 1 1
44 41 2 2
44 42 2 2
44 43 2 2
44 40 2 2
45 43 2 2
45 42 2 2
45 40 2 2
45 41 2 2
46 43 2 2
46 40 2 2
46 44 2 2
46 42 2 2
47 45 2 2
47 43 2 2
47 40 2 2
47 46 2 2
48 40 2 2
48 46 2 2
48 44 2 2
48 45 2 2
49 45 2 2
49 44 2 2
49 47 2 2
49 41 2 2
50 42 2 2
50 44 2 2
50 46 2 2
50 43 2 2
51 42 2 2
51 49 2 2
51 48 2 2
51 44 2 2
52 46 2 2
52 40 2 2
52 43 2 2
52 41 2 2
53 48 2 2
53 41 2 2
53 50 2 2
53 42 2 2
54 45 2 2
54 47 2 2
54 51 2 2
54 42 2 2
55 52 2 2
55 51 2 2
55 54 2 2
55 46 2 2
56 50 2 2
56 54 2 2
56 43 2 2
56 53 2 2
57 49 2 2
57 50 2 2
57 48 2 2
57 46 2 2
58 55 2 2
58 43 2 2
58 46 2 2
58 45 2 2
59 54 2 2
59 55 2 2
59 57 2 2
59 56 2 2
40 54 2 2
40 55 2 2
40 58 2 2
40 51 2 2
41 59 2 2
41 46 2 2
41 54 2 2
41 58 2 2
42 57 2 2
42 58 2 2
42 47 2 2
42 55 2 2
43 55 2 2
43 59 2 2
43 54 2 2
43 49 2 2
64 60 3 3
64 62 3 3
64 61 3 3
64 63 3 3
65 63 3 3
65 64 3 3
65 60 3 3
65 62 3 3
66 60 3 3
66 61 3 3
66 65 3 3
66 63 3 3
67 65 3 3
67 66 3 3
67 61 3 3
67 62 3 3
68 65 3 3
68 63 3 3
68 64 3 3
68 60 3 3
69 60 3 3
69 68 3 3
69 64 3 3
69 62 3 3
70 60 3 3
70 62 3 3
70 67 3 3
70 64 3 3
71 60 3 3
71 63 3 3
71 66 3 3
71 65 3 3
72 61 3 3
72 67 3 3
72 65 3 3
72 66 3 3
73 67 3 3
73 71 3 3
73 61 3 3
73 70 3 3
74 65 3 3
74 66 3 3
74 69 3 3
74 67 3 3
75 68 3 3
75 70 3 3
75 64 3 3
75 74 3 3
76 66 3 3
76 72 3 3
76 60 3 3
76 61 3 3
77 76 3 3
77 67 3 3
77 61 3 3
77 71 3 3
78 61 3 3
78 71 3 3
78 68 3 3
78 60 3 3
79 63 3 3
79 78 3 3
79 60 3 3
79 64 3 3
60 74 3 3
60 72 3 3
60 67 3 3
60 73 3 3
61 68 3 3
61 75 3 3
61 65 3 3
61 71 3 3
62 78 3 3
62 74 3 3
62 71 3 3
62 77 3 3
63 75 3 3
63 69 3 3
63 74 3 3
63 78 3 3
84 80 4 4
84 81 4 4
84 82 4 4
84 83 4 4
85 81 4 4
85 84 4 4
85 82 4 4
85 80 4 4
86 84 4 4
86 82 4 4
86 85 4 4
86 80 4 4
87 82 4 4
87 81 4 4
87 86 4 4
87 80 4 4
88 87 4 4
88 82 4 4
88 80 4 4
88 85 4 4
89 83 4 4
89 88 4 4
89 86 4 4
89 81 4 4
90 82 4 4
90 80 4 4
90 84 4 4
90 88 4 4
91 84 4 4
91 90 4 4
91 87 4 4
91 81 4 4
92 89 4 4
92 83 4 4
92 80 4 4
92 91 4 4
93 82 4 4
93 88 4 4
93 86 4 4
93 87 4 4
94 93 4 4
94 81 4 4
94 85 4 4
94 83 4 4
95 88 4 4
95 92 4 4
95 87 4 4
95 91 4 4
96 86 4 4
96 80 4 4
96 87 4 4
96 93 4 4
97 96 4 4
97 82 4 4
97 92 4 4
97 87 4 4
98 83 4 4
98 97 4 4
98 81 4 4
98 91 4 4
99 87 4 4
99 84 4 4
99 89 4 4
99 95 4 4
80 93 4 4
80 94 4 4
80 91 4 4
80 98 4 4
81 92 4 4
81 97 4 4
81 93 4 4
81 99 4 4
82 91 4 4
82 89 4 4
82 99 4 4
82 96 4 4
83 91 4 4
83 88 4 4
83 87 4 4
83 95 4 4
104 103 5 5
104 101 5 5
104 100 5 5
104 102 5 5
105 101 5 5
105 104 5 5
105 100 5 5
105 102 5 5
106 100 5 5
106 102 5 5
106 105 5 5
106 101 5 5
107 105 5 5
107 100 5 5
107 102 5 5
107 101 5 5
108 103 5 5
108 104 5 5
108 105 5 5
108 106 5 5
109 101 5 5
109 107 5 5
109 104 5 5
109 103 5 5
110 102 5 5
110 101 5 5
110 106 5 5
110 108 5 5
111 110 5 5
111 103 5 5
111 101 5 5
111 102 5 5
112 103 5 5
112 105 5 5
112 108 5 5
112 104 5 5
113 108 5 5
113 112 5 5
113 110 5 5
113 102 5 5
114 110 5 5
114 103 5 5
114 112 5 5
114 107 5 5
115 105 5 5
115 106 5 5
115 102 5 5
115 108 5 5
116 112 5 5
116 102 5 5
116 106 5 5
116 105 5 5
117 104 5 5
117 108 5 5
117 102 5 5
117 109 5 5
118 102 5 5
118 107 5 5
118 116 5 5
118 106 5 5
119 101 5 5
119 110 5 5
119 115 5 5
119 100 5 5
100 118 5 5
100 116 5 5
100 115 5 5
100 109 5 5
101 117 5 5
101 118 5 5
101 112 5 5
101 113 5 5
102 119 5 5
102 114 5 5
102 112 5 5
102 109 5 5
103 113 5 5
103 115 5 5
103 106 5 5
103 110 5 5
124 122 6 6
124 123 6 6
124 121 6 6
124 120 6 6
125 124 6 6
125 123 6 6
125 122 6 6
125 121 6 6
126 123 6 6
126 122 6 6
126 125 6 6
126 120 6 6
127 125 6 6
127 124 6 6
127 122 6 6
127 123 6 6
128 120 6 6
128 121 6 6
128 125 6 6
128 123 6 6
129 122 6 6
129 128 6 6
129 125 6 6
129 124 6 6
130 127 6 6
130 121 6 6
130 122 6 6
130 126 6 6
131 130 6 6
131 127 6 6
131 123 6 6
131 124 6 6
132 129 6 6
132 120 6 6
132 127 6 6
132 125 6 6
133 129 6 6
133 120 6 6
133 130 6 6
133 131 6 6
134 127 6 6
134 122 6 6
134 121 6 6
134 129 6 6
135 120 6 6
135 127 6 6
135 122 6 6
135 126 6 6
136 135 6 6
136 124 6 6
136 122 6 6
136 131 6 6
137 123 6 6
137 131 6 6
137 121 6 6
137 130 6 6
138 130 6 6
138 131 6 6
138 133 6 6
138 134 6 6
139 129 6 6
139 123 6 6
139 126 6 6
139 135 6 6
120 134 6 6
120 127 6 6
120 138 6 6
120 137 6 6
121 139 6 6
121 129 6 6
121 138 6 6
121 136 6 6
122 131 6 6
122 128 6 6
122 132 6 6
122 133 6 6
123 134 6 6
123 132 6 6
123 135 6 6
123 129 6 6
144 143 7 7
144 140 7 7
144 141 7 7
144 142 7 7
145 144 7 7
145 143 7 7
145 140 7 7
145 141 7 7
146 143 7 7
146 144 7 7
146 140 7 7
146 142 7 7
147 143 7 7
147 145 7 7
147 140 7 7
147 144 7 7
148 142 7 7
148 144 7 7
148 143 7 7
148 141 7 7
149 148 7 7
149 146 7 7
149 144 7 7
149 143 7 7
150 141 7 7
150 143 7 7
150 148 7 7
150 145 7 7
151 146 7 7
151 147 7 7
151 149 7 7
151 143 7 7
152 148 7 7
152 144 7 7
152 140 7 7
152 141 7 7
153 143 7 7
153 147 7 7
153 148 7 7
153 150 7 7
154 140 7 7
154 151 7 7
154 144 7 7
154 142 7 7
155 141 7 7
155 149 7 7
155 144 7 7
155 146 7 7
156 149 7 7
156 150 7 7
156 148 7 7
156 146 7 7
157 155 7 7
157 151 7 7
157 149 7 7
157 146 7 7
158 141 7 7
158 153 7 7
158 147 7 7
158 150 7 7
159 150 7 7
159 156 7 7
159 147 7 7
159 145 7 7
140 149 7 7
140 153 7 7
140 157 7 7
140 155 7 7
141 147 7 7
141 159 7 7
141 157 7 7
141 146 7 7
142 151 7 7
142 158 7 7
142 147 7 7
142 153 7 7
143 159 7 7
143 157 7 7
143 156 7 7
143 152 7 7
164 162 8 8
164 160 8 8
164 161 8 8
164 163 8 8
165 164 8 8
165 163 8 8
165 161 8 8
165 162 8 8
166 163 8 8
166 162 8 8
166 160 8 8
166 161 8 8
167 162 8 8
167 160 8 8
167 163 8 8
167 166 8 8
168 160 8 8
168 161 8 8
168 165 8 8
168 167 8 8
169 165 8 8
169 164 8 8
169 168 8 8
169 162 8 8
170 160 8 8
170 167 8 8
170 169 8 8
170 166 8 8
171 167 8 8
171 160 8 8
171 169 8 8
171 162 8 8
172 161 8 8
172 166 8 8
172 160 8 8
172 170 8 8
173 170 8 8
173 166 8 8
173 168 8 8
173 165 8 8
174 165 8 8
174 168 8 8
174 162 8 8
174 166 8 8
175 170 8 8
175 166 8 8
175 163 8 8
175 168 8 8
176 166 8 8
176 171 8 8
176 163 8 8
176 162 8 8
177 161 8 8
177 170 8 8
177 173 8 8
177 169 8 8
178 160 8 8
178 171 8 8
178 163 8 8
178 167 8 8
179 176 8 8
179 168 8 8
179 178 8 8
179 161 8 8
160 169 8 8
160 165 8 8
160 176 8 8
160 175 8 8
161 176 8 8
161 173 8 8
161 178 8 8
161 175 8 8
162 172 8 8
162 179 8 8
162 178 8 8
162 168 8 8
163 172 8 8
163 168 8 8
163 170 8 8
163 179 8 8
184 180 9 9
184 182 9 9
184 181 9 9
184 183 9 9
185 180 9 9
185 181 9 9
185 182 9 9
185 184 9 9
186 184 9 9
186 185 9 9
186 181 9 9
186 183 9 9
187 183 9 9
187 180 9 9
187 185 9 9
187 181 9 9
188 187 9 9
188 185 9 9
188 181 9 9
188 186 9 9
189 186 9 9
189 183 9 9
189 185 9 9
189 181 9 9
190 187 9 9
190 182 9 9
190 181 9 9
190 188 9 9
191 183 9 9
191 190 9 9
191 189 9 9
191 186 9 9
192 186 9 9
192 180 9 9
192 188 9 9
192 185 9 9
193 191 9 9
193 187 9 9
193 189 9 9
193 180 9 9
194 191 9 9
194 182 9 9
194 183 9 9
194 186 9 9
195 188 9 9
195 186 9 9
195 189 9 9
195 184 9 9
196 181 9 9
196 180 9 9
196 182 9 9
196 193 9 9
197 193 9 9
197 184 9 9
197 194 9 9
197 180 9 9
198 192 9 9
198 186 9 9
198 196 9 9
198 195 9 9
199 186 9 9
199 189 9 9
199 188 9 9
199 185 9 9
180 191 9 9
180 198 9 9
180 190 9 9
180 188 9 9
181 198 9 9
181 194 9 9
181 199 9 9
181 192 9 9
182 189 9 9
182 193 9 9
182 186 9 9
182 187 9 9
183 193 9 9
183 197 9 9
183 196 9 9
183 195 9 9
204 200 10 10
204 203 10 10
204 202 10 10
204 201 10 10
205 204 10 10
205 203 10 10
205 201 10 10
205 202 10 10
206 205 10 10
206 200 10 10
206 204 10 10
206 201 10 10
207 203 10 10
207 204 10 10
207 201 10 10
207 205 10 10
208 202 10 10
208 205 10 10
208 201 10 10
208 204 10 10
209 207 10 10
209 204 10 10
209 206 10 10
209 208 10 10
210 209 10 10
210 201 10 10
210 208 10 10
210 203 10 10
211 210 10 10
211 208 10 10
211 203 10 10
211 209 10 10
212 208 10 10
212 210 10 10
212 204 10 10
212 205 10 10
213 203 10 10
213 211 10 10
213 208 10 10
213 209 10 10
214 207 10 10
214 201 10 10
214 206 10 10
214 205 10 10
215 208 10 10
215 203 10 10
215 207 10 10
215 204 10 10
216 213 10 10
216 212 10 10
216 208 10 10
216 207 10 10
217 207 10 10
217 204 10 10
217 206 10 10
217 214 10 10
218 202 10 10
218 210 10 10
218 212 10 10
218 215 10 10
219 206 10 10
219 209 10 10
219 207 10 10
219 200 10 10
200 216 10 10
200 210 10 10
200 217 10 10
200 218 10 10
201 212 10 10
201 209 10 10
201 219 10 10
201 218 10 10
202 210 10 10
202 209 10 10
202 212 10 10
202 207 10 10
203 209 10 10
203 218 10 10
203 206 10 10
203 216 10 10
224 221 11 11
224 223 11 11
224 222 11 11
224 220 11 11
225 220 11 11
225 223 11 11
225 224 11 11
225 221 11 11
226 220 11 11
226 224 11 11
226 225 11 11
226 221 11 11
227 222 11 11
227 221 11 11
227 220 11 11
227 223 11 11
228 226 11 11
228 222 11 11
228 224 11 11
228 223 11 11
229 222 11 11
229 224 11 11
229 223 11 11
229 227 11 11
230 228 11 11
230 221 11 11
230 224 11 11
230 220 11 11
231 228 11 11
231 226 11 11
231 230 11 11
231 223 11 11
232 223 11 11
232 221 11 11
232 226 11 11
232 230 11 11
233 220 11 11
233 223 11 11
233 230 11 11
233 228 11 11
234 225 11 11
234 226 11 11
234 228 11 11
234 232 11 11
235 234 11 11
235 232 11 11
235 227 11 11
235 228 11 11
236 234 11 11
236 220 11 11
236 235 11 11
236 228 11 11
237 227 11 11
237 231 11 11
237 228 11 11
237 225 11 11
238 225 11 11
238 222 11 11
238 226 11 11
238 237 11 11
239 224 11 11
239 223 11 11
239 238 11 11
239 222 11 11
220 239 11 11
220 234 11 11
220 228 11 11
220 238 11 11
221 228 11 11
221 229 11 11
221 233 11 11
221 239 11 11
222 237 11 11
222 230 11 11
222 233 11 11
222 235 11 11
223 235 11 11
223 226 11 11
223 238 11 11
223 237 11 11
244 241 12 12
244 242 12 12
244 240 12 12
244 243 12 12
245 244 12 12
245 241 12 12
245 240 12 12
245 242 12 12
246 240 12 12
246 245 12 12
246 244 12 12
246 241 12 12
247 245 12 12
247 240 12 12
247 246 12 12
247 241 12 12
248 243 12 12
248 241 12 12
248 245 12 12
248 240 12 12
249 243 12 12
249 248 12 12
249 245 12 12
249 241 12 12
250 240 12 12
250 247 12 12
250 241 12 12
250 246 12 12
251 246 12 12
251 243 12 12
251 244 12 12
251 249 12 12
252 246 12 12
252 250 12 12
252 249 12 12
252 245 12 12
253 251 12 12
253 242 12 12
253 252 12 12
253 240 12 12
254 247 12 12
254 252 12 12
254 248 12 12
254 246 12 12
255 252 12 12
255 248 12 12
255 250 12 12
255 251 12 12
256 240 12 12
256 247 12 12
256 245 12 12
256 244 12 12
257 246 12 12
257 245 12 12
257 254 12 12
257 250 12 12
258 252 12 12
258 254 12 12
258 243 12 12
258 244 12 12
259 248 12 12
259 241 12 12
259 240 12 12
259 249 12 12
240 251 12 12
240 252 12 12
240 255 12 12
240 254 12 12
241 256 12 12
241 258 12 12
241 251 12 12
241 253 12 12
242 247 12 12
242 259 12 12
242 249 12 12
242 246 12 12
243 255 12 12
243 256 12 12
243 254 12 12
243 253 12 12
264 260 13 13
264 261 13 13
264 263 13 13
264 262 13 13
265 263 13 13
265 262 13 13
265 261 13 13
265 264 13 13
266 265 13 13
266 263 13 13
266 264 13 13
266 262 13 13
267 264 13 13
267 261 13 13
267 260 13 13
267 263 13 13
268 266 13 13
268 263 13 13
268 265 13 13
268 261 13 13
269 265 13 13
269 266 13 13
269 260 13 13
269 263 13 13
270 267 13 13
270 265 13 13
270 269 13 13
270 262 13 13
271 268 13 13
271 261 13 13
271 267 13 13
271 260 13 13
272 268 13 13
272 267 13 13
272 265 13 13
272 271 13 13
273 271 13 13
273 261 13 13
273 263 13 13
273 262 13 13
274 261 13 13
274 265 13 13
274 273 13 13
274 270 13 13
275 271 13 13
275 263 13 13
275 273 13 13
275 268 13 13
276 266 13 13
276 274 13 13
276 272 13 13
276 260 13 13
277 272 13 13
277 263 13 13
277 266 13 13
277 273 13 13
278 263 13 13
278 277 13 13
278 261 13 13
278 267 13 13
279 265 13 13
279 266 13 13
279 263 13 13
279 274 13 13
260 265 13 13
260 275 13 13
260 274 13 13
260 268 13 13
261 272 13 13
261 276 13 13
261 270 13 13
261 279 13 13
262 277 13 13
262 275 13 13
262 268 13 13
262 271 13 13
263 272 13 13
263 276 13 13
263 270 13 13
263 274 13 13
284 282 14 14
284 283 14 14
284 281 14 14
284 280 14 14
285 282 14 14
285 283 14 14
285 280 14 14
285 284 14 14
286 282 14 14
286 284 14 14
286 283 14 14
286 285 14 14
287 284 14 14
287 281 14 14
287 282 14 14
287 283 14 14
288 284 14 14
288 287 14 14
288 282 14 14
288 286 14 14
289 284 14 14
289 283 14 14
289 288 14 14
289 287 14 14
290 281 14 14
290 282 14 14
290 280 14 14
290 283 14 14
291 290 14 14
291 281 14 14
291 283 14 14
291 282 14 14
292 286 14 14
292 285 14 14
292 290 14 14
292 282 14 14
293 286 14 14
293 287 14 14
293 291 14 14
293 282 14 14
294 293 14 14
294 287 14 14
294 291 14 14
294 284 14 14
295 292 14 14
295 285 14 14
295 290 14 14
295 289 14 14
296 284 14 14
296 290 14 14
296 288 14 14
296 292 14 14
297 286 14 14
297 296 14 14
297 295 14 14
297 287 14 14
298 284 14 14
298 294 14 14
298 286 14 14
298 287 14 14
299 284 14 14
299 298 14 14
299 291 14 14
299 292 14 14
280 292 14 14
280 294 14 14
280 295 14 14
280 296 14 14
281 296 14 14
281 293 14 14
281 286 14 14
281 288 14 14
282 299 14 14
282 294 14 14
282 298 14 14
282 295 14 14
283 297 14 14
283 295 14 14
283 294 14 14
283 298 14 14
304 300 15 15
304 302 15 15
304 301 15 15
304 303 15 15
305 302 15 15
305 304 15 15
305 300 15 15
305 301 15 15
306 300 15 15
306 302 15 15
306 303 15 15
306 305 15 15
307 303 15 15
307 306 15 15
307 305 15 15
307 301 15 15
308 306 15 15
308 302 15 15
308 307 15 15
308 300 15 15
309 301 15 15
309 303 15 15
309 307 15 15
309 300 15 15
310 304 15 15
310 305 15 15
310 300 15 15
310 302 15 15
311 304 15 15
311 310 15 15
311 302 15 15
311 305 15 15
312 311 15 15
312 300 15 15
312 309 15 15
312 310 15 15
313 310 15 15
313 312 15 15
313 309 15 15
313 304 15 15
314 306 15 15
314 301 15 15
314 309 15 15
314 303 15 15
315 311 15 15
315 313 15 15
315 308 15 15
315 304 15 15
316 304 15 15
316 308 15 15
316 306 15 15
316 307 15 15
317 306 15 15
317 301 15 15
317 300 15 15
317 309 15 15
318 311 15 15
318 309 15 15
318 314 15 15
318 312 15 15
319 310 15 15
319 300 15 15
319 311 15 15
319 305 15 15
300 314 15 15
300 315 15 15
300 307 15 15
300 318 15 15
301 312 15 15
301 318 15 15
301 306 15 15
301 308 15 15
302 315 15 15
302 312 15 15
302 314 15 15
302 309 15 15
303 311 15 15
303 313 15 15
303 305 15 15
303 308 15 15
85 42 4 2
99 32 4 1
95 75 4 3
80 12 4 0
116 82 5 4
112 75 5 3
107 55 5 2
104 25 5 1
133 20 6 1
134 74 6 3
121 83 6 4
125 109 6 5
154 104 7 5
142 2 7 0
147 36 7 1
144 57 7 2
163 115 8 5
167 39 8 1
163 124 8 6
173 159 8 7
183 137 9 6
186 41 9 2
183 12 9 0
183 20 9 1
202 171 10 8
214 109 10 5
216 148 10 7
202 9 10 0
238 63 11 3
221 25 11 1
236 87 11 4
230 135 11 6
251 74 12 3
247 239 12 11
248 111 12 5
248 28 12 1
260 54 13 2
279 209 13 10
269 233 13 11
267 124 13 6
295 2 14 0
295 203 14 10
299 142 14 7
288 23 14 1
317 185 15 9
319 217 15 10
302 136 15 6
316 226 15 11
1 237 0 11
4 165 0 8
18 267 0 13
9 314 0 15
33 310 1 15
34 274 1 13
24 208 1 10
52 160 2 8
50 318 2 15
41 254 2 12
56 228 2 11
64 195 3 9
63 276 3 13
69 295 3 14
61 200 3 10
