swNum = 320
edgeNum = 1339

0 0
1 0
2 0
3 0
4 0
5 0
6 0
7 0
8 0
9 0
10 0
11 0
12 0
13 0
14 0
15 0
16 0
17 0
18 0
19 0
20 1
21 1
22 1
23 1
24 1
25 1
26 1
27 1
28 1
29 1
30 1
31 1
32 1
33 1
34 1
35 1
36 1
37 1
38 1
39 1
40 2
41 2
42 2
43 2
44 2
45 2
46 2
47 2
48 2
49 2
50 2
51 2
52 2
53 2
54 2
55 2
56 2
57 2
58 2
59 2
60 3
61 3
62 3
63 3
64 3
65 3
66 3
67 3
68 3
69 3
70 3
71 3
72 3
73 3
74 3
75 3
76 3
77 3
78 3
79 3
80 4
81 4
82 4
83 4
84 4
85 4
86 4
87 4
88 4
89 4
90 4
91 4
92 4
93 4
94 4
95 4
96 4
97 4
98 4
99 4
100 5
101 5
102 5
103 5
104 5
105 5
106 5
107 5
108 5
109 5
110 5
111 5
112 5
113 5
114 5
115 5
116 5
117 5
118 5
119 5
120 6
121 6
122 6
123 6
124 6
125 6
126 6
127 6
128 6
129 6
130 6
131 6
132 6
133 6
134 6
135 6
136 6
137 6
138 6
139 6
140 7
141 7
142 7
143 7
144 7
145 7
146 7
147 7
148 7
149 7
150 7
151 7
152 7
153 7
154 7
155 7
156 7
157 7
158 7
159 7
160 8
161 8
162 8
163 8
164 8
165 8
166 8
167 8
168 8
169 8
170 8
171 8
172 8
173 8
174 8
175 8
176 8
177 8
178 8
179 8
180 9
181 9
182 9
183 9
184 9
185 9
186 9
187 9
188 9
189 9
190 9
191 9
192 9
193 9
194 9
195 9
196 9
197 9
198 9
199 9
200 10
201 10
202 10
203 10
204 10
205 10
206 10
207 10
208 10
209 10
210 10
211 10
212 10
213 10
214 10
215 10
216 10
217 10
218 10
219 10
220 11
221 11
222 11
223 11
224 11
225 11
226 11
227 11
228 11
229 11
230 11
231 11
232 11
233 11
234 11
235 11
236 11
237 11
238 11
239 11
240 12
241 12
242 12
243 12
244 12
245 12
246 12
247 12
248 12
249 12
250 12
251 12
252 12
253 12
254 12
255 12
256 12
257 12
258 12
259 12
260 13
261 13
262 13
263 13
264 13
265 13
266 13
267 13
268 13
269 13
270 13
271 13
272 13
273 13
274 13
275 13
276 13
277 13
278 13
279 13
280 14
281 14
282 14
283 14
284 14
285 14
286 14
287 14
288 14
289 14
290 14
291 14
292 14
293 14
294 14
295 14
296 14
297 14
298 14
299 14
300 15
301 15
302 15
303 15
304 15
305 15
306 15
307 15
308 15
309 15
310 15
311 15
312 15
313 15
314 15
315 15
316 15
317 15
318 15
319 15

4 2 0 0
4 1 0 0
4 3 0 0
4 0 0 0
5 2 0 0
5 3 0 0
5 4 0 0
5 0 0 0
6 2 0 0
6 4 0 0
6 3 0 0
6 0 0 0
7 4 0 0
7 5 0 0
7 2 0 0
7 1 0 0
8 4 0 0
8 1 0 0
8 2 0 0
8 0 0 0
9 2 0 0
9 7 0 0
9 6 0 0
9 5 0 0
10 0 0 0
10 2 0 0
10 8 0 0
10 6 0 0
11 4 0 0
11 3 0 0
11 6 0 0
11 2 0 0
12 1 0 0
12 0 0 0
12 4 0 0
12 8 0 0
13 4 0 0
13 12 0 0
13 2 0 0
13 9 0 0
14 0 0 0
14 10 0 0
14 2 0 0
14 7 0 0
15 0 0 0
15 6 0 0
15 3 0 0
15 5 0 0
16 9 0 0
16 6 0 0
16 7 0 0
16 15 0 0
17 0 0 0
17 9 0 0
17 14 0 0
17 7 0 0
18 12 0 0
18 4 0 0
18 10 0 0
18 15 0 0
19 18 0 0
19 13 0 0
19 7 0 0
19 1 0 0
0 18 0 0
0 9 0 0
0 13 0 0
0 19 0 0
1 11 0 0
1 16 0 0
1 18 0 0
1 6 0 0
2 18 0 0
2 12 0 0
2 19 0 0
2 15 0 0
3 16 0 0
3 14 0 0
3 8 0 0
3 10 0 0
24 23 1 1
24 20 1 1
24 22 1 1
24 21 1 1
25 20 1 1
25 21 1 1
25 22 1 1
25 23 1 1
26 25 1 1
26 20 1 1
26 24 1 1
26 23 1 1
27 23 1 1
27 20 1 1
27 24 1 1
27 22 1 1
28 20 1 1
28 21 1 1
28 22 1 1
28 23 1 1
29 22 1 1
29 25 1 1
29 21 1 1
29 20 1 1
30 25 1 1
30 23 1 1
30 24 1 1
30 27 1 1
31 28 1 1
31 29 1 1
31 20 1 1
31 25 1 1
32 23 1 1
32 20 1 1
32 27 1 1
32 22 1 1
33 28 1 1
33 27 1 1
33 20 1 1
33 31 1 1
34 32 1 1
34 24 1 1
34 30 1 1
34 20 1 1
35 22 1 1
35 31 1 1
35 28 1 1
35 20 1 1
36 25 1 1
36 26 1 1
36 22 1 1
36 32 1 1
37 36 1 1
37 25 1 1
37 23 1 1
37 29 1 1
38 27 1 1
38 30 1 1
38 32 1 1
38 25 1 1
39 20 1 1
39 36 1 1
39 31 1 1
39 38 1 1
20 36 1 1
20 38 1 1
20 37 1 1
20 30 1 1
21 30 1 1
21 31 1 1
21 38 1 1
21 26 1 1
22 33 1 1
22 31 1 1
22 34 1 1
22 39 1 1
23 34 1 1
23 39 1 1
23 38 1 1
23 31 1 1
44 43 2 2
44 41 2 2
44 42 2 2
44 40 2 2
45 44 2 2
45 41 2 2
45 40 2 2
45 42 2 2
46 40 2 2
46 42 2 2
46 41 2 2
46 43 2 2
47 44 2 2
47 43 2 2
47 45 2 2
47 40 2 2
48 41 2 2
48 40 2 2
48 45 2 2
48 47 2 2
49 41 2 2
49 46 2 2
49 44 2 2
49 43 2 2
50 45 2 2
50 41 2 2
50 44 2 2
50 49 2 2
51 42 2 2
51 41 2 2
51 49 2 2
51 48 2 2
52 42 2 2
52 46 2 2
52 44 2 2
52 51 2 2
53 52 2 2
53 46 2 2
53 51 2 2
53 41 2 2
54 48 2 2
54 40 2 2
54 42 2 2
54 47 2 2
55 45 2 2
55 41 2 2
55 50 2 2
55 51 2 2
56 44 2 2
56 50 2 2
56 42 2 2
56 46 2 2
57 55 2 2
57 52 2 2
57 53 2 2
57 49 2 2
58 55 2 2
58 50 2 2
58 53 2 2
58 46 2 2
59 43 2 2
59 44 2 2
59 49 2 2
59 41 2 2
40 59 2 2
40 52 2 2
40 50 2 2
40 57 2 2
41 54 2 2
41 56 2 2
41 47 2 2
41 58 2 2
42 55 2 2
42 57 2 2
42 53 2 2
42 59 2 2
43 56 2 2
43 45 2 2
43 54 2 2
43 50 2 2
64 60 3 3
64 62 3 3
64 63 3 3
64 61 3 3
65 63 3 3
65 61 3 3
65 60 3 3
65 62 3 3
66 61 3 3
66 65 3 3
66 62 3 3
66 60 3 3
67 63 3 3
67 66 3 3
67 62 3 3
67 60 3 3
68 64 3 3
68 61 3 3
68 60 3 3
68 65 3 3
69 66 3 3
69 62 3 3
69 67 3 3
69 65 3 3
70 61 3 3
70 66 3 3
70 62 3 3
70 65 3 3
71 70 3 3
71 66 3 3
71 62 3 3
71 69 3 3
72 60 3 3
72 66 3 3
72 65 3 3
72 67 3 3
73 69 3 3
73 70 3 3
73 65 3 3
73 71 3 3
74 64 3 3
74 63 3 3
74 69 3 3
74 60 3 3
75 72 3 3
75 61 3 3
75 74 3 3
75 68 3 3
76 64 3 3
76 60 3 3
76 70 3 3
76 65 3 3
77 63 3 3
77 71 3 3
77 64 3 3
77 68 3 3
78 71 3 3
78 72 3 3
78 74 3 3
78 66 3 3
79 69 3 3
79 71 3 3
79 63 3 3
79 76 3 3
60 75 3 3
60 78 3 3
60 77 3 3
60 70 3 3
61 78 3 3
61 72 3 3
61 79 3 3
61 73 3 3
62 76 3 3
62 73 3 3
62 72 3 3
62 79 3 3
63 72 3 3
63 69 3 3
63 75 3 3
63 76 3 3
84 81 4 4
84 82 4 4
84 83 4 4
84 80 4 4
85 83 4 4
85 82 4 4
85 80 4 4
85 81 4 4
86 82 4 4
86 85 4 4
86 81 4 4
86 80 4 4
87 83 4 4
87 82 4 4
87 85 4 4
87 80 4 4
88 86 4 4
88 84 4 4
88 81 4 4
88 85 4 4
89 88 4 4
89 86 4 4
89 87 4 4
89 81 4 4
90 81 4 4
90 87 4 4
90 86 4 4
90 85 4 4
91 90 4 4
91 86 4 4
91 83 4 4
91 81 4 4
92 87 4 4
92 81 4 4
92 91 4 4
92 90 4 4
93 88 4 4
93 87 4 4
93 86 4 4
93 84 4 4
94 91 4 4
94 85 4 4
94 80 4 4
94 84 4 4
95 93 4 4
95 82 4 4
95 87 4 4
95 85 4 4
96 86 4 4
96 80 4 4
96 94 4 4
96 81 4 4
97 85 4 4
97 86 4 4
97 82 4 4
97 88 4 4
98 94 4 4
98 88 4 4
98 81 4 4
98 96 4 4
99 90 4 4
99 89 4 4
99 91 4 4
99 88 4 4
80 97 4 4
80 92 4 4
80 93 4 4
80 95 4 4
81 99 4 4
81 97 4 4
81 95 4 4
81 94 4 4
82 94 4 4
82 99 4 4
82 93 4 4
82 90 4 4
83 94 4 4
83 89 4 4
83 93 4 4
83 95 4 4
104 103 5 5
104 100 5 5
104 102 5 5
104 101 5 5
105 101 5 5
105 100 5 5
105 104 5 5
105 103 5 5
106 100 5 5
106 101 5 5
106 104 5 5
106 105 5 5
107 105 5 5
107 102 5 5
107 103 5 5
107 101 5 5
108 105 5 5
108 100 5 5
108 102 5 5
108 101 5 5
109 103 5 5
109 104 5 5
109 108 5 5
109 107 5 5
110 104 5 5
110 100 5 5
110 105 5 5
110 106 5 5
111 100 5 5
111 101 5 5
111 107 5 5
111 102 5 5
112 111 5 5
112 107 5 5
112 101 5 5
112 109 5 5
113 105 5 5
113 101 5 5
113 103 5 5
113 104 5 5
114 102 5 5
114 108 5 5
114 101 5 5
114 100 5 5
115 114 5 5
115 101 5 5
115 111 5 5
115 102 5 5
116 100 5 5
116 110 5 5
116 104 5 5
116 103 5 5
117 113 5 5
117 108 5 5
117 116 5 5
117 114 5 5
118 103 5 5
118 105 5 5
118 110 5 5
118 109 5 5
119 111 5 5
119 100 5 5
119 118 5 5
119 114 5 5
100 107 5 5
100 113 5 5
100 109 5 5
100 115 5 5
101 117 5 5
101 116 5 5
101 110 5 5
101 109 5 5
102 117 5 5
102 112 5 5
102 109 5 5
102 113 5 5
103 115 5 5
103 119 5 5
103 110 5 5
103 106 5 5
124 123 6 6
124 122 6 6
124 120 6 6
124 121 6 6
125 120 6 6
125 122 6 6
125 123 6 6
125 121 6 6
126 122 6 6
126 123 6 6
126 121 6 6
126 125 6 6
127 120 6 6
127 124 6 6
127 122 6 6
127 126 6 6
128 122 6 6
128 120 6 6
128 126 6 6
128 127 6 6
129 128 6 6
129 122 6 6
129 126 6 6
129 127 6 6
130 125 6 6
130 124 6 6
130 121 6 6
130 123 6 6
131 125 6 6
131 120 6 6
131 129 6 6
131 122 6 6
132 129 6 6
132 130 6 6
132 131 6 6
132 126 6 6
133 132 6 6
133 123 6 6
133 128 6 6
133 129 6 6
134 128 6 6
134 132 6 6
134 133 6 6
134 126 6 6
135 122 6 6
135 127 6 6
135 129 6 6
135 131 6 6
136 133 6 6
136 123 6 6
136 129 6 6
136 135 6 6
137 135 6 6
137 130 6 6
137 125 6 6
137 127 6 6
138 126 6 6
138 134 6 6
138 133 6 6
138 124 6 6
139 134 6 6
139 123 6 6
139 124 6 6
139 122 6 6
120 136 6 6
120 129 6 6
120 126 6 6
120 135 6 6
121 131 6 6
121 139 6 6
121 137 6 6
121 134 6 6
122 138 6 6
122 137 6 6
122 130 6 6
122 136 6 6
123 128 6 6
123 131 6 6
123 132 6 6
123 138 6 6
144 140 7 7
144 142 7 7
144 143 7 7
144 141 7 7
145 144 7 7
145 140 7 7
145 141 7 7
145 143 7 7
146 142 7 7
146 144 7 7
146 140 7 7
146 141 7 7
147 142 7 7
147 143 7 7
147 144 7 7
147 141 7 7
148 144 7 7
148 145 7 7
148 147 7 7
148 141 7 7
149 141 7 7
149 144 7 7
149 142 7 7
149 147 7 7
150 144 7 7
150 148 7 7
150 147 7 7
150 145 7 7
151 141 7 7
151 142 7 7
151 145 7 7
151 140 7 7
152 147 7 7
152 148 7 7
152 144 7 7
152 151 7 7
153 143 7 7
153 151 7 7
153 144 7 7
153 146 7 7
154 149 7 7
154 152 7 7
154 153 7 7
154 143 7 7
155 145 7 7
155 142 7 7
155 144 7 7
155 147 7 7
156 145 7 7
156 142 7 7
156 150 7 7
156 151 7 7
157 140 7 7
157 156 7 7
157 148 7 7
157 152 7 7
158 143 7 7
158 140 7 7
158 153 7 7
158 156 7 7
159 143 7 7
159 144 7 7
159 153 7 7
159 158 7 7
140 159 7 7
140 156 7 7
140 147 7 7
140 153 7 7
141 155 7 7
141 159 7 7
141 153 7 7
141 152 7 7
142 159 7 7
142 158 7 7
142 153 7 7
142 154 7 7
143 157 7 7
143 152 7 7
143 150 7 7
143 155 7 7
164 162 8 8
164 160 8 8
164 161 8 8
164 163 8 8
165 164 8 8
165 161 8 8
165 162 8 8
165 160 8 8
166 161 8 8
166 165 8 8
166 163 8 8
166 162 8 8
167 161 8 8
167 166 8 8
167 165 8 8
167 164 8 8
168 161 8 8
168 165 8 8
168 160 8 8
168 162 8 8
169 161 8 8
169 165 8 8
169 166 8 8
169 167 8 8
170 166 8 8
170 161 8 8
170 165 8 8
170 164 8 8
171 168 8 8
171 169 8 8
171 170 8 8
171 160 8 8
172 161 8 8
172 168 8 8
172 163 8 8
172 166 8 8
173 168 8 8
173 171 8 8
173 163 8 8
173 167 8 8
174 160 8 8
174 168 8 8
174 161 8 8
174 173 8 8
175 161 8 8
175 170 8 8
175 167 8 8
175 174 8 8
176 161 8 8
176 169 8 8
176 167 8 8
176 165 8 8
177 161 8 8
177 160 8 8
177 163 8 8
177 167 8 8
178 161 8 8
178 174 8 8
178 160 8 8
178 177 8 8
179 174 8 8
179 164 8 8
179 176 8 8
179 168 8 8
160 179 8 8
160 167 8 8
160 172 8 8
160 166 8 8
161 179 8 8
161 171 8 8
161 173 8 8
162 179 8 8
162 171 8 8
162 169 8 8
162 174 8 8
163 178 8 8
163 174 8 8
163 167 8 8
163 168 8 8
184 181 9 9
184 180 9 9
184 182 9 9
184 183 9 9
185 182 9 9
185 183 9 9
185 181 9 9
185 180 9 9
186 184 9 9
186 181 9 9
186 185 9 9
186 182 9 9
187 185 9 9
187 180 9 9
187 182 9 9
187 186 9 9
188 180 9 9
188 181 9 9
188 187 9 9
188 185 9 9
189 184 9 9
189 180 9 9
189 182 9 9
189 186 9 9
190 189 9 9
190 183 9 9
190 187 9 9
190 182 9 9
191 185 9 9
191 184 9 9
191 182 9 9
191 186 9 9
192 191 9 9
192 184 9 9
192 180 9 9
192 187 9 9
193 182 9 9
193 181 9 9
193 191 9 9
193 186 9 9
194 185 9 9
194 180 9 9
194 182 9 9
194 181 9 9
195 185 9 9
195 189 9 9
195 193 9 9
195 180 9 9
196 193 9 9
196 182 9 9
196 192 9 9
196 183 9 9
197 190 9 9
197 191 9 9
197 182 9 9
197 181 9 9
198 190 9 9
198 197 9 9
198 183 9 9
198 192 9 9
199 191 9 9
199 194 9 9
199 180 9 9
199 185 9 9
180 186 9 9
180 196 9 9
180 193 9 9
180 198 9 9
181 191 9 9
181 190 9 9
181 192 9 9
181 196 9 9
182 188 9 9
182 195 9 9
182 192 9 9
182 199 9 9
183 199 9 9
183 195 9 9
183 188 9 9
183 187 9 9
204 201 10 10
204 203 10 10
204 200 10 10
204 202 10 10
205 204 10 10
205 200 10 10
205 202 10 10
205 201 10 10
206 203 10 10
206 202 10 10
206 204 10 10
206 200 10 10
207 206 10 10
207 203 10 10
207 202 10 10
207 205 10 10
208 201 10 10
208 207 10 10
208 202 10 10
208 206 10 10
209 201 10 10
209 203 10 10
209 208 10 10
209 200 10 10
210 209 10 10
210 204 10 10
210 201 10 10
210 205 10 10
211 202 10 10
211 204 10 10
211 208 10 10
211 206 10 10
212 209 10 10
212 201 10 10
212 208 10 10
212 206 10 10
213 202 10 10
213 209 10 10
213 203 10 10
213 212 10 10
214 213 10 10
214 206 10 10
214 201 10 10
214 207 10 10
215 206 10 10
215 212 10 10
215 207 10 10
215 208 10 10
216 213 10 10
216 203 10 10
216 215 10 10
216 202 10 10
217 204 10 10
217 205 10 10
217 210 10 10
217 202 10 10
218 205 10 10
218 208 10 10
218 204 10 10
218 201 10 10
219 208 10 10
219 218 10 10
219 212 10 10
219 213 10 10
200 212 10 10
200 210 10 10
200 217 10 10
200 213 10 10
201 211 10 10
201 207 10 10
201 215 10 10
201 216 10 10
202 214 10 10
202 215 10 10
202 212 10 10
202 209 10 10
203 210 10 10
203 215 10 10
203 211 10 10
203 214 10 10
224 223 11 11
224 222 11 11
224 220 11 11
224 221 11 11
225 221 11 11
225 220 11 11
225 222 11 11
225 223 11 11
226 224 11 11
226 221 11 11
226 222 11 11
226 223 11 11
227 223 11 11
227 220 11 11
227 225 11 11
227 224 11 11
228 226 11 11
228 224 11 11
228 222 11 11
228 223 11 11
229 226 11 11
229 223 11 11
229 222 11 11
229 224 11 11
230 222 11 11
230 228 11 11
230 229 11 11
230 224 11 11
231 226 11 11
231 223 11 11
231 227 11 11
231 220 11 11
232 223 11 11
232 222 11 11
232 230 11 11
232 228 11 11
233 225 11 11
233 230 11 11
233 221 11 11
233 229 11 11
234 229 11 11
234 223 11 11
234 226 11 11
234 221 11 11
235 221 11 11
235 229 11 11
235 223 11 11
235 230 11 11
236 235 11 11
236 227 11 11
236 231 11 11
236 223 11 11
237 221 11 11
237 227 11 11
237 222 11 11
237 220 11 11
238 233 11 11
238 228 11 11
238 232 11 11
238 235 11 11
239 229 11 11
239 220 11 11
239 226 11 11
239 222 11 11
220 233 11 11
220 236 11 11
220 238 11 11
220 226 11 11
221 227 11 11
221 238 11 11
221 229 11 11
221 236 11 11
222 233 11 11
222 235 11 11
222 234 11 11
222 238 11 11
223 237 11 11
223 238 11 11
223 230 11 11
223 233 11 11
244 240 12 12
244 241 12 12
244 243 12 12
244 242 12 12
245 244 12 12
245 240 12 12
245 241 12 12
245 243 12 12
246 241 12 12
246 244 12 12
246 240 12 12
246 243 12 12
247 245 12 12
247 244 12 12
247 242 12 12
247 240 12 12
248 245 12 12
248 242 12 12
248 246 12 12
248 244 12 12
249 247 12 12
249 243 12 12
249 244 12 12
249 241 12 12
250 246 12 12
250 243 12 12
250 248 12 12
250 241 12 12
251 245 12 12
251 243 12 12
251 249 12 12
251 242 12 12
252 240 12 12
252 245 12 12
252 241 12 12
252 250 12 12
253 251 12 12
253 245 12 12
253 240 12 12
253 247 12 12
254 243 12 12
254 248 12 12
254 246 12 12
254 250 12 12
255 245 12 12
255 254 12 12
255 246 12 12
255 252 12 12
256 245 12 12
256 244 12 12
256 241 12 12
256 253 12 12
257 248 12 12
257 242 12 12
257 247 12 12
257 251 12 12
258 246 12 12
258 254 12 12
258 240 12 12
258 248 12 12
259 256 12 12
259 240 12 12
259 254 12 12
259 245 12 12
240 251 12 12
240 249 12 12
240 255 12 12
240 256 12 12
241 247 12 12
241 259 12 12
241 258 12 12
241 251 12 12
242 252 12 12
242 254 12 12
242 253 12 12
242 259 12 12
243 247 12 12
243 255 12 12
243 256 12 12
243 252 12 12
264 262 13 13
264 263 13 13
264 260 13 13
264 261 13 13
265 260 13 13
265 262 13 13
265 261 13 13
265 264 13 13
266 262 13 13
266 260 13 13
266 264 13 13
266 265 13 13
267 264 13 13
267 261 13 13
267 263 13 13
267 266 13 13
268 263 13 13
268 262 13 13
268 267 13 13
268 261 13 13
269 265 13 13
269 260 13 13
269 264 13 13
269 262 13 13
270 265 13 13
270 266 13 13
270 267 13 13
270 262 13 13
271 269 13 13
271 266 13 13
271 260 13 13
271 265 13 13
272 264 13 13
272 265 13 13
272 271 13 13
272 269 13 13
273 270 13 13
273 271 13 13
273 264 13 13
273 272 13 13
274 260 13 13
274 271 13 13
274 265 13 13
274 273 13 13
275 272 13 13
275 266 13 13
275 273 13 13
275 271 13 13
276 268 13 13
276 262 13 13
276 271 13 13
276 263 13 13
277 276 13 13
277 263 13 13
277 268 13 13
277 261 13 13
278 264 13 13
278 262 13 13
278 268 13 13
278 274 13 13
279 270 13 13
279 267 13 13
279 265 13 13
279 273 13 13
260 270 13 13
260 273 13 13
260 275 13 13
260 277 13 13
261 279 13 13
261 273 13 13
261 276 13 13
261 275 13 13
262 267 13 13
262 277 13 13
262 272 13 13
262 271 13 13
263 272 13 13
263 273 13 13
263 269 13 13
263 279 13 13
284 280 14 14
284 281 14 14
284 283 14 14
284 282 14 14
285 283 14 14
285 281 14 14
285 284 14 14
285 282 14 14
286 284 14 14
286 285 14 14
286 281 14 14
286 283 14 14
287 281 14 14
287 283 14 14
287 284 14 14
287 282 14 14
288 287 14 14
288 280 14 14
288 282 14 14
288 286 14 14
289 288 14 14
289 284 14 14
289 285 14 14
289 281 14 14
290 280 14 14
290 289 14 14
290 285 14 14
290 282 14 14
291 286 14 14
291 285 14 14
291 290 14 14
291 289 14 14
292 290 14 14
292 289 14 14
292 287 14 14
292 291 14 14
293 288 14 14
293 287 14 14
293 286 14 14
293 285 14 14
294 291 14 14
294 289 14 14
294 285 14 14
294 284 14 14
295 284 14 14
295 281 14 14
295 288 14 14
295 290 14 14
296 281 14 14
296 285 14 14
296 289 14 14
296 287 14 14
297 287 14 14
297 288 14 14
297 280 14 14
297 286 14 14
298 295 14 14
298 282 14 14
298 296 14 14
298 291 14 14
299 284 14 14
299 296 14 14
299 289 14 14
299 285 14 14
280 295 14 14
280 292 14 14
280 296 14 14
280 285 14 14
281 288 14 14
281 293 14 14
281 291 14 14
281 292 14 14
282 291 14 14
282 295 14 14
282 294 14 14
282 289 14 14
283 297 14 14
283 298 14 14
283 296 14 14
283 288 14 14
304 301 15 15
304 303 15 15
304 302 15 15
304 300 15 15
305 303 15 15
305 302 15 15
305 304 15 15
305 300 15 15
306 303 15 15
306 300 15 15
306 302 15 15
306 305 15 15
307 301 15 15
307 302 15 15
307 306 15 15
307 300 15 15
308 300 15 15
308 303 15 15
308 302 15 15
308 307 15 15
309 303 15 15
309 308 15 15
309 302 15 15
309 306 15 15
310 307 15 15
310 302 15 15
310 300 15 15
310 304 15 15
311 308 15 15
311 302 15 15
311 307 15 15
311 306 15 15
312 308 15 15
312 307 15 15
312 304 15 15
312 311 15 15
313 300 15 15
313 309 15 15
313 307 15 15
313 308 15 15
314 309 15 15
314 300 15 15
314 308 15 15
314 312 15 15
315 302 15 15
315 306 15 15
315 311 15 15
315 300 15 15
316 300 15 15
316 312 15 15
316 308 15 15
316 304 15 15
317 302 15 15
317 301 15 15
317 304 15 15
317 310 15 15
318 302 15 15
318 309 15 15
318 311 15 15
318 308 15 15
319 309 15 15
319 307 15 15
319 315 15 15
319 318 15 15
300 311 15 15
300 317 15 15
300 318 15 15
300 312 15 15
301 319 15 15
301 310 15 15
301 308 15 15
301 316 15 15
302 319 15 15
302 314 15 15
302 313 15 15
302 316 15 15
303 316 15 15
303 317 15 15
303 310 15 15
303 319 15 15
92 63 4 3
81 37 4 1
87 17 4 0
90 48 4 2
107 29 5 1
103 91 5 4
116 49 5 2
113 66 5 3
121 18 6 0
136 40 6 2
137 32 6 1
130 73 6 3
140 94 7 4
145 109 7 5
151 27 7 1
153 74 7 3
176 35 8 1
171 145 8 7
160 100 8 5
169 87 8 4
190 132 9 6
181 79 9 3
190 11 9 0
197 172 9 8
209 82 10 4
215 77 10 3
219 20 10 1
206 145 10 7
234 218 11 10
227 61 11 3
234 184 11 9
224 29 11 1
259 216 12 10
241 30 12 1
243 68 12 3
246 194 12 9
278 168 13 8
271 26 13 1
269 62 13 3
271 197 13 9
284 22 14 1
280 189 14 9
287 96 14 4
288 126 14 6
310 77 15 3
306 8 15 0
316 184 15 9
314 99 15 4
18 271 0 13
15 292 0 14
15 237 0 11
19 113 0 5
25 192 1 9
25 306 1 15
54 199 2 9
45 301 2 15
54 236 2 11
46 299 2 14
65 284 3 14
63 171 3 8
