swNum = 320
edgeNum = 1344

0 0
1 0
2 0
3 0
4 0
5 0
6 0
7 0
8 0
9 0
10 0
11 0
12 0
13 0
14 0
15 0
16 0
17 0
18 0
19 0
20 1
21 1
22 1
23 1
24 1
25 1
26 1
27 1
28 1
29 1
30 1
31 1
32 1
33 1
34 1
35 1
36 1
37 1
38 1
39 1
40 2
41 2
42 2
43 2
44 2
45 2
46 2
47 2
48 2
49 2
50 2
51 2
52 2
53 2
54 2
55 2
56 2
57 2
58 2
59 2
60 3
61 3
62 3
63 3
64 3
65 3
66 3
67 3
68 3
69 3
70 3
71 3
72 3
73 3
74 3
75 3
76 3
77 3
78 3
79 3
80 4
81 4
82 4
83 4
84 4
85 4
86 4
87 4
88 4
89 4
90 4
91 4
92 4
93 4
94 4
95 4
96 4
97 4
98 4
99 4
100 5
101 5
102 5
103 5
104 5
105 5
106 5
107 5
108 5
109 5
110 5
111 5
112 5
113 5
114 5
115 5
116 5
117 5
118 5
119 5
120 6
121 6
122 6
123 6
124 6
125 6
126 6
127 6
128 6
129 6
130 6
131 6
132 6
133 6
134 6
135 6
136 6
137 6
138 6
139 6
140 7
141 7
142 7
143 7
144 7
145 7
146 7
147 7
148 7
149 7
150 7
151 7
152 7
153 7
154 7
155 7
156 7
157 7
158 7
159 7
160 8
161 8
162 8
163 8
164 8
165 8
166 8
167 8
168 8
169 8
170 8
171 8
172 8
173 8
174 8
175 8
176 8
177 8
178 8
179 8
180 9
181 9
182 9
183 9
184 9
185 9
186 9
187 9
188 9
189 9
190 9
191 9
192 9
193 9
194 9
195 9
196 9
197 9
198 9
199 9
200 10
201 10
202 10
203 10
204 10
205 10
206 10
207 10
208 10
209 10
210 10
211 10
212 10
213 10
214 10
215 10
216 10
217 10
218 10
219 10
220 11
221 11
222 11
223 11
224 11
225 11
226 11
227 11
228 11
229 11
230 11
231 11
232 11
233 11
234 11
235 11
236 11
237 11
238 11
239 11
240 12
241 12
242 12
243 12
244 12
245 12
246 12
247 12
248 12
249 12
250 12
251 12
252 12
253 12
254 12
255 12
256 12
257 12
258 12
259 12
260 13
261 13
262 13
263 13
264 13
265 13
266 13
267 13
268 13
269 13
270 13
271 13
272 13
273 13
274 13
275 13
276 13
277 13
278 13
279 13
280 14
281 14
282 14
283 14
284 14
285 14
286 14
287 14
288 14
289 14
290 14
291 14
292 14
293 14
294 14
295 14
296 14
297 14
298 14
299 14
300 15
301 15
302 15
303 15
304 15
305 15
306 15
307 15
308 15
309 15
310 15
311 15
312 15
313 15
314 15
315 15
316 15
317 15
318 15
319 15

4 3 0 0
4 1 0 0
4 0 0 0
4 2 0 0
5 1 0 0
5 2 0 0
5 0 0 0
5 3 0 0
6 2 0 0
6 5 0 0
6 3 0 0
6 1 0 0
7 2 0 0
7 5 0 0
7 3 0 0
7 1 0 0
8 5 0 0
8 4 0 0
8 6 0 0
8 2 0 0
9 1 0 0
9 8 0 0
9 4 0 0
9 5 0 0
10 1 0 0
10 4 0 0
10 0 0 0
10 7 0 0
11 0 0 0
11 5 0 0
11 1 0 0
11 7 0 0
12 9 0 0
12 10 0 0
12 1 0 0
12 7 0 0
13 10 0 0
13 9 0 0
13 4 0 0
13 0 0 0
14 12 0 0
14 1 0 0
14 9 0 0
14 13 0 0
15 8 0 0
15 5 0 0
15 14 0 0
15 2 0 0
16 13 0 0
16 0 0 0
16 14 0 0
16 7 0 0
17 4 0 0
17 16 0 0
17 13 0 0
17 7 0 0
18 11 0 0
18 16 0 0
18 17 0 0
18 5 0 0
19 1 0 0
19 3 0 0
19 16 0 0
19 8 0 0
0 17 0 0
0 7 0 0
0 18 0 0
0 15 0 0
1 17 0 0
1 13 0 0
1 16 0 0
1 15 0 0
2 11 0 0
2 18 0 0
2 10 0 0
2 9 0 0
3 16 0 0
3 8 0 0
3 18 0 0
3 11 0 0
24 20 1 1
24 22 1 1
24 23 1 1
24 21 1 1
25 20 1 1
25 23 1 1
25 24 1 1
25 21 1 1
26 24 1 1
26 20 1 1
26 25 1 1
26 23 1 1
27 24 1 1
27 25 1 1
27 21 1 1
27 20 1 1
28 21 1 1
28 25 1 1
28 23 1 1
28 22 1 1
29 26 1 1
29 28 1 1
29 25 1 1
29 22 1 1
30 26 1 1
30 20 1 1
30 24 1 1
30 21 1 1
31 23 1 1
31 22 1 1
31 29 1 1
31 25 1 1
32 23 1 1
32 20 1 1
32 25 1 1
32 24 1 1
33 27 1 1
33 20 1 1
33 29 1 1
33 26 1 1
34 24 1 1
34 32 1 1
34 30 1 1
34 28 1 1
35 22 1 1
35 33 1 1
35 21 1 1
35 29 1 1
36 29 1 1
36 23 1 1
36 20 1 1
36 34 1 1
37 34 1 1
37 35 1 1
37 29 1 1
37 20 1 1
38 34 1 1
38 20 1 1
38 30 1 1
38 24 1 1
39 26 1 1
39 24 1 1
39 21 1 1
39 36 1 1
20 31 1 1
20 34 1 1
20 28 1 1
20 35 1 1
21 29 1 1
21 37 1 1
21 31 1 1
21 26 1 1
22 36 1 1
22 26 1 1
22 25 1 1
22 27 1 1
23 29 1 1
23 30 1 1
23 37 1 1
23 39 1 1
44 43 2 2
44 41 2 2
44 42 2 2
44 40 2 2
45 43 2 2
45 44 2 2
45 41 2 2
45 42 2 2
46 42 2 2
46 45 2 2
46 40 2 2
46 41 2 2
47 42 2 2
47 44 2 2
47 46 2 2
47 40 2 2
48 41 2 2
48 45 2 2
48 43 2 2
48 47 2 2
49 46 2 2
49 42 2 2
49 43 2 2
49 48 2 2
50 45 2 2
50 42 2 2
50 40 2 2
50 47 2 2
51 41 2 2
51 46 2 2
51 47 2 2
51 42 2 2
52 43 2 2
52 47 2 2
52 49 2 2
52 46 2 2
53 47 2 2
53 46 2 2
53 44 2 2
53 51 2 2
54 43 2 2
54 51 2 2
54 40 2 2
54 42 2 2
55 51 2 2
55 46 2 2
55 44 2 2
55 48 2 2
56 46 2 2
56 51 2 2
56 50 2 2
56 42 2 2
57 50 2 2
57 41 2 2
57 56 2 2
57 47 2 2
58 40 2 2
58 57 2 2
58 50 2 2
58 44 2 2
59 43 2 2
59 41 2 2
59 51 2 2
59 46 2 2
40 57 2 2
40 56 2 2
40 53 2 2
40 55 2 2
41 49 2 2
41 53 2 2
41 54 2 2
41 58 2 2
42 59 2 2
42 57 2 2
42 53 2 2
42 52 2 2
43 55 2 2
43 46 2 2
43 53 2 2
43 47 2 2
64 62 3 3
64 61 3 3
64 60 3 3
64 63 3 3
65 64 3 3
65 61 3 3
65 62 3 3
65 63 3 3
66 64 3 3
66 65 3 3
66 62 3 3
66 60 3 3
67 61 3 3
67 62 3 3
67 60 3 3
67 63 3 3
68 61 3 3
68 65 3 3
68 63 3 3
68 64 3 3
69 64 3 3
69 66 3 3
69 62 3 3
69 61 3 3
70 63 3 3
70 68 3 3
70 67 3 3
70 61 3 3
71 67 3 3
71 61 3 3
71 63 3 3
71 66 3 3
72 62 3 3
72 60 3 3
72 69 3 3
72 67 3 3
73 67 3 3
73 64 3 3
73 70 3 3
73 60 3 3
74 66 3 3
74 73 3 3
74 64 3 3
74 65 3 3
75 65 3 3
75 68 3 3
75 74 3 3
75 72 3 3
76 60 3 3
76 72 3 3
76 68 3 3
76 62 3 3
77 71 3 3
77 72 3 3
77 69 3 3
77 60 3 3
78 66 3 3
78 68 3 3
78 69 3 3
78 72 3 3
79 69 3 3
79 78 3 3
79 72 3 3
79 62 3 3
60 70 3 3
60 69 3 3
60 75 3 3
60 71 3 3
61 77 3 3
61 76 3 3
61 78 3 3
61 73 3 3
62 68 3 3
62 77 3 3
62 70 3 3
62 73 3 3
63 73 3 3
63 77 3 3
63 69 3 3
63 72 3 3
84 82 4 4
84 81 4 4
84 83 4 4
84 80 4 4
85 83 4 4
85 82 4 4
85 81 4 4
85 80 4 4
86 85 4 4
86 82 4 4
86 83 4 4
86 81 4 4
87 81 4 4
87 84 4 4
87 86 4 4
87 82 4 4
88 85 4 4
88 83 4 4
88 82 4 4
88 86 4 4
89 85 4 4
89 88 4 4
89 83 4 4
89 86 4 4
90 86 4 4
90 80 4 4
90 81 4 4
90 87 4 4
91 80 4 4
91 88 4 4
91 81 4 4
91 86 4 4
92 81 4 4
92 86 4 4
92 87 4 4
92 82 4 4
93 84 4 4
93 81 4 4
93 82 4 4
93 92 4 4
94 86 4 4
94 89 4 4
94 92 4 4
94 87 4 4
95 92 4 4
95 83 4 4
95 88 4 4
95 89 4 4
96 93 4 4
96 95 4 4
96 88 4 4
96 82 4 4
97 84 4 4
97 82 4 4
97 96 4 4
97 83 4 4
98 86 4 4
98 92 4 4
98 81 4 4
98 84 4 4
99 92 4 4
99 81 4 4
99 87 4 4
99 84 4 4
80 94 4 4
80 98 4 4
80 89 4 4
80 86 4 4
81 89 4 4
81 95 4 4
81 97 4 4
81 94 4 4
82 98 4 4
82 94 4 4
82 99 4 4
82 95 4 4
83 98 4 4
83 94 4 4
83 96 4 4
83 92 4 4
104 103 5 5
104 102 5 5
104 100 5 5
104 101 5 5
105 104 5 5
105 102 5 5
105 101 5 5
105 100 5 5
106 101 5 5
106 100 5 5
106 102 5 5
106 104 5 5
107 100 5 5
107 103 5 5
107 104 5 5
107 102 5 5
108 103 5 5
108 100 5 5
108 107 5 5
108 104 5 5
109 102 5 5
109 100 5 5
109 105 5 5
109 106 5 5
110 105 5 5
110 109 5 5
110 100 5 5
110 102 5 5
111 106 5 5
111 102 5 5
111 104 5 5
111 105 5 5
112 111 5 5
112 101 5 5
112 102 5 5
112 100 5 5
113 110 5 5
113 108 5 5
113 101 5 5
113 105 5 5
114 101 5 5
114 111 5 5
114 112 5 5
114 109 5 5
115 105 5 5
115 101 5 5
115 114 5 5
115 102 5 5
116 108 5 5
116 109 5 5
116 104 5 5
116 113 5 5
117 112 5 5
117 110 5 5
117 107 5 5
117 114 5 5
118 114 5 5
118 107 5 5
118 100 5 5
118 108 5 5
119 109 5 5
119 100 5 5
119 102 5 5
119 111 5 5
100 116 5 5
100 114 5 5
100 113 5 5
100 117 5 5
101 107 5 5
101 116 5 5
101 110 5 5
101 111 5 5
102 114 5 5
102 118 5 5
102 113 5 5
102 117 5 5
103 109 5 5
103 118 5 5
103 112 5 5
103 116 5 5
124 123 6 6
124 120 6 6
124 121 6 6
124 122 6 6
125 123 6 6
125 122 6 6
125 124 6 6
125 121 6 6
126 125 6 6
126 124 6 6
126 121 6 6
126 122 6 6
127 126 6 6
127 124 6 6
127 125 6 6
127 123 6 6
128 122 6 6
128 124 6 6
128 127 6 6
128 123 6 6
129 125 6 6
129 124 6 6
129 126 6 6
129 128 6 6
130 129 6 6
130 126 6 6
130 127 6 6
130 123 6 6
131 126 6 6
131 130 6 6
131 122 6 6
131 120 6 6
132 126 6 6
132 125 6 6
132 130 6 6
132 129 6 6
133 122 6 6
133 121 6 6
133 125 6 6
133 123 6 6
134 125 6 6
134 133 6 6
134 131 6 6
134 122 6 6
135 126 6 6
135 124 6 6
135 129 6 6
135 125 6 6
136 134 6 6
136 130 6 6
136 133 6 6
136 126 6 6
137 133 6 6
137 134 6 6
137 123 6 6
137 122 6 6
138 120 6 6
138 133 6 6
138 122 6 6
138 130 6 6
139 123 6 6
139 121 6 6
139 126 6 6
139 125 6 6
120 129 6 6
120 137 6 6
120 133 6 6
120 135 6 6
121 137 6 6
121 127 6 6
121 136 6 6
121 138 6 6
122 136 6 6
122 129 6 6
122 139 6 6
122 127 6 6
123 134 6 6
123 132 6 6
123 136 6 6
123 126 6 6
144 140 7 7
144 143 7 7
144 142 7 7
144 141 7 7
145 143 7 7
145 144 7 7
145 140 7 7
145 141 7 7
146 141 7 7
146 140 7 7
146 144 7 7
146 143 7 7
147 145 7 7
147 143 7 7
147 144 7 7
147 140 7 7
148 145 7 7
148 144 7 7
148 143 7 7
148 147 7 7
149 140 7 7
149 145 7 7
149 147 7 7
149 142 7 7
150 144 7 7
150 147 7 7
150 149 7 7
150 146 7 7
151 143 7 7
151 147 7 7
151 145 7 7
151 144 7 7
152 151 7 7
152 149 7 7
152 145 7 7
152 146 7 7
153 146 7 7
153 147 7 7
153 142 7 7
153 143 7 7
154 146 7 7
154 153 7 7
154 143 7 7
154 141 7 7
155 140 7 7
155 150 7 7
155 153 7 7
155 154 7 7
156 152 7 7
156 140 7 7
156 153 7 7
156 141 7 7
157 142 7 7
157 155 7 7
157 140 7 7
157 146 7 7
158 147 7 7
158 149 7 7
158 156 7 7
158 145 7 7
159 158 7 7
159 155 7 7
159 148 7 7
159 143 7 7
140 158 7 7
140 152 7 7
140 154 7 7
140 159 7 7
141 152 7 7
141 148 7 7
141 158 7 7
141 150 7 7
142 156 7 7
142 152 7 7
142 150 7 7
142 146 7 7
143 149 7 7
143 158 7 7
143 152 7 7
143 156 7 7
164 162 8 8
164 160 8 8
164 163 8 8
164 161 8 8
165 163 8 8
165 161 8 8
165 160 8 8
165 164 8 8
166 162 8 8
166 163 8 8
166 165 8 8
166 164 8 8
167 165 8 8
167 162 8 8
167 166 8 8
167 164 8 8
168 167 8 8
168 162 8 8
168 161 8 8
168 166 8 8
169 160 8 8
169 162 8 8
169 163 8 8
169 166 8 8
170 160 8 8
170 166 8 8
170 161 8 8
170 169 8 8
171 160 8 8
171 161 8 8
171 163 8 8
171 162 8 8
172 162 8 8
172 161 8 8
172 170 8 8
172 167 8 8
173 170 8 8
173 167 8 8
173 164 8 8
173 165 8 8
174 171 8 8
174 163 8 8
174 164 8 8
174 160 8 8
175 167 8 8
175 165 8 8
175 161 8 8
175 173 8 8
176 162 8 8
176 173 8 8
176 161 8 8
176 160 8 8
177 163 8 8
177 174 8 8
177 166 8 8
177 168 8 8
178 168 8 8
178 160 8 8
178 164 8 8
178 174 8 8
179 170 8 8
179 162 8 8
179 176 8 8
179 175 8 8
160 172 8 8
160 175 8 8
160 168 8 8
160 166 8 8
161 169 8 8
161 167 8 8
161 178 8 8
161 174 8 8
162 173 8 8
162 165 8 8
162 175 8 8
162 174 8 8
163 172 8 8
163 179 8 8
163 173 8 8
163 168 8 8
184 181 9 9
184 183 9 9
184 180 9 9
184 182 9 9
185 182 9 9
185 183 9 9
185 184 9 9
185 180 9 9
186 184 9 9
186 182 9 9
186 183 9 9
186 180 9 9
187 180 9 9
187 186 9 9
187 185 9 9
187 184 9 9
188 185 9 9
188 187 9 9
188 182 9 9
188 181 9 9
189 182 9 9
189 184 9 9
189 180 9 9
189 183 9 9
190 183 9 9
190 188 9 9
190 189 9 9
190 182 9 9
191 188 9 9
191 183 9 9
191 187 9 9
191 185 9 9
192 185 9 9
192 181 9 9
192 186 9 9
192 184 9 9
193 191 9 9
193 185 9 9
193 188 9 9
193 192 9 9
194 193 9 9
194 186 9 9
194 187 9 9
194 190 9 9
195 183 9 9
195 192 9 9
195 193 9 9
195 181 9 9
196 183 9 9
196 182 9 9
196 180 9 9
196 181 9 9
197 180 9 9
197 183 9 9
197 189 9 9
197 195 9 9
198 192 9 9
198 186 9 9
198 193 9 9
198 191 9 9
199 187 9 9
199 186 9 9
199 195 9 9
199 192 9 9
180 195 9 9
180 194 9 9
180 193 9 9
180 190 9 9
181 186 9 9
181 191 9 9
181 194 9 9
181 198 9 9
182 197 9 9
182 187 9 9
182 194 9 9
182 198 9 9
183 194 9 9
183 187 9 9
183 192 9 9
183 193 9 9
204 202 10 10
204 203 10 10
204 201 10 10
204 200 10 10
205 200 10 10
205 202 10 10
205 204 10 10
205 201 10 10
206 205 10 10
206 200 10 10
206 201 10 10
206 203 10 10
207 203 10 10
207 202 10 10
207 205 10 10
207 204 10 10
208 203 10 10
208 205 10 10
208 201 10 10
208 202 10 10
209 208 10 10
209 207 10 10
209 206 10 10
209 204 10 10
210 200 10 10
210 207 10 10
210 209 10 10
210 202 10 10
211 210 10 10
211 200 10 10
211 209 10 10
211 206 10 10
212 207 10 10
212 203 10 10
212 204 10 10
212 208 10 10
213 205 10 10
213 208 10 10
213 211 10 10
213 209 10 10
214 207 10 10
214 202 10 10
214 200 10 10
214 205 10 10
215 203 10 10
215 214 10 10
215 202 10 10
215 206 10 10
216 211 10 10
216 210 10 10
216 207 10 10
216 209 10 10
217 207 10 10
217 200 10 10
217 203 10 10
217 212 10 10
218 217 10 10
218 203 10 10
218 207 10 10
218 213 10 10
219 201 10 10
219 203 10 10
219 202 10 10
219 216 10 10
200 215 10 10
200 218 10 10
200 208 10 10
200 207 10 10
201 214 10 10
201 215 10 10
201 212 10 10
201 207 10 10
202 218 10 10
202 216 10 10
202 217 10 10
202 212 10 10
203 210 10 10
203 205 10 10
203 214 10 10
203 211 10 10
224 220 11 11
224 221 11 11
224 222 11 11
224 223 11 11
225 222 11 11
225 223 11 11
225 224 11 11
225 221 11 11
226 225 11 11
226 224 11 11
226 221 11 11
226 220 11 11
227 224 11 11
227 226 11 11
227 222 11 11
227 223 11 11
228 225 11 11
228 224 11 11
228 227 11 11
228 223 11 11
229 226 11 11
229 227 11 11
229 224 11 11
229 228 11 11
230 221 11 11
230 226 11 11
230 227 11 11
230 225 11 11
231 220 11 11
231 226 11 11
231 224 11 11
231 230 11 11
232 226 11 11
232 222 11 11
232 225 11 11
232 227 11 11
233 230 11 11
233 221 11 11
233 229 11 11
233 223 11 11
234 229 11 11
234 222 11 11
234 226 11 11
234 233 11 11
235 224 11 11
235 230 11 11
235 221 11 11
235 232 11 11
236 229 11 11
236 220 11 11
236 221 11 11
236 228 11 11
237 227 11 11
237 221 11 11
237 223 11 11
237 234 11 11
238 237 11 11
238 227 11 11
238 232 11 11
238 222 11 11
239 234 11 11
239 233 11 11
239 236 11 11
239 221 11 11
220 229 11 11
220 233 11 11
220 230 11 11
220 227 11 11
221 229 11 11
221 232 11 11
221 228 11 11
221 234 11 11
222 229 11 11
222 228 11 11
222 239 11 11
222 226 11 11
223 230 11 11
223 231 11 11
223 235 11 11
223 236 11 11
244 242 12 12
244 243 12 12
244 241 12 12
244 240 12 12
245 244 12 12
245 242 12 12
245 240 12 12
245 241 12 12
246 241 12 12
246 243 12 12
246 240 12 12
246 245 12 12
247 245 12 12
247 241 12 12
247 242 12 12
247 240 12 12
248 246 12 12
248 244 12 12
248 240 12 12
248 242 12 12
249 246 12 12
249 247 12 12
249 243 12 12
249 242 12 12
250 249 12 12
250 248 12 12
250 244 12 12
250 241 12 12
251 246 12 12
251 242 12 12
251 249 12 12
251 248 12 12
252 248 12 12
252 250 12 12
252 243 12 12
252 251 12 12
253 252 12 12
253 244 12 12
253 241 12 12
253 246 12 12
254 246 12 12
254 245 12 12
254 240 12 12
254 242 12 12
255 252 12 12
255 251 12 12
255 253 12 12
255 249 12 12
256 255 12 12
256 253 12 12
256 251 12 12
256 241 12 12
257 240 12 12
257 250 12 12
257 247 12 12
257 245 12 12
258 248 12 12
258 246 12 12
258 254 12 12
258 251 12 12
259 258 12 12
259 245 12 12
259 244 12 12
259 257 12 12
240 256 12 12
240 252 12 12
240 259 12 12
240 251 12 12
241 257 12 12
241 255 12 12
241 251 12 12
241 248 12 12
242 252 12 12
242 259 12 12
242 255 12 12
242 256 12 12
243 255 12 12
243 248 12 12
243 258 12 12
243 256 12 12
264 262 13 13
264 260 13 13
264 261 13 13
264 263 13 13
265 260 13 13
265 264 13 13
265 261 13 13
265 263 13 13
266 262 13 13
266 261 13 13
266 265 13 13
266 260 13 13
267 262 13 13
267 266 13 13
267 265 13 13
267 260 13 13
268 262 13 13
268 264 13 13
268 266 13 13
268 261 13 13
269 267 13 13
269 266 13 13
269 263 13 13
269 268 13 13
270 269 13 13
270 267 13 13
270 263 13 13
270 260 13 13
271 269 13 13
271 270 13 13
271 262 13 13
271 263 13 13
272 266 13 13
272 269 13 13
272 262 13 13
272 267 13 13
273 260 13 13
273 264 13 13
273 272 13 13
273 262 13 13
274 262 13 13
274 266 13 13
274 271 13 13
274 269 13 13
275 274 13 13
275 268 13 13
275 273 13 13
275 272 13 13
276 268 13 13
276 273 13 13
276 272 13 13
276 274 13 13
277 276 13 13
277 273 13 13
277 274 13 13
277 275 13 13
278 269 13 13
278 260 13 13
278 266 13 13
278 276 13 13
279 262 13 13
279 276 13 13
279 275 13 13
279 277 13 13
260 274 13 13
260 269 13 13
260 272 13 13
260 268 13 13
261 271 13 13
261 273 13 13
261 267 13 13
261 276 13 13
262 278 13 13
262 277 13 13
262 275 13 13
262 265 13 13
263 277 13 13
263 266 13 13
263 278 13 13
263 274 13 13
284 280 14 14
284 281 14 14
284 282 14 14
284 283 14 14
285 282 14 14
285 281 14 14
285 284 14 14
285 280 14 14
286 285 14 14
286 284 14 14
286 281 14 14
286 283 14 14
287 280 14 14
287 281 14 14
287 285 14 14
287 286 14 14
288 284 14 14
288 281 14 14
288 286 14 14
288 280 14 14
289 288 14 14
289 285 14 14
289 282 14 14
289 286 14 14
290 287 14 14
290 285 14 14
290 280 14 14
290 288 14 14
291 281 14 14
291 290 14 14
291 287 14 14
291 286 14 14
292 282 14 14
292 280 14 14
292 289 14 14
292 287 14 14
293 282 14 14
293 284 14 14
293 288 14 14
293 281 14 14
294 284 14 14
294 286 14 14
294 283 14 14
294 282 14 14
295 284 14 14
295 292 14 14
295 288 14 14
295 285 14 14
296 293 14 14
296 282 14 14
296 281 14 14
296 280 14 14
297 289 14 14
297 295 14 14
297 284 14 14
297 292 14 14
298 285 14 14
298 296 14 14
298 286 14 14
298 289 14 14
299 280 14 14
299 298 14 14
299 297 14 14
299 288 14 14
280 293 14 14
280 291 14 14
280 297 14 14
280 295 14 14
281 295 14 14
281 299 14 14
281 289 14 14
281 298 14 14
282 299 14 14
282 286 14 14
282 291 14 14
282 298 14 14
283 296 14 14
283 288 14 14
283 289 14 14
283 285 14 14
304 300 15 15
304 301 15 15
304 303 15 15
304 302 15 15
305 303 15 15
305 301 15 15
305 304 15 15
305 300 15 15
306 304 15 15
306 301 15 15
306 302 15 15
306 300 15 15
307 301 15 15
307 304 15 15
307 303 15 15
307 306 15 15
308 303 15 15
308 304 15 15
308 302 15 15
308 301 15 15
309 302 15 15
309 304 15 15
309 308 15 15
309 301 15 15
310 304 15 15
310 308 15 15
310 300 15 15
310 302 15 15
311 303 15 15
311 309 15 15
311 304 15 15
311 300 15 15
312 301 15 15
312 309 15 15
312 302 15 15
312 306 15 15
313 300 15 15
313 305 15 15
313 309 15 15
313 302 15 15
314 305 15 15
314 304 15 15
314 309 15 15
314 308 15 15
315 314 15 15
315 301 15 15
315 313 15 15
315 302 15 15
316 302 15 15
316 312 15 15
316 315 15 15
316 308 15 15
317 302 15 15
317 309 15 15
317 305 15 15
317 312 15 15
318 315 15 15
318 300 15 15
318 317 15 15
318 301 15 15
319 303 15 15
319 300 15 15
319 317 15 15
319 304 15 15
300 316 15 15
300 308 15 15
300 309 15 15
300 307 15 15
301 314 15 15
301 313 15 15
301 317 15 15
301 316 15 15
302 318 15 15
302 314 15 15
302 319 15 15
302 311 15 15
303 316 15 15
303 314 15 15
303 313 15 15
303 317 15 15
98 36 4 1
80 49 4 2
92 71 4 3
96 14 4 0
111 73 5 3
115 48 5 2
115 96 5 4
118 27 5 1
130 58 6 2
127 60 6 3
136 1 6 0
126 80 6 4
146 44 7 2
152 38 7 1
155 1 7 0
148 131 7 6
166 18 8 0
162 143 8 7
164 88 8 4
175 119 8 5
188 119 9 5
195 120 9 6
193 141 9 7
191 57 9 2
201 17 10 0
203 172 10 8
210 105 10 5
203 197 10 9
225 128 11 6
233 210 11 10
227 94 11 4
239 44 11 2
257 235 12 11
251 25 12 1
248 48 12 2
257 69 12 3
279 45 13 2
270 142 13 7
272 139 13 6
276 2 13 0
293 153 14 7
298 247 14 12
285 38 14 1
283 184 14 9
313 180 15 9
306 176 15 8
316 228 15 11
317 93 15 4
7 283 0 14
11 237 0 11
8 110 0 5
2 187 0 9
36 275 1 13
31 171 1 8
31 223 1 11
25 132 1 6
50 298 2 14
55 300 2 15
56 175 2 8
45 217 2 10
63 282 3 14
75 157 3 7
78 203 3 10
73 312 3 15
