swNum = 320
edgeNum = 1343

0 0
1 0
2 0
3 0
4 0
5 0
6 0
7 0
8 0
9 0
10 0
11 0
12 0
13 0
14 0
15 0
16 0
17 0
18 0
19 0
20 1
21 1
22 1
23 1
24 1
25 1
26 1
27 1
28 1
29 1
30 1
31 1
32 1
33 1
34 1
35 1
36 1
37 1
38 1
39 1
40 2
41 2
42 2
43 2
44 2
45 2
46 2
47 2
48 2
49 2
50 2
51 2
52 2
53 2
54 2
55 2
56 2
57 2
58 2
59 2
60 3
61 3
62 3
63 3
64 3
65 3
66 3
67 3
68 3
69 3
70 3
71 3
72 3
73 3
74 3
75 3
76 3
77 3
78 3
79 3
80 4
81 4
82 4
83 4
84 4
85 4
86 4
87 4
88 4
89 4
90 4
91 4
92 4
93 4
94 4
95 4
96 4
97 4
98 4
99 4
100 5
101 5
102 5
103 5
104 5
105 5
106 5
107 5
108 5
109 5
110 5
111 5
112 5
113 5
114 5
115 5
116 5
117 5
118 5
119 5
120 6
121 6
122 6
123 6
124 6
125 6
126 6
127 6
128 6
129 6
130 6
131 6
132 6
133 6
134 6
135 6
136 6
137 6
138 6
139 6
140 7
141 7
142 7
143 7
144 7
145 7
146 7
147 7
148 7
149 7
150 7
151 7
152 7
153 7
154 7
155 7
156 7
157 7
158 7
159 7
160 8
161 8
162 8
163 8
164 8
165 8
166 8
167 8
168 8
169 8
170 8
171 8
172 8
173 8
174 8
175 8
176 8
177 8
178 8
179 8
180 9
181 9
182 9
183 9
184 9
185 9
186 9
187 9
188 9
189 9
190 9
191 9
192 9
193 9
194 9
195 9
196 9
197 9
198 9
199 9
200 10
201 10
202 10
203 10
204 10
205 10
206 10
207 10
208 10
209 10
210 10
211 10
212 10
213 10
214 10
215 10
216 10
217 10
218 10
219 10
220 11
221 11
222 11
223 11
224 11
225 11
226 11
227 11
228 11
229 11
230 11
231 11
232 11
233 11
234 11
235 11
236 11
237 11
238 11
239 11
240 12
241 12
242 12
243 12
244 12
245 12
246 12
247 12
248 12
249 12
250 12
251 12
252 12
253 12
254 12
255 12
256 12
257 12
258 12
259 12
260 13
261 13
262 13
263 13
264 13
265 13
266 13
267 13
268 13
269 13
270 13
271 13
272 13
273 13
274 13
275 13
276 13
277 13
278 13
279 13
280 14
281 14
282 14
283 14
284 14
285 14
286 14
287 14
288 14
289 14
290 14
291 14
292 14
293 14
294 14
295 14
296 14
297 14
298 14
299 14
300 15
301 15
302 15
303 15
304 15
305 15
306 15
307 15
308 15
309 15
310 15
311 15
312 15
313 15
314 15
315 15
316 15
317 15
318 15
319 15

4 1 0 0
4 2 0 0
4 0 0 0
4 3 0 0
5 2 0 0
5 1 0 0
5 4 0 0
5 0 0 0
6 2 0 0
6 5 0 0
6 1 0 0
6 0 0 0
7 0 0 0
7 4 0 0
7 6 0 0
7 2 0 0
8 5 0 0
8 4 0 0
8 6 0 0
8 1 0 0
9 3 0 0
9 0 0 0
9 1 0 0
9 2 0 0
10 1 0 0
10 4 0 0
10 5 0 0
10 2 0 0
11 3 0 0
11 7 0 0
11 0 0 0
11 4 0 0
12 3 0 0
12 1 0 0
12 11 0 0
12 7 0 0
13 8 0 0
13 9 0 0
13 0 0 0
13 11 0 0
14 9 0 0
14 7 0 0
14 1 0 0
14 13 0 0
15 11 0 0
15 7 0 0
15 1 0 0
15 12 0 0
16 7 0 0
16 3 0 0
16 5 0 0
16 1 0 0
17 8 0 0
17 1 0 0
17 4 0 0
17 0 0 0
18 3 0 0
18 9 0 0
18 14 0 0
18 1 0 0
19 18 0 0
19 7 0 0
19 1 0 0
19 10 0 0
0 16 0 0
0 12 0 0
0 15 0 0
0 18 0 0
1 7 0 0
1 11 0 0
1 13 0 0
2 14 0 0
2 12 0 0
2 15 0 0
2 11 0 0
3 7 0 0
3 10 0 0
3 15 0 0
3 19 0 0
24 21 1 1
24 22 1 1
24 23 1 1
24 20 1 1
25 20 1 1
25 22 1 1
25 24 1 1
25 23 1 1
26 23 1 1
26 21 1 1
26 20 1 1
26 22 1 1
27 20 1 1
27 24 1 1
27 23 1 1
27 21 1 1
28 27 1 1
28 21 1 1
28 23 1 1
28 20 1 1
29 20 1 1
29 25 1 1
29 22 1 1
29 23 1 1
30 21 1 1
30 28 1 1
30 20 1 1
30 26 1 1
31 29 1 1
31 30 1 1
31 20 1 1
31 26 1 1
32 21 1 1
32 31 1 1
32 26 1 1
32 25 1 1
33 29 1 1
33 25 1 1
33 21 1 1
33 22 1 1
34 31 1 1
34 30 1 1
34 26 1 1
34 32 1 1
35 29 1 1
35 20 1 1
35 22 1 1
35 26 1 1
36 28 1 1
36 30 1 1
36 26 1 1
36 21 1 1
37 33 1 1
37 34 1 1
37 35 1 1
37 22 1 1
38 31 1 1
38 37 1 1
38 23 1 1
38 27 1 1
39 36 1 1
39 34 1 1
39 30 1 1
39 21 1 1
20 39 1 1
20 32 1 1
20 36 1 1
20 38 1 1
21 34 1 1
21 38 1 1
21 29 1 1
21 31 1 1
22 27 1 1
22 38 1 1
22 28 1 1
22 31 1 1
23 36 1 1
23 32 1 1
23 35 1 1
23 30 1 1
44 41 2 2
44 43 2 2
44 42 2 2
44 40 2 2
45 40 2 2
45 42 2 2
45 43 2 2
45 44 2 2
46 40 2 2
46 43 2 2
46 45 2 2
46 42 2 2
47 41 2 2
47 42 2 2
47 44 2 2
47 45 2 2
48 47 2 2
48 43 2 2
48 41 2 2
48 45 2 2
49 46 2 2
49 47 2 2
49 44 2 2
49 42 2 2
50 41 2 2
50 44 2 2
50 43 2 2
50 47 2 2
51 50 2 2
51 47 2 2
51 41 2 2
51 46 2 2
52 43 2 2
52 46 2 2
52 51 2 2
52 47 2 2
53 44 2 2
53 46 2 2
53 40 2 2
53 52 2 2
54 41 2 2
54 40 2 2
54 47 2 2
54 50 2 2
55 49 2 2
55 45 2 2
55 47 2 2
55 46 2 2
56 55 2 2
56 48 2 2
56 45 2 2
56 53 2 2
57 56 2 2
57 51 2 2
57 50 2 2
57 46 2 2
58 47 2 2
58 40 2 2
58 46 2 2
58 44 2 2
59 40 2 2
59 43 2 2
59 45 2 2
59 46 2 2
40 55 2 2
40 56 2 2
40 50 2 2
40 49 2 2
41 59 2 2
41 58 2 2
41 53 2 2
41 45 2 2
42 50 2 2
42 51 2 2
42 54 2 2
42 55 2 2
43 58 2 2
43 56 2 2
43 55 2 2
43 53 2 2
64 61 3 3
64 60 3 3
64 62 3 3
64 63 3 3
65 62 3 3
65 63 3 3
65 64 3 3
65 61 3 3
66 60 3 3
66 61 3 3
66 63 3 3
66 64 3 3
67 61 3 3
67 64 3 3
67 66 3 3
67 65 3 3
68 61 3 3
68 64 3 3
68 67 3 3
68 60 3 3
69 65 3 3
69 68 3 3
69 63 3 3
69 62 3 3
70 63 3 3
70 62 3 3
70 65 3 3
70 66 3 3
71 60 3 3
71 68 3 3
71 61 3 3
71 66 3 3
72 65 3 3
72 69 3 3
72 70 3 3
72 67 3 3
73 60 3 3
73 66 3 3
73 61 3 3
73 68 3 3
74 68 3 3
74 65 3 3
74 72 3 3
74 67 3 3
75 73 3 3
75 68 3 3
75 65 3 3
75 66 3 3
76 69 3 3
76 75 3 3
76 63 3 3
76 62 3 3
77 76 3 3
77 65 3 3
77 70 3 3
77 67 3 3
78 71 3 3
78 75 3 3
78 60 3 3
78 73 3 3
79 62 3 3
79 69 3 3
79 73 3 3
79 68 3 3
60 75 3 3
60 69 3 3
60 79 3 3
60 72 3 3
61 72 3 3
61 70 3 3
61 75 3 3
61 74 3 3
62 72 3 3
62 67 3 3
62 74 3 3
62 73 3 3
63 74 3 3
63 77 3 3
63 73 3 3
63 67 3 3
84 82 4 4
84 83 4 4
84 80 4 4
84 81 4 4
85 84 4 4
85 82 4 4
85 80 4 4
85 83 4 4
86 85 4 4
86 84 4 4
86 82 4 4
86 80 4 4
87 86 4 4
87 84 4 4
87 85 4 4
87 80 4 4
88 80 4 4
88 85 4 4
88 82 4 4
88 83 4 4
89 88 4 4
89 82 4 4
89 83 4 4
89 84 4 4
90 89 4 4
90 84 4 4
90 88 4 4
90 83 4 4
91 90 4 4
91 89 4 4
91 84 4 4
91 88 4 4
92 86 4 4
92 91 4 4
92 83 4 4
92 82 4 4
93 86 4 4
93 85 4 4
93 87 4 4
93 81 4 4
94 85 4 4
94 92 4 4
94 83 4 4
94 86 4 4
95 86 4 4
95 81 4 4
95 80 4 4
95 85 4 4
96 82 4 4
96 90 4 4
96 84 4 4
96 86 4 4
97 82 4 4
97 95 4 4
97 93 4 4
97 94 4 4
98 87 4 4
98 93 4 4
98 84 4 4
98 86 4 4
99 82 4 4
99 85 4 4
99 95 4 4
99 86 4 4
80 93 4 4
80 98 4 4
80 99 4 4
80 89 4 4
81 99 4 4
81 87 4 4
81 96 4 4
81 90 4 4
82 98 4 4
82 95 4 4
82 91 4 4
82 94 4 4
83 99 4 4
83 96 4 4
83 91 4 4
83 86 4 4
104 100 5 5
104 103 5 5
104 102 5 5
104 101 5 5
105 100 5 5
105 102 5 5
105 104 5 5
105 101 5 5
106 101 5 5
106 100 5 5
106 103 5 5
106 104 5 5
107 104 5 5
107 102 5 5
107 103 5 5
107 101 5 5
108 106 5 5
108 103 5 5
108 101 5 5
108 107 5 5
109 102 5 5
109 103 5 5
109 105 5 5
109 104 5 5
110 103 5 5
110 105 5 5
110 109 5 5
110 102 5 5
111 109 5 5
111 101 5 5
111 103 5 5
111 107 5 5
112 111 5 5
112 101 5 5
112 100 5 5
112 105 5 5
113 107 5 5
113 109 5 5
113 104 5 5
113 102 5 5
114 111 5 5
114 100 5 5
114 113 5 5
114 103 5 5
115 114 5 5
115 105 5 5
115 104 5 5
115 112 5 5
116 113 5 5
116 112 5 5
116 115 5 5
116 101 5 5
117 109 5 5
117 102 5 5
117 110 5 5
117 115 5 5
118 115 5 5
118 111 5 5
118 116 5 5
118 107 5 5
119 118 5 5
119 116 5 5
119 114 5 5
119 106 5 5
100 116 5 5
100 115 5 5
100 119 5 5
100 111 5 5
101 118 5 5
101 119 5 5
101 115 5 5
101 114 5 5
102 116 5 5
102 118 5 5
102 114 5 5
102 115 5 5
103 118 5 5
103 119 5 5
103 113 5 5
103 112 5 5
124 123 6 6
124 122 6 6
124 120 6 6
124 121 6 6
125 123 6 6
125 120 6 6
125 124 6 6
125 122 6 6
126 120 6 6
126 125 6 6
126 124 6 6
126 121 6 6
127 124 6 6
127 125 6 6
127 123 6 6
127 122 6 6
128 122 6 6
128 120 6 6
128 124 6 6
128 125 6 6
129 128 6 6
129 123 6 6
129 120 6 6
129 125 6 6
130 128 6 6
130 123 6 6
130 124 6 6
130 129 6 6
131 125 6 6
131 123 6 6
131 122 6 6
131 126 6 6
132 126 6 6
132 124 6 6
132 131 6 6
132 120 6 6
133 132 6 6
133 124 6 6
133 126 6 6
133 123 6 6
134 126 6 6
134 133 6 6
134 132 6 6
134 130 6 6
135 125 6 6
135 133 6 6
135 128 6 6
135 123 6 6
136 132 6 6
136 126 6 6
136 128 6 6
136 125 6 6
137 123 6 6
137 131 6 6
137 127 6 6
137 125 6 6
138 120 6 6
138 129 6 6
138 135 6 6
138 137 6 6
139 137 6 6
139 129 6 6
139 138 6 6
139 122 6 6
120 134 6 6
120 136 6 6
120 139 6 6
120 131 6 6
121 138 6 6
121 136 6 6
121 128 6 6
121 125 6 6
122 136 6 6
122 129 6 6
122 126 6 6
122 134 6 6
123 136 6 6
123 139 6 6
123 138 6 6
123 128 6 6
144 142 7 7
144 140 7 7
144 143 7 7
144 141 7 7
145 141 7 7
145 143 7 7
145 142 7 7
145 140 7 7
146 142 7 7
146 144 7 7
146 145 7 7
146 143 7 7
147 140 7 7
147 145 7 7
147 142 7 7
147 143 7 7
148 146 7 7
148 143 7 7
148 145 7 7
148 142 7 7
149 141 7 7
149 148 7 7
149 146 7 7
149 140 7 7
150 145 7 7
150 141 7 7
150 142 7 7
150 146 7 7
151 140 7 7
151 148 7 7
151 149 7 7
151 142 7 7
152 143 7 7
152 147 7 7
152 141 7 7
152 140 7 7
153 147 7 7
153 152 7 7
153 145 7 7
153 141 7 7
154 151 7 7
154 140 7 7
154 143 7 7
154 148 7 7
155 152 7 7
155 153 7 7
155 146 7 7
155 145 7 7
156 146 7 7
156 154 7 7
156 148 7 7
156 149 7 7
157 142 7 7
157 150 7 7
157 152 7 7
157 141 7 7
158 143 7 7
158 154 7 7
158 151 7 7
158 146 7 7
159 143 7 7
159 140 7 7
159 154 7 7
159 158 7 7
140 153 7 7
140 156 7 7
140 148 7 7
140 158 7 7
141 155 7 7
141 148 7 7
141 146 7 7
141 151 7 7
142 159 7 7
142 154 7 7
142 155 7 7
142 152 7 7
143 155 7 7
143 151 7 7
143 149 7 7
143 153 7 7
164 161 8 8
164 160 8 8
164 163 8 8
164 162 8 8
165 160 8 8
165 162 8 8
165 164 8 8
165 161 8 8
166 165 8 8
166 162 8 8
166 160 8 8
166 163 8 8
167 166 8 8
167 162 8 8
167 165 8 8
167 161 8 8
168 167 8 8
168 162 8 8
168 161 8 8
168 165 8 8
169 160 8 8
169 161 8 8
169 167 8 8
169 164 8 8
170 166 8 8
170 167 8 8
170 161 8 8
170 165 8 8
171 164 8 8
171 170 8 8
171 163 8 8
171 167 8 8
172 169 8 8
172 161 8 8
172 164 8 8
172 160 8 8
173 165 8 8
173 169 8 8
173 172 8 8
173 164 8 8
174 161 8 8
174 160 8 8
174 163 8 8
174 170 8 8
175 170 8 8
175 169 8 8
175 171 8 8
175 166 8 8
176 166 8 8
176 174 8 8
176 165 8 8
176 171 8 8
177 170 8 8
177 176 8 8
177 162 8 8
177 166 8 8
178 174 8 8
178 168 8 8
178 177 8 8
178 167 8 8
179 164 8 8
179 170 8 8
179 161 8 8
179 175 8 8
160 170 8 8
160 173 8 8
160 176 8 8
160 171 8 8
161 175 8 8
161 173 8 8
161 177 8 8
161 178 8 8
162 175 8 8
162 179 8 8
162 170 8 8
162 171 8 8
163 173 8 8
163 176 8 8
163 170 8 8
163 167 8 8
184 183 9 9
184 181 9 9
184 180 9 9
184 182 9 9
185 182 9 9
185 181 9 9
185 183 9 9
185 184 9 9
186 180 9 9
186 182 9 9
186 185 9 9
186 183 9 9
187 184 9 9
187 181 9 9
187 186 9 9
187 182 9 9
188 180 9 9
188 181 9 9
188 183 9 9
188 186 9 9
189 185 9 9
189 184 9 9
189 186 9 9
189 187 9 9
190 182 9 9
190 187 9 9
190 184 9 9
190 189 9 9
191 183 9 9
191 185 9 9
191 181 9 9
191 184 9 9
192 187 9 9
192 186 9 9
192 185 9 9
192 180 9 9
193 181 9 9
193 184 9 9
193 186 9 9
193 182 9 9
194 189 9 9
194 184 9 9
194 183 9 9
194 181 9 9
195 194 9 9
195 190 9 9
195 187 9 9
195 184 9 9
196 186 9 9
196 194 9 9
196 183 9 9
196 195 9 9
197 189 9 9
197 195 9 9
197 190 9 9
197 192 9 9
198 192 9 9
198 186 9 9
198 195 9 9
198 182 9 9
199 193 9 9
199 197 9 9
199 192 9 9
199 195 9 9
180 193 9 9
180 195 9 9
180 190 9 9
180 185 9 9
181 189 9 9
181 196 9 9
181 190 9 9
181 197 9 9
182 189 9 9
182 188 9 9
182 192 9 9
182 195 9 9
183 193 9 9
183 192 9 9
183 195 9 9
183 198 9 9
204 201 10 10
204 200 10 10
204 202 10 10
204 203 10 10
205 200 10 10
205 204 10 10
205 201 10 10
205 202 10 10
206 202 10 10
206 205 10 10
206 204 10 10
206 203 10 10
207 201 10 10
207 204 10 10
207 200 10 10
207 203 10 10
208 202 10 10
208 207 10 10
208 205 10 10
208 206 10 10
209 203 10 10
209 205 10 10
209 204 10 10
209 201 10 10
210 205 10 10
210 208 10 10
210 207 10 10
210 201 10 10
211 200 10 10
211 207 10 10
211 210 10 10
211 204 10 10
212 200 10 10
212 209 10 10
212 201 10 10
212 204 10 10
213 204 10 10
213 206 10 10
213 202 10 10
213 210 10 10
214 213 10 10
214 201 10 10
214 212 10 10
214 211 10 10
215 213 10 10
215 209 10 10
215 214 10 10
215 207 10 10
216 208 10 10
216 215 10 10
216 204 10 10
216 202 10 10
217 200 10 10
217 209 10 10
217 204 10 10
217 212 10 10
218 202 10 10
218 200 10 10
218 216 10 10
218 213 10 10
219 204 10 10
219 216 10 10
219 209 10 10
219 203 10 10
200 209 10 10
200 214 10 10
200 219 10 10
200 208 10 10
201 219 10 10
201 217 10 10
201 206 10 10
201 208 10 10
202 210 10 10
202 219 10 10
202 215 10 10
202 214 10 10
203 215 10 10
203 218 10 10
203 205 10 10
203 216 10 10
224 222 11 11
224 220 11 11
224 221 11 11
224 223 11 11
225 223 11 11
225 221 11 11
225 222 11 11
225 224 11 11
226 223 11 11
226 224 11 11
226 225 11 11
226 220 11 11
227 225 11 11
227 223 11 11
227 224 11 11
227 222 11 11
228 221 11 11
228 222 11 11
228 224 11 11
228 223 11 11
229 221 11 11
229 228 11 11
229 224 11 11
229 226 11 11
230 221 11 11
230 225 11 11
230 223 11 11
230 229 11 11
231 229 11 11
231 224 11 11
231 228 11 11
231 220 11 11
232 230 11 11
232 223 11 11
232 228 11 11
232 221 11 11
233 228 11 11
233 223 11 11
233 230 11 11
233 232 11 11
234 231 11 11
234 226 11 11
234 224 11 11
234 220 11 11
235 223 11 11
235 233 11 11
235 232 11 11
235 228 11 11
236 232 11 11
236 228 11 11
236 234 11 11
236 231 11 11
237 223 11 11
237 233 11 11
237 232 11 11
237 235 11 11
238 226 11 11
238 236 11 11
238 233 11 11
238 229 11 11
239 222 11 11
239 234 11 11
239 228 11 11
239 224 11 11
220 239 11 11
220 236 11 11
220 233 11 11
220 232 11 11
221 226 11 11
221 239 11 11
221 236 11 11
221 227 11 11
222 232 11 11
222 230 11 11
222 229 11 11
222 234 11 11
223 239 11 11
223 229 11 11
223 234 11 11
223 231 11 11
244 243 12 12
244 240 12 12
244 241 12 12
244 242 12 12
245 244 12 12
245 240 12 12
245 241 12 12
245 243 12 12
246 241 12 12
246 240 12 12
246 243 12 12
246 242 12 12
247 244 12 12
247 241 12 12
247 242 12 12
247 245 12 12
248 243 12 12
248 247 12 12
248 240 12 12
248 245 12 12
249 247 12 12
249 240 12 12
249 243 12 12
249 241 12 12
250 245 12 12
250 246 12 12
250 247 12 12
250 249 12 12
251 249 12 12
251 244 12 12
251 250 12 12
251 247 12 12
252 251 12 12
252 250 12 12
252 241 12 12
252 247 12 12
253 243 12 12
253 248 12 12
253 250 12 12
253 246 12 12
254 251 12 12
254 243 12 12
254 245 12 12
254 250 12 12
255 250 12 12
255 240 12 12
255 245 12 12
255 254 12 12
256 245 12 12
256 250 12 12
256 244 12 12
256 242 12 12
257 243 12 12
257 256 12 12
257 253 12 12
257 249 12 12
258 257 12 12
258 253 12 12
258 241 12 12
258 254 12 12
259 246 12 12
259 242 12 12
259 258 12 12
259 241 12 12
240 253 12 12
240 257 12 12
240 259 12 12
240 258 12 12
241 255 12 12
241 248 12 12
241 250 12 12
241 251 12 12
242 258 12 12
242 245 12 12
242 257 12 12
242 253 12 12
243 247 12 12
243 256 12 12
243 251 12 12
243 250 12 12
264 262 13 13
264 260 13 13
264 261 13 13
264 263 13 13
265 263 13 13
265 262 13 13
265 261 13 13
265 264 13 13
266 260 13 13
266 261 13 13
266 264 13 13
266 263 13 13
267 263 13 13
267 260 13 13
267 265 13 13
267 261 13 13
268 265 13 13
268 263 13 13
268 260 13 13
268 261 13 13
269 265 13 13
269 266 13 13
269 267 13 13
269 263 13 13
270 262 13 13
270 263 13 13
270 260 13 13
270 269 13 13
271 270 13 13
271 263 13 13
271 264 13 13
271 260 13 13
272 264 13 13
272 261 13 13
272 266 13 13
272 267 13 13
273 261 13 13
273 272 13 13
273 271 13 13
273 266 13 13
274 267 13 13
274 260 13 13
274 271 13 13
274 265 13 13
275 261 13 13
275 271 13 13
275 262 13 13
275 270 13 13
276 270 13 13
276 262 13 13
276 271 13 13
276 264 13 13
277 261 13 13
277 267 13 13
277 262 13 13
277 275 13 13
278 266 13 13
278 276 13 13
278 268 13 13
278 264 13 13
279 269 13 13
279 272 13 13
279 265 13 13
279 275 13 13
260 279 13 13
260 272 13 13
260 277 13 13
260 273 13 13
261 276 13 13
261 269 13 13
261 278 13 13
261 279 13 13
262 279 13 13
262 274 13 13
262 272 13 13
262 266 13 13
263 275 13 13
263 272 13 13
263 277 13 13
263 279 13 13
284 282 14 14
284 283 14 14
284 280 14 14
284 281 14 14
285 280 14 14
285 281 14 14
285 283 14 14
285 282 14 14
286 284 14 14
286 281 14 14
286 283 14 14
286 280 14 14
287 280 14 14
287 281 14 14
287 285 14 14
287 284 14 14
288 285 14 14
288 280 14 14
288 287 14 14
288 282 14 14
289 283 14 14
289 286 14 14
289 281 14 14
289 285 14 14
290 284 14 14
290 289 14 14
290 282 14 14
290 288 14 14
291 287 14 14
291 285 14 14
291 282 14 14
291 281 14 14
292 286 14 14
292 281 14 14
292 290 14 14
292 282 14 14
293 288 14 14
293 290 14 14
293 289 14 14
293 282 14 14
294 288 14 14
294 281 14 14
294 283 14 14
294 291 14 14
295 283 14 14
295 289 14 14
295 284 14 14
295 294 14 14
296 293 14 14
296 290 14 14
296 288 14 14
296 282 14 14
297 287 14 14
297 282 14 14
297 285 14 14
297 293 14 14
298 283 14 14
298 281 14 14
298 292 14 14
298 294 14 14
299 284 14 14
299 286 14 14
299 289 14 14
299 292 14 14
280 293 14 14
280 299 14 14
280 298 14 14
280 297 14 14
281 295 14 14
281 297 14 14
281 290 14 14
281 296 14 14
282 299 14 14
282 294 14 14
282 286 14 14
282 287 14 14
283 299 14 14
283 287 14 14
283 297 14 14
283 291 14 14
304 300 15 15
304 301 15 15
304 303 15 15
304 302 15 15
305 302 15 15
305 303 15 15
305 304 15 15
305 300 15 15
306 300 15 15
306 305 15 15
306 302 15 15
306 304 15 15
307 304 15 15
307 305 15 15
307 306 15 15
307 303 15 15
308 301 15 15
308 305 15 15
308 303 15 15
308 304 15 15
309 302 15 15
309 300 15 15
309 304 15 15
309 301 15 15
310 301 15 15
310 305 15 15
310 308 15 15
310 307 15 15
311 310 15 15
311 301 15 15
311 300 15 15
311 308 15 15
312 310 15 15
312 305 15 15
312 307 15 15
312 303 15 15
313 302 15 15
313 304 15 15
313 311 15 15
313 309 15 15
314 308 15 15
314 303 15 15
314 301 15 15
314 312 15 15
315 300 15 15
315 308 15 15
315 304 15 15
315 312 15 15
316 303 15 15
316 300 15 15
316 312 15 15
316 310 15 15
317 304 15 15
317 307 15 15
317 309 15 15
317 300 15 15
318 309 15 15
318 301 15 15
318 302 15 15
318 311 15 15
319 301 15 15
319 316 15 15
319 309 15 15
319 302 15 15
300 319 15 15
300 318 15 15
300 313 15 15
300 308 15 15
301 313 15 15
301 317 15 15
301 312 15 15
301 305 15 15
302 308 15 15
302 315 15 15
302 312 15 15
302 316 15 15
303 319 15 15
303 313 15 15
303 310 15 15
303 309 15 15
90 41 4 2
89 34 4 1
86 63 4 3
95 7 4 0
116 74 5 3
110 33 5 1
107 86 5 4
112 12 5 0
138 96 6 4
136 66 6 3
132 43 6 2
125 118 6 5
154 40 7 2
155 64 7 3
147 104 7 5
152 131 7 6
163 63 8 3
165 152 8 7
175 117 8 5
162 46 8 2
194 0 9 0
190 21 9 1
195 132 9 6
181 87 9 4
205 169 10 8
201 190 10 9
206 49 10 2
209 108 10 5
230 72 11 3
220 139 11 6
226 99 11 4
231 172 11 8
258 102 12 5
243 63 12 3
240 235 12 11
254 218 12 10
268 258 13 12
274 136 13 6
272 13 13 0
267 211 13 10
299 213 14 10
292 41 14 2
297 236 14 11
281 127 14 6
303 254 15 12
304 228 15 11
307 178 15 8
318 280 15 14
12 205 0 10
10 160 0 8
3 133 0 6
8 230 0 11
38 262 1 13
35 280 1 14
31 162 1 8
20 230 1 11
49 266 2 13
43 313 2 15
50 100 2 5
46 182 2 9
69 200 3 10
63 295 3 14
66 195 3 9
66 315 3 15
