swNum = 320
edgeNum = 1343

0 0
1 0
2 0
3 0
4 0
5 0
6 0
7 0
8 0
9 0
10 0
11 0
12 0
13 0
14 0
15 0
16 0
17 0
18 0
19 0
20 1
21 1
22 1
23 1
24 1
25 1
26 1
27 1
28 1
29 1
30 1
31 1
32 1
33 1
34 1
35 1
36 1
37 1
38 1
39 1
40 2
41 2
42 2
43 2
44 2
45 2
46 2
47 2
48 2
49 2
50 2
51 2
52 2
53 2
54 2
55 2
56 2
57 2
58 2
59 2
60 3
61 3
62 3
63 3
64 3
65 3
66 3
67 3
68 3
69 3
70 3
71 3
72 3
73 3
74 3
75 3
76 3
77 3
78 3
79 3
80 4
81 4
82 4
83 4
84 4
85 4
86 4
87 4
88 4
89 4
90 4
91 4
92 4
93 4
94 4
95 4
96 4
97 4
98 4
99 4
100 5
101 5
102 5
103 5
104 5
105 5
106 5
107 5
108 5
109 5
110 5
111 5
112 5
113 5
114 5
115 5
116 5
117 5
118 5
119 5
120 6
121 6
122 6
123 6
124 6
125 6
126 6
127 6
128 6
129 6
130 6
131 6
132 6
133 6
134 6
135 6
136 6
137 6
138 6
139 6
140 7
141 7
142 7
143 7
144 7
145 7
146 7
147 7
148 7
149 7
150 7
151 7
152 7
153 7
154 7
155 7
156 7
157 7
158 7
159 7
160 8
161 8
162 8
163 8
164 8
165 8
166 8
167 8
168 8
169 8
170 8
171 8
172 8
173 8
174 8
175 8
176 8
177 8
178 8
179 8
180 9
181 9
182 9
183 9
184 9
185 9
186 9
187 9
188 9
189 9
190 9
191 9
192 9
193 9
194 9
195 9
196 9
197 9
198 9
199 9
200 10
201 10
202 10
203 10
204 10
205 10
206 10
207 10
208 10
209 10
210 10
211 10
212 10
213 10
214 10
215 10
216 10
217 10
218 10
219 10
220 11
221 11
222 11
223 11
224 11
225 11
226 11
227 11
228 11
229 11
230 11
231 11
232 11
233 11
234 11
235 11
236 11
237 11
238 11
239 11
240 12
241 12
242 12
243 12
244 12
245 12
246 12
247 12
248 12
249 12
250 12
251 12
252 12
253 12
254 12
255 12
256 12
257 12
258 12
259 12
260 13
261 13
262 13
263 13
264 13
265 13
266 13
267 13
268 13
269 13
270 13
271 13
272 13
273 13
274 13
275 13
276 13
277 13
278 13
279 13
280 14
281 14
282 14
283 14
284 14
285 14
286 14
287 14
288 14
289 14
290 14
291 14
292 14
293 14
294 14
295 14
296 14
297 14
298 14
299 14
300 15
301 15
302 15
303 15
304 15
305 15
306 15
307 15
308 15
309 15
310 15
311 15
312 15
313 15
314 15
315 15
316 15
317 15
318 15
319 15

4 0 0 0
4 2 0 0
4 3 0 0
4 1 0 0
5 0 0 0
5 2 0 0
5 4 0 0
5 1 0 0
6 3 0 0
6 0 0 0
6 2 0 0
6 5 0 0
7 6 0 0
7 0 0 0
7 1 0 0
7 2 0 0
8 4 0 0
8 5 0 0
8 0 0 0
8 7 0 0
9 0 0 0
9 1 0 0
9 7 0 0
9 8 0 0
10 4 0 0
10 8 0 0
10 9 0 0
10 5 0 0
11 8 0 0
11 3 0 0
11 2 0 0
11 10 0 0
12 2 0 0
12 3 0 0
12 10 0 0
12 1 0 0
13 0 0 0
13 5 0 0
13 4 0 0
13 7 0 0
14 12 0 0
14 9 0 0
14 3 0 0
14 11 0 0
15 4 0 0
15 0 0 0
15 13 0 0
15 8 0 0
16 3 0 0
16 12 0 0
16 1 0 0
16 14 0 0
17 11 0 0
17 10 0 0
17 3 0 0
17 15 0 0
18 15 0 0
18 3 0 0
18 1 0 0
18 6 0 0
19 15 0 0
19 3 0 0
19 10 0 0
19 18 0 0
0 10 0 0
0 11 0 0
0 12 0 0
0 19 0 0
1 14 0 0
1 11 0 0
1 17 0 0
1 13 0 0
2 17 0 0
2 13 0 0
2 8 0 0
2 10 0 0
3 9 0 0
3 8 0 0
3 13 0 0
3 10 0 0
24 23 1 1
24 22 1 1
24 21 1 1
24 20 1 1
25 24 1 1
25 23 1 1
25 21 1 1
25 22 1 1
26 20 1 1
26 24 1 1
26 21 1 1
26 23 1 1
27 23 1 1
27 21 1 1
27 24 1 1
27 26 1 1
28 24 1 1
28 22 1 1
28 26 1 1
28 27 1 1
29 28 1 1
29 20 1 1
29 22 1 1
29 24 1 1
30 28 1 1
30 23 1 1
30 26 1 1
30 27 1 1
31 28 1 1
31 27 1 1
31 24 1 1
31 22 1 1
32 26 1 1
32 31 1 1
32 25 1 1
32 23 1 1
33 25 1 1
33 28 1 1
33 23 1 1
33 32 1 1
34 26 1 1
34 32 1 1
34 29 1 1
34 25 1 1
35 21 1 1
35 27 1 1
35 24 1 1
35 26 1 1
36 26 1 1
36 24 1 1
36 22 1 1
36 33 1 1
37 20 1 1
37 34 1 1
37 29 1 1
37 32 1 1
38 30 1 1
38 35 1 1
38 33 1 1
38 25 1 1
39 37 1 1
39 30 1 1
39 34 1 1
39 33 1 1
20 35 1 1
20 27 1 1
20 32 1 1
20 36 1 1
21 34 1 1
21 36 1 1
21 32 1 1
21 37 1 1
22 39 1 1
22 34 1 1
22 35 1 1
22 37 1 1
23 35 1 1
23 36 1 1
23 39 1 1
23 29 1 1
44 43 2 2
44 40 2 2
44 41 2 2
44 42 2 2
45 44 2 2
45 40 2 2
45 43 2 2
45 42 2 2
46 44 2 2
46 43 2 2
46 45 2 2
46 40 2 2
47 42 2 2
47 40 2 2
47 43 2 2
47 45 2 2
48 46 2 2
48 45 2 2
48 43 2 2
48 47 2 2
49 41 2 2
49 47 2 2
49 40 2 2
49 48 2 2
50 43 2 2
50 47 2 2
50 44 2 2
50 42 2 2
51 45 2 2
51 41 2 2
51 44 2 2
51 42 2 2
52 41 2 2
52 49 2 2
52 44 2 2
52 43 2 2
53 42 2 2
53 50 2 2
53 45 2 2
53 52 2 2
54 48 2 2
54 49 2 2
54 47 2 2
54 44 2 2
55 47 2 2
55 42 2 2
55 43 2 2
55 45 2 2
56 54 2 2
56 49 2 2
56 47 2 2
56 45 2 2
57 41 2 2
57 44 2 2
57 53 2 2
57 56 2 2
58 52 2 2
58 53 2 2
58 50 2 2
58 57 2 2
59 56 2 2
59 45 2 2
59 44 2 2
59 41 2 2
40 54 2 2
40 57 2 2
40 56 2 2
40 51 2 2
41 47 2 2
41 56 2 2
41 46 2 2
41 45 2 2
42 49 2 2
42 46 2 2
42 59 2 2
42 58 2 2
43 53 2 2
43 51 2 2
43 58 2 2
43 56 2 2
64 60 3 3
64 61 3 3
64 63 3 3
64 62 3 3
65 64 3 3
65 63 3 3
65 61 3 3
65 60 3 3
66 65 3 3
66 63 3 3
66 64 3 3
66 61 3 3
67 66 3 3
67 65 3 3
67 61 3 3
67 63 3 3
68 64 3 3
68 60 3 3
68 63 3 3
68 66 3 3
69 61 3 3
69 65 3 3
69 67 3 3
69 68 3 3
70 68 3 3
70 60 3 3
70 62 3 3
70 69 3 3
71 63 3 3
71 64 3 3
71 69 3 3
71 65 3 3
72 60 3 3
72 64 3 3
72 66 3 3
72 70 3 3
73 60 3 3
73 62 3 3
73 70 3 3
73 68 3 3
74 61 3 3
74 60 3 3
74 67 3 3
74 72 3 3
75 66 3 3
75 73 3 3
75 71 3 3
75 65 3 3
76 72 3 3
76 60 3 3
76 69 3 3
76 73 3 3
77 73 3 3
77 68 3 3
77 64 3 3
77 60 3 3
78 66 3 3
78 61 3 3
78 65 3 3
78 75 3 3
79 61 3 3
79 65 3 3
79 63 3 3
79 66 3 3
60 66 3 3
60 79 3 3
60 67 3 3
60 71 3 3
61 76 3 3
61 71 3 3
61 75 3 3
61 73 3 3
62 72 3 3
62 76 3 3
62 77 3 3
62 68 3 3
63 73 3 3
63 76 3 3
63 69 3 3
63 78 3 3
84 80 4 4
84 82 4 4
84 83 4 4
84 81 4 4
85 84 4 4
85 81 4 4
85 83 4 4
85 82 4 4
86 85 4 4
86 82 4 4
86 81 4 4
86 80 4 4
87 81 4 4
87 83 4 4
87 86 4 4
87 82 4 4
88 80 4 4
88 84 4 4
88 81 4 4
88 86 4 4
89 86 4 4
89 84 4 4
89 81 4 4
89 87 4 4
90 83 4 4
90 80 4 4
90 81 4 4
90 85 4 4
91 88 4 4
91 84 4 4
91 82 4 4
91 81 4 4
92 80 4 4
92 89 4 4
92 86 4 4
92 85 4 4
93 86 4 4
93 85 4 4
93 89 4 4
93 80 4 4
94 82 4 4
94 88 4 4
94 80 4 4
94 91 4 4
95 86 4 4
95 84 4 4
95 85 4 4
95 80 4 4
96 89 4 4
96 82 4 4
96 81 4 4
96 95 4 4
97 84 4 4
97 90 4 4
97 89 4 4
97 86 4 4
98 91 4 4
98 88 4 4
98 82 4 4
98 86 4 4
99 83 4 4
99 82 4 4
99 80 4 4
99 96 4 4
80 96 4 4
80 97 4 4
80 85 4 4
80 89 4 4
81 92 4 4
81 93 4 4
81 94 4 4
81 98 4 4
82 89 4 4
82 93 4 4
82 97 4 4
82 92 4 4
83 95 4 4
83 93 4 4
83 92 4 4
83 91 4 4
104 103 5 5
104 100 5 5
104 101 5 5
104 102 5 5
105 101 5 5
105 100 5 5
105 102 5 5
105 104 5 5
106 101 5 5
106 100 5 5
106 104 5 5
106 103 5 5
107 104 5 5
107 100 5 5
107 102 5 5
107 103 5 5
108 103 5 5
108 107 5 5
108 102 5 5
108 106 5 5
109 103 5 5
109 102 5 5
109 104 5 5
109 101 5 5
110 104 5 5
110 103 5 5
110 102 5 5
110 101 5 5
111 102 5 5
111 110 5 5
111 104 5 5
111 105 5 5
112 108 5 5
112 111 5 5
112 107 5 5
112 110 5 5
113 109 5 5
113 105 5 5
113 111 5 5
113 100 5 5
114 112 5 5
114 100 5 5
114 110 5 5
114 106 5 5
115 102 5 5
115 113 5 5
115 100 5 5
115 101 5 5
116 112 5 5
116 109 5 5
116 101 5 5
116 105 5 5
117 104 5 5
117 110 5 5
117 107 5 5
117 108 5 5
118 109 5 5
118 111 5 5
118 115 5 5
118 112 5 5
119 117 5 5
119 110 5 5
119 103 5 5
119 112 5 5
100 110 5 5
100 117 5 5
100 112 5 5
100 111 5 5
101 119 5 5
101 114 5 5
101 118 5 5
101 117 5 5
102 118 5 5
102 119 5 5
102 117 5 5
102 116 5 5
103 112 5 5
103 118 5 5
103 117 5 5
103 113 5 5
124 123 6 6
124 122 6 6
124 120 6 6
124 121 6 6
125 121 6 6
125 122 6 6
125 120 6 6
125 124 6 6
126 120 6 6
126 125 6 6
126 121 6 6
126 123 6 6
127 126 6 6
127 122 6 6
127 121 6 6
127 124 6 6
128 125 6 6
128 126 6 6
128 122 6 6
128 121 6 6
129 121 6 6
129 128 6 6
129 122 6 6
129 120 6 6
130 121 6 6
130 122 6 6
130 126 6 6
130 123 6 6
131 120 6 6
131 123 6 6
131 130 6 6
131 122 6 6
132 127 6 6
132 122 6 6
132 126 6 6
132 125 6 6
133 126 6 6
133 123 6 6
133 130 6 6
133 120 6 6
134 124 6 6
134 131 6 6
134 133 6 6
134 127 6 6
135 121 6 6
135 120 6 6
135 130 6 6
135 127 6 6
136 132 6 6
136 125 6 6
136 135 6 6
136 123 6 6
137 136 6 6
137 126 6 6
137 122 6 6
137 123 6 6
138 134 6 6
138 121 6 6
138 120 6 6
138 137 6 6
139 132 6 6
139 122 6 6
139 126 6 6
139 127 6 6
120 139 6 6
120 137 6 6
120 130 6 6
120 128 6 6
121 137 6 6
121 134 6 6
121 136 6 6
121 131 6 6
122 134 6 6
122 133 6 6
122 135 6 6
122 138 6 6
123 134 6 6
123 129 6 6
123 138 6 6
123 132 6 6
144 140 7 7
144 143 7 7
144 141 7 7
144 142 7 7
145 144 7 7
145 142 7 7
145 143 7 7
145 140 7 7
146 142 7 7
146 143 7 7
146 145 7 7
146 141 7 7
147 143 7 7
147 144 7 7
147 145 7 7
147 141 7 7
148 142 7 7
148 145 7 7
148 146 7 7
148 140 7 7
149 145 7 7
149 147 7 7
149 143 7 7
149 146 7 7
150 145 7 7
150 149 7 7
150 144 7 7
150 147 7 7
151 141 7 7
151 148 7 7
151 143 7 7
151 142 7 7
152 141 7 7
152 151 7 7
152 150 7 7
152 142 7 7
153 141 7 7
153 143 7 7
153 145 7 7
153 149 7 7
154 142 7 7
154 144 7 7
154 151 7 7
154 152 7 7
155 149 7 7
155 148 7 7
155 154 7 7
155 142 7 7
156 152 7 7
156 151 7 7
156 142 7 7
156 146 7 7
157 151 7 7
157 152 7 7
157 148 7 7
157 156 7 7
158 145 7 7
158 141 7 7
158 142 7 7
158 153 7 7
159 146 7 7
159 158 7 7
159 142 7 7
159 143 7 7
140 146 7 7
140 158 7 7
140 152 7 7
140 153 7 7
141 159 7 7
141 155 7 7
141 156 7 7
141 148 7 7
142 153 7 7
142 157 7 7
142 149 7 7
142 150 7 7
143 150 7 7
143 148 7 7
143 154 7 7
143 156 7 7
164 160 8 8
164 163 8 8
164 161 8 8
164 162 8 8
165 161 8 8
165 164 8 8
165 163 8 8
165 162 8 8
166 160 8 8
166 164 8 8
166 163 8 8
166 161 8 8
167 164 8 8
167 163 8 8
167 166 8 8
167 160 8 8
168 160 8 8
168 162 8 8
168 167 8 8
168 165 8 8
169 167 8 8
169 164 8 8
169 168 8 8
169 166 8 8
170 165 8 8
170 161 8 8
170 164 8 8
170 169 8 8
171 166 8 8
171 160 8 8
171 161 8 8
171 164 8 8
172 162 8 8
172 168 8 8
172 160 8 8
172 166 8 8
173 172 8 8
173 168 8 8
173 161 8 8
173 171 8 8
174 163 8 8
174 170 8 8
174 164 8 8
174 169 8 8
175 168 8 8
175 163 8 8
175 173 8 8
175 160 8 8
176 163 8 8
176 162 8 8
176 169 8 8
176 164 8 8
177 169 8 8
177 170 8 8
177 163 8 8
177 164 8 8
178 172 8 8
178 161 8 8
178 177 8 8
178 170 8 8
179 174 8 8
179 171 8 8
179 169 8 8
179 160 8 8
160 165 8 8
160 169 8 8
160 174 8 8
160 178 8 8
161 177 8 8
161 175 8 8
161 169 8 8
161 172 8 8
162 179 8 8
162 170 8 8
162 171 8 8
162 174 8 8
163 169 8 8
163 170 8 8
163 171 8 8
163 179 8 8
184 182 9 9
184 180 9 9
184 183 9 9
184 181 9 9
185 183 9 9
185 181 9 9
185 180 9 9
185 184 9 9
186 180 9 9
186 183 9 9
186 181 9 9
186 184 9 9
187 185 9 9
187 186 9 9
187 180 9 9
187 182 9 9
188 180 9 9
188 185 9 9
188 186 9 9
188 181 9 9
189 181 9 9
189 186 9 9
189 185 9 9
189 184 9 9
190 180 9 9
190 186 9 9
190 183 9 9
190 185 9 9
191 185 9 9
191 186 9 9
191 187 9 9
191 184 9 9
192 190 9 9
192 188 9 9
192 184 9 9
192 182 9 9
193 183 9 9
193 185 9 9
193 192 9 9
193 186 9 9
194 188 9 9
194 190 9 9
194 187 9 9
194 192 9 9
195 189 9 9
195 181 9 9
195 185 9 9
195 194 9 9
196 184 9 9
196 182 9 9
196 185 9 9
196 191 9 9
197 180 9 9
197 189 9 9
197 195 9 9
197 194 9 9
198 188 9 9
198 197 9 9
198 181 9 9
198 195 9 9
199 185 9 9
199 196 9 9
199 180 9 9
199 195 9 9
180 196 9 9
180 191 9 9
180 195 9 9
180 194 9 9
181 194 9 9
181 191 9 9
181 187 9 9
181 193 9 9
182 198 9 9
182 193 9 9
182 185 9 9
182 191 9 9
183 195 9 9
183 192 9 9
183 198 9 9
183 197 9 9
204 200 10 10
204 201 10 10
204 203 10 10
204 202 10 10
205 203 10 10
205 204 10 10
205 201 10 10
205 200 10 10
206 200 10 10
206 202 10 10
206 203 10 10
206 201 10 10
207 205 10 10
207 203 10 10
207 201 10 10
207 202 10 10
208 205 10 10
208 204 10 10
208 203 10 10
208 206 10 10
209 201 10 10
209 208 10 10
209 204 10 10
209 206 10 10
210 207 10 10
210 203 10 10
210 201 10 10
210 202 10 10
211 209 10 10
211 203 10 10
211 204 10 10
211 208 10 10
212 209 10 10
212 201 10 10
212 208 10 10
212 200 10 10
213 202 10 10
213 206 10 10
213 203 10 10
213 200 10 10
214 210 10 10
214 213 10 10
214 200 10 10
214 202 10 10
215 200 10 10
215 213 10 10
215 202 10 10
215 206 10 10
216 208 10 10
216 205 10 10
216 213 10 10
216 210 10 10
217 209 10 10
217 211 10 10
217 207 10 10
217 216 10 10
218 206 10 10
218 201 10 10
218 209 10 10
218 214 10 10
219 207 10 10
219 209 10 10
219 208 10 10
219 205 10 10
200 207 10 10
200 211 10 10
200 216 10 10
200 208 10 10
201 211 10 10
201 219 10 10
201 217 10 10
201 213 10 10
202 208 10 10
202 211 10 10
202 217 10 10
202 212 10 10
203 215 10 10
203 212 10 10
203 216 10 10
203 219 10 10
224 223 11 11
224 222 11 11
224 220 11 11
224 221 11 11
225 221 11 11
225 220 11 11
225 222 11 11
225 224 11 11
226 223 11 11
226 224 11 11
226 225 11 11
226 220 11 11
227 223 11 11
227 224 11 11
227 220 11 11
227 225 11 11
228 222 11 11
228 225 11 11
228 226 11 11
228 227 11 11
229 222 11 11
229 224 11 11
229 226 11 11
229 220 11 11
230 226 11 11
230 220 11 11
230 224 11 11
230 227 11 11
231 224 11 11
231 229 11 11
231 223 11 11
231 227 11 11
232 224 11 11
232 230 11 11
232 229 11 11
232 220 11 11
233 226 11 11
233 223 11 11
233 220 11 11
233 229 11 11
234 222 11 11
234 226 11 11
234 224 11 11
234 232 11 11
235 233 11 11
235 234 11 11
235 232 11 11
235 220 11 11
236 235 11 11
236 227 11 11
236 220 11 11
236 230 11 11
237 224 11 11
237 229 11 11
237 222 11 11
237 234 11 11
238 229 11 11
238 234 11 11
238 224 11 11
238 232 11 11
239 238 11 11
239 224 11 11
239 232 11 11
239 221 11 11
220 228 11 11
220 238 11 11
220 234 11 11
220 239 11 11
221 227 11 11
221 232 11 11
221 228 11 11
221 229 11 11
222 230 11 11
222 231 11 11
222 235 11 11
222 232 11 11
223 239 11 11
223 232 11 11
223 228 11 11
223 236 11 11
244 241 12 12
244 242 12 12
244 243 12 12
244 240 12 12
245 244 12 12
245 242 12 12
245 243 12 12
245 241 12 12
246 243 12 12
246 240 12 12
246 244 12 12
246 245 12 12
247 244 12 12
247 243 12 12
247 245 12 12
247 246 12 12
248 242 12 12
248 247 12 12
248 246 12 12
248 243 12 12
249 248 12 12
249 245 12 12
249 242 12 12
249 243 12 12
250 248 12 12
250 245 12 12
250 241 12 12
250 249 12 12
251 248 12 12
251 246 12 12
251 247 12 12
251 242 12 12
252 246 12 12
252 243 12 12
252 251 12 12
252 244 12 12
253 248 12 12
253 243 12 12
253 241 12 12
253 250 12 12
254 244 12 12
254 250 12 12
254 253 12 12
254 245 12 12
255 254 12 12
255 240 12 12
255 253 12 12
255 245 12 12
256 242 12 12
256 249 12 12
256 250 12 12
256 243 12 12
257 242 12 12
257 245 12 12
257 247 12 12
257 243 12 12
258 244 12 12
258 252 12 12
258 253 12 12
258 249 12 12
259 246 12 12
259 249 12 12
259 245 12 12
259 242 12 12
240 259 12 12
240 258 12 12
240 245 12 12
240 251 12 12
241 254 12 12
241 256 12 12
241 247 12 12
241 255 12 12
242 246 12 12
242 254 12 12
242 247 12 12
242 252 12 12
243 258 12 12
243 259 12 12
243 251 12 12
243 254 12 12
264 261 13 13
264 263 13 13
264 260 13 13
264 262 13 13
265 262 13 13
265 260 13 13
265 261 13 13
265 264 13 13
266 260 13 13
266 264 13 13
266 265 13 13
266 262 13 13
267 264 13 13
267 260 13 13
267 261 13 13
267 266 13 13
268 263 13 13
268 264 13 13
268 262 13 13
268 267 13 13
269 261 13 13
269 268 13 13
269 266 13 13
269 263 13 13
270 260 13 13
270 262 13 13
270 265 13 13
270 266 13 13
271 260 13 13
271 265 13 13
271 262 13 13
271 270 13 13
272 271 13 13
272 260 13 13
272 270 13 13
272 266 13 13
273 265 13 13
273 261 13 13
273 263 13 13
273 271 13 13
274 260 13 13
274 271 13 13
274 266 13 13
274 270 13 13
275 271 13 13
275 272 13 13
275 273 13 13
275 265 13 13
276 265 13 13
276 269 13 13
276 268 13 13
276 261 13 13
277 273 13 13
277 267 13 13
277 274 13 13
277 266 13 13
278 277 13 13
278 274 13 13
278 270 13 13
278 265 13 13
279 268 13 13
279 261 13 13
279 273 13 13
279 260 13 13
260 276 13 13
260 273 13 13
260 269 13 13
260 268 13 13
261 268 13 13
261 272 13 13
261 270 13 13
261 274 13 13
262 267 13 13
262 275 13 13
262 277 13 13
262 274 13 13
263 274 13 13
263 279 13 13
263 267 13 13
263 265 13 13
284 282 14 14
284 281 14 14
284 280 14 14
284 283 14 14
285 281 14 14
285 284 14 14
285 283 14 14
285 282 14 14
286 281 14 14
286 283 14 14
286 285 14 14
286 284 14 14
287 285 14 14
287 280 14 14
287 282 14 14
287 284 14 14
288 285 14 14
288 280 14 14
288 284 14 14
288 282 14 14
289 284 14 14
289 288 14 14
289 281 14 14
289 287 14 14
290 281 14 14
290 287 14 14
290 288 14 14
290 289 14 14
291 284 14 14
291 290 14 14
291 287 14 14
291 286 14 14
292 282 14 14
292 287 14 14
292 288 14 14
292 283 14 14
293 284 14 14
293 285 14 14
293 287 14 14
293 283 14 14
294 285 14 14
294 292 14 14
294 282 14 14
294 281 14 14
295 293 14 14
295 292 14 14
295 286 14 14
295 290 14 14
296 292 14 14
296 284 14 14
296 294 14 14
296 289 14 14
297 281 14 14
297 283 14 14
297 294 14 14
297 280 14 14
298 294 14 14
298 290 14 14
298 293 14 14
298 282 14 14
299 296 14 14
299 294 14 14
299 287 14 14
299 283 14 14
280 295 14 14
280 289 14 14
280 293 14 14
280 291 14 14
281 287 14 14
281 299 14 14
281 292 14 14
281 296 14 14
282 289 14 14
282 297 14 14
282 293 14 14
282 291 14 14
283 288 14 14
283 298 14 14
283 296 14 14
283 295 14 14
304 302 15 15
304 303 15 15
304 301 15 15
304 300 15 15
305 302 15 15
305 300 15 15
305 301 15 15
305 303 15 15
306 305 15 15
306 302 15 15
306 300 15 15
306 301 15 15
307 304 15 15
307 300 15 15
307 306 15 15
307 301 15 15
308 305 15 15
308 304 15 15
308 301 15 15
308 300 15 15
309 306 15 15
309 302 15 15
309 300 15 15
309 308 15 15
310 307 15 15
310 305 15 15
310 303 15 15
310 300 15 15
311 304 15 15
311 305 15 15
311 307 15 15
311 302 15 15
312 311 15 15
312 303 15 15
312 300 15 15
312 304 15 15
313 300 15 15
313 310 15 15
313 302 15 15
313 301 15 15
314 303 15 15
314 305 15 15
314 302 15 15
314 308 15 15
315 300 15 15
315 310 15 15
315 313 15 15
315 301 15 15
316 308 15 15
316 306 15 15
316 303 15 15
316 311 15 15
317 311 15 15
317 306 15 15
317 305 15 15
317 314 15 15
318 314 15 15
318 305 15 15
318 300 15 15
318 306 15 15
319 315 15 15
319 310 15 15
319 306 15 15
319 301 15 15
300 316 15 15
300 319 15 15
300 314 15 15
300 317 15 15
301 310 15 15
301 318 15 15
301 314 15 15
301 309 15 15
302 319 15 15
302 315 15 15
302 317 15 15
302 310 15 15
303 311 15 15
303 309 15 15
303 306 15 15
303 317 15 15
89 13 4 0
80 70 4 3
84 53 4 2
91 31 4 1
107 1 5 0
113 82 5 4
115 47 5 2
109 76 5 3
130 79 6 3
130 55 6 2
120 100 6 5
134 0 6 0
145 42 7 2
143 91 7 4
148 14 7 0
154 110 7 5
174 140 8 7
166 88 8 4
171 6 8 0
171 120 8 6
189 96 9 4
188 44 9 2
191 24 9 1
182 13 9 0
217 114 10 5
218 97 10 4
200 59 10 2
212 133 10 6
220 147 11 7
239 120 11 6
223 168 11 8
226 44 11 2
246 220 12 11
242 90 12 4
244 50 12 2
241 195 12 9
261 227 13 11
273 165 13 8
261 246 13 12
273 59 13 2
284 105 14 5
286 188 14 9
295 173 14 8
297 92 14 4
319 97 15 4
301 189 15 9
314 216 15 10
309 283 15 14
8 300 0 15
17 239 0 11
19 246 0 12
14 266 0 13
29 315 1 15
26 248 1 12
34 205 1 10
20 105 1 5
58 299 2 14
40 312 2 15
53 166 2 8
67 252 3 12
71 168 3 8
72 212 3 10
69 267 3 13
