swNum = 320
edgeNum = 1343

0 0
1 0
2 0
3 0
4 0
5 0
6 0
7 0
8 0
9 0
10 0
11 0
12 0
13 0
14 0
15 0
16 0
17 0
18 0
19 0
20 1
21 1
22 1
23 1
24 1
25 1
26 1
27 1
28 1
29 1
30 1
31 1
32 1
33 1
34 1
35 1
36 1
37 1
38 1
39 1
40 2
41 2
42 2
43 2
44 2
45 2
46 2
47 2
48 2
49 2
50 2
51 2
52 2
53 2
54 2
55 2
56 2
57 2
58 2
59 2
60 3
61 3
62 3
63 3
64 3
65 3
66 3
67 3
68 3
69 3
70 3
71 3
72 3
73 3
74 3
75 3
76 3
77 3
78 3
79 3
80 4
81 4
82 4
83 4
84 4
85 4
86 4
87 4
88 4
89 4
90 4
91 4
92 4
93 4
94 4
95 4
96 4
97 4
98 4
99 4
100 5
101 5
102 5
103 5
104 5
105 5
106 5
107 5
108 5
109 5
110 5
111 5
112 5
113 5
114 5
115 5
116 5
117 5
118 5
119 5
120 6
121 6
122 6
123 6
124 6
125 6
126 6
127 6
128 6
129 6
130 6
131 6
132 6
133 6
134 6
135 6
136 6
137 6
138 6
139 6
140 7
141 7
142 7
143 7
144 7
145 7
146 7
147 7
148 7
149 7
150 7
151 7
152 7
153 7
154 7
155 7
156 7
157 7
158 7
159 7
160 8
161 8
162 8
163 8
164 8
165 8
166 8
167 8
168 8
169 8
170 8
171 8
172 8
173 8
174 8
175 8
176 8
177 8
178 8
179 8
180 9
181 9
182 9
183 9
184 9
185 9
186 9
187 9
188 9
189 9
190 9
191 9
192 9
193 9
194 9
195 9
196 9
197 9
198 9
199 9
200 10
201 10
202 10
203 10
204 10
205 10
206 10
207 10
208 10
209 10
210 10
211 10
212 10
213 10
214 10
215 10
216 10
217 10
218 10
219 10
220 11
221 11
222 11
223 11
224 11
225 11
226 11
227 11
228 11
229 11
230 11
231 11
232 11
233 11
234 11
235 11
236 11
237 11
238 11
239 11
240 12
241 12
242 12
243 12
244 12
245 12
246 12
247 12
248 12
249 12
250 12
251 12
252 12
253 12
254 12
255 12
256 12
257 12
258 12
259 12
260 13
261 13
262 13
263 13
264 13
265 13
266 13
267 13
268 13
269 13
270 13
271 13
272 13
273 13
274 13
275 13
276 13
277 13
278 13
279 13
280 14
281 14
282 14
283 14
284 14
285 14
286 14
287 14
288 14
289 14
290 14
291 14
292 14
293 14
294 14
295 14
296 14
297 14
298 14
299 14
300 15
301 15
302 15
303 15
304 15
305 15
306 15
307 15
308 15
309 15
310 15
311 15
312 15
313 15
314 15
315 15
316 15
317 15
318 15
319 15

4 3 0 0
4 1 0 0
4 0 0 0
4 2 0 0
5 2 0 0
5 1 0 0
5 4 0 0
5 3 0 0
6 4 0 0
6 2 0 0
6 0 0 0
6 1 0 0
7 4 0 0
7 2 0 0
7 6 0 0
7 3 0 0
8 7 0 0
8 6 0 0
8 3 0 0
8 2 0 0
9 3 0 0
9 7 0 0
9 4 0 0
9 2 0 0
10 3 0 0
10 5 0 0
10 0 0 0
10 2 0 0
11 4 0 0
11 7 0 0
11 0 0 0
11 8 0 0
12 2 0 0
12 0 0 0
12 10 0 0
12 8 0 0
13 10 0 0
13 3 0 0
13 5 0 0
13 1 0 0
14 0 0 0
14 10 0 0
14 6 0 0
14 13 0 0
15 12 0 0
15 5 0 0
15 9 0 0
15 13 0 0
16 9 0 0
16 8 0 0
16 7 0 0
16 4 0 0
17 6 0 0
17 2 0 0
17 7 0 0
17 16 0 0
18 13 0 0
18 5 0 0
18 14 0 0
18 7 0 0
19 11 0 0
19 14 0 0
19 18 0 0
19 9 0 0
0 18 0 0
0 17 0 0
0 13 0 0
0 5 0 0
1 18 0 0
1 19 0 0
1 10 0 0
1 15 0 0
2 14 0 0
2 13 0 0
2 19 0 0
2 16 0 0
3 19 0 0
3 14 0 0
3 16 0 0
3 11 0 0
24 23 1 1
24 20 1 1
24 21 1 1
24 22 1 1
25 23 1 1
25 21 1 1
25 24 1 1
25 22 1 1
26 23 1 1
26 25 1 1
26 22 1 1
26 24 1 1
27 20 1 1
27 21 1 1
27 24 1 1
27 25 1 1
28 25 1 1
28 22 1 1
28 24 1 1
28 26 1 1
29 23 1 1
29 27 1 1
29 20 1 1
29 26 1 1
30 22 1 1
30 28 1 1
30 25 1 1
30 26 1 1
31 30 1 1
31 22 1 1
31 25 1 1
31 26 1 1
32 22 1 1
32 28 1 1
32 21 1 1
32 20 1 1
33 27 1 1
33 20 1 1
33 24 1 1
33 29 1 1
34 27 1 1
34 33 1 1
34 20 1 1
34 23 1 1
35 23 1 1
35 29 1 1
35 20 1 1
35 24 1 1
36 27 1 1
36 24 1 1
36 34 1 1
36 29 1 1
37 21 1 1
37 25 1 1
37 31 1 1
37 34 1 1
38 24 1 1
38 33 1 1
38 37 1 1
38 21 1 1
39 24 1 1
39 32 1 1
39 30 1 1
39 25 1 1
20 36 1 1
20 37 1 1
20 39 1 1
20 25 1 1
21 26 1 1
21 31 1 1
21 35 1 1
21 33 1 1
22 38 1 1
22 29 1 1
22 33 1 1
22 39 1 1
23 33 1 1
23 27 1 1
23 39 1 1
23 36 1 1
44 42 2 2
44 43 2 2
44 40 2 2
44 41 2 2
45 43 2 2
45 41 2 2
45 44 2 2
45 42 2 2
46 42 2 2
46 45 2 2
46 43 2 2
46 41 2 2
47 43 2 2
47 40 2 2
47 41 2 2
47 45 2 2
48 41 2 2
48 43 2 2
48 42 2 2
48 46 2 2
49 48 2 2
49 46 2 2
49 40 2 2
49 45 2 2
50 45 2 2
50 48 2 2
50 41 2 2
50 44 2 2
51 47 2 2
51 45 2 2
51 44 2 2
51 40 2 2
52 42 2 2
52 41 2 2
52 49 2 2
52 48 2 2
53 42 2 2
53 50 2 2
53 45 2 2
53 44 2 2
54 45 2 2
54 46 2 2
54 53 2 2
54 43 2 2
55 45 2 2
55 50 2 2
55 42 2 2
55 49 2 2
56 45 2 2
56 51 2 2
56 50 2 2
56 42 2 2
57 41 2 2
57 54 2 2
57 55 2 2
57 50 2 2
58 56 2 2
58 49 2 2
58 43 2 2
58 42 2 2
59 41 2 2
59 48 2 2
59 49 2 2
59 56 2 2
40 46 2 2
40 53 2 2
40 52 2 2
40 54 2 2
41 56 2 2
41 54 2 2
41 53 2 2
41 51 2 2
42 49 2 2
42 47 2 2
42 50 2 2
42 57 2 2
43 49 2 2
43 52 2 2
43 55 2 2
43 56 2 2
64 63 3 3
64 62 3 3
64 60 3 3
64 61 3 3
65 62 3 3
65 61 3 3
65 64 3 3
65 63 3 3
66 61 3 3
66 62 3 3
66 60 3 3
66 65 3 3
67 60 3 3
67 64 3 3
67 66 3 3
67 65 3 3
68 64 3 3
68 60 3 3
68 63 3 3
68 66 3 3
69 64 3 3
69 60 3 3
69 67 3 3
69 63 3 3
70 65 3 3
70 62 3 3
70 60 3 3
70 69 3 3
71 61 3 3
71 62 3 3
71 64 3 3
71 66 3 3
72 67 3 3
72 64 3 3
72 68 3 3
72 60 3 3
73 71 3 3
73 61 3 3
73 63 3 3
73 62 3 3
74 66 3 3
74 73 3 3
74 62 3 3
74 71 3 3
75 62 3 3
75 70 3 3
75 73 3 3
75 71 3 3
76 64 3 3
76 62 3 3
76 66 3 3
76 68 3 3
77 65 3 3
77 76 3 3
77 75 3 3
77 73 3 3
78 77 3 3
78 61 3 3
78 63 3 3
78 69 3 3
79 62 3 3
79 74 3 3
79 76 3 3
79 77 3 3
60 78 3 3
60 77 3 3
60 74 3 3
60 75 3 3
61 67 3 3
61 75 3 3
61 74 3 3
61 76 3 3
62 78 3 3
62 67 3 3
62 69 3 3
62 72 3 3
63 71 3 3
63 67 3 3
63 79 3 3
63 74 3 3
84 80 4 4
84 83 4 4
84 82 4 4
84 81 4 4
85 82 4 4
85 84 4 4
85 80 4 4
85 81 4 4
86 81 4 4
86 82 4 4
86 85 4 4
86 80 4 4
87 83 4 4
87 84 4 4
87 85 4 4
87 82 4 4
88 84 4 4
88 80 4 4
88 83 4 4
88 87 4 4
89 83 4 4
89 84 4 4
89 87 4 4
89 88 4 4
90 85 4 4
90 82 4 4
90 87 4 4
90 89 4 4
91 88 4 4
91 90 4 4
91 82 4 4
91 81 4 4
92 88 4 4
92 91 4 4
92 80 4 4
92 85 4 4
93 92 4 4
93 91 4 4
93 84 4 4
93 88 4 4
94 90 4 4
94 87 4 4
94 85 4 4
94 82 4 4
95 93 4 4
95 89 4 4
95 91 4 4
95 88 4 4
96 83 4 4
96 90 4 4
96 93 4 4
96 87 4 4
97 90 4 4
97 95 4 4
97 96 4 4
97 83 4 4
98 83 4 4
98 91 4 4
98 88 4 4
98 80 4 4
99 93 4 4
99 94 4 4
99 80 4 4
99 92 4 4
80 95 4 4
80 93 4 4
80 97 4 4
80 96 4 4
81 92 4 4
81 99 4 4
81 97 4 4
81 95 4 4
82 95 4 4
82 98 4 4
82 97 4 4
82 93 4 4
83 94 4 4
83 91 4 4
83 93 4 4
83 95 4 4
104 100 5 5
104 102 5 5
104 101 5 5
104 103 5 5
105 101 5 5
105 104 5 5
105 100 5 5
105 102 5 5
106 102 5 5
106 103 5 5
106 101 5 5
106 104 5 5
107 103 5 5
107 101 5 5
107 106 5 5
107 105 5 5
108 104 5 5
108 100 5 5
108 106 5 5
108 105 5 5
109 108 5 5
109 105 5 5
109 100 5 5
109 103 5 5
110 104 5 5
110 105 5 5
110 101 5 5
110 100 5 5
111 110 5 5
111 100 5 5
111 105 5 5
111 106 5 5
112 108 5 5
112 110 5 5
112 111 5 5
112 104 5 5
113 111 5 5
113 108 5 5
113 112 5 5
113 104 5 5
114 106 5 5
114 103 5 5
114 109 5 5
114 111 5 5
115 108 5 5
115 105 5 5
115 112 5 5
115 111 5 5
116 111 5 5
116 101 5 5
116 105 5 5
116 112 5 5
117 101 5 5
117 107 5 5
117 114 5 5
117 103 5 5
118 101 5 5
118 109 5 5
118 112 5 5
118 116 5 5
119 106 5 5
119 102 5 5
119 118 5 5
119 107 5 5
100 112 5 5
100 115 5 5
100 113 5 5
100 119 5 5
101 119 5 5
101 114 5 5
101 109 5 5
101 115 5 5
102 107 5 5
102 114 5 5
102 117 5 5
102 109 5 5
103 118 5 5
103 113 5 5
103 108 5 5
103 119 5 5
124 120 6 6
124 122 6 6
124 121 6 6
124 123 6 6
125 121 6 6
125 122 6 6
125 124 6 6
125 120 6 6
126 123 6 6
126 121 6 6
126 124 6 6
126 120 6 6
127 122 6 6
127 124 6 6
127 123 6 6
127 126 6 6
128 123 6 6
128 125 6 6
128 124 6 6
128 127 6 6
129 122 6 6
129 120 6 6
129 125 6 6
129 124 6 6
130 127 6 6
130 126 6 6
130 129 6 6
130 128 6 6
131 123 6 6
131 128 6 6
131 126 6 6
131 127 6 6
132 126 6 6
132 122 6 6
132 129 6 6
132 128 6 6
133 130 6 6
133 127 6 6
133 123 6 6
133 122 6 6
134 128 6 6
134 125 6 6
134 122 6 6
134 124 6 6
135 120 6 6
135 129 6 6
135 122 6 6
135 131 6 6
136 127 6 6
136 132 6 6
136 135 6 6
136 122 6 6
137 131 6 6
137 133 6 6
137 128 6 6
137 134 6 6
138 124 6 6
138 131 6 6
138 129 6 6
138 125 6 6
139 121 6 6
139 135 6 6
139 132 6 6
139 126 6 6
120 130 6 6
120 139 6 6
120 138 6 6
120 137 6 6
121 129 6 6
121 132 6 6
121 131 6 6
121 135 6 6
122 139 6 6
122 137 6 6
122 130 6 6
122 138 6 6
123 139 6 6
123 132 6 6
123 138 6 6
123 130 6 6
144 140 7 7
144 141 7 7
144 143 7 7
144 142 7 7
145 143 7 7
145 142 7 7
145 144 7 7
145 141 7 7
146 141 7 7
146 143 7 7
146 140 7 7
146 142 7 7
147 141 7 7
147 144 7 7
147 143 7 7
147 146 7 7
148 140 7 7
148 144 7 7
148 146 7 7
148 143 7 7
149 144 7 7
149 142 7 7
149 145 7 7
149 143 7 7
150 149 7 7
150 143 7 7
150 146 7 7
150 144 7 7
151 150 7 7
151 143 7 7
151 140 7 7
151 145 7 7
152 146 7 7
152 148 7 7
152 147 7 7
152 144 7 7
153 144 7 7
153 152 7 7
153 148 7 7
153 147 7 7
154 143 7 7
154 147 7 7
154 141 7 7
154 151 7 7
155 140 7 7
155 149 7 7
155 151 7 7
155 150 7 7
156 151 7 7
156 141 7 7
156 152 7 7
156 147 7 7
157 148 7 7
157 151 7 7
157 141 7 7
157 149 7 7
158 154 7 7
158 140 7 7
158 143 7 7
158 153 7 7
159 153 7 7
159 156 7 7
159 157 7 7
159 152 7 7
140 159 7 7
140 152 7 7
140 154 7 7
140 156 7 7
141 153 7 7
141 151 7 7
141 148 7 7
141 152 7 7
142 159 7 7
142 157 7 7
142 155 7 7
142 151 7 7
143 155 7 7
143 156 7 7
143 152 7 7
143 157 7 7
164 162 8 8
164 161 8 8
164 163 8 8
164 160 8 8
165 161 8 8
165 162 8 8
165 163 8 8
165 164 8 8
166 161 8 8
166 165 8 8
166 163 8 8
166 164 8 8
167 161 8 8
167 163 8 8
167 164 8 8
167 165 8 8
168 167 8 8
168 161 8 8
168 164 8 8
168 166 8 8
169 166 8 8
169 164 8 8
169 161 8 8
169 162 8 8
170 161 8 8
170 164 8 8
170 163 8 8
170 167 8 8
171 161 8 8
171 170 8 8
171 160 8 8
171 167 8 8
172 167 8 8
172 163 8 8
172 164 8 8
172 160 8 8
173 161 8 8
173 168 8 8
173 172 8 8
173 160 8 8
174 170 8 8
174 167 8 8
174 163 8 8
174 173 8 8
175 164 8 8
175 173 8 8
175 165 8 8
175 161 8 8
176 160 8 8
176 168 8 8
176 170 8 8
176 174 8 8
177 161 8 8
177 169 8 8
177 170 8 8
177 167 8 8
178 177 8 8
178 161 8 8
178 160 8 8
178 163 8 8
179 161 8 8
179 170 8 8
179 178 8 8
179 167 8 8
160 179 8 8
160 170 8 8
160 168 8 8
160 169 8 8
161 172 8 8
161 174 8 8
161 176 8 8
162 173 8 8
162 174 8 8
162 171 8 8
162 167 8 8
163 168 8 8
163 179 8 8
163 169 8 8
163 173 8 8
184 181 9 9
184 182 9 9
184 180 9 9
184 183 9 9
185 181 9 9
185 184 9 9
185 182 9 9
185 183 9 9
186 183 9 9
186 182 9 9
186 180 9 9
186 181 9 9
187 182 9 9
187 186 9 9
187 184 9 9
187 185 9 9
188 185 9 9
188 180 9 9
188 187 9 9
188 186 9 9
189 187 9 9
189 185 9 9
189 188 9 9
189 181 9 9
190 185 9 9
190 181 9 9
190 187 9 9
190 189 9 9
191 189 9 9
191 186 9 9
191 184 9 9
191 181 9 9
192 181 9 9
192 183 9 9
192 188 9 9
192 189 9 9
193 192 9 9
193 189 9 9
193 184 9 9
193 185 9 9
194 180 9 9
194 188 9 9
194 181 9 9
194 183 9 9
195 182 9 9
195 181 9 9
195 191 9 9
195 184 9 9
196 190 9 9
196 187 9 9
196 181 9 9
196 182 9 9
197 180 9 9
197 182 9 9
197 195 9 9
197 193 9 9
198 182 9 9
198 189 9 9
198 195 9 9
198 194 9 9
199 198 9 9
199 181 9 9
199 180 9 9
199 189 9 9
180 193 9 9
180 195 9 9
180 196 9 9
180 190 9 9
181 197 9 9
181 188 9 9
181 198 9 9
181 187 9 9
182 188 9 9
182 191 9 9
182 193 9 9
182 189 9 9
183 197 9 9
183 190 9 9
183 193 9 9
183 191 9 9
204 200 10 10
204 201 10 10
204 203 10 10
204 202 10 10
205 201 10 10
205 203 10 10
205 200 10 10
205 204 10 10
206 201 10 10
206 203 10 10
206 200 10 10
206 204 10 10
207 206 10 10
207 201 10 10
207 202 10 10
207 204 10 10
208 201 10 10
208 204 10 10
208 205 10 10
208 206 10 10
209 208 10 10
209 203 10 10
209 206 10 10
209 202 10 10
210 209 10 10
210 202 10 10
210 207 10 10
210 201 10 10
211 200 10 10
211 206 10 10
211 201 10 10
211 205 10 10
212 209 10 10
212 208 10 10
212 205 10 10
212 206 10 10
213 202 10 10
213 207 10 10
213 209 10 10
213 204 10 10
214 202 10 10
214 213 10 10
214 208 10 10
214 200 10 10
215 207 10 10
215 212 10 10
215 205 10 10
215 202 10 10
216 206 10 10
216 203 10 10
216 208 10 10
216 211 10 10
217 207 10 10
217 206 10 10
217 210 10 10
217 213 10 10
218 200 10 10
218 202 10 10
218 206 10 10
218 211 10 10
219 211 10 10
219 203 10 10
219 201 10 10
219 215 10 10
200 207 10 10
200 208 10 10
200 216 10 10
200 215 10 10
201 214 10 10
201 209 10 10
201 215 10 10
201 216 10 10
202 206 10 10
202 208 10 10
202 219 10 10
202 217 10 10
203 208 10 10
203 218 10 10
203 217 10 10
203 214 10 10
224 223 11 11
224 221 11 11
224 222 11 11
224 220 11 11
225 222 11 11
225 221 11 11
225 224 11 11
225 223 11 11
226 220 11 11
226 223 11 11
226 221 11 11
226 224 11 11
227 221 11 11
227 222 11 11
227 224 11 11
227 223 11 11
228 222 11 11
228 223 11 11
228 221 11 11
228 224 11 11
229 220 11 11
229 228 11 11
229 227 11 11
229 226 11 11
230 225 11 11
230 221 11 11
230 222 11 11
230 223 11 11
231 230 11 11
231 220 11 11
231 227 11 11
231 223 11 11
232 226 11 11
232 228 11 11
232 222 11 11
232 223 11 11
233 222 11 11
233 220 11 11
233 230 11 11
233 221 11 11
234 223 11 11
234 222 11 11
234 226 11 11
234 232 11 11
235 227 11 11
235 232 11 11
235 226 11 11
235 220 11 11
236 232 11 11
236 222 11 11
236 230 11 11
236 228 11 11
237 223 11 11
237 222 11 11
237 230 11 11
237 233 11 11
238 220 11 11
238 221 11 11
238 227 11 11
238 235 11 11
239 226 11 11
239 222 11 11
239 238 11 11
239 231 11 11
220 227 11 11
220 232 11 11
220 230 11 11
220 239 11 11
221 229 11 11
221 234 11 11
221 239 11 11
221 232 11 11
222 226 11 11
222 235 11 11
222 231 11 11
222 238 11 11
223 235 11 11
223 229 11 11
223 239 11 11
223 238 11 11
244 240 12 12
244 243 12 12
244 242 12 12
244 241 12 12
245 244 12 12
245 240 12 12
245 241 12 12
245 243 12 12
246 240 12 12
246 245 12 12
246 242 12 12
246 244 12 12
247 242 12 12
247 243 12 12
247 246 12 12
247 244 12 12
248 243 12 12
248 240 12 12
248 247 12 12
248 244 12 12
249 240 12 12
249 248 12 12
249 241 12 12
249 244 12 12
250 249 12 12
250 240 12 12
250 244 12 12
250 242 12 12
251 249 12 12
251 242 12 12
251 240 12 12
251 245 12 12
252 249 12 12
252 250 12 12
252 251 12 12
252 241 12 12
253 243 12 12
253 244 12 12
253 241 12 12
253 246 12 12
254 250 12 12
254 249 12 12
254 252 12 12
254 251 12 12
255 241 12 12
255 240 12 12
255 250 12 12
255 251 12 12
256 240 12 12
256 247 12 12
256 241 12 12
256 243 12 12
257 245 12 12
257 249 12 12
257 253 12 12
257 252 12 12
258 257 12 12
258 243 12 12
258 254 12 12
258 246 12 12
259 241 12 12
259 256 12 12
259 254 12 12
259 246 12 12
240 253 12 12
240 252 12 12
240 254 12 12
240 247 12 12
241 247 12 12
241 248 12 12
241 258 12 12
241 251 12 12
242 253 12 12
242 256 12 12
242 258 12 12
242 254 12 12
243 259 12 12
243 246 12 12
243 255 12 12
243 249 12 12
264 260 13 13
264 262 13 13
264 263 13 13
264 261 13 13
265 262 13 13
265 264 13 13
265 263 13 13
265 261 13 13
266 263 13 13
266 261 13 13
266 265 13 13
266 264 13 13
267 261 13 13
267 260 13 13
267 265 13 13
267 263 13 13
268 263 13 13
268 266 13 13
268 261 13 13
268 262 13 13
269 260 13 13
269 263 13 13
269 268 13 13
269 261 13 13
270 268 13 13
270 263 13 13
270 262 13 13
270 261 13 13
271 261 13 13
271 266 13 13
271 262 13 13
271 268 13 13
272 268 13 13
272 261 13 13
272 271 13 13
272 262 13 13
273 261 13 13
273 271 13 13
273 268 13 13
273 270 13 13
274 262 13 13
274 264 13 13
274 267 13 13
274 268 13 13
275 262 13 13
275 265 13 13
275 270 13 13
275 268 13 13
276 271 13 13
276 272 13 13
276 275 13 13
276 268 13 13
277 274 13 13
277 267 13 13
277 260 13 13
277 264 13 13
278 270 13 13
278 268 13 13
278 275 13 13
278 273 13 13
279 272 13 13
279 277 13 13
279 266 13 13
279 278 13 13
260 278 13 13
260 272 13 13
260 268 13 13
260 265 13 13
261 276 13 13
261 275 13 13
261 277 13 13
261 279 13 13
262 278 13 13
262 279 13 13
262 266 13 13
262 267 13 13
263 279 13 13
263 273 13 13
263 277 13 13
263 274 13 13
284 282 14 14
284 281 14 14
284 283 14 14
284 280 14 14
285 284 14 14
285 282 14 14
285 283 14 14
285 281 14 14
286 283 14 14
286 281 14 14
286 285 14 14
286 284 14 14
287 285 14 14
287 286 14 14
287 281 14 14
287 280 14 14
288 287 14 14
288 286 14 14
288 284 14 14
288 283 14 14
289 283 14 14
289 280 14 14
289 285 14 14
289 286 14 14
290 288 14 14
290 285 14 14
290 282 14 14
290 284 14 14
291 289 14 14
291 281 14 14
291 285 14 14
291 280 14 14
292 284 14 14
292 283 14 14
292 290 14 14
292 285 14 14
293 284 14 14
293 291 14 14
293 292 14 14
293 280 14 14
294 289 14 14
294 286 14 14
294 288 14 14
294 280 14 14
295 284 14 14
295 281 14 14
295 289 14 14
295 285 14 14
296 294 14 14
296 281 14 14
296 280 14 14
296 292 14 14
297 282 14 14
297 285 14 14
297 288 14 14
297 280 14 14
298 282 14 14
298 285 14 14
298 288 14 14
298 281 14 14
299 282 14 14
299 283 14 14
299 292 14 14
299 285 14 14
280 295 14 14
280 285 14 14
280 288 14 14
280 298 14 14
281 288 14 14
281 294 14 14
281 289 14 14
281 297 14 14
282 286 14 14
282 292 14 14
282 296 14 14
282 295 14 14
283 293 14 14
283 295 14 14
283 297 14 14
283 290 14 14
304 300 15 15
304 302 15 15
304 301 15 15
304 303 15 15
305 302 15 15
305 301 15 15
305 304 15 15
305 300 15 15
306 302 15 15
306 303 15 15
306 300 15 15
306 305 15 15
307 304 15 15
307 305 15 15
307 303 15 15
307 306 15 15
308 302 15 15
308 303 15 15
308 305 15 15
308 306 15 15
309 306 15 15
309 308 15 15
309 301 15 15
309 303 15 15
310 303 15 15
310 308 15 15
310 309 15 15
310 300 15 15
311 300 15 15
311 305 15 15
311 302 15 15
311 303 15 15
312 303 15 15
312 308 15 15
312 306 15 15
312 309 15 15
313 304 15 15
313 305 15 15
313 300 15 15
313 301 15 15
314 303 15 15
314 301 15 15
314 305 15 15
314 304 15 15
315 303 15 15
315 306 15 15
315 311 15 15
315 309 15 15
316 314 15 15
316 303 15 15
316 306 15 15
316 307 15 15
317 314 15 15
317 311 15 15
317 310 15 15
317 301 15 15
318 314 15 15
318 316 15 15
318 308 15 15
318 301 15 15
319 300 15 15
319 313 15 15
319 315 15 15
319 311 15 15
300 315 15 15
300 309 15 15
300 317 15 15
300 308 15 15
301 307 15 15
301 311 15 15
301 310 15 15
301 319 15 15
302 317 15 15
302 310 15 15
302 315 15 15
302 319 15 15
303 313 15 15
303 319 15 15
303 317 15 15
303 318 15 15
92 21 4 1
97 52 4 2
99 17 4 0
84 70 4 3
112 73 5 3
115 45 5 2
109 9 5 0
109 36 5 1
128 54 6 2
120 80 6 4
123 112 6 5
127 9 6 0
149 71 7 3
149 19 7 0
148 26 7 1
156 42 7 2
177 75 8 3
179 147 8 7
179 8 8 0
162 111 8 5
195 147 9 7
186 120 9 6
189 26 9 1
193 61 9 3
209 155 10 7
216 77 10 3
205 173 10 8
219 22 10 1
234 66 11 3
227 216 11 10
231 138 11 6
221 55 11 2
243 165 12 8
243 191 12 9
245 7 12 0
242 32 12 1
270 66 13 3
261 114 13 5
263 251 13 12
269 230 13 11
296 98 14 4
294 262 14 13
290 146 14 7
282 162 14 8
317 138 15 6
315 9 15 0
307 227 15 11
307 147 15 7
16 223 0 11
14 279 0 13
16 216 0 10
10 297 0 14
27 170 1 8
32 290 1 14
27 268 1 13
30 126 1 6
45 180 2 9
50 174 2 8
46 214 2 10
51 305 2 15
61 127 3 6
60 297 3 14
73 248 3 12
66 302 3 15
