swNum = 320
edgeNum = 1344

0 0
1 0
2 0
3 0
4 0
5 0
6 0
7 0
8 0
9 0
10 0
11 0
12 0
13 0
14 0
15 0
16 0
17 0
18 0
19 0
20 1
21 1
22 1
23 1
24 1
25 1
26 1
27 1
28 1
29 1
30 1
31 1
32 1
33 1
34 1
35 1
36 1
37 1
38 1
39 1
40 2
41 2
42 2
43 2
44 2
45 2
46 2
47 2
48 2
49 2
50 2
51 2
52 2
53 2
54 2
55 2
56 2
57 2
58 2
59 2
60 3
61 3
62 3
63 3
64 3
65 3
66 3
67 3
68 3
69 3
70 3
71 3
72 3
73 3
74 3
75 3
76 3
77 3
78 3
79 3
80 4
81 4
82 4
83 4
84 4
85 4
86 4
87 4
88 4
89 4
90 4
91 4
92 4
93 4
94 4
95 4
96 4
97 4
98 4
99 4
100 5
101 5
102 5
103 5
104 5
105 5
106 5
107 5
108 5
109 5
110 5
111 5
112 5
113 5
114 5
115 5
116 5
117 5
118 5
119 5
120 6
121 6
122 6
123 6
124 6
125 6
126 6
127 6
128 6
129 6
130 6
131 6
132 6
133 6
134 6
135 6
136 6
137 6
138 6
139 6
140 7
141 7
142 7
143 7
144 7
145 7
146 7
147 7
148 7
149 7
150 7
151 7
152 7
153 7
154 7
155 7
156 7
157 7
158 7
159 7
160 8
161 8
162 8
163 8
164 8
165 8
166 8
167 8
168 8
169 8
170 8
171 8
172 8
173 8
174 8
175 8
176 8
177 8
178 8
179 8
180 9
181 9
182 9
183 9
184 9
185 9
186 9
187 9
188 9
189 9
190 9
191 9
192 9
193 9
194 9
195 9
196 9
197 9
198 9
199 9
200 10
201 10
202 10
203 10
204 10
205 10
206 10
207 10
208 10
209 10
210 10
211 10
212 10
213 10
214 10
215 10
216 10
217 10
218 10
219 10
220 11
221 11
222 11
223 11
224 11
225 11
226 11
227 11
228 11
229 11
230 11
231 11
232 11
233 11
234 11
235 11
236 11
237 11
238 11
239 11
240 12
241 12
242 12
243 12
244 12
245 12
246 12
247 12
248 12
249 12
250 12
251 12
252 12
253 12
254 12
255 12
256 12
257 12
258 12
259 12
260 13
261 13
262 13
263 13
264 13
265 13
266 13
267 13
268 13
269 13
270 13
271 13
272 13
273 13
274 13
275 13
276 13
277 13
278 13
279 13
280 14
281 14
282 14
283 14
284 14
285 14
286 14
287 14
288 14
289 14
290 14
291 14
292 14
293 14
294 14
295 14
296 14
297 14
298 14
299 14
300 15
301 15
302 15
303 15
304 15
305 15
306 15
307 15
308 15
309 15
310 15
311 15
312 15
313 15
314 15
315 15
316 15
317 15
318 15
319 15

4 3 0 0
4 2 0 0
4 0 0 0
4 1 0 0
5 2 0 0
5 0 0 0
5 4 0 0
5 3 0 0
6 4 0 0
6 1 0 0
6 0 0 0
6 2 0 0
7 2 0 0
7 3 0 0
7 0 0 0
7 5 0 0
8 6 0 0
8 2 0 0
8 0 0 0
8 3 0 0
9 6 0 0
9 1 0 0
9 7 0 0
9 2 0 0
10 5 0 0
10 0 0 0
10 9 0 0
10 6 0 0
11 7 0 0
11 2 0 0
11 6 0 0
11 0 0 0
12 11 0 0
12 6 0 0
12 8 0 0
12 5 0 0
13 11 0 0
13 7 0 0
13 5 0 0
13 4 0 0
14 6 0 0
14 11 0 0
14 4 0 0
14 7 0 0
15 12 0 0
15 14 0 0
15 0 0 0
15 9 0 0
16 3 0 0
16 2 0 0
16 7 0 0
16 9 0 0
17 12 0 0
17 1 0 0
17 16 0 0
17 5 0 0
18 6 0 0
18 4 0 0
18 10 0 0
18 11 0 0
19 4 0 0
19 8 0 0
19 1 0 0
19 9 0 0
0 16 0 0
0 19 0 0
0 12 0 0
0 17 0 0
1 14 0 0
1 10 0 0
1 18 0 0
1 7 0 0
2 18 0 0
2 19 0 0
2 12 0 0
2 17 0 0
3 19 0 0
3 13 0 0
3 18 0 0
3 11 0 0
24 22 1 1
24 23 1 1
24 20 1 1
24 21 1 1
25 24 1 1
25 20 1 1
25 21 1 1
25 22 1 1
26 21 1 1
26 22 1 1
26 20 1 1
26 23 1 1
27 24 1 1
27 23 1 1
27 26 1 1
27 22 1 1
28 25 1 1
28 20 1 1
28 21 1 1
28 27 1 1
29 23 1 1
29 28 1 1
29 20 1 1
29 21 1 1
30 24 1 1
30 22 1 1
30 28 1 1
30 21 1 1
31 28 1 1
31 21 1 1
31 24 1 1
31 29 1 1
32 23 1 1
32 25 1 1
32 24 1 1
32 21 1 1
33 28 1 1
33 21 1 1
33 29 1 1
33 24 1 1
34 28 1 1
34 20 1 1
34 23 1 1
34 29 1 1
35 20 1 1
35 26 1 1
35 28 1 1
35 34 1 1
36 28 1 1
36 32 1 1
36 21 1 1
36 25 1 1
37 27 1 1
37 32 1 1
37 22 1 1
37 21 1 1
38 24 1 1
38 29 1 1
38 20 1 1
38 32 1 1
39 38 1 1
39 24 1 1
39 29 1 1
39 32 1 1
20 32 1 1
20 31 1 1
20 36 1 1
20 27 1 1
21 39 1 1
21 38 1 1
21 34 1 1
21 35 1 1
22 39 1 1
22 29 1 1
22 36 1 1
22 32 1 1
23 30 1 1
23 37 1 1
23 36 1 1
23 31 1 1
44 43 2 2
44 40 2 2
44 42 2 2
44 41 2 2
45 40 2 2
45 41 2 2
45 42 2 2
45 44 2 2
46 43 2 2
46 44 2 2
46 40 2 2
46 42 2 2
47 43 2 2
47 40 2 2
47 46 2 2
47 44 2 2
48 41 2 2
48 42 2 2
48 47 2 2
48 40 2 2
49 40 2 2
49 45 2 2
49 48 2 2
49 46 2 2
50 49 2 2
50 46 2 2
50 47 2 2
50 44 2 2
51 42 2 2
51 41 2 2
51 48 2 2
51 40 2 2
52 41 2 2
52 47 2 2
52 40 2 2
52 49 2 2
53 51 2 2
53 42 2 2
53 50 2 2
53 46 2 2
54 51 2 2
54 41 2 2
54 45 2 2
54 49 2 2
55 47 2 2
55 48 2 2
55 50 2 2
55 46 2 2
56 46 2 2
56 52 2 2
56 45 2 2
56 54 2 2
57 53 2 2
57 56 2 2
57 49 2 2
57 45 2 2
58 48 2 2
58 55 2 2
58 42 2 2
58 53 2 2
59 56 2 2
59 57 2 2
59 53 2 2
59 43 2 2
40 56 2 2
40 53 2 2
40 58 2 2
40 59 2 2
41 50 2 2
41 56 2 2
41 53 2 2
41 46 2 2
42 55 2 2
42 54 2 2
42 52 2 2
42 59 2 2
43 52 2 2
43 50 2 2
43 55 2 2
43 56 2 2
64 60 3 3
64 63 3 3
64 61 3 3
64 62 3 3
65 64 3 3
65 62 3 3
65 63 3 3
65 60 3 3
66 63 3 3
66 61 3 3
66 62 3 3
66 65 3 3
67 64 3 3
67 65 3 3
67 63 3 3
67 66 3 3
68 63 3 3
68 64 3 3
68 67 3 3
68 65 3 3
69 68 3 3
69 60 3 3
69 63 3 3
69 61 3 3
70 69 3 3
70 65 3 3
70 62 3 3
70 68 3 3
71 60 3 3
71 70 3 3
71 66 3 3
71 65 3 3
72 64 3 3
72 71 3 3
72 63 3 3
72 67 3 3
73 69 3 3
73 65 3 3
73 71 3 3
73 63 3 3
74 64 3 3
74 73 3 3
74 70 3 3
74 68 3 3
75 72 3 3
75 63 3 3
75 66 3 3
75 67 3 3
76 66 3 3
76 65 3 3
76 70 3 3
76 63 3 3
77 70 3 3
77 63 3 3
77 76 3 3
77 74 3 3
78 75 3 3
78 62 3 3
78 69 3 3
78 63 3 3
79 67 3 3
79 66 3 3
79 74 3 3
79 70 3 3
60 70 3 3
60 73 3 3
60 77 3 3
60 67 3 3
61 75 3 3
61 65 3 3
61 76 3 3
61 74 3 3
62 77 3 3
62 75 3 3
62 76 3 3
62 72 3 3
63 71 3 3
63 70 3 3
63 79 3 3
63 74 3 3
84 81 4 4
84 83 4 4
84 80 4 4
84 82 4 4
85 81 4 4
85 82 4 4
85 84 4 4
85 80 4 4
86 80 4 4
86 84 4 4
86 82 4 4
86 83 4 4
87 85 4 4
87 82 4 4
87 80 4 4
87 86 4 4
88 80 4 4
88 87 4 4
88 84 4 4
88 81 4 4
89 87 4 4
89 82 4 4
89 88 4 4
89 86 4 4
90 82 4 4
90 86 4 4
90 84 4 4
90 81 4 4
91 85 4 4
91 84 4 4
91 88 4 4
91 90 4 4
92 84 4 4
92 83 4 4
92 86 4 4
92 81 4 4
93 90 4 4
93 88 4 4
93 86 4 4
93 89 4 4
94 86 4 4
94 81 4 4
94 88 4 4
94 80 4 4
95 84 4 4
95 91 4 4
95 92 4 4
95 94 4 4
96 90 4 4
96 89 4 4
96 94 4 4
96 95 4 4
97 80 4 4
97 81 4 4
97 84 4 4
97 83 4 4
98 84 4 4
98 81 4 4
98 80 4 4
98 97 4 4
99 87 4 4
99 90 4 4
99 93 4 4
99 91 4 4
80 93 4 4
80 96 4 4
80 95 4 4
80 92 4 4
81 96 4 4
81 87 4 4
81 91 4 4
81 99 4 4
82 88 4 4
82 91 4 4
82 99 4 4
82 95 4 4
83 96 4 4
83 88 4 4
83 95 4 4
83 87 4 4
104 100 5 5
104 102 5 5
104 101 5 5
104 103 5 5
105 102 5 5
105 100 5 5
105 104 5 5
105 101 5 5
106 105 5 5
106 102 5 5
106 101 5 5
106 104 5 5
107 103 5 5
107 102 5 5
107 100 5 5
107 101 5 5
108 107 5 5
108 103 5 5
108 100 5 5
108 104 5 5
109 107 5 5
109 102 5 5
109 105 5 5
109 104 5 5
110 103 5 5
110 108 5 5
110 109 5 5
110 104 5 5
111 100 5 5
111 104 5 5
111 105 5 5
111 102 5 5
112 109 5 5
112 110 5 5
112 104 5 5
112 103 5 5
113 105 5 5
113 110 5 5
113 112 5 5
113 107 5 5
114 103 5 5
114 110 5 5
114 101 5 5
114 113 5 5
115 110 5 5
115 102 5 5
115 103 5 5
115 107 5 5
116 102 5 5
116 107 5 5
116 104 5 5
116 115 5 5
117 108 5 5
117 113 5 5
117 103 5 5
117 101 5 5
118 116 5 5
118 105 5 5
118 104 5 5
118 110 5 5
119 114 5 5
119 112 5 5
119 103 5 5
119 110 5 5
100 106 5 5
100 116 5 5
100 118 5 5
100 115 5 5
101 108 5 5
101 118 5 5
101 115 5 5
101 119 5 5
102 113 5 5
102 112 5 5
102 108 5 5
102 114 5 5
103 113 5 5
103 116 5 5
103 109 5 5
103 118 5 5
124 123 6 6
124 120 6 6
124 122 6 6
124 121 6 6
125 123 6 6
125 121 6 6
125 124 6 6
125 122 6 6
126 122 6 6
126 121 6 6
126 123 6 6
126 124 6 6
127 125 6 6
127 126 6 6
127 123 6 6
127 121 6 6
128 120 6 6
128 123 6 6
128 121 6 6
128 124 6 6
129 127 6 6
129 124 6 6
129 128 6 6
129 123 6 6
130 128 6 6
130 126 6 6
130 127 6 6
130 125 6 6
131 121 6 6
131 122 6 6
131 128 6 6
131 123 6 6
132 123 6 6
132 120 6 6
132 131 6 6
132 121 6 6
133 131 6 6
133 124 6 6
133 123 6 6
133 129 6 6
134 130 6 6
134 128 6 6
134 127 6 6
134 124 6 6
135 129 6 6
135 134 6 6
135 128 6 6
135 130 6 6
136 132 6 6
136 126 6 6
136 122 6 6
136 129 6 6
137 127 6 6
137 122 6 6
137 131 6 6
137 124 6 6
138 134 6 6
138 125 6 6
138 137 6 6
138 123 6 6
139 123 6 6
139 134 6 6
139 130 6 6
139 132 6 6
120 126 6 6
120 127 6 6
120 134 6 6
120 135 6 6
121 135 6 6
121 136 6 6
121 137 6 6
121 133 6 6
122 132 6 6
122 138 6 6
122 129 6 6
122 135 6 6
123 135 6 6
123 136 6 6
123 130 6 6
123 137 6 6
144 141 7 7
144 143 7 7
144 142 7 7
144 140 7 7
145 140 7 7
145 144 7 7
145 142 7 7
145 143 7 7
146 144 7 7
146 145 7 7
146 141 7 7
146 142 7 7
147 142 7 7
147 140 7 7
147 141 7 7
147 145 7 7
148 142 7 7
148 145 7 7
148 144 7 7
148 146 7 7
149 141 7 7
149 147 7 7
149 144 7 7
149 146 7 7
150 148 7 7
150 145 7 7
150 146 7 7
150 147 7 7
151 148 7 7
151 145 7 7
151 146 7 7
151 143 7 7
152 141 7 7
152 143 7 7
152 148 7 7
152 149 7 7
153 147 7 7
153 143 7 7
153 148 7 7
153 144 7 7
154 146 7 7
154 151 7 7
154 150 7 7
154 148 7 7
155 154 7 7
155 152 7 7
155 140 7 7
155 147 7 7
156 154 7 7
156 151 7 7
156 150 7 7
156 147 7 7
157 147 7 7
157 150 7 7
157 154 7 7
157 149 7 7
158 141 7 7
158 156 7 7
158 153 7 7
158 144 7 7
159 157 7 7
159 149 7 7
159 146 7 7
159 141 7 7
140 159 7 7
140 150 7 7
140 157 7 7
140 158 7 7
141 150 7 7
141 155 7 7
141 157 7 7
141 156 7 7
142 156 7 7
142 159 7 7
142 157 7 7
142 150 7 7
143 147 7 7
143 146 7 7
143 149 7 7
143 158 7 7
164 163 8 8
164 160 8 8
164 161 8 8
164 162 8 8
165 163 8 8
165 160 8 8
165 162 8 8
165 164 8 8
166 164 8 8
166 160 8 8
166 161 8 8
166 162 8 8
167 161 8 8
167 160 8 8
167 166 8 8
167 164 8 8
168 163 8 8
168 161 8 8
168 162 8 8
168 164 8 8
169 161 8 8
169 166 8 8
169 164 8 8
169 165 8 8
170 162 8 8
170 169 8 8
170 168 8 8
170 167 8 8
171 168 8 8
171 163 8 8
171 169 8 8
171 160 8 8
172 167 8 8
172 170 8 8
172 160 8 8
172 161 8 8
173 172 8 8
173 161 8 8
173 165 8 8
173 160 8 8
174 170 8 8
174 162 8 8
174 171 8 8
174 169 8 8
175 163 8 8
175 168 8 8
175 170 8 8
175 173 8 8
176 173 8 8
176 166 8 8
176 167 8 8
176 164 8 8
177 172 8 8
177 171 8 8
177 176 8 8
177 164 8 8
178 173 8 8
178 174 8 8
178 164 8 8
178 160 8 8
179 168 8 8
179 161 8 8
179 169 8 8
179 174 8 8
160 179 8 8
160 176 8 8
160 174 8 8
160 169 8 8
161 176 8 8
161 170 8 8
161 178 8 8
161 174 8 8
162 177 8 8
162 172 8 8
162 169 8 8
162 178 8 8
163 167 8 8
163 178 8 8
163 172 8 8
163 170 8 8
184 182 9 9
184 181 9 9
184 183 9 9
184 180 9 9
185 180 9 9
185 183 9 9
185 181 9 9
185 182 9 9
186 180 9 9
186 183 9 9
186 184 9 9
186 182 9 9
187 186 9 9
187 184 9 9
187 185 9 9
187 182 9 9
188 187 9 9
188 182 9 9
188 183 9 9
188 186 9 9
189 182 9 9
189 180 9 9
189 188 9 9
189 181 9 9
190 180 9 9
190 186 9 9
190 183 9 9
190 188 9 9
191 182 9 9
191 188 9 9
191 185 9 9
191 181 9 9
192 184 9 9
192 182 9 9
192 191 9 9
192 188 9 9
193 192 9 9
193 180 9 9
193 188 9 9
193 181 9 9
194 193 9 9
194 191 9 9
194 182 9 9
194 192 9 9
195 190 9 9
195 185 9 9
195 180 9 9
195 191 9 9
196 182 9 9
196 184 9 9
196 186 9 9
196 188 9 9
197 193 9 9
197 190 9 9
197 185 9 9
197 188 9 9
198 191 9 9
198 188 9 9
198 194 9 9
198 184 9 9
199 186 9 9
199 184 9 9
199 189 9 9
199 180 9 9
180 188 9 9
180 197 9 9
180 187 9 9
180 192 9 9
181 194 9 9
181 199 9 9
181 195 9 9
181 196 9 9
182 198 9 9
182 199 9 9
182 193 9 9
182 190 9 9
183 189 9 9
183 197 9 9
183 196 9 9
183 191 9 9
204 202 10 10
204 201 10 10
204 200 10 10
204 203 10 10
205 200 10 10
205 201 10 10
205 203 10 10
205 204 10 10
206 202 10 10
206 201 10 10
206 203 10 10
206 205 10 10
207 204 10 10
207 200 10 10
207 205 10 10
207 206 10 10
208 204 10 10
208 206 10 10
208 201 10 10
208 205 10 10
209 206 10 10
209 202 10 10
209 204 10 10
209 205 10 10
210 204 10 10
210 206 10 10
210 205 10 10
210 207 10 10
211 209 10 10
211 207 10 10
211 202 10 10
211 204 10 10
212 202 10 10
212 205 10 10
212 210 10 10
212 200 10 10
213 212 10 10
213 205 10 10
213 203 10 10
213 206 10 10
214 204 10 10
214 202 10 10
214 203 10 10
214 211 10 10
215 214 10 10
215 202 10 10
215 211 10 10
215 208 10 10
216 213 10 10
216 204 10 10
216 210 10 10
216 207 10 10
217 201 10 10
217 208 10 10
217 213 10 10
217 206 10 10
218 209 10 10
218 214 10 10
218 217 10 10
218 215 10 10
219 206 10 10
219 217 10 10
219 208 10 10
219 216 10 10
200 215 10 10
200 209 10 10
200 210 10 10
200 214 10 10
201 215 10 10
201 216 10 10
201 210 10 10
201 212 10 10
202 217 10 10
202 219 10 10
202 210 10 10
202 218 10 10
203 216 10 10
203 211 10 10
203 218 10 10
203 210 10 10
224 221 11 11
224 223 11 11
224 220 11 11
224 222 11 11
225 221 11 11
225 224 11 11
225 220 11 11
225 222 11 11
226 224 11 11
226 225 11 11
226 221 11 11
226 220 11 11
227 226 11 11
227 225 11 11
227 223 11 11
227 220 11 11
228 222 11 11
228 225 11 11
228 227 11 11
228 220 11 11
229 223 11 11
229 228 11 11
229 220 11 11
229 222 11 11
230 223 11 11
230 226 11 11
230 224 11 11
230 220 11 11
231 225 11 11
231 227 11 11
231 224 11 11
231 223 11 11
232 224 11 11
232 227 11 11
232 221 11 11
232 226 11 11
233 229 11 11
233 227 11 11
233 224 11 11
233 225 11 11
234 222 11 11
234 227 11 11
234 223 11 11
234 228 11 11
235 231 11 11
235 222 11 11
235 224 11 11
235 232 11 11
236 224 11 11
236 230 11 11
236 233 11 11
236 221 11 11
237 222 11 11
237 235 11 11
237 230 11 11
237 228 11 11
238 234 11 11
238 235 11 11
238 232 11 11
238 223 11 11
239 238 11 11
239 230 11 11
239 229 11 11
239 228 11 11
220 237 11 11
220 235 11 11
220 233 11 11
220 231 11 11
221 233 11 11
221 239 11 11
221 230 11 11
221 231 11 11
222 230 11 11
222 238 11 11
222 239 11 11
222 232 11 11
223 237 11 11
223 233 11 11
223 239 11 11
223 228 11 11
244 240 12 12
244 243 12 12
244 242 12 12
244 241 12 12
245 243 12 12
245 242 12 12
245 240 12 12
245 244 12 12
246 243 12 12
246 244 12 12
246 245 12 12
246 241 12 12
247 240 12 12
247 245 12 12
247 243 12 12
247 242 12 12
248 247 12 12
248 245 12 12
248 243 12 12
248 242 12 12
249 246 12 12
249 241 12 12
249 240 12 12
249 242 12 12
250 246 12 12
250 243 12 12
250 247 12 12
250 244 12 12
251 240 12 12
251 242 12 12
251 250 12 12
251 241 12 12
252 247 12 12
252 251 12 12
252 245 12 12
252 248 12 12
253 242 12 12
253 249 12 12
253 248 12 12
253 247 12 12
254 252 12 12
254 242 12 12
254 243 12 12
254 240 12 12
255 243 12 12
255 245 12 12
255 247 12 12
255 246 12 12
256 243 12 12
256 248 12 12
256 253 12 12
256 254 12 12
257 246 12 12
257 241 12 12
257 240 12 12
257 253 12 12
258 255 12 12
258 250 12 12
258 252 12 12
258 256 12 12
259 240 12 12
259 242 12 12
259 253 12 12
259 246 12 12
240 253 12 12
240 256 12 12
240 252 12 12
240 248 12 12
241 247 12 12
241 259 12 12
241 254 12 12
241 253 12 12
242 246 12 12
242 256 12 12
242 252 12 12
242 255 12 12
243 252 12 12
243 258 12 12
243 251 12 12
243 249 12 12
264 260 13 13
264 261 13 13
264 262 13 13
264 263 13 13
265 261 13 13
265 262 13 13
265 263 13 13
265 260 13 13
266 262 13 13
266 265 13 13
266 264 13 13
266 261 13 13
267 265 13 13
267 260 13 13
267 266 13 13
267 264 13 13
268 266 13 13
268 261 13 13
268 260 13 13
268 264 13 13
269 263 13 13
269 260 13 13
269 264 13 13
269 265 13 13
270 263 13 13
270 262 13 13
270 268 13 13
270 264 13 13
271 262 13 13
271 264 13 13
271 260 13 13
271 270 13 13
272 268 13 13
272 261 13 13
272 269 13 13
272 267 13 13
273 271 13 13
273 261 13 13
273 265 13 13
273 270 13 13
274 263 13 13
274 260 13 13
274 273 13 13
274 266 13 13
275 263 13 13
275 266 13 13
275 268 13 13
275 261 13 13
276 261 13 13
276 274 13 13
276 266 13 13
276 263 13 13
277 266 13 13
277 263 13 13
277 270 13 13
277 268 13 13
278 260 13 13
278 266 13 13
278 269 13 13
278 274 13 13
279 277 13 13
279 266 13 13
279 268 13 13
279 276 13 13
260 272 13 13
260 277 13 13
260 275 13 13
260 270 13 13
261 274 13 13
261 279 13 13
261 270 13 13
261 278 13 13
262 269 13 13
262 272 13 13
262 277 13 13
262 278 13 13
263 268 13 13
263 279 13 13
263 271 13 13
263 266 13 13
284 280 14 14
284 283 14 14
284 281 14 14
284 282 14 14
285 281 14 14
285 282 14 14
285 280 14 14
285 284 14 14
286 281 14 14
286 285 14 14
286 284 14 14
286 282 14 14
287 284 14 14
287 283 14 14
287 286 14 14
287 280 14 14
288 282 14 14
288 286 14 14
288 287 14 14
288 285 14 14
289 280 14 14
289 284 14 14
289 288 14 14
289 287 14 14
290 283 14 14
290 280 14 14
290 286 14 14
290 289 14 14
291 285 14 14
291 284 14 14
291 287 14 14
291 286 14 14
292 288 14 14
292 282 14 14
292 281 14 14
292 291 14 14
293 292 14 14
293 291 14 14
293 286 14 14
293 281 14 14
294 285 14 14
294 293 14 14
294 291 14 14
294 281 14 14
295 286 14 14
295 280 14 14
295 282 14 14
295 291 14 14
296 282 14 14
296 281 14 14
296 287 14 14
296 288 14 14
297 285 14 14
297 289 14 14
297 280 14 14
297 286 14 14
298 293 14 14
298 281 14 14
298 296 14 14
298 297 14 14
299 297 14 14
299 283 14 14
299 290 14 14
299 296 14 14
280 299 14 14
280 288 14 14
280 298 14 14
280 296 14 14
281 297 14 14
281 299 14 14
281 289 14 14
281 291 14 14
282 294 14 14
282 299 14 14
282 289 14 14
282 287 14 14
283 289 14 14
283 286 14 14
283 296 14 14
283 293 14 14
304 301 15 15
304 302 15 15
304 303 15 15
304 300 15 15
305 304 15 15
305 303 15 15
305 300 15 15
305 302 15 15
306 302 15 15
306 300 15 15
306 303 15 15
306 301 15 15
307 306 15 15
307 302 15 15
307 301 15 15
307 303 15 15
308 302 15 15
308 300 15 15
308 301 15 15
308 304 15 15
309 302 15 15
309 308 15 15
309 303 15 15
309 300 15 15
310 302 15 15
310 308 15 15
310 305 15 15
310 309 15 15
311 301 15 15
311 303 15 15
311 306 15 15
311 300 15 15
312 309 15 15
312 301 15 15
312 303 15 15
312 310 15 15
313 307 15 15
313 303 15 15
313 311 15 15
313 300 15 15
314 310 15 15
314 308 15 15
314 306 15 15
314 313 15 15
315 314 15 15
315 308 15 15
315 300 15 15
315 304 15 15
316 314 15 15
316 310 15 15
316 300 15 15
316 307 15 15
317 304 15 15
317 316 15 15
317 300 15 15
317 301 15 15
318 315 15 15
318 304 15 15
318 300 15 15
318 309 15 15
319 301 15 15
319 315 15 15
319 304 15 15
319 318 15 15
300 310 15 15
300 307 15 15
300 312 15 15
300 314 15 15
301 314 15 15
301 309 15 15
301 313 15 15
301 316 15 15
302 312 15 15
302 316 15 15
302 317 15 15
302 314 15 15
303 315 15 15
303 316 15 15
303 317 15 15
303 314 15 15
90 26 4 1
97 59 4 2
90 15 4 0
85 75 4 3
116 42 5 2
106 35 5 1
113 68 5 3
111 92 5 4
132 87 6 4
127 45 6 2
139 28 6 1
120 100 6 5
144 106 7 5
156 5 7 0
158 49 7 2
155 92 7 4
164 139 8 6
163 33 8 1
169 108 8 5
176 16 8 0
188 87 9 4
186 7 9 0
181 102 9 5
180 52 9 2
219 110 10 5
205 38 10 1
205 11 10 0
218 180 10 9
226 83 11 4
237 196 11 9
226 211 11 10
226 25 11 1
246 68 12 3
245 144 12 7
258 57 12 2
240 17 12 0
265 3 13 0
260 207 13 10
278 180 13 9
273 149 13 7
289 182 14 9
292 8 14 0
280 273 14 13
297 208 14 10
318 260 15 13
318 86 15 4
310 130 15 6
306 47 15 2
10 105 0 5
17 301 0 15
9 236 0 11
19 122 0 6
33 304 1 15
35 141 1 7
28 271 1 13
27 196 1 9
47 217 2 10
42 270 2 13
57 286 2 14
44 170 2 8
72 281 3 14
65 182 3 9
76 138 3 6
74 205 3 10
