swNum = 320
edgeNum = 1344

0 0
1 0
2 0
3 0
4 0
5 0
6 0
7 0
8 0
9 0
10 0
11 0
12 0
13 0
14 0
15 0
16 0
17 0
18 0
19 0
20 1
21 1
22 1
23 1
24 1
25 1
26 1
27 1
28 1
29 1
30 1
31 1
32 1
33 1
34 1
35 1
36 1
37 1
38 1
39 1
40 2
41 2
42 2
43 2
44 2
45 2
46 2
47 2
48 2
49 2
50 2
51 2
52 2
53 2
54 2
55 2
56 2
57 2
58 2
59 2
60 3
61 3
62 3
63 3
64 3
65 3
66 3
67 3
68 3
69 3
70 3
71 3
72 3
73 3
74 3
75 3
76 3
77 3
78 3
79 3
80 4
81 4
82 4
83 4
84 4
85 4
86 4
87 4
88 4
89 4
90 4
91 4
92 4
93 4
94 4
95 4
96 4
97 4
98 4
99 4
100 5
101 5
102 5
103 5
104 5
105 5
106 5
107 5
108 5
109 5
110 5
111 5
112 5
113 5
114 5
115 5
116 5
117 5
118 5
119 5
120 6
121 6
122 6
123 6
124 6
125 6
126 6
127 6
128 6
129 6
130 6
131 6
132 6
133 6
134 6
135 6
136 6
137 6
138 6
139 6
140 7
141 7
142 7
143 7
144 7
145 7
146 7
147 7
148 7
149 7
150 7
151 7
152 7
153 7
154 7
155 7
156 7
157 7
158 7
159 7
160 8
161 8
162 8
163 8
164 8
165 8
166 8
167 8
168 8
169 8
170 8
171 8
172 8
173 8
174 8
175 8
176 8
177 8
178 8
179 8
180 9
181 9
182 9
183 9
184 9
185 9
186 9
187 9
188 9
189 9
190 9
191 9
192 9
193 9
194 9
195 9
196 9
197 9
198 9
199 9
200 10
201 10
202 10
203 10
204 10
205 10
206 10
207 10
208 10
209 10
210 10
211 10
212 10
213 10
214 10
215 10
216 10
217 10
218 10
219 10
220 11
221 11
222 11
223 11
224 11
225 11
226 11
227 11
228 11
229 11
230 11
231 11
232 11
233 11
234 11
235 11
236 11
237 11
238 11
239 11
240 12
241 12
242 12
243 12
244 12
245 12
246 12
247 12
248 12
249 12
250 12
251 12
252 12
253 12
254 12
255 12
256 12
257 12
258 12
259 12
260 13
261 13
262 13
263 13
264 13
265 13
266 13
267 13
268 13
269 13
270 13
271 13
272 13
273 13
274 13
275 13
276 13
277 13
278 13
279 13
280 14
281 14
282 14
283 14
284 14
285 14
286 14
287 14
288 14
289 14
290 14
291 14
292 14
293 14
294 14
295 14
296 14
297 14
298 14
299 14
300 15
301 15
302 15
303 15
304 15
305 15
306 15
307 15
308 15
309 15
310 15
311 15
312 15
313 15
314 15
315 15
316 15
317 15
318 15
319 15

4 2 0 0
4 0 0 0
4 3 0 0
4 1 0 0
5 1 0 0
5 0 0 0
5 2 0 0
5 3 0 0
6 0 0 0
6 3 0 0
6 5 0 0
6 2 0 0
7 5 0 0
7 1 0 0
7 0 0 0
7 4 0 0
8 4 0 0
8 2 0 0
8 5 0 0
8 0 0 0
9 1 0 0
9 5 0 0
9 6 0 0
9 0 0 0
10 7 0 0
10 9 0 0
10 1 0 0
10 4 0 0
11 3 0 0
11 8 0 0
11 2 0 0
11 1 0 0
12 2 0 0
12 6 0 0
12 11 0 0
12 5 0 0
13 6 0 0
13 9 0 0
13 3 0 0
13 12 0 0
14 12 0 0
14 6 0 0
14 4 0 0
14 0 0 0
15 4 0 0
15 6 0 0
15 10 0 0
15 11 0 0
16 7 0 0
16 8 0 0
16 13 0 0
16 1 0 0
17 14 0 0
17 1 0 0
17 3 0 0
17 12 0 0
18 1 0 0
18 13 0 0
18 2 0 0
18 12 0 0
19 9 0 0
19 3 0 0
19 13 0 0
19 11 0 0
0 16 0 0
0 19 0 0
0 13 0 0
0 10 0 0
1 15 0 0
1 13 0 0
1 6 0 0
1 19 0 0
2 14 0 0
2 17 0 0
2 13 0 0
2 15 0 0
3 15 0 0
3 9 0 0
3 8 0 0
3 14 0 0
24 21 1 1
24 23 1 1
24 22 1 1
24 20 1 1
25 21 1 1
25 24 1 1
25 23 1 1
25 22 1 1
26 21 1 1
26 23 1 1
26 25 1 1
26 24 1 1
27 21 1 1
27 23 1 1
27 22 1 1
27 26 1 1
28 24 1 1
28 21 1 1
28 26 1 1
28 23 1 1
29 20 1 1
29 26 1 1
29 27 1 1
29 22 1 1
30 22 1 1
30 29 1 1
30 26 1 1
30 21 1 1
31 20 1 1
31 26 1 1
31 27 1 1
31 23 1 1
32 31 1 1
32 30 1 1
32 23 1 1
32 26 1 1
33 25 1 1
33 24 1 1
33 28 1 1
33 23 1 1
34 30 1 1
34 33 1 1
34 31 1 1
34 27 1 1
35 30 1 1
35 21 1 1
35 31 1 1
35 26 1 1
36 29 1 1
36 23 1 1
36 32 1 1
36 24 1 1
37 32 1 1
37 28 1 1
37 22 1 1
37 20 1 1
38 32 1 1
38 37 1 1
38 20 1 1
38 34 1 1
39 30 1 1
39 35 1 1
39 32 1 1
39 20 1 1
20 34 1 1
20 30 1 1
20 27 1 1
20 32 1 1
21 34 1 1
21 33 1 1
21 31 1 1
21 39 1 1
22 38 1 1
22 32 1 1
22 36 1 1
22 39 1 1
23 34 1 1
23 30 1 1
23 29 1 1
23 39 1 1
44 41 2 2
44 40 2 2
44 42 2 2
44 43 2 2
45 43 2 2
45 40 2 2
45 41 2 2
45 44 2 2
46 43 2 2
46 41 2 2
46 45 2 2
46 42 2 2
47 40 2 2
47 42 2 2
47 41 2 2
47 44 2 2
48 44 2 2
48 40 2 2
48 43 2 2
48 46 2 2
49 41 2 2
49 42 2 2
49 44 2 2
49 45 2 2
50 41 2 2
50 43 2 2
50 42 2 2
50 40 2 2
51 45 2 2
51 46 2 2
51 44 2 2
51 49 2 2
52 41 2 2
52 45 2 2
52 42 2 2
52 47 2 2
53 46 2 2
53 41 2 2
53 42 2 2
53 50 2 2
54 41 2 2
54 43 2 2
54 52 2 2
54 53 2 2
55 44 2 2
55 48 2 2
55 49 2 2
55 52 2 2
56 46 2 2
56 42 2 2
56 44 2 2
56 43 2 2
57 50 2 2
57 44 2 2
57 45 2 2
57 55 2 2
58 52 2 2
58 41 2 2
58 54 2 2
58 42 2 2
59 46 2 2
59 52 2 2
59 49 2 2
59 53 2 2
40 58 2 2
40 52 2 2
40 57 2 2
40 55 2 2
41 55 2 2
41 59 2 2
41 57 2 2
41 51 2 2
42 57 2 2
42 48 2 2
42 59 2 2
42 54 2 2
43 55 2 2
43 49 2 2
43 52 2 2
43 58 2 2
64 63 3 3
64 61 3 3
64 60 3 3
64 62 3 3
65 64 3 3
65 61 3 3
65 62 3 3
65 60 3 3
66 65 3 3
66 61 3 3
66 64 3 3
66 60 3 3
67 60 3 3
67 66 3 3
67 63 3 3
67 62 3 3
68 63 3 3
68 67 3 3
68 62 3 3
68 66 3 3
69 63 3 3
69 68 3 3
69 65 3 3
69 66 3 3
70 63 3 3
70 66 3 3
70 67 3 3
70 68 3 3
71 64 3 3
71 70 3 3
71 69 3 3
71 61 3 3
72 66 3 3
72 71 3 3
72 65 3 3
72 70 3 3
73 70 3 3
73 64 3 3
73 63 3 3
73 66 3 3
74 64 3 3
74 67 3 3
74 60 3 3
74 66 3 3
75 61 3 3
75 73 3 3
75 72 3 3
75 67 3 3
76 66 3 3
76 70 3 3
76 65 3 3
76 73 3 3
77 61 3 3
77 72 3 3
77 65 3 3
77 62 3 3
78 72 3 3
78 62 3 3
78 61 3 3
78 77 3 3
79 78 3 3
79 76 3 3
79 66 3 3
79 65 3 3
60 70 3 3
60 76 3 3
60 78 3 3
60 69 3 3
61 79 3 3
61 72 3 3
61 76 3 3
61 69 3 3
62 76 3 3
62 69 3 3
62 66 3 3
62 79 3 3
63 65 3 3
63 66 3 3
63 74 3 3
63 75 3 3
84 80 4 4
84 82 4 4
84 81 4 4
84 83 4 4
85 82 4 4
85 80 4 4
85 81 4 4
85 84 4 4
86 85 4 4
86 80 4 4
86 84 4 4
86 82 4 4
87 80 4 4
87 82 4 4
87 83 4 4
87 84 4 4
88 83 4 4
88 81 4 4
88 85 4 4
88 86 4 4
89 88 4 4
89 83 4 4
89 82 4 4
89 81 4 4
90 80 4 4
90 81 4 4
90 86 4 4
90 88 4 4
91 83 4 4
91 88 4 4
91 89 4 4
91 87 4 4
92 82 4 4
92 87 4 4
92 83 4 4
92 81 4 4
93 90 4 4
93 82 4 4
93 85 4 4
93 86 4 4
94 92 4 4
94 91 4 4
94 83 4 4
94 86 4 4
95 83 4 4
95 81 4 4
95 90 4 4
95 88 4 4
96 83 4 4
96 88 4 4
96 81 4 4
96 90 4 4
97 80 4 4
97 90 4 4
97 86 4 4
97 82 4 4
98 86 4 4
98 88 4 4
98 84 4 4
98 82 4 4
99 91 4 4
99 95 4 4
99 89 4 4
99 80 4 4
80 94 4 4
80 92 4 4
80 98 4 4
80 93 4 4
81 87 4 4
81 99 4 4
81 91 4 4
81 94 4 4
82 90 4 4
82 95 4 4
82 91 4 4
82 96 4 4
83 99 4 4
83 90 4 4
83 97 4 4
83 98 4 4
104 100 5 5
104 101 5 5
104 102 5 5
104 103 5 5
105 102 5 5
105 103 5 5
105 100 5 5
105 101 5 5
106 103 5 5
106 101 5 5
106 102 5 5
106 100 5 5
107 105 5 5
107 106 5 5
107 103 5 5
107 101 5 5
108 104 5 5
108 103 5 5
108 106 5 5
108 102 5 5
109 104 5 5
109 101 5 5
109 102 5 5
109 106 5 5
110 108 5 5
110 102 5 5
110 107 5 5
110 109 5 5
111 101 5 5
111 109 5 5
111 106 5 5
111 107 5 5
112 103 5 5
112 100 5 5
112 102 5 5
112 108 5 5
113 104 5 5
113 102 5 5
113 106 5 5
113 111 5 5
114 104 5 5
114 101 5 5
114 102 5 5
114 113 5 5
115 110 5 5
115 113 5 5
115 102 5 5
115 108 5 5
116 115 5 5
116 109 5 5
116 111 5 5
116 110 5 5
117 102 5 5
117 110 5 5
117 106 5 5
117 108 5 5
118 111 5 5
118 107 5 5
118 109 5 5
118 104 5 5
119 111 5 5
119 109 5 5
119 116 5 5
119 118 5 5
100 114 5 5
100 111 5 5
100 116 5 5
100 109 5 5
101 118 5 5
101 116 5 5
101 115 5 5
101 112 5 5
102 118 5 5
102 119 5 5
102 107 5 5
102 116 5 5
103 116 5 5
103 111 5 5
103 110 5 5
103 115 5 5
124 122 6 6
124 121 6 6
124 120 6 6
124 123 6 6
125 123 6 6
125 120 6 6
125 121 6 6
125 122 6 6
126 121 6 6
126 120 6 6
126 123 6 6
126 124 6 6
127 125 6 6
127 124 6 6
127 121 6 6
127 122 6 6
128 120 6 6
128 124 6 6
128 125 6 6
128 127 6 6
129 125 6 6
129 120 6 6
129 123 6 6
129 121 6 6
130 126 6 6
130 124 6 6
130 121 6 6
130 127 6 6
131 127 6 6
131 129 6 6
131 123 6 6
131 125 6 6
132 126 6 6
132 120 6 6
132 124 6 6
132 130 6 6
133 122 6 6
133 123 6 6
133 128 6 6
133 120 6 6
134 122 6 6
134 123 6 6
134 133 6 6
134 120 6 6
135 134 6 6
135 120 6 6
135 122 6 6
135 133 6 6
136 121 6 6
136 122 6 6
136 120 6 6
136 132 6 6
137 130 6 6
137 121 6 6
137 123 6 6
137 134 6 6
138 134 6 6
138 130 6 6
138 128 6 6
138 135 6 6
139 131 6 6
139 133 6 6
139 129 6 6
139 123 6 6
120 127 6 6
120 137 6 6
120 138 6 6
120 130 6 6
121 135 6 6
121 134 6 6
121 139 6 6
121 138 6 6
122 132 6 6
122 131 6 6
122 128 6 6
122 130 6 6
123 136 6 6
123 138 6 6
123 135 6 6
123 128 6 6
144 143 7 7
144 142 7 7
144 141 7 7
144 140 7 7
145 140 7 7
145 142 7 7
145 141 7 7
145 143 7 7
146 140 7 7
146 143 7 7
146 144 7 7
146 142 7 7
147 142 7 7
147 144 7 7
147 141 7 7
147 143 7 7
148 146 7 7
148 143 7 7
148 147 7 7
148 141 7 7
149 146 7 7
149 144 7 7
149 147 7 7
149 145 7 7
150 148 7 7
150 145 7 7
150 143 7 7
150 147 7 7
151 148 7 7
151 150 7 7
151 147 7 7
151 143 7 7
152 144 7 7
152 148 7 7
152 141 7 7
152 149 7 7
153 140 7 7
153 144 7 7
153 152 7 7
153 148 7 7
154 146 7 7
154 147 7 7
154 151 7 7
154 150 7 7
155 148 7 7
155 154 7 7
155 150 7 7
155 147 7 7
156 140 7 7
156 154 7 7
156 145 7 7
156 150 7 7
157 141 7 7
157 146 7 7
157 145 7 7
157 156 7 7
158 149 7 7
158 140 7 7
158 156 7 7
158 145 7 7
159 154 7 7
159 155 7 7
159 143 7 7
159 151 7 7
140 149 7 7
140 159 7 7
140 154 7 7
140 155 7 7
141 153 7 7
141 159 7 7
141 146 7 7
141 149 7 7
142 154 7 7
142 148 7 7
142 149 7 7
142 152 7 7
143 157 7 7
143 149 7 7
143 155 7 7
143 153 7 7
164 162 8 8
164 163 8 8
164 161 8 8
164 160 8 8
165 161 8 8
165 164 8 8
165 163 8 8
165 162 8 8
166 161 8 8
166 165 8 8
166 163 8 8
166 162 8 8
167 165 8 8
167 166 8 8
167 162 8 8
167 161 8 8
168 167 8 8
168 164 8 8
168 162 8 8
168 160 8 8
169 164 8 8
169 163 8 8
169 160 8 8
169 168 8 8
170 161 8 8
170 166 8 8
170 168 8 8
170 165 8 8
171 166 8 8
171 165 8 8
171 167 8 8
171 170 8 8
172 168 8 8
172 161 8 8
172 171 8 8
172 166 8 8
173 170 8 8
173 171 8 8
173 162 8 8
173 160 8 8
174 171 8 8
174 173 8 8
174 167 8 8
174 161 8 8
175 169 8 8
175 165 8 8
175 170 8 8
175 172 8 8
176 163 8 8
176 160 8 8
176 162 8 8
176 166 8 8
177 166 8 8
177 165 8 8
177 171 8 8
177 170 8 8
178 176 8 8
178 168 8 8
178 161 8 8
178 175 8 8
179 161 8 8
179 168 8 8
179 169 8 8
179 178 8 8
160 177 8 8
160 166 8 8
160 171 8 8
160 179 8 8
161 171 8 8
161 169 8 8
161 173 8 8
161 175 8 8
162 175 8 8
162 172 8 8
162 169 8 8
162 170 8 8
163 179 8 8
163 175 8 8
163 168 8 8
163 174 8 8
184 183 9 9
184 182 9 9
184 181 9 9
184 180 9 9
185 184 9 9
185 180 9 9
185 182 9 9
185 181 9 9
186 183 9 9
186 181 9 9
186 182 9 9
186 184 9 9
187 181 9 9
187 186 9 9
187 183 9 9
187 182 9 9
188 181 9 9
188 183 9 9
188 187 9 9
188 180 9 9
189 185 9 9
189 180 9 9
189 181 9 9
189 184 9 9
190 187 9 9
190 188 9 9
190 182 9 9
190 184 9 9
191 183 9 9
191 188 9 9
191 181 9 9
191 182 9 9
192 191 9 9
192 187 9 9
192 181 9 9
192 188 9 9
193 187 9 9
193 184 9 9
193 181 9 9
193 188 9 9
194 180 9 9
194 189 9 9
194 187 9 9
194 185 9 9
195 180 9 9
195 194 9 9
195 189 9 9
195 185 9 9
196 188 9 9
196 187 9 9
196 193 9 9
196 190 9 9
197 186 9 9
197 181 9 9
197 192 9 9
197 196 9 9
198 189 9 9
198 196 9 9
198 180 9 9
198 194 9 9
199 198 9 9
199 191 9 9
199 185 9 9
199 194 9 9
180 186 9 9
180 199 9 9
180 193 9 9
180 187 9 9
181 190 9 9
181 194 9 9
181 196 9 9
181 198 9 9
182 193 9 9
182 196 9 9
182 188 9 9
182 197 9 9
183 193 9 9
183 190 9 9
183 197 9 9
183 196 9 9
204 202 10 10
204 203 10 10
204 200 10 10
204 201 10 10
205 201 10 10
205 200 10 10
205 202 10 10
205 203 10 10
206 201 10 10
206 202 10 10
206 203 10 10
206 200 10 10
207 204 10 10
207 206 10 10
207 203 10 10
207 200 10 10
208 202 10 10
208 200 10 10
208 203 10 10
208 206 10 10
209 206 10 10
209 204 10 10
209 202 10 10
209 203 10 10
210 208 10 10
210 207 10 10
210 204 10 10
210 209 10 10
211 205 10 10
211 206 10 10
211 208 10 10
211 207 10 10
212 210 10 10
212 208 10 10
212 211 10 10
212 203 10 10
213 201 10 10
213 200 10 10
213 208 10 10
213 212 10 10
214 208 10 10
214 212 10 10
214 209 10 10
214 210 10 10
215 210 10 10
215 208 10 10
215 206 10 10
215 211 10 10
216 201 10 10
216 206 10 10
216 203 10 10
216 205 10 10
217 214 10 10
217 206 10 10
217 209 10 10
217 204 10 10
218 208 10 10
218 211 10 10
218 203 10 10
218 209 10 10
219 203 10 10
219 218 10 10
219 215 10 10
219 213 10 10
200 209 10 10
200 214 10 10
200 216 10 10
200 217 10 10
201 207 10 10
201 214 10 10
201 215 10 10
201 212 10 10
202 214 10 10
202 212 10 10
202 215 10 10
202 207 10 10
203 214 10 10
203 217 10 10
203 213 10 10
203 210 10 10
224 223 11 11
224 220 11 11
224 221 11 11
224 222 11 11
225 221 11 11
225 223 11 11
225 222 11 11
225 224 11 11
226 221 11 11
226 223 11 11
226 225 11 11
226 224 11 11
227 226 11 11
227 221 11 11
227 223 11 11
227 222 11 11
228 225 11 11
228 222 11 11
228 224 11 11
228 220 11 11
229 225 11 11
229 220 11 11
229 227 11 11
229 222 11 11
230 223 11 11
230 221 11 11
230 225 11 11
230 227 11 11
231 227 11 11
231 226 11 11
231 220 11 11
231 224 11 11
232 231 11 11
232 230 11 11
232 226 11 11
232 225 11 11
233 221 11 11
233 220 11 11
233 227 11 11
233 225 11 11
234 221 11 11
234 230 11 11
234 223 11 11
234 226 11 11
235 230 11 11
235 233 11 11
235 232 11 11
235 225 11 11
236 222 11 11
236 229 11 11
236 233 11 11
236 228 11 11
237 230 11 11
237 229 11 11
237 235 11 11
237 220 11 11
238 225 11 11
238 221 11 11
238 226 11 11
238 233 11 11
239 237 11 11
239 230 11 11
239 229 11 11
239 238 11 11
220 230 11 11
220 236 11 11
220 226 11 11
220 227 11 11
221 237 11 11
221 232 11 11
221 236 11 11
221 235 11 11
222 231 11 11
222 238 11 11
222 237 11 11
222 230 11 11
223 238 11 11
223 232 11 11
223 233 11 11
223 231 11 11
244 242 12 12
244 240 12 12
244 243 12 12
244 241 12 12
245 240 12 12
245 242 12 12
245 243 12 12
245 244 12 12
246 243 12 12
246 242 12 12
246 241 12 12
246 240 12 12
247 246 12 12
247 242 12 12
247 240 12 12
247 243 12 12
248 246 12 12
248 247 12 12
248 243 12 12
248 241 12 12
249 242 12 12
249 248 12 12
249 246 12 12
249 240 12 12
250 244 12 12
250 242 12 12
250 240 12 12
250 245 12 12
251 247 12 12
251 246 12 12
251 248 12 12
251 243 12 12
252 248 12 12
252 242 12 12
252 243 12 12
252 251 12 12
253 242 12 12
253 251 12 12
253 240 12 12
253 248 12 12
254 247 12 12
254 249 12 12
254 245 12 12
254 253 12 12
255 249 12 12
255 254 12 12
255 241 12 12
255 248 12 12
256 240 12 12
256 243 12 12
256 250 12 12
256 242 12 12
257 244 12 12
257 253 12 12
257 245 12 12
257 249 12 12
258 243 12 12
258 257 12 12
258 254 12 12
258 251 12 12
259 249 12 12
259 248 12 12
259 246 12 12
259 243 12 12
240 255 12 12
240 259 12 12
240 254 12 12
240 248 12 12
241 251 12 12
241 259 12 12
241 250 12 12
241 252 12 12
242 257 12 12
242 251 12 12
242 255 12 12
242 248 12 12
243 253 12 12
243 254 12 12
243 250 12 12
243 249 12 12
264 262 13 13
264 260 13 13
264 263 13 13
264 261 13 13
265 260 13 13
265 262 13 13
265 264 13 13
265 261 13 13
266 264 13 13
266 260 13 13
266 262 13 13
266 263 13 13
267 265 13 13
267 261 13 13
267 264 13 13
267 263 13 13
268 262 13 13
268 267 13 13
268 263 13 13
268 266 13 13
269 267 13 13
269 260 13 13
269 263 13 13
269 262 13 13
270 267 13 13
270 265 13 13
270 268 13 13
270 261 13 13
271 265 13 13
271 264 13 13
271 270 13 13
271 268 13 13
272 271 13 13
272 267 13 13
272 269 13 13
272 261 13 13
273 270 13 13
273 271 13 13
273 267 13 13
273 265 13 13
274 262 13 13
274 264 13 13
274 265 13 13
274 260 13 13
275 263 13 13
275 271 13 13
275 268 13 13
275 265 13 13
276 269 13 13
276 262 13 13
276 272 13 13
276 274 13 13
277 270 13 13
277 265 13 13
277 263 13 13
277 273 13 13
278 265 13 13
278 268 13 13
278 273 13 13
278 267 13 13
279 273 13 13
279 267 13 13
279 260 13 13
279 264 13 13
260 268 13 13
260 272 13 13
260 275 13 13
260 276 13 13
261 269 13 13
261 273 13 13
261 271 13 13
261 276 13 13
262 275 13 13
262 267 13 13
262 278 13 13
262 270 13 13
263 265 13 13
263 279 13 13
263 272 13 13
263 278 13 13
284 281 14 14
284 282 14 14
284 283 14 14
284 280 14 14
285 284 14 14
285 281 14 14
285 283 14 14
285 280 14 14
286 284 14 14
286 285 14 14
286 283 14 14
286 282 14 14
287 281 14 14
287 286 14 14
287 280 14 14
287 285 14 14
288 280 14 14
288 286 14 14
288 287 14 14
288 283 14 14
289 286 14 14
289 288 14 14
289 283 14 14
289 280 14 14
290 289 14 14
290 287 14 14
290 283 14 14
290 281 14 14
291 290 14 14
291 284 14 14
291 285 14 14
291 282 14 14
292 282 14 14
292 286 14 14
292 287 14 14
292 280 14 14
293 283 14 14
293 287 14 14
293 285 14 14
293 288 14 14
294 285 14 14
294 289 14 14
294 290 14 14
294 288 14 14
295 293 14 14
295 290 14 14
295 286 14 14
295 283 14 14
296 284 14 14
296 287 14 14
296 293 14 14
296 282 14 14
297 281 14 14
297 282 14 14
297 284 14 14
297 280 14 14
298 285 14 14
298 282 14 14
298 295 14 14
298 292 14 14
299 286 14 14
299 283 14 14
299 294 14 14
299 285 14 14
280 299 14 14
280 295 14 14
280 294 14 14
280 296 14 14
281 296 14 14
281 299 14 14
281 286 14 14
281 291 14 14
282 299 14 14
282 287 14 14
282 293 14 14
282 285 14 14
283 292 14 14
283 296 14 14
283 294 14 14
283 287 14 14
304 301 15 15
304 303 15 15
304 302 15 15
304 300 15 15
305 301 15 15
305 300 15 15
305 302 15 15
305 303 15 15
306 300 15 15
306 305 15 15
306 301 15 15
306 304 15 15
307 300 15 15
307 304 15 15
307 305 15 15
307 303 15 15
308 301 15 15
308 300 15 15
308 307 15 15
308 303 15 15
309 307 15 15
309 300 15 15
309 304 15 15
309 302 15 15
310 302 15 15
310 308 15 15
310 309 15 15
310 304 15 15
311 304 15 15
311 307 15 15
311 301 15 15
311 303 15 15
312 300 15 15
312 309 15 15
312 308 15 15
312 303 15 15
313 311 15 15
313 307 15 15
313 310 15 15
313 304 15 15
314 312 15 15
314 309 15 15
314 311 15 15
314 310 15 15
315 305 15 15
315 309 15 15
315 307 15 15
315 308 15 15
316 300 15 15
316 315 15 15
316 308 15 15
316 312 15 15
317 315 15 15
317 301 15 15
317 307 15 15
317 302 15 15
318 311 15 15
318 310 15 15
318 312 15 15
318 315 15 15
319 314 15 15
319 303 15 15
319 305 15 15
319 318 15 15
300 311 15 15
300 319 15 15
300 317 15 15
300 315 15 15
301 318 15 15
301 315 15 15
301 307 15 15
301 309 15 15
302 313 15 15
302 318 15 15
302 315 15 15
302 314 15 15
303 316 15 15
303 309 15 15
303 313 15 15
303 318 15 15
88 3 4 0
98 54 4 2
85 67 4 3
98 29 4 1
115 78 5 3
119 20 5 1
118 2 5 0
114 82 5 4
138 24 6 1
138 94 6 4
123 104 6 5
121 40 6 2
156 112 7 5
151 37 7 1
153 74 7 3
148 123 7 6
163 96 8 4
172 137 8 6
164 69 8 3
175 119 8 5
186 147 9 7
192 138 9 6
182 15 9 0
186 76 9 3
202 189 10 9
209 152 10 7
215 36 10 1
206 115 10 5
223 34 11 1
233 118 11 5
224 193 11 9
223 150 11 7
252 189 12 9
253 145 12 7
241 224 12 11
255 68 12 3
263 65 13 3
262 128 13 6
270 11 13 0
269 112 13 5
294 220 14 11
280 174 14 8
291 86 14 4
290 251 14 12
316 274 15 13
309 46 15 2
309 126 15 6
311 118 15 5
7 214 0 10
2 317 0 15
19 243 0 12
19 140 0 7
34 276 1 13
36 173 1 8
27 193 1 9
33 301 1 15
44 291 2 14
57 275 2 13
43 178 2 8
41 158 2 7
62 290 3 14
76 235 3 11
61 303 3 15
78 215 3 10
