swNum = 320
edgeNum = 1344

0 0
1 0
2 0
3 0
4 0
5 0
6 0
7 0
8 0
9 0
10 0
11 0
12 0
13 0
14 0
15 0
16 0
17 0
18 0
19 0
20 1
21 1
22 1
23 1
24 1
25 1
26 1
27 1
28 1
29 1
30 1
31 1
32 1
33 1
34 1
35 1
36 1
37 1
38 1
39 1
40 2
41 2
42 2
43 2
44 2
45 2
46 2
47 2
48 2
49 2
50 2
51 2
52 2
53 2
54 2
55 2
56 2
57 2
58 2
59 2
60 3
61 3
62 3
63 3
64 3
65 3
66 3
67 3
68 3
69 3
70 3
71 3
72 3
73 3
74 3
75 3
76 3
77 3
78 3
79 3
80 4
81 4
82 4
83 4
84 4
85 4
86 4
87 4
88 4
89 4
90 4
91 4
92 4
93 4
94 4
95 4
96 4
97 4
98 4
99 4
100 5
101 5
102 5
103 5
104 5
105 5
106 5
107 5
108 5
109 5
110 5
111 5
112 5
113 5
114 5
115 5
116 5
117 5
118 5
119 5
120 6
121 6
122 6
123 6
124 6
125 6
126 6
127 6
128 6
129 6
130 6
131 6
132 6
133 6
134 6
135 6
136 6
137 6
138 6
139 6
140 7
141 7
142 7
143 7
144 7
145 7
146 7
147 7
148 7
149 7
150 7
151 7
152 7
153 7
154 7
155 7
156 7
157 7
158 7
159 7
160 8
161 8
162 8
163 8
164 8
165 8
166 8
167 8
168 8
169 8
170 8
171 8
172 8
173 8
174 8
175 8
176 8
177 8
178 8
179 8
180 9
181 9
182 9
183 9
184 9
185 9
186 9
187 9
188 9
189 9
190 9
191 9
192 9
193 9
194 9
195 9
196 9
197 9
198 9
199 9
200 10
201 10
202 10
203 10
204 10
205 10
206 10
207 10
208 10
209 10
210 10
211 10
212 10
213 10
214 10
215 10
216 10
217 10
218 10
219 10
220 11
221 11
222 11
223 11
224 11
225 11
226 11
227 11
228 11
229 11
230 11
231 11
232 11
233 11
234 11
235 11
236 11
237 11
238 11
239 11
240 12
241 12
242 12
243 12
244 12
245 12
246 12
247 12
248 12
249 12
250 12
251 12
252 12
253 12
254 12
255 12
256 12
257 12
258 12
259 12
260 13
261 13
262 13
263 13
264 13
265 13
266 13
267 13
268 13
269 13
270 13
271 13
272 13
273 13
274 13
275 13
276 13
277 13
278 13
279 13
280 14
281 14
282 14
283 14
284 14
285 14
286 14
287 14
288 14
289 14
290 14
291 14
292 14
293 14
294 14
295 14
296 14
297 14
298 14
299 14
300 15
301 15
302 15
303 15
304 15
305 15
306 15
307 15
308 15
309 15
310 15
311 15
312 15
313 15
314 15
315 15
316 15
317 15
318 15
319 15

4 0 0 0
4 1 0 0
4 3 0 0
4 2 0 0
5 0 0 0
5 2 0 0
5 1 0 0
5 3 0 0
6 0 0 0
6 4 0 0
6 3 0 0
6 1 0 0
7 1 0 0
7 0 0 0
7 4 0 0
7 5 0 0
8 3 0 0
8 4 0 0
8 6 0 0
8 7 0 0
9 0 0 0
9 2 0 0
9 3 0 0
9 6 0 0
10 0 0 0
10 1 0 0
10 7 0 0
10 6 0 0
11 4 0 0
11 8 0 0
11 10 0 0
11 0 0 0
12 4 0 0
12 5 0 0
12 1 0 0
12 11 0 0
13 4 0 0
13 9 0 0
13 5 0 0
13 1 0 0
14 9 0 0
14 13 0 0
14 1 0 0
14 12 0 0
15 4 0 0
15 7 0 0
15 6 0 0
15 2 0 0
16 13 0 0
16 6 0 0
16 11 0 0
16 9 0 0
17 0 0 0
17 13 0 0
17 6 0 0
17 2 0 0
18 0 0 0
18 4 0 0
18 10 0 0
18 13 0 0
19 2 0 0
19 5 0 0
19 7 0 0
19 12 0 0
0 14 0 0
0 12 0 0
0 15 0 0
0 13 0 0
1 11 0 0
1 19 0 0
1 15 0 0
1 18 0 0
2 18 0 0
2 12 0 0
2 14 0 0
2 7 0 0
3 7 0 0
3 19 0 0
3 11 0 0
3 10 0 0
24 23 1 1
24 20 1 1
24 22 1 1
24 21 1 1
25 21 1 1
25 22 1 1
25 23 1 1
25 24 1 1
26 21 1 1
26 24 1 1
26 22 1 1
26 25 1 1
27 20 1 1
27 21 1 1
27 25 1 1
27 22 1 1
28 21 1 1
28 22 1 1
28 24 1 1
28 25 1 1
29 21 1 1
29 24 1 1
29 22 1 1
29 26 1 1
30 26 1 1
30 20 1 1
30 28 1 1
30 25 1 1
31 27 1 1
31 26 1 1
31 22 1 1
31 28 1 1
32 26 1 1
32 31 1 1
32 28 1 1
32 25 1 1
33 22 1 1
33 29 1 1
33 28 1 1
33 27 1 1
34 28 1 1
34 31 1 1
34 21 1 1
34 32 1 1
35 20 1 1
35 23 1 1
35 26 1 1
35 33 1 1
36 20 1 1
36 35 1 1
36 28 1 1
36 34 1 1
37 27 1 1
37 33 1 1
37 21 1 1
37 24 1 1
38 35 1 1
38 23 1 1
38 36 1 1
38 34 1 1
39 23 1 1
39 22 1 1
39 30 1 1
39 37 1 1
20 38 1 1
20 34 1 1
20 28 1 1
20 33 1 1
21 36 1 1
21 35 1 1
21 32 1 1
21 30 1 1
22 35 1 1
22 30 1 1
22 32 1 1
22 36 1 1
23 29 1 1
23 36 1 1
23 30 1 1
23 31 1 1
44 42 2 2
44 40 2 2
44 41 2 2
44 43 2 2
45 43 2 2
45 41 2 2
45 44 2 2
45 40 2 2
46 40 2 2
46 42 2 2
46 41 2 2
46 45 2 2
47 46 2 2
47 43 2 2
47 41 2 2
47 42 2 2
48 40 2 2
48 46 2 2
48 43 2 2
48 44 2 2
49 41 2 2
49 42 2 2
49 43 2 2
49 47 2 2
50 43 2 2
50 47 2 2
50 49 2 2
50 45 2 2
51 48 2 2
51 40 2 2
51 44 2 2
51 45 2 2
52 46 2 2
52 41 2 2
52 49 2 2
52 44 2 2
53 45 2 2
53 42 2 2
53 50 2 2
53 49 2 2
54 45 2 2
54 40 2 2
54 43 2 2
54 47 2 2
55 44 2 2
55 52 2 2
55 47 2 2
55 41 2 2
56 42 2 2
56 52 2 2
56 53 2 2
56 41 2 2
57 42 2 2
57 40 2 2
57 51 2 2
57 41 2 2
58 50 2 2
58 44 2 2
58 55 2 2
58 49 2 2
59 53 2 2
59 58 2 2
59 45 2 2
59 44 2 2
40 52 2 2
40 47 2 2
40 56 2 2
40 59 2 2
41 53 2 2
41 50 2 2
41 48 2 2
41 59 2 2
42 58 2 2
42 55 2 2
42 59 2 2
42 51 2 2
43 58 2 2
43 56 2 2
43 59 2 2
43 51 2 2
64 60 3 3
64 62 3 3
64 61 3 3
64 63 3 3
65 64 3 3
65 62 3 3
65 60 3 3
65 63 3 3
66 62 3 3
66 65 3 3
66 63 3 3
66 60 3 3
67 66 3 3
67 62 3 3
67 63 3 3
67 65 3 3
68 62 3 3
68 67 3 3
68 66 3 3
68 64 3 3
69 67 3 3
69 65 3 3
69 63 3 3
69 62 3 3
70 66 3 3
70 63 3 3
70 64 3 3
70 65 3 3
71 62 3 3
71 70 3 3
71 68 3 3
71 65 3 3
72 70 3 3
72 71 3 3
72 63 3 3
72 65 3 3
73 61 3 3
73 71 3 3
73 70 3 3
73 64 3 3
74 71 3 3
74 72 3 3
74 73 3 3
74 70 3 3
75 69 3 3
75 62 3 3
75 68 3 3
75 63 3 3
76 71 3 3
76 69 3 3
76 72 3 3
76 64 3 3
77 60 3 3
77 65 3 3
77 71 3 3
77 74 3 3
78 74 3 3
78 65 3 3
78 76 3 3
78 73 3 3
79 69 3 3
79 66 3 3
79 60 3 3
79 75 3 3
60 78 3 3
60 70 3 3
60 76 3 3
60 73 3 3
61 78 3 3
61 77 3 3
61 71 3 3
61 70 3 3
62 73 3 3
62 70 3 3
62 74 3 3
62 77 3 3
63 77 3 3
63 68 3 3
63 79 3 3
63 76 3 3
84 81 4 4
84 80 4 4
84 83 4 4
84 82 4 4
85 80 4 4
85 82 4 4
85 81 4 4
85 83 4 4
86 81 4 4
86 85 4 4
86 82 4 4
86 80 4 4
87 83 4 4
87 84 4 4
87 82 4 4
87 86 4 4
88 87 4 4
88 86 4 4
88 85 4 4
88 83 4 4
89 80 4 4
89 83 4 4
89 87 4 4
89 82 4 4
90 86 4 4
90 87 4 4
90 88 4 4
90 85 4 4
91 86 4 4
91 88 4 4
91 81 4 4
91 84 4 4
92 87 4 4
92 90 4 4
92 89 4 4
92 80 4 4
93 92 4 4
93 86 4 4
93 91 4 4
93 80 4 4
94 83 4 4
94 80 4 4
94 84 4 4
94 86 4 4
95 82 4 4
95 89 4 4
95 80 4 4
95 92 4 4
96 91 4 4
96 87 4 4
96 95 4 4
96 88 4 4
97 86 4 4
97 92 4 4
97 84 4 4
97 90 4 4
98 94 4 4
98 81 4 4
98 97 4 4
98 82 4 4
99 92 4 4
99 88 4 4
99 87 4 4
99 91 4 4
80 97 4 4
80 88 4 4
80 98 4 4
80 91 4 4
81 87 4 4
81 93 4 4
81 92 4 4
81 89 4 4
82 97 4 4
82 94 4 4
82 91 4 4
82 96 4 4
83 96 4 4
83 98 4 4
83 95 4 4
83 97 4 4
104 103 5 5
104 102 5 5
104 100 5 5
104 101 5 5
105 101 5 5
105 100 5 5
105 104 5 5
105 102 5 5
106 105 5 5
106 103 5 5
106 104 5 5
106 100 5 5
107 105 5 5
107 103 5 5
107 106 5 5
107 104 5 5
108 102 5 5
108 101 5 5
108 100 5 5
108 104 5 5
109 105 5 5
109 100 5 5
109 103 5 5
109 102 5 5
110 101 5 5
110 100 5 5
110 104 5 5
110 103 5 5
111 108 5 5
111 101 5 5
111 109 5 5
111 110 5 5
112 111 5 5
112 108 5 5
112 107 5 5
112 105 5 5
113 111 5 5
113 106 5 5
113 101 5 5
113 102 5 5
114 113 5 5
114 106 5 5
114 110 5 5
114 100 5 5
115 110 5 5
115 113 5 5
115 102 5 5
115 101 5 5
116 104 5 5
116 113 5 5
116 112 5 5
116 103 5 5
117 109 5 5
117 112 5 5
117 113 5 5
117 110 5 5
118 109 5 5
118 100 5 5
118 108 5 5
118 114 5 5
119 100 5 5
119 102 5 5
119 113 5 5
119 110 5 5
100 111 5 5
100 117 5 5
100 112 5 5
100 115 5 5
101 119 5 5
101 117 5 5
101 107 5 5
101 112 5 5
102 110 5 5
102 118 5 5
102 111 5 5
102 114 5 5
103 115 5 5
103 113 5 5
103 118 5 5
103 119 5 5
124 122 6 6
124 120 6 6
124 123 6 6
124 121 6 6
125 120 6 6
125 123 6 6
125 124 6 6
125 122 6 6
126 125 6 6
126 124 6 6
126 123 6 6
126 120 6 6
127 120 6 6
127 126 6 6
127 124 6 6
127 125 6 6
128 125 6 6
128 123 6 6
128 120 6 6
128 124 6 6
129 127 6 6
129 125 6 6
129 128 6 6
129 123 6 6
130 127 6 6
130 124 6 6
130 120 6 6
130 122 6 6
131 124 6 6
131 122 6 6
131 123 6 6
131 129 6 6
132 125 6 6
132 128 6 6
132 124 6 6
132 120 6 6
133 126 6 6
133 128 6 6
133 125 6 6
133 130 6 6
134 120 6 6
134 125 6 6
134 123 6 6
134 129 6 6
135 134 6 6
135 127 6 6
135 120 6 6
135 131 6 6
136 132 6 6
136 124 6 6
136 130 6 6
136 129 6 6
137 122 6 6
137 136 6 6
137 120 6 6
137 121 6 6
138 126 6 6
138 130 6 6
138 124 6 6
138 134 6 6
139 120 6 6
139 124 6 6
139 129 6 6
139 134 6 6
120 129 6 6
120 131 6 6
120 133 6 6
120 138 6 6
121 134 6 6
121 132 6 6
121 136 6 6
121 138 6 6
122 133 6 6
122 136 6 6
122 128 6 6
122 132 6 6
123 133 6 6
123 127 6 6
123 135 6 6
123 132 6 6
144 140 7 7
144 141 7 7
144 142 7 7
144 143 7 7
145 144 7 7
145 142 7 7
145 141 7 7
145 140 7 7
146 144 7 7
146 145 7 7
146 140 7 7
146 143 7 7
147 146 7 7
147 145 7 7
147 140 7 7
147 144 7 7
148 145 7 7
148 142 7 7
148 141 7 7
148 144 7 7
149 145 7 7
149 140 7 7
149 147 7 7
149 144 7 7
150 145 7 7
150 141 7 7
150 142 7 7
150 149 7 7
151 142 7 7
151 143 7 7
151 141 7 7
151 150 7 7
152 147 7 7
152 148 7 7
152 150 7 7
152 140 7 7
153 149 7 7
153 146 7 7
153 144 7 7
153 143 7 7
154 149 7 7
154 153 7 7
154 145 7 7
154 146 7 7
155 150 7 7
155 141 7 7
155 149 7 7
155 154 7 7
156 145 7 7
156 144 7 7
156 149 7 7
156 143 7 7
157 140 7 7
157 152 7 7
157 148 7 7
157 144 7 7
158 149 7 7
158 157 7 7
158 154 7 7
158 156 7 7
159 147 7 7
159 151 7 7
159 158 7 7
159 153 7 7
140 151 7 7
140 156 7 7
140 154 7 7
140 148 7 7
141 157 7 7
141 159 7 7
141 156 7 7
141 152 7 7
142 159 7 7
142 155 7 7
142 152 7 7
142 147 7 7
143 159 7 7
143 155 7 7
143 150 7 7
143 152 7 7
164 161 8 8
164 163 8 8
164 160 8 8
164 162 8 8
165 164 8 8
165 160 8 8
165 162 8 8
165 163 8 8
166 161 8 8
166 165 8 8
166 162 8 8
166 160 8 8
167 160 8 8
167 163 8 8
167 165 8 8
167 162 8 8
168 165 8 8
168 163 8 8
168 164 8 8
168 160 8 8
169 164 8 8
169 166 8 8
169 168 8 8
169 162 8 8
170 166 8 8
170 160 8 8
170 163 8 8
170 169 8 8
171 163 8 8
171 160 8 8
171 162 8 8
171 161 8 8
172 160 8 8
172 168 8 8
172 163 8 8
172 169 8 8
173 167 8 8
173 164 8 8
173 169 8 8
173 168 8 8
174 166 8 8
174 163 8 8
174 173 8 8
174 172 8 8
175 166 8 8
175 167 8 8
175 170 8 8
175 160 8 8
176 163 8 8
176 166 8 8
176 167 8 8
176 174 8 8
177 174 8 8
177 175 8 8
177 176 8 8
177 160 8 8
178 169 8 8
178 164 8 8
178 171 8 8
178 172 8 8
179 166 8 8
179 161 8 8
179 168 8 8
179 165 8 8
160 173 8 8
160 178 8 8
160 174 8 8
160 176 8 8
161 170 8 8
161 173 8 8
161 165 8 8
161 169 8 8
162 173 8 8
162 170 8 8
162 175 8 8
162 179 8 8
163 177 8 8
163 169 8 8
163 175 8 8
163 173 8 8
184 181 9 9
184 182 9 9
184 180 9 9
184 183 9 9
185 184 9 9
185 182 9 9
185 180 9 9
185 181 9 9
186 181 9 9
186 183 9 9
186 180 9 9
186 182 9 9
187 185 9 9
187 183 9 9
187 186 9 9
187 184 9 9
188 187 9 9
188 186 9 9
188 181 9 9
188 183 9 9
189 187 9 9
189 188 9 9
189 182 9 9
189 186 9 9
190 181 9 9
190 185 9 9
190 188 9 9
190 189 9 9
191 183 9 9
191 187 9 9
191 181 9 9
191 186 9 9
192 190 9 9
192 188 9 9
192 183 9 9
192 185 9 9
193 184 9 9
193 191 9 9
193 183 9 9
193 186 9 9
194 190 9 9
194 185 9 9
194 193 9 9
194 187 9 9
195 181 9 9
195 186 9 9
195 188 9 9
195 180 9 9
196 191 9 9
196 186 9 9
196 183 9 9
196 187 9 9
197 189 9 9
197 183 9 9
197 186 9 9
197 188 9 9
198 197 9 9
198 190 9 9
198 189 9 9
198 187 9 9
199 190 9 9
199 198 9 9
199 197 9 9
199 181 9 9
180 198 9 9
180 199 9 9
180 194 9 9
180 190 9 9
181 193 9 9
181 194 9 9
181 197 9 9
181 196 9 9
182 199 9 9
182 190 9 9
182 197 9 9
182 192 9 9
183 195 9 9
183 198 9 9
183 194 9 9
183 190 9 9
204 201 10 10
204 202 10 10
204 200 10 10
204 203 10 10
205 202 10 10
205 203 10 10
205 204 10 10
205 200 10 10
206 201 10 10
206 205 10 10
206 202 10 10
206 203 10 10
207 203 10 10
207 205 10 10
207 202 10 10
207 200 10 10
208 205 10 10
208 202 10 10
208 204 10 10
208 207 10 10
209 206 10 10
209 204 10 10
209 207 10 10
209 208 10 10
210 206 10 10
210 201 10 10
210 200 10 10
210 202 10 10
211 201 10 10
211 204 10 10
211 208 10 10
211 203 10 10
212 201 10 10
212 206 10 10
212 203 10 10
212 210 10 10
213 209 10 10
213 207 10 10
213 206 10 10
213 200 10 10
214 203 10 10
214 200 10 10
214 209 10 10
214 211 10 10
215 208 10 10
215 206 10 10
215 201 10 10
215 205 10 10
216 214 10 10
216 205 10 10
216 201 10 10
216 209 10 10
217 212 10 10
217 208 10 10
217 213 10 10
217 215 10 10
218 214 10 10
218 200 10 10
218 205 10 10
218 209 10 10
219 206 10 10
219 207 10 10
219 201 10 10
219 216 10 10
200 215 10 10
200 212 10 10
200 206 10 10
200 219 10 10
201 207 10 10
201 213 10 10
201 208 10 10
201 205 10 10
202 214 10 10
202 215 10 10
202 213 10 10
202 211 10 10
203 219 10 10
203 209 10 10
203 213 10 10
203 215 10 10
224 221 11 11
224 222 11 11
224 223 11 11
224 220 11 11
225 223 11 11
225 222 11 11
225 221 11 11
225 224 11 11
226 222 11 11
226 220 11 11
226 221 11 11
226 223 11 11
227 225 11 11
227 221 11 11
227 220 11 11
227 222 11 11
228 227 11 11
228 224 11 11
228 221 11 11
228 226 11 11
229 223 11 11
229 225 11 11
229 221 11 11
229 228 11 11
230 221 11 11
230 227 11 11
230 225 11 11
230 223 11 11
231 226 11 11
231 229 11 11
231 225 11 11
231 221 11 11
232 221 11 11
232 226 11 11
232 229 11 11
232 220 11 11
233 230 11 11
233 221 11 11
233 228 11 11
233 225 11 11
234 225 11 11
234 231 11 11
234 224 11 11
234 232 11 11
235 229 11 11
235 231 11 11
235 225 11 11
235 226 11 11
236 225 11 11
236 232 11 11
236 226 11 11
236 231 11 11
237 220 11 11
237 225 11 11
237 229 11 11
237 223 11 11
238 231 11 11
238 222 11 11
238 235 11 11
238 232 11 11
239 234 11 11
239 229 11 11
239 222 11 11
239 238 11 11
220 233 11 11
220 230 11 11
220 229 11 11
220 239 11 11
221 236 11 11
221 238 11 11
221 239 11 11
221 234 11 11
222 231 11 11
222 234 11 11
222 237 11 11
222 229 11 11
223 233 11 11
223 231 11 11
223 238 11 11
223 228 11 11
244 242 12 12
244 240 12 12
244 241 12 12
244 243 12 12
245 240 12 12
245 242 12 12
245 243 12 12
245 241 12 12
246 244 12 12
246 241 12 12
246 243 12 12
246 242 12 12
247 244 12 12
247 240 12 12
247 243 12 12
247 245 12 12
248 241 12 12
248 242 12 12
248 246 12 12
248 240 12 12
249 243 12 12
249 247 12 12
249 240 12 12
249 246 12 12
250 248 12 12
250 246 12 12
250 241 12 12
250 242 12 12
251 249 12 12
251 245 12 12
251 243 12 12
251 240 12 12
252 250 12 12
252 240 12 12
252 248 12 12
252 241 12 12
253 248 12 12
253 249 12 12
253 242 12 12
253 240 12 12
254 241 12 12
254 251 12 12
254 240 12 12
254 242 12 12
255 250 12 12
255 241 12 12
255 254 12 12
255 240 12 12
256 254 12 12
256 249 12 12
256 247 12 12
256 248 12 12
257 247 12 12
257 255 12 12
257 246 12 12
257 256 12 12
258 254 12 12
258 253 12 12
258 250 12 12
258 252 12 12
259 240 12 12
259 257 12 12
259 250 12 12
259 249 12 12
240 256 12 12
240 258 12 12
240 246 12 12
240 257 12 12
241 257 12 12
241 258 12 12
241 249 12 12
241 251 12 12
242 252 12 12
242 247 12 12
242 258 12 12
242 251 12 12
243 252 12 12
243 248 12 12
243 259 12 12
243 258 12 12
264 260 13 13
264 261 13 13
264 262 13 13
264 263 13 13
265 262 13 13
265 260 13 13
265 261 13 13
265 264 13 13
266 263 13 13
266 262 13 13
266 264 13 13
266 261 13 13
267 264 13 13
267 266 13 13
267 261 13 13
267 260 13 13
268 265 13 13
268 262 13 13
268 267 13 13
268 266 13 13
269 261 13 13
269 263 13 13
269 266 13 13
269 267 13 13
270 261 13 13
270 266 13 13
270 264 13 13
270 263 13 13
271 265 13 13
271 260 13 13
271 268 13 13
271 264 13 13
272 266 13 13
272 271 13 13
272 265 13 13
272 269 13 13
273 272 13 13
273 266 13 13
273 268 13 13
273 265 13 13
274 267 13 13
274 260 13 13
274 261 13 13
274 264 13 13
275 263 13 13
275 266 13 13
275 270 13 13
275 269 13 13
276 271 13 13
276 272 13 13
276 263 13 13
276 268 13 13
277 274 13 13
277 268 13 13
277 267 13 13
277 261 13 13
278 274 13 13
278 262 13 13
278 267 13 13
278 266 13 13
279 270 13 13
279 271 13 13
279 275 13 13
279 269 13 13
260 269 13 13
260 272 13 13
260 277 13 13
260 270 13 13
261 278 13 13
261 279 13 13
261 272 13 13
261 271 13 13
262 274 13 13
262 276 13 13
262 267 13 13
262 271 13 13
263 273 13 13
263 278 13 13
263 279 13 13
263 265 13 13
284 283 14 14
284 282 14 14
284 281 14 14
284 280 14 14
285 284 14 14
285 281 14 14
285 283 14 14
285 280 14 14
286 281 14 14
286 283 14 14
286 284 14 14
286 285 14 14
287 284 14 14
287 280 14 14
287 286 14 14
287 281 14 14
288 285 14 14
288 286 14 14
288 281 14 14
288 284 14 14
289 282 14 14
289 281 14 14
289 280 14 14
289 287 14 14
290 282 14 14
290 289 14 14
290 280 14 14
290 283 14 14
291 280 14 14
291 286 14 14
291 282 14 14
291 283 14 14
292 283 14 14
292 290 14 14
292 285 14 14
292 284 14 14
293 281 14 14
293 285 14 14
293 288 14 14
293 287 14 14
294 291 14 14
294 284 14 14
294 280 14 14
294 292 14 14
295 286 14 14
295 284 14 14
295 290 14 14
295 292 14 14
296 291 14 14
296 280 14 14
296 289 14 14
296 290 14 14
297 292 14 14
297 290 14 14
297 284 14 14
297 286 14 14
298 290 14 14
298 282 14 14
298 297 14 14
298 283 14 14
299 280 14 14
299 297 14 14
299 289 14 14
299 282 14 14
280 297 14 14
280 288 14 14
280 293 14 14
280 295 14 14
281 290 14 14
281 297 14 14
281 298 14 14
281 295 14 14
282 295 14 14
282 297 14 14
282 292 14 14
282 288 14 14
283 288 14 14
283 289 14 14
283 297 14 14
283 287 14 14
304 303 15 15
304 301 15 15
304 302 15 15
304 300 15 15
305 300 15 15
305 302 15 15
305 304 15 15
305 301 15 15
306 301 15 15
306 304 15 15
306 300 15 15
306 303 15 15
307 304 15 15
307 300 15 15
307 301 15 15
307 305 15 15
308 307 15 15
308 306 15 15
308 300 15 15
308 304 15 15
309 303 15 15
309 305 15 15
309 301 15 15
309 306 15 15
310 307 15 15
310 304 15 15
310 303 15 15
310 308 15 15
311 302 15 15
311 307 15 15
311 310 15 15
311 305 15 15
312 301 15 15
312 303 15 15
312 309 15 15
312 310 15 15
313 303 15 15
313 308 15 15
313 301 15 15
313 312 15 15
314 305 15 15
314 310 15 15
314 307 15 15
314 300 15 15
315 302 15 15
315 306 15 15
315 303 15 15
315 304 15 15
316 300 15 15
316 303 15 15
316 312 15 15
316 301 15 15
317 314 15 15
317 302 15 15
317 309 15 15
317 304 15 15
318 310 15 15
318 304 15 15
318 301 15 15
318 300 15 15
319 302 15 15
319 313 15 15
319 310 15 15
319 316 15 15
300 310 15 15
300 315 15 15
300 317 15 15
300 319 15 15
301 315 15 15
301 317 15 15
301 319 15 15
301 310 15 15
302 306 15 15
302 307 15 15
302 318 15 15
302 316 15 15
303 318 15 15
303 311 15 15
303 317 15 15
303 307 15 15
99 44 4 2
96 32 4 1
98 61 4 3
98 10 4 0
105 24 5 1
112 64 5 3
119 51 5 2
105 93 5 4
131 40 6 2
120 97 6 4
136 20 6 1
132 71 6 3
153 13 7 0
158 72 7 3
156 83 7 4
140 44 7 2
173 51 8 2
179 87 8 4
163 33 8 1
161 108 8 5
189 0 9 0
197 64 9 3
188 140 9 7
187 22 9 1
212 102 10 5
203 195 10 9
201 30 10 1
201 155 10 7
221 2 11 0
232 92 11 4
228 205 11 10
233 179 11 8
250 145 12 7
248 100 12 5
247 181 12 9
248 226 12 11
274 89 13 4
262 236 13 11
266 174 13 8
274 28 13 1
293 225 14 11
293 38 14 1
289 54 14 2
292 78 14 3
313 113 15 5
313 266 15 13
311 295 15 14
309 148 15 7
8 255 0 12
18 209 0 10
2 134 0 6
12 269 0 13
39 142 1 7
32 222 1 11
24 301 1 15
31 249 1 12
48 271 2 13
58 250 2 12
54 234 2 11
47 302 2 15
75 311 3 15
75 166 3 8
64 206 3 10
74 257 3 12
