swNum = 320
edgeNum = 1344

0 0
1 0
2 0
3 0
4 0
5 0
6 0
7 0
8 0
9 0
10 0
11 0
12 0
13 0
14 0
15 0
16 0
17 0
18 0
19 0
20 1
21 1
22 1
23 1
24 1
25 1
26 1
27 1
28 1
29 1
30 1
31 1
32 1
33 1
34 1
35 1
36 1
37 1
38 1
39 1
40 2
41 2
42 2
43 2
44 2
45 2
46 2
47 2
48 2
49 2
50 2
51 2
52 2
53 2
54 2
55 2
56 2
57 2
58 2
59 2
60 3
61 3
62 3
63 3
64 3
65 3
66 3
67 3
68 3
69 3
70 3
71 3
72 3
73 3
74 3
75 3
76 3
77 3
78 3
79 3
80 4
81 4
82 4
83 4
84 4
85 4
86 4
87 4
88 4
89 4
90 4
91 4
92 4
93 4
94 4
95 4
96 4
97 4
98 4
99 4
100 5
101 5
102 5
103 5
104 5
105 5
106 5
107 5
108 5
109 5
110 5
111 5
112 5
113 5
114 5
115 5
116 5
117 5
118 5
119 5
120 6
121 6
122 6
123 6
124 6
125 6
126 6
127 6
128 6
129 6
130 6
131 6
132 6
133 6
134 6
135 6
136 6
137 6
138 6
139 6
140 7
141 7
142 7
143 7
144 7
145 7
146 7
147 7
148 7
149 7
150 7
151 7
152 7
153 7
154 7
155 7
156 7
157 7
158 7
159 7
160 8
161 8
162 8
163 8
164 8
165 8
166 8
167 8
168 8
169 8
170 8
171 8
172 8
173 8
174 8
175 8
176 8
177 8
178 8
179 8
180 9
181 9
182 9
183 9
184 9
185 9
186 9
187 9
188 9
189 9
190 9
191 9
192 9
193 9
194 9
195 9
196 9
197 9
198 9
199 9
200 10
201 10
202 10
203 10
204 10
205 10
206 10
207 10
208 10
209 10
210 10
211 10
212 10
213 10
214 10
215 10
216 10
217 10
218 10
219 10
220 11
221 11
222 11
223 11
224 11
225 11
226 11
227 11
228 11
229 11
230 11
231 11
232 11
233 11
234 11
235 11
236 11
237 11
238 11
239 11
240 12
241 12
242 12
243 12
244 12
245 12
246 12
247 12
248 12
249 12
250 12
251 12
252 12
253 12
254 12
255 12
256 12
257 12
258 12
259 12
260 13
261 13
262 13
263 13
264 13
265 13
266 13
267 13
268 13
269 13
270 13
271 13
272 13
273 13
274 13
275 13
276 13
277 13
278 13
279 13
280 14
281 14
282 14
283 14
284 14
285 14
286 14
287 14
288 14
289 14
290 14
291 14
292 14
293 14
294 14
295 14
296 14
297 14
298 14
299 14
300 15
301 15
302 15
303 15
304 15
305 15
306 15
307 15
308 15
309 15
310 15
311 15
312 15
313 15
314 15
315 15
316 15
317 15
318 15
319 15

4 3 0 0
4 1 0 0
4 0 0 0
4 2 0 0
5 2 0 0
5 1 0 0
5 4 0 0
5 3 0 0
6 1 0 0
6 0 0 0
6 4 0 0
6 5 0 0
7 0 0 0
7 4 0 0
7 6 0 0
7 1 0 0
8 6 0 0
8 0 0 0
8 5 0 0
8 2 0 0
9 3 0 0
9 4 0 0
9 1 0 0
9 5 0 0
10 3 0 0
10 1 0 0
10 0 0 0
10 9 0 0
11 10 0 0
11 6 0 0
11 8 0 0
11 9 0 0
12 4 0 0
12 7 0 0
12 11 0 0
12 3 0 0
13 12 0 0
13 4 0 0
13 7 0 0
13 9 0 0
14 2 0 0
14 1 0 0
14 6 0 0
14 5 0 0
15 5 0 0
15 7 0 0
15 6 0 0
15 1 0 0
16 6 0 0
16 2 0 0
16 14 0 0
16 4 0 0
17 2 0 0
17 16 0 0
17 3 0 0
17 6 0 0
18 4 0 0
18 3 0 0
18 12 0 0
18 2 0 0
19 4 0 0
19 12 0 0
19 7 0 0
19 17 0 0
0 13 0 0
0 19 0 0
0 12 0 0
0 15 0 0
1 8 0 0
1 16 0 0
1 13 0 0
1 11 0 0
2 15 0 0
2 11 0 0
2 6 0 0
2 12 0 0
3 11 0 0
3 7 0 0
3 13 0 0
3 16 0 0
24 22 1 1
24 20 1 1
24 23 1 1
24 21 1 1
25 20 1 1
25 24 1 1
25 21 1 1
25 23 1 1
26 25 1 1
26 21 1 1
26 24 1 1
26 20 1 1
27 25 1 1
27 22 1 1
27 24 1 1
27 21 1 1
28 25 1 1
28 27 1 1
28 22 1 1
28 20 1 1
29 24 1 1
29 27 1 1
29 26 1 1
29 28 1 1
30 26 1 1
30 25 1 1
30 29 1 1
30 23 1 1
31 26 1 1
31 20 1 1
31 28 1 1
31 27 1 1
32 24 1 1
32 27 1 1
32 21 1 1
32 20 1 1
33 29 1 1
33 20 1 1
33 31 1 1
33 32 1 1
34 26 1 1
34 21 1 1
34 30 1 1
34 22 1 1
35 26 1 1
35 21 1 1
35 23 1 1
35 31 1 1
36 35 1 1
36 30 1 1
36 20 1 1
36 26 1 1
37 31 1 1
37 32 1 1
37 20 1 1
37 26 1 1
38 23 1 1
38 37 1 1
38 29 1 1
38 22 1 1
39 38 1 1
39 22 1 1
39 37 1 1
39 34 1 1
20 34 1 1
20 38 1 1
20 35 1 1
20 29 1 1
21 36 1 1
21 38 1 1
21 31 1 1
21 39 1 1
22 35 1 1
22 31 1 1
22 30 1 1
22 32 1 1
23 37 1 1
23 36 1 1
23 27 1 1
23 29 1 1
44 42 2 2
44 41 2 2
44 40 2 2
44 43 2 2
45 41 2 2
45 44 2 2
45 40 2 2
45 43 2 2
46 40 2 2
46 41 2 2
46 43 2 2
46 45 2 2
47 41 2 2
47 42 2 2
47 46 2 2
47 43 2 2
48 46 2 2
48 42 2 2
48 47 2 2
48 44 2 2
49 41 2 2
49 44 2 2
49 45 2 2
49 48 2 2
50 43 2 2
50 42 2 2
50 48 2 2
50 45 2 2
51 43 2 2
51 47 2 2
51 41 2 2
51 45 2 2
52 48 2 2
52 40 2 2
52 45 2 2
52 50 2 2
53 41 2 2
53 40 2 2
53 46 2 2
53 47 2 2
54 41 2 2
54 44 2 2
54 49 2 2
54 48 2 2
55 40 2 2
55 52 2 2
55 47 2 2
55 51 2 2
56 41 2 2
56 43 2 2
56 51 2 2
56 45 2 2
57 40 2 2
57 41 2 2
57 53 2 2
57 42 2 2
58 44 2 2
58 45 2 2
58 51 2 2
58 41 2 2
59 58 2 2
59 54 2 2
59 44 2 2
59 52 2 2
40 49 2 2
40 54 2 2
40 48 2 2
40 47 2 2
41 50 2 2
41 59 2 2
41 48 2 2
41 55 2 2
42 49 2 2
42 52 2 2
42 53 2 2
42 46 2 2
43 48 2 2
43 52 2 2
43 53 2 2
43 49 2 2
64 63 3 3
64 62 3 3
64 60 3 3
64 61 3 3
65 64 3 3
65 60 3 3
65 62 3 3
65 63 3 3
66 63 3 3
66 62 3 3
66 61 3 3
66 64 3 3
67 63 3 3
67 64 3 3
67 60 3 3
67 66 3 3
68 62 3 3
68 61 3 3
68 67 3 3
68 64 3 3
69 61 3 3
69 63 3 3
69 64 3 3
69 65 3 3
70 63 3 3
70 67 3 3
70 68 3 3
70 69 3 3
71 63 3 3
71 66 3 3
71 65 3 3
71 70 3 3
72 65 3 3
72 60 3 3
72 69 3 3
72 71 3 3
73 67 3 3
73 64 3 3
73 68 3 3
73 63 3 3
74 60 3 3
74 63 3 3
74 62 3 3
74 65 3 3
75 66 3 3
75 74 3 3
75 69 3 3
75 71 3 3
76 68 3 3
76 66 3 3
76 73 3 3
76 60 3 3
77 69 3 3
77 62 3 3
77 61 3 3
77 75 3 3
78 72 3 3
78 77 3 3
78 71 3 3
78 65 3 3
79 75 3 3
79 78 3 3
79 72 3 3
79 61 3 3
60 78 3 3
60 66 3 3
60 71 3 3
60 75 3 3
61 73 3 3
61 76 3 3
61 65 3 3
61 70 3 3
62 71 3 3
62 73 3 3
62 69 3 3
62 76 3 3
63 75 3 3
63 72 3 3
63 76 3 3
63 68 3 3
84 80 4 4
84 82 4 4
84 81 4 4
84 83 4 4
85 82 4 4
85 84 4 4
85 83 4 4
85 80 4 4
86 84 4 4
86 82 4 4
86 85 4 4
86 80 4 4
87 83 4 4
87 81 4 4
87 82 4 4
87 84 4 4
88 81 4 4
88 87 4 4
88 83 4 4
88 86 4 4
89 85 4 4
89 86 4 4
89 83 4 4
89 82 4 4
90 87 4 4
90 81 4 4
90 86 4 4
90 88 4 4
91 88 4 4
91 85 4 4
91 84 4 4
91 86 4 4
92 90 4 4
92 88 4 4
92 82 4 4
92 81 4 4
93 86 4 4
93 82 4 4
93 84 4 4
93 89 4 4
94 82 4 4
94 83 4 4
94 93 4 4
94 86 4 4
95 81 4 4
95 87 4 4
95 80 4 4
95 83 4 4
96 88 4 4
96 84 4 4
96 95 4 4
96 87 4 4
97 90 4 4
97 82 4 4
97 80 4 4
97 86 4 4
98 94 4 4
98 97 4 4
98 80 4 4
98 93 4 4
99 83 4 4
99 80 4 4
99 93 4 4
99 89 4 4
80 87 4 4
80 90 4 4
80 92 4 4
80 94 4 4
81 98 4 4
81 97 4 4
81 99 4 4
81 91 4 4
82 99 4 4
82 95 4 4
82 96 4 4
82 88 4 4
83 93 4 4
83 96 4 4
83 90 4 4
83 92 4 4
104 102 5 5
104 103 5 5
104 100 5 5
104 101 5 5
105 103 5 5
105 104 5 5
105 102 5 5
105 100 5 5
106 103 5 5
106 101 5 5
106 102 5 5
106 105 5 5
107 101 5 5
107 100 5 5
107 106 5 5
107 103 5 5
108 100 5 5
108 105 5 5
108 102 5 5
108 103 5 5
109 102 5 5
109 105 5 5
109 106 5 5
109 104 5 5
110 108 5 5
110 100 5 5
110 107 5 5
110 106 5 5
111 106 5 5
111 109 5 5
111 105 5 5
111 103 5 5
112 109 5 5
112 107 5 5
112 101 5 5
112 111 5 5
113 103 5 5
113 109 5 5
113 105 5 5
113 110 5 5
114 101 5 5
114 107 5 5
114 103 5 5
114 110 5 5
115 113 5 5
115 100 5 5
115 107 5 5
115 103 5 5
116 108 5 5
116 111 5 5
116 105 5 5
116 112 5 5
117 106 5 5
117 112 5 5
117 107 5 5
117 116 5 5
118 102 5 5
118 113 5 5
118 116 5 5
118 100 5 5
119 101 5 5
119 108 5 5
119 113 5 5
119 112 5 5
100 114 5 5
100 113 5 5
100 119 5 5
100 117 5 5
101 108 5 5
101 118 5 5
101 109 5 5
101 105 5 5
102 119 5 5
102 112 5 5
102 107 5 5
102 117 5 5
103 119 5 5
103 118 5 5
103 116 5 5
103 109 5 5
124 121 6 6
124 123 6 6
124 120 6 6
124 122 6 6
125 121 6 6
125 122 6 6
125 124 6 6
125 120 6 6
126 125 6 6
126 122 6 6
126 123 6 6
126 120 6 6
127 123 6 6
127 121 6 6
127 120 6 6
127 124 6 6
128 123 6 6
128 125 6 6
128 122 6 6
128 124 6 6
129 123 6 6
129 121 6 6
129 122 6 6
129 126 6 6
130 128 6 6
130 126 6 6
130 125 6 6
130 121 6 6
131 127 6 6
131 120 6 6
131 122 6 6
131 123 6 6
132 127 6 6
132 123 6 6
132 124 6 6
132 128 6 6
133 121 6 6
133 126 6 6
133 120 6 6
133 129 6 6
134 123 6 6
134 127 6 6
134 122 6 6
134 129 6 6
135 121 6 6
135 124 6 6
135 131 6 6
135 120 6 6
136 126 6 6
136 132 6 6
136 130 6 6
136 135 6 6
137 134 6 6
137 128 6 6
137 121 6 6
137 126 6 6
138 123 6 6
138 132 6 6
138 121 6 6
138 120 6 6
139 126 6 6
139 123 6 6
139 134 6 6
139 137 6 6
120 137 6 6
120 132 6 6
120 134 6 6
120 139 6 6
121 128 6 6
121 131 6 6
121 126 6 6
121 136 6 6
122 139 6 6
122 132 6 6
122 130 6 6
122 137 6 6
123 133 6 6
123 137 6 6
123 135 6 6
123 130 6 6
144 140 7 7
144 143 7 7
144 142 7 7
144 141 7 7
145 141 7 7
145 140 7 7
145 142 7 7
145 144 7 7
146 145 7 7
146 143 7 7
146 141 7 7
146 140 7 7
147 142 7 7
147 140 7 7
147 146 7 7
147 141 7 7
148 142 7 7
148 146 7 7
148 141 7 7
148 143 7 7
149 144 7 7
149 148 7 7
149 142 7 7
149 143 7 7
150 142 7 7
150 141 7 7
150 147 7 7
150 148 7 7
151 148 7 7
151 142 7 7
151 149 7 7
151 145 7 7
152 149 7 7
152 141 7 7
152 140 7 7
152 147 7 7
153 150 7 7
153 144 7 7
153 148 7 7
153 149 7 7
154 150 7 7
154 149 7 7
154 151 7 7
154 144 7 7
155 142 7 7
155 150 7 7
155 146 7 7
155 140 7 7
156 142 7 7
156 154 7 7
156 148 7 7
156 149 7 7
157 141 7 7
157 152 7 7
157 147 7 7
157 154 7 7
158 140 7 7
158 141 7 7
158 151 7 7
158 145 7 7
159 145 7 7
159 157 7 7
159 154 7 7
159 158 7 7
140 150 7 7
140 154 7 7
140 157 7 7
140 153 7 7
141 154 7 7
141 153 7 7
141 155 7 7
141 149 7 7
142 158 7 7
142 157 7 7
142 159 7 7
142 153 7 7
143 150 7 7
143 153 7 7
143 157 7 7
143 155 7 7
164 161 8 8
164 160 8 8
164 163 8 8
164 162 8 8
165 162 8 8
165 163 8 8
165 164 8 8
165 160 8 8
166 161 8 8
166 165 8 8
166 164 8 8
166 160 8 8
167 166 8 8
167 165 8 8
167 162 8 8
167 161 8 8
168 161 8 8
168 162 8 8
168 166 8 8
168 165 8 8
169 164 8 8
169 160 8 8
169 165 8 8
169 163 8 8
170 161 8 8
170 165 8 8
170 168 8 8
170 169 8 8
171 168 8 8
171 165 8 8
171 166 8 8
171 162 8 8
172 161 8 8
172 166 8 8
172 165 8 8
172 162 8 8
173 161 8 8
173 171 8 8
173 166 8 8
173 172 8 8
174 161 8 8
174 163 8 8
174 166 8 8
174 173 8 8
175 163 8 8
175 165 8 8
175 173 8 8
175 174 8 8
176 164 8 8
176 161 8 8
176 160 8 8
176 174 8 8
177 168 8 8
177 166 8 8
177 162 8 8
177 160 8 8
178 174 8 8
178 176 8 8
178 172 8 8
178 175 8 8
179 177 8 8
179 163 8 8
179 164 8 8
179 169 8 8
160 171 8 8
160 174 8 8
160 170 8 8
160 172 8 8
161 177 8 8
161 165 8 8
161 175 8 8
161 171 8 8
162 174 8 8
162 170 8 8
162 166 8 8
162 175 8 8
163 173 8 8
163 172 8 8
163 177 8 8
163 170 8 8
184 183 9 9
184 180 9 9
184 182 9 9
184 181 9 9
185 180 9 9
185 184 9 9
185 183 9 9
185 182 9 9
186 181 9 9
186 182 9 9
186 183 9 9
186 185 9 9
187 181 9 9
187 183 9 9
187 184 9 9
187 186 9 9
188 181 9 9
188 187 9 9
188 186 9 9
188 185 9 9
189 181 9 9
189 180 9 9
189 186 9 9
189 188 9 9
190 187 9 9
190 181 9 9
190 188 9 9
190 182 9 9
191 185 9 9
191 180 9 9
191 187 9 9
191 189 9 9
192 180 9 9
192 190 9 9
192 189 9 9
192 181 9 9
193 180 9 9
193 184 9 9
193 189 9 9
193 188 9 9
194 184 9 9
194 187 9 9
194 180 9 9
194 181 9 9
195 184 9 9
195 180 9 9
195 183 9 9
195 190 9 9
196 191 9 9
196 184 9 9
196 183 9 9
196 189 9 9
197 196 9 9
197 191 9 9
197 194 9 9
197 185 9 9
198 188 9 9
198 180 9 9
198 186 9 9
198 181 9 9
199 186 9 9
199 194 9 9
199 188 9 9
199 181 9 9
180 196 9 9
180 190 9 9
180 187 9 9
180 199 9 9
181 185 9 9
181 191 9 9
181 196 9 9
181 197 9 9
182 194 9 9
182 189 9 9
182 192 9 9
182 199 9 9
183 192 9 9
183 190 9 9
183 194 9 9
183 188 9 9
204 202 10 10
204 201 10 10
204 203 10 10
204 200 10 10
205 201 10 10
205 200 10 10
205 203 10 10
205 202 10 10
206 200 10 10
206 204 10 10
206 203 10 10
206 202 10 10
207 205 10 10
207 204 10 10
207 200 10 10
207 202 10 10
208 203 10 10
208 201 10 10
208 205 10 10
208 206 10 10
209 204 10 10
209 200 10 10
209 205 10 10
209 202 10 10
210 205 10 10
210 204 10 10
210 209 10 10
210 203 10 10
211 207 10 10
211 204 10 10
211 209 10 10
211 203 10 10
212 210 10 10
212 204 10 10
212 205 10 10
212 203 10 10
213 212 10 10
213 201 10 10
213 203 10 10
213 202 10 10
214 207 10 10
214 205 10 10
214 212 10 10
214 201 10 10
215 211 10 10
215 202 10 10
215 206 10 10
215 209 10 10
216 206 10 10
216 213 10 10
216 201 10 10
216 208 10 10
217 201 10 10
217 202 10 10
217 206 10 10
217 200 10 10
218 204 10 10
218 215 10 10
218 202 10 10
218 217 10 10
219 217 10 10
219 216 10 10
219 215 10 10
219 214 10 10
200 213 10 10
200 214 10 10
200 219 10 10
200 208 10 10
201 218 10 10
201 219 10 10
201 206 10 10
201 210 10 10
202 219 10 10
202 208 10 10
202 216 10 10
202 214 10 10
203 218 10 10
203 214 10 10
203 207 10 10
203 217 10 10
224 222 11 11
224 221 11 11
224 220 11 11
224 223 11 11
225 221 11 11
225 223 11 11
225 220 11 11
225 222 11 11
226 222 11 11
226 224 11 11
226 221 11 11
226 220 11 11
227 221 11 11
227 224 11 11
227 225 11 11
227 220 11 11
228 225 11 11
228 221 11 11
228 220 11 11
228 223 11 11
229 226 11 11
229 225 11 11
229 222 11 11
229 221 11 11
230 226 11 11
230 227 11 11
230 221 11 11
230 224 11 11
231 221 11 11
231 220 11 11
231 225 11 11
231 228 11 11
232 220 11 11
232 228 11 11
232 229 11 11
232 231 11 11
233 220 11 11
233 225 11 11
233 221 11 11
233 228 11 11
234 229 11 11
234 233 11 11
234 220 11 11
234 221 11 11
235 229 11 11
235 231 11 11
235 234 11 11
235 221 11 11
236 235 11 11
236 222 11 11
236 220 11 11
236 224 11 11
237 222 11 11
237 234 11 11
237 231 11 11
237 228 11 11
238 230 11 11
238 233 11 11
238 224 11 11
238 222 11 11
239 236 11 11
239 231 11 11
239 226 11 11
239 234 11 11
220 230 11 11
220 239 11 11
220 237 11 11
220 235 11 11
221 239 11 11
221 237 11 11
221 232 11 11
221 238 11 11
222 239 11 11
222 234 11 11
222 233 11 11
222 235 11 11
223 230 11 11
223 232 11 11
223 227 11 11
223 235 11 11
244 240 12 12
244 241 12 12
244 243 12 12
244 242 12 12
245 240 12 12
245 244 12 12
245 242 12 12
245 241 12 12
246 241 12 12
246 244 12 12
246 240 12 12
246 245 12 12
247 242 12 12
247 240 12 12
247 243 12 12
247 244 12 12
248 245 12 12
248 246 12 12
248 241 12 12
248 247 12 12
249 246 12 12
249 241 12 12
249 248 12 12
249 247 12 12
250 243 12 12
250 245 12 12
250 240 12 12
250 244 12 12
251 242 12 12
251 247 12 12
251 250 12 12
251 241 12 12
252 240 12 12
252 251 12 12
252 242 12 12
252 243 12 12
253 249 12 12
253 240 12 12
253 248 12 12
253 250 12 12
254 245 12 12
254 252 12 12
254 244 12 12
254 241 12 12
255 242 12 12
255 253 12 12
255 250 12 12
255 240 12 12
256 241 12 12
256 252 12 12
256 255 12 12
256 251 12 12
257 249 12 12
257 253 12 12
257 256 12 12
257 248 12 12
258 255 12 12
258 241 12 12
258 249 12 12
258 257 12 12
259 242 12 12
259 243 12 12
259 254 12 12
259 247 12 12
240 258 12 12
240 254 12 12
240 256 12 12
240 248 12 12
241 255 12 12
241 257 12 12
241 253 12 12
241 247 12 12
242 250 12 12
242 258 12 12
242 254 12 12
242 249 12 12
243 255 12 12
243 256 12 12
243 249 12 12
243 258 12 12
264 260 13 13
264 262 13 13
264 263 13 13
264 261 13 13
265 260 13 13
265 262 13 13
265 261 13 13
265 263 13 13
266 263 13 13
266 261 13 13
266 260 13 13
266 265 13 13
267 263 13 13
267 261 13 13
267 260 13 13
267 262 13 13
268 266 13 13
268 263 13 13
268 262 13 13
268 267 13 13
269 260 13 13
269 265 13 13
269 263 13 13
269 264 13 13
270 260 13 13
270 268 13 13
270 262 13 13
270 269 13 13
271 260 13 13
271 262 13 13
271 266 13 13
271 263 13 13
272 270 13 13
272 264 13 13
272 260 13 13
272 271 13 13
273 268 13 13
273 262 13 13
273 266 13 13
273 265 13 13
274 266 13 13
274 263 13 13
274 269 13 13
274 262 13 13
275 269 13 13
275 262 13 13
275 267 13 13
275 261 13 13
276 272 13 13
276 265 13 13
276 269 13 13
276 260 13 13
277 268 13 13
277 274 13 13
277 269 13 13
277 272 13 13
278 271 13 13
278 270 13 13
278 262 13 13
278 260 13 13
279 276 13 13
279 278 13 13
279 268 13 13
279 260 13 13
260 275 13 13
260 277 13 13
260 268 13 13
260 274 13 13
261 278 13 13
261 273 13 13
261 269 13 13
261 272 13 13
262 279 13 13
262 276 13 13
262 272 13 13
262 269 13 13
263 278 13 13
263 275 13 13
263 279 13 13
263 270 13 13
284 282 14 14
284 280 14 14
284 281 14 14
284 283 14 14
285 283 14 14
285 281 14 14
285 284 14 14
285 282 14 14
286 284 14 14
286 282 14 14
286 283 14 14
286 281 14 14
287 280 14 14
287 284 14 14
287 281 14 14
287 286 14 14
288 283 14 14
288 285 14 14
288 286 14 14
288 287 14 14
289 286 14 14
289 284 14 14
289 280 14 14
289 287 14 14
290 284 14 14
290 281 14 14
290 282 14 14
290 289 14 14
291 290 14 14
291 286 14 14
291 282 14 14
291 283 14 14
292 286 14 14
292 287 14 14
292 289 14 14
292 283 14 14
293 284 14 14
293 282 14 14
293 283 14 14
293 281 14 14
294 289 14 14
294 287 14 14
294 280 14 14
294 283 14 14
295 283 14 14
295 285 14 14
295 287 14 14
295 282 14 14
296 294 14 14
296 286 14 14
296 285 14 14
296 293 14 14
297 289 14 14
297 281 14 14
297 294 14 14
297 282 14 14
298 291 14 14
298 282 14 14
298 284 14 14
298 294 14 14
299 283 14 14
299 281 14 14
299 287 14 14
299 293 14 14
280 288 14 14
280 286 14 14
280 292 14 14
280 297 14 14
281 291 14 14
281 294 14 14
281 296 14 14
281 298 14 14
282 287 14 14
282 289 14 14
282 299 14 14
282 288 14 14
283 287 14 14
283 296 14 14
283 298 14 14
283 289 14 14
304 302 15 15
304 301 15 15
304 303 15 15
304 300 15 15
305 304 15 15
305 301 15 15
305 302 15 15
305 300 15 15
306 302 15 15
306 305 15 15
306 301 15 15
306 304 15 15
307 301 15 15
307 302 15 15
307 303 15 15
307 304 15 15
308 302 15 15
308 300 15 15
308 303 15 15
308 301 15 15
309 308 15 15
309 306 15 15
309 307 15 15
309 301 15 15
310 308 15 15
310 304 15 15
310 301 15 15
310 302 15 15
311 308 15 15
311 303 15 15
311 304 15 15
311 306 15 15
312 303 15 15
312 300 15 15
312 311 15 15
312 309 15 15
313 309 15 15
313 300 15 15
313 312 15 15
313 302 15 15
314 308 15 15
314 311 15 15
314 302 15 15
314 301 15 15
315 313 15 15
315 304 15 15
315 300 15 15
315 301 15 15
316 313 15 15
316 314 15 15
316 304 15 15
316 312 15 15
317 303 15 15
317 300 15 15
317 315 15 15
317 307 15 15
318 311 15 15
318 317 15 15
318 315 15 15
318 312 15 15
319 318 15 15
319 309 15 15
319 301 15 15
319 312 15 15
300 316 15 15
300 309 15 15
300 318 15 15
300 314 15 15
301 317 15 15
301 312 15 15
301 316 15 15
301 318 15 15
302 311 15 15
302 312 15 15
302 319 15 15
302 317 15 15
303 306 15 15
303 314 15 15
303 310 15 15
303 319 15 15
93 69 4 3
80 49 4 2
96 16 4 0
81 22 4 1
105 54 5 2
103 79 5 3
100 93 5 4
110 39 5 1
139 100 6 5
135 32 6 1
135 58 6 2
121 97 6 4
149 73 7 3
157 132 7 6
146 118 7 5
158 56 7 2
166 25 8 1
172 41 8 2
175 155 8 7
172 122 8 6
188 96 9 4
199 129 9 6
194 47 9 2
181 154 9 7
210 138 10 6
213 108 10 5
214 54 10 2
211 184 10 9
233 24 11 1
228 180 11 9
220 82 11 4
230 156 11 7
251 0 12 0
246 231 12 11
240 168 12 8
244 44 12 2
266 141 13 7
273 185 13 9
278 219 13 10
261 123 13 6
281 20 14 1
292 163 14 8
287 83 14 4
288 140 14 7
316 257 15 12
314 199 15 9
304 158 15 7
303 86 15 4
13 191 0 9
16 261 0 13
3 160 0 8
19 284 0 14
39 217 1 10
30 146 1 7
30 270 1 13
39 317 1 15
45 306 2 15
47 291 2 14
56 220 2 11
58 267 2 13
76 300 3 15
75 222 3 11
63 133 3 6
67 298 3 14
