swNum = 320
edgeNum = 1344

0 0
1 0
2 0
3 0
4 0
5 0
6 0
7 0
8 0
9 0
10 0
11 0
12 0
13 0
14 0
15 0
16 0
17 0
18 0
19 0
20 1
21 1
22 1
23 1
24 1
25 1
26 1
27 1
28 1
29 1
30 1
31 1
32 1
33 1
34 1
35 1
36 1
37 1
38 1
39 1
40 2
41 2
42 2
43 2
44 2
45 2
46 2
47 2
48 2
49 2
50 2
51 2
52 2
53 2
54 2
55 2
56 2
57 2
58 2
59 2
60 3
61 3
62 3
63 3
64 3
65 3
66 3
67 3
68 3
69 3
70 3
71 3
72 3
73 3
74 3
75 3
76 3
77 3
78 3
79 3
80 4
81 4
82 4
83 4
84 4
85 4
86 4
87 4
88 4
89 4
90 4
91 4
92 4
93 4
94 4
95 4
96 4
97 4
98 4
99 4
100 5
101 5
102 5
103 5
104 5
105 5
106 5
107 5
108 5
109 5
110 5
111 5
112 5
113 5
114 5
115 5
116 5
117 5
118 5
119 5
120 6
121 6
122 6
123 6
124 6
125 6
126 6
127 6
128 6
129 6
130 6
131 6
132 6
133 6
134 6
135 6
136 6
137 6
138 6
139 6
140 7
141 7
142 7
143 7
144 7
145 7
146 7
147 7
148 7
149 7
150 7
151 7
152 7
153 7
154 7
155 7
156 7
157 7
158 7
159 7
160 8
161 8
162 8
163 8
164 8
165 8
166 8
167 8
168 8
169 8
170 8
171 8
172 8
173 8
174 8
175 8
176 8
177 8
178 8
179 8
180 9
181 9
182 9
183 9
184 9
185 9
186 9
187 9
188 9
189 9
190 9
191 9
192 9
193 9
194 9
195 9
196 9
197 9
198 9
199 9
200 10
201 10
202 10
203 10
204 10
205 10
206 10
207 10
208 10
209 10
210 10
211 10
212 10
213 10
214 10
215 10
216 10
217 10
218 10
219 10
220 11
221 11
222 11
223 11
224 11
225 11
226 11
227 11
228 11
229 11
230 11
231 11
232 11
233 11
234 11
235 11
236 11
237 11
238 11
239 11
240 12
241 12
242 12
243 12
244 12
245 12
246 12
247 12
248 12
249 12
250 12
251 12
252 12
253 12
254 12
255 12
256 12
257 12
258 12
259 12
260 13
261 13
262 13
263 13
264 13
265 13
266 13
267 13
268 13
269 13
270 13
271 13
272 13
273 13
274 13
275 13
276 13
277 13
278 13
279 13
280 14
281 14
282 14
283 14
284 14
285 14
286 14
287 14
288 14
289 14
290 14
291 14
292 14
293 14
294 14
295 14
296 14
297 14
298 14
299 14
300 15
301 15
302 15
303 15
304 15
305 15
306 15
307 15
308 15
309 15
310 15
311 15
312 15
313 15
314 15
315 15
316 15
317 15
318 15
319 15

4 3 0 0
4 2 0 0
4 1 0 0
4 0 0 0
5 4 0 0
5 2 0 0
5 0 0 0
5 3 0 0
6 4 0 0
6 2 0 0
6 0 0 0
6 5 0 0
7 4 0 0
7 6 0 0
7 3 0 0
7 5 0 0
8 1 0 0
8 0 0 0
8 2 0 0
8 4 0 0
9 8 0 0
9 1 0 0
9 5 0 0
9 7 0 0
10 5 0 0
10 0 0 0
10 3 0 0
10 1 0 0
11 1 0 0
11 10 0 0
11 6 0 0
11 9 0 0
12 3 0 0
12 9 0 0
12 4 0 0
12 10 0 0
13 8 0 0
13 11 0 0
13 4 0 0
13 12 0 0
14 8 0 0
14 12 0 0
14 3 0 0
14 11 0 0
15 3 0 0
15 7 0 0
15 6 0 0
15 4 0 0
16 6 0 0
16 7 0 0
16 13 0 0
16 12 0 0
17 0 0 0
17 10 0 0
17 15 0 0
17 5 0 0
18 12 0 0
18 6 0 0
18 17 0 0
18 3 0 0
19 12 0 0
19 4 0 0
19 0 0 0
19 14 0 0
0 15 0 0
0 13 0 0
0 12 0 0
0 16 0 0
1 18 0 0
1 19 0 0
1 16 0 0
1 14 0 0
2 18 0 0
2 7 0 0
2 10 0 0
2 13 0 0
3 9 0 0
3 16 0 0
3 19 0 0
3 8 0 0
24 23 1 1
24 21 1 1
24 20 1 1
24 22 1 1
25 20 1 1
25 21 1 1
25 22 1 1
25 23 1 1
26 25 1 1
26 21 1 1
26 22 1 1
26 23 1 1
27 22 1 1
27 24 1 1
27 25 1 1
27 20 1 1
28 27 1 1
28 26 1 1
28 22 1 1
28 21 1 1
29 22 1 1
29 28 1 1
29 21 1 1
29 27 1 1
30 25 1 1
30 20 1 1
30 23 1 1
30 27 1 1
31 29 1 1
31 30 1 1
31 23 1 1
31 26 1 1
32 23 1 1
32 30 1 1
32 26 1 1
32 31 1 1
33 26 1 1
33 25 1 1
33 29 1 1
33 31 1 1
34 31 1 1
34 29 1 1
34 25 1 1
34 20 1 1
35 33 1 1
35 21 1 1
35 23 1 1
35 29 1 1
36 31 1 1
36 25 1 1
36 20 1 1
36 22 1 1
37 36 1 1
37 25 1 1
37 32 1 1
37 24 1 1
38 37 1 1
38 32 1 1
38 23 1 1
38 28 1 1
39 23 1 1
39 35 1 1
39 28 1 1
39 36 1 1
20 33 1 1
20 37 1 1
20 39 1 1
20 32 1 1
21 34 1 1
21 38 1 1
21 30 1 1
21 33 1 1
22 37 1 1
22 38 1 1
22 39 1 1
22 30 1 1
23 37 1 1
23 36 1 1
23 27 1 1
23 28 1 1
44 40 2 2
44 42 2 2
44 43 2 2
44 41 2 2
45 44 2 2
45 40 2 2
45 41 2 2
45 43 2 2
46 44 2 2
46 43 2 2
46 42 2 2
46 40 2 2
47 42 2 2
47 46 2 2
47 44 2 2
47 40 2 2
48 40 2 2
48 44 2 2
48 47 2 2
48 42 2 2
49 41 2 2
49 46 2 2
49 48 2 2
49 42 2 2
50 49 2 2
50 45 2 2
50 47 2 2
50 41 2 2
51 42 2 2
51 43 2 2
51 46 2 2
51 40 2 2
52 41 2 2
52 50 2 2
52 51 2 2
52 44 2 2
53 40 2 2
53 41 2 2
53 50 2 2
53 51 2 2
54 40 2 2
54 48 2 2
54 46 2 2
54 42 2 2
55 51 2 2
55 42 2 2
55 46 2 2
55 47 2 2
56 41 2 2
56 49 2 2
56 53 2 2
56 55 2 2
57 41 2 2
57 53 2 2
57 56 2 2
57 52 2 2
58 46 2 2
58 53 2 2
58 44 2 2
58 48 2 2
59 56 2 2
59 53 2 2
59 41 2 2
59 57 2 2
40 58 2 2
40 50 2 2
40 57 2 2
40 55 2 2
41 47 2 2
41 51 2 2
41 48 2 2
41 58 2 2
42 50 2 2
42 58 2 2
42 57 2 2
42 45 2 2
43 54 2 2
43 48 2 2
43 57 2 2
43 55 2 2
64 60 3 3
64 62 3 3
64 63 3 3
64 61 3 3
65 60 3 3
65 61 3 3
65 64 3 3
65 62 3 3
66 64 3 3
66 62 3 3
66 63 3 3
66 60 3 3
67 66 3 3
67 64 3 3
67 60 3 3
67 62 3 3
68 66 3 3
68 64 3 3
68 63 3 3
68 62 3 3
69 60 3 3
69 66 3 3
69 65 3 3
69 68 3 3
70 69 3 3
70 67 3 3
70 65 3 3
70 64 3 3
71 62 3 3
71 64 3 3
71 67 3 3
71 60 3 3
72 68 3 3
72 62 3 3
72 67 3 3
72 63 3 3
73 69 3 3
73 60 3 3
73 65 3 3
73 64 3 3
74 64 3 3
74 62 3 3
74 71 3 3
74 70 3 3
75 71 3 3
75 68 3 3
75 74 3 3
75 64 3 3
76 64 3 3
76 72 3 3
76 65 3 3
76 75 3 3
77 76 3 3
77 73 3 3
77 70 3 3
77 74 3 3
78 75 3 3
78 76 3 3
78 66 3 3
78 60 3 3
79 72 3 3
79 75 3 3
79 78 3 3
79 63 3 3
60 77 3 3
60 68 3 3
60 70 3 3
60 74 3 3
61 73 3 3
61 70 3 3
61 69 3 3
61 68 3 3
62 73 3 3
62 78 3 3
62 75 3 3
62 70 3 3
63 74 3 3
63 78 3 3
63 75 3 3
63 77 3 3
84 82 4 4
84 80 4 4
84 83 4 4
84 81 4 4
85 81 4 4
85 82 4 4
85 83 4 4
85 80 4 4
86 81 4 4
86 80 4 4
86 83 4 4
86 84 4 4
87 82 4 4
87 80 4 4
87 86 4 4
87 81 4 4
88 81 4 4
88 85 4 4
88 82 4 4
88 83 4 4
89 80 4 4
89 82 4 4
89 83 4 4
89 85 4 4
90 86 4 4
90 88 4 4
90 85 4 4
90 81 4 4
91 83 4 4
91 85 4 4
91 82 4 4
91 88 4 4
92 84 4 4
92 89 4 4
92 88 4 4
92 87 4 4
93 83 4 4
93 87 4 4
93 91 4 4
93 88 4 4
94 81 4 4
94 88 4 4
94 87 4 4
94 93 4 4
95 90 4 4
95 82 4 4
95 88 4 4
95 86 4 4
96 86 4 4
96 94 4 4
96 81 4 4
96 90 4 4
97 96 4 4
97 82 4 4
97 95 4 4
97 85 4 4
98 88 4 4
98 85 4 4
98 97 4 4
98 96 4 4
99 92 4 4
99 82 4 4
99 94 4 4
99 97 4 4
80 88 4 4
80 99 4 4
80 92 4 4
80 95 4 4
81 93 4 4
81 89 4 4
81 98 4 4
81 95 4 4
82 90 4 4
82 93 4 4
82 92 4 4
82 96 4 4
83 92 4 4
83 99 4 4
83 96 4 4
83 98 4 4
104 101 5 5
104 102 5 5
104 103 5 5
104 100 5 5
105 103 5 5
105 101 5 5
105 102 5 5
105 100 5 5
106 105 5 5
106 101 5 5
106 102 5 5
106 104 5 5
107 104 5 5
107 101 5 5
107 106 5 5
107 102 5 5
108 105 5 5
108 107 5 5
108 104 5 5
108 106 5 5
109 102 5 5
109 106 5 5
109 105 5 5
109 108 5 5
110 100 5 5
110 106 5 5
110 105 5 5
110 101 5 5
111 109 5 5
111 103 5 5
111 100 5 5
111 105 5 5
112 107 5 5
112 100 5 5
112 103 5 5
112 110 5 5
113 100 5 5
113 108 5 5
113 112 5 5
113 104 5 5
114 109 5 5
114 108 5 5
114 100 5 5
114 105 5 5
115 104 5 5
115 103 5 5
115 102 5 5
115 107 5 5
116 111 5 5
116 110 5 5
116 106 5 5
116 108 5 5
117 110 5 5
117 108 5 5
117 106 5 5
117 114 5 5
118 106 5 5
118 109 5 5
118 111 5 5
118 107 5 5
119 118 5 5
119 102 5 5
119 109 5 5
119 106 5 5
100 116 5 5
100 107 5 5
100 109 5 5
100 117 5 5
101 115 5 5
101 117 5 5
101 109 5 5
101 108 5 5
102 117 5 5
102 108 5 5
102 118 5 5
102 110 5 5
103 110 5 5
103 116 5 5
103 113 5 5
103 107 5 5
124 122 6 6
124 120 6 6
124 123 6 6
124 121 6 6
125 120 6 6
125 121 6 6
125 122 6 6
125 123 6 6
126 125 6 6
126 121 6 6
126 124 6 6
126 120 6 6
127 124 6 6
127 120 6 6
127 126 6 6
127 121 6 6
128 121 6 6
128 120 6 6
128 123 6 6
128 122 6 6
129 126 6 6
129 122 6 6
129 120 6 6
129 127 6 6
130 124 6 6
130 120 6 6
130 129 6 6
130 121 6 6
131 129 6 6
131 127 6 6
131 122 6 6
131 128 6 6
132 121 6 6
132 128 6 6
132 122 6 6
132 123 6 6
133 130 6 6
133 131 6 6
133 121 6 6
133 125 6 6
134 133 6 6
134 126 6 6
134 125 6 6
134 128 6 6
135 126 6 6
135 125 6 6
135 122 6 6
135 132 6 6
136 131 6 6
136 134 6 6
136 129 6 6
136 130 6 6
137 125 6 6
137 126 6 6
137 128 6 6
137 130 6 6
138 120 6 6
138 133 6 6
138 124 6 6
138 126 6 6
139 136 6 6
139 123 6 6
139 127 6 6
139 121 6 6
120 132 6 6
120 139 6 6
120 133 6 6
120 131 6 6
121 135 6 6
121 136 6 6
121 134 6 6
121 137 6 6
122 130 6 6
122 137 6 6
122 136 6 6
122 134 6 6
123 130 6 6
123 137 6 6
123 136 6 6
123 131 6 6
144 140 7 7
144 143 7 7
144 141 7 7
144 142 7 7
145 141 7 7
145 142 7 7
145 144 7 7
145 140 7 7
146 143 7 7
146 142 7 7
146 141 7 7
146 144 7 7
147 145 7 7
147 140 7 7
147 144 7 7
147 142 7 7
148 140 7 7
148 141 7 7
148 143 7 7
148 142 7 7
149 148 7 7
149 144 7 7
149 140 7 7
149 141 7 7
150 149 7 7
150 146 7 7
150 143 7 7
150 144 7 7
151 149 7 7
151 141 7 7
151 144 7 7
151 148 7 7
152 149 7 7
152 146 7 7
152 141 7 7
152 144 7 7
153 145 7 7
153 140 7 7
153 151 7 7
153 146 7 7
154 145 7 7
154 146 7 7
154 152 7 7
154 153 7 7
155 148 7 7
155 141 7 7
155 143 7 7
155 151 7 7
156 152 7 7
156 155 7 7
156 141 7 7
156 145 7 7
157 148 7 7
157 140 7 7
157 143 7 7
157 151 7 7
158 155 7 7
158 141 7 7
158 151 7 7
158 157 7 7
159 158 7 7
159 142 7 7
159 155 7 7
159 157 7 7
140 159 7 7
140 158 7 7
140 156 7 7
140 151 7 7
141 147 7 7
141 159 7 7
141 150 7 7
141 154 7 7
142 151 7 7
142 154 7 7
142 150 7 7
142 153 7 7
143 154 7 7
143 159 7 7
143 153 7 7
143 158 7 7
164 163 8 8
164 160 8 8
164 162 8 8
164 161 8 8
165 164 8 8
165 163 8 8
165 160 8 8
165 162 8 8
166 165 8 8
166 160 8 8
166 162 8 8
166 164 8 8
167 163 8 8
167 161 8 8
167 160 8 8
167 165 8 8
168 165 8 8
168 160 8 8
168 164 8 8
168 166 8 8
169 161 8 8
169 167 8 8
169 162 8 8
169 163 8 8
170 161 8 8
170 160 8 8
170 166 8 8
170 165 8 8
171 166 8 8
171 165 8 8
171 168 8 8
171 170 8 8
172 168 8 8
172 161 8 8
172 165 8 8
172 164 8 8
173 169 8 8
173 164 8 8
173 167 8 8
173 162 8 8
174 160 8 8
174 167 8 8
174 163 8 8
174 165 8 8
175 161 8 8
175 172 8 8
175 162 8 8
175 170 8 8
176 175 8 8
176 162 8 8
176 173 8 8
176 170 8 8
177 162 8 8
177 170 8 8
177 166 8 8
177 168 8 8
178 176 8 8
178 169 8 8
178 161 8 8
178 174 8 8
179 170 8 8
179 164 8 8
179 172 8 8
179 165 8 8
160 178 8 8
160 171 8 8
160 169 8 8
160 179 8 8
161 165 8 8
161 179 8 8
161 174 8 8
161 177 8 8
162 174 8 8
162 172 8 8
162 170 8 8
162 171 8 8
163 178 8 8
163 171 8 8
163 179 8 8
163 168 8 8
184 183 9 9
184 181 9 9
184 182 9 9
184 180 9 9
185 184 9 9
185 180 9 9
185 183 9 9
185 182 9 9
186 181 9 9
186 184 9 9
186 183 9 9
186 182 9 9
187 183 9 9
187 182 9 9
187 186 9 9
187 181 9 9
188 186 9 9
188 183 9 9
188 182 9 9
188 181 9 9
189 180 9 9
189 188 9 9
189 183 9 9
189 187 9 9
190 185 9 9
190 186 9 9
190 181 9 9
190 183 9 9
191 190 9 9
191 181 9 9
191 185 9 9
191 182 9 9
192 182 9 9
192 189 9 9
192 187 9 9
192 191 9 9
193 192 9 9
193 190 9 9
193 188 9 9
193 182 9 9
194 191 9 9
194 180 9 9
194 185 9 9
194 193 9 9
195 191 9 9
195 190 9 9
195 184 9 9
195 185 9 9
196 186 9 9
196 187 9 9
196 181 9 9
196 195 9 9
197 180 9 9
197 184 9 9
197 194 9 9
197 182 9 9
198 181 9 9
198 194 9 9
198 182 9 9
198 180 9 9
199 198 9 9
199 196 9 9
199 184 9 9
199 195 9 9
180 190 9 9
180 196 9 9
180 191 9 9
180 199 9 9
181 199 9 9
181 197 9 9
181 185 9 9
181 195 9 9
182 189 9 9
182 190 9 9
182 196 9 9
182 199 9 9
183 193 9 9
183 199 9 9
183 198 9 9
183 196 9 9
204 200 10 10
204 202 10 10
204 203 10 10
204 201 10 10
205 202 10 10
205 201 10 10
205 203 10 10
205 204 10 10
206 204 10 10
206 205 10 10
206 200 10 10
206 202 10 10
207 201 10 10
207 200 10 10
207 203 10 10
207 202 10 10
208 202 10 10
208 200 10 10
208 207 10 10
208 206 10 10
209 200 10 10
209 204 10 10
209 203 10 10
209 206 10 10
210 206 10 10
210 200 10 10
210 204 10 10
210 207 10 10
211 206 10 10
211 200 10 10
211 201 10 10
211 208 10 10
212 209 10 10
212 202 10 10
212 208 10 10
212 206 10 10
213 201 10 10
213 211 10 10
213 207 10 10
213 209 10 10
214 209 10 10
214 200 10 10
214 211 10 10
214 210 10 10
215 208 10 10
215 207 10 10
215 206 10 10
215 213 10 10
216 212 10 10
216 202 10 10
216 200 10 10
216 213 10 10
217 213 10 10
217 206 10 10
217 200 10 10
217 212 10 10
218 217 10 10
218 212 10 10
218 204 10 10
218 216 10 10
219 216 10 10
219 218 10 10
219 204 10 10
219 217 10 10
200 218 10 10
200 212 10 10
200 215 10 10
200 213 10 10
201 206 10 10
201 208 10 10
201 216 10 10
201 210 10 10
202 209 10 10
202 213 10 10
202 215 10 10
202 217 10 10
203 206 10 10
203 210 10 10
203 217 10 10
203 216 10 10
224 222 11 11
224 220 11 11
224 223 11 11
224 221 11 11
225 224 11 11
225 223 11 11
225 221 11 11
225 220 11 11
226 224 11 11
226 225 11 11
226 222 11 11
226 221 11 11
227 223 11 11
227 221 11 11
227 226 11 11
227 224 11 11
228 227 11 11
228 224 11 11
228 221 11 11
228 222 11 11
229 222 11 11
229 228 11 11
229 224 11 11
229 220 11 11
230 229 11 11
230 220 11 11
230 223 11 11
230 224 11 11
231 229 11 11
231 228 11 11
231 221 11 11
231 220 11 11
232 227 11 11
232 225 11 11
232 229 11 11
232 226 11 11
233 224 11 11
233 231 11 11
233 220 11 11
233 225 11 11
234 227 11 11
234 232 11 11
234 231 11 11
234 221 11 11
235 228 11 11
235 223 11 11
235 220 11 11
235 224 11 11
236 231 11 11
236 221 11 11
236 235 11 11
236 228 11 11
237 224 11 11
237 231 11 11
237 221 11 11
237 226 11 11
238 231 11 11
238 226 11 11
238 235 11 11
238 234 11 11
239 233 11 11
239 222 11 11
239 225 11 11
239 230 11 11
220 228 11 11
220 238 11 11
220 237 11 11
220 227 11 11
221 239 11 11
221 232 11 11
221 233 11 11
221 229 11 11
222 238 11 11
222 235 11 11
222 232 11 11
222 237 11 11
223 226 11 11
223 233 11 11
223 232 11 11
223 236 11 11
244 242 12 12
244 240 12 12
244 241 12 12
244 243 12 12
245 242 12 12
245 244 12 12
245 240 12 12
245 243 12 12
246 245 12 12
246 242 12 12
246 240 12 12
246 241 12 12
247 241 12 12
247 243 12 12
247 245 12 12
247 240 12 12
248 240 12 12
248 245 12 12
248 244 12 12
248 246 12 12
249 240 12 12
249 248 12 12
249 242 12 12
249 244 12 12
250 246 12 12
250 242 12 12
250 244 12 12
250 241 12 12
251 242 12 12
251 248 12 12
251 241 12 12
251 240 12 12
252 251 12 12
252 243 12 12
252 247 12 12
252 245 12 12
253 247 12 12
253 249 12 12
253 240 12 12
253 250 12 12
254 250 12 12
254 241 12 12
254 249 12 12
254 248 12 12
255 253 12 12
255 249 12 12
255 242 12 12
255 251 12 12
256 244 12 12
256 242 12 12
256 255 12 12
256 240 12 12
257 253 12 12
257 251 12 12
257 241 12 12
257 254 12 12
258 249 12 12
258 242 12 12
258 246 12 12
258 245 12 12
259 257 12 12
259 251 12 12
259 248 12 12
259 258 12 12
240 257 12 12
240 259 12 12
240 255 12 12
240 258 12 12
241 259 12 12
241 255 12 12
241 248 12 12
241 256 12 12
242 257 12 12
242 259 12 12
242 248 12 12
242 254 12 12
243 251 12 12
243 249 12 12
243 250 12 12
243 255 12 12
264 263 13 13
264 260 13 13
264 261 13 13
264 262 13 13
265 262 13 13
265 263 13 13
265 261 13 13
265 264 13 13
266 265 13 13
266 261 13 13
266 260 13 13
266 262 13 13
267 263 13 13
267 260 13 13
267 264 13 13
267 261 13 13
268 266 13 13
268 260 13 13
268 261 13 13
268 262 13 13
269 261 13 13
269 267 13 13
269 266 13 13
269 262 13 13
270 261 13 13
270 266 13 13
270 262 13 13
270 265 13 13
271 261 13 13
271 269 13 13
271 260 13 13
271 268 13 13
272 266 13 13
272 264 13 13
272 269 13 13
272 265 13 13
273 264 13 13
273 272 13 13
273 268 13 13
273 266 13 13
274 267 13 13
274 273 13 13
274 261 13 13
274 263 13 13
275 265 13 13
275 263 13 13
275 271 13 13
275 261 13 13
276 262 13 13
276 270 13 13
276 275 13 13
276 265 13 13
277 275 13 13
277 267 13 13
277 264 13 13
277 263 13 13
278 264 13 13
278 277 13 13
278 270 13 13
278 269 13 13
279 265 13 13
279 272 13 13
279 278 13 13
279 270 13 13
260 279 13 13
260 277 13 13
260 265 13 13
260 276 13 13
261 278 13 13
261 276 13 13
261 279 13 13
261 273 13 13
262 272 13 13
262 274 13 13
262 273 13 13
262 278 13 13
263 272 13 13
263 278 13 13
263 273 13 13
263 279 13 13
284 282 14 14
284 281 14 14
284 283 14 14
284 280 14 14
285 283 14 14
285 280 14 14
285 281 14 14
285 282 14 14
286 281 14 14
286 283 14 14
286 282 14 14
286 284 14 14
287 281 14 14
287 285 14 14
287 284 14 14
287 282 14 14
288 286 14 14
288 281 14 14
288 285 14 14
288 284 14 14
289 280 14 14
289 283 14 14
289 285 14 14
289 281 14 14
290 283 14 14
290 286 14 14
290 281 14 14
290 287 14 14
291 287 14 14
291 285 14 14
291 281 14 14
291 282 14 14
292 285 14 14
292 290 14 14
292 283 14 14
292 287 14 14
293 289 14 14
293 280 14 14
293 288 14 14
293 285 14 14
294 287 14 14
294 282 14 14
294 285 14 14
294 281 14 14
295 287 14 14
295 294 14 14
295 291 14 14
295 288 14 14
296 283 14 14
296 292 14 14
296 291 14 14
296 294 14 14
297 283 14 14
297 287 14 14
297 296 14 14
297 294 14 14
298 282 14 14
298 288 14 14
298 294 14 14
298 283 14 14
299 281 14 14
299 294 14 14
299 291 14 14
299 282 14 14
280 292 14 14
280 287 14 14
280 296 14 14
280 294 14 14
281 292 14 14
281 297 14 14
281 296 14 14
281 298 14 14
282 297 14 14
282 288 14 14
282 290 14 14
282 296 14 14
283 287 14 14
283 288 14 14
283 299 14 14
283 293 14 14
304 300 15 15
304 302 15 15
304 301 15 15
304 303 15 15
305 301 15 15
305 303 15 15
305 304 15 15
305 302 15 15
306 304 15 15
306 300 15 15
306 302 15 15
306 305 15 15
307 300 15 15
307 304 15 15
307 306 15 15
307 303 15 15
308 303 15 15
308 301 15 15
308 307 15 15
308 302 15 15
309 301 15 15
309 306 15 15
309 304 15 15
309 307 15 15
310 305 15 15
310 303 15 15
310 306 15 15
310 309 15 15
311 304 15 15
311 302 15 15
311 303 15 15
311 300 15 15
312 303 15 15
312 306 15 15
312 310 15 15
312 308 15 15
313 312 15 15
313 307 15 15
313 305 15 15
313 303 15 15
314 313 15 15
314 310 15 15
314 304 15 15
314 307 15 15
315 306 15 15
315 313 15 15
315 311 15 15
315 300 15 15
316 309 15 15
316 308 15 15
316 305 15 15
316 310 15 15
317 304 15 15
317 312 15 15
317 313 15 15
317 309 15 15
318 312 15 15
318 314 15 15
318 307 15 15
318 304 15 15
319 311 15 15
319 304 15 15
319 315 15 15
319 310 15 15
300 313 15 15
300 312 15 15
300 319 15 15
300 308 15 15
301 316 15 15
301 310 15 15
301 312 15 15
301 318 15 15
302 319 15 15
302 310 15 15
302 316 15 15
302 312 15 15
303 318 15 15
303 319 15 15
303 315 15 15
303 316 15 15
97 78 4 3
96 13 4 0
97 30 4 1
99 46 4 2
107 20 5 1
119 42 5 2
108 68 5 3
117 5 5 0
138 82 6 4
121 68 6 3
137 25 6 1
129 118 6 5
155 108 7 5
155 27 7 1
153 71 7 3
155 120 7 6
167 7 8 0
160 105 8 5
167 56 8 2
179 74 8 3
191 32 9 1
180 129 9 6
198 105 9 5
187 81 9 4
203 36 10 1
210 9 10 0
219 113 10 5
207 70 10 3
237 110 11 5
235 192 11 9
235 216 11 10
233 126 11 6
257 130 12 6
259 111 12 5
251 26 12 1
251 237 12 11
272 218 13 10
276 93 13 4
267 58 13 2
262 193 13 9
282 35 14 1
283 218 14 10
290 181 14 9
290 112 14 5
303 253 15 12
318 76 15 3
303 113 15 5
302 131 15 6
4 195 0 9
12 306 0 15
6 154 0 7
1 139 0 6
24 167 1 8
23 222 1 11
35 261 1 13
32 301 1 15
44 145 2 7
52 256 2 12
59 181 2 9
44 203 2 10
61 262 3 13
63 185 3 9
66 222 3 11
72 283 3 14
