swNum = 320
edgeNum = 1344

0 0
1 0
2 0
3 0
4 0
5 0
6 0
7 0
8 0
9 0
10 0
11 0
12 0
13 0
14 0
15 0
16 0
17 0
18 0
19 0
20 1
21 1
22 1
23 1
24 1
25 1
26 1
27 1
28 1
29 1
30 1
31 1
32 1
33 1
34 1
35 1
36 1
37 1
38 1
39 1
40 2
41 2
42 2
43 2
44 2
45 2
46 2
47 2
48 2
49 2
50 2
51 2
52 2
53 2
54 2
55 2
56 2
57 2
58 2
59 2
60 3
61 3
62 3
63 3
64 3
65 3
66 3
67 3
68 3
69 3
70 3
71 3
72 3
73 3
74 3
75 3
76 3
77 3
78 3
79 3
80 4
81 4
82 4
83 4
84 4
85 4
86 4
87 4
88 4
89 4
90 4
91 4
92 4
93 4
94 4
95 4
96 4
97 4
98 4
99 4
100 5
101 5
102 5
103 5
104 5
105 5
106 5
107 5
108 5
109 5
110 5
111 5
112 5
113 5
114 5
115 5
116 5
117 5
118 5
119 5
120 6
121 6
122 6
123 6
124 6
125 6
126 6
127 6
128 6
129 6
130 6
131 6
132 6
133 6
134 6
135 6
136 6
137 6
138 6
139 6
140 7
141 7
142 7
143 7
144 7
145 7
146 7
147 7
148 7
149 7
150 7
151 7
152 7
153 7
154 7
155 7
156 7
157 7
158 7
159 7
160 8
161 8
162 8
163 8
164 8
165 8
166 8
167 8
168 8
169 8
170 8
171 8
172 8
173 8
174 8
175 8
176 8
177 8
178 8
179 8
180 9
181 9
182 9
183 9
184 9
185 9
186 9
187 9
188 9
189 9
190 9
191 9
192 9
193 9
194 9
195 9
196 9
197 9
198 9
199 9
200 10
201 10
202 10
203 10
204 10
205 10
206 10
207 10
208 10
209 10
210 10
211 10
212 10
213 10
214 10
215 10
216 10
217 10
218 10
219 10
220 11
221 11
222 11
223 11
224 11
225 11
226 11
227 11
228 11
229 11
230 11
231 11
232 11
233 11
234 11
235 11
236 11
237 11
238 11
239 11
240 12
241 12
242 12
243 12
244 12
245 12
246 12
247 12
248 12
249 12
250 12
251 12
252 12
253 12
254 12
255 12
256 12
257 12
258 12
259 12
260 13
261 13
262 13
263 13
264 13
265 13
266 13
267 13
268 13
269 13
270 13
271 13
272 13
273 13
274 13
275 13
276 13
277 13
278 13
279 13
280 14
281 14
282 14
283 14
284 14
285 14
286 14
287 14
288 14
289 14
290 14
291 14
292 14
293 14
294 14
295 14
296 14
297 14
298 14
299 14
300 15
301 15
302 15
303 15
304 15
305 15
306 15
307 15
308 15
309 15
310 15
311 15
312 15
313 15
314 15
315 15
316 15
317 15
318 15
319 15

4 0 0 0
4 2 0 0
4 3 0 0
4 1 0 0
5 2 0 0
5 0 0 0
5 3 0 0
5 4 0 0
6 2 0 0
6 5 0 0
6 3 0 0
6 4 0 0
7 6 0 0
7 2 0 0
7 0 0 0
7 4 0 0
8 3 0 0
8 7 0 0
8 5 0 0
8 2 0 0
9 7 0 0
9 1 0 0
9 8 0 0
9 2 0 0
10 7 0 0
10 8 0 0
10 0 0 0
10 5 0 0
11 3 0 0
11 2 0 0
11 5 0 0
11 6 0 0
12 4 0 0
12 1 0 0
12 5 0 0
12 8 0 0
13 11 0 0
13 5 0 0
13 3 0 0
13 4 0 0
14 3 0 0
14 13 0 0
14 2 0 0
14 12 0 0
15 0 0 0
15 5 0 0
15 8 0 0
15 9 0 0
16 12 0 0
16 4 0 0
16 5 0 0
16 14 0 0
17 8 0 0
17 9 0 0
17 12 0 0
17 10 0 0
18 2 0 0
18 15 0 0
18 3 0 0
18 0 0 0
19 9 0 0
19 5 0 0
19 0 0 0
19 10 0 0
0 12 0 0
0 13 0 0
0 6 0 0
0 9 0 0
1 11 0 0
1 19 0 0
1 17 0 0
1 16 0 0
2 13 0 0
2 15 0 0
2 19 0 0
2 12 0 0
3 12 0 0
3 10 0 0
3 16 0 0
3 19 0 0
24 21 1 1
24 22 1 1
24 23 1 1
24 20 1 1
25 22 1 1
25 21 1 1
25 24 1 1
25 23 1 1
26 25 1 1
26 21 1 1
26 22 1 1
26 24 1 1
27 24 1 1
27 21 1 1
27 25 1 1
27 26 1 1
28 25 1 1
28 24 1 1
28 22 1 1
28 21 1 1
29 28 1 1
29 27 1 1
29 26 1 1
29 25 1 1
30 21 1 1
30 24 1 1
30 22 1 1
30 27 1 1
31 30 1 1
31 21 1 1
31 23 1 1
31 25 1 1
32 23 1 1
32 21 1 1
32 25 1 1
32 22 1 1
33 28 1 1
33 21 1 1
33 27 1 1
33 29 1 1
34 21 1 1
34 24 1 1
34 23 1 1
34 31 1 1
35 20 1 1
35 32 1 1
35 29 1 1
35 22 1 1
36 24 1 1
36 27 1 1
36 25 1 1
36 34 1 1
37 22 1 1
37 23 1 1
37 36 1 1
37 21 1 1
38 26 1 1
38 29 1 1
38 32 1 1
38 25 1 1
39 33 1 1
39 23 1 1
39 25 1 1
39 31 1 1
20 33 1 1
20 32 1 1
20 39 1 1
20 36 1 1
21 39 1 1
21 38 1 1
21 36 1 1
21 35 1 1
22 38 1 1
22 34 1 1
22 31 1 1
22 33 1 1
23 28 1 1
23 35 1 1
23 38 1 1
23 30 1 1
44 40 2 2
44 43 2 2
44 41 2 2
44 42 2 2
45 43 2 2
45 40 2 2
45 41 2 2
45 44 2 2
46 42 2 2
46 41 2 2
46 44 2 2
46 45 2 2
47 46 2 2
47 42 2 2
47 44 2 2
47 43 2 2
48 41 2 2
48 45 2 2
48 42 2 2
48 40 2 2
49 44 2 2
49 40 2 2
49 41 2 2
49 46 2 2
50 48 2 2
50 40 2 2
50 41 2 2
50 44 2 2
51 46 2 2
51 41 2 2
51 47 2 2
51 45 2 2
52 42 2 2
52 40 2 2
52 46 2 2
52 48 2 2
53 44 2 2
53 47 2 2
53 52 2 2
53 50 2 2
54 49 2 2
54 41 2 2
54 51 2 2
54 44 2 2
55 46 2 2
55 40 2 2
55 45 2 2
55 44 2 2
56 52 2 2
56 45 2 2
56 47 2 2
56 53 2 2
57 55 2 2
57 50 2 2
57 46 2 2
57 56 2 2
58 46 2 2
58 47 2 2
58 50 2 2
58 42 2 2
59 48 2 2
59 50 2 2
59 53 2 2
59 46 2 2
40 56 2 2
40 54 2 2
40 46 2 2
40 59 2 2
41 53 2 2
41 56 2 2
41 57 2 2
41 52 2 2
42 56 2 2
42 51 2 2
42 57 2 2
42 59 2 2
43 48 2 2
43 53 2 2
43 50 2 2
43 59 2 2
64 62 3 3
64 63 3 3
64 60 3 3
64 61 3 3
65 64 3 3
65 61 3 3
65 60 3 3
65 62 3 3
66 63 3 3
66 65 3 3
66 60 3 3
66 61 3 3
67 65 3 3
67 66 3 3
67 63 3 3
67 62 3 3
68 65 3 3
68 60 3 3
68 67 3 3
68 64 3 3
69 62 3 3
69 67 3 3
69 65 3 3
69 63 3 3
70 61 3 3
70 67 3 3
70 60 3 3
70 65 3 3
71 67 3 3
71 68 3 3
71 61 3 3
71 70 3 3
72 66 3 3
72 69 3 3
72 63 3 3
72 70 3 3
73 62 3 3
73 72 3 3
73 60 3 3
73 65 3 3
74 73 3 3
74 69 3 3
74 72 3 3
74 68 3 3
75 65 3 3
75 71 3 3
75 73 3 3
75 62 3 3
76 74 3 3
76 70 3 3
76 69 3 3
76 62 3 3
77 70 3 3
77 67 3 3
77 65 3 3
77 60 3 3
78 66 3 3
78 74 3 3
78 76 3 3
78 67 3 3
79 75 3 3
79 72 3 3
79 69 3 3
79 61 3 3
60 75 3 3
60 71 3 3
60 76 3 3
60 67 3 3
61 77 3 3
61 75 3 3
61 67 3 3
61 73 3 3
62 72 3 3
62 79 3 3
62 68 3 3
62 71 3 3
63 78 3 3
63 76 3 3
63 77 3 3
63 74 3 3
84 82 4 4
84 80 4 4
84 83 4 4
84 81 4 4
85 84 4 4
85 82 4 4
85 81 4 4
85 83 4 4
86 80 4 4
86 84 4 4
86 83 4 4
86 82 4 4
87 84 4 4
87 83 4 4
87 85 4 4
87 81 4 4
88 85 4 4
88 87 4 4
88 81 4 4
88 84 4 4
89 82 4 4
89 83 4 4
89 81 4 4
89 87 4 4
90 81 4 4
90 87 4 4
90 85 4 4
90 89 4 4
91 87 4 4
91 84 4 4
91 90 4 4
91 80 4 4
92 84 4 4
92 90 4 4
92 89 4 4
92 87 4 4
93 83 4 4
93 87 4 4
93 92 4 4
93 89 4 4
94 80 4 4
94 81 4 4
94 84 4 4
94 92 4 4
95 86 4 4
95 92 4 4
95 91 4 4
95 84 4 4
96 85 4 4
96 84 4 4
96 86 4 4
96 93 4 4
97 96 4 4
97 95 4 4
97 83 4 4
97 88 4 4
98 88 4 4
98 84 4 4
98 95 4 4
98 85 4 4
99 98 4 4
99 90 4 4
99 85 4 4
99 88 4 4
80 93 4 4
80 95 4 4
80 96 4 4
80 85 4 4
81 96 4 4
81 93 4 4
81 98 4 4
81 95 4 4
82 97 4 4
82 96 4 4
82 93 4 4
82 94 4 4
83 92 4 4
83 95 4 4
83 96 4 4
83 99 4 4
104 100 5 5
104 102 5 5
104 101 5 5
104 103 5 5
105 102 5 5
105 103 5 5
105 101 5 5
105 104 5 5
106 103 5 5
106 100 5 5
106 102 5 5
106 105 5 5
107 103 5 5
107 105 5 5
107 101 5 5
107 106 5 5
108 106 5 5
108 103 5 5
108 105 5 5
108 102 5 5
109 108 5 5
109 103 5 5
109 100 5 5
109 104 5 5
110 102 5 5
110 106 5 5
110 108 5 5
110 103 5 5
111 106 5 5
111 108 5 5
111 101 5 5
111 110 5 5
112 101 5 5
112 108 5 5
112 104 5 5
112 110 5 5
113 103 5 5
113 101 5 5
113 102 5 5
113 100 5 5
114 100 5 5
114 104 5 5
114 111 5 5
114 109 5 5
115 102 5 5
115 113 5 5
115 106 5 5
115 100 5 5
116 110 5 5
116 107 5 5
116 112 5 5
116 114 5 5
117 108 5 5
117 111 5 5
117 112 5 5
117 102 5 5
118 110 5 5
118 111 5 5
118 105 5 5
118 107 5 5
119 106 5 5
119 105 5 5
119 108 5 5
119 100 5 5
100 111 5 5
100 112 5 5
100 105 5 5
100 108 5 5
101 116 5 5
101 119 5 5
101 108 5 5
101 118 5 5
102 111 5 5
102 109 5 5
102 112 5 5
102 118 5 5
103 112 5 5
103 118 5 5
103 116 5 5
103 117 5 5
124 122 6 6
124 120 6 6
124 123 6 6
124 121 6 6
125 120 6 6
125 121 6 6
125 124 6 6
125 123 6 6
126 121 6 6
126 125 6 6
126 123 6 6
126 124 6 6
127 120 6 6
127 126 6 6
127 124 6 6
127 123 6 6
128 123 6 6
128 124 6 6
128 127 6 6
128 120 6 6
129 126 6 6
129 123 6 6
129 127 6 6
129 125 6 6
130 123 6 6
130 124 6 6
130 129 6 6
130 127 6 6
131 122 6 6
131 121 6 6
131 127 6 6
131 129 6 6
132 124 6 6
132 130 6 6
132 120 6 6
132 129 6 6
133 132 6 6
133 125 6 6
133 124 6 6
133 122 6 6
134 126 6 6
134 128 6 6
134 122 6 6
134 121 6 6
135 133 6 6
135 124 6 6
135 125 6 6
135 130 6 6
136 121 6 6
136 124 6 6
136 120 6 6
136 128 6 6
137 131 6 6
137 132 6 6
137 124 6 6
137 136 6 6
138 137 6 6
138 125 6 6
138 136 6 6
138 131 6 6
139 122 6 6
139 120 6 6
139 127 6 6
139 126 6 6
120 126 6 6
120 134 6 6
120 133 6 6
120 131 6 6
121 127 6 6
121 137 6 6
121 133 6 6
121 139 6 6
122 127 6 6
122 137 6 6
122 135 6 6
122 129 6 6
123 133 6 6
123 132 6 6
123 136 6 6
123 138 6 6
144 143 7 7
144 142 7 7
144 141 7 7
144 140 7 7
145 143 7 7
145 141 7 7
145 140 7 7
145 142 7 7
146 143 7 7
146 140 7 7
146 144 7 7
146 142 7 7
147 143 7 7
147 144 7 7
147 145 7 7
147 141 7 7
148 143 7 7
148 147 7 7
148 145 7 7
148 141 7 7
149 146 7 7
149 142 7 7
149 144 7 7
149 141 7 7
150 142 7 7
150 148 7 7
150 145 7 7
150 147 7 7
151 150 7 7
151 149 7 7
151 146 7 7
151 142 7 7
152 149 7 7
152 150 7 7
152 142 7 7
152 146 7 7
153 144 7 7
153 149 7 7
153 151 7 7
153 142 7 7
154 150 7 7
154 141 7 7
154 145 7 7
154 148 7 7
155 146 7 7
155 145 7 7
155 151 7 7
155 149 7 7
156 145 7 7
156 149 7 7
156 150 7 7
156 148 7 7
157 142 7 7
157 150 7 7
157 146 7 7
157 151 7 7
158 156 7 7
158 143 7 7
158 141 7 7
158 148 7 7
159 149 7 7
159 157 7 7
159 150 7 7
159 158 7 7
140 156 7 7
140 149 7 7
140 153 7 7
140 150 7 7
141 151 7 7
141 159 7 7
141 156 7 7
141 152 7 7
142 159 7 7
142 158 7 7
142 155 7 7
142 154 7 7
143 153 7 7
143 151 7 7
143 159 7 7
143 156 7 7
164 162 8 8
164 160 8 8
164 161 8 8
164 163 8 8
165 163 8 8
165 160 8 8
165 162 8 8
165 164 8 8
166 160 8 8
166 165 8 8
166 161 8 8
166 163 8 8
167 164 8 8
167 162 8 8
167 163 8 8
167 161 8 8
168 162 8 8
168 164 8 8
168 161 8 8
168 163 8 8
169 165 8 8
169 164 8 8
169 160 8 8
169 166 8 8
170 160 8 8
170 166 8 8
170 161 8 8
170 165 8 8
171 166 8 8
171 163 8 8
171 170 8 8
171 169 8 8
172 165 8 8
172 167 8 8
172 160 8 8
172 164 8 8
173 170 8 8
173 169 8 8
173 165 8 8
173 167 8 8
174 162 8 8
174 170 8 8
174 167 8 8
174 163 8 8
175 171 8 8
175 167 8 8
175 160 8 8
175 164 8 8
176 172 8 8
176 171 8 8
176 163 8 8
176 170 8 8
177 176 8 8
177 160 8 8
177 161 8 8
177 163 8 8
178 165 8 8
178 163 8 8
178 175 8 8
178 167 8 8
179 173 8 8
179 170 8 8
179 175 8 8
179 178 8 8
160 167 8 8
160 171 8 8
160 173 8 8
160 168 8 8
161 165 8 8
161 178 8 8
161 174 8 8
161 173 8 8
162 179 8 8
162 171 8 8
162 170 8 8
162 169 8 8
163 170 8 8
163 173 8 8
163 172 8 8
163 179 8 8
184 181 9 9
184 183 9 9
184 182 9 9
184 180 9 9
185 181 9 9
185 180 9 9
185 182 9 9
185 184 9 9
186 180 9 9
186 182 9 9
186 185 9 9
186 184 9 9
187 180 9 9
187 182 9 9
187 183 9 9
187 186 9 9
188 185 9 9
188 186 9 9
188 184 9 9
188 181 9 9
189 186 9 9
189 185 9 9
189 181 9 9
189 188 9 9
190 186 9 9
190 185 9 9
190 180 9 9
190 181 9 9
191 189 9 9
191 184 9 9
191 188 9 9
191 186 9 9
192 181 9 9
192 190 9 9
192 188 9 9
192 185 9 9
193 186 9 9
193 180 9 9
193 189 9 9
193 191 9 9
194 181 9 9
194 189 9 9
194 185 9 9
194 188 9 9
195 190 9 9
195 181 9 9
195 185 9 9
195 186 9 9
196 191 9 9
196 190 9 9
196 189 9 9
196 184 9 9
197 186 9 9
197 183 9 9
197 184 9 9
197 180 9 9
198 186 9 9
198 187 9 9
198 182 9 9
198 181 9 9
199 180 9 9
199 196 9 9
199 186 9 9
199 197 9 9
180 192 9 9
180 191 9 9
180 198 9 9
180 195 9 9
181 191 9 9
181 187 9 9
181 197 9 9
181 186 9 9
182 190 9 9
182 197 9 9
182 193 9 9
182 194 9 9
183 186 9 9
183 193 9 9
183 191 9 9
183 196 9 9
204 202 10 10
204 201 10 10
204 203 10 10
204 200 10 10
205 201 10 10
205 200 10 10
205 204 10 10
205 203 10 10
206 205 10 10
206 202 10 10
206 203 10 10
206 204 10 10
207 201 10 10
207 204 10 10
207 200 10 10
207 202 10 10
208 200 10 10
208 203 10 10
208 204 10 10
208 206 10 10
209 202 10 10
209 207 10 10
209 201 10 10
209 206 10 10
210 204 10 10
210 207 10 10
210 202 10 10
210 201 10 10
211 201 10 10
211 207 10 10
211 209 10 10
211 204 10 10
212 202 10 10
212 208 10 10
212 200 10 10
212 207 10 10
213 212 10 10
213 202 10 10
213 201 10 10
213 203 10 10
214 201 10 10
214 200 10 10
214 210 10 10
214 202 10 10
215 204 10 10
215 214 10 10
215 208 10 10
215 201 10 10
216 205 10 10
216 215 10 10
216 207 10 10
216 211 10 10
217 206 10 10
217 213 10 10
217 208 10 10
217 202 10 10
218 216 10 10
218 212 10 10
218 211 10 10
218 214 10 10
219 204 10 10
219 210 10 10
219 202 10 10
219 203 10 10
200 213 10 10
200 216 10 10
200 210 10 10
200 215 10 10
201 212 10 10
201 217 10 10
201 218 10 10
201 216 10 10
202 215 10 10
202 218 10 10
202 211 10 10
202 205 10 10
203 212 10 10
203 217 10 10
203 210 10 10
203 216 10 10
224 223 11 11
224 221 11 11
224 222 11 11
224 220 11 11
225 224 11 11
225 223 11 11
225 220 11 11
225 222 11 11
226 223 11 11
226 225 11 11
226 220 11 11
226 222 11 11
227 226 11 11
227 222 11 11
227 224 11 11
227 220 11 11
228 226 11 11
228 220 11 11
228 227 11 11
228 223 11 11
229 220 11 11
229 223 11 11
229 222 11 11
229 221 11 11
230 221 11 11
230 227 11 11
230 223 11 11
230 222 11 11
231 227 11 11
231 224 11 11
231 228 11 11
231 223 11 11
232 231 11 11
232 222 11 11
232 227 11 11
232 230 11 11
233 231 11 11
233 221 11 11
233 224 11 11
233 222 11 11
234 230 11 11
234 221 11 11
234 227 11 11
234 223 11 11
235 222 11 11
235 231 11 11
235 225 11 11
235 226 11 11
236 229 11 11
236 227 11 11
236 222 11 11
236 230 11 11
237 235 11 11
237 231 11 11
237 229 11 11
237 221 11 11
238 236 11 11
238 235 11 11
238 221 11 11
238 229 11 11
239 235 11 11
239 222 11 11
239 230 11 11
239 227 11 11
220 233 11 11
220 237 11 11
220 230 11 11
220 238 11 11
221 232 11 11
221 236 11 11
221 235 11 11
221 227 11 11
222 237 11 11
222 238 11 11
222 234 11 11
222 231 11 11
223 236 11 11
223 239 11 11
223 235 11 11
223 227 11 11
244 241 12 12
244 242 12 12
244 240 12 12
244 243 12 12
245 243 12 12
245 244 12 12
245 242 12 12
245 240 12 12
246 241 12 12
246 244 12 12
246 243 12 12
246 242 12 12
247 243 12 12
247 246 12 12
247 241 12 12
247 240 12 12
248 241 12 12
248 246 12 12
248 247 12 12
248 245 12 12
249 244 12 12
249 243 12 12
249 247 12 12
249 246 12 12
250 244 12 12
250 247 12 12
250 245 12 12
250 242 12 12
251 240 12 12
251 244 12 12
251 246 12 12
251 250 12 12
252 247 12 12
252 251 12 12
252 244 12 12
252 250 12 12
253 245 12 12
253 242 12 12
253 247 12 12
253 243 12 12
254 242 12 12
254 249 12 12
254 248 12 12
254 252 12 12
255 254 12 12
255 248 12 12
255 241 12 12
255 249 12 12
256 241 12 12
256 243 12 12
256 247 12 12
256 248 12 12
257 247 12 12
257 244 12 12
257 254 12 12
257 255 12 12
258 242 12 12
258 246 12 12
258 250 12 12
258 255 12 12
259 251 12 12
259 253 12 12
259 246 12 12
259 242 12 12
240 254 12 12
240 249 12 12
240 258 12 12
240 257 12 12
241 253 12 12
241 254 12 12
241 249 12 12
241 258 12 12
242 249 12 12
242 257 12 12
242 247 12 12
242 251 12 12
243 250 12 12
243 259 12 12
243 258 12 12
243 252 12 12
264 260 13 13
264 261 13 13
264 263 13 13
264 262 13 13
265 264 13 13
265 261 13 13
265 263 13 13
265 260 13 13
266 260 13 13
266 263 13 13
266 262 13 13
266 264 13 13
267 265 13 13
267 263 13 13
267 266 13 13
267 264 13 13
268 264 13 13
268 262 13 13
268 263 13 13
268 266 13 13
269 264 13 13
269 261 13 13
269 265 13 13
269 260 13 13
270 263 13 13
270 266 13 13
270 268 13 13
270 262 13 13
271 263 13 13
271 267 13 13
271 266 13 13
271 268 13 13
272 268 13 13
272 266 13 13
272 271 13 13
272 267 13 13
273 268 13 13
273 272 13 13
273 270 13 13
273 262 13 13
274 266 13 13
274 268 13 13
274 263 13 13
274 272 13 13
275 271 13 13
275 274 13 13
275 272 13 13
275 263 13 13
276 269 13 13
276 273 13 13
276 268 13 13
276 264 13 13
277 263 13 13
277 275 13 13
277 266 13 13
277 274 13 13
278 273 13 13
278 270 13 13
278 277 13 13
278 276 13 13
279 261 13 13
279 269 13 13
279 265 13 13
279 260 13 13
260 268 13 13
260 277 13 13
260 270 13 13
260 274 13 13
261 267 13 13
261 270 13 13
261 275 13 13
261 268 13 13
262 274 13 13
262 278 13 13
262 279 13 13
262 276 13 13
263 279 13 13
263 273 13 13
263 272 13 13
263 278 13 13
284 280 14 14
284 281 14 14
284 283 14 14
284 282 14 14
285 280 14 14
285 281 14 14
285 284 14 14
285 283 14 14
286 281 14 14
286 284 14 14
286 280 14 14
286 283 14 14
287 286 14 14
287 285 14 14
287 282 14 14
287 280 14 14
288 286 14 14
288 281 14 14
288 285 14 14
288 283 14 14
289 288 14 14
289 282 14 14
289 284 14 14
289 280 14 14
290 284 14 14
290 285 14 14
290 280 14 14
290 281 14 14
291 286 14 14
291 282 14 14
291 283 14 14
291 288 14 14
292 291 14 14
292 288 14 14
292 282 14 14
292 283 14 14
293 281 14 14
293 289 14 14
293 283 14 14
293 290 14 14
294 285 14 14
294 292 14 14
294 290 14 14
294 280 14 14
295 293 14 14
295 290 14 14
295 281 14 14
295 292 14 14
296 289 14 14
296 282 14 14
296 281 14 14
296 288 14 14
297 285 14 14
297 284 14 14
297 290 14 14
297 295 14 14
298 290 14 14
298 289 14 14
298 287 14 14
298 285 14 14
299 282 14 14
299 295 14 14
299 280 14 14
299 288 14 14
280 295 14 14
280 297 14 14
280 298 14 14
280 292 14 14
281 292 14 14
281 291 14 14
281 299 14 14
281 289 14 14
282 285 14 14
282 288 14 14
282 290 14 14
282 297 14 14
283 299 14 14
283 296 14 14
283 297 14 14
283 295 14 14
304 301 15 15
304 302 15 15
304 300 15 15
304 303 15 15
305 301 15 15
305 300 15 15
305 303 15 15
305 304 15 15
306 304 15 15
306 302 15 15
306 303 15 15
306 301 15 15
307 304 15 15
307 306 15 15
307 301 15 15
307 303 15 15
308 305 15 15
308 301 15 15
308 304 15 15
308 300 15 15
309 307 15 15
309 302 15 15
309 308 15 15
309 304 15 15
310 301 15 15
310 302 15 15
310 305 15 15
310 300 15 15
311 303 15 15
311 310 15 15
311 300 15 15
311 301 15 15
312 310 15 15
312 303 15 15
312 306 15 15
312 302 15 15
313 301 15 15
313 303 15 15
313 312 15 15
313 308 15 15
314 303 15 15
314 311 15 15
314 305 15 15
314 302 15 15
315 301 15 15
315 306 15 15
315 309 15 15
315 307 15 15
316 302 15 15
316 315 15 15
316 314 15 15
316 308 15 15
317 316 15 15
317 315 15 15
317 309 15 15
317 307 15 15
318 301 15 15
318 306 15 15
318 315 15 15
318 309 15 15
319 318 15 15
319 303 15 15
319 316 15 15
319 314 15 15
300 312 15 15
300 314 15 15
300 319 15 15
300 313 15 15
301 312 15 15
301 316 15 15
301 314 15 15
301 319 15 15
302 317 15 15
302 308 15 15
302 313 15 15
302 315 15 15
303 316 15 15
303 315 15 15
303 308 15 15
303 310 15 15
92 58 4 2
80 9 4 0
83 77 4 3
80 23 4 1
100 71 5 3
106 46 5 2
103 92 5 4
109 15 5 0
128 77 6 3
123 28 6 1
130 111 6 5
129 94 6 4
145 44 7 2
142 92 7 4
152 5 7 0
158 35 7 1
172 119 8 5
163 70 8 3
171 135 8 6
168 58 8 2
183 172 9 8
186 99 9 4
186 19 9 0
180 71 9 3
216 189 10 9
219 60 10 3
204 91 10 4
201 173 10 8
226 97 11 4
222 153 11 7
229 186 11 9
229 0 11 0
248 42 12 2
257 191 12 9
244 97 12 4
259 113 12 5
263 44 13 2
279 37 13 1
272 1 13 0
276 184 13 9
282 212 14 10
282 101 14 5
289 187 14 9
294 248 14 12
306 208 15 10
303 283 15 14
311 192 15 9
310 128 15 6
17 298 0 14
8 254 0 12
13 122 0 6
6 315 0 15
22 211 1 10
38 226 1 11
35 287 1 14
33 105 1 5
40 282 2 14
51 193 2 9
53 305 2 15
58 204 2 10
68 300 3 15
68 144 3 7
76 289 3 14
65 244 3 12
