swNum = 320
edgeNum = 1343

0 0
1 0
2 0
3 0
4 0
5 0
6 0
7 0
8 0
9 0
10 0
11 0
12 0
13 0
14 0
15 0
16 0
17 0
18 0
19 0
20 1
21 1
22 1
23 1
24 1
25 1
26 1
27 1
28 1
29 1
30 1
31 1
32 1
33 1
34 1
35 1
36 1
37 1
38 1
39 1
40 2
41 2
42 2
43 2
44 2
45 2
46 2
47 2
48 2
49 2
50 2
51 2
52 2
53 2
54 2
55 2
56 2
57 2
58 2
59 2
60 3
61 3
62 3
63 3
64 3
65 3
66 3
67 3
68 3
69 3
70 3
71 3
72 3
73 3
74 3
75 3
76 3
77 3
78 3
79 3
80 4
81 4
82 4
83 4
84 4
85 4
86 4
87 4
88 4
89 4
90 4
91 4
92 4
93 4
94 4
95 4
96 4
97 4
98 4
99 4
100 5
101 5
102 5
103 5
104 5
105 5
106 5
107 5
108 5
109 5
110 5
111 5
112 5
113 5
114 5
115 5
116 5
117 5
118 5
119 5
120 6
121 6
122 6
123 6
124 6
125 6
126 6
127 6
128 6
129 6
130 6
131 6
132 6
133 6
134 6
135 6
136 6
137 6
138 6
139 6
140 7
141 7
142 7
143 7
144 7
145 7
146 7
147 7
148 7
149 7
150 7
151 7
152 7
153 7
154 7
155 7
156 7
157 7
158 7
159 7
160 8
161 8
162 8
163 8
164 8
165 8
166 8
167 8
168 8
169 8
170 8
171 8
172 8
173 8
174 8
175 8
176 8
177 8
178 8
179 8
180 9
181 9
182 9
183 9
184 9
185 9
186 9
187 9
188 9
189 9
190 9
191 9
192 9
193 9
194 9
195 9
196 9
197 9
198 9
199 9
200 10
201 10
202 10
203 10
204 10
205 10
206 10
207 10
208 10
209 10
210 10
211 10
212 10
213 10
214 10
215 10
216 10
217 10
218 10
219 10
220 11
221 11
222 11
223 11
224 11
225 11
226 11
227 11
228 11
229 11
230 11
231 11
232 11
233 11
234 11
235 11
236 11
237 11
238 11
239 11
240 12
241 12
242 12
243 12
244 12
245 12
246 12
247 12
248 12
249 12
250 12
251 12
252 12
253 12
254 12
255 12
256 12
257 12
258 12
259 12
260 13
261 13
262 13
263 13
264 13
265 13
266 13
267 13
268 13
269 13
270 13
271 13
272 13
273 13
274 13
275 13
276 13
277 13
278 13
279 13
280 14
281 14
282 14
283 14
284 14
285 14
286 14
287 14
288 14
289 14
290 14
291 14
292 14
293 14
294 14
295 14
296 14
297 14
298 14
299 14
300 15
301 15
302 15
303 15
304 15
305 15
306 15
307 15
308 15
309 15
310 15
311 15
312 15
313 15
314 15
315 15
316 15
317 15
318 15
319 15

4 3 0 0
4 1 0 0
4 2 0 0
4 0 0 0
5 2 0 0
5 4 0 0
5 1 0 0
5 3 0 0
6 2 0 0
6 1 0 0
6 3 0 0
6 4 0 0
7 6 0 0
7 4 0 0
7 2 0 0
7 3 0 0
8 1 0 0
8 6 0 0
8 4 0 0
8 2 0 0
9 6 0 0
9 3 0 0
9 7 0 0
9 1 0 0
10 1 0 0
10 5 0 0
10 0 0 0
10 3 0 0
11 7 0 0
11 1 0 0
11 3 0 0
11 6 0 0
12 8 0 0
12 9 0 0
12 6 0 0
12 1 0 0
13 9 0 0
13 5 0 0
13 0 0 0
13 6 0 0
14 6 0 0
14 4 0 0
14 1 0 0
14 2 0 0
15 4 0 0
15 9 0 0
15 6 0 0
15 5 0 0
16 7 0 0
16 11 0 0
16 6 0 0
16 15 0 0
17 13 0 0
17 1 0 0
17 12 0 0
17 2 0 0
18 12 0 0
18 14 0 0
18 8 0 0
18 11 0 0
19 8 0 0
19 1 0 0
19 18 0 0
19 6 0 0
0 17 0 0
0 5 0 0
0 14 0 0
0 18 0 0
1 7 0 0
1 15 0 0
1 18 0 0
1 13 0 0
2 10 0 0
2 13 0 0
2 19 0 0
2 9 0 0
3 14 0 0
3 15 0 0
3 13 0 0
3 19 0 0
24 21 1 1
24 20 1 1
24 23 1 1
24 22 1 1
25 22 1 1
25 23 1 1
25 20 1 1
25 24 1 1
26 20 1 1
26 24 1 1
26 22 1 1
26 23 1 1
27 25 1 1
27 22 1 1
27 23 1 1
27 24 1 1
28 21 1 1
28 20 1 1
28 26 1 1
28 23 1 1
29 20 1 1
29 26 1 1
29 24 1 1
29 23 1 1
30 24 1 1
30 20 1 1
30 28 1 1
30 26 1 1
31 26 1 1
31 29 1 1
31 28 1 1
31 27 1 1
32 31 1 1
32 30 1 1
32 21 1 1
32 28 1 1
33 27 1 1
33 31 1 1
33 28 1 1
33 23 1 1
34 30 1 1
34 28 1 1
34 32 1 1
34 29 1 1
35 25 1 1
35 26 1 1
35 21 1 1
35 20 1 1
36 28 1 1
36 30 1 1
36 21 1 1
36 35 1 1
37 22 1 1
37 36 1 1
37 21 1 1
37 28 1 1
38 35 1 1
38 28 1 1
38 25 1 1
38 34 1 1
39 36 1 1
39 32 1 1
39 26 1 1
39 21 1 1
20 34 1 1
20 39 1 1
20 32 1 1
20 38 1 1
21 38 1 1
21 26 1 1
21 34 1 1
21 29 1 1
22 34 1 1
22 29 1 1
22 33 1 1
22 30 1 1
23 35 1 1
23 32 1 1
23 38 1 1
23 34 1 1
44 40 2 2
44 43 2 2
44 41 2 2
44 42 2 2
45 44 2 2
45 40 2 2
45 41 2 2
45 42 2 2
46 45 2 2
46 42 2 2
46 43 2 2
46 44 2 2
47 40 2 2
47 42 2 2
47 44 2 2
47 46 2 2
48 40 2 2
48 42 2 2
48 47 2 2
48 44 2 2
49 43 2 2
49 41 2 2
49 42 2 2
49 44 2 2
50 44 2 2
50 46 2 2
50 49 2 2
50 42 2 2
51 44 2 2
51 41 2 2
51 50 2 2
51 42 2 2
52 49 2 2
52 43 2 2
52 51 2 2
52 41 2 2
53 41 2 2
53 43 2 2
53 49 2 2
53 51 2 2
54 46 2 2
54 50 2 2
54 48 2 2
54 47 2 2
55 49 2 2
55 45 2 2
55 40 2 2
55 54 2 2
56 54 2 2
56 45 2 2
56 50 2 2
56 40 2 2
57 47 2 2
57 55 2 2
57 54 2 2
57 52 2 2
58 57 2 2
58 55 2 2
58 42 2 2
58 40 2 2
59 55 2 2
59 58 2 2
59 45 2 2
59 44 2 2
40 46 2 2
40 52 2 2
40 53 2 2
40 59 2 2
41 50 2 2
41 46 2 2
41 59 2 2
41 56 2 2
42 52 2 2
42 59 2 2
42 55 2 2
42 57 2 2
43 55 2 2
43 50 2 2
43 51 2 2
43 58 2 2
64 63 3 3
64 60 3 3
64 62 3 3
64 61 3 3
65 61 3 3
65 63 3 3
65 62 3 3
65 64 3 3
66 64 3 3
66 62 3 3
66 60 3 3
66 65 3 3
67 60 3 3
67 63 3 3
67 64 3 3
67 62 3 3
68 61 3 3
68 67 3 3
68 64 3 3
68 63 3 3
69 63 3 3
69 64 3 3
69 65 3 3
69 60 3 3
70 65 3 3
70 66 3 3
70 69 3 3
70 62 3 3
71 60 3 3
71 70 3 3
71 66 3 3
71 62 3 3
72 62 3 3
72 68 3 3
72 60 3 3
72 63 3 3
73 72 3 3
73 63 3 3
73 67 3 3
73 68 3 3
74 71 3 3
74 70 3 3
74 60 3 3
74 62 3 3
75 62 3 3
75 74 3 3
75 71 3 3
75 69 3 3
76 66 3 3
76 64 3 3
76 68 3 3
76 72 3 3
77 69 3 3
77 68 3 3
77 63 3 3
77 72 3 3
78 63 3 3
78 67 3 3
78 72 3 3
78 68 3 3
79 72 3 3
79 64 3 3
79 71 3 3
79 68 3 3
60 75 3 3
60 77 3 3
60 65 3 3
60 70 3 3
61 66 3 3
61 73 3 3
61 72 3 3
61 69 3 3
62 73 3 3
62 76 3 3
62 79 3 3
62 69 3 3
63 79 3 3
63 76 3 3
63 71 3 3
63 66 3 3
84 80 4 4
84 82 4 4
84 81 4 4
84 83 4 4
85 81 4 4
85 83 4 4
85 82 4 4
85 80 4 4
86 81 4 4
86 84 4 4
86 80 4 4
86 82 4 4
87 81 4 4
87 80 4 4
87 84 4 4
87 86 4 4
88 87 4 4
88 84 4 4
88 86 4 4
88 81 4 4
89 81 4 4
89 80 4 4
89 88 4 4
89 82 4 4
90 81 4 4
90 82 4 4
90 83 4 4
90 87 4 4
91 84 4 4
91 85 4 4
91 82 4 4
91 83 4 4
92 82 4 4
92 91 4 4
92 83 4 4
92 90 4 4
93 89 4 4
93 91 4 4
93 84 4 4
93 88 4 4
94 90 4 4
94 91 4 4
94 88 4 4
94 93 4 4
95 82 4 4
95 83 4 4
95 85 4 4
95 90 4 4
96 92 4 4
96 86 4 4
96 87 4 4
96 81 4 4
97 87 4 4
97 96 4 4
97 84 4 4
97 95 4 4
98 80 4 4
98 94 4 4
98 86 4 4
98 91 4 4
99 87 4 4
99 97 4 4
99 80 4 4
99 90 4 4
80 92 4 4
80 94 4 4
80 93 4 4
80 88 4 4
81 94 4 4
81 99 4 4
81 95 4 4
81 92 4 4
82 94 4 4
82 88 4 4
82 99 4 4
82 97 4 4
83 94 4 4
83 99 4 4
83 89 4 4
83 96 4 4
104 100 5 5
104 101 5 5
104 102 5 5
104 103 5 5
105 100 5 5
105 104 5 5
105 103 5 5
105 101 5 5
106 100 5 5
106 101 5 5
106 102 5 5
106 103 5 5
107 101 5 5
107 100 5 5
107 105 5 5
107 103 5 5
108 101 5 5
108 103 5 5
108 106 5 5
108 104 5 5
109 107 5 5
109 101 5 5
109 104 5 5
109 106 5 5
110 100 5 5
110 109 5 5
110 102 5 5
110 106 5 5
111 109 5 5
111 100 5 5
111 107 5 5
111 104 5 5
112 109 5 5
112 111 5 5
112 110 5 5
112 103 5 5
113 102 5 5
113 106 5 5
113 110 5 5
113 109 5 5
114 111 5 5
114 106 5 5
114 109 5 5
114 101 5 5
115 109 5 5
115 104 5 5
115 103 5 5
115 106 5 5
116 101 5 5
116 115 5 5
116 106 5 5
116 114 5 5
117 101 5 5
117 106 5 5
117 109 5 5
117 116 5 5
118 100 5 5
118 117 5 5
118 106 5 5
118 114 5 5
119 115 5 5
119 101 5 5
119 117 5 5
119 109 5 5
100 109 5 5
100 119 5 5
100 117 5 5
100 116 5 5
101 115 5 5
101 113 5 5
101 111 5 5
101 110 5 5
102 109 5 5
102 112 5 5
102 116 5 5
102 108 5 5
103 117 5 5
103 119 5 5
103 110 5 5
103 118 5 5
124 122 6 6
124 123 6 6
124 120 6 6
124 121 6 6
125 122 6 6
125 120 6 6
125 123 6 6
125 121 6 6
126 120 6 6
126 123 6 6
126 124 6 6
126 121 6 6
127 121 6 6
127 126 6 6
127 123 6 6
127 125 6 6
128 127 6 6
128 126 6 6
128 120 6 6
128 121 6 6
129 127 6 6
129 123 6 6
129 128 6 6
129 126 6 6
130 122 6 6
130 127 6 6
130 123 6 6
130 120 6 6
131 120 6 6
131 124 6 6
131 123 6 6
131 126 6 6
132 131 6 6
132 127 6 6
132 130 6 6
132 123 6 6
133 120 6 6
133 122 6 6
133 130 6 6
133 129 6 6
134 122 6 6
134 125 6 6
134 128 6 6
134 126 6 6
135 120 6 6
135 128 6 6
135 124 6 6
135 129 6 6
136 132 6 6
136 131 6 6
136 121 6 6
136 126 6 6
137 131 6 6
137 121 6 6
137 126 6 6
137 127 6 6
138 128 6 6
138 131 6 6
138 132 6 6
138 129 6 6
139 126 6 6
139 134 6 6
139 136 6 6
139 132 6 6
120 134 6 6
120 138 6 6
120 137 6 6
120 129 6 6
121 131 6 6
121 139 6 6
121 132 6 6
121 134 6 6
122 136 6 6
122 131 6 6
122 129 6 6
122 137 6 6
123 133 6 6
123 128 6 6
123 134 6 6
123 137 6 6
144 142 7 7
144 140 7 7
144 141 7 7
144 143 7 7
145 141 7 7
145 140 7 7
145 144 7 7
145 143 7 7
146 142 7 7
146 145 7 7
146 143 7 7
146 140 7 7
147 140 7 7
147 144 7 7
147 145 7 7
147 146 7 7
148 142 7 7
148 143 7 7
148 146 7 7
148 140 7 7
149 147 7 7
149 140 7 7
149 144 7 7
149 142 7 7
150 148 7 7
150 146 7 7
150 147 7 7
150 149 7 7
151 149 7 7
151 144 7 7
151 147 7 7
151 146 7 7
152 144 7 7
152 150 7 7
152 141 7 7
152 143 7 7
153 144 7 7
153 149 7 7
153 150 7 7
153 146 7 7
154 152 7 7
154 145 7 7
154 141 7 7
154 143 7 7
155 153 7 7
155 145 7 7
155 144 7 7
155 140 7 7
156 140 7 7
156 143 7 7
156 149 7 7
156 144 7 7
157 153 7 7
157 156 7 7
157 152 7 7
157 150 7 7
158 148 7 7
158 140 7 7
158 157 7 7
158 156 7 7
159 148 7 7
159 153 7 7
159 149 7 7
159 156 7 7
140 153 7 7
140 151 7 7
140 150 7 7
140 159 7 7
141 155 7 7
141 153 7 7
141 151 7 7
141 147 7 7
142 147 7 7
142 158 7 7
142 157 7 7
142 159 7 7
143 155 7 7
143 150 7 7
143 157 7 7
143 149 7 7
164 163 8 8
164 161 8 8
164 160 8 8
164 162 8 8
165 160 8 8
165 163 8 8
165 164 8 8
165 162 8 8
166 161 8 8
166 165 8 8
166 162 8 8
166 160 8 8
167 163 8 8
167 161 8 8
167 166 8 8
167 165 8 8
168 161 8 8
168 164 8 8
168 166 8 8
168 163 8 8
169 161 8 8
169 167 8 8
169 168 8 8
169 164 8 8
170 160 8 8
170 164 8 8
170 165 8 8
170 167 8 8
171 168 8 8
171 167 8 8
171 166 8 8
171 162 8 8
172 166 8 8
172 171 8 8
172 165 8 8
172 167 8 8
173 168 8 8
173 166 8 8
173 163 8 8
173 160 8 8
174 173 8 8
174 165 8 8
174 168 8 8
174 164 8 8
175 173 8 8
175 164 8 8
175 171 8 8
175 163 8 8
176 161 8 8
176 168 8 8
176 164 8 8
176 160 8 8
177 169 8 8
177 160 8 8
177 165 8 8
177 175 8 8
178 173 8 8
178 165 8 8
178 169 8 8
178 163 8 8
179 163 8 8
179 161 8 8
179 160 8 8
179 174 8 8
160 171 8 8
160 167 8 8
160 178 8 8
160 172 8 8
161 173 8 8
161 171 8 8
161 177 8 8
161 175 8 8
162 167 8 8
162 178 8 8
162 174 8 8
162 168 8 8
163 169 8 8
163 174 8 8
163 170 8 8
163 171 8 8
184 183 9 9
184 180 9 9
184 181 9 9
184 182 9 9
185 180 9 9
185 183 9 9
185 184 9 9
185 182 9 9
186 181 9 9
186 182 9 9
186 184 9 9
186 183 9 9
187 181 9 9
187 182 9 9
187 180 9 9
187 184 9 9
188 184 9 9
188 180 9 9
188 182 9 9
188 185 9 9
189 180 9 9
189 182 9 9
189 184 9 9
189 188 9 9
190 180 9 9
190 189 9 9
190 182 9 9
190 187 9 9
191 180 9 9
191 182 9 9
191 190 9 9
191 187 9 9
192 187 9 9
192 180 9 9
192 181 9 9
192 189 9 9
193 188 9 9
193 184 9 9
193 185 9 9
193 183 9 9
194 193 9 9
194 187 9 9
194 183 9 9
194 180 9 9
195 180 9 9
195 186 9 9
195 189 9 9
195 182 9 9
196 191 9 9
196 180 9 9
196 182 9 9
196 188 9 9
197 180 9 9
197 189 9 9
197 193 9 9
197 186 9 9
198 196 9 9
198 187 9 9
198 180 9 9
198 182 9 9
199 185 9 9
199 188 9 9
199 191 9 9
199 182 9 9
180 193 9 9
180 199 9 9
180 186 9 9
181 195 9 9
181 194 9 9
181 189 9 9
181 191 9 9
182 192 9 9
182 197 9 9
182 193 9 9
182 194 9 9
183 190 9 9
183 197 9 9
183 199 9 9
183 188 9 9
204 200 10 10
204 203 10 10
204 201 10 10
204 202 10 10
205 202 10 10
205 203 10 10
205 204 10 10
205 200 10 10
206 205 10 10
206 204 10 10
206 201 10 10
206 200 10 10
207 206 10 10
207 202 10 10
207 204 10 10
207 205 10 10
208 205 10 10
208 204 10 10
208 206 10 10
208 200 10 10
209 208 10 10
209 200 10 10
209 203 10 10
209 204 10 10
210 203 10 10
210 202 10 10
210 208 10 10
210 209 10 10
211 210 10 10
211 200 10 10
211 209 10 10
211 203 10 10
212 201 10 10
212 209 10 10
212 206 10 10
212 200 10 10
213 210 10 10
213 200 10 10
213 205 10 10
213 201 10 10
214 213 10 10
214 201 10 10
214 202 10 10
214 200 10 10
215 202 10 10
215 204 10 10
215 208 10 10
215 206 10 10
216 203 10 10
216 215 10 10
216 204 10 10
216 201 10 10
217 201 10 10
217 216 10 10
217 208 10 10
217 213 10 10
218 216 10 10
218 200 10 10
218 212 10 10
218 207 10 10
219 203 10 10
219 209 10 10
219 205 10 10
219 208 10 10
200 210 10 10
200 215 10 10
200 219 10 10
200 217 10 10
201 207 10 10
201 205 10 10
201 215 10 10
201 208 10 10
202 217 10 10
202 211 10 10
202 209 10 10
202 213 10 10
203 213 10 10
203 212 10 10
203 214 10 10
203 217 10 10
224 220 11 11
224 223 11 11
224 221 11 11
224 222 11 11
225 220 11 11
225 224 11 11
225 223 11 11
225 221 11 11
226 223 11 11
226 221 11 11
226 222 11 11
226 225 11 11
227 223 11 11
227 222 11 11
227 221 11 11
227 226 11 11
228 222 11 11
228 221 11 11
228 226 11 11
228 227 11 11
229 226 11 11
229 223 11 11
229 222 11 11
229 228 11 11
230 220 11 11
230 222 11 11
230 224 11 11
230 227 11 11
231 230 11 11
231 221 11 11
231 223 11 11
231 224 11 11
232 230 11 11
232 222 11 11
232 221 11 11
232 224 11 11
233 221 11 11
233 226 11 11
233 230 11 11
233 229 11 11
234 225 11 11
234 227 11 11
234 223 11 11
234 224 11 11
235 223 11 11
235 230 11 11
235 224 11 11
235 234 11 11
236 235 11 11
236 232 11 11
236 230 11 11
236 225 11 11
237 223 11 11
237 221 11 11
237 233 11 11
237 234 11 11
238 234 11 11
238 222 11 11
238 220 11 11
238 224 11 11
239 230 11 11
239 222 11 11
239 228 11 11
239 225 11 11
220 237 11 11
220 231 11 11
220 232 11 11
220 235 11 11
221 234 11 11
221 230 11 11
221 235 11 11
221 238 11 11
222 237 11 11
222 235 11 11
222 233 11 11
222 234 11 11
223 236 11 11
223 228 11 11
223 233 11 11
223 239 11 11
244 242 12 12
244 241 12 12
244 243 12 12
244 240 12 12
245 244 12 12
245 243 12 12
245 240 12 12
245 242 12 12
246 243 12 12
246 241 12 12
246 245 12 12
246 244 12 12
247 244 12 12
247 240 12 12
247 246 12 12
247 242 12 12
248 245 12 12
248 240 12 12
248 244 12 12
248 246 12 12
249 243 12 12
249 242 12 12
249 240 12 12
249 246 12 12
250 242 12 12
250 244 12 12
250 245 12 12
250 246 12 12
251 240 12 12
251 248 12 12
251 245 12 12
251 242 12 12
252 245 12 12
252 248 12 12
252 251 12 12
252 241 12 12
253 241 12 12
253 247 12 12
253 240 12 12
253 246 12 12
254 240 12 12
254 252 12 12
254 241 12 12
254 246 12 12
255 245 12 12
255 240 12 12
255 243 12 12
255 254 12 12
256 249 12 12
256 243 12 12
256 255 12 12
256 250 12 12
257 255 12 12
257 248 12 12
257 245 12 12
257 251 12 12
258 245 12 12
258 253 12 12
258 240 12 12
258 251 12 12
259 242 12 12
259 255 12 12
259 257 12 12
259 249 12 12
240 250 12 12
240 252 12 12
240 246 12 12
240 259 12 12
241 247 12 12
241 250 12 12
241 256 12 12
241 245 12 12
242 253 12 12
242 258 12 12
242 252 12 12
242 248 12 12
243 248 12 12
243 250 12 12
243 257 12 12
243 253 12 12
264 260 13 13
264 262 13 13
264 261 13 13
264 263 13 13
265 262 13 13
265 264 13 13
265 260 13 13
265 263 13 13
266 262 13 13
266 261 13 13
266 263 13 13
266 265 13 13
267 262 13 13
267 260 13 13
267 265 13 13
267 263 13 13
268 265 13 13
268 266 13 13
268 261 13 13
268 260 13 13
269 267 13 13
269 262 13 13
269 260 13 13
269 261 13 13
270 266 13 13
270 260 13 13
270 261 13 13
270 268 13 13
271 269 13 13
271 260 13 13
271 265 13 13
271 267 13 13
272 270 13 13
272 264 13 13
272 268 13 13
272 271 13 13
273 268 13 13
273 272 13 13
273 270 13 13
273 261 13 13
274 266 13 13
274 264 13 13
274 267 13 13
274 269 13 13
275 272 13 13
275 273 13 13
275 264 13 13
275 268 13 13
276 269 13 13
276 275 13 13
276 263 13 13
276 271 13 13
277 271 13 13
277 267 13 13
277 263 13 13
277 265 13 13
278 272 13 13
278 265 13 13
278 276 13 13
278 275 13 13
279 269 13 13
279 270 13 13
279 263 13 13
279 264 13 13
260 277 13 13
260 279 13 13
260 272 13 13
260 276 13 13
261 275 13 13
261 272 13 13
261 276 13 13
261 274 13 13
262 275 13 13
262 276 13 13
262 277 13 13
262 279 13 13
263 271 13 13
263 278 13 13
263 269 13 13
263 272 13 13
284 283 14 14
284 282 14 14
284 280 14 14
284 281 14 14
285 283 14 14
285 284 14 14
285 282 14 14
285 281 14 14
286 280 14 14
286 281 14 14
286 283 14 14
286 282 14 14
287 284 14 14
287 282 14 14
287 281 14 14
287 280 14 14
288 283 14 14
288 287 14 14
288 286 14 14
288 280 14 14
289 281 14 14
289 283 14 14
289 286 14 14
289 284 14 14
290 285 14 14
290 286 14 14
290 284 14 14
290 289 14 14
291 283 14 14
291 281 14 14
291 284 14 14
291 285 14 14
292 282 14 14
292 288 14 14
292 281 14 14
292 284 14 14
293 284 14 14
293 288 14 14
293 282 14 14
293 291 14 14
294 283 14 14
294 290 14 14
294 281 14 14
294 293 14 14
295 291 14 14
295 284 14 14
295 286 14 14
295 294 14 14
296 294 14 14
296 292 14 14
296 280 14 14
296 287 14 14
297 285 14 14
297 294 14 14
297 291 14 14
297 282 14 14
298 281 14 14
298 284 14 14
298 285 14 14
298 282 14 14
299 281 14 14
299 293 14 14
299 287 14 14
299 282 14 14
280 299 14 14
280 292 14 14
280 293 14 14
280 290 14 14
281 297 14 14
281 295 14 14
281 296 14 14
281 290 14 14
282 294 14 14
282 288 14 14
282 296 14 14
282 289 14 14
283 290 14 14
283 297 14 14
283 287 14 14
283 299 14 14
304 301 15 15
304 302 15 15
304 300 15 15
304 303 15 15
305 304 15 15
305 301 15 15
305 302 15 15
305 303 15 15
306 303 15 15
306 300 15 15
306 301 15 15
306 305 15 15
307 301 15 15
307 300 15 15
307 303 15 15
307 302 15 15
308 306 15 15
308 303 15 15
308 307 15 15
308 301 15 15
309 306 15 15
309 302 15 15
309 303 15 15
309 308 15 15
310 304 15 15
310 302 15 15
310 303 15 15
310 306 15 15
311 307 15 15
311 304 15 15
311 305 15 15
311 306 15 15
312 301 15 15
312 307 15 15
312 302 15 15
312 308 15 15
313 312 15 15
313 307 15 15
313 301 15 15
313 305 15 15
314 307 15 15
314 308 15 15
314 300 15 15
314 301 15 15
315 310 15 15
315 306 15 15
315 309 15 15
315 303 15 15
316 303 15 15
316 310 15 15
316 302 15 15
316 306 15 15
317 300 15 15
317 313 15 15
317 312 15 15
317 311 15 15
318 306 15 15
318 308 15 15
318 316 15 15
318 311 15 15
319 313 15 15
319 310 15 15
319 312 15 15
319 317 15 15
300 308 15 15
300 309 15 15
300 310 15 15
300 311 15 15
301 316 15 15
301 309 15 15
301 310 15 15
301 317 15 15
302 306 15 15
302 314 15 15
302 315 15 15
302 317 15 15
303 312 15 15
303 314 15 15
303 318 15 15
303 317 15 15
94 19 4 0
83 48 4 2
82 24 4 1
85 71 4 3
101 3 5 0
108 73 5 3
105 54 5 2
105 38 5 1
120 78 6 3
138 53 6 2
131 23 6 1
127 13 6 0
155 78 7 3
143 51 7 2
149 138 7 6
148 89 7 4
164 15 8 0
164 139 8 6
167 87 8 4
164 20 8 1
191 125 9 6
188 51 9 2
187 110 9 5
192 142 9 7
218 36 10 1
206 170 10 8
213 19 10 0
212 116 10 5
238 112 11 5
230 1 11 0
220 49 11 2
225 93 11 4
242 192 12 9
245 164 12 8
253 75 12 3
255 210 12 10
274 222 13 11
275 151 13 7
266 31 13 1
276 63 13 3
291 84 14 4
299 51 14 2
296 220 14 11
294 167 14 8
303 77 15 3
317 21 15 1
312 181 15 9
313 150 15 7
0 280 0 14
15 260 0 13
4 304 0 15
15 193 0 9
24 141 1 7
35 225 1 11
37 196 1 9
25 259 1 12
51 313 2 15
42 201 2 10
49 175 2 8
48 249 2 12
74 182 3 9
64 203 3 10
62 293 3 14
73 173 3 8
