swNum = 320
edgeNum = 1344

0 0
1 0
2 0
3 0
4 0
5 0
6 0
7 0
8 0
9 0
10 0
11 0
12 0
13 0
14 0
15 0
16 0
17 0
18 0
19 0
20 1
21 1
22 1
23 1
24 1
25 1
26 1
27 1
28 1
29 1
30 1
31 1
32 1
33 1
34 1
35 1
36 1
37 1
38 1
39 1
40 2
41 2
42 2
43 2
44 2
45 2
46 2
47 2
48 2
49 2
50 2
51 2
52 2
53 2
54 2
55 2
56 2
57 2
58 2
59 2
60 3
61 3
62 3
63 3
64 3
65 3
66 3
67 3
68 3
69 3
70 3
71 3
72 3
73 3
74 3
75 3
76 3
77 3
78 3
79 3
80 4
81 4
82 4
83 4
84 4
85 4
86 4
87 4
88 4
89 4
90 4
91 4
92 4
93 4
94 4
95 4
96 4
97 4
98 4
99 4
100 5
101 5
102 5
103 5
104 5
105 5
106 5
107 5
108 5
109 5
110 5
111 5
112 5
113 5
114 5
115 5
116 5
117 5
118 5
119 5
120 6
121 6
122 6
123 6
124 6
125 6
126 6
127 6
128 6
129 6
130 6
131 6
132 6
133 6
134 6
135 6
136 6
137 6
138 6
139 6
140 7
141 7
142 7
143 7
144 7
145 7
146 7
147 7
148 7
149 7
150 7
151 7
152 7
153 7
154 7
155 7
156 7
157 7
158 7
159 7
160 8
161 8
162 8
163 8
164 8
165 8
166 8
167 8
168 8
169 8
170 8
171 8
172 8
173 8
174 8
175 8
176 8
177 8
178 8
179 8
180 9
181 9
182 9
183 9
184 9
185 9
186 9
187 9
188 9
189 9
190 9
191 9
192 9
193 9
194 9
195 9
196 9
197 9
198 9
199 9
200 10
201 10
202 10
203 10
204 10
205 10
206 10
207 10
208 10
209 10
210 10
211 10
212 10
213 10
214 10
215 10
216 10
217 10
218 10
219 10
220 11
221 11
222 11
223 11
224 11
225 11
226 11
227 11
228 11
229 11
230 11
231 11
232 11
233 11
234 11
235 11
236 11
237 11
238 11
239 11
240 12
241 12
242 12
243 12
244 12
245 12
246 12
247 12
248 12
249 12
250 12
251 12
252 12
253 12
254 12
255 12
256 12
257 12
258 12
259 12
260 13
261 13
262 13
263 13
264 13
265 13
266 13
267 13
268 13
269 13
270 13
271 13
272 13
273 13
274 13
275 13
276 13
277 13
278 13
279 13
280 14
281 14
282 14
283 14
284 14
285 14
286 14
287 14
288 14
289 14
290 14
291 14
292 14
293 14
294 14
295 14
296 14
297 14
298 14
299 14
300 15
301 15
302 15
303 15
304 15
305 15
306 15
307 15
308 15
309 15
310 15
311 15
312 15
313 15
314 15
315 15
316 15
317 15
318 15
319 15

4 3 0 0
4 0 0 0
4 1 0 0
4 2 0 0
5 1 0 0
5 0 0 0
5 3 0 0
5 2 0 0
6 0 0 0
6 5 0 0
6 3 0 0
6 4 0 0
7 2 0 0
7 5 0 0
7 0 0 0
7 6 0 0
8 0 0 0
8 5 0 0
8 6 0 0
8 2 0 0
9 3 0 0
9 4 0 0
9 0 0 0
9 2 0 0
10 7 0 0
10 3 0 0
10 8 0 0
10 5 0 0
11 4 0 0
11 10 0 0
11 5 0 0
11 6 0 0
12 6 0 0
12 0 0 0
12 1 0 0
12 10 0 0
13 9 0 0
13 3 0 0
13 1 0 0
13 0 0 0
14 9 0 0
14 12 0 0
14 5 0 0
14 7 0 0
15 14 0 0
15 2 0 0
15 11 0 0
15 12 0 0
16 2 0 0
16 4 0 0
16 8 0 0
16 9 0 0
17 14 0 0
17 0 0 0
17 12 0 0
17 8 0 0
18 2 0 0
18 11 0 0
18 5 0 0
18 1 0 0
19 10 0 0
19 15 0 0
19 11 0 0
19 18 0 0
0 14 0 0
0 16 0 0
0 10 0 0
0 11 0 0
1 16 0 0
1 7 0 0
1 11 0 0
1 8 0 0
2 13 0 0
2 10 0 0
2 11 0 0
2 12 0 0
3 11 0 0
3 15 0 0
3 8 0 0
3 17 0 0
24 20 1 1
24 22 1 1
24 23 1 1
24 21 1 1
25 23 1 1
25 24 1 1
25 21 1 1
25 22 1 1
26 25 1 1
26 21 1 1
26 24 1 1
26 23 1 1
27 25 1 1
27 22 1 1
27 23 1 1
27 26 1 1
28 21 1 1
28 27 1 1
28 25 1 1
28 23 1 1
29 27 1 1
29 20 1 1
29 24 1 1
29 28 1 1
30 21 1 1
30 25 1 1
30 23 1 1
30 28 1 1
31 25 1 1
31 26 1 1
31 24 1 1
31 28 1 1
32 21 1 1
32 25 1 1
32 28 1 1
32 26 1 1
33 28 1 1
33 32 1 1
33 24 1 1
33 22 1 1
34 29 1 1
34 33 1 1
34 23 1 1
34 20 1 1
35 29 1 1
35 25 1 1
35 32 1 1
35 21 1 1
36 34 1 1
36 31 1 1
36 27 1 1
36 20 1 1
37 22 1 1
37 23 1 1
37 26 1 1
37 27 1 1
38 23 1 1
38 33 1 1
38 37 1 1
38 24 1 1
39 38 1 1
39 32 1 1
39 20 1 1
39 30 1 1
20 26 1 1
20 28 1 1
20 32 1 1
20 38 1 1
21 27 1 1
21 39 1 1
21 36 1 1
21 31 1 1
22 32 1 1
22 28 1 1
22 38 1 1
22 36 1 1
23 35 1 1
23 33 1 1
23 32 1 1
23 39 1 1
44 40 2 2
44 41 2 2
44 42 2 2
44 43 2 2
45 41 2 2
45 42 2 2
45 44 2 2
45 43 2 2
46 42 2 2
46 43 2 2
46 45 2 2
46 44 2 2
47 43 2 2
47 46 2 2
47 42 2 2
47 44 2 2
48 42 2 2
48 44 2 2
48 40 2 2
48 46 2 2
49 44 2 2
49 46 2 2
49 48 2 2
49 42 2 2
50 45 2 2
50 46 2 2
50 47 2 2
50 49 2 2
51 40 2 2
51 49 2 2
51 45 2 2
51 42 2 2
52 45 2 2
52 41 2 2
52 42 2 2
52 44 2 2
53 45 2 2
53 46 2 2
53 43 2 2
53 50 2 2
54 43 2 2
54 41 2 2
54 51 2 2
54 50 2 2
55 41 2 2
55 42 2 2
55 51 2 2
55 40 2 2
56 54 2 2
56 47 2 2
56 50 2 2
56 53 2 2
57 47 2 2
57 50 2 2
57 46 2 2
57 40 2 2
58 48 2 2
58 57 2 2
58 43 2 2
58 46 2 2
59 53 2 2
59 42 2 2
59 45 2 2
59 52 2 2
40 45 2 2
40 46 2 2
40 49 2 2
40 50 2 2
41 57 2 2
41 50 2 2
41 47 2 2
41 56 2 2
42 57 2 2
42 58 2 2
42 50 2 2
42 53 2 2
43 48 2 2
43 57 2 2
43 59 2 2
43 56 2 2
64 62 3 3
64 63 3 3
64 61 3 3
64 60 3 3
65 60 3 3
65 61 3 3
65 64 3 3
65 62 3 3
66 61 3 3
66 63 3 3
66 64 3 3
66 62 3 3
67 61 3 3
67 66 3 3
67 63 3 3
67 62 3 3
68 62 3 3
68 63 3 3
68 67 3 3
68 65 3 3
69 62 3 3
69 64 3 3
69 66 3 3
69 60 3 3
70 69 3 3
70 62 3 3
70 63 3 3
70 61 3 3
71 63 3 3
71 65 3 3
71 60 3 3
71 61 3 3
72 65 3 3
72 68 3 3
72 71 3 3
72 67 3 3
73 71 3 3
73 72 3 3
73 65 3 3
73 63 3 3
74 60 3 3
74 64 3 3
74 62 3 3
74 70 3 3
75 67 3 3
75 62 3 3
75 61 3 3
75 68 3 3
76 75 3 3
76 67 3 3
76 65 3 3
76 68 3 3
77 67 3 3
77 63 3 3
77 73 3 3
77 75 3 3
78 61 3 3
78 67 3 3
78 64 3 3
78 60 3 3
79 68 3 3
79 67 3 3
79 74 3 3
79 65 3 3
60 79 3 3
60 75 3 3
60 73 3 3
60 72 3 3
61 77 3 3
61 74 3 3
61 76 3 3
61 79 3 3
62 77 3 3
62 73 3 3
62 72 3 3
62 78 3 3
63 79 3 3
63 69 3 3
63 76 3 3
63 78 3 3
84 83 4 4
84 81 4 4
84 82 4 4
84 80 4 4
85 81 4 4
85 82 4 4
85 83 4 4
85 84 4 4
86 82 4 4
86 81 4 4
86 85 4 4
86 80 4 4
87 85 4 4
87 84 4 4
87 86 4 4
87 80 4 4
88 84 4 4
88 83 4 4
88 85 4 4
88 81 4 4
89 85 4 4
89 86 4 4
89 88 4 4
89 87 4 4
90 82 4 4
90 88 4 4
90 80 4 4
90 81 4 4
91 86 4 4
91 82 4 4
91 80 4 4
91 85 4 4
92 86 4 4
92 87 4 4
92 85 4 4
92 88 4 4
93 85 4 4
93 89 4 4
93 91 4 4
93 90 4 4
94 86 4 4
94 92 4 4
94 88 4 4
94 84 4 4
95 84 4 4
95 93 4 4
95 86 4 4
95 87 4 4
96 81 4 4
96 82 4 4
96 87 4 4
96 91 4 4
97 89 4 4
97 81 4 4
97 82 4 4
97 92 4 4
98 92 4 4
98 90 4 4
98 97 4 4
98 84 4 4
99 84 4 4
99 83 4 4
99 98 4 4
99 89 4 4
80 93 4 4
80 92 4 4
80 97 4 4
80 88 4 4
81 95 4 4
81 87 4 4
81 99 4 4
81 98 4 4
82 88 4 4
82 93 4 4
82 99 4 4
82 89 4 4
83 95 4 4
83 94 4 4
83 87 4 4
83 98 4 4
104 101 5 5
104 100 5 5
104 102 5 5
104 103 5 5
105 102 5 5
105 104 5 5
105 100 5 5
105 101 5 5
106 101 5 5
106 103 5 5
106 104 5 5
106 105 5 5
107 100 5 5
107 103 5 5
107 102 5 5
107 104 5 5
108 101 5 5
108 103 5 5
108 105 5 5
108 106 5 5
109 102 5 5
109 108 5 5
109 103 5 5
109 107 5 5
110 104 5 5
110 101 5 5
110 103 5 5
110 100 5 5
111 109 5 5
111 101 5 5
111 103 5 5
111 108 5 5
112 108 5 5
112 109 5 5
112 104 5 5
112 103 5 5
113 102 5 5
113 100 5 5
113 110 5 5
113 108 5 5
114 112 5 5
114 109 5 5
114 101 5 5
114 107 5 5
115 105 5 5
115 101 5 5
115 103 5 5
115 113 5 5
116 115 5 5
116 108 5 5
116 101 5 5
116 106 5 5
117 104 5 5
117 101 5 5
117 115 5 5
117 113 5 5
118 106 5 5
118 117 5 5
118 108 5 5
118 111 5 5
119 107 5 5
119 115 5 5
119 109 5 5
119 103 5 5
100 109 5 5
100 118 5 5
100 114 5 5
100 112 5 5
101 109 5 5
101 112 5 5
101 119 5 5
101 118 5 5
102 119 5 5
102 106 5 5
102 110 5 5
102 116 5 5
103 105 5 5
103 116 5 5
103 113 5 5
103 118 5 5
124 120 6 6
124 123 6 6
124 122 6 6
124 121 6 6
125 122 6 6
125 124 6 6
125 121 6 6
125 120 6 6
126 120 6 6
126 124 6 6
126 121 6 6
126 125 6 6
127 120 6 6
127 124 6 6
127 123 6 6
127 125 6 6
128 125 6 6
128 126 6 6
128 121 6 6
128 120 6 6
129 126 6 6
129 127 6 6
129 124 6 6
129 123 6 6
130 125 6 6
130 121 6 6
130 129 6 6
130 124 6 6
131 123 6 6
131 126 6 6
131 120 6 6
131 125 6 6
132 127 6 6
132 123 6 6
132 130 6 6
132 122 6 6
133 129 6 6
133 121 6 6
133 126 6 6
133 131 6 6
134 122 6 6
134 128 6 6
134 129 6 6
134 125 6 6
135 133 6 6
135 125 6 6
135 132 6 6
135 129 6 6
136 133 6 6
136 125 6 6
136 129 6 6
136 122 6 6
137 129 6 6
137 128 6 6
137 131 6 6
137 127 6 6
138 124 6 6
138 120 6 6
138 128 6 6
138 133 6 6
139 121 6 6
139 132 6 6
139 123 6 6
139 133 6 6
120 135 6 6
120 134 6 6
120 139 6 6
120 130 6 6
121 131 6 6
121 135 6 6
121 136 6 6
121 137 6 6
122 129 6 6
122 130 6 6
122 138 6 6
122 127 6 6
123 125 6 6
123 134 6 6
123 138 6 6
123 137 6 6
144 141 7 7
144 140 7 7
144 143 7 7
144 142 7 7
145 142 7 7
145 141 7 7
145 144 7 7
145 143 7 7
146 141 7 7
146 144 7 7
146 142 7 7
146 140 7 7
147 141 7 7
147 142 7 7
147 145 7 7
147 143 7 7
148 144 7 7
148 143 7 7
148 146 7 7
148 142 7 7
149 147 7 7
149 148 7 7
149 145 7 7
149 146 7 7
150 143 7 7
150 142 7 7
150 145 7 7
150 147 7 7
151 149 7 7
151 141 7 7
151 145 7 7
151 144 7 7
152 145 7 7
152 149 7 7
152 141 7 7
152 142 7 7
153 151 7 7
153 149 7 7
153 152 7 7
153 143 7 7
154 149 7 7
154 146 7 7
154 148 7 7
154 141 7 7
155 151 7 7
155 152 7 7
155 141 7 7
155 143 7 7
156 153 7 7
156 148 7 7
156 140 7 7
156 146 7 7
157 146 7 7
157 147 7 7
157 144 7 7
157 150 7 7
158 147 7 7
158 152 7 7
158 148 7 7
158 146 7 7
159 145 7 7
159 152 7 7
159 153 7 7
159 144 7 7
140 159 7 7
140 145 7 7
140 153 7 7
140 147 7 7
141 157 7 7
141 159 7 7
141 149 7 7
141 156 7 7
142 153 7 7
142 156 7 7
142 155 7 7
142 154 7 7
143 152 7 7
143 158 7 7
143 149 7 7
143 156 7 7
164 161 8 8
164 162 8 8
164 160 8 8
164 163 8 8
165 163 8 8
165 161 8 8
165 164 8 8
165 160 8 8
166 162 8 8
166 164 8 8
166 160 8 8
166 163 8 8
167 160 8 8
167 163 8 8
167 165 8 8
167 164 8 8
168 165 8 8
168 167 8 8
168 164 8 8
168 161 8 8
169 165 8 8
169 161 8 8
169 163 8 8
169 164 8 8
170 160 8 8
170 165 8 8
170 168 8 8
170 163 8 8
171 160 8 8
171 166 8 8
171 163 8 8
171 162 8 8
172 170 8 8
172 171 8 8
172 169 8 8
172 168 8 8
173 169 8 8
173 170 8 8
173 162 8 8
173 163 8 8
174 163 8 8
174 160 8 8
174 162 8 8
174 165 8 8
175 167 8 8
175 174 8 8
175 173 8 8
175 170 8 8
176 174 8 8
176 163 8 8
176 162 8 8
176 175 8 8
177 165 8 8
177 170 8 8
177 176 8 8
177 173 8 8
178 165 8 8
178 176 8 8
178 169 8 8
178 164 8 8
179 164 8 8
179 170 8 8
179 167 8 8
179 163 8 8
160 176 8 8
160 179 8 8
160 168 8 8
160 178 8 8
161 178 8 8
161 166 8 8
161 177 8 8
161 173 8 8
162 178 8 8
162 170 8 8
162 169 8 8
162 165 8 8
163 178 8 8
163 177 8 8
163 172 8 8
163 175 8 8
184 181 9 9
184 183 9 9
184 182 9 9
184 180 9 9
185 184 9 9
185 182 9 9
185 183 9 9
185 180 9 9
186 182 9 9
186 184 9 9
186 183 9 9
186 185 9 9
187 183 9 9
187 185 9 9
187 186 9 9
187 184 9 9
188 184 9 9
188 181 9 9
188 183 9 9
188 180 9 9
189 184 9 9
189 180 9 9
189 187 9 9
189 183 9 9
190 189 9 9
190 182 9 9
190 187 9 9
190 186 9 9
191 180 9 9
191 181 9 9
191 188 9 9
191 186 9 9
192 185 9 9
192 190 9 9
192 182 9 9
192 186 9 9
193 186 9 9
193 189 9 9
193 190 9 9
193 187 9 9
194 180 9 9
194 191 9 9
194 185 9 9
194 184 9 9
195 191 9 9
195 183 9 9
195 190 9 9
195 184 9 9
196 183 9 9
196 188 9 9
196 184 9 9
196 193 9 9
197 191 9 9
197 180 9 9
197 187 9 9
197 188 9 9
198 182 9 9
198 187 9 9
198 194 9 9
198 193 9 9
199 180 9 9
199 194 9 9
199 188 9 9
199 181 9 9
180 198 9 9
180 190 9 9
180 187 9 9
180 193 9 9
181 198 9 9
181 186 9 9
181 197 9 9
181 193 9 9
182 196 9 9
182 199 9 9
182 189 9 9
182 195 9 9
183 191 9 9
183 194 9 9
183 198 9 9
183 197 9 9
204 202 10 10
204 203 10 10
204 200 10 10
204 201 10 10
205 203 10 10
205 202 10 10
205 200 10 10
205 201 10 10
206 203 10 10
206 204 10 10
206 202 10 10
206 200 10 10
207 204 10 10
207 205 10 10
207 202 10 10
207 201 10 10
208 207 10 10
208 202 10 10
208 204 10 10
208 200 10 10
209 205 10 10
209 206 10 10
209 203 10 10
209 207 10 10
210 209 10 10
210 207 10 10
210 201 10 10
210 202 10 10
211 206 10 10
211 208 10 10
211 204 10 10
211 205 10 10
212 206 10 10
212 203 10 10
212 211 10 10
212 204 10 10
213 203 10 10
213 211 10 10
213 207 10 10
213 212 10 10
214 211 10 10
214 205 10 10
214 202 10 10
214 207 10 10
215 209 10 10
215 201 10 10
215 208 10 10
215 210 10 10
216 213 10 10
216 201 10 10
216 203 10 10
216 200 10 10
217 202 10 10
217 213 10 10
217 203 10 10
217 206 10 10
218 216 10 10
218 208 10 10
218 210 10 10
218 205 10 10
219 200 10 10
219 208 10 10
219 207 10 10
219 205 10 10
200 213 10 10
200 218 10 10
200 217 10 10
200 215 10 10
201 219 10 10
201 213 10 10
201 214 10 10
201 217 10 10
202 218 10 10
202 219 10 10
202 209 10 10
202 211 10 10
203 215 10 10
203 207 10 10
203 208 10 10
203 218 10 10
224 221 11 11
224 220 11 11
224 222 11 11
224 223 11 11
225 224 11 11
225 221 11 11
225 222 11 11
225 220 11 11
226 222 11 11
226 221 11 11
226 223 11 11
226 224 11 11
227 221 11 11
227 220 11 11
227 226 11 11
227 224 11 11
228 222 11 11
228 223 11 11
228 220 11 11
228 221 11 11
229 228 11 11
229 223 11 11
229 225 11 11
229 221 11 11
230 224 11 11
230 220 11 11
230 222 11 11
230 229 11 11
231 222 11 11
231 227 11 11
231 226 11 11
231 223 11 11
232 224 11 11
232 220 11 11
232 229 11 11
232 223 11 11
233 229 11 11
233 232 11 11
233 231 11 11
233 223 11 11
234 223 11 11
234 221 11 11
234 220 11 11
234 228 11 11
235 225 11 11
235 230 11 11
235 224 11 11
235 222 11 11
236 221 11 11
236 226 11 11
236 232 11 11
236 230 11 11
237 230 11 11
237 223 11 11
237 229 11 11
237 233 11 11
238 236 11 11
238 232 11 11
238 229 11 11
238 237 11 11
239 236 11 11
239 230 11 11
239 226 11 11
239 221 11 11
220 231 11 11
220 236 11 11
220 239 11 11
220 235 11 11
221 233 11 11
221 231 11 11
221 237 11 11
221 238 11 11
222 234 11 11
222 233 11 11
222 236 11 11
222 229 11 11
223 227 11 11
223 236 11 11
223 238 11 11
223 239 11 11
244 243 12 12
244 241 12 12
244 242 12 12
244 240 12 12
245 244 12 12
245 243 12 12
245 242 12 12
245 241 12 12
246 244 12 12
246 240 12 12
246 245 12 12
246 242 12 12
247 245 12 12
247 242 12 12
247 246 12 12
247 243 12 12
248 247 12 12
248 244 12 12
248 245 12 12
248 246 12 12
249 240 12 12
249 244 12 12
249 243 12 12
249 241 12 12
250 245 12 12
250 240 12 12
250 249 12 12
250 241 12 12
251 246 12 12
251 243 12 12
251 249 12 12
251 244 12 12
252 247 12 12
252 251 12 12
252 245 12 12
252 246 12 12
253 250 12 12
253 245 12 12
253 241 12 12
253 244 12 12
254 246 12 12
254 240 12 12
254 244 12 12
254 243 12 12
255 252 12 12
255 248 12 12
255 245 12 12
255 244 12 12
256 251 12 12
256 244 12 12
256 250 12 12
256 246 12 12
257 241 12 12
257 247 12 12
257 256 12 12
257 243 12 12
258 243 12 12
258 256 12 12
258 242 12 12
258 247 12 12
259 246 12 12
259 248 12 12
259 258 12 12
259 251 12 12
240 258 12 12
240 259 12 12
240 255 12 12
240 252 12 12
241 258 12 12
241 246 12 12
241 248 12 12
241 247 12 12
242 256 12 12
242 255 12 12
242 257 12 12
242 259 12 12
243 252 12 12
243 259 12 12
243 255 12 12
243 248 12 12
264 261 13 13
264 262 13 13
264 263 13 13
264 260 13 13
265 261 13 13
265 264 13 13
265 260 13 13
265 262 13 13
266 261 13 13
266 262 13 13
266 265 13 13
266 260 13 13
267 261 13 13
267 260 13 13
267 266 13 13
267 265 13 13
268 267 13 13
268 264 13 13
268 263 13 13
268 261 13 13
269 262 13 13
269 268 13 13
269 266 13 13
269 263 13 13
270 268 13 13
270 262 13 13
270 264 13 13
270 263 13 13
271 262 13 13
271 265 13 13
271 270 13 13
271 264 13 13
272 271 13 13
272 270 13 13
272 269 13 13
272 265 13 13
273 266 13 13
273 265 13 13
273 261 13 13
273 262 13 13
274 262 13 13
274 265 13 13
274 261 13 13
274 270 13 13
275 271 13 13
275 272 13 13
275 265 13 13
275 261 13 13
276 270 13 13
276 273 13 13
276 260 13 13
276 266 13 13
277 261 13 13
277 275 13 13
277 263 13 13
277 262 13 13
278 267 13 13
278 274 13 13
278 266 13 13
278 275 13 13
279 272 13 13
279 265 13 13
279 275 13 13
279 261 13 13
260 274 13 13
260 278 13 13
260 275 13 13
260 273 13 13
261 272 13 13
261 271 13 13
261 278 13 13
261 276 13 13
262 279 13 13
262 275 13 13
262 272 13 13
262 268 13 13
263 274 13 13
263 275 13 13
263 279 13 13
263 271 13 13
284 280 14 14
284 281 14 14
284 282 14 14
284 283 14 14
285 284 14 14
285 281 14 14
285 283 14 14
285 282 14 14
286 284 14 14
286 280 14 14
286 285 14 14
286 282 14 14
287 283 14 14
287 281 14 14
287 284 14 14
287 285 14 14
288 280 14 14
288 284 14 14
288 285 14 14
288 282 14 14
289 285 14 14
289 284 14 14
289 286 14 14
289 287 14 14
290 285 14 14
290 282 14 14
290 283 14 14
290 287 14 14
291 289 14 14
291 284 14 14
291 287 14 14
291 288 14 14
292 282 14 14
292 288 14 14
292 291 14 14
292 289 14 14
293 284 14 14
293 287 14 14
293 289 14 14
293 280 14 14
294 293 14 14
294 284 14 14
294 285 14 14
294 281 14 14
295 281 14 14
295 284 14 14
295 286 14 14
295 294 14 14
296 285 14 14
296 287 14 14
296 294 14 14
296 281 14 14
297 284 14 14
297 293 14 14
297 291 14 14
297 288 14 14
298 288 14 14
298 294 14 14
298 289 14 14
298 291 14 14
299 296 14 14
299 289 14 14
299 292 14 14
299 284 14 14
280 289 14 14
280 285 14 14
280 296 14 14
280 297 14 14
281 289 14 14
281 298 14 14
281 291 14 14
281 299 14 14
282 299 14 14
282 298 14 14
282 291 14 14
282 297 14 14
283 299 14 14
283 296 14 14
283 298 14 14
283 289 14 14
304 302 15 15
304 300 15 15
304 303 15 15
304 301 15 15
305 302 15 15
305 301 15 15
305 303 15 15
305 304 15 15
306 303 15 15
306 305 15 15
306 300 15 15
306 302 15 15
307 305 15 15
307 306 15 15
307 303 15 15
307 301 15 15
308 303 15 15
308 307 15 15
308 305 15 15
308 300 15 15
309 301 15 15
309 304 15 15
309 300 15 15
309 305 15 15
310 303 15 15
310 300 15 15
310 301 15 15
310 302 15 15
311 300 15 15
311 305 15 15
311 304 15 15
311 301 15 15
312 304 15 15
312 309 15 15
312 303 15 15
312 305 15 15
313 305 15 15
313 312 15 15
313 303 15 15
313 310 15 15
314 310 15 15
314 303 15 15
314 307 15 15
314 302 15 15
315 304 15 15
315 300 15 15
315 301 15 15
315 312 15 15
316 311 15 15
316 307 15 15
316 309 15 15
316 313 15 15
317 304 15 15
317 308 15 15
317 310 15 15
317 311 15 15
318 312 15 15
318 315 15 15
318 300 15 15
318 310 15 15
319 302 15 15
319 308 15 15
319 316 15 15
319 304 15 15
300 313 15 15
300 305 15 15
300 316 15 15
300 314 15 15
301 316 15 15
301 313 15 15
301 319 15 15
301 308 15 15
302 315 15 15
302 307 15 15
302 313 15 15
302 312 15 15
303 309 15 15
303 319 15 15
303 315 15 15
303 311 15 15
80 38 4 1
86 1 4 0
83 70 4 3
90 46 4 2
103 82 5 4
119 7 5 0
110 74 5 3
102 35 5 1
123 30 6 1
120 41 6 2
122 8 6 0
126 75 6 3
148 101 7 5
149 95 7 4
140 22 7 1
142 125 7 6
174 84 8 4
179 100 8 5
172 125 8 6
170 69 8 3
196 31 9 1
182 74 9 3
189 52 9 2
181 143 9 7
208 149 10 7
215 126 10 6
210 39 10 1
215 103 10 5
228 150 11 7
233 122 11 6
228 115 11 5
224 81 11 4
245 183 12 9
256 0 12 0
250 154 12 7
242 59 12 2
272 8 13 0
273 195 13 9
263 21 13 1
267 134 13 6
297 206 14 10
289 244 14 12
282 193 14 9
296 122 14 6
314 237 15 11
307 72 15 3
304 273 15 13
308 18 15 0
19 226 0 11
2 214 0 10
13 185 0 9
19 160 0 8
30 228 1 11
29 311 1 15
30 283 1 14
35 251 1 12
40 119 2 5
59 281 2 14
59 151 2 7
54 265 2 13
66 230 3 11
67 284 3 14
73 150 3 7
76 279 3 13
