swNum = 320
edgeNum = 1344

0 0
1 0
2 0
3 0
4 0
5 0
6 0
7 0
8 0
9 0
10 0
11 0
12 0
13 0
14 0
15 0
16 0
17 0
18 0
19 0
20 1
21 1
22 1
23 1
24 1
25 1
26 1
27 1
28 1
29 1
30 1
31 1
32 1
33 1
34 1
35 1
36 1
37 1
38 1
39 1
40 2
41 2
42 2
43 2
44 2
45 2
46 2
47 2
48 2
49 2
50 2
51 2
52 2
53 2
54 2
55 2
56 2
57 2
58 2
59 2
60 3
61 3
62 3
63 3
64 3
65 3
66 3
67 3
68 3
69 3
70 3
71 3
72 3
73 3
74 3
75 3
76 3
77 3
78 3
79 3
80 4
81 4
82 4
83 4
84 4
85 4
86 4
87 4
88 4
89 4
90 4
91 4
92 4
93 4
94 4
95 4
96 4
97 4
98 4
99 4
100 5
101 5
102 5
103 5
104 5
105 5
106 5
107 5
108 5
109 5
110 5
111 5
112 5
113 5
114 5
115 5
116 5
117 5
118 5
119 5
120 6
121 6
122 6
123 6
124 6
125 6
126 6
127 6
128 6
129 6
130 6
131 6
132 6
133 6
134 6
135 6
136 6
137 6
138 6
139 6
140 7
141 7
142 7
143 7
144 7
145 7
146 7
147 7
148 7
149 7
150 7
151 7
152 7
153 7
154 7
155 7
156 7
157 7
158 7
159 7
160 8
161 8
162 8
163 8
164 8
165 8
166 8
167 8
168 8
169 8
170 8
171 8
172 8
173 8
174 8
175 8
176 8
177 8
178 8
179 8
180 9
181 9
182 9
183 9
184 9
185 9
186 9
187 9
188 9
189 9
190 9
191 9
192 9
193 9
194 9
195 9
196 9
197 9
198 9
199 9
200 10
201 10
202 10
203 10
204 10
205 10
206 10
207 10
208 10
209 10
210 10
211 10
212 10
213 10
214 10
215 10
216 10
217 10
218 10
219 10
220 11
221 11
222 11
223 11
224 11
225 11
226 11
227 11
228 11
229 11
230 11
231 11
232 11
233 11
234 11
235 11
236 11
237 11
238 11
239 11
240 12
241 12
242 12
243 12
244 12
245 12
246 12
247 12
248 12
249 12
250 12
251 12
252 12
253 12
254 12
255 12
256 12
257 12
258 12
259 12
260 13
261 13
262 13
263 13
264 13
265 13
266 13
267 13
268 13
269 13
270 13
271 13
272 13
273 13
274 13
275 13
276 13
277 13
278 13
279 13
280 14
281 14
282 14
283 14
284 14
285 14
286 14
287 14
288 14
289 14
290 14
291 14
292 14
293 14
294 14
295 14
296 14
297 14
298 14
299 14
300 15
301 15
302 15
303 15
304 15
305 15
306 15
307 15
308 15
309 15
310 15
311 15
312 15
313 15
314 15
315 15
316 15
317 15
318 15
319 15

4 0 0 0
4 2 0 0
4 1 0 0
4 3 0 0
5 0 0 0
5 2 0 0
5 3 0 0
5 4 0 0
6 5 0 0
6 3 0 0
6 0 0 0
6 2 0 0
7 5 0 0
7 0 0 0
7 6 0 0
7 1 0 0
8 5 0 0
8 6 0 0
8 0 0 0
8 7 0 0
9 4 0 0
9 6 0 0
9 5 0 0
9 2 0 0
10 2 0 0
10 5 0 0
10 6 0 0
10 7 0 0
11 0 0 0
11 4 0 0
11 1 0 0
11 7 0 0
12 1 0 0
12 2 0 0
12 4 0 0
12 0 0 0
13 11 0 0
13 3 0 0
13 12 0 0
13 1 0 0
14 8 0 0
14 13 0 0
14 4 0 0
14 7 0 0
15 10 0 0
15 7 0 0
15 8 0 0
15 5 0 0
16 6 0 0
16 5 0 0
16 10 0 0
16 15 0 0
17 15 0 0
17 12 0 0
17 8 0 0
17 0 0 0
18 6 0 0
18 0 0 0
18 9 0 0
18 15 0 0
19 18 0 0
19 6 0 0
19 8 0 0
19 4 0 0
0 9 0 0
0 13 0 0
0 10 0 0
0 14 0 0
1 6 0 0
1 17 0 0
1 19 0 0
1 8 0 0
2 19 0 0
2 15 0 0
2 17 0 0
2 11 0 0
3 14 0 0
3 17 0 0
3 7 0 0
3 8 0 0
24 23 1 1
24 21 1 1
24 20 1 1
24 22 1 1
25 22 1 1
25 23 1 1
25 21 1 1
25 24 1 1
26 23 1 1
26 22 1 1
26 21 1 1
26 25 1 1
27 25 1 1
27 22 1 1
27 21 1 1
27 20 1 1
28 23 1 1
28 24 1 1
28 20 1 1
28 22 1 1
29 27 1 1
29 28 1 1
29 22 1 1
29 20 1 1
30 27 1 1
30 29 1 1
30 22 1 1
30 21 1 1
31 27 1 1
31 25 1 1
31 26 1 1
31 30 1 1
32 21 1 1
32 25 1 1
32 30 1 1
32 29 1 1
33 28 1 1
33 27 1 1
33 21 1 1
33 25 1 1
34 20 1 1
34 30 1 1
34 21 1 1
34 22 1 1
35 33 1 1
35 31 1 1
35 32 1 1
35 29 1 1
36 26 1 1
36 34 1 1
36 35 1 1
36 21 1 1
37 24 1 1
37 26 1 1
37 28 1 1
37 27 1 1
38 31 1 1
38 28 1 1
38 34 1 1
38 30 1 1
39 20 1 1
39 38 1 1
39 21 1 1
39 27 1 1
20 33 1 1
20 30 1 1
20 25 1 1
20 38 1 1
21 31 1 1
21 29 1 1
21 35 1 1
21 38 1 1
22 35 1 1
22 38 1 1
22 36 1 1
22 39 1 1
23 33 1 1
23 30 1 1
23 34 1 1
23 39 1 1
44 42 2 2
44 43 2 2
44 41 2 2
44 40 2 2
45 40 2 2
45 41 2 2
45 44 2 2
45 42 2 2
46 41 2 2
46 40 2 2
46 45 2 2
46 43 2 2
47 41 2 2
47 42 2 2
47 46 2 2
47 40 2 2
48 43 2 2
48 41 2 2
48 46 2 2
48 45 2 2
49 41 2 2
49 45 2 2
49 40 2 2
49 48 2 2
50 46 2 2
50 47 2 2
50 45 2 2
50 48 2 2
51 48 2 2
51 43 2 2
51 50 2 2
51 40 2 2
52 51 2 2
52 49 2 2
52 47 2 2
52 41 2 2
53 50 2 2
53 52 2 2
53 41 2 2
53 49 2 2
54 45 2 2
54 49 2 2
54 53 2 2
54 40 2 2
55 54 2 2
55 40 2 2
55 49 2 2
55 46 2 2
56 44 2 2
56 42 2 2
56 43 2 2
56 47 2 2
57 50 2 2
57 41 2 2
57 45 2 2
57 53 2 2
58 51 2 2
58 56 2 2
58 46 2 2
58 43 2 2
59 41 2 2
59 48 2 2
59 57 2 2
59 50 2 2
40 53 2 2
40 52 2 2
40 48 2 2
40 58 2 2
41 55 2 2
41 54 2 2
41 50 2 2
41 58 2 2
42 52 2 2
42 49 2 2
42 46 2 2
42 51 2 2
43 53 2 2
43 59 2 2
43 47 2 2
43 54 2 2
64 60 3 3
64 62 3 3
64 63 3 3
64 61 3 3
65 63 3 3
65 62 3 3
65 64 3 3
65 60 3 3
66 62 3 3
66 60 3 3
66 63 3 3
66 64 3 3
67 61 3 3
67 63 3 3
67 66 3 3
67 65 3 3
68 67 3 3
68 64 3 3
68 65 3 3
68 61 3 3
69 64 3 3
69 65 3 3
69 68 3 3
69 62 3 3
70 66 3 3
70 63 3 3
70 62 3 3
70 60 3 3
71 63 3 3
71 62 3 3
71 70 3 3
71 65 3 3
72 67 3 3
72 66 3 3
72 60 3 3
72 64 3 3
73 62 3 3
73 69 3 3
73 68 3 3
73 64 3 3
74 72 3 3
74 71 3 3
74 70 3 3
74 73 3 3
75 63 3 3
75 62 3 3
75 69 3 3
75 72 3 3
76 71 3 3
76 66 3 3
76 68 3 3
76 72 3 3
77 66 3 3
77 69 3 3
77 64 3 3
77 67 3 3
78 62 3 3
78 76 3 3
78 72 3 3
78 77 3 3
79 78 3 3
79 68 3 3
79 70 3 3
79 64 3 3
60 68 3 3
60 69 3 3
60 76 3 3
60 67 3 3
61 65 3 3
61 70 3 3
61 74 3 3
61 77 3 3
62 74 3 3
62 79 3 3
62 72 3 3
62 76 3 3
63 69 3 3
63 77 3 3
63 79 3 3
63 74 3 3
84 82 4 4
84 80 4 4
84 83 4 4
84 81 4 4
85 82 4 4
85 80 4 4
85 84 4 4
85 83 4 4
86 81 4 4
86 83 4 4
86 84 4 4
86 85 4 4
87 85 4 4
87 82 4 4
87 84 4 4
87 83 4 4
88 80 4 4
88 85 4 4
88 87 4 4
88 82 4 4
89 81 4 4
89 83 4 4
89 86 4 4
89 84 4 4
90 80 4 4
90 87 4 4
90 82 4 4
90 84 4 4
91 87 4 4
91 81 4 4
91 84 4 4
91 83 4 4
92 87 4 4
92 91 4 4
92 83 4 4
92 89 4 4
93 92 4 4
93 89 4 4
93 86 4 4
93 91 4 4
94 91 4 4
94 81 4 4
94 86 4 4
94 89 4 4
95 88 4 4
95 86 4 4
95 85 4 4
95 94 4 4
96 87 4 4
96 83 4 4
96 91 4 4
96 85 4 4
97 93 4 4
97 95 4 4
97 88 4 4
97 80 4 4
98 92 4 4
98 86 4 4
98 88 4 4
98 93 4 4
99 85 4 4
99 80 4 4
99 96 4 4
99 84 4 4
80 87 4 4
80 98 4 4
80 91 4 4
80 92 4 4
81 92 4 4
81 96 4 4
81 88 4 4
81 93 4 4
82 97 4 4
82 94 4 4
82 89 4 4
82 99 4 4
83 90 4 4
83 94 4 4
83 93 4 4
83 95 4 4
104 103 5 5
104 102 5 5
104 101 5 5
104 100 5 5
105 102 5 5
105 100 5 5
105 101 5 5
105 104 5 5
106 101 5 5
106 103 5 5
106 100 5 5
106 104 5 5
107 100 5 5
107 101 5 5
107 103 5 5
107 106 5 5
108 105 5 5
108 104 5 5
108 101 5 5
108 107 5 5
109 101 5 5
109 102 5 5
109 103 5 5
109 100 5 5
110 100 5 5
110 103 5 5
110 105 5 5
110 104 5 5
111 100 5 5
111 102 5 5
111 106 5 5
111 103 5 5
112 106 5 5
112 109 5 5
112 108 5 5
112 103 5 5
113 112 5 5
113 101 5 5
113 108 5 5
113 104 5 5
114 110 5 5
114 111 5 5
114 103 5 5
114 104 5 5
115 111 5 5
115 106 5 5
115 100 5 5
115 102 5 5
116 102 5 5
116 111 5 5
116 103 5 5
116 109 5 5
117 114 5 5
117 115 5 5
117 105 5 5
117 107 5 5
118 117 5 5
118 115 5 5
118 100 5 5
118 112 5 5
119 100 5 5
119 101 5 5
119 112 5 5
119 117 5 5
100 108 5 5
100 116 5 5
100 112 5 5
100 117 5 5
101 112 5 5
101 118 5 5
101 111 5 5
101 115 5 5
102 118 5 5
102 117 5 5
102 107 5 5
102 110 5 5
103 117 5 5
103 115 5 5
103 118 5 5
103 105 5 5
124 123 6 6
124 122 6 6
124 120 6 6
124 121 6 6
125 122 6 6
125 121 6 6
125 120 6 6
125 123 6 6
126 121 6 6
126 122 6 6
126 125 6 6
126 120 6 6
127 121 6 6
127 123 6 6
127 120 6 6
127 122 6 6
128 123 6 6
128 121 6 6
128 125 6 6
128 127 6 6
129 126 6 6
129 125 6 6
129 128 6 6
129 122 6 6
130 124 6 6
130 121 6 6
130 120 6 6
130 122 6 6
131 130 6 6
131 124 6 6
131 120 6 6
131 121 6 6
132 124 6 6
132 131 6 6
132 130 6 6
132 126 6 6
133 122 6 6
133 129 6 6
133 121 6 6
133 125 6 6
134 121 6 6
134 128 6 6
134 125 6 6
134 130 6 6
135 128 6 6
135 134 6 6
135 129 6 6
135 120 6 6
136 125 6 6
136 135 6 6
136 134 6 6
136 128 6 6
137 129 6 6
137 126 6 6
137 136 6 6
137 134 6 6
138 128 6 6
138 125 6 6
138 121 6 6
138 136 6 6
139 120 6 6
139 122 6 6
139 138 6 6
139 121 6 6
120 137 6 6
120 129 6 6
120 132 6 6
120 133 6 6
121 136 6 6
121 129 6 6
121 137 6 6
121 135 6 6
122 131 6 6
122 136 6 6
122 137 6 6
122 134 6 6
123 133 6 6
123 130 6 6
123 138 6 6
123 135 6 6
144 141 7 7
144 142 7 7
144 140 7 7
144 143 7 7
145 140 7 7
145 142 7 7
145 144 7 7
145 141 7 7
146 142 7 7
146 143 7 7
146 140 7 7
146 144 7 7
147 140 7 7
147 142 7 7
147 145 7 7
147 141 7 7
148 140 7 7
148 142 7 7
148 146 7 7
148 143 7 7
149 144 7 7
149 140 7 7
149 145 7 7
149 142 7 7
150 148 7 7
150 143 7 7
150 145 7 7
150 146 7 7
151 147 7 7
151 148 7 7
151 146 7 7
151 145 7 7
152 141 7 7
152 151 7 7
152 150 7 7
152 144 7 7
153 144 7 7
153 145 7 7
153 152 7 7
153 142 7 7
154 149 7 7
154 142 7 7
154 140 7 7
154 147 7 7
155 148 7 7
155 145 7 7
155 141 7 7
155 143 7 7
156 140 7 7
156 145 7 7
156 151 7 7
156 144 7 7
157 145 7 7
157 144 7 7
157 148 7 7
157 152 7 7
158 155 7 7
158 150 7 7
158 147 7 7
158 141 7 7
159 143 7 7
159 150 7 7
159 151 7 7
159 153 7 7
140 158 7 7
140 150 7 7
140 151 7 7
140 157 7 7
141 157 7 7
141 154 7 7
141 156 7 7
141 146 7 7
142 156 7 7
142 150 7 7
142 158 7 7
142 151 7 7
143 157 7 7
143 152 7 7
143 147 7 7
143 151 7 7
164 163 8 8
164 161 8 8
164 160 8 8
164 162 8 8
165 162 8 8
165 163 8 8
165 160 8 8
165 161 8 8
166 165 8 8
166 162 8 8
166 161 8 8
166 164 8 8
167 165 8 8
167 166 8 8
167 163 8 8
167 162 8 8
168 166 8 8
168 167 8 8
168 162 8 8
168 163 8 8
169 168 8 8
169 160 8 8
169 161 8 8
169 167 8 8
170 163 8 8
170 168 8 8
170 162 8 8
170 167 8 8
171 162 8 8
171 170 8 8
171 167 8 8
171 168 8 8
172 165 8 8
172 166 8 8
172 162 8 8
172 163 8 8
173 164 8 8
173 163 8 8
173 172 8 8
173 166 8 8
174 168 8 8
174 160 8 8
174 169 8 8
174 163 8 8
175 171 8 8
175 166 8 8
175 162 8 8
175 170 8 8
176 174 8 8
176 167 8 8
176 172 8 8
176 164 8 8
177 172 8 8
177 166 8 8
177 164 8 8
177 161 8 8
178 173 8 8
178 169 8 8
178 168 8 8
178 167 8 8
179 175 8 8
179 167 8 8
179 178 8 8
179 163 8 8
160 171 8 8
160 168 8 8
160 172 8 8
160 175 8 8
161 176 8 8
161 171 8 8
161 175 8 8
161 179 8 8
162 178 8 8
162 173 8 8
162 169 8 8
162 179 8 8
163 176 8 8
163 169 8 8
163 171 8 8
163 166 8 8
184 181 9 9
184 182 9 9
184 183 9 9
184 180 9 9
185 180 9 9
185 183 9 9
185 184 9 9
185 182 9 9
186 183 9 9
186 180 9 9
186 181 9 9
186 185 9 9
187 180 9 9
187 185 9 9
187 183 9 9
187 181 9 9
188 186 9 9
188 181 9 9
188 187 9 9
188 183 9 9
189 185 9 9
189 182 9 9
189 186 9 9
189 184 9 9
190 187 9 9
190 182 9 9
190 185 9 9
190 180 9 9
191 184 9 9
191 182 9 9
191 181 9 9
191 186 9 9
192 180 9 9
192 187 9 9
192 190 9 9
192 182 9 9
193 181 9 9
193 184 9 9
193 187 9 9
193 191 9 9
194 189 9 9
194 190 9 9
194 184 9 9
194 185 9 9
195 192 9 9
195 191 9 9
195 185 9 9
195 187 9 9
196 184 9 9
196 186 9 9
196 192 9 9
196 185 9 9
197 180 9 9
197 196 9 9
197 189 9 9
197 186 9 9
198 184 9 9
198 196 9 9
198 195 9 9
198 180 9 9
199 183 9 9
199 192 9 9
199 190 9 9
199 188 9 9
180 195 9 9
180 193 9 9
180 199 9 9
180 188 9 9
181 195 9 9
181 198 9 9
181 185 9 9
181 192 9 9
182 193 9 9
182 186 9 9
182 194 9 9
182 195 9 9
183 193 9 9
183 189 9 9
183 190 9 9
183 196 9 9
204 200 10 10
204 201 10 10
204 202 10 10
204 203 10 10
205 204 10 10
205 201 10 10
205 200 10 10
205 202 10 10
206 204 10 10
206 205 10 10
206 200 10 10
206 201 10 10
207 202 10 10
207 203 10 10
207 200 10 10
207 205 10 10
208 203 10 10
208 202 10 10
208 201 10 10
208 207 10 10
209 208 10 10
209 200 10 10
209 201 10 10
209 207 10 10
210 206 10 10
210 204 10 10
210 200 10 10
210 205 10 10
211 204 10 10
211 208 10 10
211 203 10 10
211 209 10 10
212 202 10 10
212 211 10 10
212 204 10 10
212 205 10 10
213 201 10 10
213 208 10 10
213 211 10 10
213 204 10 10
214 211 10 10
214 207 10 10
214 202 10 10
214 213 10 10
215 205 10 10
215 203 10 10
215 213 10 10
215 210 10 10
216 207 10 10
216 211 10 10
216 212 10 10
216 213 10 10
217 212 10 10
217 215 10 10
217 213 10 10
217 207 10 10
218 202 10 10
218 212 10 10
218 217 10 10
218 205 10 10
219 201 10 10
219 217 10 10
219 203 10 10
219 200 10 10
200 213 10 10
200 212 10 10
200 215 10 10
200 211 10 10
201 210 10 10
201 215 10 10
201 214 10 10
201 207 10 10
202 213 10 10
202 211 10 10
202 215 10 10
202 216 10 10
203 209 10 10
203 217 10 10
203 205 10 10
203 214 10 10
224 223 11 11
224 220 11 11
224 221 11 11
224 222 11 11
225 224 11 11
225 220 11 11
225 223 11 11
225 221 11 11
226 221 11 11
226 225 11 11
226 223 11 11
226 222 11 11
227 223 11 11
227 226 11 11
227 221 11 11
227 224 11 11
228 224 11 11
228 226 11 11
228 223 11 11
228 227 11 11
229 224 11 11
229 223 11 11
229 225 11 11
229 220 11 11
230 229 11 11
230 220 11 11
230 222 11 11
230 225 11 11
231 227 11 11
231 226 11 11
231 223 11 11
231 221 11 11
232 223 11 11
232 222 11 11
232 229 11 11
232 228 11 11
233 221 11 11
233 222 11 11
233 230 11 11
233 231 11 11
234 226 11 11
234 221 11 11
234 230 11 11
234 231 11 11
235 231 11 11
235 234 11 11
235 223 11 11
235 224 11 11
236 229 11 11
236 221 11 11
236 226 11 11
236 235 11 11
237 227 11 11
237 231 11 11
237 234 11 11
237 235 11 11
238 223 11 11
238 228 11 11
238 235 11 11
238 224 11 11
239 221 11 11
239 237 11 11
239 220 11 11
239 229 11 11
220 231 11 11
220 233 11 11
220 235 11 11
220 228 11 11
221 237 11 11
221 228 11 11
221 230 11 11
221 238 11 11
222 236 11 11
222 235 11 11
222 231 11 11
222 237 11 11
223 234 11 11
223 230 11 11
223 237 11 11
223 236 11 11
244 240 12 12
244 241 12 12
244 242 12 12
244 243 12 12
245 244 12 12
245 241 12 12
245 240 12 12
245 242 12 12
246 242 12 12
246 244 12 12
246 240 12 12
246 245 12 12
247 245 12 12
247 242 12 12
247 243 12 12
247 241 12 12
248 241 12 12
248 244 12 12
248 240 12 12
248 243 12 12
249 245 12 12
249 244 12 12
249 247 12 12
249 242 12 12
250 241 12 12
250 248 12 12
250 249 12 12
250 240 12 12
251 246 12 12
251 240 12 12
251 249 12 12
251 245 12 12
252 241 12 12
252 247 12 12
252 245 12 12
252 243 12 12
253 252 12 12
253 240 12 12
253 247 12 12
253 241 12 12
254 252 12 12
254 243 12 12
254 247 12 12
254 253 12 12
255 251 12 12
255 247 12 12
255 252 12 12
255 240 12 12
256 245 12 12
256 255 12 12
256 242 12 12
256 246 12 12
257 255 12 12
257 256 12 12
257 246 12 12
257 240 12 12
258 255 12 12
258 247 12 12
258 244 12 12
258 243 12 12
259 241 12 12
259 252 12 12
259 250 12 12
259 247 12 12
240 256 12 12
240 258 12 12
240 247 12 12
240 249 12 12
241 256 12 12
241 254 12 12
241 258 12 12
241 246 12 12
242 251 12 12
242 257 12 12
242 258 12 12
242 253 12 12
243 259 12 12
243 253 12 12
243 250 12 12
243 249 12 12
264 261 13 13
264 262 13 13
264 263 13 13
264 260 13 13
265 261 13 13
265 263 13 13
265 262 13 13
265 264 13 13
266 263 13 13
266 260 13 13
266 262 13 13
266 265 13 13
267 261 13 13
267 263 13 13
267 266 13 13
267 260 13 13
268 264 13 13
268 267 13 13
268 266 13 13
268 261 13 13
269 267 13 13
269 260 13 13
269 266 13 13
269 264 13 13
270 267 13 13
270 260 13 13
270 269 13 13
270 268 13 13
271 264 13 13
271 266 13 13
271 268 13 13
271 262 13 13
272 264 13 13
272 269 13 13
272 261 13 13
272 268 13 13
273 262 13 13
273 268 13 13
273 266 13 13
273 263 13 13
274 260 13 13
274 263 13 13
274 267 13 13
274 262 13 13
275 261 13 13
275 268 13 13
275 266 13 13
275 264 13 13
276 263 13 13
276 273 13 13
276 260 13 13
276 261 13 13
277 272 13 13
277 267 13 13
277 271 13 13
277 276 13 13
278 271 13 13
278 269 13 13
278 261 13 13
278 275 13 13
279 262 13 13
279 276 13 13
279 267 13 13
279 261 13 13
260 275 13 13
260 265 13 13
260 279 13 13
260 278 13 13
261 270 13 13
261 269 13 13
261 271 13 13
261 273 13 13
262 278 13 13
262 269 13 13
262 275 13 13
262 276 13 13
263 272 13 13
263 269 13 13
263 278 13 13
263 279 13 13
284 280 14 14
284 283 14 14
284 282 14 14
284 281 14 14
285 280 14 14
285 282 14 14
285 283 14 14
285 281 14 14
286 281 14 14
286 285 14 14
286 282 14 14
286 280 14 14
287 282 14 14
287 281 14 14
287 285 14 14
287 286 14 14
288 282 14 14
288 285 14 14
288 280 14 14
288 286 14 14
289 285 14 14
289 287 14 14
289 281 14 14
289 286 14 14
290 286 14 14
290 282 14 14
290 287 14 14
290 281 14 14
291 289 14 14
291 288 14 14
291 283 14 14
291 280 14 14
292 291 14 14
292 289 14 14
292 284 14 14
292 280 14 14
293 287 14 14
293 280 14 14
293 292 14 14
293 285 14 14
294 280 14 14
294 287 14 14
294 291 14 14
294 284 14 14
295 281 14 14
295 285 14 14
295 282 14 14
295 283 14 14
296 288 14 14
296 284 14 14
296 280 14 14
296 292 14 14
297 288 14 14
297 282 14 14
297 285 14 14
297 296 14 14
298 293 14 14
298 295 14 14
298 292 14 14
298 286 14 14
299 293 14 14
299 283 14 14
299 281 14 14
299 286 14 14
280 298 14 14
280 289 14 14
280 299 14 14
280 297 14 14
281 294 14 14
281 288 14 14
281 292 14 14
281 298 14 14
282 294 14 14
282 298 14 14
282 299 14 14
282 293 14 14
283 292 14 14
283 293 14 14
283 289 14 14
283 297 14 14
304 301 15 15
304 303 15 15
304 300 15 15
304 302 15 15
305 301 15 15
305 304 15 15
305 302 15 15
305 300 15 15
306 305 15 15
306 304 15 15
306 300 15 15
306 301 15 15
307 303 15 15
307 306 15 15
307 305 15 15
307 301 15 15
308 303 15 15
308 300 15 15
308 301 15 15
308 307 15 15
309 301 15 15
309 306 15 15
309 303 15 15
309 304 15 15
310 309 15 15
310 305 15 15
310 304 15 15
310 307 15 15
311 309 15 15
311 304 15 15
311 300 15 15
311 301 15 15
312 308 15 15
312 300 15 15
312 309 15 15
312 302 15 15
313 306 15 15
313 308 15 15
313 301 15 15
313 305 15 15
314 310 15 15
314 302 15 15
314 301 15 15
314 307 15 15
315 313 15 15
315 302 15 15
315 314 15 15
315 310 15 15
316 307 15 15
316 314 15 15
316 308 15 15
316 305 15 15
317 304 15 15
317 306 15 15
317 315 15 15
317 305 15 15
318 311 15 15
318 309 15 15
318 306 15 15
318 301 15 15
319 306 15 15
319 304 15 15
319 315 15 15
319 308 15 15
300 315 15 15
300 307 15 15
300 317 15 15
300 316 15 15
301 315 15 15
301 316 15 15
301 319 15 15
301 317 15 15
302 313 15 15
302 311 15 15
302 309 15 15
302 308 15 15
303 319 15 15
303 315 15 15
303 317 15 15
303 305 15 15
80 26 4 1
96 12 4 0
86 42 4 2
89 61 4 3
110 88 5 4
106 27 5 1
112 2 5 0
107 79 5 3
131 99 6 4
122 23 6 1
133 102 6 5
121 48 6 2
145 106 7 5
152 22 7 1
144 0 7 0
155 82 7 4
167 86 8 4
163 101 8 5
175 18 8 0
173 130 8 6
189 122 9 6
194 80 9 4
180 56 9 2
180 35 9 1
213 184 10 9
210 53 10 2
210 25 10 1
211 66 10 3
228 92 11 4
220 20 11 1
237 151 11 7
229 49 11 2
253 26 12 1
247 110 12 5
247 95 12 4
240 159 12 7
263 48 13 2
267 148 13 7
269 86 13 4
261 14 13 0
289 134 14 6
287 187 14 9
286 112 14 5
287 91 14 4
307 131 15 6
312 217 15 10
311 190 15 9
311 12 15 0
4 218 0 10
8 283 0 14
17 198 0 9
19 221 0 11
29 312 1 15
21 165 1 8
23 276 1 13
32 293 1 14
56 108 2 5
54 302 2 15
40 156 2 7
48 297 2 14
69 126 3 6
64 277 3 13
79 179 3 8
77 193 3 9
