swNum = 320
edgeNum = 1343

0 0
1 0
2 0
3 0
4 0
5 0
6 0
7 0
8 0
9 0
10 0
11 0
12 0
13 0
14 0
15 0
16 0
17 0
18 0
19 0
20 1
21 1
22 1
23 1
24 1
25 1
26 1
27 1
28 1
29 1
30 1
31 1
32 1
33 1
34 1
35 1
36 1
37 1
38 1
39 1
40 2
41 2
42 2
43 2
44 2
45 2
46 2
47 2
48 2
49 2
50 2
51 2
52 2
53 2
54 2
55 2
56 2
57 2
58 2
59 2
60 3
61 3
62 3
63 3
64 3
65 3
66 3
67 3
68 3
69 3
70 3
71 3
72 3
73 3
74 3
75 3
76 3
77 3
78 3
79 3
80 4
81 4
82 4
83 4
84 4
85 4
86 4
87 4
88 4
89 4
90 4
91 4
92 4
93 4
94 4
95 4
96 4
97 4
98 4
99 4
100 5
101 5
102 5
103 5
104 5
105 5
106 5
107 5
108 5
109 5
110 5
111 5
112 5
113 5
114 5
115 5
116 5
117 5
118 5
119 5
120 6
121 6
122 6
123 6
124 6
125 6
126 6
127 6
128 6
129 6
130 6
131 6
132 6
133 6
134 6
135 6
136 6
137 6
138 6
139 6
140 7
141 7
142 7
143 7
144 7
145 7
146 7
147 7
148 7
149 7
150 7
151 7
152 7
153 7
154 7
155 7
156 7
157 7
158 7
159 7
160 8
161 8
162 8
163 8
164 8
165 8
166 8
167 8
168 8
169 8
170 8
171 8
172 8
173 8
174 8
175 8
176 8
177 8
178 8
179 8
180 9
181 9
182 9
183 9
184 9
185 9
186 9
187 9
188 9
189 9
190 9
191 9
192 9
193 9
194 9
195 9
196 9
197 9
198 9
199 9
200 10
201 10
202 10
203 10
204 10
205 10
206 10
207 10
208 10
209 10
210 10
211 10
212 10
213 10
214 10
215 10
216 10
217 10
218 10
219 10
220 11
221 11
222 11
223 11
224 11
225 11
226 11
227 11
228 11
229 11
230 11
231 11
232 11
233 11
234 11
235 11
236 11
237 11
238 11
239 11
240 12
241 12
242 12
243 12
244 12
245 12
246 12
247 12
248 12
249 12
250 12
251 12
252 12
253 12
254 12
255 12
256 12
257 12
258 12
259 12
260 13
261 13
262 13
263 13
264 13
265 13
266 13
267 13
268 13
269 13
270 13
271 13
272 13
273 13
274 13
275 13
276 13
277 13
278 13
279 13
280 14
281 14
282 14
283 14
284 14
285 14
286 14
287 14
288 14
289 14
290 14
291 14
292 14
293 14
294 14
295 14
296 14
297 14
298 14
299 14
300 15
301 15
302 15
303 15
304 15
305 15
306 15
307 15
308 15
309 15
310 15
311 15
312 15
313 15
314 15
315 15
316 15
317 15
318 15
319 15

4 1 0 0
4 2 0 0
4 0 0 0
4 3 0 0
5 0 0 0
5 1 0 0
5 2 0 0
5 4 0 0
6 3 0 0
6 5 0 0
6 4 0 0
6 0 0 0
7 4 0 0
7 3 0 0
7 2 0 0
7 1 0 0
8 4 0 0
8 5 0 0
8 6 0 0
8 2 0 0
9 6 0 0
9 5 0 0
9 4 0 0
9 8 0 0
10 8 0 0
10 4 0 0
10 7 0 0
10 9 0 0
11 8 0 0
11 7 0 0
11 1 0 0
11 9 0 0
12 0 0 0
12 5 0 0
12 4 0 0
12 6 0 0
13 2 0 0
13 12 0 0
13 6 0 0
13 10 0 0
14 8 0 0
14 10 0 0
14 0 0 0
14 5 0 0
15 2 0 0
15 3 0 0
15 7 0 0
15 11 0 0
16 2 0 0
16 12 0 0
16 5 0 0
16 14 0 0
17 9 0 0
17 10 0 0
17 0 0 0
17 8 0 0
18 12 0 0
18 6 0 0
18 10 0 0
18 17 0 0
19 8 0 0
19 9 0 0
19 15 0 0
19 11 0 0
0 18 0 0
0 13 0 0
0 9 0 0
0 7 0 0
1 17 0 0
1 18 0 0
1 8 0 0
1 19 0 0
2 9 0 0
2 11 0 0
2 19 0 0
2 17 0 0
3 8 0 0
3 17 0 0
3 14 0 0
3 10 0 0
24 22 1 1
24 21 1 1
24 23 1 1
24 20 1 1
25 24 1 1
25 22 1 1
25 21 1 1
25 23 1 1
26 21 1 1
26 22 1 1
26 20 1 1
26 24 1 1
27 24 1 1
27 21 1 1
27 20 1 1
27 26 1 1
28 26 1 1
28 21 1 1
28 27 1 1
28 20 1 1
29 20 1 1
29 21 1 1
29 23 1 1
29 28 1 1
30 23 1 1
30 29 1 1
30 20 1 1
30 24 1 1
31 28 1 1
31 29 1 1
31 20 1 1
31 26 1 1
32 26 1 1
32 30 1 1
32 23 1 1
32 25 1 1
33 24 1 1
33 20 1 1
33 26 1 1
33 27 1 1
34 32 1 1
34 29 1 1
34 33 1 1
34 22 1 1
35 29 1 1
35 20 1 1
35 32 1 1
35 23 1 1
36 24 1 1
36 26 1 1
36 32 1 1
36 28 1 1
37 22 1 1
37 26 1 1
37 27 1 1
37 29 1 1
38 36 1 1
38 28 1 1
38 30 1 1
38 20 1 1
39 27 1 1
39 20 1 1
39 23 1 1
39 35 1 1
20 25 1 1
20 34 1 1
20 32 1 1
20 36 1 1
21 39 1 1
21 30 1 1
21 31 1 1
21 38 1 1
22 32 1 1
22 33 1 1
22 30 1 1
22 31 1 1
23 34 1 1
23 26 1 1
23 31 1 1
23 36 1 1
44 42 2 2
44 43 2 2
44 41 2 2
44 40 2 2
45 40 2 2
45 42 2 2
45 41 2 2
45 43 2 2
46 45 2 2
46 41 2 2
46 43 2 2
46 40 2 2
47 40 2 2
47 46 2 2
47 45 2 2
47 42 2 2
48 40 2 2
48 46 2 2
48 41 2 2
48 42 2 2
49 48 2 2
49 41 2 2
49 42 2 2
49 45 2 2
50 41 2 2
50 44 2 2
50 42 2 2
50 40 2 2
51 48 2 2
51 40 2 2
51 45 2 2
51 46 2 2
52 51 2 2
52 50 2 2
52 44 2 2
52 41 2 2
53 52 2 2
53 42 2 2
53 41 2 2
53 48 2 2
54 49 2 2
54 48 2 2
54 51 2 2
54 45 2 2
55 40 2 2
55 49 2 2
55 45 2 2
55 43 2 2
56 52 2 2
56 54 2 2
56 47 2 2
56 53 2 2
57 42 2 2
57 50 2 2
57 55 2 2
57 44 2 2
58 51 2 2
58 54 2 2
58 47 2 2
58 46 2 2
59 46 2 2
59 40 2 2
59 56 2 2
59 58 2 2
40 58 2 2
40 56 2 2
40 49 2 2
40 53 2 2
41 51 2 2
41 54 2 2
41 58 2 2
41 56 2 2
42 55 2 2
42 46 2 2
42 54 2 2
42 52 2 2
43 56 2 2
43 51 2 2
43 50 2 2
43 52 2 2
64 63 3 3
64 60 3 3
64 61 3 3
64 62 3 3
65 63 3 3
65 60 3 3
65 64 3 3
65 61 3 3
66 64 3 3
66 63 3 3
66 62 3 3
66 65 3 3
67 62 3 3
67 65 3 3
67 66 3 3
67 64 3 3
68 64 3 3
68 62 3 3
68 60 3 3
68 67 3 3
69 62 3 3
69 67 3 3
69 68 3 3
69 60 3 3
70 63 3 3
70 64 3 3
70 65 3 3
70 66 3 3
71 70 3 3
71 66 3 3
71 68 3 3
71 64 3 3
72 68 3 3
72 67 3 3
72 61 3 3
72 69 3 3
73 72 3 3
73 71 3 3
73 62 3 3
73 61 3 3
74 67 3 3
74 70 3 3
74 71 3 3
74 73 3 3
75 66 3 3
75 72 3 3
75 60 3 3
75 62 3 3
76 64 3 3
76 75 3 3
76 67 3 3
76 65 3 3
77 64 3 3
77 62 3 3
77 69 3 3
77 75 3 3
78 69 3 3
78 64 3 3
78 60 3 3
78 72 3 3
79 69 3 3
79 75 3 3
79 61 3 3
79 78 3 3
60 70 3 3
60 73 3 3
60 67 3 3
60 79 3 3
61 76 3 3
61 67 3 3
61 69 3 3
61 78 3 3
62 79 3 3
62 72 3 3
62 71 3 3
62 78 3 3
63 72 3 3
63 76 3 3
63 68 3 3
63 71 3 3
84 80 4 4
84 83 4 4
84 82 4 4
84 81 4 4
85 82 4 4
85 84 4 4
85 81 4 4
85 83 4 4
86 84 4 4
86 82 4 4
86 85 4 4
86 81 4 4
87 81 4 4
87 86 4 4
87 80 4 4
87 84 4 4
88 83 4 4
88 85 4 4
88 84 4 4
88 86 4 4
89 80 4 4
89 84 4 4
89 86 4 4
89 85 4 4
90 86 4 4
90 87 4 4
90 85 4 4
90 84 4 4
91 83 4 4
91 85 4 4
91 86 4 4
91 90 4 4
92 85 4 4
92 80 4 4
92 90 4 4
92 83 4 4
93 81 4 4
93 82 4 4
93 85 4 4
93 89 4 4
94 82 4 4
94 84 4 4
94 89 4 4
94 93 4 4
95 85 4 4
95 82 4 4
95 91 4 4
95 81 4 4
96 92 4 4
96 85 4 4
96 93 4 4
96 94 4 4
97 94 4 4
97 92 4 4
97 85 4 4
97 93 4 4
98 92 4 4
98 96 4 4
98 91 4 4
98 84 4 4
99 86 4 4
99 92 4 4
99 98 4 4
99 96 4 4
80 91 4 4
80 97 4 4
80 93 4 4
80 95 4 4
81 91 4 4
81 98 4 4
81 88 4 4
81 89 4 4
82 99 4 4
82 89 4 4
82 98 4 4
82 91 4 4
83 90 4 4
83 89 4 4
83 95 4 4
83 87 4 4
104 100 5 5
104 102 5 5
104 101 5 5
104 103 5 5
105 100 5 5
105 102 5 5
105 104 5 5
105 103 5 5
106 102 5 5
106 100 5 5
106 104 5 5
106 101 5 5
107 102 5 5
107 104 5 5
107 100 5 5
107 106 5 5
108 106 5 5
108 105 5 5
108 100 5 5
108 107 5 5
109 102 5 5
109 104 5 5
109 107 5 5
109 106 5 5
110 103 5 5
110 106 5 5
110 109 5 5
110 100 5 5
111 105 5 5
111 109 5 5
111 106 5 5
111 104 5 5
112 106 5 5
112 108 5 5
112 100 5 5
112 105 5 5
113 100 5 5
113 110 5 5
113 104 5 5
113 108 5 5
114 113 5 5
114 101 5 5
114 107 5 5
114 109 5 5
115 107 5 5
115 109 5 5
115 105 5 5
115 100 5 5
116 102 5 5
116 106 5 5
116 108 5 5
116 107 5 5
117 113 5 5
117 110 5 5
117 100 5 5
117 114 5 5
118 108 5 5
118 100 5 5
118 113 5 5
118 110 5 5
119 117 5 5
119 103 5 5
119 110 5 5
119 106 5 5
100 111 5 5
100 116 5 5
100 109 5 5
100 114 5 5
101 117 5 5
101 107 5 5
101 115 5 5
101 110 5 5
102 111 5 5
102 110 5 5
102 113 5 5
102 114 5 5
103 113 5 5
103 108 5 5
103 115 5 5
103 112 5 5
124 123 6 6
124 120 6 6
124 121 6 6
124 122 6 6
125 120 6 6
125 122 6 6
125 124 6 6
125 121 6 6
126 124 6 6
126 120 6 6
126 125 6 6
126 123 6 6
127 124 6 6
127 120 6 6
127 126 6 6
127 123 6 6
128 127 6 6
128 120 6 6
128 122 6 6
128 125 6 6
129 121 6 6
129 127 6 6
129 122 6 6
129 124 6 6
130 129 6 6
130 122 6 6
130 121 6 6
130 125 6 6
131 125 6 6
131 120 6 6
131 126 6 6
131 121 6 6
132 131 6 6
132 124 6 6
132 125 6 6
132 128 6 6
133 130 6 6
133 120 6 6
133 121 6 6
133 125 6 6
134 120 6 6
134 126 6 6
134 130 6 6
134 124 6 6
135 124 6 6
135 123 6 6
135 122 6 6
135 134 6 6
136 125 6 6
136 127 6 6
136 126 6 6
136 120 6 6
137 120 6 6
137 128 6 6
137 130 6 6
137 127 6 6
138 134 6 6
138 124 6 6
138 131 6 6
138 129 6 6
139 128 6 6
139 122 6 6
139 129 6 6
139 121 6 6
120 129 6 6
120 138 6 6
120 139 6 6
120 135 6 6
121 137 6 6
121 136 6 6
121 127 6 6
121 138 6 6
122 133 6 6
122 131 6 6
122 126 6 6
122 134 6 6
123 131 6 6
123 138 6 6
123 137 6 6
123 134 6 6
144 140 7 7
144 141 7 7
144 143 7 7
144 142 7 7
145 141 7 7
145 140 7 7
145 143 7 7
145 144 7 7
146 142 7 7
146 143 7 7
146 145 7 7
146 140 7 7
147 142 7 7
147 146 7 7
147 144 7 7
147 143 7 7
148 146 7 7
148 143 7 7
148 142 7 7
148 147 7 7
149 143 7 7
149 141 7 7
149 144 7 7
149 145 7 7
150 143 7 7
150 144 7 7
150 146 7 7
150 140 7 7
151 148 7 7
151 142 7 7
151 147 7 7
151 143 7 7
152 148 7 7
152 147 7 7
152 149 7 7
152 151 7 7
153 150 7 7
153 151 7 7
153 147 7 7
153 148 7 7
154 152 7 7
154 153 7 7
154 142 7 7
154 141 7 7
155 142 7 7
155 141 7 7
155 143 7 7
155 151 7 7
156 152 7 7
156 151 7 7
156 142 7 7
156 140 7 7
157 153 7 7
157 143 7 7
157 156 7 7
157 141 7 7
158 150 7 7
158 146 7 7
158 144 7 7
158 152 7 7
159 142 7 7
159 153 7 7
159 154 7 7
159 145 7 7
140 148 7 7
140 154 7 7
140 158 7 7
140 149 7 7
141 153 7 7
141 159 7 7
141 150 7 7
141 152 7 7
142 152 7 7
142 149 7 7
142 158 7 7
142 153 7 7
143 153 7 7
143 154 7 7
143 159 7 7
143 156 7 7
164 163 8 8
164 161 8 8
164 162 8 8
164 160 8 8
165 164 8 8
165 162 8 8
165 161 8 8
165 163 8 8
166 162 8 8
166 164 8 8
166 161 8 8
166 165 8 8
167 162 8 8
167 160 8 8
167 166 8 8
167 165 8 8
168 167 8 8
168 160 8 8
168 161 8 8
168 163 8 8
169 161 8 8
169 162 8 8
169 168 8 8
169 163 8 8
170 160 8 8
170 164 8 8
170 167 8 8
170 166 8 8
171 161 8 8
171 163 8 8
171 169 8 8
171 166 8 8
172 169 8 8
172 163 8 8
172 164 8 8
172 171 8 8
173 166 8 8
173 162 8 8
173 171 8 8
173 161 8 8
174 163 8 8
174 162 8 8
174 165 8 8
174 167 8 8
175 161 8 8
175 171 8 8
175 166 8 8
175 174 8 8
176 173 8 8
176 175 8 8
176 162 8 8
176 168 8 8
177 166 8 8
177 170 8 8
177 160 8 8
177 162 8 8
178 169 8 8
178 165 8 8
178 177 8 8
178 173 8 8
179 172 8 8
179 169 8 8
179 175 8 8
179 164 8 8
160 172 8 8
160 165 8 8
160 171 8 8
160 166 8 8
161 176 8 8
161 167 8 8
161 172 8 8
161 178 8 8
162 179 8 8
162 178 8 8
162 168 8 8
162 172 8 8
163 176 8 8
163 175 8 8
163 178 8 8
163 170 8 8
184 183 9 9
184 181 9 9
184 182 9 9
184 180 9 9
185 181 9 9
185 182 9 9
185 183 9 9
185 184 9 9
186 180 9 9
186 185 9 9
186 183 9 9
186 182 9 9
187 186 9 9
187 185 9 9
187 181 9 9
187 184 9 9
188 184 9 9
188 180 9 9
188 187 9 9
188 182 9 9
189 180 9 9
189 181 9 9
189 182 9 9
189 183 9 9
190 185 9 9
190 186 9 9
190 180 9 9
190 181 9 9
191 188 9 9
191 184 9 9
191 187 9 9
191 185 9 9
192 187 9 9
192 186 9 9
192 191 9 9
192 184 9 9
193 189 9 9
193 182 9 9
193 183 9 9
193 180 9 9
194 192 9 9
194 186 9 9
194 185 9 9
194 187 9 9
195 180 9 9
195 189 9 9
195 186 9 9
195 192 9 9
196 180 9 9
196 181 9 9
196 183 9 9
196 189 9 9
197 191 9 9
197 187 9 9
197 189 9 9
197 184 9 9
198 190 9 9
198 183 9 9
198 193 9 9
198 185 9 9
199 183 9 9
199 181 9 9
199 189 9 9
199 182 9 9
180 199 9 9
180 198 9 9
180 185 9 9
180 194 9 9
181 191 9 9
181 186 9 9
181 195 9 9
181 188 9 9
182 190 9 9
182 197 9 9
182 198 9 9
182 187 9 9
183 190 9 9
183 187 9 9
183 197 9 9
183 192 9 9
204 203 10 10
204 201 10 10
204 200 10 10
204 202 10 10
205 203 10 10
205 201 10 10
205 202 10 10
205 200 10 10
206 202 10 10
206 203 10 10
206 201 10 10
206 200 10 10
207 200 10 10
207 204 10 10
207 201 10 10
207 205 10 10
208 204 10 10
208 200 10 10
208 207 10 10
208 201 10 10
209 205 10 10
209 201 10 10
209 200 10 10
209 207 10 10
210 209 10 10
210 207 10 10
210 205 10 10
210 206 10 10
211 207 10 10
211 209 10 10
211 208 10 10
211 202 10 10
212 206 10 10
212 202 10 10
212 201 10 10
212 203 10 10
213 206 10 10
213 208 10 10
213 200 10 10
213 202 10 10
214 200 10 10
214 204 10 10
214 207 10 10
214 201 10 10
215 212 10 10
215 205 10 10
215 204 10 10
215 211 10 10
216 207 10 10
216 209 10 10
216 214 10 10
216 205 10 10
217 214 10 10
217 211 10 10
217 202 10 10
217 203 10 10
218 211 10 10
218 205 10 10
218 214 10 10
218 216 10 10
219 202 10 10
219 200 10 10
219 218 10 10
219 214 10 10
200 216 10 10
200 211 10 10
200 215 10 10
200 217 10 10
201 215 10 10
201 211 10 10
201 218 10 10
201 213 10 10
202 207 10 10
202 214 10 10
202 208 10 10
202 216 10 10
203 215 10 10
203 214 10 10
203 216 10 10
203 208 10 10
224 221 11 11
224 222 11 11
224 223 11 11
224 220 11 11
225 223 11 11
225 222 11 11
225 221 11 11
225 220 11 11
226 220 11 11
226 223 11 11
226 225 11 11
226 221 11 11
227 222 11 11
227 225 11 11
227 224 11 11
227 223 11 11
228 220 11 11
228 221 11 11
228 225 11 11
228 226 11 11
229 225 11 11
229 221 11 11
229 228 11 11
229 222 11 11
230 226 11 11
230 220 11 11
230 228 11 11
230 221 11 11
231 222 11 11
231 224 11 11
231 228 11 11
231 221 11 11
232 222 11 11
232 221 11 11
232 231 11 11
232 227 11 11
233 225 11 11
233 230 11 11
233 229 11 11
233 221 11 11
234 220 11 11
234 223 11 11
234 226 11 11
234 231 11 11
235 229 11 11
235 228 11 11
235 222 11 11
235 234 11 11
236 225 11 11
236 223 11 11
236 234 11 11
236 233 11 11
237 225 11 11
237 223 11 11
237 226 11 11
237 224 11 11
238 232 11 11
238 235 11 11
238 221 11 11
238 226 11 11
239 226 11 11
239 223 11 11
239 221 11 11
239 227 11 11
220 233 11 11
220 236 11 11
220 239 11 11
220 238 11 11
221 235 11 11
221 234 11 11
221 236 11 11
221 237 11 11
222 228 11 11
222 239 11 11
222 226 11 11
222 233 11 11
223 238 11 11
223 233 11 11
223 231 11 11
223 232 11 11
244 240 12 12
244 241 12 12
244 243 12 12
244 242 12 12
245 240 12 12
245 243 12 12
245 241 12 12
245 242 12 12
246 244 12 12
246 242 12 12
246 243 12 12
246 240 12 12
247 241 12 12
247 245 12 12
247 240 12 12
247 244 12 12
248 244 12 12
248 240 12 12
248 247 12 12
248 241 12 12
249 240 12 12
249 241 12 12
249 243 12 12
249 245 12 12
250 244 12 12
250 246 12 12
250 242 12 12
250 240 12 12
251 250 12 12
251 248 12 12
251 249 12 12
251 242 12 12
252 242 12 12
252 250 12 12
252 241 12 12
252 248 12 12
253 241 12 12
253 240 12 12
253 252 12 12
253 244 12 12
254 244 12 12
254 253 12 12
254 247 12 12
254 241 12 12
255 247 12 12
255 252 12 12
255 253 12 12
255 251 12 12
256 249 12 12
256 243 12 12
256 240 12 12
256 250 12 12
257 252 12 12
257 256 12 12
257 248 12 12
257 244 12 12
258 250 12 12
258 243 12 12
258 251 12 12
258 241 12 12
259 248 12 12
259 244 12 12
259 256 12 12
259 241 12 12
240 254 12 12
240 252 12 12
240 257 12 12
240 259 12 12
241 250 12 12
241 257 12 12
241 256 12 12
241 251 12 12
242 254 12 12
242 256 12 12
242 259 12 12
242 258 12 12
243 251 12 12
243 255 12 12
243 254 12 12
243 253 12 12
264 260 13 13
264 263 13 13
264 262 13 13
264 261 13 13
265 264 13 13
265 260 13 13
265 262 13 13
265 261 13 13
266 261 13 13
266 260 13 13
266 264 13 13
266 263 13 13
267 262 13 13
267 266 13 13
267 264 13 13
267 265 13 13
268 263 13 13
268 261 13 13
268 266 13 13
268 260 13 13
269 265 13 13
269 260 13 13
269 263 13 13
269 266 13 13
270 264 13 13
270 267 13 13
270 268 13 13
270 262 13 13
271 269 13 13
271 264 13 13
271 265 13 13
271 267 13 13
272 264 13 13
272 270 13 13
272 262 13 13
272 267 13 13
273 262 13 13
273 270 13 13
273 269 13 13
273 261 13 13
274 262 13 13
274 263 13 13
274 261 13 13
274 266 13 13
275 262 13 13
275 268 13 13
275 267 13 13
275 269 13 13
276 261 13 13
276 269 13 13
276 274 13 13
276 260 13 13
277 263 13 13
277 275 13 13
277 268 13 13
277 274 13 13
278 264 13 13
278 266 13 13
278 265 13 13
278 267 13 13
279 271 13 13
279 277 13 13
279 273 13 13
279 270 13 13
260 275 13 13
260 274 13 13
260 270 13 13
260 279 13 13
261 267 13 13
261 275 13 13
261 271 13 13
261 272 13 13
262 279 13 13
262 271 13 13
262 278 13 13
262 277 13 13
263 275 13 13
263 273 13 13
263 271 13 13
263 276 13 13
284 282 14 14
284 283 14 14
284 281 14 14
284 280 14 14
285 283 14 14
285 284 14 14
285 282 14 14
285 281 14 14
286 281 14 14
286 283 14 14
286 282 14 14
286 280 14 14
287 285 14 14
287 283 14 14
287 282 14 14
287 286 14 14
288 286 14 14
288 282 14 14
288 280 14 14
288 283 14 14
289 288 14 14
289 286 14 14
289 283 14 14
289 281 14 14
290 287 14 14
290 281 14 14
290 288 14 14
290 284 14 14
291 286 14 14
291 287 14 14
291 283 14 14
291 288 14 14
292 290 14 14
292 288 14 14
292 282 14 14
292 287 14 14
293 280 14 14
293 284 14 14
293 282 14 14
293 290 14 14
294 288 14 14
294 282 14 14
294 280 14 14
294 281 14 14
295 282 14 14
295 285 14 14
295 293 14 14
295 284 14 14
296 295 14 14
296 287 14 14
296 290 14 14
296 288 14 14
297 280 14 14
297 282 14 14
297 283 14 14
297 294 14 14
298 282 14 14
298 294 14 14
298 289 14 14
298 281 14 14
299 290 14 14
299 288 14 14
299 297 14 14
299 286 14 14
280 298 14 14
280 290 14 14
280 285 14 14
280 295 14 14
281 296 14 14
281 288 14 14
281 295 14 14
281 293 14 14
282 290 14 14
282 289 14 14
282 299 14 14
282 296 14 14
283 294 14 14
283 298 14 14
283 293 14 14
283 296 14 14
304 302 15 15
304 301 15 15
304 303 15 15
304 300 15 15
305 300 15 15
305 301 15 15
305 303 15 15
305 302 15 15
306 302 15 15
306 304 15 15
306 300 15 15
306 305 15 15
307 300 15 15
307 305 15 15
307 301 15 15
307 306 15 15
308 305 15 15
308 301 15 15
308 304 15 15
308 300 15 15
309 304 15 15
309 307 15 15
309 308 15 15
309 303 15 15
310 301 15 15
310 307 15 15
310 302 15 15
310 308 15 15
311 305 15 15
311 303 15 15
311 306 15 15
311 300 15 15
312 310 15 15
312 308 15 15
312 309 15 15
312 300 15 15
313 301 15 15
313 306 15 15
313 304 15 15
313 300 15 15
314 313 15 15
314 310 15 15
314 303 15 15
314 300 15 15
315 314 15 15
315 307 15 15
315 302 15 15
315 313 15 15
316 306 15 15
316 305 15 15
316 311 15 15
316 312 15 15
317 310 15 15
317 303 15 15
317 304 15 15
317 307 15 15
318 309 15 15
318 304 15 15
318 307 15 15
318 305 15 15
319 311 15 15
319 316 15 15
319 303 15 15
319 300 15 15
300 317 15 15
300 316 15 15
300 318 15 15
300 310 15 15
301 314 15 15
301 306 15 15
301 312 15 15
301 317 15 15
302 314 15 15
302 307 15 15
302 319 15 15
302 313 15 15
303 313 15 15
303 312 15 15
303 318 15 15
303 307 15 15
96 26 4 1
98 2 4 0
85 56 4 2
83 79 4 3
109 42 5 2
102 29 5 1
108 93 5 4
106 74 5 3
133 96 6 4
129 5 6 0
132 56 6 2
129 114 6 5
147 39 7 1
158 6 7 0
150 52 7 2
151 96 7 4
169 2 8 0
164 102 8 5
163 99 8 4
176 135 8 6
186 8 9 0
185 179 9 8
193 153 9 7
188 55 9 2
201 197 10 9
213 105 10 5
212 84 10 4
212 49 10 2
225 198 11 9
232 77 11 3
230 148 11 7
238 114 11 5
250 76 12 3
256 143 12 7
257 48 12 2
252 217 12 10
263 51 13 2
278 177 13 8
265 124 13 6
264 205 13 10
285 128 14 6
281 236 14 11
297 42 14 2
296 143 14 7
306 165 15 8
300 150 15 7
310 81 15 4
303 256 15 12
10 254 0 12
5 117 0 5
14 313 0 15
6 236 0 11
24 289 1 14
34 275 1 13
33 314 1 15
34 198 1 9
43 310 2 15
46 238 2 11
41 169 2 8
68 121 3 6
68 160 3 8
74 193 3 9
66 153 3 7
