swNum = 320
edgeNum = 1344

0 0
1 0
2 0
3 0
4 0
5 0
6 0
7 0
8 0
9 0
10 0
11 0
12 0
13 0
14 0
15 0
16 0
17 0
18 0
19 0
20 1
21 1
22 1
23 1
24 1
25 1
26 1
27 1
28 1
29 1
30 1
31 1
32 1
33 1
34 1
35 1
36 1
37 1
38 1
39 1
40 2
41 2
42 2
43 2
44 2
45 2
46 2
47 2
48 2
49 2
50 2
51 2
52 2
53 2
54 2
55 2
56 2
57 2
58 2
59 2
60 3
61 3
62 3
63 3
64 3
65 3
66 3
67 3
68 3
69 3
70 3
71 3
72 3
73 3
74 3
75 3
76 3
77 3
78 3
79 3
80 4
81 4
82 4
83 4
84 4
85 4
86 4
87 4
88 4
89 4
90 4
91 4
92 4
93 4
94 4
95 4
96 4
97 4
98 4
99 4
100 5
101 5
102 5
103 5
104 5
105 5
106 5
107 5
108 5
109 5
110 5
111 5
112 5
113 5
114 5
115 5
116 5
117 5
118 5
119 5
120 6
121 6
122 6
123 6
124 6
125 6
126 6
127 6
128 6
129 6
130 6
131 6
132 6
133 6
134 6
135 6
136 6
137 6
138 6
139 6
140 7
141 7
142 7
143 7
144 7
145 7
146 7
147 7
148 7
149 7
150 7
151 7
152 7
153 7
154 7
155 7
156 7
157 7
158 7
159 7
160 8
161 8
162 8
163 8
164 8
165 8
166 8
167 8
168 8
169 8
170 8
171 8
172 8
173 8
174 8
175 8
176 8
177 8
178 8
179 8
180 9
181 9
182 9
183 9
184 9
185 9
186 9
187 9
188 9
189 9
190 9
191 9
192 9
193 9
194 9
195 9
196 9
197 9
198 9
199 9
200 10
201 10
202 10
203 10
204 10
205 10
206 10
207 10
208 10
209 10
210 10
211 10
212 10
213 10
214 10
215 10
216 10
217 10
218 10
219 10
220 11
221 11
222 11
223 11
224 11
225 11
226 11
227 11
228 11
229 11
230 11
231 11
232 11
233 11
234 11
235 11
236 11
237 11
238 11
239 11
240 12
241 12
242 12
243 12
244 12
245 12
246 12
247 12
248 12
249 12
250 12
251 12
252 12
253 12
254 12
255 12
256 12
257 12
258 12
259 12
260 13
261 13
262 13
263 13
264 13
265 13
266 13
267 13
268 13
269 13
270 13
271 13
272 13
273 13
274 13
275 13
276 13
277 13
278 13
279 13
280 14
281 14
282 14
283 14
284 14
285 14
286 14
287 14
288 14
289 14
290 14
291 14
292 14
293 14
294 14
295 14
296 14
297 14
298 14
299 14
300 15
301 15
302 15
303 15
304 15
305 15
306 15
307 15
308 15
309 15
310 15
311 15
312 15
313 15
314 15
315 15
316 15
317 15
318 15
319 15

4 2 0 0
4 0 0 0
4 3 0 0
4 1 0 0
5 0 0 0
5 1 0 0
5 4 0 0
5 2 0 0
6 4 0 0
6 1 0 0
6 5 0 0
6 3 0 0
7 2 0 0
7 6 0 0
7 0 0 0
7 1 0 0
8 6 0 0
8 5 0 0
8 1 0 0
8 7 0 0
9 0 0 0
9 7 0 0
9 6 0 0
9 2 0 0
10 3 0 0
10 1 0 0
10 8 0 0
10 2 0 0
11 9 0 0
11 2 0 0
11 7 0 0
11 0 0 0
12 11 0 0
12 0 0 0
12 8 0 0
12 1 0 0
13 6 0 0
13 7 0 0
13 9 0 0
13 8 0 0
14 2 0 0
14 4 0 0
14 7 0 0
14 12 0 0
15 9 0 0
15 13 0 0
15 4 0 0
15 7 0 0
16 2 0 0
16 0 0 0
16 4 0 0
16 11 0 0
17 11 0 0
17 7 0 0
17 2 0 0
17 0 0 0
18 2 0 0
18 15 0 0
18 11 0 0
18 0 0 0
19 2 0 0
19 11 0 0
19 5 0 0
19 4 0 0
0 14 0 0
0 6 0 0
0 13 0 0
0 19 0 0
1 11 0 0
1 9 0 0
1 18 0 0
1 13 0 0
2 6 0 0
2 13 0 0
2 12 0 0
2 15 0 0
3 11 0 0
3 9 0 0
3 7 0 0
3 15 0 0
24 23 1 1
24 22 1 1
24 21 1 1
24 20 1 1
25 21 1 1
25 24 1 1
25 22 1 1
25 20 1 1
26 24 1 1
26 23 1 1
26 21 1 1
26 20 1 1
27 26 1 1
27 24 1 1
27 22 1 1
27 25 1 1
28 27 1 1
28 20 1 1
28 23 1 1
28 22 1 1
29 23 1 1
29 27 1 1
29 20 1 1
29 25 1 1
30 22 1 1
30 26 1 1
30 21 1 1
30 27 1 1
31 27 1 1
31 28 1 1
31 29 1 1
31 20 1 1
32 27 1 1
32 25 1 1
32 26 1 1
32 30 1 1
33 32 1 1
33 25 1 1
33 26 1 1
33 29 1 1
34 26 1 1
34 21 1 1
34 29 1 1
34 24 1 1
35 24 1 1
35 23 1 1
35 28 1 1
35 25 1 1
36 23 1 1
36 31 1 1
36 24 1 1
36 22 1 1
37 31 1 1
37 27 1 1
37 30 1 1
37 34 1 1
38 31 1 1
38 35 1 1
38 24 1 1
38 23 1 1
39 32 1 1
39 29 1 1
39 30 1 1
39 25 1 1
20 27 1 1
20 32 1 1
20 35 1 1
20 38 1 1
21 29 1 1
21 27 1 1
21 38 1 1
21 35 1 1
22 26 1 1
22 31 1 1
22 32 1 1
22 29 1 1
23 39 1 1
23 27 1 1
23 37 1 1
23 25 1 1
44 43 2 2
44 41 2 2
44 40 2 2
44 42 2 2
45 40 2 2
45 41 2 2
45 44 2 2
45 42 2 2
46 40 2 2
46 44 2 2
46 41 2 2
46 43 2 2
47 40 2 2
47 45 2 2
47 43 2 2
47 41 2 2
48 47 2 2
48 40 2 2
48 42 2 2
48 41 2 2
49 45 2 2
49 41 2 2
49 44 2 2
49 43 2 2
50 48 2 2
50 42 2 2
50 43 2 2
50 46 2 2
51 49 2 2
51 45 2 2
51 43 2 2
51 44 2 2
52 42 2 2
52 51 2 2
52 49 2 2
52 40 2 2
53 48 2 2
53 45 2 2
53 47 2 2
53 42 2 2
54 49 2 2
54 41 2 2
54 46 2 2
54 45 2 2
55 48 2 2
55 50 2 2
55 53 2 2
55 47 2 2
56 40 2 2
56 44 2 2
56 46 2 2
56 52 2 2
57 46 2 2
57 56 2 2
57 44 2 2
57 41 2 2
58 52 2 2
58 40 2 2
58 48 2 2
58 45 2 2
59 57 2 2
59 41 2 2
59 51 2 2
59 54 2 2
40 53 2 2
40 50 2 2
40 59 2 2
40 55 2 2
41 55 2 2
41 51 2 2
41 52 2 2
41 56 2 2
42 58 2 2
42 47 2 2
42 55 2 2
42 59 2 2
43 45 2 2
43 58 2 2
43 54 2 2
43 57 2 2
64 62 3 3
64 60 3 3
64 61 3 3
64 63 3 3
65 62 3 3
65 61 3 3
65 60 3 3
65 64 3 3
66 61 3 3
66 62 3 3
66 60 3 3
66 63 3 3
67 65 3 3
67 63 3 3
67 60 3 3
67 62 3 3
68 67 3 3
68 60 3 3
68 66 3 3
68 62 3 3
69 61 3 3
69 66 3 3
69 65 3 3
69 63 3 3
70 64 3 3
70 67 3 3
70 69 3 3
70 68 3 3
71 67 3 3
71 61 3 3
71 60 3 3
71 66 3 3
72 60 3 3
72 69 3 3
72 70 3 3
72 61 3 3
73 61 3 3
73 67 3 3
73 64 3 3
73 66 3 3
74 62 3 3
74 60 3 3
74 61 3 3
74 69 3 3
75 71 3 3
75 66 3 3
75 61 3 3
75 60 3 3
76 74 3 3
76 75 3 3
76 68 3 3
76 69 3 3
77 68 3 3
77 66 3 3
77 73 3 3
77 76 3 3
78 63 3 3
78 64 3 3
78 70 3 3
78 69 3 3
79 62 3 3
79 77 3 3
79 75 3 3
79 66 3 3
60 77 3 3
60 73 3 3
60 79 3 3
60 76 3 3
61 67 3 3
61 79 3 3
61 76 3 3
61 68 3 3
62 76 3 3
62 69 3 3
62 77 3 3
62 78 3 3
63 79 3 3
63 72 3 3
63 74 3 3
63 71 3 3
84 83 4 4
84 80 4 4
84 82 4 4
84 81 4 4
85 83 4 4
85 82 4 4
85 80 4 4
85 84 4 4
86 80 4 4
86 82 4 4
86 83 4 4
86 84 4 4
87 82 4 4
87 84 4 4
87 80 4 4
87 85 4 4
88 81 4 4
88 82 4 4
88 83 4 4
88 84 4 4
89 81 4 4
89 88 4 4
89 82 4 4
89 80 4 4
90 83 4 4
90 87 4 4
90 81 4 4
90 88 4 4
91 81 4 4
91 85 4 4
91 88 4 4
91 82 4 4
92 80 4 4
92 86 4 4
92 83 4 4
92 82 4 4
93 88 4 4
93 87 4 4
93 85 4 4
93 91 4 4
94 93 4 4
94 89 4 4
94 83 4 4
94 82 4 4
95 81 4 4
95 82 4 4
95 88 4 4
95 91 4 4
96 89 4 4
96 88 4 4
96 81 4 4
96 83 4 4
97 87 4 4
97 93 4 4
97 80 4 4
97 82 4 4
98 81 4 4
98 96 4 4
98 86 4 4
98 88 4 4
99 95 4 4
99 85 4 4
99 89 4 4
99 93 4 4
80 95 4 4
80 98 4 4
80 90 4 4
80 96 4 4
81 94 4 4
81 93 4 4
81 97 4 4
81 87 4 4
82 90 4 4
82 93 4 4
82 98 4 4
82 96 4 4
83 98 4 4
83 99 4 4
83 89 4 4
83 93 4 4
104 101 5 5
104 102 5 5
104 103 5 5
104 100 5 5
105 102 5 5
105 101 5 5
105 103 5 5
105 100 5 5
106 100 5 5
106 104 5 5
106 102 5 5
106 105 5 5
107 103 5 5
107 105 5 5
107 100 5 5
107 104 5 5
108 106 5 5
108 105 5 5
108 104 5 5
108 107 5 5
109 104 5 5
109 100 5 5
109 102 5 5
109 107 5 5
110 109 5 5
110 107 5 5
110 108 5 5
110 105 5 5
111 108 5 5
111 102 5 5
111 105 5 5
111 101 5 5
112 101 5 5
112 107 5 5
112 109 5 5
112 102 5 5
113 106 5 5
113 100 5 5
113 108 5 5
113 101 5 5
114 101 5 5
114 107 5 5
114 105 5 5
114 112 5 5
115 105 5 5
115 112 5 5
115 106 5 5
115 100 5 5
116 114 5 5
116 111 5 5
116 113 5 5
116 108 5 5
117 114 5 5
117 112 5 5
117 109 5 5
117 116 5 5
118 117 5 5
118 103 5 5
118 108 5 5
118 101 5 5
119 100 5 5
119 115 5 5
119 106 5 5
119 113 5 5
100 118 5 5
100 114 5 5
100 111 5 5
100 116 5 5
101 115 5 5
101 119 5 5
101 109 5 5
101 117 5 5
102 115 5 5
102 117 5 5
102 118 5 5
102 110 5 5
103 106 5 5
103 113 5 5
103 115 5 5
103 112 5 5
124 121 6 6
124 122 6 6
124 123 6 6
124 120 6 6
125 121 6 6
125 124 6 6
125 120 6 6
125 123 6 6
126 121 6 6
126 125 6 6
126 124 6 6
126 122 6 6
127 121 6 6
127 126 6 6
127 125 6 6
127 124 6 6
128 120 6 6
128 121 6 6
128 125 6 6
128 123 6 6
129 127 6 6
129 126 6 6
129 121 6 6
129 124 6 6
130 125 6 6
130 126 6 6
130 127 6 6
130 124 6 6
131 124 6 6
131 125 6 6
131 121 6 6
131 127 6 6
132 128 6 6
132 120 6 6
132 121 6 6
132 122 6 6
133 121 6 6
133 125 6 6
133 124 6 6
133 127 6 6
134 129 6 6
134 121 6 6
134 133 6 6
134 126 6 6
135 129 6 6
135 125 6 6
135 134 6 6
135 127 6 6
136 125 6 6
136 126 6 6
136 128 6 6
136 132 6 6
137 122 6 6
137 133 6 6
137 136 6 6
137 131 6 6
138 137 6 6
138 135 6 6
138 122 6 6
138 125 6 6
139 136 6 6
139 134 6 6
139 138 6 6
139 126 6 6
120 130 6 6
120 139 6 6
120 134 6 6
120 136 6 6
121 139 6 6
121 137 6 6
121 130 6 6
121 136 6 6
122 125 6 6
122 130 6 6
122 128 6 6
122 135 6 6
123 132 6 6
123 130 6 6
123 138 6 6
123 136 6 6
144 141 7 7
144 140 7 7
144 142 7 7
144 143 7 7
145 143 7 7
145 141 7 7
145 140 7 7
145 142 7 7
146 144 7 7
146 140 7 7
146 142 7 7
146 143 7 7
147 141 7 7
147 145 7 7
147 146 7 7
147 140 7 7
148 146 7 7
148 144 7 7
148 140 7 7
148 142 7 7
149 146 7 7
149 144 7 7
149 147 7 7
149 141 7 7
150 140 7 7
150 142 7 7
150 148 7 7
150 146 7 7
151 141 7 7
151 145 7 7
151 146 7 7
151 148 7 7
152 142 7 7
152 146 7 7
152 143 7 7
152 145 7 7
153 144 7 7
153 149 7 7
153 143 7 7
153 150 7 7
154 151 7 7
154 147 7 7
154 150 7 7
154 141 7 7
155 153 7 7
155 149 7 7
155 142 7 7
155 144 7 7
156 141 7 7
156 151 7 7
156 148 7 7
156 154 7 7
157 143 7 7
157 140 7 7
157 150 7 7
157 142 7 7
158 157 7 7
158 154 7 7
158 145 7 7
158 141 7 7
159 145 7 7
159 140 7 7
159 155 7 7
159 146 7 7
140 156 7 7
140 151 7 7
140 155 7 7
140 158 7 7
141 148 7 7
141 153 7 7
141 155 7 7
141 157 7 7
142 159 7 7
142 158 7 7
142 156 7 7
142 151 7 7
143 150 7 7
143 151 7 7
143 158 7 7
143 155 7 7
164 161 8 8
164 160 8 8
164 163 8 8
164 162 8 8
165 164 8 8
165 162 8 8
165 161 8 8
165 163 8 8
166 160 8 8
166 165 8 8
166 162 8 8
166 161 8 8
167 162 8 8
167 164 8 8
167 165 8 8
167 166 8 8
168 160 8 8
168 162 8 8
168 165 8 8
168 163 8 8
169 161 8 8
169 163 8 8
169 162 8 8
169 167 8 8
170 165 8 8
170 168 8 8
170 167 8 8
170 166 8 8
171 165 8 8
171 169 8 8
171 166 8 8
171 160 8 8
172 170 8 8
172 162 8 8
172 167 8 8
172 168 8 8
173 168 8 8
173 170 8 8
173 162 8 8
173 169 8 8
174 164 8 8
174 170 8 8
174 169 8 8
174 160 8 8
175 160 8 8
175 172 8 8
175 166 8 8
175 163 8 8
176 168 8 8
176 165 8 8
176 167 8 8
176 172 8 8
177 163 8 8
177 169 8 8
177 164 8 8
177 171 8 8
178 165 8 8
178 171 8 8
178 166 8 8
178 168 8 8
179 176 8 8
179 174 8 8
179 177 8 8
179 164 8 8
160 173 8 8
160 179 8 8
160 169 8 8
160 170 8 8
161 171 8 8
161 175 8 8
161 176 8 8
161 179 8 8
162 178 8 8
162 176 8 8
162 171 8 8
162 174 8 8
163 167 8 8
163 166 8 8
163 178 8 8
163 176 8 8
184 181 9 9
184 183 9 9
184 182 9 9
184 180 9 9
185 184 9 9
185 180 9 9
185 181 9 9
185 182 9 9
186 181 9 9
186 184 9 9
186 182 9 9
186 185 9 9
187 182 9 9
187 184 9 9
187 183 9 9
187 186 9 9
188 181 9 9
188 184 9 9
188 187 9 9
188 186 9 9
189 180 9 9
189 182 9 9
189 186 9 9
189 183 9 9
190 189 9 9
190 186 9 9
190 180 9 9
190 181 9 9
191 184 9 9
191 186 9 9
191 188 9 9
191 183 9 9
192 181 9 9
192 182 9 9
192 180 9 9
192 183 9 9
193 187 9 9
193 192 9 9
193 189 9 9
193 188 9 9
194 188 9 9
194 191 9 9
194 187 9 9
194 181 9 9
195 181 9 9
195 187 9 9
195 191 9 9
195 186 9 9
196 193 9 9
196 194 9 9
196 190 9 9
196 188 9 9
197 189 9 9
197 186 9 9
197 180 9 9
197 194 9 9
198 196 9 9
198 182 9 9
198 180 9 9
198 183 9 9
199 198 9 9
199 190 9 9
199 185 9 9
199 189 9 9
180 187 9 9
180 196 9 9
180 194 9 9
180 193 9 9
181 191 9 9
181 196 9 9
181 187 9 9
181 193 9 9
182 197 9 9
182 190 9 9
182 191 9 9
182 193 9 9
183 186 9 9
183 197 9 9
183 199 9 9
183 194 9 9
204 203 10 10
204 201 10 10
204 202 10 10
204 200 10 10
205 204 10 10
205 201 10 10
205 202 10 10
205 200 10 10
206 201 10 10
206 202 10 10
206 200 10 10
206 204 10 10
207 204 10 10
207 202 10 10
207 201 10 10
207 200 10 10
208 206 10 10
208 207 10 10
208 201 10 10
208 203 10 10
209 205 10 10
209 200 10 10
209 203 10 10
209 206 10 10
210 203 10 10
210 201 10 10
210 202 10 10
210 200 10 10
211 208 10 10
211 204 10 10
211 207 10 10
211 206 10 10
212 207 10 10
212 205 10 10
212 206 10 10
212 210 10 10
213 210 10 10
213 207 10 10
213 211 10 10
213 200 10 10
214 213 10 10
214 200 10 10
214 203 10 10
214 210 10 10
215 209 10 10
215 210 10 10
215 211 10 10
215 205 10 10
216 200 10 10
216 209 10 10
216 208 10 10
216 213 10 10
217 209 10 10
217 212 10 10
217 215 10 10
217 208 10 10
218 203 10 10
218 214 10 10
218 206 10 10
218 213 10 10
219 202 10 10
219 209 10 10
219 217 10 10
219 201 10 10
200 219 10 10
200 212 10 10
200 208 10 10
200 218 10 10
201 214 10 10
201 218 10 10
201 209 10 10
201 215 10 10
202 212 10 10
202 218 10 10
202 216 10 10
202 211 10 10
203 216 10 10
203 206 10 10
203 217 10 10
203 213 10 10
224 221 11 11
224 223 11 11
224 222 11 11
224 220 11 11
225 224 11 11
225 221 11 11
225 220 11 11
225 222 11 11
226 223 11 11
226 221 11 11
226 224 11 11
226 225 11 11
227 223 11 11
227 224 11 11
227 221 11 11
227 225 11 11
228 220 11 11
228 225 11 11
228 226 11 11
228 221 11 11
229 224 11 11
229 226 11 11
229 222 11 11
229 225 11 11
230 220 11 11
230 221 11 11
230 228 11 11
230 224 11 11
231 229 11 11
231 227 11 11
231 222 11 11
231 223 11 11
232 221 11 11
232 223 11 11
232 225 11 11
232 226 11 11
233 221 11 11
233 224 11 11
233 231 11 11
233 226 11 11
234 229 11 11
234 233 11 11
234 225 11 11
234 222 11 11
235 234 11 11
235 222 11 11
235 225 11 11
235 226 11 11
236 235 11 11
236 232 11 11
236 228 11 11
236 221 11 11
237 224 11 11
237 221 11 11
237 232 11 11
237 227 11 11
238 220 11 11
238 225 11 11
238 228 11 11
238 224 11 11
239 225 11 11
239 235 11 11
239 224 11 11
239 222 11 11
220 239 11 11
220 229 11 11
220 232 11 11
220 235 11 11
221 235 11 11
221 229 11 11
221 239 11 11
221 234 11 11
222 227 11 11
222 233 11 11
222 238 11 11
222 230 11 11
223 236 11 11
223 233 11 11
223 225 11 11
223 238 11 11
244 243 12 12
244 242 12 12
244 241 12 12
244 240 12 12
245 243 12 12
245 241 12 12
245 244 12 12
245 240 12 12
246 242 12 12
246 240 12 12
246 245 12 12
246 243 12 12
247 243 12 12
247 240 12 12
247 245 12 12
247 242 12 12
248 247 12 12
248 240 12 12
248 243 12 12
248 245 12 12
249 246 12 12
249 245 12 12
249 242 12 12
249 248 12 12
250 241 12 12
250 240 12 12
250 242 12 12
250 245 12 12
251 249 12 12
251 241 12 12
251 240 12 12
251 246 12 12
252 245 12 12
252 243 12 12
252 241 12 12
252 240 12 12
253 247 12 12
253 245 12 12
253 241 12 12
253 243 12 12
254 241 12 12
254 252 12 12
254 246 12 12
254 244 12 12
255 246 12 12
255 248 12 12
255 253 12 12
255 250 12 12
256 243 12 12
256 249 12 12
256 255 12 12
256 246 12 12
257 247 12 12
257 253 12 12
257 241 12 12
257 255 12 12
258 257 12 12
258 241 12 12
258 251 12 12
258 250 12 12
259 256 12 12
259 254 12 12
259 244 12 12
259 251 12 12
240 254 12 12
240 255 12 12
240 258 12 12
240 249 12 12
241 249 12 12
241 246 12 12
241 259 12 12
241 256 12 12
242 257 12 12
242 248 12 12
242 254 12 12
242 258 12 12
243 250 12 12
243 258 12 12
243 255 12 12
243 251 12 12
264 261 13 13
264 262 13 13
264 263 13 13
264 260 13 13
265 263 13 13
265 261 13 13
265 264 13 13
265 262 13 13
266 262 13 13
266 265 13 13
266 260 13 13
266 264 13 13
267 261 13 13
267 263 13 13
267 266 13 13
267 264 13 13
268 265 13 13
268 261 13 13
268 267 13 13
268 264 13 13
269 260 13 13
269 264 13 13
269 267 13 13
269 265 13 13
270 264 13 13
270 262 13 13
270 261 13 13
270 266 13 13
271 266 13 13
271 265 13 13
271 269 13 13
271 270 13 13
272 266 13 13
272 267 13 13
272 269 13 13
272 270 13 13
273 264 13 13
273 268 13 13
273 271 13 13
273 265 13 13
274 261 13 13
274 272 13 13
274 269 13 13
274 266 13 13
275 271 13 13
275 274 13 13
275 267 13 13
275 260 13 13
276 264 13 13
276 262 13 13
276 267 13 13
276 272 13 13
277 265 13 13
277 273 13 13
277 269 13 13
277 270 13 13
278 261 13 13
278 264 13 13
278 267 13 13
278 275 13 13
279 264 13 13
279 260 13 13
279 263 13 13
279 275 13 13
260 272 13 13
260 278 13 13
260 267 13 13
260 274 13 13
261 269 13 13
261 272 13 13
261 279 13 13
261 266 13 13
262 275 13 13
262 269 13 13
262 274 13 13
262 267 13 13
263 272 13 13
263 278 13 13
263 269 13 13
263 275 13 13
284 282 14 14
284 280 14 14
284 283 14 14
284 281 14 14
285 282 14 14
285 284 14 14
285 283 14 14
285 281 14 14
286 280 14 14
286 285 14 14
286 283 14 14
286 282 14 14
287 281 14 14
287 286 14 14
287 280 14 14
287 283 14 14
288 285 14 14
288 286 14 14
288 283 14 14
288 280 14 14
289 283 14 14
289 280 14 14
289 287 14 14
289 281 14 14
290 287 14 14
290 283 14 14
290 289 14 14
290 286 14 14
291 289 14 14
291 290 14 14
291 283 14 14
291 287 14 14
292 282 14 14
292 287 14 14
292 280 14 14
292 281 14 14
293 292 14 14
293 284 14 14
293 288 14 14
293 290 14 14
294 283 14 14
294 291 14 14
294 285 14 14
294 286 14 14
295 280 14 14
295 286 14 14
295 283 14 14
295 290 14 14
296 288 14 14
296 285 14 14
296 286 14 14
296 293 14 14
297 283 14 14
297 285 14 14
297 284 14 14
297 289 14 14
298 288 14 14
298 296 14 14
298 293 14 14
298 283 14 14
299 282 14 14
299 298 14 14
299 286 14 14
299 285 14 14
280 299 14 14
280 290 14 14
280 291 14 14
280 293 14 14
281 288 14 14
281 295 14 14
281 290 14 14
281 299 14 14
282 297 14 14
282 289 14 14
282 287 14 14
282 290 14 14
283 296 14 14
283 299 14 14
283 292 14 14
283 293 14 14
304 300 15 15
304 302 15 15
304 303 15 15
304 301 15 15
305 301 15 15
305 303 15 15
305 300 15 15
305 302 15 15
306 305 15 15
306 302 15 15
306 301 15 15
306 303 15 15
307 301 15 15
307 300 15 15
307 303 15 15
307 305 15 15
308 302 15 15
308 304 15 15
308 303 15 15
308 301 15 15
309 307 15 15
309 308 15 15
309 300 15 15
309 301 15 15
310 303 15 15
310 304 15 15
310 306 15 15
310 300 15 15
311 309 15 15
311 308 15 15
311 305 15 15
311 306 15 15
312 301 15 15
312 305 15 15
312 304 15 15
312 310 15 15
313 305 15 15
313 310 15 15
313 300 15 15
313 302 15 15
314 303 15 15
314 301 15 15
314 307 15 15
314 306 15 15
315 311 15 15
315 314 15 15
315 305 15 15
315 302 15 15
316 309 15 15
316 312 15 15
316 307 15 15
316 314 15 15
317 306 15 15
317 315 15 15
317 311 15 15
317 312 15 15
318 311 15 15
318 308 15 15
318 304 15 15
318 302 15 15
319 308 15 15
319 316 15 15
319 300 15 15
319 311 15 15
300 316 15 15
300 308 15 15
300 317 15 15
300 312 15 15
301 319 15 15
301 317 15 15
301 316 15 15
301 313 15 15
302 307 15 15
302 314 15 15
302 319 15 15
302 309 15 15
303 319 15 15
303 311 15 15
303 316 15 15
303 309 15 15
96 30 4 1
80 67 4 3
80 19 4 0
98 53 4 2
109 75 5 3
115 82 5 4
116 31 5 1
116 17 5 0
135 76 6 3
130 104 6 5
134 96 6 4
129 50 6 2
153 92 7 4
158 66 7 3
151 13 7 0
141 114 7 5
165 66 8 3
162 103 8 5
175 93 8 4
178 6 8 0
192 18 9 0
191 169 9 8
182 153 9 7
188 104 9 5
203 8 10 0
216 29 10 1
207 196 10 9
206 66 10 3
225 35 11 1
232 60 11 3
237 15 11 0
227 119 11 5
259 48 12 2
250 122 12 6
247 145 12 7
255 237 12 11
260 58 13 2
269 157 13 7
264 255 13 12
261 230 13 11
288 115 14 5
292 25 14 1
287 175 14 8
294 203 14 10
319 239 15 11
311 166 15 8
307 129 15 6
304 283 15 14
8 283 0 14
18 250 0 12
10 309 0 15
8 268 0 13
28 182 1 9
31 128 1 6
39 166 1 8
24 257 1 12
49 113 2 5
57 222 2 11
45 296 2 14
51 159 2 7
73 258 3 12
75 290 3 14
62 319 3 15
63 269 3 13
