swNum = 320
edgeNum = 1344

0 0
1 0
2 0
3 0
4 0
5 0
6 0
7 0
8 0
9 0
10 0
11 0
12 0
13 0
14 0
15 0
16 0
17 0
18 0
19 0
20 1
21 1
22 1
23 1
24 1
25 1
26 1
27 1
28 1
29 1
30 1
31 1
32 1
33 1
34 1
35 1
36 1
37 1
38 1
39 1
40 2
41 2
42 2
43 2
44 2
45 2
46 2
47 2
48 2
49 2
50 2
51 2
52 2
53 2
54 2
55 2
56 2
57 2
58 2
59 2
60 3
61 3
62 3
63 3
64 3
65 3
66 3
67 3
68 3
69 3
70 3
71 3
72 3
73 3
74 3
75 3
76 3
77 3
78 3
79 3
80 4
81 4
82 4
83 4
84 4
85 4
86 4
87 4
88 4
89 4
90 4
91 4
92 4
93 4
94 4
95 4
96 4
97 4
98 4
99 4
100 5
101 5
102 5
103 5
104 5
105 5
106 5
107 5
108 5
109 5
110 5
111 5
112 5
113 5
114 5
115 5
116 5
117 5
118 5
119 5
120 6
121 6
122 6
123 6
124 6
125 6
126 6
127 6
128 6
129 6
130 6
131 6
132 6
133 6
134 6
135 6
136 6
137 6
138 6
139 6
140 7
141 7
142 7
143 7
144 7
145 7
146 7
147 7
148 7
149 7
150 7
151 7
152 7
153 7
154 7
155 7
156 7
157 7
158 7
159 7
160 8
161 8
162 8
163 8
164 8
165 8
166 8
167 8
168 8
169 8
170 8
171 8
172 8
173 8
174 8
175 8
176 8
177 8
178 8
179 8
180 9
181 9
182 9
183 9
184 9
185 9
186 9
187 9
188 9
189 9
190 9
191 9
192 9
193 9
194 9
195 9
196 9
197 9
198 9
199 9
200 10
201 10
202 10
203 10
204 10
205 10
206 10
207 10
208 10
209 10
210 10
211 10
212 10
213 10
214 10
215 10
216 10
217 10
218 10
219 10
220 11
221 11
222 11
223 11
224 11
225 11
226 11
227 11
228 11
229 11
230 11
231 11
232 11
233 11
234 11
235 11
236 11
237 11
238 11
239 11
240 12
241 12
242 12
243 12
244 12
245 12
246 12
247 12
248 12
249 12
250 12
251 12
252 12
253 12
254 12
255 12
256 12
257 12
258 12
259 12
260 13
261 13
262 13
263 13
264 13
265 13
266 13
267 13
268 13
269 13
270 13
271 13
272 13
273 13
274 13
275 13
276 13
277 13
278 13
279 13
280 14
281 14
282 14
283 14
284 14
285 14
286 14
287 14
288 14
289 14
290 14
291 14
292 14
293 14
294 14
295 14
296 14
297 14
298 14
299 14
300 15
301 15
302 15
303 15
304 15
305 15
306 15
307 15
308 15
309 15
310 15
311 15
312 15
313 15
314 15
315 15
316 15
317 15
318 15
319 15

4 1 0 0
4 2 0 0
4 0 0 0
4 3 0 0
5 4 0 0
5 3 0 0
5 0 0 0
5 1 0 0
6 2 0 0
6 1 0 0
6 3 0 0
6 5 0 0
7 3 0 0
7 1 0 0
7 4 0 0
7 0 0 0
8 5 0 0
8 3 0 0
8 0 0 0
8 1 0 0
9 3 0 0
9 8 0 0
9 5 0 0
9 1 0 0
10 7 0 0
10 0 0 0
10 6 0 0
10 4 0 0
11 9 0 0
11 1 0 0
11 8 0 0
11 3 0 0
12 10 0 0
12 3 0 0
12 4 0 0
12 8 0 0
13 5 0 0
13 9 0 0
13 8 0 0
13 12 0 0
14 10 0 0
14 1 0 0
14 2 0 0
14 0 0 0
15 3 0 0
15 13 0 0
15 0 0 0
15 10 0 0
16 8 0 0
16 12 0 0
16 4 0 0
16 2 0 0
17 14 0 0
17 7 0 0
17 13 0 0
17 8 0 0
18 6 0 0
18 8 0 0
18 5 0 0
18 13 0 0
19 5 0 0
19 3 0 0
19 8 0 0
19 13 0 0
0 11 0 0
0 16 0 0
0 12 0 0
0 9 0 0
1 10 0 0
1 17 0 0
1 12 0 0
1 16 0 0
2 9 0 0
2 7 0 0
2 13 0 0
2 18 0 0
3 18 0 0
3 17 0 0
3 13 0 0
3 16 0 0
24 23 1 1
24 22 1 1
24 21 1 1
24 20 1 1
25 21 1 1
25 23 1 1
25 22 1 1
25 24 1 1
26 25 1 1
26 21 1 1
26 23 1 1
26 22 1 1
27 25 1 1
27 26 1 1
27 21 1 1
27 20 1 1
28 27 1 1
28 26 1 1
28 22 1 1
28 20 1 1
29 21 1 1
29 24 1 1
29 20 1 1
29 26 1 1
30 27 1 1
30 28 1 1
30 25 1 1
30 24 1 1
31 20 1 1
31 28 1 1
31 30 1 1
31 26 1 1
32 29 1 1
32 31 1 1
32 28 1 1
32 25 1 1
33 31 1 1
33 24 1 1
33 21 1 1
33 29 1 1
34 23 1 1
34 21 1 1
34 24 1 1
34 29 1 1
35 26 1 1
35 32 1 1
35 28 1 1
35 27 1 1
36 31 1 1
36 28 1 1
36 32 1 1
36 22 1 1
37 35 1 1
37 22 1 1
37 36 1 1
37 26 1 1
38 25 1 1
38 20 1 1
38 29 1 1
38 24 1 1
39 22 1 1
39 26 1 1
39 33 1 1
39 28 1 1
20 34 1 1
20 25 1 1
20 36 1 1
20 33 1 1
21 28 1 1
21 36 1 1
21 37 1 1
21 32 1 1
22 34 1 1
22 31 1 1
22 32 1 1
22 27 1 1
23 36 1 1
23 33 1 1
23 29 1 1
23 38 1 1
44 43 2 2
44 40 2 2
44 42 2 2
44 41 2 2
45 42 2 2
45 40 2 2
45 41 2 2
45 44 2 2
46 40 2 2
46 43 2 2
46 44 2 2
46 41 2 2
47 42 2 2
47 44 2 2
47 41 2 2
47 46 2 2
48 41 2 2
48 46 2 2
48 47 2 2
48 40 2 2
49 43 2 2
49 46 2 2
49 40 2 2
49 44 2 2
50 44 2 2
50 42 2 2
50 49 2 2
50 40 2 2
51 45 2 2
51 49 2 2
51 50 2 2
51 43 2 2
52 46 2 2
52 49 2 2
52 43 2 2
52 40 2 2
53 51 2 2
53 47 2 2
53 44 2 2
53 41 2 2
54 41 2 2
54 53 2 2
54 48 2 2
54 46 2 2
55 43 2 2
55 44 2 2
55 42 2 2
55 40 2 2
56 50 2 2
56 42 2 2
56 43 2 2
56 40 2 2
57 52 2 2
57 40 2 2
57 42 2 2
57 55 2 2
58 53 2 2
58 41 2 2
58 40 2 2
58 48 2 2
59 50 2 2
59 52 2 2
59 45 2 2
59 49 2 2
40 59 2 2
40 47 2 2
40 53 2 2
40 51 2 2
41 56 2 2
41 57 2 2
41 49 2 2
41 55 2 2
42 46 2 2
42 54 2 2
42 48 2 2
42 53 2 2
43 58 2 2
43 59 2 2
43 47 2 2
43 53 2 2
64 61 3 3
64 62 3 3
64 63 3 3
64 60 3 3
65 62 3 3
65 64 3 3
65 60 3 3
65 63 3 3
66 64 3 3
66 63 3 3
66 65 3 3
66 62 3 3
67 60 3 3
67 65 3 3
67 62 3 3
67 61 3 3
68 66 3 3
68 62 3 3
68 65 3 3
68 63 3 3
69 60 3 3
69 67 3 3
69 65 3 3
69 62 3 3
70 69 3 3
70 65 3 3
70 68 3 3
70 67 3 3
71 70 3 3
71 62 3 3
71 67 3 3
71 63 3 3
72 62 3 3
72 61 3 3
72 63 3 3
72 64 3 3
73 70 3 3
73 65 3 3
73 72 3 3
73 69 3 3
74 73 3 3
74 60 3 3
74 65 3 3
74 70 3 3
75 72 3 3
75 70 3 3
75 73 3 3
75 63 3 3
76 65 3 3
76 66 3 3
76 68 3 3
76 74 3 3
77 64 3 3
77 65 3 3
77 73 3 3
77 74 3 3
78 63 3 3
78 73 3 3
78 60 3 3
78 66 3 3
79 74 3 3
79 66 3 3
79 63 3 3
79 64 3 3
60 66 3 3
60 75 3 3
60 71 3 3
60 77 3 3
61 65 3 3
61 77 3 3
61 73 3 3
61 75 3 3
62 75 3 3
62 74 3 3
62 70 3 3
62 73 3 3
63 70 3 3
63 74 3 3
63 67 3 3
63 77 3 3
84 82 4 4
84 80 4 4
84 81 4 4
84 83 4 4
85 83 4 4
85 82 4 4
85 80 4 4
85 84 4 4
86 81 4 4
86 80 4 4
86 84 4 4
86 83 4 4
87 80 4 4
87 85 4 4
87 81 4 4
87 86 4 4
88 86 4 4
88 81 4 4
88 82 4 4
88 80 4 4
89 87 4 4
89 85 4 4
89 82 4 4
89 88 4 4
90 86 4 4
90 88 4 4
90 84 4 4
90 82 4 4
91 90 4 4
91 83 4 4
91 81 4 4
91 84 4 4
92 84 4 4
92 85 4 4
92 91 4 4
92 89 4 4
93 88 4 4
93 90 4 4
93 86 4 4
93 91 4 4
94 84 4 4
94 81 4 4
94 80 4 4
94 86 4 4
95 83 4 4
95 90 4 4
95 93 4 4
95 89 4 4
96 86 4 4
96 80 4 4
96 89 4 4
96 82 4 4
97 94 4 4
97 89 4 4
97 96 4 4
97 87 4 4
98 92 4 4
98 88 4 4
98 95 4 4
98 84 4 4
99 96 4 4
99 88 4 4
99 97 4 4
99 93 4 4
80 90 4 4
80 99 4 4
80 93 4 4
80 95 4 4
81 90 4 4
81 92 4 4
81 96 4 4
81 95 4 4
82 98 4 4
82 93 4 4
82 97 4 4
82 94 4 4
83 96 4 4
83 88 4 4
83 94 4 4
83 87 4 4
104 103 5 5
104 102 5 5
104 100 5 5
104 101 5 5
105 101 5 5
105 104 5 5
105 102 5 5
105 103 5 5
106 105 5 5
106 102 5 5
106 101 5 5
106 100 5 5
107 102 5 5
107 104 5 5
107 103 5 5
107 100 5 5
108 103 5 5
108 104 5 5
108 100 5 5
108 105 5 5
109 107 5 5
109 104 5 5
109 101 5 5
109 100 5 5
110 104 5 5
110 100 5 5
110 108 5 5
110 109 5 5
111 108 5 5
111 105 5 5
111 104 5 5
111 107 5 5
112 103 5 5
112 109 5 5
112 107 5 5
112 104 5 5
113 111 5 5
113 102 5 5
113 104 5 5
113 109 5 5
114 102 5 5
114 104 5 5
114 103 5 5
114 106 5 5
115 113 5 5
115 102 5 5
115 109 5 5
115 104 5 5
116 100 5 5
116 115 5 5
116 111 5 5
116 107 5 5
117 105 5 5
117 106 5 5
117 115 5 5
117 113 5 5
118 114 5 5
118 107 5 5
118 110 5 5
118 112 5 5
119 102 5 5
119 101 5 5
119 108 5 5
119 107 5 5
100 111 5 5
100 112 5 5
100 118 5 5
100 115 5 5
101 111 5 5
101 118 5 5
101 108 5 5
101 115 5 5
102 108 5 5
102 117 5 5
102 111 5 5
102 109 5 5
103 110 5 5
103 118 5 5
103 109 5 5
103 116 5 5
124 123 6 6
124 121 6 6
124 120 6 6
124 122 6 6
125 124 6 6
125 122 6 6
125 121 6 6
125 123 6 6
126 122 6 6
126 124 6 6
126 123 6 6
126 125 6 6
127 126 6 6
127 125 6 6
127 124 6 6
127 121 6 6
128 123 6 6
128 127 6 6
128 124 6 6
128 122 6 6
129 120 6 6
129 123 6 6
129 124 6 6
129 125 6 6
130 129 6 6
130 120 6 6
130 122 6 6
130 128 6 6
131 124 6 6
131 125 6 6
131 120 6 6
131 127 6 6
132 128 6 6
132 131 6 6
132 123 6 6
132 120 6 6
133 122 6 6
133 126 6 6
133 124 6 6
133 125 6 6
134 122 6 6
134 131 6 6
134 127 6 6
134 121 6 6
135 123 6 6
135 122 6 6
135 131 6 6
135 125 6 6
136 131 6 6
136 128 6 6
136 132 6 6
136 134 6 6
137 132 6 6
137 127 6 6
137 123 6 6
137 136 6 6
138 120 6 6
138 124 6 6
138 126 6 6
138 132 6 6
139 124 6 6
139 130 6 6
139 131 6 6
139 135 6 6
120 134 6 6
120 135 6 6
120 136 6 6
120 139 6 6
121 138 6 6
121 129 6 6
121 139 6 6
121 131 6 6
122 127 6 6
122 138 6 6
122 131 6 6
122 139 6 6
123 131 6 6
123 127 6 6
123 134 6 6
123 139 6 6
144 143 7 7
144 140 7 7
144 141 7 7
144 142 7 7
145 144 7 7
145 140 7 7
145 142 7 7
145 141 7 7
146 141 7 7
146 144 7 7
146 140 7 7
146 145 7 7
147 146 7 7
147 140 7 7
147 143 7 7
147 142 7 7
148 143 7 7
148 142 7 7
148 144 7 7
148 141 7 7
149 140 7 7
149 145 7 7
149 146 7 7
149 147 7 7
150 145 7 7
150 140 7 7
150 144 7 7
150 146 7 7
151 142 7 7
151 148 7 7
151 140 7 7
151 144 7 7
152 145 7 7
152 148 7 7
152 144 7 7
152 149 7 7
153 147 7 7
153 144 7 7
153 141 7 7
153 143 7 7
154 153 7 7
154 142 7 7
154 147 7 7
154 150 7 7
155 140 7 7
155 152 7 7
155 142 7 7
155 146 7 7
156 154 7 7
156 148 7 7
156 151 7 7
156 155 7 7
157 155 7 7
157 154 7 7
157 146 7 7
157 150 7 7
158 157 7 7
158 144 7 7
158 149 7 7
158 155 7 7
159 140 7 7
159 149 7 7
159 155 7 7
159 145 7 7
140 148 7 7
140 152 7 7
140 156 7 7
140 154 7 7
141 159 7 7
141 152 7 7
141 156 7 7
141 151 7 7
142 152 7 7
142 146 7 7
142 149 7 7
142 150 7 7
143 151 7 7
143 150 7 7
143 158 7 7
143 155 7 7
164 160 8 8
164 162 8 8
164 161 8 8
164 163 8 8
165 160 8 8
165 161 8 8
165 163 8 8
165 164 8 8
166 164 8 8
166 163 8 8
166 165 8 8
166 162 8 8
167 162 8 8
167 165 8 8
167 166 8 8
167 164 8 8
168 167 8 8
168 160 8 8
168 165 8 8
168 164 8 8
169 166 8 8
169 168 8 8
169 164 8 8
169 161 8 8
170 165 8 8
170 167 8 8
170 166 8 8
170 162 8 8
171 166 8 8
171 170 8 8
171 162 8 8
171 168 8 8
172 161 8 8
172 169 8 8
172 171 8 8
172 163 8 8
173 168 8 8
173 169 8 8
173 160 8 8
173 161 8 8
174 162 8 8
174 167 8 8
174 165 8 8
174 160 8 8
175 160 8 8
175 169 8 8
175 172 8 8
175 163 8 8
176 161 8 8
176 167 8 8
176 172 8 8
176 162 8 8
177 167 8 8
177 174 8 8
177 166 8 8
177 176 8 8
178 160 8 8
178 161 8 8
178 173 8 8
178 167 8 8
179 165 8 8
179 170 8 8
179 177 8 8
179 171 8 8
160 169 8 8
160 170 8 8
160 171 8 8
160 172 8 8
161 168 8 8
161 170 8 8
161 175 8 8
161 177 8 8
162 168 8 8
162 178 8 8
162 172 8 8
162 165 8 8
163 173 8 8
163 179 8 8
163 169 8 8
163 176 8 8
184 182 9 9
184 180 9 9
184 183 9 9
184 181 9 9
185 184 9 9
185 180 9 9
185 181 9 9
185 183 9 9
186 183 9 9
186 184 9 9
186 181 9 9
186 182 9 9
187 183 9 9
187 186 9 9
187 182 9 9
187 181 9 9
188 185 9 9
188 187 9 9
188 180 9 9
188 186 9 9
189 183 9 9
189 187 9 9
189 186 9 9
189 182 9 9
190 188 9 9
190 185 9 9
190 184 9 9
190 189 9 9
191 182 9 9
191 186 9 9
191 187 9 9
191 180 9 9
192 185 9 9
192 191 9 9
192 188 9 9
192 182 9 9
193 189 9 9
193 182 9 9
193 184 9 9
193 186 9 9
194 187 9 9
194 188 9 9
194 192 9 9
194 189 9 9
195 188 9 9
195 192 9 9
195 180 9 9
195 194 9 9
196 181 9 9
196 189 9 9
196 187 9 9
196 184 9 9
197 189 9 9
197 193 9 9
197 185 9 9
197 190 9 9
198 193 9 9
198 188 9 9
198 180 9 9
198 194 9 9
199 194 9 9
199 184 9 9
199 192 9 9
199 195 9 9
180 192 9 9
180 187 9 9
180 190 9 9
180 196 9 9
181 189 9 9
181 192 9 9
181 191 9 9
181 199 9 9
182 185 9 9
182 195 9 9
182 199 9 9
182 188 9 9
183 196 9 9
183 194 9 9
183 198 9 9
183 193 9 9
204 202 10 10
204 203 10 10
204 201 10 10
204 200 10 10
205 203 10 10
205 204 10 10
205 200 10 10
205 202 10 10
206 202 10 10
206 205 10 10
206 203 10 10
206 201 10 10
207 203 10 10
207 204 10 10
207 205 10 10
207 202 10 10
208 205 10 10
208 200 10 10
208 201 10 10
208 204 10 10
209 206 10 10
209 205 10 10
209 208 10 10
209 204 10 10
210 205 10 10
210 202 10 10
210 203 10 10
210 208 10 10
211 210 10 10
211 208 10 10
211 206 10 10
211 200 10 10
212 206 10 10
212 203 10 10
212 208 10 10
212 200 10 10
213 201 10 10
213 202 10 10
213 207 10 10
213 211 10 10
214 204 10 10
214 211 10 10
214 213 10 10
214 202 10 10
215 209 10 10
215 210 10 10
215 204 10 10
215 202 10 10
216 206 10 10
216 212 10 10
216 204 10 10
216 211 10 10
217 202 10 10
217 203 10 10
217 215 10 10
217 206 10 10
218 202 10 10
218 203 10 10
218 210 10 10
218 217 10 10
219 218 10 10
219 207 10 10
219 210 10 10
219 203 10 10
200 215 10 10
200 216 10 10
200 210 10 10
200 209 10 10
201 210 10 10
201 218 10 10
201 217 10 10
201 219 10 10
202 219 10 10
202 212 10 10
202 216 10 10
202 211 10 10
203 213 10 10
203 214 10 10
203 209 10 10
203 215 10 10
224 223 11 11
224 222 11 11
224 221 11 11
224 220 11 11
225 224 11 11
225 223 11 11
225 222 11 11
225 221 11 11
226 222 11 11
226 225 11 11
226 221 11 11
226 223 11 11
227 223 11 11
227 222 11 11
227 225 11 11
227 224 11 11
228 222 11 11
228 224 11 11
228 227 11 11
228 223 11 11
229 222 11 11
229 224 11 11
229 223 11 11
229 228 11 11
230 226 11 11
230 222 11 11
230 229 11 11
230 223 11 11
231 228 11 11
231 220 11 11
231 222 11 11
231 230 11 11
232 220 11 11
232 221 11 11
232 225 11 11
232 226 11 11
233 225 11 11
233 224 11 11
233 222 11 11
233 228 11 11
234 223 11 11
234 228 11 11
234 233 11 11
234 222 11 11
235 234 11 11
235 231 11 11
235 223 11 11
235 225 11 11
236 229 11 11
236 233 11 11
236 228 11 11
236 221 11 11
237 221 11 11
237 220 11 11
237 228 11 11
237 227 11 11
238 221 11 11
238 230 11 11
238 231 11 11
238 222 11 11
239 229 11 11
239 236 11 11
239 221 11 11
239 228 11 11
220 234 11 11
220 238 11 11
220 226 11 11
220 229 11 11
221 231 11 11
221 235 11 11
221 230 11 11
221 229 11 11
222 236 11 11
222 235 11 11
222 237 11 11
222 232 11 11
223 238 11 11
223 237 11 11
223 231 11 11
223 233 11 11
244 242 12 12
244 240 12 12
244 243 12 12
244 241 12 12
245 241 12 12
245 244 12 12
245 243 12 12
245 242 12 12
246 242 12 12
246 245 12 12
246 244 12 12
246 241 12 12
247 240 12 12
247 243 12 12
247 244 12 12
247 241 12 12
248 245 12 12
248 246 12 12
248 242 12 12
248 244 12 12
249 241 12 12
249 240 12 12
249 247 12 12
249 243 12 12
250 243 12 12
250 246 12 12
250 245 12 12
250 247 12 12
251 250 12 12
251 241 12 12
251 245 12 12
251 242 12 12
252 243 12 12
252 248 12 12
252 242 12 12
252 249 12 12
253 248 12 12
253 252 12 12
253 242 12 12
253 241 12 12
254 253 12 12
254 252 12 12
254 245 12 12
254 244 12 12
255 243 12 12
255 249 12 12
255 240 12 12
255 244 12 12
256 249 12 12
256 247 12 12
256 253 12 12
256 243 12 12
257 250 12 12
257 252 12 12
257 248 12 12
257 245 12 12
258 245 12 12
258 252 12 12
258 242 12 12
258 247 12 12
259 243 12 12
259 258 12 12
259 245 12 12
259 242 12 12
240 256 12 12
240 246 12 12
240 252 12 12
240 258 12 12
241 255 12 12
241 250 12 12
241 254 12 12
241 258 12 12
242 247 12 12
242 254 12 12
242 256 12 12
242 257 12 12
243 254 12 12
243 251 12 12
243 248 12 12
243 258 12 12
264 263 13 13
264 261 13 13
264 260 13 13
264 262 13 13
265 263 13 13
265 260 13 13
265 261 13 13
265 264 13 13
266 261 13 13
266 260 13 13
266 265 13 13
266 263 13 13
267 263 13 13
267 260 13 13
267 262 13 13
267 265 13 13
268 264 13 13
268 265 13 13
268 262 13 13
268 260 13 13
269 265 13 13
269 263 13 13
269 268 13 13
269 262 13 13
270 263 13 13
270 269 13 13
270 268 13 13
270 267 13 13
271 260 13 13
271 265 13 13
271 262 13 13
271 261 13 13
272 269 13 13
272 263 13 13
272 270 13 13
272 268 13 13
273 269 13 13
273 272 13 13
273 264 13 13
273 265 13 13
274 262 13 13
274 268 13 13
274 264 13 13
274 261 13 13
275 273 13 13
275 268 13 13
275 271 13 13
275 261 13 13
276 263 13 13
276 270 13 13
276 260 13 13
276 269 13 13
277 268 13 13
277 270 13 13
277 264 13 13
277 271 13 13
278 276 13 13
278 277 13 13
278 274 13 13
278 272 13 13
279 269 13 13
279 265 13 13
279 276 13 13
279 275 13 13
260 274 13 13
260 273 13 13
260 279 13 13
260 275 13 13
261 277 13 13
261 273 13 13
261 276 13 13
261 270 13 13
262 279 13 13
262 266 13 13
262 275 13 13
262 276 13 13
263 278 13 13
263 279 13 13
263 275 13 13
263 268 13 13
284 280 14 14
284 281 14 14
284 282 14 14
284 283 14 14
285 283 14 14
285 282 14 14
285 281 14 14
285 280 14 14
286 285 14 14
286 281 14 14
286 284 14 14
286 280 14 14
287 286 14 14
287 280 14 14
287 281 14 14
287 282 14 14
288 285 14 14
288 287 14 14
288 283 14 14
288 280 14 14
289 288 14 14
289 286 14 14
289 287 14 14
289 284 14 14
290 283 14 14
290 287 14 14
290 289 14 14
290 284 14 14
291 285 14 14
291 283 14 14
291 288 14 14
291 289 14 14
292 284 14 14
292 290 14 14
292 282 14 14
292 280 14 14
293 281 14 14
293 286 14 14
293 290 14 14
293 291 14 14
294 292 14 14
294 287 14 14
294 281 14 14
294 285 14 14
295 289 14 14
295 292 14 14
295 281 14 14
295 293 14 14
296 293 14 14
296 284 14 14
296 290 14 14
296 281 14 14
297 294 14 14
297 290 14 14
297 287 14 14
297 283 14 14
298 296 14 14
298 282 14 14
298 281 14 14
298 295 14 14
299 295 14 14
299 294 14 14
299 286 14 14
299 282 14 14
280 296 14 14
280 298 14 14
280 291 14 14
280 299 14 14
281 299 14 14
281 297 14 14
281 289 14 14
281 290 14 14
282 296 14 14
282 291 14 14
282 294 14 14
282 290 14 14
283 287 14 14
283 286 14 14
283 293 14 14
283 289 14 14
304 303 15 15
304 300 15 15
304 301 15 15
304 302 15 15
305 304 15 15
305 300 15 15
305 303 15 15
305 301 15 15
306 302 15 15
306 301 15 15
306 300 15 15
306 305 15 15
307 306 15 15
307 305 15 15
307 300 15 15
307 302 15 15
308 305 15 15
308 301 15 15
308 303 15 15
308 306 15 15
309 305 15 15
309 303 15 15
309 300 15 15
309 308 15 15
310 305 15 15
310 307 15 15
310 302 15 15
310 303 15 15
311 302 15 15
311 307 15 15
311 304 15 15
311 309 15 15
312 302 15 15
312 306 15 15
312 308 15 15
312 301 15 15
313 307 15 15
313 303 15 15
313 306 15 15
313 308 15 15
314 307 15 15
314 309 15 15
314 306 15 15
314 305 15 15
315 304 15 15
315 313 15 15
315 306 15 15
315 301 15 15
316 311 15 15
316 313 15 15
316 302 15 15
316 305 15 15
317 309 15 15
317 308 15 15
317 310 15 15
317 302 15 15
318 302 15 15
318 315 15 15
318 313 15 15
318 309 15 15
319 307 15 15
319 314 15 15
319 308 15 15
319 300 15 15
300 317 15 15
300 310 15 15
300 314 15 15
300 316 15 15
301 317 15 15
301 318 15 15
301 313 15 15
301 316 15 15
302 309 15 15
302 313 15 15
302 308 15 15
302 319 15 15
303 307 15 15
303 316 15 15
303 314 15 15
303 306 15 15
87 30 4 1
97 4 4 0
92 59 4 2
94 66 4 3
109 11 5 0
109 28 5 1
117 86 5 4
100 48 5 2
122 40 6 2
129 79 6 3
120 95 6 4
122 20 6 1
142 27 7 1
158 130 7 6
150 112 7 5
145 96 7 4
167 156 8 7
176 21 8 1
174 0 8 0
170 109 8 5
182 122 9 6
184 71 9 3
192 85 9 4
185 157 9 7
214 172 10 8
202 147 10 7
208 24 10 1
204 184 10 9
235 166 11 8
233 67 11 3
230 1 11 0
229 84 11 4
256 227 12 11
248 88 12 4
250 115 12 5
249 11 12 0
260 41 13 2
265 92 13 4
267 219 13 10
277 127 13 6
284 64 14 3
285 200 14 10
293 224 14 11
292 268 14 13
307 1 15 0
306 177 15 8
309 135 15 6
316 110 15 5
11 213 0 10
7 271 0 13
4 149 0 7
7 284 0 14
29 238 1 11
24 306 1 15
34 258 1 12
28 262 1 13
58 209 2 10
59 231 2 11
51 302 2 15
55 240 2 12
73 262 3 13
69 115 3 5
77 242 3 12
64 150 3 7
