swNum = 320
edgeNum = 1344

0 0
1 0
2 0
3 0
4 0
5 0
6 0
7 0
8 0
9 0
10 0
11 0
12 0
13 0
14 0
15 0
16 0
17 0
18 0
19 0
20 1
21 1
22 1
23 1
24 1
25 1
26 1
27 1
28 1
29 1
30 1
31 1
32 1
33 1
34 1
35 1
36 1
37 1
38 1
39 1
40 2
41 2
42 2
43 2
44 2
45 2
46 2
47 2
48 2
49 2
50 2
51 2
52 2
53 2
54 2
55 2
56 2
57 2
58 2
59 2
60 3
61 3
62 3
63 3
64 3
65 3
66 3
67 3
68 3
69 3
70 3
71 3
72 3
73 3
74 3
75 3
76 3
77 3
78 3
79 3
80 4
81 4
82 4
83 4
84 4
85 4
86 4
87 4
88 4
89 4
90 4
91 4
92 4
93 4
94 4
95 4
96 4
97 4
98 4
99 4
100 5
101 5
102 5
103 5
104 5
105 5
106 5
107 5
108 5
109 5
110 5
111 5
112 5
113 5
114 5
115 5
116 5
117 5
118 5
119 5
120 6
121 6
122 6
123 6
124 6
125 6
126 6
127 6
128 6
129 6
130 6
131 6
132 6
133 6
134 6
135 6
136 6
137 6
138 6
139 6
140 7
141 7
142 7
143 7
144 7
145 7
146 7
147 7
148 7
149 7
150 7
151 7
152 7
153 7
154 7
155 7
156 7
157 7
158 7
159 7
160 8
161 8
162 8
163 8
164 8
165 8
166 8
167 8
168 8
169 8
170 8
171 8
172 8
173 8
174 8
175 8
176 8
177 8
178 8
179 8
180 9
181 9
182 9
183 9
184 9
185 9
186 9
187 9
188 9
189 9
190 9
191 9
192 9
193 9
194 9
195 9
196 9
197 9
198 9
199 9
200 10
201 10
202 10
203 10
204 10
205 10
206 10
207 10
208 10
209 10
210 10
211 10
212 10
213 10
214 10
215 10
216 10
217 10
218 10
219 10
220 11
221 11
222 11
223 11
224 11
225 11
226 11
227 11
228 11
229 11
230 11
231 11
232 11
233 11
234 11
235 11
236 11
237 11
238 11
239 11
240 12
241 12
242 12
243 12
244 12
245 12
246 12
247 12
248 12
249 12
250 12
251 12
252 12
253 12
254 12
255 12
256 12
257 12
258 12
259 12
260 13
261 13
262 13
263 13
264 13
265 13
266 13
267 13
268 13
269 13
270 13
271 13
272 13
273 13
274 13
275 13
276 13
277 13
278 13
279 13
280 14
281 14
282 14
283 14
284 14
285 14
286 14
287 14
288 14
289 14
290 14
291 14
292 14
293 14
294 14
295 14
296 14
297 14
298 14
299 14
300 15
301 15
302 15
303 15
304 15
305 15
306 15
307 15
308 15
309 15
310 15
311 15
312 15
313 15
314 15
315 15
316 15
317 15
318 15
319 15

4 0 0 0
4 2 0 0
4 1 0 0
4 3 0 0
5 1 0 0
5 4 0 0
5 0 0 0
5 2 0 0
6 4 0 0
6 5 0 0
6 1 0 0
6 0 0 0
7 5 0 0
7 4 0 0
7 3 0 0
7 1 0 0
8 3 0 0
8 7 0 0
8 1 0 0
8 6 0 0
9 2 0 0
9 6 0 0
9 0 0 0
9 8 0 0
10 2 0 0
10 3 0 0
10 4 0 0
10 6 0 0
11 2 0 0
11 5 0 0
11 6 0 0
11 0 0 0
12 4 0 0
12 9 0 0
12 0 0 0
12 7 0 0
13 1 0 0
13 7 0 0
13 12 0 0
13 11 0 0
14 1 0 0
14 4 0 0
14 10 0 0
14 7 0 0
15 4 0 0
15 0 0 0
15 7 0 0
15 2 0 0
16 7 0 0
16 5 0 0
16 11 0 0
16 13 0 0
17 3 0 0
17 11 0 0
17 14 0 0
17 16 0 0
18 8 0 0
18 12 0 0
18 1 0 0
18 14 0 0
19 16 0 0
19 5 0 0
19 17 0 0
19 11 0 0
0 18 0 0
0 8 0 0
0 7 0 0
0 17 0 0
1 12 0 0
1 15 0 0
1 9 0 0
1 19 0 0
2 17 0 0
2 13 0 0
2 14 0 0
2 16 0 0
3 9 0 0
3 18 0 0
3 14 0 0
3 12 0 0
24 20 1 1
24 23 1 1
24 22 1 1
24 21 1 1
25 20 1 1
25 22 1 1
25 23 1 1
25 21 1 1
26 23 1 1
26 24 1 1
26 21 1 1
26 25 1 1
27 26 1 1
27 25 1 1
27 21 1 1
27 23 1 1
28 23 1 1
28 26 1 1
28 21 1 1
28 25 1 1
29 26 1 1
29 21 1 1
29 28 1 1
29 23 1 1
30 22 1 1
30 20 1 1
30 21 1 1
30 26 1 1
31 26 1 1
31 25 1 1
31 27 1 1
31 24 1 1
32 30 1 1
32 23 1 1
32 20 1 1
32 28 1 1
33 20 1 1
33 21 1 1
33 23 1 1
33 29 1 1
34 26 1 1
34 33 1 1
34 22 1 1
34 20 1 1
35 27 1 1
35 23 1 1
35 21 1 1
35 26 1 1
36 25 1 1
36 28 1 1
36 33 1 1
36 21 1 1
37 22 1 1
37 31 1 1
37 32 1 1
37 27 1 1
38 31 1 1
38 26 1 1
38 24 1 1
38 34 1 1
39 38 1 1
39 37 1 1
39 22 1 1
39 30 1 1
20 28 1 1
20 35 1 1
20 38 1 1
20 29 1 1
21 31 1 1
21 38 1 1
21 37 1 1
21 34 1 1
22 32 1 1
22 33 1 1
22 31 1 1
22 28 1 1
23 31 1 1
23 39 1 1
23 38 1 1
23 30 1 1
44 43 2 2
44 42 2 2
44 41 2 2
44 40 2 2
45 42 2 2
45 41 2 2
45 43 2 2
45 40 2 2
46 43 2 2
46 42 2 2
46 41 2 2
46 45 2 2
47 40 2 2
47 41 2 2
47 42 2 2
47 43 2 2
48 44 2 2
48 46 2 2
48 45 2 2
48 43 2 2
49 46 2 2
49 42 2 2
49 43 2 2
49 44 2 2
50 40 2 2
50 48 2 2
50 46 2 2
50 43 2 2
51 42 2 2
51 48 2 2
51 43 2 2
51 41 2 2
52 49 2 2
52 51 2 2
52 43 2 2
52 47 2 2
53 45 2 2
53 52 2 2
53 49 2 2
53 50 2 2
54 53 2 2
54 45 2 2
54 52 2 2
54 49 2 2
55 42 2 2
55 49 2 2
55 52 2 2
55 53 2 2
56 55 2 2
56 42 2 2
56 40 2 2
56 43 2 2
57 47 2 2
57 41 2 2
57 51 2 2
57 42 2 2
58 40 2 2
58 41 2 2
58 56 2 2
58 57 2 2
59 44 2 2
59 42 2 2
59 55 2 2
59 47 2 2
40 46 2 2
40 48 2 2
40 52 2 2
40 51 2 2
41 49 2 2
41 52 2 2
41 50 2 2
41 48 2 2
42 50 2 2
42 53 2 2
42 54 2 2
42 52 2 2
43 55 2 2
43 58 2 2
43 54 2 2
43 57 2 2
64 63 3 3
64 60 3 3
64 61 3 3
64 62 3 3
65 60 3 3
65 64 3 3
65 62 3 3
65 63 3 3
66 61 3 3
66 62 3 3
66 60 3 3
66 63 3 3
67 65 3 3
67 63 3 3
67 64 3 3
67 66 3 3
68 66 3 3
68 62 3 3
68 67 3 3
68 60 3 3
69 64 3 3
69 62 3 3
69 63 3 3
69 68 3 3
70 67 3 3
70 64 3 3
70 65 3 3
70 62 3 3
71 70 3 3
71 62 3 3
71 66 3 3
71 68 3 3
72 63 3 3
72 69 3 3
72 64 3 3
72 60 3 3
73 66 3 3
73 60 3 3
73 72 3 3
73 71 3 3
74 62 3 3
74 61 3 3
74 73 3 3
74 63 3 3
75 63 3 3
75 64 3 3
75 60 3 3
75 74 3 3
76 72 3 3
76 64 3 3
76 75 3 3
76 60 3 3
77 70 3 3
77 66 3 3
77 74 3 3
77 71 3 3
78 62 3 3
78 63 3 3
78 71 3 3
78 61 3 3
79 73 3 3
79 72 3 3
79 71 3 3
79 66 3 3
60 70 3 3
60 79 3 3
60 74 3 3
60 71 3 3
61 77 3 3
61 72 3 3
61 73 3 3
61 76 3 3
62 79 3 3
62 76 3 3
62 72 3 3
62 73 3 3
63 70 3 3
63 79 3 3
63 68 3 3
63 76 3 3
84 83 4 4
84 80 4 4
84 81 4 4
84 82 4 4
85 83 4 4
85 84 4 4
85 81 4 4
85 80 4 4
86 83 4 4
86 81 4 4
86 84 4 4
86 80 4 4
87 86 4 4
87 82 4 4
87 83 4 4
87 81 4 4
88 80 4 4
88 86 4 4
88 85 4 4
88 84 4 4
89 82 4 4
89 86 4 4
89 87 4 4
89 80 4 4
90 83 4 4
90 81 4 4
90 85 4 4
90 80 4 4
91 86 4 4
91 82 4 4
91 84 4 4
91 80 4 4
92 90 4 4
92 80 4 4
92 85 4 4
92 81 4 4
93 83 4 4
93 84 4 4
93 89 4 4
93 92 4 4
94 84 4 4
94 81 4 4
94 92 4 4
94 93 4 4
95 90 4 4
95 85 4 4
95 80 4 4
95 94 4 4
96 87 4 4
96 88 4 4
96 83 4 4
96 91 4 4
97 93 4 4
97 87 4 4
97 82 4 4
97 96 4 4
98 95 4 4
98 94 4 4
98 88 4 4
98 97 4 4
99 95 4 4
99 89 4 4
99 93 4 4
99 94 4 4
80 98 4 4
80 97 4 4
80 87 4 4
80 93 4 4
81 93 4 4
81 89 4 4
81 91 4 4
81 97 4 4
82 93 4 4
82 98 4 4
82 88 4 4
82 96 4 4
83 94 4 4
83 99 4 4
83 97 4 4
83 91 4 4
104 103 5 5
104 101 5 5
104 102 5 5
104 100 5 5
105 100 5 5
105 104 5 5
105 102 5 5
105 103 5 5
106 102 5 5
106 100 5 5
106 104 5 5
106 103 5 5
107 105 5 5
107 100 5 5
107 102 5 5
107 101 5 5
108 101 5 5
108 105 5 5
108 103 5 5
108 107 5 5
109 105 5 5
109 100 5 5
109 104 5 5
109 107 5 5
110 105 5 5
110 108 5 5
110 109 5 5
110 101 5 5
111 106 5 5
111 110 5 5
111 100 5 5
111 101 5 5
112 102 5 5
112 104 5 5
112 107 5 5
112 109 5 5
113 103 5 5
113 108 5 5
113 109 5 5
113 100 5 5
114 103 5 5
114 106 5 5
114 110 5 5
114 100 5 5
115 100 5 5
115 101 5 5
115 105 5 5
115 111 5 5
116 111 5 5
116 107 5 5
116 103 5 5
116 105 5 5
117 101 5 5
117 105 5 5
117 116 5 5
117 103 5 5
118 108 5 5
118 104 5 5
118 114 5 5
118 112 5 5
119 112 5 5
119 113 5 5
119 114 5 5
119 104 5 5
100 108 5 5
100 110 5 5
100 118 5 5
100 112 5 5
101 106 5 5
101 112 5 5
101 114 5 5
101 113 5 5
102 110 5 5
102 116 5 5
102 115 5 5
102 117 5 5
103 107 5 5
103 110 5 5
103 109 5 5
103 111 5 5
124 123 6 6
124 121 6 6
124 120 6 6
124 122 6 6
125 120 6 6
125 124 6 6
125 123 6 6
125 122 6 6
126 122 6 6
126 120 6 6
126 124 6 6
126 121 6 6
127 126 6 6
127 122 6 6
127 125 6 6
127 124 6 6
128 126 6 6
128 120 6 6
128 122 6 6
128 124 6 6
129 123 6 6
129 122 6 6
129 124 6 6
129 121 6 6
130 129 6 6
130 123 6 6
130 127 6 6
130 122 6 6
131 123 6 6
131 124 6 6
131 129 6 6
131 125 6 6
132 120 6 6
132 129 6 6
132 130 6 6
132 123 6 6
133 123 6 6
133 131 6 6
133 124 6 6
133 132 6 6
134 124 6 6
134 127 6 6
134 125 6 6
134 133 6 6
135 129 6 6
135 123 6 6
135 127 6 6
135 130 6 6
136 126 6 6
136 128 6 6
136 124 6 6
136 120 6 6
137 124 6 6
137 129 6 6
137 135 6 6
137 133 6 6
138 134 6 6
138 133 6 6
138 131 6 6
138 120 6 6
139 134 6 6
139 132 6 6
139 136 6 6
139 125 6 6
120 127 6 6
120 135 6 6
120 131 6 6
120 139 6 6
121 131 6 6
121 127 6 6
121 128 6 6
121 134 6 6
122 136 6 6
122 132 6 6
122 135 6 6
122 134 6 6
123 136 6 6
123 138 6 6
123 139 6 6
123 128 6 6
144 142 7 7
144 140 7 7
144 141 7 7
144 143 7 7
145 144 7 7
145 140 7 7
145 141 7 7
145 142 7 7
146 142 7 7
146 140 7 7
146 145 7 7
146 144 7 7
147 143 7 7
147 144 7 7
147 145 7 7
147 146 7 7
148 146 7 7
148 141 7 7
148 147 7 7
148 143 7 7
149 141 7 7
149 145 7 7
149 147 7 7
149 148 7 7
150 146 7 7
150 140 7 7
150 142 7 7
150 147 7 7
151 143 7 7
151 149 7 7
151 148 7 7
151 150 7 7
152 143 7 7
152 149 7 7
152 141 7 7
152 146 7 7
153 144 7 7
153 146 7 7
153 142 7 7
153 140 7 7
154 140 7 7
154 152 7 7
154 142 7 7
154 149 7 7
155 148 7 7
155 146 7 7
155 149 7 7
155 154 7 7
156 140 7 7
156 155 7 7
156 143 7 7
156 146 7 7
157 140 7 7
157 144 7 7
157 150 7 7
157 143 7 7
158 144 7 7
158 141 7 7
158 147 7 7
158 142 7 7
159 144 7 7
159 142 7 7
159 153 7 7
159 151 7 7
140 147 7 7
140 149 7 7
140 152 7 7
140 148 7 7
141 154 7 7
141 156 7 7
141 157 7 7
141 159 7 7
142 157 7 7
142 147 7 7
142 151 7 7
142 148 7 7
143 150 7 7
143 145 7 7
143 149 7 7
143 153 7 7
164 163 8 8
164 162 8 8
164 160 8 8
164 161 8 8
165 163 8 8
165 160 8 8
165 164 8 8
165 162 8 8
166 164 8 8
166 163 8 8
166 162 8 8
166 160 8 8
167 162 8 8
167 163 8 8
167 165 8 8
167 160 8 8
168 160 8 8
168 163 8 8
168 161 8 8
168 165 8 8
169 168 8 8
169 160 8 8
169 163 8 8
169 161 8 8
170 160 8 8
170 165 8 8
170 162 8 8
170 169 8 8
171 165 8 8
171 170 8 8
171 160 8 8
171 162 8 8
172 169 8 8
172 162 8 8
172 160 8 8
172 165 8 8
173 169 8 8
173 172 8 8
173 171 8 8
173 160 8 8
174 173 8 8
174 171 8 8
174 160 8 8
174 163 8 8
175 164 8 8
175 168 8 8
175 166 8 8
175 162 8 8
176 172 8 8
176 164 8 8
176 171 8 8
176 170 8 8
177 171 8 8
177 165 8 8
177 166 8 8
177 168 8 8
178 174 8 8
178 167 8 8
178 177 8 8
178 171 8 8
179 162 8 8
179 171 8 8
179 173 8 8
179 170 8 8
160 177 8 8
160 176 8 8
160 178 8 8
160 175 8 8
161 176 8 8
161 173 8 8
161 172 8 8
161 175 8 8
162 178 8 8
162 177 8 8
162 169 8 8
162 176 8 8
163 175 8 8
163 170 8 8
163 176 8 8
163 177 8 8
184 180 9 9
184 183 9 9
184 182 9 9
184 181 9 9
185 182 9 9
185 183 9 9
185 181 9 9
185 184 9 9
186 182 9 9
186 185 9 9
186 183 9 9
186 180 9 9
187 183 9 9
187 186 9 9
187 181 9 9
187 185 9 9
188 184 9 9
188 183 9 9
188 182 9 9
188 181 9 9
189 185 9 9
189 181 9 9
189 186 9 9
189 187 9 9
190 187 9 9
190 184 9 9
190 181 9 9
190 186 9 9
191 189 9 9
191 181 9 9
191 186 9 9
191 190 9 9
192 186 9 9
192 187 9 9
192 182 9 9
192 185 9 9
193 184 9 9
193 187 9 9
193 185 9 9
193 191 9 9
194 180 9 9
194 185 9 9
194 192 9 9
194 191 9 9
195 180 9 9
195 185 9 9
195 186 9 9
195 188 9 9
196 195 9 9
196 193 9 9
196 183 9 9
196 190 9 9
197 182 9 9
197 185 9 9
197 184 9 9
197 192 9 9
198 187 9 9
198 191 9 9
198 193 9 9
198 194 9 9
199 183 9 9
199 191 9 9
199 182 9 9
199 190 9 9
180 190 9 9
180 189 9 9
180 199 9 9
180 191 9 9
181 186 9 9
181 197 9 9
181 193 9 9
181 194 9 9
182 198 9 9
182 193 9 9
182 190 9 9
182 194 9 9
183 197 9 9
183 198 9 9
183 195 9 9
183 190 9 9
204 201 10 10
204 203 10 10
204 202 10 10
204 200 10 10
205 201 10 10
205 203 10 10
205 200 10 10
205 204 10 10
206 205 10 10
206 201 10 10
206 204 10 10
206 203 10 10
207 203 10 10
207 200 10 10
207 205 10 10
207 201 10 10
208 204 10 10
208 202 10 10
208 200 10 10
208 206 10 10
209 201 10 10
209 205 10 10
209 204 10 10
209 207 10 10
210 200 10 10
210 203 10 10
210 204 10 10
210 206 10 10
211 208 10 10
211 204 10 10
211 209 10 10
211 201 10 10
212 209 10 10
212 208 10 10
212 203 10 10
212 207 10 10
213 200 10 10
213 209 10 10
213 210 10 10
213 207 10 10
214 212 10 10
214 203 10 10
214 200 10 10
214 213 10 10
215 206 10 10
215 212 10 10
215 209 10 10
215 205 10 10
216 200 10 10
216 207 10 10
216 213 10 10
216 212 10 10
217 204 10 10
217 201 10 10
217 206 10 10
217 211 10 10
218 213 10 10
218 217 10 10
218 212 10 10
218 200 10 10
219 217 10 10
219 202 10 10
219 208 10 10
219 211 10 10
200 209 10 10
200 212 10 10
200 219 10 10
200 217 10 10
201 216 10 10
201 218 10 10
201 208 10 10
201 215 10 10
202 212 10 10
202 211 10 10
202 217 10 10
202 209 10 10
203 216 10 10
203 218 10 10
203 217 10 10
203 213 10 10
224 222 11 11
224 223 11 11
224 221 11 11
224 220 11 11
225 224 11 11
225 222 11 11
225 220 11 11
225 223 11 11
226 221 11 11
226 222 11 11
226 220 11 11
226 225 11 11
227 225 11 11
227 223 11 11
227 222 11 11
227 220 11 11
228 225 11 11
228 224 11 11
228 220 11 11
228 222 11 11
229 228 11 11
229 222 11 11
229 225 11 11
229 226 11 11
230 225 11 11
230 223 11 11
230 227 11 11
230 224 11 11
231 229 11 11
231 228 11 11
231 220 11 11
231 222 11 11
232 227 11 11
232 222 11 11
232 228 11 11
232 221 11 11
233 225 11 11
233 226 11 11
233 228 11 11
233 220 11 11
234 224 11 11
234 226 11 11
234 231 11 11
234 229 11 11
235 228 11 11
235 221 11 11
235 232 11 11
235 229 11 11
236 223 11 11
236 221 11 11
236 220 11 11
236 226 11 11
237 231 11 11
237 234 11 11
237 226 11 11
237 222 11 11
238 236 11 11
238 232 11 11
238 228 11 11
238 231 11 11
239 220 11 11
239 229 11 11
239 222 11 11
239 228 11 11
220 234 11 11
220 235 11 11
220 232 11 11
220 229 11 11
221 227 11 11
221 237 11 11
221 228 11 11
221 231 11 11
222 230 11 11
222 235 11 11
222 236 11 11
222 234 11 11
223 232 11 11
223 235 11 11
223 238 11 11
223 233 11 11
244 241 12 12
244 240 12 12
244 242 12 12
244 243 12 12
245 241 12 12
245 243 12 12
245 244 12 12
245 242 12 12
246 242 12 12
246 245 12 12
246 244 12 12
246 240 12 12
247 246 12 12
247 242 12 12
247 241 12 12
247 245 12 12
248 247 12 12
248 242 12 12
248 240 12 12
248 241 12 12
249 248 12 12
249 241 12 12
249 244 12 12
249 247 12 12
250 241 12 12
250 247 12 12
250 243 12 12
250 244 12 12
251 245 12 12
251 243 12 12
251 240 12 12
251 248 12 12
252 245 12 12
252 250 12 12
252 246 12 12
252 241 12 12
253 250 12 12
253 249 12 12
253 252 12 12
253 244 12 12
254 249 12 12
254 241 12 12
254 250 12 12
254 243 12 12
255 242 12 12
255 240 12 12
255 246 12 12
255 247 12 12
256 251 12 12
256 252 12 12
256 245 12 12
256 254 12 12
257 256 12 12
257 251 12 12
257 245 12 12
257 254 12 12
258 242 12 12
258 257 12 12
258 241 12 12
258 248 12 12
259 252 12 12
259 249 12 12
259 243 12 12
259 242 12 12
240 253 12 12
240 257 12 12
240 252 12 12
240 259 12 12
241 256 12 12
241 253 12 12
241 259 12 12
241 255 12 12
242 256 12 12
242 251 12 12
242 252 12 12
242 253 12 12
243 256 12 12
243 253 12 12
243 257 12 12
243 252 12 12
264 262 13 13
264 260 13 13
264 261 13 13
264 263 13 13
265 263 13 13
265 261 13 13
265 262 13 13
265 264 13 13
266 263 13 13
266 261 13 13
266 260 13 13
266 265 13 13
267 260 13 13
267 266 13 13
267 264 13 13
267 263 13 13
268 262 13 13
268 266 13 13
268 264 13 13
268 267 13 13
269 266 13 13
269 267 13 13
269 268 13 13
269 265 13 13
270 261 13 13
270 266 13 13
270 265 13 13
270 263 13 13
271 267 13 13
271 264 13 13
271 269 13 13
271 263 13 13
272 265 13 13
272 264 13 13
272 263 13 13
272 270 13 13
273 272 13 13
273 266 13 13
273 265 13 13
273 268 13 13
274 271 13 13
274 262 13 13
274 269 13 13
274 263 13 13
275 264 13 13
275 272 13 13
275 271 13 13
275 273 13 13
276 266 13 13
276 263 13 13
276 264 13 13
276 265 13 13
277 261 13 13
277 273 13 13
277 267 13 13
277 262 13 13
278 263 13 13
278 268 13 13
278 264 13 13
278 266 13 13
279 269 13 13
279 267 13 13
279 271 13 13
279 264 13 13
260 278 13 13
260 276 13 13
260 272 13 13
260 269 13 13
261 272 13 13
261 276 13 13
261 279 13 13
261 273 13 13
262 275 13 13
262 271 13 13
262 278 13 13
262 270 13 13
263 275 13 13
263 277 13 13
263 273 13 13
263 279 13 13
284 280 14 14
284 282 14 14
284 283 14 14
284 281 14 14
285 280 14 14
285 284 14 14
285 283 14 14
285 281 14 14
286 281 14 14
286 282 14 14
286 283 14 14
286 280 14 14
287 282 14 14
287 281 14 14
287 285 14 14
287 284 14 14
288 287 14 14
288 286 14 14
288 280 14 14
288 281 14 14
289 280 14 14
289 286 14 14
289 282 14 14
289 281 14 14
290 281 14 14
290 285 14 14
290 289 14 14
290 280 14 14
291 281 14 14
291 283 14 14
291 288 14 14
291 286 14 14
292 281 14 14
292 289 14 14
292 286 14 14
292 288 14 14
293 289 14 14
293 280 14 14
293 281 14 14
293 290 14 14
294 286 14 14
294 291 14 14
294 292 14 14
294 283 14 14
295 280 14 14
295 290 14 14
295 293 14 14
295 289 14 14
296 294 14 14
296 292 14 14
296 287 14 14
296 295 14 14
297 289 14 14
297 296 14 14
297 288 14 14
297 287 14 14
298 283 14 14
298 289 14 14
298 295 14 14
298 288 14 14
299 288 14 14
299 280 14 14
299 286 14 14
299 284 14 14
280 292 14 14
280 298 14 14
280 291 14 14
280 294 14 14
281 295 14 14
281 298 14 14
281 297 14 14
281 299 14 14
282 293 14 14
282 292 14 14
282 299 14 14
282 294 14 14
283 293 14 14
283 299 14 14
283 290 14 14
283 297 14 14
304 303 15 15
304 302 15 15
304 301 15 15
304 300 15 15
305 304 15 15
305 300 15 15
305 302 15 15
305 303 15 15
306 304 15 15
306 305 15 15
306 303 15 15
306 302 15 15
307 304 15 15
307 300 15 15
307 303 15 15
307 305 15 15
308 303 15 15
308 304 15 15
308 305 15 15
308 302 15 15
309 308 15 15
309 300 15 15
309 302 15 15
309 305 15 15
310 307 15 15
310 304 15 15
310 308 15 15
310 306 15 15
311 303 15 15
311 300 15 15
311 301 15 15
311 302 15 15
312 308 15 15
312 300 15 15
312 304 15 15
312 310 15 15
313 304 15 15
313 305 15 15
313 303 15 15
313 300 15 15
314 305 15 15
314 310 15 15
314 311 15 15
314 308 15 15
315 307 15 15
315 306 15 15
315 310 15 15
315 303 15 15
316 306 15 15
316 300 15 15
316 315 15 15
316 309 15 15
317 304 15 15
317 305 15 15
317 310 15 15
317 315 15 15
318 305 15 15
318 317 15 15
318 300 15 15
318 309 15 15
319 306 15 15
319 302 15 15
319 307 15 15
319 316 15 15
300 317 15 15
300 310 15 15
300 308 15 15
300 306 15 15
301 309 15 15
301 312 15 15
301 308 15 15
301 313 15 15
302 314 15 15
302 317 15 15
302 318 15 15
302 313 15 15
303 317 15 15
303 316 15 15
303 319 15 15
303 312 15 15
89 43 4 2
95 34 4 1
92 65 4 3
81 3 4 0
114 1 5 0
100 67 5 3
112 46 5 2
109 92 5 4
124 74 6 3
121 51 6 2
121 4 6 0
139 82 6 4
156 41 7 2
158 117 7 5
152 21 7 1
148 77 7 3
175 2 8 0
178 65 8 3
175 98 8 4
170 28 8 1
190 96 9 4
183 148 9 7
189 50 9 2
195 100 9 5
214 41 10 2
203 193 10 9
218 37 10 1
208 84 10 4
233 93 11 4
220 169 11 8
233 213 11 10
224 155 11 7
255 72 12 3
245 231 12 11
243 18 12 0
245 90 12 4
274 229 13 11
262 251 13 12
261 161 13 8
271 206 13 10
286 111 14 5
296 8 14 0
296 86 14 4
281 277 14 13
306 121 15 6
313 235 15 11
308 59 15 2
319 263 15 13
9 267 0 13
1 233 0 11
2 316 0 15
14 140 0 7
29 187 1 9
20 293 1 14
32 116 1 5
27 257 1 12
46 291 2 14
45 225 2 11
53 249 2 12
41 274 2 13
69 268 3 13
70 231 3 11
68 283 3 14
60 191 3 9
