swNum = 320
edgeNum = 1344

0 0
1 0
2 0
3 0
4 0
5 0
6 0
7 0
8 0
9 0
10 0
11 0
12 0
13 0
14 0
15 0
16 0
17 0
18 0
19 0
20 1
21 1
22 1
23 1
24 1
25 1
26 1
27 1
28 1
29 1
30 1
31 1
32 1
33 1
34 1
35 1
36 1
37 1
38 1
39 1
40 2
41 2
42 2
43 2
44 2
45 2
46 2
47 2
48 2
49 2
50 2
51 2
52 2
53 2
54 2
55 2
56 2
57 2
58 2
59 2
60 3
61 3
62 3
63 3
64 3
65 3
66 3
67 3
68 3
69 3
70 3
71 3
72 3
73 3
74 3
75 3
76 3
77 3
78 3
79 3
80 4
81 4
82 4
83 4
84 4
85 4
86 4
87 4
88 4
89 4
90 4
91 4
92 4
93 4
94 4
95 4
96 4
97 4
98 4
99 4
100 5
101 5
102 5
103 5
104 5
105 5
106 5
107 5
108 5
109 5
110 5
111 5
112 5
113 5
114 5
115 5
116 5
117 5
118 5
119 5
120 6
121 6
122 6
123 6
124 6
125 6
126 6
127 6
128 6
129 6
130 6
131 6
132 6
133 6
134 6
135 6
136 6
137 6
138 6
139 6
140 7
141 7
142 7
143 7
144 7
145 7
146 7
147 7
148 7
149 7
150 7
151 7
152 7
153 7
154 7
155 7
156 7
157 7
158 7
159 7
160 8
161 8
162 8
163 8
164 8
165 8
166 8
167 8
168 8
169 8
170 8
171 8
172 8
173 8
174 8
175 8
176 8
177 8
178 8
179 8
180 9
181 9
182 9
183 9
184 9
185 9
186 9
187 9
188 9
189 9
190 9
191 9
192 9
193 9
194 9
195 9
196 9
197 9
198 9
199 9
200 10
201 10
202 10
203 10
204 10
205 10
206 10
207 10
208 10
209 10
210 10
211 10
212 10
213 10
214 10
215 10
216 10
217 10
218 10
219 10
220 11
221 11
222 11
223 11
224 11
225 11
226 11
227 11
228 11
229 11
230 11
231 11
232 11
233 11
234 11
235 11
236 11
237 11
238 11
239 11
240 12
241 12
242 12
243 12
244 12
245 12
246 12
247 12
248 12
249 12
250 12
251 12
252 12
253 12
254 12
255 12
256 12
257 12
258 12
259 12
260 13
261 13
262 13
263 13
264 13
265 13
266 13
267 13
268 13
269 13
270 13
271 13
272 13
273 13
274 13
275 13
276 13
277 13
278 13
279 13
280 14
281 14
282 14
283 14
284 14
285 14
286 14
287 14
288 14
289 14
290 14
291 14
292 14
293 14
294 14
295 14
296 14
297 14
298 14
299 14
300 15
301 15
302 15
303 15
304 15
305 15
306 15
307 15
308 15
309 15
310 15
311 15
312 15
313 15
314 15
315 15
316 15
317 15
318 15
319 15

4 3 0 0
4 0 0 0
4 2 0 0
4 1 0 0
5 2 0 0
5 3 0 0
5 0 0 0
5 4 0 0
6 3 0 0
6 2 0 0
6 4 0 0
6 1 0 0
7 3 0 0
7 5 0 0
7 4 0 0
7 0 0 0
8 7 0 0
8 1 0 0
8 0 0 0
8 6 0 0
9 8 0 0
9 1 0 0
9 4 0 0
9 2 0 0
10 2 0 0
10 0 0 0
10 4 0 0
10 7 0 0
11 3 0 0
11 7 0 0
11 10 0 0
11 1 0 0
12 8 0 0
12 1 0 0
12 9 0 0
12 10 0 0
13 9 0 0
13 1 0 0
13 2 0 0
13 10 0 0
14 10 0 0
14 0 0 0
14 13 0 0
14 4 0 0
15 1 0 0
15 7 0 0
15 10 0 0
15 11 0 0
16 13 0 0
16 5 0 0
16 10 0 0
16 14 0 0
17 10 0 0
17 7 0 0
17 5 0 0
17 11 0 0
18 12 0 0
18 1 0 0
18 7 0 0
18 8 0 0
19 8 0 0
19 1 0 0
19 9 0 0
19 12 0 0
0 17 0 0
0 6 0 0
0 13 0 0
0 19 0 0
1 14 0 0
1 7 0 0
1 10 0 0
1 17 0 0
2 11 0 0
2 16 0 0
2 18 0 0
2 14 0 0
3 16 0 0
3 14 0 0
3 8 0 0
3 12 0 0
24 23 1 1
24 22 1 1
24 20 1 1
24 21 1 1
25 22 1 1
25 20 1 1
25 21 1 1
25 24 1 1
26 24 1 1
26 20 1 1
26 22 1 1
26 25 1 1
27 23 1 1
27 25 1 1
27 21 1 1
27 20 1 1
28 26 1 1
28 27 1 1
28 25 1 1
28 20 1 1
29 28 1 1
29 27 1 1
29 26 1 1
29 20 1 1
30 28 1 1
30 22 1 1
30 26 1 1
30 29 1 1
31 30 1 1
31 21 1 1
31 23 1 1
31 27 1 1
32 22 1 1
32 24 1 1
32 30 1 1
32 27 1 1
33 28 1 1
33 27 1 1
33 29 1 1
33 32 1 1
34 24 1 1
34 23 1 1
34 28 1 1
34 20 1 1
35 28 1 1
35 29 1 1
35 24 1 1
35 25 1 1
36 35 1 1
36 33 1 1
36 24 1 1
36 34 1 1
37 32 1 1
37 31 1 1
37 36 1 1
37 23 1 1
38 32 1 1
38 31 1 1
38 23 1 1
38 37 1 1
39 29 1 1
39 21 1 1
39 20 1 1
39 28 1 1
20 35 1 1
20 30 1 1
20 32 1 1
20 36 1 1
21 36 1 1
21 29 1 1
21 34 1 1
21 35 1 1
22 34 1 1
22 35 1 1
22 36 1 1
22 37 1 1
23 32 1 1
23 29 1 1
23 30 1 1
23 35 1 1
44 42 2 2
44 40 2 2
44 41 2 2
44 43 2 2
45 44 2 2
45 41 2 2
45 42 2 2
45 43 2 2
46 45 2 2
46 43 2 2
46 44 2 2
46 41 2 2
47 44 2 2
47 41 2 2
47 40 2 2
47 42 2 2
48 44 2 2
48 41 2 2
48 42 2 2
48 40 2 2
49 43 2 2
49 45 2 2
49 41 2 2
49 46 2 2
50 43 2 2
50 41 2 2
50 48 2 2
50 42 2 2
51 46 2 2
51 45 2 2
51 44 2 2
51 49 2 2
52 45 2 2
52 51 2 2
52 49 2 2
52 40 2 2
53 47 2 2
53 49 2 2
53 40 2 2
53 41 2 2
54 51 2 2
54 42 2 2
54 40 2 2
54 53 2 2
55 43 2 2
55 49 2 2
55 50 2 2
55 53 2 2
56 42 2 2
56 53 2 2
56 52 2 2
56 43 2 2
57 41 2 2
57 43 2 2
57 49 2 2
57 51 2 2
58 54 2 2
58 43 2 2
58 50 2 2
58 53 2 2
59 57 2 2
59 51 2 2
59 45 2 2
59 46 2 2
40 56 2 2
40 57 2 2
40 51 2 2
40 59 2 2
41 55 2 2
41 51 2 2
41 56 2 2
41 59 2 2
42 53 2 2
42 59 2 2
42 52 2 2
42 46 2 2
43 53 2 2
43 54 2 2
43 52 2 2
43 51 2 2
64 62 3 3
64 60 3 3
64 63 3 3
64 61 3 3
65 63 3 3
65 62 3 3
65 60 3 3
65 64 3 3
66 60 3 3
66 64 3 3
66 62 3 3
66 65 3 3
67 60 3 3
67 62 3 3
67 64 3 3
67 66 3 3
68 65 3 3
68 60 3 3
68 66 3 3
68 62 3 3
69 65 3 3
69 67 3 3
69 66 3 3
69 62 3 3
70 64 3 3
70 60 3 3
70 62 3 3
70 66 3 3
71 65 3 3
71 66 3 3
71 61 3 3
71 69 3 3
72 60 3 3
72 68 3 3
72 70 3 3
72 64 3 3
73 60 3 3
73 69 3 3
73 62 3 3
73 64 3 3
74 60 3 3
74 62 3 3
74 72 3 3
74 68 3 3
75 74 3 3
75 67 3 3
75 66 3 3
75 65 3 3
76 69 3 3
76 74 3 3
76 61 3 3
76 72 3 3
77 75 3 3
77 63 3 3
77 66 3 3
77 68 3 3
78 67 3 3
78 74 3 3
78 76 3 3
78 68 3 3
79 63 3 3
79 72 3 3
79 61 3 3
79 75 3 3
60 77 3 3
60 78 3 3
60 79 3 3
60 75 3 3
61 74 3 3
61 78 3 3
61 77 3 3
61 72 3 3
62 72 3 3
62 79 3 3
62 75 3 3
62 76 3 3
63 74 3 3
63 73 3 3
63 78 3 3
63 66 3 3
84 80 4 4
84 81 4 4
84 83 4 4
84 82 4 4
85 81 4 4
85 82 4 4
85 83 4 4
85 80 4 4
86 82 4 4
86 83 4 4
86 80 4 4
86 81 4 4
87 81 4 4
87 80 4 4
87 85 4 4
87 84 4 4
88 81 4 4
88 83 4 4
88 82 4 4
88 80 4 4
89 87 4 4
89 85 4 4
89 80 4 4
89 88 4 4
90 85 4 4
90 81 4 4
90 89 4 4
90 88 4 4
91 83 4 4
91 86 4 4
91 84 4 4
91 81 4 4
92 91 4 4
92 87 4 4
92 84 4 4
92 80 4 4
93 82 4 4
93 87 4 4
93 86 4 4
93 90 4 4
94 93 4 4
94 83 4 4
94 86 4 4
94 80 4 4
95 83 4 4
95 88 4 4
95 94 4 4
95 91 4 4
96 89 4 4
96 82 4 4
96 88 4 4
96 87 4 4
97 83 4 4
97 86 4 4
97 85 4 4
97 81 4 4
98 85 4 4
98 89 4 4
98 87 4 4
98 81 4 4
99 94 4 4
99 80 4 4
99 86 4 4
99 87 4 4
80 90 4 4
80 95 4 4
80 97 4 4
80 98 4 4
81 95 4 4
81 96 4 4
81 89 4 4
81 94 4 4
82 97 4 4
82 98 4 4
82 91 4 4
82 92 4 4
83 99 4 4
83 89 4 4
83 90 4 4
83 96 4 4
104 103 5 5
104 101 5 5
104 100 5 5
104 102 5 5
105 104 5 5
105 103 5 5
105 101 5 5
105 102 5 5
106 100 5 5
106 104 5 5
106 101 5 5
106 105 5 5
107 102 5 5
107 103 5 5
107 106 5 5
107 101 5 5
108 106 5 5
108 107 5 5
108 104 5 5
108 101 5 5
109 103 5 5
109 107 5 5
109 101 5 5
109 105 5 5
110 109 5 5
110 107 5 5
110 103 5 5
110 108 5 5
111 109 5 5
111 104 5 5
111 105 5 5
111 103 5 5
112 111 5 5
112 106 5 5
112 108 5 5
112 110 5 5
113 111 5 5
113 105 5 5
113 104 5 5
113 106 5 5
114 110 5 5
114 102 5 5
114 112 5 5
114 100 5 5
115 113 5 5
115 104 5 5
115 109 5 5
115 114 5 5
116 101 5 5
116 106 5 5
116 110 5 5
116 111 5 5
117 103 5 5
117 101 5 5
117 106 5 5
117 110 5 5
118 107 5 5
118 109 5 5
118 106 5 5
118 103 5 5
119 102 5 5
119 107 5 5
119 115 5 5
119 106 5 5
100 116 5 5
100 117 5 5
100 115 5 5
100 110 5 5
101 118 5 5
101 110 5 5
101 115 5 5
101 112 5 5
102 111 5 5
102 110 5 5
102 115 5 5
102 117 5 5
103 119 5 5
103 106 5 5
103 112 5 5
103 108 5 5
124 123 6 6
124 121 6 6
124 120 6 6
124 122 6 6
125 124 6 6
125 120 6 6
125 122 6 6
125 123 6 6
126 123 6 6
126 121 6 6
126 124 6 6
126 120 6 6
127 120 6 6
127 121 6 6
127 125 6 6
127 123 6 6
128 121 6 6
128 124 6 6
128 126 6 6
128 123 6 6
129 123 6 6
129 122 6 6
129 125 6 6
129 120 6 6
130 122 6 6
130 124 6 6
130 123 6 6
130 120 6 6
131 128 6 6
131 130 6 6
131 121 6 6
131 126 6 6
132 130 6 6
132 122 6 6
132 127 6 6
132 131 6 6
133 123 6 6
133 121 6 6
133 124 6 6
133 128 6 6
134 128 6 6
134 129 6 6
134 125 6 6
134 124 6 6
135 120 6 6
135 134 6 6
135 122 6 6
135 132 6 6
136 134 6 6
136 133 6 6
136 124 6 6
136 122 6 6
137 133 6 6
137 123 6 6
137 124 6 6
137 135 6 6
138 121 6 6
138 128 6 6
138 126 6 6
138 135 6 6
139 125 6 6
139 122 6 6
139 120 6 6
139 136 6 6
120 136 6 6
120 134 6 6
120 132 6 6
120 138 6 6
121 137 6 6
121 135 6 6
121 132 6 6
121 129 6 6
122 133 6 6
122 134 6 6
122 127 6 6
122 128 6 6
123 136 6 6
123 138 6 6
123 139 6 6
123 132 6 6
144 141 7 7
144 143 7 7
144 140 7 7
144 142 7 7
145 140 7 7
145 143 7 7
145 144 7 7
145 141 7 7
146 144 7 7
146 140 7 7
146 145 7 7
146 142 7 7
147 140 7 7
147 143 7 7
147 146 7 7
147 144 7 7
148 145 7 7
148 144 7 7
148 140 7 7
148 146 7 7
149 145 7 7
149 144 7 7
149 148 7 7
149 147 7 7
150 149 7 7
150 141 7 7
150 142 7 7
150 140 7 7
151 149 7 7
151 144 7 7
151 141 7 7
151 148 7 7
152 142 7 7
152 144 7 7
152 140 7 7
152 141 7 7
153 142 7 7
153 151 7 7
153 145 7 7
153 143 7 7
154 141 7 7
154 145 7 7
154 140 7 7
154 152 7 7
155 154 7 7
155 146 7 7
155 151 7 7
155 145 7 7
156 141 7 7
156 140 7 7
156 143 7 7
156 150 7 7
157 143 7 7
157 141 7 7
157 144 7 7
157 149 7 7
158 143 7 7
158 145 7 7
158 153 7 7
158 155 7 7
159 143 7 7
159 156 7 7
159 146 7 7
159 150 7 7
140 153 7 7
140 151 7 7
140 159 7 7
140 149 7 7
141 155 7 7
141 159 7 7
141 153 7 7
141 149 7 7
142 154 7 7
142 147 7 7
142 159 7 7
142 158 7 7
143 151 7 7
143 146 7 7
143 150 7 7
143 154 7 7
164 161 8 8
164 163 8 8
164 162 8 8
164 160 8 8
165 164 8 8
165 162 8 8
165 163 8 8
165 160 8 8
166 162 8 8
166 160 8 8
166 161 8 8
166 164 8 8
167 164 8 8
167 165 8 8
167 163 8 8
167 166 8 8
168 162 8 8
168 163 8 8
168 166 8 8
168 160 8 8
169 161 8 8
169 160 8 8
169 165 8 8
169 166 8 8
170 164 8 8
170 165 8 8
170 167 8 8
170 160 8 8
171 163 8 8
171 168 8 8
171 161 8 8
171 166 8 8
172 162 8 8
172 171 8 8
172 170 8 8
172 169 8 8
173 169 8 8
173 162 8 8
173 172 8 8
173 166 8 8
174 160 8 8
174 169 8 8
174 163 8 8
174 171 8 8
175 166 8 8
175 173 8 8
175 165 8 8
175 169 8 8
176 167 8 8
176 172 8 8
176 175 8 8
176 173 8 8
177 164 8 8
177 175 8 8
177 166 8 8
177 176 8 8
178 164 8 8
178 174 8 8
178 176 8 8
178 170 8 8
179 162 8 8
179 165 8 8
179 170 8 8
179 171 8 8
160 176 8 8
160 173 8 8
160 179 8 8
160 175 8 8
161 177 8 8
161 175 8 8
161 176 8 8
161 168 8 8
162 171 8 8
162 178 8 8
162 169 8 8
162 174 8 8
163 166 8 8
163 170 8 8
163 178 8 8
163 173 8 8
184 182 9 9
184 181 9 9
184 180 9 9
184 183 9 9
185 183 9 9
185 180 9 9
185 184 9 9
185 182 9 9
186 185 9 9
186 183 9 9
186 180 9 9
186 182 9 9
187 186 9 9
187 180 9 9
187 185 9 9
187 183 9 9
188 185 9 9
188 184 9 9
188 182 9 9
188 180 9 9
189 185 9 9
189 183 9 9
189 187 9 9
189 180 9 9
190 182 9 9
190 181 9 9
190 180 9 9
190 185 9 9
191 186 9 9
191 190 9 9
191 180 9 9
191 188 9 9
192 187 9 9
192 181 9 9
192 182 9 9
192 189 9 9
193 187 9 9
193 190 9 9
193 184 9 9
193 182 9 9
194 185 9 9
194 192 9 9
194 182 9 9
194 191 9 9
195 182 9 9
195 191 9 9
195 183 9 9
195 189 9 9
196 182 9 9
196 187 9 9
196 188 9 9
196 189 9 9
197 191 9 9
197 187 9 9
197 186 9 9
197 193 9 9
198 190 9 9
198 189 9 9
198 183 9 9
198 188 9 9
199 193 9 9
199 184 9 9
199 182 9 9
199 195 9 9
180 196 9 9
180 199 9 9
180 198 9 9
180 197 9 9
181 185 9 9
181 196 9 9
181 199 9 9
181 188 9 9
182 189 9 9
182 187 9 9
182 197 9 9
182 191 9 9
183 188 9 9
183 194 9 9
183 197 9 9
183 199 9 9
204 203 10 10
204 201 10 10
204 200 10 10
204 202 10 10
205 200 10 10
205 202 10 10
205 201 10 10
205 204 10 10
206 200 10 10
206 204 10 10
206 201 10 10
206 203 10 10
207 200 10 10
207 204 10 10
207 203 10 10
207 202 10 10
208 205 10 10
208 202 10 10
208 201 10 10
208 207 10 10
209 201 10 10
209 206 10 10
209 207 10 10
209 208 10 10
210 201 10 10
210 202 10 10
210 204 10 10
210 209 10 10
211 206 10 10
211 203 10 10
211 200 10 10
211 204 10 10
212 204 10 10
212 209 10 10
212 210 10 10
212 207 10 10
213 212 10 10
213 207 10 10
213 209 10 10
213 205 10 10
214 211 10 10
214 209 10 10
214 202 10 10
214 213 10 10
215 212 10 10
215 208 10 10
215 207 10 10
215 202 10 10
216 209 10 10
216 203 10 10
216 204 10 10
216 211 10 10
217 214 10 10
217 213 10 10
217 201 10 10
217 202 10 10
218 202 10 10
218 217 10 10
218 215 10 10
218 209 10 10
219 216 10 10
219 202 10 10
219 207 10 10
219 213 10 10
200 215 10 10
200 209 10 10
200 218 10 10
200 212 10 10
201 219 10 10
201 218 10 10
201 215 10 10
201 207 10 10
202 213 10 10
202 209 10 10
202 212 10 10
202 211 10 10
203 209 10 10
203 214 10 10
203 212 10 10
203 219 10 10
224 223 11 11
224 220 11 11
224 222 11 11
224 221 11 11
225 223 11 11
225 221 11 11
225 224 11 11
225 220 11 11
226 223 11 11
226 221 11 11
226 224 11 11
226 222 11 11
227 220 11 11
227 222 11 11
227 223 11 11
227 225 11 11
228 224 11 11
228 220 11 11
228 225 11 11
228 223 11 11
229 224 11 11
229 223 11 11
229 225 11 11
229 228 11 11
230 224 11 11
230 223 11 11
230 229 11 11
230 228 11 11
231 226 11 11
231 228 11 11
231 227 11 11
231 223 11 11
232 230 11 11
232 228 11 11
232 223 11 11
232 226 11 11
233 231 11 11
233 220 11 11
233 229 11 11
233 226 11 11
234 220 11 11
234 230 11 11
234 221 11 11
234 232 11 11
235 221 11 11
235 234 11 11
235 232 11 11
235 231 11 11
236 230 11 11
236 231 11 11
236 220 11 11
236 223 11 11
237 230 11 11
237 221 11 11
237 226 11 11
237 231 11 11
238 231 11 11
238 230 11 11
238 229 11 11
238 232 11 11
239 228 11 11
239 238 11 11
239 230 11 11
239 232 11 11
220 229 11 11
220 231 11 11
220 226 11 11
220 238 11 11
221 233 11 11
221 229 11 11
221 236 11 11
221 238 11 11
222 238 11 11
222 229 11 11
222 233 11 11
222 235 11 11
223 237 11 11
223 239 11 11
223 234 11 11
223 238 11 11
244 241 12 12
244 243 12 12
244 240 12 12
244 242 12 12
245 243 12 12
245 240 12 12
245 242 12 12
245 244 12 12
246 242 12 12
246 243 12 12
246 245 12 12
246 240 12 12
247 241 12 12
247 242 12 12
247 245 12 12
247 243 12 12
248 244 12 12
248 243 12 12
248 241 12 12
248 247 12 12
249 246 12 12
249 247 12 12
249 243 12 12
249 244 12 12
250 242 12 12
250 247 12 12
250 244 12 12
250 245 12 12
251 244 12 12
251 248 12 12
251 250 12 12
251 243 12 12
252 245 12 12
252 250 12 12
252 246 12 12
252 243 12 12
253 243 12 12
253 251 12 12
253 244 12 12
253 242 12 12
254 248 12 12
254 241 12 12
254 253 12 12
254 245 12 12
255 245 12 12
255 246 12 12
255 249 12 12
255 243 12 12
256 242 12 12
256 250 12 12
256 245 12 12
256 249 12 12
257 245 12 12
257 243 12 12
257 241 12 12
257 256 12 12
258 249 12 12
258 245 12 12
258 242 12 12
258 257 12 12
259 241 12 12
259 244 12 12
259 255 12 12
259 251 12 12
240 257 12 12
240 255 12 12
240 258 12 12
240 256 12 12
241 245 12 12
241 250 12 12
241 251 12 12
241 256 12 12
242 257 12 12
242 249 12 12
242 255 12 12
242 259 12 12
243 256 12 12
243 258 12 12
243 250 12 12
243 259 12 12
264 262 13 13
264 261 13 13
264 263 13 13
264 260 13 13
265 260 13 13
265 262 13 13
265 263 13 13
265 261 13 13
266 261 13 13
266 265 13 13
266 263 13 13
266 264 13 13
267 265 13 13
267 266 13 13
267 262 13 13
267 260 13 13
268 263 13 13
268 261 13 13
268 260 13 13
268 264 13 13
269 262 13 13
269 268 13 13
269 263 13 13
269 261 13 13
270 269 13 13
270 266 13 13
270 267 13 13
270 262 13 13
271 263 13 13
271 265 13 13
271 267 13 13
271 268 13 13
272 261 13 13
272 260 13 13
272 265 13 13
272 267 13 13
273 262 13 13
273 266 13 13
273 264 13 13
273 260 13 13
274 266 13 13
274 261 13 13
274 264 13 13
274 270 13 13
275 268 13 13
275 272 13 13
275 269 13 13
275 270 13 13
276 267 13 13
276 265 13 13
276 263 13 13
276 275 13 13
277 265 13 13
277 276 13 13
277 262 13 13
277 263 13 13
278 265 13 13
278 261 13 13
278 267 13 13
278 272 13 13
279 265 13 13
279 272 13 13
279 268 13 13
279 263 13 13
260 277 13 13
260 278 13 13
260 271 13 13
260 276 13 13
261 277 13 13
261 276 13 13
261 271 13 13
261 279 13 13
262 268 13 13
262 279 13 13
262 272 13 13
262 275 13 13
263 275 13 13
263 272 13 13
263 270 13 13
263 267 13 13
284 283 14 14
284 282 14 14
284 281 14 14
284 280 14 14
285 284 14 14
285 280 14 14
285 282 14 14
285 281 14 14
286 281 14 14
286 283 14 14
286 280 14 14
286 285 14 14
287 280 14 14
287 286 14 14
287 285 14 14
287 282 14 14
288 286 14 14
288 287 14 14
288 284 14 14
288 285 14 14
289 283 14 14
289 280 14 14
289 285 14 14
289 286 14 14
290 282 14 14
290 283 14 14
290 287 14 14
290 280 14 14
291 286 14 14
291 280 14 14
291 284 14 14
291 290 14 14
292 284 14 14
292 280 14 14
292 288 14 14
292 285 14 14
293 288 14 14
293 289 14 14
293 284 14 14
293 282 14 14
294 283 14 14
294 284 14 14
294 292 14 14
294 288 14 14
295 281 14 14
295 291 14 14
295 283 14 14
295 290 14 14
296 286 14 14
296 291 14 14
296 280 14 14
296 289 14 14
297 284 14 14
297 281 14 14
297 296 14 14
297 282 14 14
298 280 14 14
298 287 14 14
298 286 14 14
298 288 14 14
299 296 14 14
299 285 14 14
299 289 14 14
299 282 14 14
280 293 14 14
280 294 14 14
280 297 14 14
280 288 14 14
281 293 14 14
281 291 14 14
281 290 14 14
281 299 14 14
282 296 14 14
282 292 14 14
282 291 14 14
282 288 14 14
283 298 14 14
283 297 14 14
283 292 14 14
283 291 14 14
304 303 15 15
304 301 15 15
304 302 15 15
304 300 15 15
305 303 15 15
305 300 15 15
305 302 15 15
305 301 15 15
306 302 15 15
306 303 15 15
306 304 15 15
306 301 15 15
307 301 15 15
307 306 15 15
307 304 15 15
307 305 15 15
308 300 15 15
308 305 15 15
308 302 15 15
308 303 15 15
309 304 15 15
309 302 15 15
309 306 15 15
309 303 15 15
310 308 15 15
310 306 15 15
310 305 15 15
310 300 15 15
311 305 15 15
311 301 15 15
311 304 15 15
311 306 15 15
312 305 15 15
312 300 15 15
312 302 15 15
312 303 15 15
313 304 15 15
313 310 15 15
313 306 15 15
313 309 15 15
314 300 15 15
314 302 15 15
314 305 15 15
314 308 15 15
315 306 15 15
315 301 15 15
315 309 15 15
315 300 15 15
316 308 15 15
316 312 15 15
316 303 15 15
316 300 15 15
317 314 15 15
317 308 15 15
317 302 15 15
317 316 15 15
318 316 15 15
318 310 15 15
318 300 15 15
318 314 15 15
319 301 15 15
319 302 15 15
319 315 15 15
319 310 15 15
300 317 15 15
300 319 15 15
300 307 15 15
300 311 15 15
301 313 15 15
301 310 15 15
301 316 15 15
301 312 15 15
302 318 15 15
302 315 15 15
302 316 15 15
302 313 15 15
303 311 15 15
303 310 15 15
303 313 15 15
303 315 15 15
91 45 4 2
99 37 4 1
82 10 4 0
90 77 4 3
110 92 5 4
105 27 5 1
119 4 5 0
114 45 5 2
130 96 6 4
134 51 6 2
126 103 6 5
123 12 6 0
145 98 7 4
152 46 7 2
158 60 7 3
154 37 7 1
162 104 8 5
176 131 8 6
167 17 8 0
177 80 8 4
184 178 9 8
186 27 9 1
190 148 9 7
194 47 9 2
201 149 10 7
218 76 10 3
217 167 10 8
219 190 10 9
226 132 11 6
226 157 11 7
235 163 11 8
223 8 11 0
250 136 12 6
247 239 12 11
257 50 12 2
251 192 12 9
276 158 13 7
267 7 13 0
277 221 13 11
273 57 13 2
289 10 14 0
299 161 14 8
285 41 14 2
286 24 14 1
310 69 15 3
312 229 15 11
304 94 15 4
300 184 15 9
11 240 0 12
8 219 0 10
18 309 0 15
5 195 0 9
37 268 1 13
32 175 1 8
20 223 1 11
36 248 1 12
41 316 2 15
57 230 2 11
50 166 2 8
50 217 2 10
68 236 3 11
73 182 3 9
63 160 3 8
66 124 3 6
