swNum = 320
edgeNum = 1343

0 0
1 0
2 0
3 0
4 0
5 0
6 0
7 0
8 0
9 0
10 0
11 0
12 0
13 0
14 0
15 0
16 0
17 0
18 0
19 0
20 1
21 1
22 1
23 1
24 1
25 1
26 1
27 1
28 1
29 1
30 1
31 1
32 1
33 1
34 1
35 1
36 1
37 1
38 1
39 1
40 2
41 2
42 2
43 2
44 2
45 2
46 2
47 2
48 2
49 2
50 2
51 2
52 2
53 2
54 2
55 2
56 2
57 2
58 2
59 2
60 3
61 3
62 3
63 3
64 3
65 3
66 3
67 3
68 3
69 3
70 3
71 3
72 3
73 3
74 3
75 3
76 3
77 3
78 3
79 3
80 4
81 4
82 4
83 4
84 4
85 4
86 4
87 4
88 4
89 4
90 4
91 4
92 4
93 4
94 4
95 4
96 4
97 4
98 4
99 4
100 5
101 5
102 5
103 5
104 5
105 5
106 5
107 5
108 5
109 5
110 5
111 5
112 5
113 5
114 5
115 5
116 5
117 5
118 5
119 5
120 6
121 6
122 6
123 6
124 6
125 6
126 6
127 6
128 6
129 6
130 6
131 6
132 6
133 6
134 6
135 6
136 6
137 6
138 6
139 6
140 7
141 7
142 7
143 7
144 7
145 7
146 7
147 7
148 7
149 7
150 7
151 7
152 7
153 7
154 7
155 7
156 7
157 7
158 7
159 7
160 8
161 8
162 8
163 8
164 8
165 8
166 8
167 8
168 8
169 8
170 8
171 8
172 8
173 8
174 8
175 8
176 8
177 8
178 8
179 8
180 9
181 9
182 9
183 9
184 9
185 9
186 9
187 9
188 9
189 9
190 9
191 9
192 9
193 9
194 9
195 9
196 9
197 9
198 9
199 9
200 10
201 10
202 10
203 10
204 10
205 10
206 10
207 10
208 10
209 10
210 10
211 10
212 10
213 10
214 10
215 10
216 10
217 10
218 10
219 10
220 11
221 11
222 11
223 11
224 11
225 11
226 11
227 11
228 11
229 11
230 11
231 11
232 11
233 11
234 11
235 11
236 11
237 11
238 11
239 11
240 12
241 12
242 12
243 12
244 12
245 12
246 12
247 12
248 12
249 12
250 12
251 12
252 12
253 12
254 12
255 12
256 12
257 12
258 12
259 12
260 13
261 13
262 13
263 13
264 13
265 13
266 13
267 13
268 13
269 13
270 13
271 13
272 13
273 13
274 13
275 13
276 13
277 13
278 13
279 13
280 14
281 14
282 14
283 14
284 14
285 14
286 14
287 14
288 14
289 14
290 14
291 14
292 14
293 14
294 14
295 14
296 14
297 14
298 14
299 14
300 15
301 15
302 15
303 15
304 15
305 15
306 15
307 15
308 15
309 15
310 15
311 15
312 15
313 15
314 15
315 15
316 15
317 15
318 15
319 15

4 1 0 0
4 0 0 0
4 2 0 0
4 3 0 0
5 4 0 0
5 2 0 0
5 1 0 0
5 3 0 0
6 5 0 0
6 0 0 0
6 2 0 0
6 3 0 0
7 6 0 0
7 1 0 0
7 0 0 0
7 4 0 0
8 4 0 0
8 3 0 0
8 5 0 0
8 0 0 0
9 3 0 0
9 1 0 0
9 0 0 0
9 7 0 0
10 8 0 0
10 3 0 0
10 9 0 0
10 2 0 0
11 8 0 0
11 9 0 0
11 5 0 0
11 3 0 0
12 2 0 0
12 7 0 0
12 1 0 0
12 4 0 0
13 1 0 0
13 7 0 0
13 9 0 0
13 4 0 0
14 9 0 0
14 12 0 0
14 13 0 0
14 11 0 0
15 5 0 0
15 8 0 0
15 9 0 0
15 12 0 0
16 14 0 0
16 2 0 0
16 4 0 0
16 1 0 0
17 4 0 0
17 2 0 0
17 7 0 0
17 12 0 0
18 3 0 0
18 8 0 0
18 11 0 0
18 13 0 0
19 11 0 0
19 17 0 0
19 1 0 0
19 5 0 0
0 15 0 0
0 11 0 0
0 17 0 0
0 5 0 0
1 6 0 0
1 11 0 0
1 17 0 0
1 8 0 0
2 19 0 0
2 9 0 0
2 14 0 0
2 7 0 0
3 15 0 0
3 19 0 0
3 7 0 0
3 14 0 0
24 21 1 1
24 22 1 1
24 20 1 1
24 23 1 1
25 24 1 1
25 23 1 1
25 20 1 1
25 22 1 1
26 24 1 1
26 22 1 1
26 25 1 1
26 23 1 1
27 21 1 1
27 22 1 1
27 23 1 1
27 24 1 1
28 27 1 1
28 23 1 1
28 26 1 1
28 21 1 1
29 28 1 1
29 21 1 1
29 27 1 1
29 23 1 1
30 26 1 1
30 24 1 1
30 25 1 1
30 22 1 1
31 20 1 1
31 23 1 1
31 24 1 1
31 27 1 1
32 23 1 1
32 22 1 1
32 30 1 1
32 31 1 1
33 22 1 1
33 25 1 1
33 28 1 1
33 24 1 1
34 29 1 1
34 26 1 1
34 21 1 1
34 31 1 1
35 31 1 1
35 26 1 1
35 32 1 1
35 25 1 1
36 20 1 1
36 29 1 1
36 25 1 1
36 34 1 1
37 33 1 1
37 24 1 1
37 25 1 1
37 20 1 1
38 24 1 1
38 23 1 1
38 21 1 1
38 29 1 1
39 32 1 1
39 36 1 1
39 23 1 1
39 31 1 1
20 30 1 1
20 33 1 1
20 38 1 1
20 39 1 1
21 39 1 1
21 36 1 1
21 30 1 1
21 35 1 1
22 34 1 1
22 31 1 1
22 29 1 1
22 36 1 1
23 33 1 1
23 35 1 1
23 37 1 1
23 36 1 1
44 40 2 2
44 43 2 2
44 41 2 2
44 42 2 2
45 42 2 2
45 43 2 2
45 41 2 2
45 40 2 2
46 42 2 2
46 41 2 2
46 44 2 2
46 45 2 2
47 45 2 2
47 44 2 2
47 42 2 2
47 40 2 2
48 47 2 2
48 44 2 2
48 43 2 2
48 40 2 2
49 45 2 2
49 40 2 2
49 41 2 2
49 44 2 2
50 49 2 2
50 42 2 2
50 44 2 2
50 46 2 2
51 40 2 2
51 47 2 2
51 42 2 2
51 44 2 2
52 48 2 2
52 42 2 2
52 41 2 2
52 43 2 2
53 47 2 2
53 42 2 2
53 49 2 2
53 43 2 2
54 50 2 2
54 47 2 2
54 40 2 2
54 44 2 2
55 43 2 2
55 44 2 2
55 42 2 2
55 50 2 2
56 47 2 2
56 44 2 2
56 55 2 2
56 54 2 2
57 50 2 2
57 52 2 2
57 45 2 2
57 54 2 2
58 42 2 2
58 51 2 2
58 56 2 2
58 52 2 2
59 55 2 2
59 44 2 2
59 56 2 2
59 47 2 2
40 52 2 2
40 53 2 2
40 59 2 2
40 55 2 2
41 54 2 2
41 58 2 2
41 57 2 2
41 47 2 2
42 48 2 2
42 54 2 2
42 57 2 2
42 49 2 2
43 54 2 2
43 50 2 2
43 58 2 2
43 46 2 2
64 63 3 3
64 60 3 3
64 61 3 3
64 62 3 3
65 62 3 3
65 64 3 3
65 61 3 3
65 60 3 3
66 64 3 3
66 62 3 3
66 65 3 3
66 60 3 3
67 66 3 3
67 62 3 3
67 65 3 3
67 63 3 3
68 66 3 3
68 67 3 3
68 61 3 3
68 65 3 3
69 65 3 3
69 66 3 3
69 62 3 3
69 67 3 3
70 65 3 3
70 60 3 3
70 63 3 3
70 62 3 3
71 67 3 3
71 68 3 3
71 62 3 3
71 69 3 3
72 61 3 3
72 70 3 3
72 62 3 3
72 71 3 3
73 65 3 3
73 69 3 3
73 62 3 3
73 66 3 3
74 69 3 3
74 64 3 3
74 67 3 3
74 65 3 3
75 61 3 3
75 66 3 3
75 62 3 3
75 71 3 3
76 69 3 3
76 74 3 3
76 62 3 3
76 65 3 3
77 71 3 3
77 67 3 3
77 68 3 3
77 66 3 3
78 70 3 3
78 77 3 3
78 66 3 3
78 62 3 3
79 76 3 3
79 62 3 3
79 72 3 3
79 73 3 3
60 74 3 3
60 78 3 3
60 79 3 3
60 75 3 3
61 71 3 3
61 79 3 3
61 66 3 3
61 67 3 3
62 74 3 3
62 68 3 3
62 77 3 3
63 72 3 3
63 65 3 3
63 77 3 3
63 78 3 3
84 81 4 4
84 83 4 4
84 80 4 4
84 82 4 4
85 81 4 4
85 83 4 4
85 82 4 4
85 84 4 4
86 83 4 4
86 80 4 4
86 82 4 4
86 85 4 4
87 80 4 4
87 81 4 4
87 86 4 4
87 85 4 4
88 81 4 4
88 85 4 4
88 84 4 4
88 80 4 4
89 80 4 4
89 84 4 4
89 88 4 4
89 87 4 4
90 87 4 4
90 80 4 4
90 89 4 4
90 88 4 4
91 84 4 4
91 89 4 4
91 90 4 4
91 81 4 4
92 85 4 4
92 80 4 4
92 81 4 4
92 87 4 4
93 85 4 4
93 82 4 4
93 86 4 4
93 88 4 4
94 89 4 4
94 81 4 4
94 80 4 4
94 88 4 4
95 80 4 4
95 93 4 4
95 89 4 4
95 91 4 4
96 90 4 4
96 81 4 4
96 89 4 4
96 80 4 4
97 82 4 4
97 89 4 4
97 81 4 4
97 87 4 4
98 97 4 4
98 84 4 4
98 87 4 4
98 80 4 4
99 88 4 4
99 87 4 4
99 80 4 4
99 95 4 4
80 91 4 4
80 85 4 4
80 97 4 4
80 93 4 4
81 93 4 4
81 90 4 4
81 89 4 4
81 99 4 4
82 92 4 4
82 99 4 4
82 88 4 4
82 98 4 4
83 91 4 4
83 92 4 4
83 93 4 4
83 97 4 4
104 101 5 5
104 102 5 5
104 103 5 5
104 100 5 5
105 101 5 5
105 103 5 5
105 100 5 5
105 104 5 5
106 103 5 5
106 100 5 5
106 102 5 5
106 105 5 5
107 103 5 5
107 101 5 5
107 105 5 5
107 102 5 5
108 102 5 5
108 105 5 5
108 106 5 5
108 107 5 5
109 104 5 5
109 102 5 5
109 108 5 5
109 100 5 5
110 103 5 5
110 100 5 5
110 101 5 5
110 105 5 5
111 106 5 5
111 102 5 5
111 108 5 5
111 104 5 5
112 101 5 5
112 103 5 5
112 109 5 5
112 107 5 5
113 101 5 5
113 111 5 5
113 103 5 5
113 107 5 5
114 100 5 5
114 103 5 5
114 110 5 5
114 101 5 5
115 104 5 5
115 114 5 5
115 105 5 5
115 107 5 5
116 105 5 5
116 115 5 5
116 107 5 5
116 100 5 5
117 101 5 5
117 104 5 5
117 114 5 5
117 116 5 5
118 117 5 5
118 115 5 5
118 103 5 5
118 114 5 5
119 111 5 5
119 114 5 5
119 115 5 5
119 118 5 5
100 111 5 5
100 115 5 5
100 107 5 5
100 119 5 5
101 118 5 5
101 111 5 5
101 119 5 5
101 115 5 5
102 118 5 5
102 116 5 5
102 115 5 5
102 105 5 5
103 119 5 5
103 117 5 5
103 116 5 5
103 115 5 5
124 122 6 6
124 121 6 6
124 120 6 6
124 123 6 6
125 120 6 6
125 121 6 6
125 123 6 6
125 122 6 6
126 123 6 6
126 120 6 6
126 122 6 6
126 124 6 6
127 121 6 6
127 122 6 6
127 124 6 6
127 126 6 6
128 120 6 6
128 127 6 6
128 122 6 6
128 121 6 6
129 120 6 6
129 121 6 6
129 128 6 6
129 125 6 6
130 126 6 6
130 127 6 6
130 129 6 6
130 121 6 6
131 124 6 6
131 128 6 6
131 122 6 6
131 123 6 6
132 120 6 6
132 123 6 6
132 129 6 6
132 130 6 6
133 126 6 6
133 122 6 6
133 124 6 6
133 127 6 6
134 133 6 6
134 126 6 6
134 120 6 6
134 123 6 6
135 126 6 6
135 123 6 6
135 134 6 6
135 127 6 6
136 132 6 6
136 130 6 6
136 129 6 6
136 134 6 6
137 124 6 6
137 128 6 6
137 135 6 6
137 126 6 6
138 120 6 6
138 126 6 6
138 121 6 6
138 129 6 6
139 131 6 6
139 122 6 6
139 127 6 6
139 135 6 6
120 130 6 6
120 127 6 6
120 131 6 6
120 136 6 6
121 133 6 6
121 132 6 6
121 134 6 6
121 135 6 6
122 135 6 6
122 137 6 6
122 130 6 6
122 134 6 6
123 133 6 6
123 129 6 6
123 136 6 6
123 138 6 6
144 140 7 7
144 142 7 7
144 143 7 7
144 141 7 7
145 140 7 7
145 144 7 7
145 143 7 7
145 141 7 7
146 145 7 7
146 144 7 7
146 141 7 7
146 142 7 7
147 145 7 7
147 143 7 7
147 140 7 7
147 146 7 7
148 145 7 7
148 147 7 7
148 143 7 7
148 140 7 7
149 146 7 7
149 142 7 7
149 144 7 7
149 147 7 7
150 148 7 7
150 147 7 7
150 145 7 7
150 146 7 7
151 144 7 7
151 149 7 7
151 146 7 7
151 142 7 7
152 143 7 7
152 150 7 7
152 147 7 7
152 148 7 7
153 143 7 7
153 149 7 7
153 140 7 7
153 141 7 7
154 141 7 7
154 140 7 7
154 146 7 7
154 142 7 7
155 145 7 7
155 144 7 7
155 154 7 7
155 153 7 7
156 143 7 7
156 145 7 7
156 152 7 7
156 150 7 7
157 144 7 7
157 146 7 7
157 140 7 7
157 154 7 7
158 149 7 7
158 151 7 7
158 142 7 7
158 146 7 7
159 152 7 7
159 140 7 7
159 156 7 7
159 153 7 7
140 155 7 7
140 151 7 7
140 149 7 7
140 146 7 7
141 149 7 7
141 151 7 7
141 152 7 7
141 148 7 7
142 157 7 7
142 155 7 7
142 148 7 7
142 147 7 7
143 159 7 7
143 146 7 7
143 158 7 7
143 155 7 7
164 161 8 8
164 163 8 8
164 160 8 8
164 162 8 8
165 161 8 8
165 164 8 8
165 162 8 8
165 160 8 8
166 163 8 8
166 165 8 8
166 160 8 8
166 162 8 8
167 162 8 8
167 160 8 8
167 163 8 8
167 161 8 8
168 161 8 8
168 162 8 8
168 163 8 8
168 160 8 8
169 161 8 8
169 165 8 8
169 164 8 8
169 160 8 8
170 165 8 8
170 160 8 8
170 169 8 8
170 162 8 8
171 167 8 8
171 168 8 8
171 161 8 8
171 160 8 8
172 170 8 8
172 169 8 8
172 165 8 8
172 166 8 8
173 172 8 8
173 169 8 8
173 165 8 8
173 161 8 8
174 163 8 8
174 160 8 8
174 166 8 8
174 168 8 8
175 166 8 8
175 168 8 8
175 163 8 8
175 174 8 8
176 169 8 8
176 168 8 8
176 173 8 8
176 167 8 8
177 175 8 8
177 165 8 8
177 164 8 8
177 171 8 8
178 171 8 8
178 161 8 8
178 162 8 8
178 160 8 8
179 172 8 8
179 169 8 8
179 173 8 8
179 165 8 8
160 175 8 8
160 177 8 8
160 172 8 8
160 179 8 8
161 172 8 8
161 166 8 8
161 170 8 8
161 176 8 8
162 171 8 8
162 177 8 8
162 175 8 8
162 176 8 8
163 177 8 8
163 173 8 8
163 171 8 8
163 178 8 8
184 183 9 9
184 180 9 9
184 182 9 9
184 181 9 9
185 183 9 9
185 184 9 9
185 181 9 9
185 180 9 9
186 180 9 9
186 185 9 9
186 182 9 9
186 181 9 9
187 183 9 9
187 186 9 9
187 184 9 9
187 182 9 9
188 186 9 9
188 183 9 9
188 185 9 9
188 180 9 9
189 188 9 9
189 185 9 9
189 184 9 9
189 180 9 9
190 180 9 9
190 181 9 9
190 189 9 9
190 183 9 9
191 186 9 9
191 185 9 9
191 182 9 9
191 189 9 9
192 191 9 9
192 185 9 9
192 189 9 9
192 180 9 9
193 192 9 9
193 181 9 9
193 190 9 9
193 188 9 9
194 193 9 9
194 183 9 9
194 190 9 9
194 184 9 9
195 185 9 9
195 181 9 9
195 186 9 9
195 182 9 9
196 188 9 9
196 191 9 9
196 185 9 9
196 192 9 9
197 191 9 9
197 184 9 9
197 186 9 9
197 192 9 9
198 188 9 9
198 186 9 9
198 193 9 9
198 192 9 9
199 190 9 9
199 180 9 9
199 185 9 9
199 188 9 9
180 195 9 9
180 191 9 9
180 194 9 9
180 198 9 9
181 196 9 9
181 192 9 9
181 189 9 9
181 187 9 9
182 185 9 9
182 198 9 9
182 189 9 9
182 188 9 9
183 191 9 9
183 195 9 9
183 196 9 9
183 199 9 9
204 200 10 10
204 202 10 10
204 201 10 10
204 203 10 10
205 203 10 10
205 200 10 10
205 202 10 10
205 204 10 10
206 203 10 10
206 204 10 10
206 205 10 10
206 202 10 10
207 205 10 10
207 203 10 10
207 204 10 10
207 200 10 10
208 202 10 10
208 203 10 10
208 207 10 10
208 204 10 10
209 207 10 10
209 208 10 10
209 203 10 10
209 200 10 10
210 203 10 10
210 206 10 10
210 200 10 10
210 208 10 10
211 203 10 10
211 207 10 10
211 205 10 10
211 200 10 10
212 208 10 10
212 204 10 10
212 210 10 10
212 200 10 10
213 207 10 10
213 206 10 10
213 201 10 10
213 208 10 10
214 212 10 10
214 206 10 10
214 200 10 10
214 203 10 10
215 202 10 10
215 213 10 10
215 203 10 10
215 201 10 10
216 206 10 10
216 200 10 10
216 215 10 10
216 209 10 10
217 216 10 10
217 211 10 10
217 205 10 10
217 200 10 10
218 210 10 10
218 209 10 10
218 215 10 10
218 213 10 10
219 201 10 10
219 202 10 10
219 205 10 10
219 216 10 10
200 218 10 10
200 219 10 10
200 215 10 10
200 208 10 10
201 217 10 10
201 205 10 10
201 209 10 10
201 211 10 10
202 218 10 10
202 217 10 10
202 207 10 10
202 213 10 10
203 218 10 10
203 216 10 10
203 213 10 10
203 217 10 10
224 222 11 11
224 220 11 11
224 221 11 11
224 223 11 11
225 223 11 11
225 222 11 11
225 224 11 11
225 220 11 11
226 222 11 11
226 223 11 11
226 221 11 11
226 225 11 11
227 222 11 11
227 223 11 11
227 224 11 11
227 221 11 11
228 224 11 11
228 222 11 11
228 225 11 11
228 221 11 11
229 221 11 11
229 223 11 11
229 220 11 11
229 226 11 11
230 221 11 11
230 226 11 11
230 228 11 11
230 223 11 11
231 221 11 11
231 223 11 11
231 225 11 11
231 230 11 11
232 221 11 11
232 230 11 11
232 225 11 11
232 231 11 11
233 230 11 11
233 229 11 11
233 221 11 11
233 231 11 11
234 229 11 11
234 223 11 11
234 225 11 11
234 230 11 11
235 221 11 11
235 230 11 11
235 232 11 11
235 220 11 11
236 226 11 11
236 224 11 11
236 235 11 11
236 222 11 11
237 236 11 11
237 224 11 11
237 227 11 11
237 225 11 11
238 228 11 11
238 236 11 11
238 234 11 11
238 227 11 11
239 238 11 11
239 231 11 11
239 227 11 11
239 223 11 11
220 232 11 11
220 230 11 11
220 226 11 11
220 231 11 11
221 234 11 11
221 239 11 11
221 225 11 11
221 238 11 11
222 233 11 11
222 238 11 11
222 232 11 11
222 234 11 11
223 228 11 11
223 238 11 11
223 237 11 11
223 232 11 11
244 240 12 12
244 243 12 12
244 241 12 12
244 242 12 12
245 243 12 12
245 242 12 12
245 240 12 12
245 244 12 12
246 245 12 12
246 241 12 12
246 244 12 12
246 240 12 12
247 240 12 12
247 245 12 12
247 241 12 12
247 246 12 12
248 247 12 12
248 245 12 12
248 246 12 12
248 241 12 12
249 242 12 12
249 247 12 12
249 245 12 12
249 240 12 12
250 246 12 12
250 249 12 12
250 248 12 12
250 245 12 12
251 240 12 12
251 242 12 12
251 244 12 12
251 246 12 12
252 244 12 12
252 241 12 12
252 240 12 12
252 249 12 12
253 250 12 12
253 252 12 12
253 242 12 12
253 245 12 12
254 250 12 12
254 247 12 12
254 242 12 12
254 246 12 12
255 251 12 12
255 252 12 12
255 248 12 12
255 253 12 12
256 254 12 12
256 246 12 12
256 249 12 12
256 245 12 12
257 240 12 12
257 256 12 12
257 245 12 12
257 242 12 12
258 255 12 12
258 244 12 12
258 247 12 12
258 252 12 12
259 241 12 12
259 252 12 12
259 242 12 12
259 244 12 12
240 253 12 12
240 248 12 12
240 250 12 12
240 259 12 12
241 258 12 12
241 253 12 12
241 255 12 12
241 257 12 12
242 255 12 12
242 250 12 12
242 252 12 12
242 248 12 12
243 249 12 12
243 251 12 12
243 248 12 12
243 259 12 12
264 262 13 13
264 260 13 13
264 263 13 13
264 261 13 13
265 261 13 13
265 262 13 13
265 264 13 13
265 263 13 13
266 263 13 13
266 265 13 13
266 261 13 13
266 262 13 13
267 263 13 13
267 265 13 13
267 261 13 13
267 266 13 13
268 265 13 13
268 264 13 13
268 262 13 13
268 266 13 13
269 262 13 13
269 266 13 13
269 268 13 13
269 260 13 13
270 264 13 13
270 268 13 13
270 262 13 13
270 265 13 13
271 260 13 13
271 266 13 13
271 268 13 13
271 261 13 13
272 260 13 13
272 267 13 13
272 262 13 13
272 264 13 13
273 272 13 13
273 263 13 13
273 268 13 13
273 260 13 13
274 262 13 13
274 270 13 13
274 267 13 13
274 265 13 13
275 264 13 13
275 272 13 13
275 260 13 13
275 265 13 13
276 261 13 13
276 262 13 13
276 266 13 13
276 263 13 13
277 276 13 13
277 262 13 13
277 263 13 13
277 267 13 13
278 265 13 13
278 268 13 13
278 270 13 13
278 263 13 13
279 262 13 13
279 268 13 13
279 272 13 13
279 264 13 13
260 276 13 13
260 278 13 13
260 279 13 13
260 270 13 13
261 273 13 13
261 275 13 13
261 277 13 13
261 278 13 13
262 278 13 13
262 273 13 13
262 267 13 13
262 275 13 13
263 279 13 13
263 270 13 13
263 268 13 13
263 274 13 13
284 281 14 14
284 283 14 14
284 282 14 14
284 280 14 14
285 281 14 14
285 283 14 14
285 284 14 14
285 280 14 14
286 284 14 14
286 281 14 14
286 283 14 14
286 280 14 14
287 280 14 14
287 285 14 14
287 281 14 14
287 282 14 14
288 285 14 14
288 281 14 14
288 284 14 14
288 280 14 14
289 284 14 14
289 281 14 14
289 283 14 14
289 286 14 14
290 283 14 14
290 281 14 14
290 286 14 14
290 289 14 14
291 280 14 14
291 282 14 14
291 281 14 14
291 284 14 14
292 291 14 14
292 288 14 14
292 282 14 14
292 283 14 14
293 285 14 14
293 288 14 14
293 292 14 14
293 283 14 14
294 280 14 14
294 282 14 14
294 281 14 14
294 291 14 14
295 282 14 14
295 294 14 14
295 292 14 14
295 293 14 14
296 283 14 14
296 284 14 14
296 295 14 14
296 288 14 14
297 293 14 14
297 283 14 14
297 284 14 14
297 281 14 14
298 284 14 14
298 286 14 14
298 280 14 14
298 281 14 14
299 295 14 14
299 291 14 14
299 290 14 14
299 293 14 14
280 295 14 14
280 293 14 14
280 299 14 14
280 296 14 14
281 293 14 14
281 295 14 14
281 296 14 14
281 299 14 14
282 289 14 14
282 299 14 14
282 297 14 14
282 290 14 14
283 298 14 14
283 299 14 14
283 291 14 14
283 294 14 14
304 300 15 15
304 301 15 15
304 302 15 15
304 303 15 15
305 303 15 15
305 301 15 15
305 302 15 15
305 304 15 15
306 304 15 15
306 302 15 15
306 301 15 15
306 300 15 15
307 303 15 15
307 306 15 15
307 300 15 15
307 302 15 15
308 307 15 15
308 305 15 15
308 303 15 15
308 300 15 15
309 307 15 15
309 306 15 15
309 301 15 15
309 305 15 15
310 306 15 15
310 303 15 15
310 307 15 15
310 302 15 15
311 301 15 15
311 305 15 15
311 306 15 15
311 308 15 15
312 302 15 15
312 310 15 15
312 311 15 15
312 301 15 15
313 310 15 15
313 305 15 15
313 303 15 15
313 302 15 15
314 300 15 15
314 306 15 15
314 305 15 15
314 312 15 15
315 303 15 15
315 307 15 15
315 312 15 15
315 302 15 15
316 302 15 15
316 301 15 15
316 308 15 15
316 305 15 15
317 314 15 15
317 310 15 15
317 303 15 15
317 301 15 15
318 302 15 15
318 309 15 15
318 313 15 15
318 305 15 15
319 304 15 15
319 318 15 15
319 301 15 15
319 314 15 15
300 319 15 15
300 309 15 15
300 318 15 15
300 313 15 15
301 313 15 15
301 318 15 15
301 314 15 15
301 310 15 15
302 317 15 15
302 308 15 15
302 319 15 15
302 309 15 15
303 316 15 15
303 311 15 15
303 319 15 15
303 312 15 15
85 60 4 3
80 14 4 0
93 54 4 2
99 32 4 1
105 98 5 4
103 55 5 2
116 4 5 0
112 74 5 3
128 41 6 2
134 92 6 4
124 4 6 0
132 104 6 5
147 130 7 6
145 45 7 2
157 35 7 1
145 110 7 5
178 108 8 5
171 83 8 4
178 70 8 3
179 47 8 2
180 21 9 1
187 64 9 3
185 165 9 8
187 114 9 5
213 83 10 4
213 118 10 5
204 12 10 0
210 140 10 7
230 11 11 0
220 88 11 4
239 42 11 2
229 157 11 7
249 56 12 2
249 166 12 8
241 110 12 5
242 33 12 1
279 193 13 9
276 40 13 2
263 33 13 1
264 65 13 3
294 162 14 8
292 65 14 3
295 10 14 0
287 181 14 9
315 1 15 0
318 197 15 9
309 299 15 14
300 85 15 4
18 257 0 12
3 140 0 7
15 276 0 13
7 174 0 8
27 312 1 15
25 292 1 14
38 117 1 5
31 167 1 8
44 203 2 10
42 311 2 15
40 289 2 14
52 186 2 9
70 244 3 12
76 150 3 7
72 123 3 6
62 315 3 15
