swNum = 320
edgeNum = 1344

0 0
1 0
2 0
3 0
4 0
5 0
6 0
7 0
8 0
9 0
10 0
11 0
12 0
13 0
14 0
15 0
16 0
17 0
18 0
19 0
20 1
21 1
22 1
23 1
24 1
25 1
26 1
27 1
28 1
29 1
30 1
31 1
32 1
33 1
34 1
35 1
36 1
37 1
38 1
39 1
40 2
41 2
42 2
43 2
44 2
45 2
46 2
47 2
48 2
49 2
50 2
51 2
52 2
53 2
54 2
55 2
56 2
57 2
58 2
59 2
60 3
61 3
62 3
63 3
64 3
65 3
66 3
67 3
68 3
69 3
70 3
71 3
72 3
73 3
74 3
75 3
76 3
77 3
78 3
79 3
80 4
81 4
82 4
83 4
84 4
85 4
86 4
87 4
88 4
89 4
90 4
91 4
92 4
93 4
94 4
95 4
96 4
97 4
98 4
99 4
100 5
101 5
102 5
103 5
104 5
105 5
106 5
107 5
108 5
109 5
110 5
111 5
112 5
113 5
114 5
115 5
116 5
117 5
118 5
119 5
120 6
121 6
122 6
123 6
124 6
125 6
126 6
127 6
128 6
129 6
130 6
131 6
132 6
133 6
134 6
135 6
136 6
137 6
138 6
139 6
140 7
141 7
142 7
143 7
144 7
145 7
146 7
147 7
148 7
149 7
150 7
151 7
152 7
153 7
154 7
155 7
156 7
157 7
158 7
159 7
160 8
161 8
162 8
163 8
164 8
165 8
166 8
167 8
168 8
169 8
170 8
171 8
172 8
173 8
174 8
175 8
176 8
177 8
178 8
179 8
180 9
181 9
182 9
183 9
184 9
185 9
186 9
187 9
188 9
189 9
190 9
191 9
192 9
193 9
194 9
195 9
196 9
197 9
198 9
199 9
200 10
201 10
202 10
203 10
204 10
205 10
206 10
207 10
208 10
209 10
210 10
211 10
212 10
213 10
214 10
215 10
216 10
217 10
218 10
219 10
220 11
221 11
222 11
223 11
224 11
225 11
226 11
227 11
228 11
229 11
230 11
231 11
232 11
233 11
234 11
235 11
236 11
237 11
238 11
239 11
240 12
241 12
242 12
243 12
244 12
245 12
246 12
247 12
248 12
249 12
250 12
251 12
252 12
253 12
254 12
255 12
256 12
257 12
258 12
259 12
260 13
261 13
262 13
263 13
264 13
265 13
266 13
267 13
268 13
269 13
270 13
271 13
272 13
273 13
274 13
275 13
276 13
277 13
278 13
279 13
280 14
281 14
282 14
283 14
284 14
285 14
286 14
287 14
288 14
289 14
290 14
291 14
292 14
293 14
294 14
295 14
296 14
297 14
298 14
299 14
300 15
301 15
302 15
303 15
304 15
305 15
306 15
307 15
308 15
309 15
310 15
311 15
312 15
313 15
314 15
315 15
316 15
317 15
318 15
319 15

4 3 0 0
4 0 0 0
4 2 0 0
4 1 0 0
5 3 0 0
5 2 0 0
5 1 0 0
5 0 0 0
6 1 0 0
6 4 0 0
6 0 0 0
6 5 0 0
7 0 0 0
7 3 0 0
7 6 0 0
7 1 0 0
8 1 0 0
8 3 0 0
8 2 0 0
8 4 0 0
9 3 0 0
9 8 0 0
9 4 0 0
9 0 0 0
10 6 0 0
10 8 0 0
10 1 0 0
10 4 0 0
11 4 0 0
11 3 0 0
11 0 0 0
11 2 0 0
12 0 0 0
12 11 0 0
12 6 0 0
12 4 0 0
13 7 0 0
13 3 0 0
13 11 0 0
13 6 0 0
14 3 0 0
14 5 0 0
14 9 0 0
14 13 0 0
15 13 0 0
15 4 0 0
15 0 0 0
15 2 0 0
16 8 0 0
16 13 0 0
16 15 0 0
16 11 0 0
17 10 0 0
17 9 0 0
17 3 0 0
17 11 0 0
18 13 0 0
18 10 0 0
18 6 0 0
18 1 0 0
19 15 0 0
19 16 0 0
19 5 0 0
19 8 0 0
0 13 0 0
0 19 0 0
0 14 0 0
0 17 0 0
1 9 0 0
1 14 0 0
1 19 0 0
1 17 0 0
2 13 0 0
2 16 0 0
2 12 0 0
2 10 0 0
3 12 0 0
3 16 0 0
3 19 0 0
3 6 0 0
24 22 1 1
24 20 1 1
24 23 1 1
24 21 1 1
25 20 1 1
25 24 1 1
25 22 1 1
25 21 1 1
26 24 1 1
26 20 1 1
26 22 1 1
26 25 1 1
27 22 1 1
27 25 1 1
27 26 1 1
27 21 1 1
28 23 1 1
28 26 1 1
28 21 1 1
28 22 1 1
29 26 1 1
29 27 1 1
29 20 1 1
29 25 1 1
30 22 1 1
30 29 1 1
30 25 1 1
30 20 1 1
31 30 1 1
31 21 1 1
31 29 1 1
31 20 1 1
32 24 1 1
32 27 1 1
32 28 1 1
32 30 1 1
33 21 1 1
33 28 1 1
33 23 1 1
33 32 1 1
34 25 1 1
34 21 1 1
34 29 1 1
34 30 1 1
35 32 1 1
35 22 1 1
35 23 1 1
35 20 1 1
36 34 1 1
36 21 1 1
36 33 1 1
36 20 1 1
37 32 1 1
37 20 1 1
37 24 1 1
37 25 1 1
38 24 1 1
38 20 1 1
38 23 1 1
38 25 1 1
39 22 1 1
39 34 1 1
39 36 1 1
39 25 1 1
20 34 1 1
20 39 1 1
20 27 1 1
20 33 1 1
21 30 1 1
21 35 1 1
21 32 1 1
21 29 1 1
22 33 1 1
22 38 1 1
22 36 1 1
22 32 1 1
23 32 1 1
23 25 1 1
23 26 1 1
23 37 1 1
44 43 2 2
44 41 2 2
44 42 2 2
44 40 2 2
45 40 2 2
45 42 2 2
45 41 2 2
45 43 2 2
46 45 2 2
46 42 2 2
46 40 2 2
46 44 2 2
47 43 2 2
47 44 2 2
47 42 2 2
47 46 2 2
48 44 2 2
48 41 2 2
48 45 2 2
48 46 2 2
49 40 2 2
49 47 2 2
49 42 2 2
49 44 2 2
50 40 2 2
50 41 2 2
50 46 2 2
50 44 2 2
51 49 2 2
51 50 2 2
51 48 2 2
51 45 2 2
52 42 2 2
52 49 2 2
52 47 2 2
52 45 2 2
53 47 2 2
53 49 2 2
53 51 2 2
53 42 2 2
54 49 2 2
54 42 2 2
54 45 2 2
54 43 2 2
55 54 2 2
55 49 2 2
55 48 2 2
55 53 2 2
56 53 2 2
56 45 2 2
56 40 2 2
56 51 2 2
57 51 2 2
57 50 2 2
57 45 2 2
57 46 2 2
58 41 2 2
58 51 2 2
58 49 2 2
58 47 2 2
59 53 2 2
59 56 2 2
59 45 2 2
59 55 2 2
40 54 2 2
40 48 2 2
40 53 2 2
40 59 2 2
41 51 2 2
41 49 2 2
41 47 2 2
41 54 2 2
42 48 2 2
42 57 2 2
42 55 2 2
42 51 2 2
43 49 2 2
43 58 2 2
43 51 2 2
43 52 2 2
64 62 3 3
64 63 3 3
64 61 3 3
64 60 3 3
65 61 3 3
65 63 3 3
65 64 3 3
65 60 3 3
66 62 3 3
66 63 3 3
66 64 3 3
66 65 3 3
67 62 3 3
67 63 3 3
67 66 3 3
67 64 3 3
68 64 3 3
68 63 3 3
68 61 3 3
68 67 3 3
69 66 3 3
69 62 3 3
69 63 3 3
69 65 3 3
70 63 3 3
70 61 3 3
70 66 3 3
70 68 3 3
71 66 3 3
71 63 3 3
71 61 3 3
71 68 3 3
72 71 3 3
72 69 3 3
72 66 3 3
72 60 3 3
73 64 3 3
73 70 3 3
73 61 3 3
73 68 3 3
74 68 3 3
74 60 3 3
74 65 3 3
74 66 3 3
75 66 3 3
75 71 3 3
75 63 3 3
75 61 3 3
76 75 3 3
76 68 3 3
76 61 3 3
76 73 3 3
77 64 3 3
77 60 3 3
77 70 3 3
77 63 3 3
78 65 3 3
78 62 3 3
78 60 3 3
78 72 3 3
79 73 3 3
79 77 3 3
79 68 3 3
79 64 3 3
60 69 3 3
60 79 3 3
60 70 3 3
60 73 3 3
61 77 3 3
61 78 3 3
61 66 3 3
61 79 3 3
62 70 3 3
62 72 3 3
62 77 3 3
62 71 3 3
63 78 3 3
63 74 3 3
63 76 3 3
63 72 3 3
84 80 4 4
84 83 4 4
84 81 4 4
84 82 4 4
85 83 4 4
85 84 4 4
85 81 4 4
85 82 4 4
86 84 4 4
86 85 4 4
86 80 4 4
86 82 4 4
87 86 4 4
87 85 4 4
87 83 4 4
87 82 4 4
88 83 4 4
88 81 4 4
88 87 4 4
88 85 4 4
89 80 4 4
89 86 4 4
89 88 4 4
89 87 4 4
90 81 4 4
90 87 4 4
90 88 4 4
90 89 4 4
91 85 4 4
91 80 4 4
91 86 4 4
91 82 4 4
92 89 4 4
92 86 4 4
92 91 4 4
92 81 4 4
93 87 4 4
93 83 4 4
93 86 4 4
93 88 4 4
94 82 4 4
94 86 4 4
94 92 4 4
94 88 4 4
95 93 4 4
95 83 4 4
95 85 4 4
95 89 4 4
96 83 4 4
96 93 4 4
96 92 4 4
96 90 4 4
97 90 4 4
97 89 4 4
97 95 4 4
97 81 4 4
98 88 4 4
98 84 4 4
98 91 4 4
98 82 4 4
99 96 4 4
99 88 4 4
99 84 4 4
99 95 4 4
80 98 4 4
80 94 4 4
80 88 4 4
80 85 4 4
81 87 4 4
81 93 4 4
81 89 4 4
81 95 4 4
82 88 4 4
82 96 4 4
82 89 4 4
82 90 4 4
83 86 4 4
83 99 4 4
83 94 4 4
83 92 4 4
104 100 5 5
104 103 5 5
104 101 5 5
104 102 5 5
105 103 5 5
105 104 5 5
105 102 5 5
105 101 5 5
106 100 5 5
106 105 5 5
106 104 5 5
106 102 5 5
107 105 5 5
107 104 5 5
107 100 5 5
107 102 5 5
108 102 5 5
108 106 5 5
108 107 5 5
108 100 5 5
109 102 5 5
109 100 5 5
109 101 5 5
109 103 5 5
110 100 5 5
110 107 5 5
110 106 5 5
110 101 5 5
111 109 5 5
111 106 5 5
111 110 5 5
111 105 5 5
112 102 5 5
112 108 5 5
112 110 5 5
112 111 5 5
113 110 5 5
113 106 5 5
113 104 5 5
113 100 5 5
114 106 5 5
114 112 5 5
114 109 5 5
114 102 5 5
115 110 5 5
115 112 5 5
115 106 5 5
115 100 5 5
116 104 5 5
116 100 5 5
116 105 5 5
116 113 5 5
117 103 5 5
117 109 5 5
117 102 5 5
117 100 5 5
118 112 5 5
118 108 5 5
118 113 5 5
118 115 5 5
119 104 5 5
119 114 5 5
119 102 5 5
119 111 5 5
100 119 5 5
100 114 5 5
100 112 5 5
100 111 5 5
101 107 5 5
101 115 5 5
101 117 5 5
101 111 5 5
102 113 5 5
102 111 5 5
102 115 5 5
102 116 5 5
103 107 5 5
103 112 5 5
103 119 5 5
103 114 5 5
124 120 6 6
124 122 6 6
124 123 6 6
124 121 6 6
125 122 6 6
125 124 6 6
125 120 6 6
125 121 6 6
126 125 6 6
126 123 6 6
126 120 6 6
126 124 6 6
127 123 6 6
127 125 6 6
127 126 6 6
127 124 6 6
128 127 6 6
128 123 6 6
128 124 6 6
128 126 6 6
129 128 6 6
129 123 6 6
129 121 6 6
129 122 6 6
130 121 6 6
130 128 6 6
130 124 6 6
130 127 6 6
131 120 6 6
131 121 6 6
131 129 6 6
131 125 6 6
132 131 6 6
132 120 6 6
132 126 6 6
132 127 6 6
133 126 6 6
133 130 6 6
133 132 6 6
133 131 6 6
134 130 6 6
134 121 6 6
134 132 6 6
134 133 6 6
135 121 6 6
135 134 6 6
135 133 6 6
135 130 6 6
136 134 6 6
136 130 6 6
136 124 6 6
136 125 6 6
137 122 6 6
137 120 6 6
137 127 6 6
137 130 6 6
138 134 6 6
138 135 6 6
138 120 6 6
138 136 6 6
139 131 6 6
139 137 6 6
139 126 6 6
139 122 6 6
120 128 6 6
120 139 6 6
120 129 6 6
120 134 6 6
121 133 6 6
121 132 6 6
121 138 6 6
121 127 6 6
122 128 6 6
122 132 6 6
122 136 6 6
122 134 6 6
123 133 6 6
123 135 6 6
123 125 6 6
123 130 6 6
144 143 7 7
144 142 7 7
144 141 7 7
144 140 7 7
145 140 7 7
145 143 7 7
145 144 7 7
145 142 7 7
146 143 7 7
146 144 7 7
146 142 7 7
146 140 7 7
147 143 7 7
147 144 7 7
147 146 7 7
147 141 7 7
148 142 7 7
148 144 7 7
148 146 7 7
148 143 7 7
149 141 7 7
149 145 7 7
149 143 7 7
149 147 7 7
150 140 7 7
150 145 7 7
150 149 7 7
150 143 7 7
151 146 7 7
151 148 7 7
151 149 7 7
151 150 7 7
152 142 7 7
152 143 7 7
152 149 7 7
152 145 7 7
153 152 7 7
153 151 7 7
153 143 7 7
153 150 7 7
154 151 7 7
154 147 7 7
154 153 7 7
154 149 7 7
155 152 7 7
155 147 7 7
155 154 7 7
155 141 7 7
156 149 7 7
156 147 7 7
156 140 7 7
156 152 7 7
157 156 7 7
157 146 7 7
157 144 7 7
157 142 7 7
158 148 7 7
158 147 7 7
158 155 7 7
158 141 7 7
159 144 7 7
159 146 7 7
159 156 7 7
159 142 7 7
140 151 7 7
140 157 7 7
140 154 7 7
140 153 7 7
141 152 7 7
141 156 7 7
141 154 7 7
141 150 7 7
142 147 7 7
142 150 7 7
142 154 7 7
142 156 7 7
143 155 7 7
143 154 7 7
143 156 7 7
143 158 7 7
164 162 8 8
164 161 8 8
164 160 8 8
164 163 8 8
165 163 8 8
165 161 8 8
165 162 8 8
165 160 8 8
166 164 8 8
166 160 8 8
166 162 8 8
166 163 8 8
167 160 8 8
167 163 8 8
167 165 8 8
167 166 8 8
168 161 8 8
168 160 8 8
168 163 8 8
168 165 8 8
169 167 8 8
169 168 8 8
169 163 8 8
169 165 8 8
170 163 8 8
170 169 8 8
170 167 8 8
170 168 8 8
171 160 8 8
171 168 8 8
171 165 8 8
171 163 8 8
172 167 8 8
172 165 8 8
172 163 8 8
172 169 8 8
173 171 8 8
173 163 8 8
173 162 8 8
173 169 8 8
174 170 8 8
174 173 8 8
174 163 8 8
174 172 8 8
175 166 8 8
175 170 8 8
175 164 8 8
175 174 8 8
176 162 8 8
176 160 8 8
176 168 8 8
176 175 8 8
177 160 8 8
177 171 8 8
177 162 8 8
177 167 8 8
178 160 8 8
178 175 8 8
178 162 8 8
178 169 8 8
179 177 8 8
179 163 8 8
179 160 8 8
179 162 8 8
160 174 8 8
160 170 8 8
160 173 8 8
160 172 8 8
161 169 8 8
161 172 8 8
161 178 8 8
161 167 8 8
162 171 8 8
162 172 8 8
162 167 8 8
162 175 8 8
163 178 8 8
163 175 8 8
163 176 8 8
163 177 8 8
184 182 9 9
184 183 9 9
184 181 9 9
184 180 9 9
185 184 9 9
185 183 9 9
185 182 9 9
185 180 9 9
186 185 9 9
186 183 9 9
186 184 9 9
186 180 9 9
187 183 9 9
187 182 9 9
187 186 9 9
187 184 9 9
188 182 9 9
188 184 9 9
188 181 9 9
188 186 9 9
189 184 9 9
189 182 9 9
189 186 9 9
189 188 9 9
190 187 9 9
190 188 9 9
190 183 9 9
190 186 9 9
191 189 9 9
191 183 9 9
191 182 9 9
191 184 9 9
192 187 9 9
192 188 9 9
192 185 9 9
192 181 9 9
193 189 9 9
193 183 9 9
193 182 9 9
193 181 9 9
194 180 9 9
194 193 9 9
194 187 9 9
194 190 9 9
195 181 9 9
195 182 9 9
195 180 9 9
195 183 9 9
196 184 9 9
196 185 9 9
196 186 9 9
196 192 9 9
197 180 9 9
197 184 9 9
197 181 9 9
197 196 9 9
198 193 9 9
198 189 9 9
198 188 9 9
198 184 9 9
199 191 9 9
199 182 9 9
199 198 9 9
199 189 9 9
180 190 9 9
180 196 9 9
180 193 9 9
180 192 9 9
181 196 9 9
181 198 9 9
181 187 9 9
181 194 9 9
182 186 9 9
182 192 9 9
182 196 9 9
182 198 9 9
183 188 9 9
183 194 9 9
183 197 9 9
183 199 9 9
204 202 10 10
204 201 10 10
204 203 10 10
204 200 10 10
205 204 10 10
205 202 10 10
205 203 10 10
205 201 10 10
206 205 10 10
206 202 10 10
206 203 10 10
206 201 10 10
207 200 10 10
207 201 10 10
207 205 10 10
207 202 10 10
208 201 10 10
208 202 10 10
208 207 10 10
208 203 10 10
209 208 10 10
209 203 10 10
209 204 10 10
209 206 10 10
210 204 10 10
210 205 10 10
210 202 10 10
210 203 10 10
211 201 10 10
211 209 10 10
211 207 10 10
211 206 10 10
212 205 10 10
212 206 10 10
212 202 10 10
212 207 10 10
213 202 10 10
213 209 10 10
213 208 10 10
213 205 10 10
214 212 10 10
214 213 10 10
214 201 10 10
214 206 10 10
215 202 10 10
215 212 10 10
215 206 10 10
215 214 10 10
216 203 10 10
216 209 10 10
216 206 10 10
216 215 10 10
217 204 10 10
217 200 10 10
217 208 10 10
217 210 10 10
218 201 10 10
218 200 10 10
218 207 10 10
218 205 10 10
219 217 10 10
219 208 10 10
219 213 10 10
219 216 10 10
200 219 10 10
200 208 10 10
200 210 10 10
200 213 10 10
201 210 10 10
201 217 10 10
201 209 10 10
201 216 10 10
202 216 10 10
202 209 10 10
202 217 10 10
202 218 10 10
203 213 10 10
203 217 10 10
203 214 10 10
203 215 10 10
224 220 11 11
224 222 11 11
224 221 11 11
224 223 11 11
225 223 11 11
225 222 11 11
225 220 11 11
225 224 11 11
226 220 11 11
226 221 11 11
226 224 11 11
226 223 11 11
227 220 11 11
227 224 11 11
227 225 11 11
227 226 11 11
228 225 11 11
228 223 11 11
228 220 11 11
228 222 11 11
229 221 11 11
229 228 11 11
229 227 11 11
229 220 11 11
230 227 11 11
230 229 11 11
230 221 11 11
230 228 11 11
231 220 11 11
231 223 11 11
231 227 11 11
231 221 11 11
232 230 11 11
232 228 11 11
232 220 11 11
232 225 11 11
233 221 11 11
233 222 11 11
233 230 11 11
233 232 11 11
234 233 11 11
234 221 11 11
234 230 11 11
234 220 11 11
235 224 11 11
235 222 11 11
235 223 11 11
235 226 11 11
236 226 11 11
236 233 11 11
236 227 11 11
236 222 11 11
237 230 11 11
237 227 11 11
237 233 11 11
237 229 11 11
238 222 11 11
238 230 11 11
238 232 11 11
238 224 11 11
239 220 11 11
239 228 11 11
239 223 11 11
239 234 11 11
220 236 11 11
220 237 11 11
220 233 11 11
220 238 11 11
221 237 11 11
221 236 11 11
221 225 11 11
221 238 11 11
222 234 11 11
222 237 11 11
222 231 11 11
222 232 11 11
223 227 11 11
223 233 11 11
223 234 11 11
223 232 11 11
244 242 12 12
244 240 12 12
244 243 12 12
244 241 12 12
245 243 12 12
245 244 12 12
245 241 12 12
245 240 12 12
246 241 12 12
246 244 12 12
246 245 12 12
246 242 12 12
247 240 12 12
247 241 12 12
247 245 12 12
247 246 12 12
248 245 12 12
248 242 12 12
248 241 12 12
248 244 12 12
249 243 12 12
249 241 12 12
249 245 12 12
249 247 12 12
250 244 12 12
250 241 12 12
250 240 12 12
250 242 12 12
251 241 12 12
251 249 12 12
251 248 12 12
251 247 12 12
252 248 12 12
252 247 12 12
252 241 12 12
252 240 12 12
253 246 12 12
253 250 12 12
253 249 12 12
253 243 12 12
254 245 12 12
254 253 12 12
254 251 12 12
254 246 12 12
255 254 12 12
255 252 12 12
255 243 12 12
255 246 12 12
256 243 12 12
256 249 12 12
256 246 12 12
256 254 12 12
257 253 12 12
257 246 12 12
257 256 12 12
257 254 12 12
258 247 12 12
258 244 12 12
258 241 12 12
258 243 12 12
259 256 12 12
259 252 12 12
259 248 12 12
259 246 12 12
240 258 12 12
240 256 12 12
240 251 12 12
240 259 12 12
241 256 12 12
241 257 12 12
241 254 12 12
241 259 12 12
242 256 12 12
242 253 12 12
242 258 12 12
242 251 12 12
243 254 12 12
243 246 12 12
243 257 12 12
243 251 12 12
264 261 13 13
264 263 13 13
264 262 13 13
264 260 13 13
265 262 13 13
265 264 13 13
265 260 13 13
265 263 13 13
266 263 13 13
266 262 13 13
266 260 13 13
266 264 13 13
267 266 13 13
267 263 13 13
267 262 13 13
267 261 13 13
268 267 13 13
268 261 13 13
268 263 13 13
268 266 13 13
269 261 13 13
269 267 13 13
269 262 13 13
269 266 13 13
270 263 13 13
270 260 13 13
270 268 13 13
270 269 13 13
271 264 13 13
271 261 13 13
271 268 13 13
271 270 13 13
272 261 13 13
272 262 13 13
272 264 13 13
272 260 13 13
273 263 13 13
273 269 13 13
273 270 13 13
273 261 13 13
274 271 13 13
274 272 13 13
274 265 13 13
274 261 13 13
275 270 13 13
275 264 13 13
275 266 13 13
275 274 13 13
276 260 13 13
276 271 13 13
276 269 13 13
276 267 13 13
277 268 13 13
277 265 13 13
277 270 13 13
277 273 13 13
278 261 13 13
278 271 13 13
278 265 13 13
278 272 13 13
279 260 13 13
279 272 13 13
279 265 13 13
279 262 13 13
260 278 13 13
260 273 13 13
260 269 13 13
260 277 13 13
261 279 13 13
261 270 13 13
261 265 13 13
261 277 13 13
262 270 13 13
262 273 13 13
262 277 13 13
262 278 13 13
263 278 13 13
263 272 13 13
263 269 13 13
263 279 13 13
284 283 14 14
284 280 14 14
284 282 14 14
284 281 14 14
285 282 14 14
285 283 14 14
285 281 14 14
285 284 14 14
286 280 14 14
286 283 14 14
286 285 14 14
286 284 14 14
287 286 14 14
287 283 14 14
287 285 14 14
287 282 14 14
288 286 14 14
288 283 14 14
288 280 14 14
288 287 14 14
289 280 14 14
289 284 14 14
289 287 14 14
289 288 14 14
290 285 14 14
290 286 14 14
290 283 14 14
290 280 14 14
291 282 14 14
291 285 14 14
291 286 14 14
291 284 14 14
292 286 14 14
292 289 14 14
292 285 14 14
292 287 14 14
293 289 14 14
293 292 14 14
293 285 14 14
293 286 14 14
294 284 14 14
294 281 14 14
294 291 14 14
294 282 14 14
295 286 14 14
295 280 14 14
295 288 14 14
295 290 14 14
296 283 14 14
296 291 14 14
296 287 14 14
296 285 14 14
297 288 14 14
297 290 14 14
297 283 14 14
297 287 14 14
298 295 14 14
298 282 14 14
298 281 14 14
298 286 14 14
299 286 14 14
299 289 14 14
299 282 14 14
299 285 14 14
280 287 14 14
280 298 14 14
280 294 14 14
280 291 14 14
281 291 14 14
281 296 14 14
281 286 14 14
281 287 14 14
282 297 14 14
282 296 14 14
282 292 14 14
282 290 14 14
283 292 14 14
283 295 14 14
283 289 14 14
283 298 14 14
304 303 15 15
304 301 15 15
304 300 15 15
304 302 15 15
305 304 15 15
305 302 15 15
305 303 15 15
305 300 15 15
306 301 15 15
306 304 15 15
306 305 15 15
306 303 15 15
307 305 15 15
307 303 15 15
307 300 15 15
307 301 15 15
308 307 15 15
308 302 15 15
308 306 15 15
308 301 15 15
309 304 15 15
309 308 15 15
309 301 15 15
309 306 15 15
310 306 15 15
310 305 15 15
310 302 15 15
310 303 15 15
311 305 15 15
311 307 15 15
311 304 15 15
311 300 15 15
312 308 15 15
312 309 15 15
312 311 15 15
312 304 15 15
313 306 15 15
313 304 15 15
313 312 15 15
313 301 15 15
314 308 15 15
314 306 15 15
314 300 15 15
314 303 15 15
315 300 15 15
315 301 15 15
315 313 15 15
315 314 15 15
316 301 15 15
316 308 15 15
316 309 15 15
316 300 15 15
317 315 15 15
317 304 15 15
317 300 15 15
317 316 15 15
318 315 15 15
318 311 15 15
318 317 15 15
318 308 15 15
319 304 15 15
319 303 15 15
319 318 15 15
319 305 15 15
300 318 15 15
300 312 15 15
300 306 15 15
300 310 15 15
301 318 15 15
301 311 15 15
301 319 15 15
301 314 15 15
302 317 15 15
302 314 15 15
302 307 15 15
302 306 15 15
303 316 15 15
303 317 15 15
303 315 15 15
303 311 15 15
95 59 4 2
94 72 4 3
84 19 4 0
90 26 4 1
113 16 5 0
113 43 5 2
110 69 5 3
102 90 5 4
122 30 6 1
137 92 6 4
124 50 6 2
123 69 6 3
154 58 7 2
155 98 7 4
156 138 7 6
142 102 7 5
173 1 8 0
179 69 8 3
162 27 8 1
170 95 8 4
190 135 9 6
191 66 9 3
194 10 9 0
185 85 9 4
205 47 10 2
207 181 10 9
214 72 10 3
200 112 10 5
232 102 11 5
238 212 11 10
222 179 11 8
226 133 11 6
247 180 12 9
245 133 12 6
259 85 12 4
241 115 12 5
264 254 13 12
279 125 13 6
275 154 13 7
278 57 13 2
292 198 14 9
295 103 14 5
284 254 14 12
286 154 14 7
308 176 15 8
310 100 15 5
310 71 15 3
317 133 15 6
9 215 0 10
8 229 0 11
8 280 0 14
15 132 0 6
37 158 1 7
25 187 1 9
21 302 1 15
36 294 1 14
53 245 2 12
43 230 2 11
49 186 2 9
59 296 2 14
67 254 3 12
66 221 3 11
79 292 3 14
61 159 3 7
