swNum = 320
edgeNum = 1342

0 0
1 0
2 0
3 0
4 0
5 0
6 0
7 0
8 0
9 0
10 0
11 0
12 0
13 0
14 0
15 0
16 0
17 0
18 0
19 0
20 1
21 1
22 1
23 1
24 1
25 1
26 1
27 1
28 1
29 1
30 1
31 1
32 1
33 1
34 1
35 1
36 1
37 1
38 1
39 1
40 2
41 2
42 2
43 2
44 2
45 2
46 2
47 2
48 2
49 2
50 2
51 2
52 2
53 2
54 2
55 2
56 2
57 2
58 2
59 2
60 3
61 3
62 3
63 3
64 3
65 3
66 3
67 3
68 3
69 3
70 3
71 3
72 3
73 3
74 3
75 3
76 3
77 3
78 3
79 3
80 4
81 4
82 4
83 4
84 4
85 4
86 4
87 4
88 4
89 4
90 4
91 4
92 4
93 4
94 4
95 4
96 4
97 4
98 4
99 4
100 5
101 5
102 5
103 5
104 5
105 5
106 5
107 5
108 5
109 5
110 5
111 5
112 5
113 5
114 5
115 5
116 5
117 5
118 5
119 5
120 6
121 6
122 6
123 6
124 6
125 6
126 6
127 6
128 6
129 6
130 6
131 6
132 6
133 6
134 6
135 6
136 6
137 6
138 6
139 6
140 7
141 7
142 7
143 7
144 7
145 7
146 7
147 7
148 7
149 7
150 7
151 7
152 7
153 7
154 7
155 7
156 7
157 7
158 7
159 7
160 8
161 8
162 8
163 8
164 8
165 8
166 8
167 8
168 8
169 8
170 8
171 8
172 8
173 8
174 8
175 8
176 8
177 8
178 8
179 8
180 9
181 9
182 9
183 9
184 9
185 9
186 9
187 9
188 9
189 9
190 9
191 9
192 9
193 9
194 9
195 9
196 9
197 9
198 9
199 9
200 10
201 10
202 10
203 10
204 10
205 10
206 10
207 10
208 10
209 10
210 10
211 10
212 10
213 10
214 10
215 10
216 10
217 10
218 10
219 10
220 11
221 11
222 11
223 11
224 11
225 11
226 11
227 11
228 11
229 11
230 11
231 11
232 11
233 11
234 11
235 11
236 11
237 11
238 11
239 11
240 12
241 12
242 12
243 12
244 12
245 12
246 12
247 12
248 12
249 12
250 12
251 12
252 12
253 12
254 12
255 12
256 12
257 12
258 12
259 12
260 13
261 13
262 13
263 13
264 13
265 13
266 13
267 13
268 13
269 13
270 13
271 13
272 13
273 13
274 13
275 13
276 13
277 13
278 13
279 13
280 14
281 14
282 14
283 14
284 14
285 14
286 14
287 14
288 14
289 14
290 14
291 14
292 14
293 14
294 14
295 14
296 14
297 14
298 14
299 14
300 15
301 15
302 15
303 15
304 15
305 15
306 15
307 15
308 15
309 15
310 15
311 15
312 15
313 15
314 15
315 15
316 15
317 15
318 15
319 15

4 3 0 0
4 2 0 0
4 0 0 0
4 1 0 0
5 3 0 0
5 4 0 0
5 1 0 0
5 0 0 0
6 1 0 0
6 2 0 0
6 3 0 0
6 4 0 0
7 6 0 0
7 5 0 0
7 0 0 0
7 2 0 0
8 7 0 0
8 0 0 0
8 2 0 0
8 4 0 0
9 3 0 0
9 4 0 0
9 1 0 0
9 2 0 0
10 9 0 0
10 2 0 0
10 1 0 0
10 4 0 0
11 10 0 0
11 1 0 0
11 7 0 0
11 4 0 0
12 6 0 0
12 1 0 0
12 4 0 0
12 2 0 0
13 0 0 0
13 9 0 0
13 6 0 0
13 12 0 0
14 5 0 0
14 8 0 0
14 1 0 0
14 10 0 0
15 4 0 0
15 1 0 0
15 11 0 0
15 0 0 0
16 7 0 0
16 5 0 0
16 8 0 0
16 9 0 0
17 11 0 0
17 10 0 0
17 16 0 0
17 2 0 0
18 1 0 0
18 8 0 0
18 16 0 0
18 12 0 0
19 0 0 0
19 9 0 0
19 10 0 0
19 5 0 0
0 11 0 0
0 16 0 0
0 6 0 0
0 17 0 0
1 13 0 0
1 19 0 0
1 17 0 0
1 16 0 0
2 15 0 0
2 13 0 0
2 5 0 0
2 18 0 0
3 18 0 0
3 17 0 0
3 10 0 0
3 19 0 0
24 20 1 1
24 21 1 1
24 23 1 1
24 22 1 1
25 21 1 1
25 22 1 1
25 20 1 1
25 23 1 1
26 24 1 1
26 22 1 1
26 25 1 1
26 21 1 1
27 23 1 1
27 25 1 1
27 21 1 1
27 24 1 1
28 20 1 1
28 23 1 1
28 27 1 1
28 26 1 1
29 22 1 1
29 27 1 1
29 20 1 1
29 24 1 1
30 27 1 1
30 28 1 1
30 29 1 1
30 21 1 1
31 25 1 1
31 29 1 1
31 22 1 1
31 27 1 1
32 30 1 1
32 23 1 1
32 20 1 1
32 21 1 1
33 24 1 1
33 22 1 1
33 25 1 1
33 29 1 1
34 21 1 1
34 25 1 1
34 24 1 1
34 30 1 1
35 24 1 1
35 22 1 1
35 34 1 1
35 33 1 1
36 21 1 1
36 30 1 1
36 25 1 1
36 24 1 1
37 20 1 1
37 22 1 1
37 34 1 1
37 32 1 1
38 34 1 1
38 25 1 1
38 22 1 1
38 26 1 1
39 30 1 1
39 36 1 1
39 29 1 1
39 34 1 1
20 34 1 1
20 33 1 1
20 35 1 1
20 31 1 1
21 35 1 1
21 38 1 1
21 31 1 1
21 29 1 1
22 34 1 1
22 32 1 1
22 27 1 1
22 39 1 1
23 34 1 1
23 36 1 1
23 37 1 1
23 38 1 1
44 41 2 2
44 40 2 2
44 42 2 2
44 43 2 2
45 42 2 2
45 43 2 2
45 41 2 2
45 40 2 2
46 41 2 2
46 42 2 2
46 40 2 2
46 43 2 2
47 45 2 2
47 43 2 2
47 41 2 2
47 40 2 2
48 41 2 2
48 40 2 2
48 47 2 2
48 46 2 2
49 44 2 2
49 43 2 2
49 42 2 2
49 41 2 2
50 47 2 2
50 43 2 2
50 42 2 2
50 49 2 2
51 46 2 2
51 48 2 2
51 40 2 2
51 44 2 2
52 41 2 2
52 43 2 2
52 50 2 2
52 51 2 2
53 41 2 2
53 48 2 2
53 44 2 2
53 49 2 2
54 42 2 2
54 47 2 2
54 40 2 2
54 45 2 2
55 43 2 2
55 41 2 2
55 49 2 2
55 42 2 2
56 53 2 2
56 40 2 2
56 43 2 2
56 45 2 2
57 46 2 2
57 55 2 2
57 56 2 2
57 41 2 2
58 53 2 2
58 42 2 2
58 47 2 2
58 45 2 2
59 43 2 2
59 55 2 2
59 41 2 2
59 58 2 2
40 59 2 2
40 53 2 2
40 58 2 2
40 49 2 2
41 50 2 2
41 51 2 2
41 56 2 2
41 54 2 2
42 52 2 2
42 57 2 2
42 48 2 2
42 59 2 2
43 57 2 2
43 54 2 2
43 51 2 2
43 53 2 2
64 62 3 3
64 61 3 3
64 63 3 3
64 60 3 3
65 60 3 3
65 64 3 3
65 61 3 3
65 62 3 3
66 61 3 3
66 65 3 3
66 63 3 3
66 62 3 3
67 65 3 3
67 60 3 3
67 63 3 3
67 62 3 3
68 64 3 3
68 60 3 3
68 62 3 3
68 63 3 3
69 62 3 3
69 60 3 3
69 67 3 3
69 64 3 3
70 67 3 3
70 69 3 3
70 61 3 3
70 63 3 3
71 67 3 3
71 69 3 3
71 66 3 3
71 65 3 3
72 67 3 3
72 68 3 3
72 65 3 3
72 70 3 3
73 65 3 3
73 66 3 3
73 63 3 3
73 67 3 3
74 70 3 3
74 65 3 3
74 72 3 3
74 64 3 3
75 68 3 3
75 65 3 3
75 63 3 3
75 73 3 3
76 68 3 3
76 71 3 3
76 61 3 3
76 67 3 3
77 60 3 3
77 76 3 3
77 71 3 3
77 62 3 3
78 67 3 3
78 69 3 3
78 76 3 3
78 74 3 3
79 71 3 3
79 63 3 3
79 66 3 3
79 61 3 3
60 72 3 3
60 71 3 3
60 70 3 3
60 79 3 3
61 69 3 3
61 71 3 3
61 77 3 3
61 72 3 3
62 72 3 3
62 71 3 3
62 70 3 3
62 79 3 3
63 78 3 3
63 72 3 3
63 71 3 3
63 76 3 3
84 83 4 4
84 82 4 4
84 81 4 4
84 80 4 4
85 80 4 4
85 84 4 4
85 83 4 4
85 82 4 4
86 85 4 4
86 82 4 4
86 83 4 4
86 80 4 4
87 84 4 4
87 82 4 4
87 85 4 4
87 86 4 4
88 85 4 4
88 86 4 4
88 87 4 4
88 81 4 4
89 83 4 4
89 84 4 4
89 87 4 4
89 81 4 4
90 82 4 4
90 87 4 4
90 80 4 4
90 85 4 4
91 90 4 4
91 82 4 4
91 88 4 4
91 87 4 4
92 89 4 4
92 91 4 4
92 86 4 4
92 88 4 4
93 85 4 4
93 86 4 4
93 88 4 4
93 84 4 4
94 87 4 4
94 82 4 4
94 91 4 4
94 92 4 4
95 87 4 4
95 94 4 4
95 86 4 4
95 90 4 4
96 95 4 4
96 91 4 4
96 83 4 4
96 81 4 4
97 85 4 4
97 86 4 4
97 89 4 4
97 82 4 4
98 85 4 4
98 92 4 4
98 88 4 4
98 93 4 4
99 96 4 4
99 90 4 4
99 92 4 4
99 87 4 4
80 95 4 4
80 99 4 4
80 97 4 4
80 89 4 4
81 91 4 4
81 95 4 4
81 99 4 4
81 90 4 4
82 88 4 4
82 95 4 4
82 98 4 4
82 99 4 4
83 90 4 4
83 94 4 4
83 99 4 4
83 91 4 4
104 102 5 5
104 101 5 5
104 100 5 5
104 103 5 5
105 100 5 5
105 101 5 5
105 102 5 5
105 103 5 5
106 105 5 5
106 103 5 5
106 102 5 5
106 100 5 5
107 101 5 5
107 103 5 5
107 106 5 5
107 105 5 5
108 106 5 5
108 105 5 5
108 107 5 5
108 100 5 5
109 100 5 5
109 108 5 5
109 103 5 5
109 106 5 5
110 101 5 5
110 109 5 5
110 106 5 5
110 107 5 5
111 108 5 5
111 109 5 5
111 110 5 5
111 101 5 5
112 110 5 5
112 102 5 5
112 109 5 5
112 107 5 5
113 112 5 5
113 106 5 5
113 100 5 5
113 103 5 5
114 102 5 5
114 113 5 5
114 112 5 5
114 106 5 5
115 107 5 5
115 103 5 5
115 111 5 5
115 114 5 5
116 110 5 5
116 104 5 5
116 112 5 5
116 114 5 5
117 101 5 5
117 107 5 5
117 105 5 5
117 100 5 5
118 103 5 5
118 106 5 5
118 115 5 5
118 116 5 5
119 108 5 5
119 101 5 5
119 117 5 5
119 110 5 5
100 114 5 5
100 115 5 5
100 119 5 5
100 107 5 5
101 108 5 5
101 106 5 5
101 109 5 5
101 116 5 5
102 109 5 5
102 110 5 5
102 118 5 5
102 119 5 5
103 114 5 5
103 108 5 5
103 110 5 5
103 119 5 5
124 121 6 6
124 122 6 6
124 123 6 6
124 120 6 6
125 124 6 6
125 120 6 6
125 123 6 6
125 121 6 6
126 124 6 6
126 123 6 6
126 121 6 6
126 120 6 6
127 121 6 6
127 122 6 6
127 123 6 6
127 125 6 6
128 122 6 6
128 121 6 6
128 126 6 6
128 120 6 6
129 123 6 6
129 127 6 6
129 122 6 6
129 121 6 6
130 125 6 6
130 129 6 6
130 124 6 6
130 127 6 6
131 126 6 6
131 129 6 6
131 127 6 6
131 120 6 6
132 126 6 6
132 123 6 6
132 131 6 6
132 122 6 6
133 121 6 6
133 122 6 6
133 127 6 6
133 128 6 6
134 126 6 6
134 133 6 6
134 131 6 6
134 122 6 6
135 120 6 6
135 132 6 6
135 128 6 6
135 122 6 6
136 127 6 6
136 123 6 6
136 134 6 6
136 132 6 6
137 122 6 6
137 123 6 6
137 135 6 6
137 133 6 6
138 130 6 6
138 132 6 6
138 135 6 6
138 129 6 6
139 131 6 6
139 126 6 6
139 122 6 6
139 127 6 6
120 136 6 6
120 139 6 6
120 132 6 6
120 137 6 6
121 131 6 6
121 132 6 6
121 135 6 6
121 134 6 6
122 126 6 6
122 136 6 6
122 130 6 6
122 131 6 6
123 131 6 6
123 134 6 6
123 133 6 6
123 135 6 6
144 143 7 7
144 142 7 7
144 140 7 7
144 141 7 7
145 142 7 7
145 140 7 7
145 144 7 7
145 143 7 7
146 142 7 7
146 145 7 7
146 143 7 7
146 140 7 7
147 146 7 7
147 142 7 7
147 143 7 7
147 145 7 7
148 143 7 7
148 145 7 7
148 141 7 7
148 140 7 7
149 140 7 7
149 141 7 7
149 144 7 7
149 143 7 7
150 144 7 7
150 145 7 7
150 143 7 7
150 140 7 7
151 146 7 7
151 147 7 7
151 148 7 7
151 140 7 7
152 146 7 7
152 145 7 7
152 142 7 7
152 147 7 7
153 152 7 7
153 145 7 7
153 143 7 7
153 146 7 7
154 142 7 7
154 150 7 7
154 147 7 7
154 151 7 7
155 147 7 7
155 150 7 7
155 145 7 7
155 152 7 7
156 142 7 7
156 152 7 7
156 155 7 7
156 151 7 7
157 143 7 7
157 151 7 7
157 149 7 7
157 148 7 7
158 142 7 7
158 147 7 7
158 144 7 7
158 152 7 7
159 146 7 7
159 147 7 7
159 145 7 7
159 152 7 7
140 153 7 7
140 154 7 7
140 157 7 7
140 147 7 7
141 154 7 7
141 152 7 7
141 151 7 7
141 145 7 7
142 151 7 7
142 150 7 7
142 155 7 7
142 159 7 7
143 158 7 7
143 151 7 7
143 155 7 7
143 152 7 7
164 163 8 8
164 162 8 8
164 160 8 8
164 161 8 8
165 162 8 8
165 164 8 8
165 161 8 8
165 163 8 8
166 164 8 8
166 163 8 8
166 165 8 8
166 162 8 8
167 165 8 8
167 166 8 8
167 164 8 8
167 162 8 8
168 165 8 8
168 160 8 8
168 162 8 8
168 163 8 8
169 164 8 8
169 168 8 8
169 160 8 8
169 163 8 8
170 165 8 8
170 164 8 8
170 163 8 8
170 161 8 8
171 170 8 8
171 169 8 8
171 161 8 8
171 163 8 8
172 167 8 8
172 171 8 8
172 163 8 8
172 162 8 8
173 160 8 8
173 164 8 8
173 166 8 8
173 172 8 8
174 168 8 8
174 162 8 8
174 163 8 8
174 169 8 8
175 173 8 8
175 168 8 8
175 166 8 8
175 164 8 8
176 175 8 8
176 165 8 8
176 160 8 8
176 166 8 8
177 164 8 8
177 172 8 8
177 163 8 8
177 165 8 8
178 164 8 8
178 165 8 8
178 166 8 8
178 162 8 8
179 175 8 8
179 165 8 8
179 160 8 8
179 170 8 8
160 172 8 8
160 178 8 8
160 174 8 8
160 177 8 8
161 176 8 8
161 179 8 8
161 167 8 8
161 169 8 8
162 173 8 8
162 177 8 8
162 170 8 8
162 175 8 8
163 173 8 8
163 167 8 8
163 175 8 8
163 178 8 8
184 183 9 9
184 181 9 9
184 180 9 9
184 182 9 9
185 184 9 9
185 183 9 9
185 181 9 9
185 182 9 9
186 183 9 9
186 180 9 9
186 185 9 9
186 182 9 9
187 184 9 9
187 185 9 9
187 181 9 9
187 186 9 9
188 185 9 9
188 186 9 9
188 182 9 9
188 180 9 9
189 181 9 9
189 184 9 9
189 187 9 9
189 185 9 9
190 185 9 9
190 188 9 9
190 183 9 9
190 186 9 9
191 185 9 9
191 189 9 9
191 180 9 9
191 190 9 9
192 188 9 9
192 186 9 9
192 185 9 9
192 190 9 9
193 184 9 9
193 189 9 9
193 187 9 9
193 191 9 9
194 186 9 9
194 180 9 9
194 185 9 9
194 192 9 9
195 191 9 9
195 183 9 9
195 192 9 9
195 181 9 9
196 186 9 9
196 185 9 9
196 189 9 9
196 184 9 9
197 184 9 9
197 193 9 9
197 191 9 9
197 186 9 9
198 190 9 9
198 191 9 9
198 189 9 9
198 183 9 9
199 180 9 9
199 194 9 9
199 181 9 9
199 195 9 9
180 198 9 9
180 197 9 9
180 190 9 9
180 192 9 9
181 191 9 9
181 193 9 9
181 186 9 9
181 196 9 9
182 196 9 9
182 190 9 9
182 193 9 9
182 197 9 9
183 188 9 9
183 192 9 9
183 191 9 9
183 196 9 9
204 203 10 10
204 201 10 10
204 200 10 10
204 202 10 10
205 202 10 10
205 201 10 10
205 200 10 10
205 204 10 10
206 201 10 10
206 205 10 10
206 202 10 10
206 203 10 10
207 201 10 10
207 204 10 10
207 205 10 10
207 203 10 10
208 201 10 10
208 200 10 10
208 203 10 10
208 207 10 10
209 203 10 10
209 201 10 10
209 202 10 10
209 200 10 10
210 203 10 10
210 205 10 10
210 208 10 10
210 209 10 10
211 207 10 10
211 205 10 10
211 203 10 10
211 206 10 10
212 203 10 10
212 208 10 10
212 200 10 10
212 204 10 10
213 211 10 10
213 203 10 10
213 208 10 10
213 206 10 10
214 201 10 10
214 211 10 10
214 203 10 10
214 208 10 10
215 213 10 10
215 206 10 10
215 200 10 10
215 208 10 10
216 204 10 10
216 211 10 10
216 200 10 10
216 203 10 10
217 213 10 10
217 206 10 10
217 202 10 10
217 201 10 10
218 217 10 10
218 208 10 10
218 207 10 10
218 211 10 10
219 215 10 10
219 204 10 10
219 213 10 10
219 218 10 10
200 207 10 10
200 214 10 10
200 219 10 10
200 217 10 10
201 219 10 10
201 211 10 10
201 215 10 10
201 210 10 10
202 213 10 10
202 207 10 10
202 218 10 10
202 211 10 10
203 218 10 10
203 219 10 10
203 205 10 10
203 215 10 10
224 221 11 11
224 220 11 11
224 222 11 11
224 223 11 11
225 221 11 11
225 222 11 11
225 223 11 11
225 224 11 11
226 221 11 11
226 224 11 11
226 222 11 11
226 223 11 11
227 221 11 11
227 225 11 11
227 222 11 11
227 220 11 11
228 222 11 11
228 223 11 11
228 220 11 11
228 227 11 11
229 228 11 11
229 225 11 11
229 223 11 11
229 226 11 11
230 222 11 11
230 229 11 11
230 225 11 11
230 228 11 11
231 224 11 11
231 225 11 11
231 222 11 11
231 229 11 11
232 221 11 11
232 226 11 11
232 222 11 11
232 223 11 11
233 221 11 11
233 220 11 11
233 227 11 11
233 224 11 11
234 232 11 11
234 225 11 11
234 221 11 11
234 231 11 11
235 231 11 11
235 232 11 11
235 226 11 11
235 224 11 11
236 228 11 11
236 230 11 11
236 223 11 11
236 222 11 11
237 221 11 11
237 222 11 11
237 230 11 11
237 235 11 11
238 222 11 11
238 225 11 11
238 236 11 11
238 220 11 11
239 224 11 11
239 233 11 11
239 231 11 11
239 237 11 11
220 229 11 11
220 230 11 11
220 239 11 11
220 226 11 11
221 235 11 11
221 229 11 11
221 238 11 11
221 228 11 11
222 234 11 11
222 235 11 11
222 229 11 11
222 233 11 11
223 230 11 11
223 239 11 11
223 238 11 11
223 237 11 11
244 241 12 12
244 243 12 12
244 240 12 12
244 242 12 12
245 244 12 12
245 241 12 12
245 242 12 12
245 243 12 12
246 240 12 12
246 245 12 12
246 244 12 12
246 243 12 12
247 243 12 12
247 241 12 12
247 245 12 12
247 240 12 12
248 246 12 12
248 243 12 12
248 241 12 12
248 247 12 12
249 241 12 12
249 244 12 12
249 243 12 12
249 247 12 12
250 242 12 12
250 249 12 12
250 244 12 12
250 241 12 12
251 243 12 12
251 248 12 12
251 240 12 12
251 245 12 12
252 241 12 12
252 247 12 12
252 244 12 12
252 243 12 12
253 247 12 12
253 245 12 12
253 249 12 12
253 241 12 12
254 252 12 12
254 244 12 12
254 251 12 12
254 242 12 12
255 250 12 12
255 246 12 12
255 244 12 12
255 242 12 12
256 245 12 12
256 255 12 12
256 250 12 12
256 241 12 12
257 241 12 12
257 240 12 12
257 243 12 12
257 255 12 12
258 241 12 12
258 244 12 12
258 253 12 12
258 250 12 12
259 254 12 12
259 240 12 12
259 242 12 12
259 243 12 12
240 249 12 12
240 255 12 12
240 248 12 12
240 250 12 12
241 246 12 12
241 259 12 12
241 255 12 12
241 251 12 12
242 249 12 12
242 252 12 12
242 248 12 12
242 246 12 12
243 256 12 12
243 258 12 12
243 253 12 12
243 250 12 12
264 262 13 13
264 263 13 13
264 261 13 13
264 260 13 13
265 264 13 13
265 260 13 13
265 262 13 13
265 263 13 13
266 262 13 13
266 260 13 13
266 263 13 13
266 264 13 13
267 265 13 13
267 261 13 13
267 264 13 13
267 260 13 13
268 262 13 13
268 263 13 13
268 261 13 13
268 264 13 13
269 266 13 13
269 261 13 13
269 267 13 13
269 264 13 13
270 268 13 13
270 266 13 13
270 263 13 13
270 261 13 13
271 264 13 13
271 262 13 13
271 260 13 13
271 269 13 13
272 261 13 13
272 263 13 13
272 265 13 13
272 271 13 13
273 264 13 13
273 268 13 13
273 269 13 13
273 262 13 13
274 272 13 13
274 264 13 13
274 261 13 13
274 263 13 13
275 272 13 13
275 260 13 13
275 270 13 13
275 271 13 13
276 268 13 13
276 267 13 13
276 274 13 13
276 270 13 13
277 267 13 13
277 266 13 13
277 262 13 13
277 272 13 13
278 269 13 13
278 260 13 13
278 264 13 13
278 275 13 13
279 272 13 13
279 274 13 13
279 275 13 13
279 260 13 13
260 274 13 13
260 277 13 13
260 269 13 13
260 272 13 13
261 273 13 13
261 276 13 13
261 279 13 13
261 266 13 13
262 278 13 13
262 270 13 13
262 267 13 13
262 272 13 13
263 278 13 13
263 279 13 13
263 275 13 13
263 271 13 13
284 282 14 14
284 281 14 14
284 280 14 14
284 283 14 14
285 284 14 14
285 280 14 14
285 282 14 14
285 281 14 14
286 283 14 14
286 284 14 14
286 285 14 14
286 282 14 14
287 282 14 14
287 280 14 14
287 281 14 14
287 283 14 14
288 286 14 14
288 283 14 14
288 280 14 14
288 282 14 14
289 281 14 14
289 282 14 14
289 284 14 14
289 280 14 14
290 289 14 14
290 282 14 14
290 288 14 14
290 284 14 14
291 282 14 14
291 280 14 14
291 285 14 14
291 281 14 14
292 291 14 14
292 280 14 14
292 287 14 14
292 285 14 14
293 291 14 14
293 287 14 14
293 288 14 14
293 286 14 14
294 288 14 14
294 286 14 14
294 284 14 14
294 283 14 14
295 286 14 14
295 294 14 14
295 291 14 14
295 293 14 14
296 291 14 14
296 280 14 14
296 292 14 14
296 289 14 14
297 294 14 14
297 291 14 14
297 292 14 14
297 296 14 14
298 294 14 14
298 295 14 14
298 286 14 14
298 297 14 14
299 297 14 14
299 296 14 14
299 287 14 14
299 292 14 14
280 299 14 14
280 298 14 14
280 295 14 14
280 297 14 14
281 290 14 14
281 292 14 14
281 296 14 14
281 294 14 14
282 295 14 14
282 299 14 14
282 292 14 14
282 294 14 14
283 293 14 14
283 296 14 14
283 295 14 14
283 297 14 14
304 301 15 15
304 302 15 15
304 303 15 15
304 300 15 15
305 303 15 15
305 301 15 15
305 304 15 15
305 300 15 15
306 301 15 15
306 305 15 15
306 302 15 15
306 300 15 15
307 303 15 15
307 301 15 15
307 306 15 15
307 305 15 15
308 304 15 15
308 301 15 15
308 306 15 15
308 302 15 15
309 306 15 15
309 301 15 15
309 303 15 15
309 305 15 15
310 308 15 15
310 304 15 15
310 306 15 15
310 307 15 15
311 310 15 15
311 308 15 15
311 304 15 15
311 309 15 15
312 311 15 15
312 308 15 15
312 301 15 15
312 305 15 15
313 312 15 15
313 302 15 15
313 311 15 15
313 306 15 15
314 300 15 15
314 309 15 15
314 306 15 15
314 305 15 15
315 309 15 15
315 302 15 15
315 305 15 15
315 304 15 15
316 315 15 15
316 301 15 15
316 314 15 15
316 312 15 15
317 309 15 15
317 316 15 15
317 306 15 15
317 315 15 15
318 316 15 15
318 305 15 15
318 311 15 15
318 309 15 15
319 304 15 15
319 306 15 15
319 307 15 15
319 311 15 15
300 315 15 15
300 309 15 15
300 317 15 15
300 318 15 15
301 318 15 15
301 311 15 15
301 310 15 15
301 314 15 15
302 319 15 15
302 317 15 15
302 311 15 15
302 307 15 15
303 314 15 15
303 316 15 15
303 317 15 15
303 306 15 15
97 44 4 2
87 33 4 1
87 74 4 3
92 6 4 0
104 21 5 1
107 45 5 2
114 2 5 0
112 74 5 3
135 40 6 2
132 95 6 4
139 63 6 3
129 25 6 1
142 118 7 5
158 135 7 6
152 61 7 3
148 55 7 2
166 66 8 3
179 55 8 2
178 151 8 7
179 83 8 4
189 44 9 2
197 128 9 6
190 23 9 1
196 85 9 4
200 65 10 3
216 187 10 9
215 23 10 1
219 54 10 2
238 105 11 5
220 23 11 1
226 13 11 0
229 125 11 6
257 144 12 7
240 53 12 2
257 164 12 8
246 233 12 11
271 61 13 3
277 206 13 10
271 92 13 4
269 43 13 2
284 43 14 2
281 23 14 1
296 184 14 9
293 69 14 3
312 264 15 13
316 226 15 11
317 8 15 0
302 107 15 5
0 298 0 14
10 147 0 7
14 175 0 8
18 242 0 12
27 144 1 7
22 276 1 13
26 319 1 15
24 174 1 8
40 318 2 15
51 220 2 11
68 196 3 9
79 304 3 15
68 233 3 11
67 241 3 12
