swNum = 320
edgeNum = 1344

0 0
1 0
2 0
3 0
4 0
5 0
6 0
7 0
8 0
9 0
10 0
11 0
12 0
13 0
14 0
15 0
16 0
17 0
18 0
19 0
20 1
21 1
22 1
23 1
24 1
25 1
26 1
27 1
28 1
29 1
30 1
31 1
32 1
33 1
34 1
35 1
36 1
37 1
38 1
39 1
40 2
41 2
42 2
43 2
44 2
45 2
46 2
47 2
48 2
49 2
50 2
51 2
52 2
53 2
54 2
55 2
56 2
57 2
58 2
59 2
60 3
61 3
62 3
63 3
64 3
65 3
66 3
67 3
68 3
69 3
70 3
71 3
72 3
73 3
74 3
75 3
76 3
77 3
78 3
79 3
80 4
81 4
82 4
83 4
84 4
85 4
86 4
87 4
88 4
89 4
90 4
91 4
92 4
93 4
94 4
95 4
96 4
97 4
98 4
99 4
100 5
101 5
102 5
103 5
104 5
105 5
106 5
107 5
108 5
109 5
110 5
111 5
112 5
113 5
114 5
115 5
116 5
117 5
118 5
119 5
120 6
121 6
122 6
123 6
124 6
125 6
126 6
127 6
128 6
129 6
130 6
131 6
132 6
133 6
134 6
135 6
136 6
137 6
138 6
139 6
140 7
141 7
142 7
143 7
144 7
145 7
146 7
147 7
148 7
149 7
150 7
151 7
152 7
153 7
154 7
155 7
156 7
157 7
158 7
159 7
160 8
161 8
162 8
163 8
164 8
165 8
166 8
167 8
168 8
169 8
170 8
171 8
172 8
173 8
174 8
175 8
176 8
177 8
178 8
179 8
180 9
181 9
182 9
183 9
184 9
185 9
186 9
187 9
188 9
189 9
190 9
191 9
192 9
193 9
194 9
195 9
196 9
197 9
198 9
199 9
200 10
201 10
202 10
203 10
204 10
205 10
206 10
207 10
208 10
209 10
210 10
211 10
212 10
213 10
214 10
215 10
216 10
217 10
218 10
219 10
220 11
221 11
222 11
223 11
224 11
225 11
226 11
227 11
228 11
229 11
230 11
231 11
232 11
233 11
234 11
235 11
236 11
237 11
238 11
239 11
240 12
241 12
242 12
243 12
244 12
245 12
246 12
247 12
248 12
249 12
250 12
251 12
252 12
253 12
254 12
255 12
256 12
257 12
258 12
259 12
260 13
261 13
262 13
263 13
264 13
265 13
266 13
267 13
268 13
269 13
270 13
271 13
272 13
273 13
274 13
275 13
276 13
277 13
278 13
279 13
280 14
281 14
282 14
283 14
284 14
285 14
286 14
287 14
288 14
289 14
290 14
291 14
292 14
293 14
294 14
295 14
296 14
297 14
298 14
299 14
300 15
301 15
302 15
303 15
304 15
305 15
306 15
307 15
308 15
309 15
310 15
311 15
312 15
313 15
314 15
315 15
316 15
317 15
318 15
319 15

4 3 0 0
4 2 0 0
4 1 0 0
4 0 0 0
5 0 0 0
5 2 0 0
5 3 0 0
5 1 0 0
6 2 0 0
6 1 0 0
6 3 0 0
6 5 0 0
7 2 0 0
7 5 0 0
7 4 0 0
7 3 0 0
8 2 0 0
8 7 0 0
8 3 0 0
8 4 0 0
9 7 0 0
9 5 0 0
9 0 0 0
9 3 0 0
10 4 0 0
10 7 0 0
10 6 0 0
10 5 0 0
11 0 0 0
11 9 0 0
11 1 0 0
11 10 0 0
12 10 0 0
12 4 0 0
12 2 0 0
12 1 0 0
13 0 0 0
13 2 0 0
13 11 0 0
13 9 0 0
14 0 0 0
14 5 0 0
14 11 0 0
14 2 0 0
15 5 0 0
15 13 0 0
15 7 0 0
15 11 0 0
16 9 0 0
16 3 0 0
16 15 0 0
16 12 0 0
17 10 0 0
17 6 0 0
17 8 0 0
17 4 0 0
18 5 0 0
18 2 0 0
18 17 0 0
18 15 0 0
19 11 0 0
19 14 0 0
19 0 0 0
19 2 0 0
0 17 0 0
0 18 0 0
0 15 0 0
0 12 0 0
1 8 0 0
1 16 0 0
1 18 0 0
1 10 0 0
2 16 0 0
2 17 0 0
2 11 0 0
2 9 0 0
3 12 0 0
3 11 0 0
3 14 0 0
3 18 0 0
24 21 1 1
24 23 1 1
24 20 1 1
24 22 1 1
25 20 1 1
25 23 1 1
25 22 1 1
25 24 1 1
26 21 1 1
26 20 1 1
26 24 1 1
26 25 1 1
27 20 1 1
27 21 1 1
27 22 1 1
27 25 1 1
28 27 1 1
28 21 1 1
28 26 1 1
28 25 1 1
29 28 1 1
29 26 1 1
29 24 1 1
29 27 1 1
30 29 1 1
30 27 1 1
30 26 1 1
30 25 1 1
31 23 1 1
31 20 1 1
31 28 1 1
31 29 1 1
32 25 1 1
32 21 1 1
32 28 1 1
32 31 1 1
33 27 1 1
33 31 1 1
33 25 1 1
33 20 1 1
34 28 1 1
34 20 1 1
34 22 1 1
34 27 1 1
35 29 1 1
35 30 1 1
35 26 1 1
35 21 1 1
36 29 1 1
36 30 1 1
36 28 1 1
36 26 1 1
37 25 1 1
37 35 1 1
37 28 1 1
37 36 1 1
38 30 1 1
38 35 1 1
38 25 1 1
38 24 1 1
39 21 1 1
39 20 1 1
39 31 1 1
39 32 1 1
20 28 1 1
20 38 1 1
20 36 1 1
20 37 1 1
21 37 1 1
21 34 1 1
21 29 1 1
21 36 1 1
22 31 1 1
22 28 1 1
22 36 1 1
22 32 1 1
23 39 1 1
23 34 1 1
23 27 1 1
23 37 1 1
44 42 2 2
44 40 2 2
44 43 2 2
44 41 2 2
45 42 2 2
45 41 2 2
45 44 2 2
45 43 2 2
46 45 2 2
46 42 2 2
46 40 2 2
46 43 2 2
47 46 2 2
47 40 2 2
47 42 2 2
47 45 2 2
48 45 2 2
48 46 2 2
48 41 2 2
48 42 2 2
49 41 2 2
49 40 2 2
49 42 2 2
49 48 2 2
50 43 2 2
50 47 2 2
50 42 2 2
50 44 2 2
51 45 2 2
51 41 2 2
51 43 2 2
51 48 2 2
52 50 2 2
52 48 2 2
52 46 2 2
52 45 2 2
53 50 2 2
53 41 2 2
53 46 2 2
53 45 2 2
54 48 2 2
54 46 2 2
54 41 2 2
54 40 2 2
55 54 2 2
55 43 2 2
55 52 2 2
55 49 2 2
56 51 2 2
56 44 2 2
56 55 2 2
56 52 2 2
57 54 2 2
57 44 2 2
57 50 2 2
57 56 2 2
58 53 2 2
58 46 2 2
58 40 2 2
58 52 2 2
59 42 2 2
59 50 2 2
59 58 2 2
59 47 2 2
40 48 2 2
40 45 2 2
40 53 2 2
40 52 2 2
41 46 2 2
41 52 2 2
41 56 2 2
41 50 2 2
42 54 2 2
42 55 2 2
42 57 2 2
42 51 2 2
43 54 2 2
43 58 2 2
43 52 2 2
43 48 2 2
64 62 3 3
64 60 3 3
64 61 3 3
64 63 3 3
65 63 3 3
65 62 3 3
65 64 3 3
65 61 3 3
66 63 3 3
66 65 3 3
66 62 3 3
66 61 3 3
67 60 3 3
67 63 3 3
67 65 3 3
67 62 3 3
68 62 3 3
68 66 3 3
68 64 3 3
68 61 3 3
69 67 3 3
69 63 3 3
69 64 3 3
69 61 3 3
70 66 3 3
70 68 3 3
70 65 3 3
70 62 3 3
71 65 3 3
71 61 3 3
71 70 3 3
71 68 3 3
72 70 3 3
72 66 3 3
72 62 3 3
72 68 3 3
73 64 3 3
73 71 3 3
73 69 3 3
73 72 3 3
74 72 3 3
74 70 3 3
74 63 3 3
74 61 3 3
75 74 3 3
75 69 3 3
75 66 3 3
75 62 3 3
76 64 3 3
76 75 3 3
76 67 3 3
76 60 3 3
77 61 3 3
77 68 3 3
77 70 3 3
77 65 3 3
78 60 3 3
78 67 3 3
78 61 3 3
78 77 3 3
79 61 3 3
79 76 3 3
79 67 3 3
79 77 3 3
60 69 3 3
60 70 3 3
60 79 3 3
60 65 3 3
61 75 3 3
61 67 3 3
61 70 3 3
61 73 3 3
62 79 3 3
62 77 3 3
62 73 3 3
62 78 3 3
63 79 3 3
63 77 3 3
63 71 3 3
63 76 3 3
84 80 4 4
84 83 4 4
84 82 4 4
84 81 4 4
85 83 4 4
85 84 4 4
85 80 4 4
85 82 4 4
86 82 4 4
86 81 4 4
86 80 4 4
86 83 4 4
87 82 4 4
87 86 4 4
87 85 4 4
87 83 4 4
88 87 4 4
88 81 4 4
88 82 4 4
88 80 4 4
89 83 4 4
89 80 4 4
89 85 4 4
89 82 4 4
90 87 4 4
90 88 4 4
90 86 4 4
90 81 4 4
91 89 4 4
91 82 4 4
91 86 4 4
91 81 4 4
92 84 4 4
92 83 4 4
92 90 4 4
92 80 4 4
93 89 4 4
93 83 4 4
93 80 4 4
93 86 4 4
94 83 4 4
94 89 4 4
94 85 4 4
94 82 4 4
95 84 4 4
95 94 4 4
95 83 4 4
95 80 4 4
96 84 4 4
96 94 4 4
96 90 4 4
96 83 4 4
97 83 4 4
97 87 4 4
97 86 4 4
97 96 4 4
98 93 4 4
98 84 4 4
98 83 4 4
98 80 4 4
99 98 4 4
99 80 4 4
99 96 4 4
99 87 4 4
80 96 4 4
80 91 4 4
80 87 4 4
80 97 4 4
81 92 4 4
81 99 4 4
81 97 4 4
81 96 4 4
82 99 4 4
82 93 4 4
82 98 4 4
82 95 4 4
83 91 4 4
83 99 4 4
83 88 4 4
83 90 4 4
104 100 5 5
104 102 5 5
104 101 5 5
104 103 5 5
105 102 5 5
105 100 5 5
105 103 5 5
105 104 5 5
106 101 5 5
106 102 5 5
106 104 5 5
106 105 5 5
107 103 5 5
107 100 5 5
107 102 5 5
107 105 5 5
108 103 5 5
108 107 5 5
108 105 5 5
108 102 5 5
109 104 5 5
109 100 5 5
109 105 5 5
109 106 5 5
110 104 5 5
110 109 5 5
110 107 5 5
110 101 5 5
111 102 5 5
111 110 5 5
111 105 5 5
111 104 5 5
112 111 5 5
112 107 5 5
112 110 5 5
112 108 5 5
113 106 5 5
113 102 5 5
113 109 5 5
113 101 5 5
114 110 5 5
114 111 5 5
114 102 5 5
114 103 5 5
115 107 5 5
115 111 5 5
115 105 5 5
115 108 5 5
116 100 5 5
116 110 5 5
116 104 5 5
116 109 5 5
117 105 5 5
117 104 5 5
117 113 5 5
117 116 5 5
118 105 5 5
118 110 5 5
118 101 5 5
118 104 5 5
119 102 5 5
119 107 5 5
119 105 5 5
119 111 5 5
100 112 5 5
100 108 5 5
100 118 5 5
100 106 5 5
101 116 5 5
101 109 5 5
101 117 5 5
101 119 5 5
102 115 5 5
102 118 5 5
102 116 5 5
102 110 5 5
103 112 5 5
103 115 5 5
103 119 5 5
103 111 5 5
124 121 6 6
124 122 6 6
124 120 6 6
124 123 6 6
125 123 6 6
125 122 6 6
125 124 6 6
125 120 6 6
126 125 6 6
126 120 6 6
126 122 6 6
126 121 6 6
127 125 6 6
127 126 6 6
127 124 6 6
127 121 6 6
128 124 6 6
128 120 6 6
128 122 6 6
128 127 6 6
129 128 6 6
129 120 6 6
129 121 6 6
129 126 6 6
130 125 6 6
130 124 6 6
130 122 6 6
130 126 6 6
131 130 6 6
131 122 6 6
131 126 6 6
131 120 6 6
132 124 6 6
132 130 6 6
132 129 6 6
132 125 6 6
133 125 6 6
133 120 6 6
133 129 6 6
133 127 6 6
134 122 6 6
134 124 6 6
134 130 6 6
134 125 6 6
135 127 6 6
135 124 6 6
135 131 6 6
135 130 6 6
136 135 6 6
136 132 6 6
136 123 6 6
136 121 6 6
137 132 6 6
137 126 6 6
137 131 6 6
137 133 6 6
138 127 6 6
138 126 6 6
138 120 6 6
138 131 6 6
139 138 6 6
139 131 6 6
139 127 6 6
139 121 6 6
120 127 6 6
120 139 6 6
120 132 6 6
120 137 6 6
121 138 6 6
121 132 6 6
121 137 6 6
121 135 6 6
122 136 6 6
122 135 6 6
122 137 6 6
122 139 6 6
123 129 6 6
123 133 6 6
123 135 6 6
123 137 6 6
144 142 7 7
144 143 7 7
144 141 7 7
144 140 7 7
145 141 7 7
145 144 7 7
145 140 7 7
145 143 7 7
146 143 7 7
146 140 7 7
146 144 7 7
146 141 7 7
147 143 7 7
147 142 7 7
147 146 7 7
147 145 7 7
148 143 7 7
148 141 7 7
148 144 7 7
148 140 7 7
149 142 7 7
149 140 7 7
149 146 7 7
149 145 7 7
150 147 7 7
150 142 7 7
150 143 7 7
150 140 7 7
151 149 7 7
151 143 7 7
151 141 7 7
151 147 7 7
152 148 7 7
152 141 7 7
152 151 7 7
152 150 7 7
153 150 7 7
153 149 7 7
153 148 7 7
153 145 7 7
154 140 7 7
154 142 7 7
154 150 7 7
154 143 7 7
155 143 7 7
155 140 7 7
155 145 7 7
155 150 7 7
156 147 7 7
156 152 7 7
156 148 7 7
156 151 7 7
157 146 7 7
157 147 7 7
157 151 7 7
157 143 7 7
158 142 7 7
158 155 7 7
158 150 7 7
158 145 7 7
159 145 7 7
159 155 7 7
159 153 7 7
159 152 7 7
140 153 7 7
140 157 7 7
140 151 7 7
140 147 7 7
141 153 7 7
141 149 7 7
141 147 7 7
141 150 7 7
142 157 7 7
142 146 7 7
142 153 7 7
142 151 7 7
143 149 7 7
143 153 7 7
143 152 7 7
143 156 7 7
164 160 8 8
164 162 8 8
164 163 8 8
164 161 8 8
165 162 8 8
165 161 8 8
165 163 8 8
165 160 8 8
166 163 8 8
166 160 8 8
166 162 8 8
166 165 8 8
167 164 8 8
167 163 8 8
167 165 8 8
167 162 8 8
168 163 8 8
168 165 8 8
168 164 8 8
168 167 8 8
169 161 8 8
169 168 8 8
169 162 8 8
169 160 8 8
170 169 8 8
170 167 8 8
170 164 8 8
170 166 8 8
171 169 8 8
171 167 8 8
171 168 8 8
171 161 8 8
172 171 8 8
172 162 8 8
172 168 8 8
172 160 8 8
173 167 8 8
173 168 8 8
173 172 8 8
173 165 8 8
174 168 8 8
174 167 8 8
174 160 8 8
174 162 8 8
175 163 8 8
175 174 8 8
175 160 8 8
175 171 8 8
176 162 8 8
176 167 8 8
176 169 8 8
176 163 8 8
177 161 8 8
177 166 8 8
177 172 8 8
177 162 8 8
178 170 8 8
178 169 8 8
178 167 8 8
178 171 8 8
179 163 8 8
179 169 8 8
179 171 8 8
179 161 8 8
160 168 8 8
160 171 8 8
160 173 8 8
160 179 8 8
161 166 8 8
161 176 8 8
161 174 8 8
161 168 8 8
162 179 8 8
162 175 8 8
162 173 8 8
162 168 8 8
163 169 8 8
163 171 8 8
163 177 8 8
163 174 8 8
184 182 9 9
184 180 9 9
184 183 9 9
184 181 9 9
185 181 9 9
185 180 9 9
185 182 9 9
185 183 9 9
186 185 9 9
186 183 9 9
186 184 9 9
186 180 9 9
187 186 9 9
187 185 9 9
187 180 9 9
187 183 9 9
188 186 9 9
188 185 9 9
188 183 9 9
188 184 9 9
189 187 9 9
189 180 9 9
189 181 9 9
189 186 9 9
190 184 9 9
190 182 9 9
190 188 9 9
190 183 9 9
191 181 9 9
191 187 9 9
191 185 9 9
191 186 9 9
192 191 9 9
192 190 9 9
192 181 9 9
192 182 9 9
193 191 9 9
193 192 9 9
193 190 9 9
193 181 9 9
194 191 9 9
194 186 9 9
194 190 9 9
194 184 9 9
195 191 9 9
195 183 9 9
195 185 9 9
195 190 9 9
196 189 9 9
196 191 9 9
196 181 9 9
196 180 9 9
197 192 9 9
197 193 9 9
197 183 9 9
197 187 9 9
198 183 9 9
198 182 9 9
198 194 9 9
198 181 9 9
199 192 9 9
199 185 9 9
199 189 9 9
199 180 9 9
180 197 9 9
180 192 9 9
180 195 9 9
180 193 9 9
181 188 9 9
181 197 9 9
181 187 9 9
181 199 9 9
182 187 9 9
182 194 9 9
182 191 9 9
182 186 9 9
183 192 9 9
183 191 9 9
183 196 9 9
183 193 9 9
204 200 10 10
204 203 10 10
204 201 10 10
204 202 10 10
205 203 10 10
205 201 10 10
205 204 10 10
205 202 10 10
206 200 10 10
206 202 10 10
206 205 10 10
206 203 10 10
207 203 10 10
207 205 10 10
207 204 10 10
207 202 10 10
208 200 10 10
208 205 10 10
208 202 10 10
208 203 10 10
209 208 10 10
209 204 10 10
209 206 10 10
209 200 10 10
210 203 10 10
210 207 10 10
210 204 10 10
210 206 10 10
211 209 10 10
211 204 10 10
211 205 10 10
211 202 10 10
212 201 10 10
212 200 10 10
212 205 10 10
212 209 10 10
213 206 10 10
213 209 10 10
213 208 10 10
213 200 10 10
214 207 10 10
214 203 10 10
214 205 10 10
214 201 10 10
215 202 10 10
215 213 10 10
215 205 10 10
215 212 10 10
216 201 10 10
216 206 10 10
216 205 10 10
216 202 10 10
217 200 10 10
217 208 10 10
217 209 10 10
217 211 10 10
218 212 10 10
218 211 10 10
218 208 10 10
218 203 10 10
219 214 10 10
219 210 10 10
219 211 10 10
219 216 10 10
200 215 10 10
200 207 10 10
200 218 10 10
200 216 10 10
201 211 10 10
201 207 10 10
201 213 10 10
201 208 10 10
202 217 10 10
202 212 10 10
202 213 10 10
202 218 10 10
203 212 10 10
203 219 10 10
203 216 10 10
203 213 10 10
224 221 11 11
224 220 11 11
224 223 11 11
224 222 11 11
225 220 11 11
225 224 11 11
225 221 11 11
225 223 11 11
226 220 11 11
226 224 11 11
226 221 11 11
226 223 11 11
227 220 11 11
227 226 11 11
227 222 11 11
227 224 11 11
228 223 11 11
228 227 11 11
228 224 11 11
228 225 11 11
229 224 11 11
229 227 11 11
229 221 11 11
229 223 11 11
230 226 11 11
230 221 11 11
230 225 11 11
230 229 11 11
231 222 11 11
231 229 11 11
231 230 11 11
231 228 11 11
232 227 11 11
232 226 11 11
232 231 11 11
232 220 11 11
233 227 11 11
233 232 11 11
233 226 11 11
233 230 11 11
234 225 11 11
234 231 11 11
234 226 11 11
234 222 11 11
235 231 11 11
235 226 11 11
235 230 11 11
235 232 11 11
236 225 11 11
236 222 11 11
236 230 11 11
236 221 11 11
237 225 11 11
237 235 11 11
237 221 11 11
237 227 11 11
238 231 11 11
238 232 11 11
238 223 11 11
238 233 11 11
239 226 11 11
239 232 11 11
239 227 11 11
239 229 11 11
220 233 11 11
220 229 11 11
220 237 11 11
220 234 11 11
221 233 11 11
221 238 11 11
221 227 11 11
221 234 11 11
222 238 11 11
222 228 11 11
222 225 11 11
222 230 11 11
223 230 11 11
223 236 11 11
223 239 11 11
223 237 11 11
244 241 12 12
244 242 12 12
244 243 12 12
244 240 12 12
245 240 12 12
245 242 12 12
245 241 12 12
245 243 12 12
246 245 12 12
246 244 12 12
246 242 12 12
246 240 12 12
247 240 12 12
247 243 12 12
247 244 12 12
247 242 12 12
248 242 12 12
248 247 12 12
248 244 12 12
248 246 12 12
249 246 12 12
249 245 12 12
249 240 12 12
249 241 12 12
250 243 12 12
250 247 12 12
250 241 12 12
250 246 12 12
251 240 12 12
251 248 12 12
251 242 12 12
251 243 12 12
252 246 12 12
252 242 12 12
252 250 12 12
252 245 12 12
253 252 12 12
253 242 12 12
253 240 12 12
253 244 12 12
254 253 12 12
254 244 12 12
254 252 12 12
254 251 12 12
255 241 12 12
255 248 12 12
255 240 12 12
255 254 12 12
256 241 12 12
256 240 12 12
256 249 12 12
256 251 12 12
257 253 12 12
257 251 12 12
257 247 12 12
257 245 12 12
258 242 12 12
258 243 12 12
258 251 12 12
258 252 12 12
259 243 12 12
259 255 12 12
259 258 12 12
259 246 12 12
240 257 12 12
240 258 12 12
240 252 12 12
240 250 12 12
241 251 12 12
241 257 12 12
241 254 12 12
241 248 12 12
242 256 12 12
242 257 12 12
242 254 12 12
242 255 12 12
243 254 12 12
243 257 12 12
243 248 12 12
243 255 12 12
264 262 13 13
264 261 13 13
264 260 13 13
264 263 13 13
265 264 13 13
265 261 13 13
265 262 13 13
265 260 13 13
266 264 13 13
266 263 13 13
266 261 13 13
266 265 13 13
267 260 13 13
267 266 13 13
267 265 13 13
267 263 13 13
268 267 13 13
268 266 13 13
268 260 13 13
268 261 13 13
269 261 13 13
269 263 13 13
269 260 13 13
269 262 13 13
270 261 13 13
270 262 13 13
270 265 13 13
270 264 13 13
271 261 13 13
271 266 13 13
271 268 13 13
271 270 13 13
272 260 13 13
272 268 13 13
272 265 13 13
272 266 13 13
273 266 13 13
273 271 13 13
273 270 13 13
273 263 13 13
274 272 13 13
274 260 13 13
274 271 13 13
274 266 13 13
275 269 13 13
275 271 13 13
275 265 13 13
275 266 13 13
276 271 13 13
276 272 13 13
276 269 13 13
276 265 13 13
277 271 13 13
277 275 13 13
277 261 13 13
277 266 13 13
278 277 13 13
278 270 13 13
278 271 13 13
278 264 13 13
279 261 13 13
279 275 13 13
279 274 13 13
279 263 13 13
260 277 13 13
260 278 13 13
260 271 13 13
260 266 13 13
261 275 13 13
261 274 13 13
261 278 13 13
261 276 13 13
262 266 13 13
262 276 13 13
262 271 13 13
262 272 13 13
263 274 13 13
263 271 13 13
263 272 13 13
263 268 13 13
284 280 14 14
284 282 14 14
284 283 14 14
284 281 14 14
285 282 14 14
285 283 14 14
285 281 14 14
285 280 14 14
286 282 14 14
286 280 14 14
286 281 14 14
286 285 14 14
287 286 14 14
287 285 14 14
287 281 14 14
287 282 14 14
288 280 14 14
288 286 14 14
288 287 14 14
288 284 14 14
289 285 14 14
289 282 14 14
289 286 14 14
289 280 14 14
290 286 14 14
290 281 14 14
290 289 14 14
290 287 14 14
291 286 14 14
291 287 14 14
291 288 14 14
291 281 14 14
292 282 14 14
292 281 14 14
292 289 14 14
292 285 14 14
293 282 14 14
293 283 14 14
293 291 14 14
293 288 14 14
294 281 14 14
294 280 14 14
294 290 14 14
294 293 14 14
295 284 14 14
295 293 14 14
295 288 14 14
295 283 14 14
296 281 14 14
296 289 14 14
296 287 14 14
296 295 14 14
297 280 14 14
297 291 14 14
297 296 14 14
297 287 14 14
298 282 14 14
298 284 14 14
298 292 14 14
298 287 14 14
299 285 14 14
299 288 14 14
299 280 14 14
299 298 14 14
280 290 14 14
280 287 14 14
280 296 14 14
280 298 14 14
281 289 14 14
281 297 14 14
281 299 14 14
281 298 14 14
282 295 14 14
282 290 14 14
282 288 14 14
282 291 14 14
283 294 14 14
283 299 14 14
283 292 14 14
283 296 14 14
304 301 15 15
304 303 15 15
304 300 15 15
304 302 15 15
305 300 15 15
305 301 15 15
305 303 15 15
305 302 15 15
306 304 15 15
306 300 15 15
306 302 15 15
306 303 15 15
307 301 15 15
307 306 15 15
307 303 15 15
307 302 15 15
308 300 15 15
308 305 15 15
308 301 15 15
308 302 15 15
309 308 15 15
309 301 15 15
309 307 15 15
309 302 15 15
310 308 15 15
310 303 15 15
310 305 15 15
310 300 15 15
311 306 15 15
311 303 15 15
311 305 15 15
311 307 15 15
312 302 15 15
312 311 15 15
312 309 15 15
312 307 15 15
313 303 15 15
313 301 15 15
313 307 15 15
313 311 15 15
314 300 15 15
314 306 15 15
314 310 15 15
314 304 15 15
315 309 15 15
315 312 15 15
315 306 15 15
315 305 15 15
316 308 15 15
316 310 15 15
316 309 15 15
316 314 15 15
317 309 15 15
317 316 15 15
317 302 15 15
317 314 15 15
318 315 15 15
318 310 15 15
318 303 15 15
318 314 15 15
319 318 15 15
319 301 15 15
319 302 15 15
319 311 15 15
300 312 15 15
300 316 15 15
300 315 15 15
300 313 15 15
301 310 15 15
301 316 15 15
301 317 15 15
301 311 15 15
302 310 15 15
302 311 15 15
302 313 15 15
302 315 15 15
303 312 15 15
303 317 15 15
303 315 15 15
303 316 15 15
83 55 4 2
82 17 4 0
81 20 4 1
90 68 4 3
110 61 5 3
101 86 5 4
102 51 5 2
109 37 5 1
124 82 6 4
123 4 6 0
135 44 6 2
130 76 6 3
148 86 7 4
155 21 7 1
151 137 7 6
155 5 7 0
178 82 8 4
176 6 8 0
164 118 8 5
175 130 8 6
196 47 9 2
197 34 9 1
189 71 9 3
184 110 9 5
217 108 10 5
217 11 10 0
202 55 10 2
219 165 10 8
229 156 11 7
228 64 11 3
235 21 11 1
226 47 11 2
247 108 12 5
244 226 12 11
242 195 12 9
248 77 12 3
267 196 13 9
278 155 13 7
268 212 13 10
269 9 13 0
298 24 14 1
287 116 14 5
280 229 14 11
292 192 14 9
310 88 15 4
300 224 15 11
314 57 15 2
308 185 15 9
4 235 0 11
10 290 0 14
5 244 0 12
1 119 0 5
34 270 1 13
28 302 1 15
22 133 1 6
39 257 1 12
46 141 2 7
56 254 2 12
56 274 2 13
42 173 2 8
65 152 3 7
69 312 3 15
71 290 3 14
76 219 3 10
