swNum = 320
edgeNum = 1344

0 0
1 0
2 0
3 0
4 0
5 0
6 0
7 0
8 0
9 0
10 0
11 0
12 0
13 0
14 0
15 0
16 0
17 0
18 0
19 0
20 1
21 1
22 1
23 1
24 1
25 1
26 1
27 1
28 1
29 1
30 1
31 1
32 1
33 1
34 1
35 1
36 1
37 1
38 1
39 1
40 2
41 2
42 2
43 2
44 2
45 2
46 2
47 2
48 2
49 2
50 2
51 2
52 2
53 2
54 2
55 2
56 2
57 2
58 2
59 2
60 3
61 3
62 3
63 3
64 3
65 3
66 3
67 3
68 3
69 3
70 3
71 3
72 3
73 3
74 3
75 3
76 3
77 3
78 3
79 3
80 4
81 4
82 4
83 4
84 4
85 4
86 4
87 4
88 4
89 4
90 4
91 4
92 4
93 4
94 4
95 4
96 4
97 4
98 4
99 4
100 5
101 5
102 5
103 5
104 5
105 5
106 5
107 5
108 5
109 5
110 5
111 5
112 5
113 5
114 5
115 5
116 5
117 5
118 5
119 5
120 6
121 6
122 6
123 6
124 6
125 6
126 6
127 6
128 6
129 6
130 6
131 6
132 6
133 6
134 6
135 6
136 6
137 6
138 6
139 6
140 7
141 7
142 7
143 7
144 7
145 7
146 7
147 7
148 7
149 7
150 7
151 7
152 7
153 7
154 7
155 7
156 7
157 7
158 7
159 7
160 8
161 8
162 8
163 8
164 8
165 8
166 8
167 8
168 8
169 8
170 8
171 8
172 8
173 8
174 8
175 8
176 8
177 8
178 8
179 8
180 9
181 9
182 9
183 9
184 9
185 9
186 9
187 9
188 9
189 9
190 9
191 9
192 9
193 9
194 9
195 9
196 9
197 9
198 9
199 9
200 10
201 10
202 10
203 10
204 10
205 10
206 10
207 10
208 10
209 10
210 10
211 10
212 10
213 10
214 10
215 10
216 10
217 10
218 10
219 10
220 11
221 11
222 11
223 11
224 11
225 11
226 11
227 11
228 11
229 11
230 11
231 11
232 11
233 11
234 11
235 11
236 11
237 11
238 11
239 11
240 12
241 12
242 12
243 12
244 12
245 12
246 12
247 12
248 12
249 12
250 12
251 12
252 12
253 12
254 12
255 12
256 12
257 12
258 12
259 12
260 13
261 13
262 13
263 13
264 13
265 13
266 13
267 13
268 13
269 13
270 13
271 13
272 13
273 13
274 13
275 13
276 13
277 13
278 13
279 13
280 14
281 14
282 14
283 14
284 14
285 14
286 14
287 14
288 14
289 14
290 14
291 14
292 14
293 14
294 14
295 14
296 14
297 14
298 14
299 14
300 15
301 15
302 15
303 15
304 15
305 15
306 15
307 15
308 15
309 15
310 15
311 15
312 15
313 15
314 15
315 15
316 15
317 15
318 15
319 15

4 0 0 0
4 2 0 0
4 1 0 0
4 3 0 0
5 1 0 0
5 2 0 0
5 3 0 0
5 0 0 0
6 4 0 0
6 2 0 0
6 3 0 0
6 0 0 0
7 0 0 0
7 6 0 0
7 4 0 0
7 1 0 0
8 5 0 0
8 2 0 0
8 1 0 0
8 4 0 0
9 7 0 0
9 2 0 0
9 6 0 0
9 4 0 0
10 0 0 0
10 8 0 0
10 3 0 0
10 7 0 0
11 4 0 0
11 2 0 0
11 8 0 0
11 1 0 0
12 2 0 0
12 9 0 0
12 6 0 0
12 1 0 0
13 9 0 0
13 0 0 0
13 6 0 0
13 2 0 0
14 3 0 0
14 8 0 0
14 11 0 0
14 13 0 0
15 13 0 0
15 7 0 0
15 3 0 0
15 4 0 0
16 11 0 0
16 13 0 0
16 6 0 0
16 10 0 0
17 8 0 0
17 0 0 0
17 13 0 0
17 2 0 0
18 7 0 0
18 11 0 0
18 0 0 0
18 2 0 0
19 7 0 0
19 3 0 0
19 6 0 0
19 16 0 0
0 15 0 0
0 16 0 0
0 12 0 0
0 8 0 0
1 17 0 0
1 19 0 0
1 14 0 0
1 15 0 0
2 16 0 0
2 7 0 0
2 14 0 0
2 10 0 0
3 13 0 0
3 18 0 0
3 8 0 0
3 11 0 0
24 22 1 1
24 20 1 1
24 21 1 1
24 23 1 1
25 21 1 1
25 23 1 1
25 20 1 1
25 22 1 1
26 20 1 1
26 23 1 1
26 24 1 1
26 25 1 1
27 20 1 1
27 23 1 1
27 25 1 1
27 22 1 1
28 20 1 1
28 24 1 1
28 23 1 1
28 25 1 1
29 27 1 1
29 23 1 1
29 20 1 1
29 25 1 1
30 28 1 1
30 24 1 1
30 25 1 1
30 20 1 1
31 20 1 1
31 24 1 1
31 27 1 1
31 23 1 1
32 20 1 1
32 31 1 1
32 22 1 1
32 28 1 1
33 25 1 1
33 26 1 1
33 29 1 1
33 23 1 1
34 27 1 1
34 33 1 1
34 26 1 1
34 20 1 1
35 21 1 1
35 25 1 1
35 20 1 1
35 28 1 1
36 34 1 1
36 30 1 1
36 29 1 1
36 26 1 1
37 32 1 1
37 25 1 1
37 22 1 1
37 36 1 1
38 29 1 1
38 37 1 1
38 23 1 1
38 34 1 1
39 36 1 1
39 34 1 1
39 33 1 1
39 23 1 1
20 38 1 1
20 39 1 1
20 37 1 1
20 36 1 1
21 29 1 1
21 26 1 1
21 28 1 1
21 27 1 1
22 28 1 1
22 31 1 1
22 30 1 1
22 29 1 1
23 37 1 1
23 34 1 1
23 36 1 1
23 30 1 1
44 40 2 2
44 41 2 2
44 42 2 2
44 43 2 2
45 43 2 2
45 40 2 2
45 41 2 2
45 42 2 2
46 40 2 2
46 41 2 2
46 42 2 2
46 44 2 2
47 46 2 2
47 45 2 2
47 43 2 2
47 41 2 2
48 43 2 2
48 42 2 2
48 40 2 2
48 46 2 2
49 42 2 2
49 45 2 2
49 44 2 2
49 40 2 2
50 49 2 2
50 45 2 2
50 42 2 2
50 47 2 2
51 43 2 2
51 41 2 2
51 50 2 2
51 40 2 2
52 50 2 2
52 44 2 2
52 46 2 2
52 49 2 2
53 52 2 2
53 45 2 2
53 49 2 2
53 46 2 2
54 48 2 2
54 47 2 2
54 46 2 2
54 49 2 2
55 41 2 2
55 42 2 2
55 48 2 2
55 54 2 2
56 40 2 2
56 49 2 2
56 50 2 2
56 42 2 2
57 54 2 2
57 43 2 2
57 45 2 2
57 48 2 2
58 50 2 2
58 55 2 2
58 49 2 2
58 44 2 2
59 52 2 2
59 45 2 2
59 48 2 2
59 58 2 2
40 54 2 2
40 57 2 2
40 58 2 2
40 53 2 2
41 50 2 2
41 54 2 2
41 48 2 2
41 57 2 2
42 47 2 2
42 52 2 2
42 53 2 2
42 51 2 2
43 49 2 2
43 54 2 2
43 56 2 2
43 50 2 2
64 63 3 3
64 60 3 3
64 61 3 3
64 62 3 3
65 60 3 3
65 63 3 3
65 61 3 3
65 64 3 3
66 63 3 3
66 60 3 3
66 65 3 3
66 62 3 3
67 60 3 3
67 61 3 3
67 65 3 3
67 62 3 3
68 66 3 3
68 65 3 3
68 63 3 3
68 64 3 3
69 62 3 3
69 64 3 3
69 63 3 3
69 67 3 3
70 69 3 3
70 63 3 3
70 68 3 3
70 66 3 3
71 63 3 3
71 66 3 3
71 68 3 3
71 65 3 3
72 62 3 3
72 67 3 3
72 66 3 3
72 60 3 3
73 64 3 3
73 71 3 3
73 62 3 3
73 69 3 3
74 66 3 3
74 73 3 3
74 68 3 3
74 71 3 3
75 68 3 3
75 63 3 3
75 69 3 3
75 70 3 3
76 69 3 3
76 75 3 3
76 62 3 3
76 64 3 3
77 74 3 3
77 62 3 3
77 72 3 3
77 65 3 3
78 64 3 3
78 60 3 3
78 74 3 3
78 70 3 3
79 68 3 3
79 72 3 3
79 63 3 3
79 70 3 3
60 69 3 3
60 70 3 3
60 77 3 3
60 79 3 3
61 71 3 3
61 66 3 3
61 72 3 3
61 73 3 3
62 71 3 3
62 75 3 3
62 78 3 3
62 79 3 3
63 77 3 3
63 74 3 3
63 78 3 3
63 76 3 3
84 82 4 4
84 80 4 4
84 83 4 4
84 81 4 4
85 84 4 4
85 82 4 4
85 83 4 4
85 80 4 4
86 83 4 4
86 84 4 4
86 85 4 4
86 82 4 4
87 86 4 4
87 82 4 4
87 80 4 4
87 81 4 4
88 86 4 4
88 81 4 4
88 85 4 4
88 84 4 4
89 81 4 4
89 87 4 4
89 80 4 4
89 82 4 4
90 88 4 4
90 85 4 4
90 89 4 4
90 84 4 4
91 86 4 4
91 90 4 4
91 82 4 4
91 81 4 4
92 88 4 4
92 90 4 4
92 91 4 4
92 87 4 4
93 81 4 4
93 88 4 4
93 86 4 4
93 87 4 4
94 88 4 4
94 82 4 4
94 81 4 4
94 91 4 4
95 86 4 4
95 92 4 4
95 90 4 4
95 84 4 4
96 86 4 4
96 90 4 4
96 85 4 4
96 88 4 4
97 80 4 4
97 94 4 4
97 84 4 4
97 89 4 4
98 92 4 4
98 96 4 4
98 88 4 4
98 87 4 4
99 89 4 4
99 84 4 4
99 85 4 4
99 88 4 4
80 99 4 4
80 90 4 4
80 96 4 4
80 93 4 4
81 99 4 4
81 95 4 4
81 97 4 4
81 90 4 4
82 97 4 4
82 98 4 4
82 92 4 4
82 88 4 4
83 91 4 4
83 92 4 4
83 93 4 4
83 87 4 4
104 102 5 5
104 100 5 5
104 103 5 5
104 101 5 5
105 103 5 5
105 102 5 5
105 100 5 5
105 104 5 5
106 102 5 5
106 103 5 5
106 104 5 5
106 105 5 5
107 106 5 5
107 103 5 5
107 104 5 5
107 102 5 5
108 106 5 5
108 103 5 5
108 107 5 5
108 105 5 5
109 100 5 5
109 108 5 5
109 104 5 5
109 107 5 5
110 104 5 5
110 100 5 5
110 107 5 5
110 109 5 5
111 107 5 5
111 108 5 5
111 105 5 5
111 100 5 5
112 100 5 5
112 104 5 5
112 101 5 5
112 103 5 5
113 108 5 5
113 100 5 5
113 103 5 5
113 111 5 5
114 100 5 5
114 109 5 5
114 104 5 5
114 106 5 5
115 103 5 5
115 106 5 5
115 107 5 5
115 105 5 5
116 104 5 5
116 102 5 5
116 111 5 5
116 112 5 5
117 112 5 5
117 108 5 5
117 111 5 5
117 107 5 5
118 105 5 5
118 101 5 5
118 102 5 5
118 106 5 5
119 104 5 5
119 107 5 5
119 116 5 5
119 102 5 5
100 116 5 5
100 118 5 5
100 115 5 5
100 117 5 5
101 116 5 5
101 119 5 5
101 110 5 5
101 114 5 5
102 114 5 5
102 117 5 5
102 115 5 5
102 109 5 5
103 109 5 5
103 119 5 5
103 114 5 5
103 110 5 5
124 120 6 6
124 121 6 6
124 122 6 6
124 123 6 6
125 122 6 6
125 121 6 6
125 124 6 6
125 120 6 6
126 125 6 6
126 121 6 6
126 124 6 6
126 120 6 6
127 123 6 6
127 126 6 6
127 120 6 6
127 124 6 6
128 121 6 6
128 120 6 6
128 124 6 6
128 126 6 6
129 121 6 6
129 126 6 6
129 120 6 6
129 128 6 6
130 121 6 6
130 129 6 6
130 128 6 6
130 123 6 6
131 129 6 6
131 130 6 6
131 120 6 6
131 128 6 6
132 124 6 6
132 128 6 6
132 123 6 6
132 127 6 6
133 126 6 6
133 124 6 6
133 123 6 6
133 128 6 6
134 130 6 6
134 123 6 6
134 121 6 6
134 126 6 6
135 127 6 6
135 122 6 6
135 121 6 6
135 125 6 6
136 126 6 6
136 131 6 6
136 130 6 6
136 132 6 6
137 120 6 6
137 131 6 6
137 130 6 6
137 127 6 6
138 120 6 6
138 129 6 6
138 123 6 6
138 127 6 6
139 135 6 6
139 124 6 6
139 126 6 6
139 120 6 6
120 134 6 6
120 132 6 6
120 135 6 6
120 130 6 6
121 138 6 6
121 139 6 6
121 132 6 6
121 127 6 6
122 139 6 6
122 133 6 6
122 127 6 6
122 126 6 6
123 126 6 6
123 139 6 6
123 135 6 6
123 128 6 6
144 141 7 7
144 143 7 7
144 140 7 7
144 142 7 7
145 141 7 7
145 140 7 7
145 144 7 7
145 142 7 7
146 142 7 7
146 144 7 7
146 143 7 7
146 145 7 7
147 142 7 7
147 143 7 7
147 145 7 7
147 146 7 7
148 142 7 7
148 146 7 7
148 145 7 7
148 147 7 7
149 148 7 7
149 144 7 7
149 147 7 7
149 141 7 7
150 148 7 7
150 149 7 7
150 143 7 7
150 146 7 7
151 141 7 7
151 149 7 7
151 144 7 7
151 146 7 7
152 149 7 7
152 147 7 7
152 150 7 7
152 148 7 7
153 146 7 7
153 148 7 7
153 145 7 7
153 144 7 7
154 146 7 7
154 143 7 7
154 148 7 7
154 140 7 7
155 150 7 7
155 149 7 7
155 142 7 7
155 145 7 7
156 140 7 7
156 149 7 7
156 155 7 7
156 150 7 7
157 153 7 7
157 142 7 7
157 143 7 7
157 150 7 7
158 140 7 7
158 155 7 7
158 157 7 7
158 156 7 7
159 141 7 7
159 150 7 7
159 140 7 7
159 157 7 7
140 151 7 7
140 148 7 7
140 146 7 7
140 149 7 7
141 153 7 7
141 158 7 7
141 148 7 7
141 154 7 7
142 158 7 7
142 159 7 7
142 152 7 7
142 149 7 7
143 148 7 7
143 145 7 7
143 159 7 7
143 149 7 7
164 160 8 8
164 161 8 8
164 163 8 8
164 162 8 8
165 164 8 8
165 160 8 8
165 162 8 8
165 163 8 8
166 164 8 8
166 165 8 8
166 160 8 8
166 162 8 8
167 165 8 8
167 160 8 8
167 164 8 8
167 166 8 8
168 160 8 8
168 166 8 8
168 162 8 8
168 163 8 8
169 161 8 8
169 167 8 8
169 164 8 8
169 162 8 8
170 162 8 8
170 160 8 8
170 161 8 8
170 168 8 8
171 167 8 8
171 163 8 8
171 161 8 8
171 160 8 8
172 162 8 8
172 170 8 8
172 161 8 8
172 169 8 8
173 169 8 8
173 161 8 8
173 164 8 8
173 172 8 8
174 168 8 8
174 163 8 8
174 164 8 8
174 160 8 8
175 169 8 8
175 170 8 8
175 166 8 8
175 167 8 8
176 167 8 8
176 173 8 8
176 175 8 8
176 174 8 8
177 170 8 8
177 167 8 8
177 175 8 8
177 162 8 8
178 167 8 8
178 173 8 8
178 168 8 8
178 160 8 8
179 164 8 8
179 160 8 8
179 163 8 8
179 171 8 8
160 169 8 8
160 175 8 8
160 177 8 8
160 173 8 8
161 178 8 8
161 177 8 8
161 176 8 8
161 167 8 8
162 173 8 8
162 167 8 8
162 174 8 8
162 178 8 8
163 178 8 8
163 169 8 8
163 166 8 8
163 173 8 8
184 180 9 9
184 182 9 9
184 183 9 9
184 181 9 9
185 183 9 9
185 181 9 9
185 180 9 9
185 182 9 9
186 182 9 9
186 185 9 9
186 183 9 9
186 181 9 9
187 185 9 9
187 186 9 9
187 184 9 9
187 181 9 9
188 186 9 9
188 180 9 9
188 187 9 9
188 182 9 9
189 186 9 9
189 182 9 9
189 188 9 9
189 183 9 9
190 188 9 9
190 187 9 9
190 182 9 9
190 186 9 9
191 187 9 9
191 180 9 9
191 190 9 9
191 188 9 9
192 180 9 9
192 189 9 9
192 188 9 9
192 181 9 9
193 182 9 9
193 190 9 9
193 189 9 9
193 187 9 9
194 189 9 9
194 181 9 9
194 192 9 9
194 180 9 9
195 191 9 9
195 186 9 9
195 184 9 9
195 182 9 9
196 180 9 9
196 192 9 9
196 191 9 9
196 195 9 9
197 190 9 9
197 193 9 9
197 185 9 9
197 182 9 9
198 193 9 9
198 189 9 9
198 192 9 9
198 195 9 9
199 190 9 9
199 194 9 9
199 193 9 9
199 191 9 9
180 195 9 9
180 198 9 9
180 189 9 9
180 190 9 9
181 195 9 9
181 199 9 9
181 198 9 9
181 190 9 9
182 187 9 9
182 191 9 9
182 194 9 9
182 199 9 9
183 193 9 9
183 192 9 9
183 190 9 9
183 191 9 9
204 202 10 10
204 200 10 10
204 201 10 10
204 203 10 10
205 200 10 10
205 203 10 10
205 201 10 10
205 204 10 10
206 203 10 10
206 205 10 10
206 200 10 10
206 204 10 10
207 201 10 10
207 203 10 10
207 204 10 10
207 202 10 10
208 204 10 10
208 203 10 10
208 207 10 10
208 206 10 10
209 200 10 10
209 208 10 10
209 205 10 10
209 203 10 10
210 207 10 10
210 205 10 10
210 200 10 10
210 201 10 10
211 206 10 10
211 210 10 10
211 205 10 10
211 208 10 10
212 203 10 10
212 204 10 10
212 201 10 10
212 207 10 10
213 206 10 10
213 205 10 10
213 200 10 10
213 201 10 10
214 208 10 10
214 205 10 10
214 203 10 10
214 202 10 10
215 207 10 10
215 203 10 10
215 209 10 10
215 204 10 10
216 202 10 10
216 205 10 10
216 204 10 10
216 214 10 10
217 210 10 10
217 200 10 10
217 203 10 10
217 209 10 10
218 205 10 10
218 215 10 10
218 210 10 10
218 204 10 10
219 216 10 10
219 217 10 10
219 215 10 10
219 204 10 10
200 211 10 10
200 207 10 10
200 214 10 10
200 218 10 10
201 206 10 10
201 218 10 10
201 209 10 10
201 219 10 10
202 208 10 10
202 211 10 10
202 215 10 10
202 213 10 10
203 210 10 10
203 219 10 10
203 218 10 10
203 216 10 10
224 222 11 11
224 223 11 11
224 220 11 11
224 221 11 11
225 222 11 11
225 223 11 11
225 224 11 11
225 220 11 11
226 222 11 11
226 223 11 11
226 221 11 11
226 220 11 11
227 220 11 11
227 223 11 11
227 224 11 11
227 222 11 11
228 220 11 11
228 223 11 11
228 225 11 11
228 227 11 11
229 223 11 11
229 221 11 11
229 220 11 11
229 224 11 11
230 229 11 11
230 221 11 11
230 223 11 11
230 222 11 11
231 223 11 11
231 220 11 11
231 228 11 11
231 230 11 11
232 228 11 11
232 222 11 11
232 221 11 11
232 220 11 11
233 220 11 11
233 230 11 11
233 222 11 11
233 229 11 11
234 230 11 11
234 229 11 11
234 226 11 11
234 233 11 11
235 233 11 11
235 234 11 11
235 223 11 11
235 222 11 11
236 226 11 11
236 233 11 11
236 231 11 11
236 235 11 11
237 232 11 11
237 227 11 11
237 228 11 11
237 229 11 11
238 232 11 11
238 230 11 11
238 231 11 11
238 221 11 11
239 229 11 11
239 231 11 11
239 235 11 11
239 234 11 11
220 236 11 11
220 230 11 11
220 238 11 11
220 235 11 11
221 236 11 11
221 235 11 11
221 228 11 11
221 225 11 11
222 236 11 11
222 228 11 11
222 234 11 11
222 238 11 11
223 232 11 11
223 233 11 11
223 238 11 11
223 237 11 11
244 243 12 12
244 241 12 12
244 240 12 12
244 242 12 12
245 244 12 12
245 241 12 12
245 243 12 12
245 242 12 12
246 245 12 12
246 242 12 12
246 243 12 12
246 241 12 12
247 243 12 12
247 244 12 12
247 241 12 12
247 240 12 12
248 247 12 12
248 240 12 12
248 246 12 12
248 245 12 12
249 245 12 12
249 243 12 12
249 247 12 12
249 246 12 12
250 248 12 12
250 247 12 12
250 241 12 12
250 246 12 12
251 244 12 12
251 249 12 12
251 250 12 12
251 247 12 12
252 247 12 12
252 241 12 12
252 246 12 12
252 248 12 12
253 244 12 12
253 250 12 12
253 247 12 12
253 251 12 12
254 247 12 12
254 248 12 12
254 250 12 12
254 241 12 12
255 251 12 12
255 243 12 12
255 250 12 12
255 244 12 12
256 254 12 12
256 255 12 12
256 253 12 12
256 246 12 12
257 253 12 12
257 254 12 12
257 248 12 12
257 256 12 12
258 241 12 12
258 242 12 12
258 244 12 12
258 250 12 12
259 250 12 12
259 255 12 12
259 256 12 12
259 247 12 12
240 255 12 12
240 259 12 12
240 250 12 12
240 256 12 12
241 256 12 12
241 255 12 12
241 259 12 12
241 251 12 12
242 259 12 12
242 251 12 12
242 249 12 12
242 254 12 12
243 252 12 12
243 253 12 12
243 254 12 12
243 248 12 12
264 261 13 13
264 263 13 13
264 260 13 13
264 262 13 13
265 262 13 13
265 264 13 13
265 263 13 13
265 261 13 13
266 261 13 13
266 264 13 13
266 265 13 13
266 263 13 13
267 260 13 13
267 265 13 13
267 264 13 13
267 263 13 13
268 261 13 13
268 260 13 13
268 267 13 13
268 266 13 13
269 267 13 13
269 261 13 13
269 263 13 13
269 262 13 13
270 265 13 13
270 260 13 13
270 267 13 13
270 268 13 13
271 262 13 13
271 260 13 13
271 269 13 13
271 265 13 13
272 266 13 13
272 271 13 13
272 260 13 13
272 261 13 13
273 267 13 13
273 265 13 13
273 270 13 13
273 266 13 13
274 270 13 13
274 264 13 13
274 273 13 13
274 260 13 13
275 268 13 13
275 263 13 13
275 264 13 13
275 274 13 13
276 271 13 13
276 269 13 13
276 272 13 13
276 261 13 13
277 260 13 13
277 274 13 13
277 275 13 13
277 267 13 13
278 260 13 13
278 274 13 13
278 261 13 13
278 268 13 13
279 271 13 13
279 276 13 13
279 265 13 13
279 266 13 13
260 269 13 13
260 279 13 13
260 276 13 13
260 265 13 13
261 274 13 13
261 271 13 13
261 275 13 13
261 279 13 13
262 279 13 13
262 273 13 13
262 268 13 13
262 272 13 13
263 274 13 13
263 278 13 13
263 276 13 13
263 277 13 13
284 281 14 14
284 283 14 14
284 280 14 14
284 282 14 14
285 282 14 14
285 283 14 14
285 284 14 14
285 281 14 14
286 280 14 14
286 284 14 14
286 283 14 14
286 285 14 14
287 282 14 14
287 285 14 14
287 280 14 14
287 286 14 14
288 284 14 14
288 286 14 14
288 287 14 14
288 280 14 14
289 281 14 14
289 280 14 14
289 283 14 14
289 284 14 14
290 284 14 14
290 282 14 14
290 285 14 14
290 289 14 14
291 280 14 14
291 282 14 14
291 287 14 14
291 289 14 14
292 282 14 14
292 285 14 14
292 290 14 14
292 280 14 14
293 292 14 14
293 283 14 14
293 282 14 14
293 291 14 14
294 282 14 14
294 291 14 14
294 284 14 14
294 287 14 14
295 289 14 14
295 290 14 14
295 288 14 14
295 294 14 14
296 283 14 14
296 289 14 14
296 280 14 14
296 286 14 14
297 284 14 14
297 281 14 14
297 296 14 14
297 283 14 14
298 288 14 14
298 280 14 14
298 290 14 14
298 284 14 14
299 295 14 14
299 298 14 14
299 282 14 14
299 288 14 14
280 293 14 14
280 299 14 14
280 297 14 14
280 290 14 14
281 291 14 14
281 293 14 14
281 287 14 14
281 296 14 14
282 295 14 14
282 298 14 14
282 288 14 14
282 297 14 14
283 292 14 14
283 288 14 14
283 290 14 14
283 291 14 14
304 303 15 15
304 300 15 15
304 301 15 15
304 302 15 15
305 301 15 15
305 303 15 15
305 304 15 15
305 300 15 15
306 304 15 15
306 300 15 15
306 301 15 15
306 303 15 15
307 300 15 15
307 303 15 15
307 306 15 15
307 301 15 15
308 300 15 15
308 303 15 15
308 301 15 15
308 304 15 15
309 308 15 15
309 302 15 15
309 305 15 15
309 300 15 15
310 301 15 15
310 307 15 15
310 300 15 15
310 302 15 15
311 307 15 15
311 303 15 15
311 306 15 15
311 300 15 15
312 301 15 15
312 306 15 15
312 311 15 15
312 300 15 15
313 309 15 15
313 307 15 15
313 306 15 15
313 311 15 15
314 306 15 15
314 313 15 15
314 307 15 15
314 300 15 15
315 312 15 15
315 309 15 15
315 314 15 15
315 305 15 15
316 302 15 15
316 309 15 15
316 308 15 15
316 314 15 15
317 314 15 15
317 301 15 15
317 309 15 15
317 312 15 15
318 312 15 15
318 301 15 15
318 303 15 15
318 317 15 15
319 304 15 15
319 314 15 15
319 311 15 15
319 318 15 15
300 318 15 15
300 313 15 15
300 317 15 15
300 316 15 15
301 315 15 15
301 313 15 15
301 311 15 15
301 309 15 15
302 315 15 15
302 308 15 15
302 319 15 15
302 318 15 15
303 315 15 15
303 319 15 15
303 309 15 15
303 312 15 15
95 47 4 2
95 30 4 1
83 71 4 3
97 4 4 0
117 56 5 2
108 79 5 3
118 10 5 0
119 23 5 1
139 90 6 4
125 46 6 2
126 27 6 1
127 109 6 5
142 105 7 5
143 66 7 3
150 19 7 0
156 46 7 2
165 150 8 7
168 110 8 5
173 59 8 2
165 136 8 6
186 151 9 7
182 112 9 5
180 2 9 0
180 176 9 8
202 123 10 6
200 22 10 1
216 105 10 5
218 86 10 4
232 146 11 7
223 8 11 0
223 217 11 10
237 128 11 6
247 111 12 5
252 54 12 2
246 150 12 7
242 63 12 3
271 118 13 5
268 165 13 8
278 191 13 9
261 63 13 3
291 145 14 7
289 68 14 3
280 94 14 4
290 205 14 10
317 262 15 13
307 58 15 2
315 215 15 10
312 251 15 12
1 257 0 12
5 275 0 13
5 298 0 14
3 131 0 6
30 229 1 11
28 144 1 7
38 302 1 15
36 257 1 12
46 237 2 11
40 217 2 10
49 267 2 13
56 292 2 14
67 185 3 9
77 209 3 10
73 228 3 11
68 316 3 15
