swNum = 320
edgeNum = 1344

0 0
1 0
2 0
3 0
4 0
5 0
6 0
7 0
8 0
9 0
10 0
11 0
12 0
13 0
14 0
15 0
16 0
17 0
18 0
19 0
20 1
21 1
22 1
23 1
24 1
25 1
26 1
27 1
28 1
29 1
30 1
31 1
32 1
33 1
34 1
35 1
36 1
37 1
38 1
39 1
40 2
41 2
42 2
43 2
44 2
45 2
46 2
47 2
48 2
49 2
50 2
51 2
52 2
53 2
54 2
55 2
56 2
57 2
58 2
59 2
60 3
61 3
62 3
63 3
64 3
65 3
66 3
67 3
68 3
69 3
70 3
71 3
72 3
73 3
74 3
75 3
76 3
77 3
78 3
79 3
80 4
81 4
82 4
83 4
84 4
85 4
86 4
87 4
88 4
89 4
90 4
91 4
92 4
93 4
94 4
95 4
96 4
97 4
98 4
99 4
100 5
101 5
102 5
103 5
104 5
105 5
106 5
107 5
108 5
109 5
110 5
111 5
112 5
113 5
114 5
115 5
116 5
117 5
118 5
119 5
120 6
121 6
122 6
123 6
124 6
125 6
126 6
127 6
128 6
129 6
130 6
131 6
132 6
133 6
134 6
135 6
136 6
137 6
138 6
139 6
140 7
141 7
142 7
143 7
144 7
145 7
146 7
147 7
148 7
149 7
150 7
151 7
152 7
153 7
154 7
155 7
156 7
157 7
158 7
159 7
160 8
161 8
162 8
163 8
164 8
165 8
166 8
167 8
168 8
169 8
170 8
171 8
172 8
173 8
174 8
175 8
176 8
177 8
178 8
179 8
180 9
181 9
182 9
183 9
184 9
185 9
186 9
187 9
188 9
189 9
190 9
191 9
192 9
193 9
194 9
195 9
196 9
197 9
198 9
199 9
200 10
201 10
202 10
203 10
204 10
205 10
206 10
207 10
208 10
209 10
210 10
211 10
212 10
213 10
214 10
215 10
216 10
217 10
218 10
219 10
220 11
221 11
222 11
223 11
224 11
225 11
226 11
227 11
228 11
229 11
230 11
231 11
232 11
233 11
234 11
235 11
236 11
237 11
238 11
239 11
240 12
241 12
242 12
243 12
244 12
245 12
246 12
247 12
248 12
249 12
250 12
251 12
252 12
253 12
254 12
255 12
256 12
257 12
258 12
259 12
260 13
261 13
262 13
263 13
264 13
265 13
266 13
267 13
268 13
269 13
270 13
271 13
272 13
273 13
274 13
275 13
276 13
277 13
278 13
279 13
280 14
281 14
282 14
283 14
284 14
285 14
286 14
287 14
288 14
289 14
290 14
291 14
292 14
293 14
294 14
295 14
296 14
297 14
298 14
299 14
300 15
301 15
302 15
303 15
304 15
305 15
306 15
307 15
308 15
309 15
310 15
311 15
312 15
313 15
314 15
315 15
316 15
317 15
318 15
319 15

4 1 0 0
4 2 0 0
4 0 0 0
4 3 0 0
5 0 0 0
5 4 0 0
5 1 0 0
5 3 0 0
6 1 0 0
6 2 0 0
6 3 0 0
6 4 0 0
7 2 0 0
7 1 0 0
7 4 0 0
7 5 0 0
8 6 0 0
8 1 0 0
8 2 0 0
8 5 0 0
9 3 0 0
9 5 0 0
9 7 0 0
9 0 0 0
10 4 0 0
10 8 0 0
10 2 0 0
10 7 0 0
11 9 0 0
11 5 0 0
11 7 0 0
11 3 0 0
12 2 0 0
12 1 0 0
12 10 0 0
12 6 0 0
13 9 0 0
13 3 0 0
13 12 0 0
13 6 0 0
14 4 0 0
14 2 0 0
14 12 0 0
14 7 0 0
15 7 0 0
15 4 0 0
15 10 0 0
15 1 0 0
16 8 0 0
16 10 0 0
16 6 0 0
16 0 0 0
17 2 0 0
17 6 0 0
17 13 0 0
17 10 0 0
18 16 0 0
18 9 0 0
18 14 0 0
18 4 0 0
19 12 0 0
19 3 0 0
19 14 0 0
19 4 0 0
0 13 0 0
0 14 0 0
0 19 0 0
0 12 0 0
1 14 0 0
1 17 0 0
1 18 0 0
1 19 0 0
2 9 0 0
2 16 0 0
2 15 0 0
2 19 0 0
3 14 0 0
3 18 0 0
3 12 0 0
3 10 0 0
24 23 1 1
24 22 1 1
24 21 1 1
24 20 1 1
25 24 1 1
25 22 1 1
25 21 1 1
25 23 1 1
26 24 1 1
26 23 1 1
26 22 1 1
26 21 1 1
27 20 1 1
27 22 1 1
27 26 1 1
27 21 1 1
28 25 1 1
28 24 1 1
28 23 1 1
28 20 1 1
29 23 1 1
29 27 1 1
29 21 1 1
29 26 1 1
30 24 1 1
30 28 1 1
30 25 1 1
30 26 1 1
31 26 1 1
31 22 1 1
31 24 1 1
31 23 1 1
32 27 1 1
32 28 1 1
32 30 1 1
32 22 1 1
33 20 1 1
33 27 1 1
33 22 1 1
33 32 1 1
34 23 1 1
34 33 1 1
34 20 1 1
34 25 1 1
35 31 1 1
35 28 1 1
35 32 1 1
35 27 1 1
36 22 1 1
36 20 1 1
36 31 1 1
36 35 1 1
37 21 1 1
37 31 1 1
37 29 1 1
37 36 1 1
38 24 1 1
38 30 1 1
38 21 1 1
38 25 1 1
39 23 1 1
39 25 1 1
39 30 1 1
39 38 1 1
20 39 1 1
20 32 1 1
20 38 1 1
20 30 1 1
21 30 1 1
21 28 1 1
21 34 1 1
21 39 1 1
22 35 1 1
22 34 1 1
22 30 1 1
22 37 1 1
23 38 1 1
23 30 1 1
23 33 1 1
23 32 1 1
44 42 2 2
44 43 2 2
44 40 2 2
44 41 2 2
45 44 2 2
45 43 2 2
45 40 2 2
45 42 2 2
46 40 2 2
46 45 2 2
46 42 2 2
46 43 2 2
47 44 2 2
47 43 2 2
47 41 2 2
47 45 2 2
48 44 2 2
48 43 2 2
48 47 2 2
48 45 2 2
49 44 2 2
49 48 2 2
49 47 2 2
49 45 2 2
50 48 2 2
50 41 2 2
50 44 2 2
50 47 2 2
51 50 2 2
51 41 2 2
51 49 2 2
51 42 2 2
52 45 2 2
52 46 2 2
52 40 2 2
52 43 2 2
53 43 2 2
53 51 2 2
53 41 2 2
53 47 2 2
54 49 2 2
54 42 2 2
54 51 2 2
54 45 2 2
55 51 2 2
55 50 2 2
55 49 2 2
55 52 2 2
56 48 2 2
56 51 2 2
56 50 2 2
56 44 2 2
57 49 2 2
57 51 2 2
57 48 2 2
57 44 2 2
58 53 2 2
58 43 2 2
58 56 2 2
58 54 2 2
59 45 2 2
59 46 2 2
59 58 2 2
59 51 2 2
40 55 2 2
40 57 2 2
40 50 2 2
40 54 2 2
41 56 2 2
41 55 2 2
41 59 2 2
41 58 2 2
42 55 2 2
42 49 2 2
42 48 2 2
42 50 2 2
43 56 2 2
43 55 2 2
43 49 2 2
43 50 2 2
64 62 3 3
64 60 3 3
64 63 3 3
64 61 3 3
65 62 3 3
65 63 3 3
65 60 3 3
65 61 3 3
66 63 3 3
66 60 3 3
66 62 3 3
66 64 3 3
67 62 3 3
67 65 3 3
67 63 3 3
67 66 3 3
68 64 3 3
68 67 3 3
68 65 3 3
68 60 3 3
69 63 3 3
69 66 3 3
69 65 3 3
69 62 3 3
70 68 3 3
70 66 3 3
70 63 3 3
70 65 3 3
71 63 3 3
71 69 3 3
71 64 3 3
71 67 3 3
72 71 3 3
72 61 3 3
72 67 3 3
72 63 3 3
73 65 3 3
73 62 3 3
73 63 3 3
73 66 3 3
74 63 3 3
74 73 3 3
74 70 3 3
74 66 3 3
75 71 3 3
75 72 3 3
75 63 3 3
75 60 3 3
76 75 3 3
76 63 3 3
76 74 3 3
76 68 3 3
77 74 3 3
77 68 3 3
77 72 3 3
77 71 3 3
78 74 3 3
78 65 3 3
78 69 3 3
78 66 3 3
79 78 3 3
79 74 3 3
79 66 3 3
79 60 3 3
60 70 3 3
60 74 3 3
60 71 3 3
60 73 3 3
61 76 3 3
61 70 3 3
61 77 3 3
61 78 3 3
62 70 3 3
62 78 3 3
62 76 3 3
62 72 3 3
63 78 3 3
63 77 3 3
63 68 3 3
63 79 3 3
84 81 4 4
84 80 4 4
84 83 4 4
84 82 4 4
85 84 4 4
85 83 4 4
85 80 4 4
85 81 4 4
86 83 4 4
86 80 4 4
86 84 4 4
86 81 4 4
87 83 4 4
87 84 4 4
87 80 4 4
87 82 4 4
88 82 4 4
88 81 4 4
88 86 4 4
88 80 4 4
89 83 4 4
89 86 4 4
89 84 4 4
89 82 4 4
90 88 4 4
90 89 4 4
90 83 4 4
90 80 4 4
91 89 4 4
91 85 4 4
91 83 4 4
91 82 4 4
92 86 4 4
92 84 4 4
92 80 4 4
92 89 4 4
93 82 4 4
93 81 4 4
93 80 4 4
93 90 4 4
94 91 4 4
94 83 4 4
94 87 4 4
94 86 4 4
95 90 4 4
95 81 4 4
95 80 4 4
95 85 4 4
96 85 4 4
96 84 4 4
96 87 4 4
96 81 4 4
97 82 4 4
97 87 4 4
97 86 4 4
97 90 4 4
98 84 4 4
98 85 4 4
98 94 4 4
98 92 4 4
99 92 4 4
99 86 4 4
99 84 4 4
99 80 4 4
80 91 4 4
80 94 4 4
80 89 4 4
80 96 4 4
81 92 4 4
81 91 4 4
81 87 4 4
81 90 4 4
82 95 4 4
82 94 4 4
82 90 4 4
82 96 4 4
83 93 4 4
83 97 4 4
83 95 4 4
83 88 4 4
104 100 5 5
104 101 5 5
104 103 5 5
104 102 5 5
105 102 5 5
105 103 5 5
105 100 5 5
105 104 5 5
106 102 5 5
106 105 5 5
106 104 5 5
106 103 5 5
107 104 5 5
107 106 5 5
107 102 5 5
107 100 5 5
108 105 5 5
108 100 5 5
108 101 5 5
108 104 5 5
109 106 5 5
109 104 5 5
109 103 5 5
109 107 5 5
110 103 5 5
110 104 5 5
110 100 5 5
110 106 5 5
111 104 5 5
111 108 5 5
111 105 5 5
111 110 5 5
112 108 5 5
112 111 5 5
112 110 5 5
112 105 5 5
113 106 5 5
113 105 5 5
113 110 5 5
113 108 5 5
114 101 5 5
114 112 5 5
114 107 5 5
114 102 5 5
115 112 5 5
115 108 5 5
115 111 5 5
115 100 5 5
116 107 5 5
116 108 5 5
116 109 5 5
116 114 5 5
117 105 5 5
117 106 5 5
117 102 5 5
117 115 5 5
118 107 5 5
118 109 5 5
118 111 5 5
118 106 5 5
119 106 5 5
119 101 5 5
119 109 5 5
119 105 5 5
100 118 5 5
100 119 5 5
100 111 5 5
100 112 5 5
101 111 5 5
101 112 5 5
101 117 5 5
101 109 5 5
102 115 5 5
102 119 5 5
102 109 5 5
102 116 5 5
103 118 5 5
103 108 5 5
103 117 5 5
103 112 5 5
124 120 6 6
124 123 6 6
124 121 6 6
124 122 6 6
125 122 6 6
125 124 6 6
125 123 6 6
125 120 6 6
126 125 6 6
126 123 6 6
126 124 6 6
126 120 6 6
127 125 6 6
127 126 6 6
127 123 6 6
127 124 6 6
128 123 6 6
128 122 6 6
128 121 6 6
128 124 6 6
129 123 6 6
129 124 6 6
129 120 6 6
129 126 6 6
130 120 6 6
130 122 6 6
130 126 6 6
130 124 6 6
131 128 6 6
131 124 6 6
131 126 6 6
131 127 6 6
132 126 6 6
132 127 6 6
132 123 6 6
132 129 6 6
133 128 6 6
133 130 6 6
133 125 6 6
133 122 6 6
134 131 6 6
134 124 6 6
134 127 6 6
134 126 6 6
135 127 6 6
135 125 6 6
135 130 6 6
135 126 6 6
136 122 6 6
136 128 6 6
136 130 6 6
136 121 6 6
137 127 6 6
137 133 6 6
137 134 6 6
137 135 6 6
138 131 6 6
138 124 6 6
138 129 6 6
138 120 6 6
139 126 6 6
139 138 6 6
139 124 6 6
139 127 6 6
120 133 6 6
120 137 6 6
120 131 6 6
120 134 6 6
121 134 6 6
121 137 6 6
121 131 6 6
121 138 6 6
122 135 6 6
122 132 6 6
122 138 6 6
122 134 6 6
123 138 6 6
123 134 6 6
123 131 6 6
123 133 6 6
144 141 7 7
144 142 7 7
144 140 7 7
144 143 7 7
145 142 7 7
145 143 7 7
145 141 7 7
145 140 7 7
146 142 7 7
146 143 7 7
146 141 7 7
146 144 7 7
147 146 7 7
147 140 7 7
147 143 7 7
147 144 7 7
148 145 7 7
148 147 7 7
148 144 7 7
148 140 7 7
149 141 7 7
149 145 7 7
149 144 7 7
149 143 7 7
150 140 7 7
150 145 7 7
150 146 7 7
150 147 7 7
151 141 7 7
151 150 7 7
151 146 7 7
151 140 7 7
152 146 7 7
152 151 7 7
152 140 7 7
152 150 7 7
153 141 7 7
153 149 7 7
153 151 7 7
153 144 7 7
154 143 7 7
154 144 7 7
154 140 7 7
154 141 7 7
155 141 7 7
155 144 7 7
155 145 7 7
155 147 7 7
156 143 7 7
156 141 7 7
156 144 7 7
156 154 7 7
157 155 7 7
157 156 7 7
157 147 7 7
157 141 7 7
158 154 7 7
158 151 7 7
158 141 7 7
158 155 7 7
159 151 7 7
159 157 7 7
159 146 7 7
159 150 7 7
140 146 7 7
140 155 7 7
140 149 7 7
140 158 7 7
141 148 7 7
141 152 7 7
141 150 7 7
141 147 7 7
142 151 7 7
142 159 7 7
142 157 7 7
142 158 7 7
143 158 7 7
143 157 7 7
143 155 7 7
143 153 7 7
164 162 8 8
164 160 8 8
164 163 8 8
164 161 8 8
165 160 8 8
165 161 8 8
165 162 8 8
165 163 8 8
166 165 8 8
166 161 8 8
166 160 8 8
166 162 8 8
167 161 8 8
167 162 8 8
167 164 8 8
167 166 8 8
168 164 8 8
168 163 8 8
168 162 8 8
168 161 8 8
169 163 8 8
169 165 8 8
169 161 8 8
169 160 8 8
170 169 8 8
170 166 8 8
170 165 8 8
170 162 8 8
171 161 8 8
171 160 8 8
171 163 8 8
171 166 8 8
172 170 8 8
172 162 8 8
172 163 8 8
172 171 8 8
173 167 8 8
173 162 8 8
173 166 8 8
173 161 8 8
174 169 8 8
174 165 8 8
174 168 8 8
174 171 8 8
175 163 8 8
175 171 8 8
175 170 8 8
175 162 8 8
176 163 8 8
176 160 8 8
176 170 8 8
176 174 8 8
177 164 8 8
177 167 8 8
177 174 8 8
177 171 8 8
178 164 8 8
178 165 8 8
178 161 8 8
178 169 8 8
179 172 8 8
179 168 8 8
179 171 8 8
179 167 8 8
160 175 8 8
160 179 8 8
160 178 8 8
160 170 8 8
161 179 8 8
161 172 8 8
161 174 8 8
161 170 8 8
162 174 8 8
162 179 8 8
162 171 8 8
162 176 8 8
163 177 8 8
163 173 8 8
163 166 8 8
163 174 8 8
184 181 9 9
184 183 9 9
184 182 9 9
184 180 9 9
185 183 9 9
185 180 9 9
185 181 9 9
185 182 9 9
186 180 9 9
186 183 9 9
186 185 9 9
186 184 9 9
187 185 9 9
187 186 9 9
187 184 9 9
187 180 9 9
188 181 9 9
188 186 9 9
188 183 9 9
188 182 9 9
189 182 9 9
189 184 9 9
189 187 9 9
189 185 9 9
190 186 9 9
190 185 9 9
190 182 9 9
190 183 9 9
191 189 9 9
191 180 9 9
191 184 9 9
191 182 9 9
192 184 9 9
192 183 9 9
192 182 9 9
192 185 9 9
193 180 9 9
193 184 9 9
193 191 9 9
193 181 9 9
194 187 9 9
194 186 9 9
194 181 9 9
194 182 9 9
195 187 9 9
195 183 9 9
195 185 9 9
195 184 9 9
196 188 9 9
196 187 9 9
196 190 9 9
196 181 9 9
197 183 9 9
197 182 9 9
197 192 9 9
197 184 9 9
198 181 9 9
198 195 9 9
198 183 9 9
198 186 9 9
199 197 9 9
199 195 9 9
199 198 9 9
199 180 9 9
180 197 9 9
180 198 9 9
180 188 9 9
180 196 9 9
181 191 9 9
181 195 9 9
181 197 9 9
181 187 9 9
182 187 9 9
182 193 9 9
182 196 9 9
182 198 9 9
183 194 9 9
183 187 9 9
183 193 9 9
183 189 9 9
204 201 10 10
204 200 10 10
204 203 10 10
204 202 10 10
205 201 10 10
205 202 10 10
205 200 10 10
205 204 10 10
206 200 10 10
206 205 10 10
206 201 10 10
206 203 10 10
207 203 10 10
207 206 10 10
207 201 10 10
207 202 10 10
208 202 10 10
208 204 10 10
208 201 10 10
208 200 10 10
209 203 10 10
209 207 10 10
209 201 10 10
209 205 10 10
210 206 10 10
210 200 10 10
210 208 10 10
210 202 10 10
211 200 10 10
211 205 10 10
211 209 10 10
211 206 10 10
212 205 10 10
212 202 10 10
212 210 10 10
212 204 10 10
213 206 10 10
213 203 10 10
213 209 10 10
213 211 10 10
214 200 10 10
214 206 10 10
214 201 10 10
214 210 10 10
215 210 10 10
215 200 10 10
215 208 10 10
215 204 10 10
216 206 10 10
216 214 10 10
216 200 10 10
216 213 10 10
217 204 10 10
217 213 10 10
217 202 10 10
217 212 10 10
218 211 10 10
218 213 10 10
218 203 10 10
218 209 10 10
219 202 10 10
219 210 10 10
219 205 10 10
219 209 10 10
200 219 10 10
200 212 10 10
200 213 10 10
200 217 10 10
201 215 10 10
201 213 10 10
201 211 10 10
201 210 10 10
202 214 10 10
202 216 10 10
202 215 10 10
202 211 10 10
203 211 10 10
203 219 10 10
203 205 10 10
203 208 10 10
224 220 11 11
224 221 11 11
224 223 11 11
224 222 11 11
225 223 11 11
225 220 11 11
225 221 11 11
225 222 11 11
226 224 11 11
226 223 11 11
226 220 11 11
226 221 11 11
227 226 11 11
227 221 11 11
227 224 11 11
227 220 11 11
228 225 11 11
228 226 11 11
228 227 11 11
228 223 11 11
229 228 11 11
229 221 11 11
229 222 11 11
229 220 11 11
230 228 11 11
230 221 11 11
230 223 11 11
230 226 11 11
231 220 11 11
231 225 11 11
231 222 11 11
231 229 11 11
232 228 11 11
232 223 11 11
232 222 11 11
232 230 11 11
233 227 11 11
233 221 11 11
233 226 11 11
233 223 11 11
234 232 11 11
234 225 11 11
234 228 11 11
234 222 11 11
235 225 11 11
235 226 11 11
235 228 11 11
235 231 11 11
236 233 11 11
236 227 11 11
236 226 11 11
236 228 11 11
237 232 11 11
237 225 11 11
237 221 11 11
237 228 11 11
238 228 11 11
238 226 11 11
238 236 11 11
238 237 11 11
239 231 11 11
239 221 11 11
239 237 11 11
239 232 11 11
220 239 11 11
220 234 11 11
220 232 11 11
220 238 11 11
221 228 11 11
221 232 11 11
221 238 11 11
221 235 11 11
222 239 11 11
222 227 11 11
222 228 11 11
222 235 11 11
223 237 11 11
223 239 11 11
223 229 11 11
223 238 11 11
244 240 12 12
244 243 12 12
244 242 12 12
244 241 12 12
245 241 12 12
245 243 12 12
245 240 12 12
245 244 12 12
246 245 12 12
246 243 12 12
246 241 12 12
246 242 12 12
247 241 12 12
247 246 12 12
247 245 12 12
247 242 12 12
248 247 12 12
248 243 12 12
248 240 12 12
248 241 12 12
249 244 12 12
249 243 12 12
249 246 12 12
249 247 12 12
250 245 12 12
250 241 12 12
250 249 12 12
250 240 12 12
251 244 12 12
251 243 12 12
251 249 12 12
251 250 12 12
252 251 12 12
252 244 12 12
252 241 12 12
252 243 12 12
253 246 12 12
253 241 12 12
253 247 12 12
253 240 12 12
254 246 12 12
254 245 12 12
254 249 12 12
254 248 12 12
255 252 12 12
255 245 12 12
255 247 12 12
255 246 12 12
256 249 12 12
256 243 12 12
256 245 12 12
256 246 12 12
257 248 12 12
257 250 12 12
257 244 12 12
257 253 12 12
258 246 12 12
258 252 12 12
258 253 12 12
258 257 12 12
259 245 12 12
259 254 12 12
259 251 12 12
259 243 12 12
240 251 12 12
240 259 12 12
240 256 12 12
240 252 12 12
241 255 12 12
241 251 12 12
241 257 12 12
241 249 12 12
242 250 12 12
242 258 12 12
242 259 12 12
242 257 12 12
243 254 12 12
243 257 12 12
243 255 12 12
243 253 12 12
264 260 13 13
264 261 13 13
264 263 13 13
264 262 13 13
265 261 13 13
265 263 13 13
265 260 13 13
265 264 13 13
266 263 13 13
266 265 13 13
266 262 13 13
266 260 13 13
267 262 13 13
267 266 13 13
267 264 13 13
267 265 13 13
268 263 13 13
268 265 13 13
268 261 13 13
268 262 13 13
269 266 13 13
269 265 13 13
269 263 13 13
269 268 13 13
270 260 13 13
270 261 13 13
270 268 13 13
270 264 13 13
271 265 13 13
271 263 13 13
271 264 13 13
271 266 13 13
272 263 13 13
272 262 13 13
272 271 13 13
272 266 13 13
273 263 13 13
273 269 13 13
273 268 13 13
273 262 13 13
274 263 13 13
274 269 13 13
274 266 13 13
274 267 13 13
275 266 13 13
275 264 13 13
275 260 13 13
275 263 13 13
276 275 13 13
276 271 13 13
276 274 13 13
276 269 13 13
277 267 13 13
277 270 13 13
277 273 13 13
277 276 13 13
278 270 13 13
278 269 13 13
278 275 13 13
278 263 13 13
279 275 13 13
279 278 13 13
279 277 13 13
279 270 13 13
260 279 13 13
260 276 13 13
260 277 13 13
260 278 13 13
261 272 13 13
261 278 13 13
261 271 13 13
261 275 13 13
262 271 13 13
262 274 13 13
262 276 13 13
262 270 13 13
263 279 13 13
263 276 13 13
263 267 13 13
263 270 13 13
284 283 14 14
284 280 14 14
284 281 14 14
284 282 14 14
285 283 14 14
285 280 14 14
285 281 14 14
285 284 14 14
286 282 14 14
286 285 14 14
286 283 14 14
286 284 14 14
287 281 14 14
287 283 14 14
287 286 14 14
287 282 14 14
288 283 14 14
288 281 14 14
288 286 14 14
288 284 14 14
289 283 14 14
289 285 14 14
289 288 14 14
289 286 14 14
290 282 14 14
290 286 14 14
290 289 14 14
290 283 14 14
291 289 14 14
291 284 14 14
291 281 14 14
291 287 14 14
292 286 14 14
292 290 14 14
292 283 14 14
292 280 14 14
293 283 14 14
293 289 14 14
293 288 14 14
293 290 14 14
294 280 14 14
294 290 14 14
294 284 14 14
294 293 14 14
295 284 14 14
295 292 14 14
295 286 14 14
295 288 14 14
296 290 14 14
296 286 14 14
296 294 14 14
296 284 14 14
297 292 14 14
297 284 14 14
297 290 14 14
297 282 14 14
298 295 14 14
298 289 14 14
298 280 14 14
298 285 14 14
299 288 14 14
299 291 14 14
299 293 14 14
299 280 14 14
280 290 14 14
280 297 14 14
280 289 14 14
280 296 14 14
281 294 14 14
281 293 14 14
281 299 14 14
281 289 14 14
282 288 14 14
282 293 14 14
282 298 14 14
282 295 14 14
283 297 14 14
283 298 14 14
283 294 14 14
283 295 14 14
304 300 15 15
304 302 15 15
304 301 15 15
304 303 15 15
305 303 15 15
305 302 15 15
305 301 15 15
305 300 15 15
306 302 15 15
306 305 15 15
306 303 15 15
306 304 15 15
307 305 15 15
307 303 15 15
307 300 15 15
307 302 15 15
308 301 15 15
308 300 15 15
308 306 15 15
308 304 15 15
309 302 15 15
309 308 15 15
309 307 15 15
309 300 15 15
310 300 15 15
310 306 15 15
310 303 15 15
310 309 15 15
311 300 15 15
311 305 15 15
311 301 15 15
311 310 15 15
312 300 15 15
312 311 15 15
312 308 15 15
312 305 15 15
313 300 15 15
313 301 15 15
313 302 15 15
313 307 15 15
314 311 15 15
314 303 15 15
314 307 15 15
314 313 15 15
315 310 15 15
315 301 15 15
315 304 15 15
315 309 15 15
316 314 15 15
316 315 15 15
316 304 15 15
316 302 15 15
317 304 15 15
317 308 15 15
317 306 15 15
317 302 15 15
318 316 15 15
318 314 15 15
318 315 15 15
318 300 15 15
319 303 15 15
319 307 15 15
319 306 15 15
319 314 15 15
300 315 15 15
300 317 15 15
300 319 15 15
300 314 15 15
301 316 15 15
301 318 15 15
301 309 15 15
301 310 15 15
302 318 15 15
302 314 15 15
302 312 15 15
302 310 15 15
303 316 15 15
303 309 15 15
303 315 15 15
303 318 15 15
92 76 4 3
87 30 4 1
89 7 4 0
91 54 4 2
118 87 5 4
112 51 5 2
103 78 5 3
110 35 5 1
120 7 6 0
129 77 6 3
128 81 6 4
122 47 6 2
155 112 7 5
147 16 7 0
159 29 7 1
159 86 7 4
168 143 8 7
161 113 8 5
164 26 8 1
176 94 8 4
190 157 9 7
185 21 9 1
181 167 9 8
182 55 9 2
211 108 10 5
209 142 10 7
200 2 10 0
200 179 10 8
233 31 11 1
228 44 11 2
233 193 11 9
233 156 11 7
243 2 12 0
245 106 12 5
252 42 12 2
258 72 12 3
265 10 13 0
278 249 13 12
279 233 13 11
269 49 13 2
284 85 14 4
294 111 14 5
295 141 14 7
297 268 14 13
317 280 15 14
307 221 15 11
302 114 15 5
308 150 15 7
6 237 0 11
9 114 0 5
18 280 0 14
11 181 0 9
24 125 1 6
21 275 1 13
39 288 1 14
36 248 1 12
50 140 2 7
43 280 2 14
57 204 2 10
53 176 2 8
71 238 3 11
62 179 3 8
74 272 3 13
71 218 3 10
