swNum = 320
edgeNum = 1344

0 0
1 0
2 0
3 0
4 0
5 0
6 0
7 0
8 0
9 0
10 0
11 0
12 0
13 0
14 0
15 0
16 0
17 0
18 0
19 0
20 1
21 1
22 1
23 1
24 1
25 1
26 1
27 1
28 1
29 1
30 1
31 1
32 1
33 1
34 1
35 1
36 1
37 1
38 1
39 1
40 2
41 2
42 2
43 2
44 2
45 2
46 2
47 2
48 2
49 2
50 2
51 2
52 2
53 2
54 2
55 2
56 2
57 2
58 2
59 2
60 3
61 3
62 3
63 3
64 3
65 3
66 3
67 3
68 3
69 3
70 3
71 3
72 3
73 3
74 3
75 3
76 3
77 3
78 3
79 3
80 4
81 4
82 4
83 4
84 4
85 4
86 4
87 4
88 4
89 4
90 4
91 4
92 4
93 4
94 4
95 4
96 4
97 4
98 4
99 4
100 5
101 5
102 5
103 5
104 5
105 5
106 5
107 5
108 5
109 5
110 5
111 5
112 5
113 5
114 5
115 5
116 5
117 5
118 5
119 5
120 6
121 6
122 6
123 6
124 6
125 6
126 6
127 6
128 6
129 6
130 6
131 6
132 6
133 6
134 6
135 6
136 6
137 6
138 6
139 6
140 7
141 7
142 7
143 7
144 7
145 7
146 7
147 7
148 7
149 7
150 7
151 7
152 7
153 7
154 7
155 7
156 7
157 7
158 7
159 7
160 8
161 8
162 8
163 8
164 8
165 8
166 8
167 8
168 8
169 8
170 8
171 8
172 8
173 8
174 8
175 8
176 8
177 8
178 8
179 8
180 9
181 9
182 9
183 9
184 9
185 9
186 9
187 9
188 9
189 9
190 9
191 9
192 9
193 9
194 9
195 9
196 9
197 9
198 9
199 9
200 10
201 10
202 10
203 10
204 10
205 10
206 10
207 10
208 10
209 10
210 10
211 10
212 10
213 10
214 10
215 10
216 10
217 10
218 10
219 10
220 11
221 11
222 11
223 11
224 11
225 11
226 11
227 11
228 11
229 11
230 11
231 11
232 11
233 11
234 11
235 11
236 11
237 11
238 11
239 11
240 12
241 12
242 12
243 12
244 12
245 12
246 12
247 12
248 12
249 12
250 12
251 12
252 12
253 12
254 12
255 12
256 12
257 12
258 12
259 12
260 13
261 13
262 13
263 13
264 13
265 13
266 13
267 13
268 13
269 13
270 13
271 13
272 13
273 13
274 13
275 13
276 13
277 13
278 13
279 13
280 14
281 14
282 14
283 14
284 14
285 14
286 14
287 14
288 14
289 14
290 14
291 14
292 14
293 14
294 14
295 14
296 14
297 14
298 14
299 14
300 15
301 15
302 15
303 15
304 15
305 15
306 15
307 15
308 15
309 15
310 15
311 15
312 15
313 15
314 15
315 15
316 15
317 15
318 15
319 15

4 1 0 0
4 3 0 0
4 0 0 0
4 2 0 0
5 1 0 0
5 0 0 0
5 3 0 0
5 4 0 0
6 3 0 0
6 5 0 0
6 2 0 0
6 4 0 0
7 3 0 0
7 5 0 0
7 4 0 0
7 2 0 0
8 2 0 0
8 4 0 0
8 5 0 0
8 3 0 0
9 1 0 0
9 0 0 0
9 4 0 0
9 8 0 0
10 4 0 0
10 0 0 0
10 9 0 0
10 3 0 0
11 1 0 0
11 8 0 0
11 5 0 0
11 3 0 0
12 6 0 0
12 5 0 0
12 2 0 0
12 7 0 0
13 2 0 0
13 11 0 0
13 4 0 0
13 12 0 0
14 9 0 0
14 1 0 0
14 10 0 0
14 12 0 0
15 10 0 0
15 3 0 0
15 9 0 0
15 7 0 0
16 6 0 0
16 7 0 0
16 3 0 0
16 9 0 0
17 4 0 0
17 8 0 0
17 9 0 0
17 2 0 0
18 6 0 0
18 10 0 0
18 2 0 0
18 16 0 0
19 15 0 0
19 0 0 0
19 9 0 0
19 13 0 0
0 11 0 0
0 13 0 0
0 8 0 0
0 15 0 0
1 7 0 0
1 13 0 0
1 18 0 0
1 10 0 0
2 9 0 0
2 11 0 0
2 15 0 0
2 19 0 0
3 9 0 0
3 19 0 0
3 17 0 0
3 13 0 0
24 22 1 1
24 23 1 1
24 21 1 1
24 20 1 1
25 20 1 1
25 22 1 1
25 23 1 1
25 21 1 1
26 20 1 1
26 22 1 1
26 24 1 1
26 21 1 1
27 22 1 1
27 24 1 1
27 21 1 1
27 20 1 1
28 26 1 1
28 24 1 1
28 20 1 1
28 25 1 1
29 20 1 1
29 22 1 1
29 25 1 1
29 27 1 1
30 23 1 1
30 27 1 1
30 20 1 1
30 24 1 1
31 24 1 1
31 27 1 1
31 20 1 1
31 30 1 1
32 21 1 1
32 29 1 1
32 24 1 1
32 27 1 1
33 24 1 1
33 20 1 1
33 21 1 1
33 23 1 1
34 25 1 1
34 22 1 1
34 33 1 1
34 21 1 1
35 34 1 1
35 26 1 1
35 29 1 1
35 25 1 1
36 33 1 1
36 28 1 1
36 23 1 1
36 30 1 1
37 36 1 1
37 20 1 1
37 30 1 1
37 25 1 1
38 33 1 1
38 20 1 1
38 24 1 1
38 30 1 1
39 32 1 1
39 37 1 1
39 23 1 1
39 27 1 1
20 32 1 1
20 34 1 1
20 39 1 1
20 35 1 1
21 38 1 1
21 35 1 1
21 29 1 1
21 39 1 1
22 32 1 1
22 33 1 1
22 31 1 1
22 39 1 1
23 31 1 1
23 27 1 1
23 37 1 1
23 35 1 1
44 41 2 2
44 40 2 2
44 42 2 2
44 43 2 2
45 44 2 2
45 43 2 2
45 42 2 2
45 40 2 2
46 41 2 2
46 40 2 2
46 42 2 2
46 44 2 2
47 46 2 2
47 41 2 2
47 42 2 2
47 44 2 2
48 41 2 2
48 46 2 2
48 44 2 2
48 43 2 2
49 44 2 2
49 41 2 2
49 40 2 2
49 48 2 2
50 46 2 2
50 49 2 2
50 48 2 2
50 41 2 2
51 43 2 2
51 45 2 2
51 48 2 2
51 49 2 2
52 40 2 2
52 49 2 2
52 48 2 2
52 51 2 2
53 52 2 2
53 46 2 2
53 50 2 2
53 51 2 2
54 47 2 2
54 53 2 2
54 44 2 2
54 42 2 2
55 49 2 2
55 53 2 2
55 40 2 2
55 52 2 2
56 41 2 2
56 46 2 2
56 55 2 2
56 45 2 2
57 47 2 2
57 45 2 2
57 42 2 2
57 55 2 2
58 56 2 2
58 47 2 2
58 45 2 2
58 55 2 2
59 58 2 2
59 55 2 2
59 52 2 2
59 53 2 2
40 53 2 2
40 56 2 2
40 58 2 2
40 48 2 2
41 54 2 2
41 55 2 2
41 57 2 2
41 53 2 2
42 49 2 2
42 51 2 2
42 52 2 2
42 56 2 2
43 58 2 2
43 57 2 2
43 50 2 2
43 53 2 2
64 61 3 3
64 60 3 3
64 62 3 3
64 63 3 3
65 61 3 3
65 60 3 3
65 63 3 3
65 64 3 3
66 64 3 3
66 63 3 3
66 62 3 3
66 65 3 3
67 61 3 3
67 60 3 3
67 65 3 3
67 62 3 3
68 64 3 3
68 61 3 3
68 67 3 3
68 65 3 3
69 66 3 3
69 62 3 3
69 67 3 3
69 65 3 3
70 66 3 3
70 69 3 3
70 64 3 3
70 65 3 3
71 65 3 3
71 66 3 3
71 67 3 3
71 70 3 3
72 65 3 3
72 66 3 3
72 70 3 3
72 64 3 3
73 66 3 3
73 67 3 3
73 65 3 3
73 60 3 3
74 60 3 3
74 71 3 3
74 67 3 3
74 72 3 3
75 61 3 3
75 67 3 3
75 64 3 3
75 69 3 3
76 64 3 3
76 65 3 3
76 71 3 3
76 69 3 3
77 66 3 3
77 70 3 3
77 67 3 3
77 72 3 3
78 70 3 3
78 75 3 3
78 66 3 3
78 68 3 3
79 60 3 3
79 78 3 3
79 66 3 3
79 62 3 3
60 77 3 3
60 71 3 3
60 70 3 3
60 69 3 3
61 66 3 3
61 69 3 3
61 72 3 3
61 77 3 3
62 76 3 3
62 70 3 3
62 78 3 3
62 71 3 3
63 70 3 3
63 78 3 3
63 76 3 3
63 77 3 3
84 80 4 4
84 81 4 4
84 82 4 4
84 83 4 4
85 82 4 4
85 83 4 4
85 81 4 4
85 80 4 4
86 83 4 4
86 80 4 4
86 81 4 4
86 82 4 4
87 85 4 4
87 80 4 4
87 86 4 4
87 82 4 4
88 82 4 4
88 84 4 4
88 80 4 4
88 83 4 4
89 84 4 4
89 88 4 4
89 87 4 4
89 81 4 4
90 85 4 4
90 87 4 4
90 89 4 4
90 80 4 4
91 83 4 4
91 90 4 4
91 81 4 4
91 82 4 4
92 91 4 4
92 90 4 4
92 84 4 4
92 85 4 4
93 90 4 4
93 81 4 4
93 82 4 4
93 91 4 4
94 87 4 4
94 91 4 4
94 88 4 4
94 89 4 4
95 91 4 4
95 89 4 4
95 82 4 4
95 87 4 4
96 91 4 4
96 86 4 4
96 90 4 4
96 82 4 4
97 90 4 4
97 94 4 4
97 95 4 4
97 80 4 4
98 88 4 4
98 86 4 4
98 80 4 4
98 94 4 4
99 84 4 4
99 82 4 4
99 81 4 4
99 96 4 4
80 93 4 4
80 94 4 4
80 95 4 4
80 99 4 4
81 95 4 4
81 96 4 4
81 98 4 4
81 88 4 4
82 94 4 4
82 89 4 4
82 92 4 4
82 90 4 4
83 87 4 4
83 94 4 4
83 97 4 4
83 89 4 4
104 101 5 5
104 102 5 5
104 100 5 5
104 103 5 5
105 102 5 5
105 101 5 5
105 100 5 5
105 104 5 5
106 104 5 5
106 102 5 5
106 105 5 5
106 100 5 5
107 104 5 5
107 102 5 5
107 103 5 5
107 101 5 5
108 107 5 5
108 100 5 5
108 105 5 5
108 102 5 5
109 105 5 5
109 108 5 5
109 102 5 5
109 100 5 5
110 100 5 5
110 109 5 5
110 105 5 5
110 102 5 5
111 100 5 5
111 109 5 5
111 105 5 5
111 103 5 5
112 102 5 5
112 100 5 5
112 109 5 5
112 103 5 5
113 100 5 5
113 109 5 5
113 110 5 5
113 108 5 5
114 107 5 5
114 106 5 5
114 105 5 5
114 102 5 5
115 102 5 5
115 104 5 5
115 108 5 5
115 111 5 5
116 105 5 5
116 107 5 5
116 115 5 5
116 114 5 5
117 105 5 5
117 103 5 5
117 108 5 5
117 109 5 5
118 105 5 5
118 102 5 5
118 106 5 5
118 101 5 5
119 117 5 5
119 105 5 5
119 118 5 5
119 110 5 5
100 119 5 5
100 118 5 5
100 117 5 5
100 114 5 5
101 117 5 5
101 119 5 5
101 114 5 5
101 113 5 5
102 113 5 5
102 117 5 5
102 119 5 5
102 111 5 5
103 106 5 5
103 116 5 5
103 110 5 5
103 114 5 5
124 123 6 6
124 122 6 6
124 121 6 6
124 120 6 6
125 123 6 6
125 120 6 6
125 121 6 6
125 124 6 6
126 125 6 6
126 124 6 6
126 120 6 6
126 122 6 6
127 125 6 6
127 120 6 6
127 126 6 6
127 124 6 6
128 122 6 6
128 126 6 6
128 127 6 6
128 125 6 6
129 127 6 6
129 121 6 6
129 123 6 6
129 126 6 6
130 121 6 6
130 124 6 6
130 125 6 6
130 123 6 6
131 129 6 6
131 127 6 6
131 121 6 6
131 126 6 6
132 128 6 6
132 131 6 6
132 122 6 6
132 123 6 6
133 122 6 6
133 128 6 6
133 131 6 6
133 121 6 6
134 130 6 6
134 127 6 6
134 121 6 6
134 125 6 6
135 129 6 6
135 127 6 6
135 125 6 6
135 123 6 6
136 133 6 6
136 130 6 6
136 128 6 6
136 123 6 6
137 129 6 6
137 127 6 6
137 132 6 6
137 131 6 6
138 132 6 6
138 131 6 6
138 135 6 6
138 134 6 6
139 133 6 6
139 132 6 6
139 127 6 6
139 123 6 6
120 134 6 6
120 130 6 6
120 135 6 6
120 132 6 6
121 135 6 6
121 126 6 6
121 136 6 6
121 138 6 6
122 138 6 6
122 127 6 6
122 129 6 6
122 134 6 6
123 127 6 6
123 138 6 6
123 128 6 6
123 134 6 6
144 143 7 7
144 141 7 7
144 142 7 7
144 140 7 7
145 140 7 7
145 142 7 7
145 143 7 7
145 141 7 7
146 142 7 7
146 143 7 7
146 145 7 7
146 141 7 7
147 144 7 7
147 141 7 7
147 142 7 7
147 143 7 7
148 143 7 7
148 147 7 7
148 145 7 7
148 144 7 7
149 147 7 7
149 142 7 7
149 144 7 7
149 141 7 7
150 145 7 7
150 148 7 7
150 141 7 7
150 140 7 7
151 144 7 7
151 149 7 7
151 148 7 7
151 146 7 7
152 147 7 7
152 142 7 7
152 148 7 7
152 145 7 7
153 150 7 7
153 140 7 7
153 143 7 7
153 141 7 7
154 141 7 7
154 142 7 7
154 145 7 7
154 151 7 7
155 149 7 7
155 144 7 7
155 142 7 7
155 141 7 7
156 154 7 7
156 143 7 7
156 145 7 7
156 151 7 7
157 152 7 7
157 141 7 7
157 146 7 7
157 150 7 7
158 144 7 7
158 149 7 7
158 146 7 7
158 156 7 7
159 150 7 7
159 151 7 7
159 156 7 7
159 158 7 7
140 155 7 7
140 159 7 7
140 152 7 7
140 158 7 7
141 156 7 7
141 152 7 7
141 151 7 7
141 158 7 7
142 158 7 7
142 151 7 7
142 157 7 7
142 150 7 7
143 155 7 7
143 158 7 7
143 152 7 7
143 157 7 7
164 160 8 8
164 161 8 8
164 163 8 8
164 162 8 8
165 160 8 8
165 162 8 8
165 161 8 8
165 164 8 8
166 165 8 8
166 163 8 8
166 161 8 8
166 164 8 8
167 160 8 8
167 165 8 8
167 164 8 8
167 162 8 8
168 160 8 8
168 162 8 8
168 165 8 8
168 161 8 8
169 166 8 8
169 161 8 8
169 160 8 8
169 165 8 8
170 168 8 8
170 166 8 8
170 161 8 8
170 165 8 8
171 165 8 8
171 160 8 8
171 168 8 8
171 167 8 8
172 167 8 8
172 170 8 8
172 161 8 8
172 169 8 8
173 161 8 8
173 168 8 8
173 160 8 8
173 172 8 8
174 166 8 8
174 164 8 8
174 169 8 8
174 160 8 8
175 167 8 8
175 174 8 8
175 162 8 8
175 160 8 8
176 165 8 8
176 161 8 8
176 174 8 8
176 160 8 8
177 166 8 8
177 176 8 8
177 164 8 8
177 170 8 8
178 167 8 8
178 170 8 8
178 176 8 8
178 162 8 8
179 170 8 8
179 171 8 8
179 173 8 8
179 169 8 8
160 166 8 8
160 170 8 8
160 172 8 8
160 177 8 8
161 167 8 8
161 177 8 8
161 179 8 8
161 171 8 8
162 166 8 8
162 176 8 8
162 177 8 8
162 172 8 8
163 174 8 8
163 176 8 8
163 179 8 8
163 167 8 8
184 180 9 9
184 181 9 9
184 182 9 9
184 183 9 9
185 184 9 9
185 180 9 9
185 182 9 9
185 181 9 9
186 181 9 9
186 185 9 9
186 182 9 9
186 184 9 9
187 184 9 9
187 181 9 9
187 182 9 9
187 186 9 9
188 185 9 9
188 181 9 9
188 186 9 9
188 180 9 9
189 183 9 9
189 185 9 9
189 182 9 9
189 187 9 9
190 184 9 9
190 185 9 9
190 187 9 9
190 182 9 9
191 181 9 9
191 185 9 9
191 184 9 9
191 187 9 9
192 186 9 9
192 187 9 9
192 191 9 9
192 180 9 9
193 189 9 9
193 187 9 9
193 182 9 9
193 185 9 9
194 184 9 9
194 188 9 9
194 185 9 9
194 186 9 9
195 194 9 9
195 181 9 9
195 187 9 9
195 182 9 9
196 185 9 9
196 181 9 9
196 194 9 9
196 182 9 9
197 187 9 9
197 195 9 9
197 192 9 9
197 184 9 9
198 188 9 9
198 180 9 9
198 182 9 9
198 191 9 9
199 192 9 9
199 196 9 9
199 184 9 9
199 181 9 9
180 197 9 9
180 187 9 9
180 191 9 9
180 199 9 9
181 197 9 9
181 192 9 9
181 194 9 9
181 189 9 9
182 194 9 9
182 197 9 9
182 199 9 9
182 188 9 9
183 193 9 9
183 188 9 9
183 196 9 9
183 195 9 9
204 202 10 10
204 200 10 10
204 203 10 10
204 201 10 10
205 203 10 10
205 202 10 10
205 204 10 10
205 200 10 10
206 204 10 10
206 200 10 10
206 203 10 10
206 205 10 10
207 201 10 10
207 200 10 10
207 202 10 10
207 205 10 10
208 201 10 10
208 200 10 10
208 206 10 10
208 207 10 10
209 201 10 10
209 208 10 10
209 207 10 10
209 205 10 10
210 202 10 10
210 208 10 10
210 209 10 10
210 204 10 10
211 201 10 10
211 204 10 10
211 207 10 10
211 205 10 10
212 208 10 10
212 202 10 10
212 204 10 10
212 207 10 10
213 208 10 10
213 200 10 10
213 201 10 10
213 209 10 10
214 204 10 10
214 212 10 10
214 211 10 10
214 202 10 10
215 205 10 10
215 203 10 10
215 207 10 10
215 211 10 10
216 212 10 10
216 213 10 10
216 208 10 10
216 207 10 10
217 213 10 10
217 201 10 10
217 207 10 10
217 216 10 10
218 212 10 10
218 208 10 10
218 202 10 10
218 203 10 10
219 206 10 10
219 210 10 10
219 208 10 10
219 212 10 10
200 214 10 10
200 216 10 10
200 218 10 10
200 217 10 10
201 210 10 10
201 216 10 10
201 215 10 10
201 212 10 10
202 208 10 10
202 215 10 10
202 206 10 10
202 209 10 10
203 211 10 10
203 208 10 10
203 216 10 10
203 207 10 10
224 222 11 11
224 221 11 11
224 223 11 11
224 220 11 11
225 222 11 11
225 223 11 11
225 221 11 11
225 220 11 11
226 221 11 11
226 223 11 11
226 222 11 11
226 224 11 11
227 226 11 11
227 222 11 11
227 225 11 11
227 223 11 11
228 225 11 11
228 223 11 11
228 227 11 11
228 220 11 11
229 225 11 11
229 223 11 11
229 226 11 11
229 221 11 11
230 221 11 11
230 226 11 11
230 222 11 11
230 224 11 11
231 221 11 11
231 224 11 11
231 229 11 11
231 226 11 11
232 226 11 11
232 223 11 11
232 230 11 11
232 227 11 11
233 225 11 11
233 228 11 11
233 230 11 11
233 220 11 11
234 226 11 11
234 230 11 11
234 221 11 11
234 232 11 11
235 225 11 11
235 233 11 11
235 222 11 11
235 221 11 11
236 228 11 11
236 225 11 11
236 224 11 11
236 235 11 11
237 236 11 11
237 231 11 11
237 233 11 11
237 222 11 11
238 234 11 11
238 230 11 11
238 225 11 11
238 221 11 11
239 229 11 11
239 232 11 11
239 227 11 11
239 238 11 11
220 237 11 11
220 231 11 11
220 235 11 11
220 236 11 11
221 236 11 11
221 232 11 11
221 239 11 11
221 233 11 11
222 238 11 11
222 233 11 11
222 232 11 11
222 231 11 11
223 235 11 11
223 237 11 11
223 236 11 11
223 239 11 11
244 240 12 12
244 242 12 12
244 241 12 12
244 243 12 12
245 240 12 12
245 244 12 12
245 243 12 12
245 242 12 12
246 244 12 12
246 245 12 12
246 242 12 12
246 241 12 12
247 245 12 12
247 241 12 12
247 244 12 12
247 240 12 12
248 240 12 12
248 247 12 12
248 242 12 12
248 241 12 12
249 241 12 12
249 243 12 12
249 247 12 12
249 242 12 12
250 244 12 12
250 241 12 12
250 243 12 12
250 240 12 12
251 244 12 12
251 241 12 12
251 242 12 12
251 240 12 12
252 241 12 12
252 249 12 12
252 248 12 12
252 244 12 12
253 244 12 12
253 247 12 12
253 240 12 12
253 252 12 12
254 250 12 12
254 244 12 12
254 249 12 12
254 253 12 12
255 243 12 12
255 247 12 12
255 254 12 12
255 241 12 12
256 249 12 12
256 241 12 12
256 255 12 12
256 245 12 12
257 242 12 12
257 240 12 12
257 253 12 12
257 243 12 12
258 244 12 12
258 255 12 12
258 245 12 12
258 247 12 12
259 243 12 12
259 254 12 12
259 253 12 12
259 250 12 12
240 256 12 12
240 252 12 12
240 258 12 12
240 246 12 12
241 253 12 12
241 245 12 12
241 259 12 12
241 258 12 12
242 258 12 12
242 252 12 12
242 256 12 12
242 253 12 12
243 247 12 12
243 252 12 12
243 251 12 12
243 258 12 12
264 263 13 13
264 261 13 13
264 262 13 13
264 260 13 13
265 263 13 13
265 261 13 13
265 262 13 13
265 260 13 13
266 265 13 13
266 262 13 13
266 263 13 13
266 260 13 13
267 261 13 13
267 266 13 13
267 265 13 13
267 262 13 13
268 260 13 13
268 264 13 13
268 261 13 13
268 263 13 13
269 262 13 13
269 264 13 13
269 263 13 13
269 260 13 13
270 261 13 13
270 264 13 13
270 269 13 13
270 265 13 13
271 264 13 13
271 267 13 13
271 266 13 13
271 269 13 13
272 264 13 13
272 261 13 13
272 268 13 13
272 269 13 13
273 266 13 13
273 262 13 13
273 269 13 13
273 264 13 13
274 264 13 13
274 272 13 13
274 268 13 13
274 270 13 13
275 266 13 13
275 265 13 13
275 262 13 13
275 260 13 13
276 262 13 13
276 272 13 13
276 274 13 13
276 261 13 13
277 263 13 13
277 260 13 13
277 262 13 13
277 261 13 13
278 263 13 13
278 272 13 13
278 276 13 13
278 260 13 13
279 272 13 13
279 276 13 13
279 270 13 13
279 261 13 13
260 276 13 13
260 274 13 13
260 279 13 13
260 272 13 13
261 278 13 13
261 269 13 13
261 273 13 13
261 274 13 13
262 271 13 13
262 270 13 13
262 272 13 13
262 279 13 13
263 275 13 13
263 276 13 13
263 273 13 13
263 271 13 13
284 280 14 14
284 282 14 14
284 281 14 14
284 283 14 14
285 282 14 14
285 281 14 14
285 284 14 14
285 280 14 14
286 282 14 14
286 284 14 14
286 283 14 14
286 285 14 14
287 281 14 14
287 284 14 14
287 283 14 14
287 280 14 14
288 280 14 14
288 285 14 14
288 281 14 14
288 287 14 14
289 284 14 14
289 286 14 14
289 282 14 14
289 285 14 14
290 285 14 14
290 281 14 14
290 287 14 14
290 286 14 14
291 287 14 14
291 285 14 14
291 281 14 14
291 289 14 14
292 281 14 14
292 280 14 14
292 291 14 14
292 288 14 14
293 283 14 14
293 285 14 14
293 280 14 14
293 282 14 14
294 290 14 14
294 288 14 14
294 285 14 14
294 281 14 14
295 280 14 14
295 293 14 14
295 283 14 14
295 292 14 14
296 288 14 14
296 281 14 14
296 294 14 14
296 291 14 14
297 293 14 14
297 282 14 14
297 280 14 14
297 289 14 14
298 290 14 14
298 286 14 14
298 294 14 14
298 283 14 14
299 298 14 14
299 293 14 14
299 292 14 14
299 297 14 14
280 291 14 14
280 299 14 14
280 290 14 14
280 294 14 14
281 289 14 14
281 297 14 14
281 299 14 14
281 295 14 14
282 299 14 14
282 290 14 14
282 292 14 14
282 295 14 14
283 285 14 14
283 297 14 14
283 294 14 14
283 292 14 14
304 300 15 15
304 303 15 15
304 301 15 15
304 302 15 15
305 304 15 15
305 302 15 15
305 303 15 15
305 300 15 15
306 302 15 15
306 300 15 15
306 301 15 15
306 303 15 15
307 301 15 15
307 300 15 15
307 305 15 15
307 302 15 15
308 305 15 15
308 307 15 15
308 302 15 15
308 304 15 15
309 300 15 15
309 307 15 15
309 305 15 15
309 302 15 15
310 301 15 15
310 302 15 15
310 300 15 15
310 309 15 15
311 310 15 15
311 304 15 15
311 302 15 15
311 307 15 15
312 310 15 15
312 306 15 15
312 309 15 15
312 307 15 15
313 309 15 15
313 307 15 15
313 300 15 15
313 301 15 15
314 302 15 15
314 310 15 15
314 304 15 15
314 312 15 15
315 312 15 15
315 303 15 15
315 304 15 15
315 302 15 15
316 310 15 15
316 300 15 15
316 313 15 15
316 315 15 15
317 310 15 15
317 313 15 15
317 307 15 15
317 309 15 15
318 307 15 15
318 313 15 15
318 305 15 15
318 300 15 15
319 309 15 15
319 306 15 15
319 302 15 15
319 301 15 15
300 315 15 15
300 314 15 15
300 317 15 15
300 312 15 15
301 316 15 15
301 309 15 15
301 314 15 15
301 318 15 15
302 312 15 15
302 317 15 15
302 313 15 15
302 316 15 15
303 314 15 15
303 318 15 15
303 317 15 15
303 307 15 15
89 13 4 0
97 37 4 1
99 65 4 3
80 45 4 2
103 24 5 1
104 92 5 4
108 2 5 0
108 69 5 3
134 16 6 0
122 97 6 4
132 31 6 1
136 117 6 5
146 69 7 3
158 86 7 4
147 20 7 1
156 55 7 2
172 29 8 1
165 141 8 7
172 5 8 0
167 97 8 4
194 117 9 5
191 95 9 4
194 173 9 8
194 60 9 3
207 72 10 3
215 32 10 1
200 100 10 5
218 55 10 2
228 122 11 6
235 112 11 5
236 38 11 1
236 195 11 9
248 47 12 2
254 115 12 5
243 21 12 1
246 141 12 7
265 101 13 5
270 171 13 8
270 237 13 11
276 190 13 9
292 263 14 13
297 46 14 2
281 156 14 7
283 173 14 8
310 284 15 14
303 16 15 0
315 222 15 11
311 166 15 8
2 218 0 10
17 231 0 11
0 283 0 14
19 185 0 9
33 188 1 9
27 300 1 15
23 272 1 13
23 295 1 14
56 177 2 8
58 315 2 15
41 235 2 11
57 186 2 9
70 309 3 15
70 128 3 6
76 177 3 8
74 289 3 14
