swNum = 320
edgeNum = 1344

0 0
1 0
2 0
3 0
4 0
5 0
6 0
7 0
8 0
9 0
10 0
11 0
12 0
13 0
14 0
15 0
16 0
17 0
18 0
19 0
20 1
21 1
22 1
23 1
24 1
25 1
26 1
27 1
28 1
29 1
30 1
31 1
32 1
33 1
34 1
35 1
36 1
37 1
38 1
39 1
40 2
41 2
42 2
43 2
44 2
45 2
46 2
47 2
48 2
49 2
50 2
51 2
52 2
53 2
54 2
55 2
56 2
57 2
58 2
59 2
60 3
61 3
62 3
63 3
64 3
65 3
66 3
67 3
68 3
69 3
70 3
71 3
72 3
73 3
74 3
75 3
76 3
77 3
78 3
79 3
80 4
81 4
82 4
83 4
84 4
85 4
86 4
87 4
88 4
89 4
90 4
91 4
92 4
93 4
94 4
95 4
96 4
97 4
98 4
99 4
100 5
101 5
102 5
103 5
104 5
105 5
106 5
107 5
108 5
109 5
110 5
111 5
112 5
113 5
114 5
115 5
116 5
117 5
118 5
119 5
120 6
121 6
122 6
123 6
124 6
125 6
126 6
127 6
128 6
129 6
130 6
131 6
132 6
133 6
134 6
135 6
136 6
137 6
138 6
139 6
140 7
141 7
142 7
143 7
144 7
145 7
146 7
147 7
148 7
149 7
150 7
151 7
152 7
153 7
154 7
155 7
156 7
157 7
158 7
159 7
160 8
161 8
162 8
163 8
164 8
165 8
166 8
167 8
168 8
169 8
170 8
171 8
172 8
173 8
174 8
175 8
176 8
177 8
178 8
179 8
180 9
181 9
182 9
183 9
184 9
185 9
186 9
187 9
188 9
189 9
190 9
191 9
192 9
193 9
194 9
195 9
196 9
197 9
198 9
199 9
200 10
201 10
202 10
203 10
204 10
205 10
206 10
207 10
208 10
209 10
210 10
211 10
212 10
213 10
214 10
215 10
216 10
217 10
218 10
219 10
220 11
221 11
222 11
223 11
224 11
225 11
226 11
227 11
228 11
229 11
230 11
231 11
232 11
233 11
234 11
235 11
236 11
237 11
238 11
239 11
240 12
241 12
242 12
243 12
244 12
245 12
246 12
247 12
248 12
249 12
250 12
251 12
252 12
253 12
254 12
255 12
256 12
257 12
258 12
259 12
260 13
261 13
262 13
263 13
264 13
265 13
266 13
267 13
268 13
269 13
270 13
271 13
272 13
273 13
274 13
275 13
276 13
277 13
278 13
279 13
280 14
281 14
282 14
283 14
284 14
285 14
286 14
287 14
288 14
289 14
290 14
291 14
292 14
293 14
294 14
295 14
296 14
297 14
298 14
299 14
300 15
301 15
302 15
303 15
304 15
305 15
306 15
307 15
308 15
309 15
310 15
311 15
312 15
313 15
314 15
315 15
316 15
317 15
318 15
319 15

4 1 0 0
4 2 0 0
4 3 0 0
4 0 0 0
5 2 0 0
5 1 0 0
5 0 0 0
5 4 0 0
6 5 0 0
6 2 0 0
6 0 0 0
6 1 0 0
7 4 0 0
7 5 0 0
7 1 0 0
7 3 0 0
8 7 0 0
8 6 0 0
8 0 0 0
8 3 0 0
9 5 0 0
9 7 0 0
9 8 0 0
9 1 0 0
10 8 0 0
10 1 0 0
10 2 0 0
10 7 0 0
11 0 0 0
11 3 0 0
11 10 0 0
11 8 0 0
12 4 0 0
12 7 0 0
12 10 0 0
12 8 0 0
13 2 0 0
13 9 0 0
13 7 0 0
13 11 0 0
14 7 0 0
14 1 0 0
14 8 0 0
14 4 0 0
15 8 0 0
15 6 0 0
15 11 0 0
15 5 0 0
16 12 0 0
16 6 0 0
16 0 0 0
16 9 0 0
17 5 0 0
17 7 0 0
17 8 0 0
17 13 0 0
18 12 0 0
18 2 0 0
18 7 0 0
18 13 0 0
19 17 0 0
19 3 0 0
19 10 0 0
19 5 0 0
0 17 0 0
0 7 0 0
0 9 0 0
0 13 0 0
1 12 0 0
1 11 0 0
1 15 0 0
1 17 0 0
2 16 0 0
2 8 0 0
2 12 0 0
2 9 0 0
3 14 0 0
3 12 0 0
3 10 0 0
3 13 0 0
24 23 1 1
24 20 1 1
24 21 1 1
24 22 1 1
25 24 1 1
25 23 1 1
25 20 1 1
25 21 1 1
26 25 1 1
26 24 1 1
26 23 1 1
26 22 1 1
27 24 1 1
27 26 1 1
27 25 1 1
27 23 1 1
28 27 1 1
28 25 1 1
28 20 1 1
28 26 1 1
29 27 1 1
29 20 1 1
29 24 1 1
29 26 1 1
30 25 1 1
30 28 1 1
30 26 1 1
30 27 1 1
31 24 1 1
31 27 1 1
31 28 1 1
31 20 1 1
32 31 1 1
32 25 1 1
32 26 1 1
32 28 1 1
33 23 1 1
33 21 1 1
33 25 1 1
33 27 1 1
34 29 1 1
34 26 1 1
34 30 1 1
34 25 1 1
35 32 1 1
35 27 1 1
35 23 1 1
35 25 1 1
36 27 1 1
36 29 1 1
36 31 1 1
36 28 1 1
37 28 1 1
37 20 1 1
37 30 1 1
37 35 1 1
38 35 1 1
38 24 1 1
38 27 1 1
38 37 1 1
39 26 1 1
39 27 1 1
39 30 1 1
39 36 1 1
20 33 1 1
20 35 1 1
20 34 1 1
20 39 1 1
21 31 1 1
21 38 1 1
21 39 1 1
21 28 1 1
22 38 1 1
22 34 1 1
22 33 1 1
22 25 1 1
23 29 1 1
23 37 1 1
23 31 1 1
23 32 1 1
44 41 2 2
44 43 2 2
44 42 2 2
44 40 2 2
45 43 2 2
45 44 2 2
45 40 2 2
45 41 2 2
46 44 2 2
46 41 2 2
46 43 2 2
46 40 2 2
47 41 2 2
47 46 2 2
47 43 2 2
47 45 2 2
48 43 2 2
48 42 2 2
48 41 2 2
48 44 2 2
49 41 2 2
49 40 2 2
49 44 2 2
49 47 2 2
50 41 2 2
50 43 2 2
50 49 2 2
50 47 2 2
51 41 2 2
51 47 2 2
51 40 2 2
51 46 2 2
52 47 2 2
52 48 2 2
52 45 2 2
52 42 2 2
53 47 2 2
53 41 2 2
53 45 2 2
53 50 2 2
54 41 2 2
54 45 2 2
54 47 2 2
54 53 2 2
55 47 2 2
55 49 2 2
55 42 2 2
55 46 2 2
56 50 2 2
56 48 2 2
56 46 2 2
56 53 2 2
57 40 2 2
57 47 2 2
57 56 2 2
57 49 2 2
58 44 2 2
58 53 2 2
58 42 2 2
58 57 2 2
59 53 2 2
59 48 2 2
59 49 2 2
59 43 2 2
40 47 2 2
40 54 2 2
40 53 2 2
40 59 2 2
41 52 2 2
41 55 2 2
41 59 2 2
41 56 2 2
42 56 2 2
42 47 2 2
42 53 2 2
42 46 2 2
43 52 2 2
43 53 2 2
43 49 2 2
43 58 2 2
64 63 3 3
64 62 3 3
64 61 3 3
64 60 3 3
65 64 3 3
65 60 3 3
65 61 3 3
65 62 3 3
66 60 3 3
66 64 3 3
66 65 3 3
66 63 3 3
67 60 3 3
67 61 3 3
67 65 3 3
67 64 3 3
68 65 3 3
68 67 3 3
68 60 3 3
68 63 3 3
69 68 3 3
69 67 3 3
69 60 3 3
69 65 3 3
70 64 3 3
70 63 3 3
70 68 3 3
70 65 3 3
71 69 3 3
71 65 3 3
71 60 3 3
71 68 3 3
72 63 3 3
72 66 3 3
72 67 3 3
72 60 3 3
73 71 3 3
73 67 3 3
73 61 3 3
73 65 3 3
74 68 3 3
74 61 3 3
74 63 3 3
74 70 3 3
75 64 3 3
75 67 3 3
75 61 3 3
75 65 3 3
76 67 3 3
76 64 3 3
76 61 3 3
76 68 3 3
77 70 3 3
77 61 3 3
77 62 3 3
77 65 3 3
78 64 3 3
78 75 3 3
78 63 3 3
78 76 3 3
79 75 3 3
79 67 3 3
79 64 3 3
79 71 3 3
60 73 3 3
60 79 3 3
60 78 3 3
60 75 3 3
61 78 3 3
61 68 3 3
61 70 3 3
61 79 3 3
62 70 3 3
62 66 3 3
62 75 3 3
62 68 3 3
63 65 3 3
63 73 3 3
63 69 3 3
63 77 3 3
84 83 4 4
84 80 4 4
84 81 4 4
84 82 4 4
85 83 4 4
85 84 4 4
85 82 4 4
85 80 4 4
86 83 4 4
86 80 4 4
86 85 4 4
86 84 4 4
87 80 4 4
87 86 4 4
87 82 4 4
87 84 4 4
88 81 4 4
88 84 4 4
88 80 4 4
88 83 4 4
89 86 4 4
89 83 4 4
89 85 4 4
89 87 4 4
90 86 4 4
90 85 4 4
90 80 4 4
90 84 4 4
91 89 4 4
91 85 4 4
91 86 4 4
91 80 4 4
92 89 4 4
92 84 4 4
92 81 4 4
92 86 4 4
93 87 4 4
93 86 4 4
93 82 4 4
93 88 4 4
94 84 4 4
94 90 4 4
94 86 4 4
94 82 4 4
95 88 4 4
95 94 4 4
95 83 4 4
95 90 4 4
96 91 4 4
96 89 4 4
96 87 4 4
96 86 4 4
97 85 4 4
97 92 4 4
97 91 4 4
97 96 4 4
98 80 4 4
98 87 4 4
98 83 4 4
98 92 4 4
99 89 4 4
99 82 4 4
99 87 4 4
99 98 4 4
80 93 4 4
80 99 4 4
80 94 4 4
80 92 4 4
81 95 4 4
81 94 4 4
81 90 4 4
81 98 4 4
82 98 4 4
82 91 4 4
82 92 4 4
82 95 4 4
83 94 4 4
83 90 4 4
83 87 4 4
83 99 4 4
104 102 5 5
104 101 5 5
104 103 5 5
104 100 5 5
105 104 5 5
105 102 5 5
105 103 5 5
105 101 5 5
106 103 5 5
106 104 5 5
106 101 5 5
106 100 5 5
107 101 5 5
107 102 5 5
107 105 5 5
107 106 5 5
108 103 5 5
108 102 5 5
108 106 5 5
108 105 5 5
109 105 5 5
109 108 5 5
109 101 5 5
109 103 5 5
110 105 5 5
110 108 5 5
110 103 5 5
110 102 5 5
111 105 5 5
111 104 5 5
111 106 5 5
111 102 5 5
112 108 5 5
112 106 5 5
112 110 5 5
112 101 5 5
113 112 5 5
113 106 5 5
113 103 5 5
113 104 5 5
114 101 5 5
114 106 5 5
114 103 5 5
114 112 5 5
115 102 5 5
115 110 5 5
115 111 5 5
115 106 5 5
116 111 5 5
116 112 5 5
116 104 5 5
116 109 5 5
117 112 5 5
117 109 5 5
117 115 5 5
117 114 5 5
118 111 5 5
118 105 5 5
118 102 5 5
118 107 5 5
119 115 5 5
119 106 5 5
119 102 5 5
119 112 5 5
100 119 5 5
100 109 5 5
100 112 5 5
100 107 5 5
101 119 5 5
101 113 5 5
101 110 5 5
101 108 5 5
102 117 5 5
102 112 5 5
102 116 5 5
102 114 5 5
103 112 5 5
103 115 5 5
103 116 5 5
103 107 5 5
124 120 6 6
124 122 6 6
124 121 6 6
124 123 6 6
125 120 6 6
125 122 6 6
125 123 6 6
125 124 6 6
126 123 6 6
126 120 6 6
126 122 6 6
126 121 6 6
127 122 6 6
127 125 6 6
127 126 6 6
127 123 6 6
128 127 6 6
128 120 6 6
128 122 6 6
128 121 6 6
129 128 6 6
129 121 6 6
129 125 6 6
129 127 6 6
130 122 6 6
130 120 6 6
130 129 6 6
130 124 6 6
131 121 6 6
131 130 6 6
131 129 6 6
131 127 6 6
132 131 6 6
132 121 6 6
132 126 6 6
132 122 6 6
133 127 6 6
133 130 6 6
133 128 6 6
133 123 6 6
134 132 6 6
134 126 6 6
134 123 6 6
134 122 6 6
135 132 6 6
135 131 6 6
135 127 6 6
135 129 6 6
136 128 6 6
136 130 6 6
136 127 6 6
136 131 6 6
137 129 6 6
137 120 6 6
137 132 6 6
137 133 6 6
138 121 6 6
138 137 6 6
138 130 6 6
138 129 6 6
139 134 6 6
139 130 6 6
139 135 6 6
139 126 6 6
120 127 6 6
120 136 6 6
120 138 6 6
120 133 6 6
121 130 6 6
121 135 6 6
121 139 6 6
121 127 6 6
122 133 6 6
122 137 6 6
122 129 6 6
122 136 6 6
123 138 6 6
123 139 6 6
123 136 6 6
123 128 6 6
144 143 7 7
144 142 7 7
144 141 7 7
144 140 7 7
145 144 7 7
145 141 7 7
145 143 7 7
145 142 7 7
146 140 7 7
146 142 7 7
146 143 7 7
146 145 7 7
147 140 7 7
147 146 7 7
147 144 7 7
147 141 7 7
148 144 7 7
148 143 7 7
148 142 7 7
148 145 7 7
149 146 7 7
149 144 7 7
149 147 7 7
149 140 7 7
150 143 7 7
150 140 7 7
150 141 7 7
150 142 7 7
151 150 7 7
151 143 7 7
151 149 7 7
151 147 7 7
152 148 7 7
152 140 7 7
152 144 7 7
152 143 7 7
153 152 7 7
153 151 7 7
153 149 7 7
153 140 7 7
154 148 7 7
154 142 7 7
154 149 7 7
154 140 7 7
155 142 7 7
155 145 7 7
155 148 7 7
155 144 7 7
156 141 7 7
156 147 7 7
156 140 7 7
156 145 7 7
157 153 7 7
157 140 7 7
157 152 7 7
157 149 7 7
158 140 7 7
158 147 7 7
158 143 7 7
158 152 7 7
159 140 7 7
159 147 7 7
159 156 7 7
159 149 7 7
140 155 7 7
140 151 7 7
140 145 7 7
140 148 7 7
141 151 7 7
141 146 7 7
141 152 7 7
141 153 7 7
142 153 7 7
142 151 7 7
142 158 7 7
142 149 7 7
143 154 7 7
143 149 7 7
143 155 7 7
143 156 7 7
164 162 8 8
164 160 8 8
164 163 8 8
164 161 8 8
165 164 8 8
165 160 8 8
165 161 8 8
165 163 8 8
166 160 8 8
166 165 8 8
166 163 8 8
166 162 8 8
167 166 8 8
167 165 8 8
167 160 8 8
167 164 8 8
168 164 8 8
168 165 8 8
168 166 8 8
168 163 8 8
169 162 8 8
169 163 8 8
169 161 8 8
169 168 8 8
170 167 8 8
170 163 8 8
170 160 8 8
170 166 8 8
171 170 8 8
171 160 8 8
171 167 8 8
171 162 8 8
172 164 8 8
172 168 8 8
172 170 8 8
172 169 8 8
173 161 8 8
173 170 8 8
173 160 8 8
173 165 8 8
174 169 8 8
174 170 8 8
174 173 8 8
174 162 8 8
175 168 8 8
175 160 8 8
175 163 8 8
175 169 8 8
176 167 8 8
176 166 8 8
176 173 8 8
176 171 8 8
177 161 8 8
177 174 8 8
177 162 8 8
177 168 8 8
178 173 8 8
178 168 8 8
178 164 8 8
178 175 8 8
179 164 8 8
179 167 8 8
179 170 8 8
179 161 8 8
160 176 8 8
160 178 8 8
160 174 8 8
160 169 8 8
161 174 8 8
161 175 8 8
161 172 8 8
161 166 8 8
162 176 8 8
162 175 8 8
162 167 8 8
162 168 8 8
163 176 8 8
163 179 8 8
163 173 8 8
163 178 8 8
184 183 9 9
184 181 9 9
184 180 9 9
184 182 9 9
185 181 9 9
185 184 9 9
185 182 9 9
185 180 9 9
186 182 9 9
186 184 9 9
186 183 9 9
186 185 9 9
187 180 9 9
187 185 9 9
187 182 9 9
187 184 9 9
188 181 9 9
188 185 9 9
188 187 9 9
188 186 9 9
189 184 9 9
189 183 9 9
189 186 9 9
189 181 9 9
190 184 9 9
190 189 9 9
190 186 9 9
190 183 9 9
191 185 9 9
191 182 9 9
191 188 9 9
191 180 9 9
192 183 9 9
192 188 9 9
192 184 9 9
192 185 9 9
193 186 9 9
193 188 9 9
193 185 9 9
193 187 9 9
194 193 9 9
194 191 9 9
194 185 9 9
194 184 9 9
195 181 9 9
195 194 9 9
195 187 9 9
195 188 9 9
196 180 9 9
196 185 9 9
196 193 9 9
196 191 9 9
197 193 9 9
197 185 9 9
197 188 9 9
197 195 9 9
198 195 9 9
198 181 9 9
198 191 9 9
198 194 9 9
199 188 9 9
199 181 9 9
199 187 9 9
199 180 9 9
180 190 9 9
180 192 9 9
180 186 9 9
180 198 9 9
181 193 9 9
181 191 9 9
181 192 9 9
181 187 9 9
182 196 9 9
182 189 9 9
182 193 9 9
182 194 9 9
183 199 9 9
183 198 9 9
183 187 9 9
183 188 9 9
204 200 10 10
204 203 10 10
204 202 10 10
204 201 10 10
205 204 10 10
205 202 10 10
205 201 10 10
205 200 10 10
206 201 10 10
206 200 10 10
206 204 10 10
206 202 10 10
207 203 10 10
207 202 10 10
207 206 10 10
207 204 10 10
208 200 10 10
208 206 10 10
208 205 10 10
208 204 10 10
209 208 10 10
209 206 10 10
209 202 10 10
209 204 10 10
210 209 10 10
210 205 10 10
210 203 10 10
210 206 10 10
211 202 10 10
211 200 10 10
211 210 10 10
211 207 10 10
212 211 10 10
212 208 10 10
212 202 10 10
212 203 10 10
213 206 10 10
213 202 10 10
213 203 10 10
213 201 10 10
214 206 10 10
214 204 10 10
214 201 10 10
214 207 10 10
215 202 10 10
215 207 10 10
215 210 10 10
215 214 10 10
216 213 10 10
216 209 10 10
216 214 10 10
216 206 10 10
217 201 10 10
217 212 10 10
217 215 10 10
217 205 10 10
218 200 10 10
218 205 10 10
218 207 10 10
218 203 10 10
219 217 10 10
219 211 10 10
219 207 10 10
219 202 10 10
200 217 10 10
200 210 10 10
200 207 10 10
200 215 10 10
201 211 10 10
201 210 10 10
201 212 10 10
201 207 10 10
202 208 10 10
202 216 10 10
202 210 10 10
202 218 10 10
203 208 10 10
203 215 10 10
203 214 10 10
203 219 10 10
224 222 11 11
224 223 11 11
224 220 11 11
224 221 11 11
225 220 11 11
225 224 11 11
225 223 11 11
225 221 11 11
226 224 11 11
226 222 11 11
226 221 11 11
226 223 11 11
227 220 11 11
227 226 11 11
227 222 11 11
227 224 11 11
228 224 11 11
228 220 11 11
228 222 11 11
228 225 11 11
229 225 11 11
229 228 11 11
229 220 11 11
229 226 11 11
230 224 11 11
230 221 11 11
230 229 11 11
230 222 11 11
231 220 11 11
231 228 11 11
231 229 11 11
231 227 11 11
232 229 11 11
232 225 11 11
232 220 11 11
232 227 11 11
233 228 11 11
233 221 11 11
233 227 11 11
233 229 11 11
234 221 11 11
234 233 11 11
234 226 11 11
234 220 11 11
235 233 11 11
235 221 11 11
235 231 11 11
235 223 11 11
236 227 11 11
236 228 11 11
236 220 11 11
236 233 11 11
237 227 11 11
237 229 11 11
237 231 11 11
237 236 11 11
238 223 11 11
238 232 11 11
238 235 11 11
238 231 11 11
239 228 11 11
239 222 11 11
239 221 11 11
239 230 11 11
220 237 11 11
220 235 11 11
220 230 11 11
220 226 11 11
221 232 11 11
221 228 11 11
221 229 11 11
221 238 11 11
222 237 11 11
222 235 11 11
222 231 11 11
222 229 11 11
223 233 11 11
223 237 11 11
223 229 11 11
223 239 11 11
244 243 12 12
244 242 12 12
244 240 12 12
244 241 12 12
245 243 12 12
245 244 12 12
245 240 12 12
245 241 12 12
246 242 12 12
246 245 12 12
246 244 12 12
246 240 12 12
247 244 12 12
247 243 12 12
247 245 12 12
247 240 12 12
248 247 12 12
248 246 12 12
248 240 12 12
248 244 12 12
249 248 12 12
249 244 12 12
249 242 12 12
249 246 12 12
250 245 12 12
250 246 12 12
250 244 12 12
250 247 12 12
251 250 12 12
251 248 12 12
251 247 12 12
251 246 12 12
252 240 12 12
252 250 12 12
252 248 12 12
252 243 12 12
253 252 12 12
253 248 12 12
253 247 12 12
253 251 12 12
254 243 12 12
254 251 12 12
254 250 12 12
254 241 12 12
255 243 12 12
255 246 12 12
255 242 12 12
255 244 12 12
256 248 12 12
256 251 12 12
256 253 12 12
256 245 12 12
257 253 12 12
257 248 12 12
257 249 12 12
257 256 12 12
258 249 12 12
258 248 12 12
258 246 12 12
258 247 12 12
259 258 12 12
259 253 12 12
259 250 12 12
259 248 12 12
240 256 12 12
240 258 12 12
240 250 12 12
240 259 12 12
241 257 12 12
241 252 12 12
241 247 12 12
241 256 12 12
242 256 12 12
242 245 12 12
242 247 12 12
242 254 12 12
243 258 12 12
243 259 12 12
243 256 12 12
243 251 12 12
264 263 13 13
264 262 13 13
264 261 13 13
264 260 13 13
265 264 13 13
265 263 13 13
265 261 13 13
265 262 13 13
266 262 13 13
266 261 13 13
266 265 13 13
266 260 13 13
267 263 13 13
267 264 13 13
267 265 13 13
267 261 13 13
268 266 13 13
268 263 13 13
268 262 13 13
268 267 13 13
269 263 13 13
269 267 13 13
269 265 13 13
269 264 13 13
270 263 13 13
270 265 13 13
270 266 13 13
270 268 13 13
271 267 13 13
271 262 13 13
271 266 13 13
271 265 13 13
272 264 13 13
272 263 13 13
272 267 13 13
272 270 13 13
273 265 13 13
273 264 13 13
273 272 13 13
273 267 13 13
274 264 13 13
274 269 13 13
274 260 13 13
274 272 13 13
275 270 13 13
275 271 13 13
275 273 13 13
275 272 13 13
276 262 13 13
276 260 13 13
276 270 13 13
276 271 13 13
277 268 13 13
277 275 13 13
277 269 13 13
277 263 13 13
278 262 13 13
278 260 13 13
278 263 13 13
278 265 13 13
279 274 13 13
279 273 13 13
279 269 13 13
279 263 13 13
260 271 13 13
260 275 13 13
260 272 13 13
260 267 13 13
261 276 13 13
261 278 13 13
261 279 13 13
261 274 13 13
262 279 13 13
262 273 13 13
262 272 13 13
262 269 13 13
263 266 13 13
263 271 13 13
263 273 13 13
263 275 13 13
284 283 14 14
284 282 14 14
284 280 14 14
284 281 14 14
285 281 14 14
285 280 14 14
285 283 14 14
285 284 14 14
286 283 14 14
286 284 14 14
286 281 14 14
286 282 14 14
287 280 14 14
287 283 14 14
287 281 14 14
287 284 14 14
288 286 14 14
288 281 14 14
288 287 14 14
288 283 14 14
289 288 14 14
289 285 14 14
289 286 14 14
289 280 14 14
290 282 14 14
290 283 14 14
290 289 14 14
290 285 14 14
291 288 14 14
291 286 14 14
291 287 14 14
291 281 14 14
292 289 14 14
292 290 14 14
292 281 14 14
292 280 14 14
293 287 14 14
293 282 14 14
293 285 14 14
293 281 14 14
294 290 14 14
294 285 14 14
294 282 14 14
294 280 14 14
295 280 14 14
295 281 14 14
295 292 14 14
295 288 14 14
296 287 14 14
296 291 14 14
296 292 14 14
296 281 14 14
297 284 14 14
297 282 14 14
297 286 14 14
297 285 14 14
298 286 14 14
298 288 14 14
298 296 14 14
298 292 14 14
299 286 14 14
299 287 14 14
299 281 14 14
299 292 14 14
280 293 14 14
280 286 14 14
280 290 14 14
280 297 14 14
281 294 14 14
281 298 14 14
281 290 14 14
281 297 14 14
282 288 14 14
282 298 14 14
282 289 14 14
282 296 14 14
283 289 14 14
283 299 14 14
283 298 14 14
283 292 14 14
304 301 15 15
304 300 15 15
304 302 15 15
304 303 15 15
305 303 15 15
305 301 15 15
305 302 15 15
305 300 15 15
306 302 15 15
306 304 15 15
306 303 15 15
306 301 15 15
307 303 15 15
307 305 15 15
307 300 15 15
307 304 15 15
308 305 15 15
308 304 15 15
308 301 15 15
308 302 15 15
309 301 15 15
309 305 15 15
309 307 15 15
309 300 15 15
310 306 15 15
310 301 15 15
310 302 15 15
310 304 15 15
311 309 15 15
311 307 15 15
311 310 15 15
311 301 15 15
312 300 15 15
312 307 15 15
312 304 15 15
312 301 15 15
313 311 15 15
313 303 15 15
313 312 15 15
313 307 15 15
314 311 15 15
314 300 15 15
314 301 15 15
314 312 15 15
315 306 15 15
315 309 15 15
315 300 15 15
315 314 15 15
316 307 15 15
316 313 15 15
316 305 15 15
316 303 15 15
317 311 15 15
317 305 15 15
317 307 15 15
317 316 15 15
318 315 15 15
318 308 15 15
318 314 15 15
318 304 15 15
319 310 15 15
319 304 15 15
319 315 15 15
319 316 15 15
300 311 15 15
300 318 15 15
300 319 15 15
300 316 15 15
301 315 15 15
301 319 15 15
301 313 15 15
301 317 15 15
302 318 15 15
302 309 15 15
302 313 15 15
302 312 15 15
303 308 15 15
303 318 15 15
303 317 15 15
303 312 15 15
99 51 4 2
86 69 4 3
96 5 4 0
95 33 4 1
116 58 5 2
117 74 5 3
104 88 5 4
111 10 5 0
139 85 6 4
138 40 6 2
129 12 6 0
137 23 6 1
150 11 7 0
149 82 7 4
147 50 7 2
156 135 7 6
174 30 8 1
166 146 8 7
174 54 8 2
169 103 8 5
191 136 9 6
197 52 9 2
184 82 9 4
186 62 9 3
200 129 10 6
212 140 10 7
215 190 10 9
213 170 10 8
226 83 11 4
222 25 11 1
227 131 11 6
229 4 11 0
249 78 12 3
251 224 12 11
258 109 12 5
255 17 12 0
274 6 13 0
271 251 13 12
271 136 13 6
262 198 13 9
298 100 14 5
298 226 14 11
293 120 14 6
295 267 14 13
307 80 15 4
304 275 15 13
307 107 15 5
317 12 15 0
8 287 0 14
16 192 0 9
11 207 0 10
14 168 0 8
23 142 1 7
21 105 1 5
34 267 1 13
36 182 1 9
57 231 2 11
40 293 2 14
41 300 2 15
43 246 2 12
71 236 3 11
63 261 3 13
76 149 3 7
63 286 3 14
