swNum = 320
edgeNum = 1344

0 0
1 0
2 0
3 0
4 0
5 0
6 0
7 0
8 0
9 0
10 0
11 0
12 0
13 0
14 0
15 0
16 0
17 0
18 0
19 0
20 1
21 1
22 1
23 1
24 1
25 1
26 1
27 1
28 1
29 1
30 1
31 1
32 1
33 1
34 1
35 1
36 1
37 1
38 1
39 1
40 2
41 2
42 2
43 2
44 2
45 2
46 2
47 2
48 2
49 2
50 2
51 2
52 2
53 2
54 2
55 2
56 2
57 2
58 2
59 2
60 3
61 3
62 3
63 3
64 3
65 3
66 3
67 3
68 3
69 3
70 3
71 3
72 3
73 3
74 3
75 3
76 3
77 3
78 3
79 3
80 4
81 4
82 4
83 4
84 4
85 4
86 4
87 4
88 4
89 4
90 4
91 4
92 4
93 4
94 4
95 4
96 4
97 4
98 4
99 4
100 5
101 5
102 5
103 5
104 5
105 5
106 5
107 5
108 5
109 5
110 5
111 5
112 5
113 5
114 5
115 5
116 5
117 5
118 5
119 5
120 6
121 6
122 6
123 6
124 6
125 6
126 6
127 6
128 6
129 6
130 6
131 6
132 6
133 6
134 6
135 6
136 6
137 6
138 6
139 6
140 7
141 7
142 7
143 7
144 7
145 7
146 7
147 7
148 7
149 7
150 7
151 7
152 7
153 7
154 7
155 7
156 7
157 7
158 7
159 7
160 8
161 8
162 8
163 8
164 8
165 8
166 8
167 8
168 8
169 8
170 8
171 8
172 8
173 8
174 8
175 8
176 8
177 8
178 8
179 8
180 9
181 9
182 9
183 9
184 9
185 9
186 9
187 9
188 9
189 9
190 9
191 9
192 9
193 9
194 9
195 9
196 9
197 9
198 9
199 9
200 10
201 10
202 10
203 10
204 10
205 10
206 10
207 10
208 10
209 10
210 10
211 10
212 10
213 10
214 10
215 10
216 10
217 10
218 10
219 10
220 11
221 11
222 11
223 11
224 11
225 11
226 11
227 11
228 11
229 11
230 11
231 11
232 11
233 11
234 11
235 11
236 11
237 11
238 11
239 11
240 12
241 12
242 12
243 12
244 12
245 12
246 12
247 12
248 12
249 12
250 12
251 12
252 12
253 12
254 12
255 12
256 12
257 12
258 12
259 12
260 13
261 13
262 13
263 13
264 13
265 13
266 13
267 13
268 13
269 13
270 13
271 13
272 13
273 13
274 13
275 13
276 13
277 13
278 13
279 13
280 14
281 14
282 14
283 14
284 14
285 14
286 14
287 14
288 14
289 14
290 14
291 14
292 14
293 14
294 14
295 14
296 14
297 14
298 14
299 14
300 15
301 15
302 15
303 15
304 15
305 15
306 15
307 15
308 15
309 15
310 15
311 15
312 15
313 15
314 15
315 15
316 15
317 15
318 15
319 15

4 2 0 0
4 0 0 0
4 1 0 0
4 3 0 0
5 4 0 0
5 0 0 0
5 2 0 0
5 1 0 0
6 1 0 0
6 2 0 0
6 4 0 0
6 0 0 0
7 4 0 0
7 5 0 0
7 6 0 0
7 0 0 0
8 2 0 0
8 1 0 0
8 5 0 0
8 6 0 0
9 6 0 0
9 2 0 0
9 1 0 0
9 8 0 0
10 0 0 0
10 9 0 0
10 8 0 0
10 7 0 0
11 7 0 0
11 0 0 0
11 5 0 0
11 8 0 0
12 4 0 0
12 5 0 0
12 0 0 0
12 11 0 0
13 12 0 0
13 7 0 0
13 4 0 0
13 8 0 0
14 1 0 0
14 9 0 0
14 12 0 0
14 7 0 0
15 12 0 0
15 10 0 0
15 9 0 0
15 7 0 0
16 2 0 0
16 13 0 0
16 14 0 0
16 12 0 0
17 15 0 0
17 7 0 0
17 5 0 0
17 2 0 0
18 6 0 0
18 0 0 0
18 7 0 0
18 10 0 0
19 18 0 0
19 6 0 0
19 0 0 0
19 17 0 0
0 16 0 0
0 14 0 0
0 17 0 0
0 8 0 0
1 15 0 0
1 11 0 0
1 19 0 0
1 13 0 0
2 12 0 0
2 14 0 0
2 10 0 0
2 15 0 0
3 11 0 0
3 15 0 0
3 17 0 0
3 10 0 0
24 22 1 1
24 23 1 1
24 20 1 1
24 21 1 1
25 22 1 1
25 24 1 1
25 20 1 1
25 21 1 1
26 21 1 1
26 22 1 1
26 25 1 1
26 20 1 1
27 26 1 1
27 21 1 1
27 23 1 1
27 22 1 1
28 25 1 1
28 27 1 1
28 26 1 1
28 24 1 1
29 25 1 1
29 21 1 1
29 24 1 1
29 22 1 1
30 26 1 1
30 24 1 1
30 21 1 1
30 27 1 1
31 24 1 1
31 20 1 1
31 25 1 1
31 22 1 1
32 20 1 1
32 23 1 1
32 26 1 1
32 28 1 1
33 20 1 1
33 28 1 1
33 26 1 1
33 22 1 1
34 25 1 1
34 28 1 1
34 22 1 1
34 24 1 1
35 27 1 1
35 22 1 1
35 26 1 1
35 30 1 1
36 27 1 1
36 22 1 1
36 29 1 1
36 23 1 1
37 26 1 1
37 20 1 1
37 33 1 1
37 21 1 1
38 23 1 1
38 30 1 1
38 25 1 1
38 36 1 1
39 21 1 1
39 20 1 1
39 30 1 1
39 35 1 1
20 29 1 1
20 35 1 1
20 27 1 1
20 28 1 1
21 33 1 1
21 28 1 1
21 31 1 1
21 34 1 1
22 30 1 1
22 37 1 1
22 28 1 1
22 32 1 1
23 33 1 1
23 30 1 1
23 29 1 1
23 34 1 1
44 43 2 2
44 41 2 2
44 42 2 2
44 40 2 2
45 42 2 2
45 41 2 2
45 44 2 2
45 40 2 2
46 45 2 2
46 42 2 2
46 44 2 2
46 41 2 2
47 43 2 2
47 44 2 2
47 40 2 2
47 46 2 2
48 45 2 2
48 40 2 2
48 44 2 2
48 42 2 2
49 47 2 2
49 42 2 2
49 40 2 2
49 43 2 2
50 47 2 2
50 42 2 2
50 40 2 2
50 49 2 2
51 49 2 2
51 40 2 2
51 50 2 2
51 47 2 2
52 42 2 2
52 50 2 2
52 49 2 2
52 51 2 2
53 50 2 2
53 52 2 2
53 43 2 2
53 51 2 2
54 52 2 2
54 41 2 2
54 42 2 2
54 46 2 2
55 46 2 2
55 42 2 2
55 52 2 2
55 41 2 2
56 45 2 2
56 48 2 2
56 55 2 2
56 42 2 2
57 49 2 2
57 48 2 2
57 50 2 2
57 43 2 2
58 53 2 2
58 55 2 2
58 54 2 2
58 41 2 2
59 56 2 2
59 52 2 2
59 42 2 2
59 50 2 2
40 53 2 2
40 57 2 2
40 56 2 2
40 52 2 2
41 52 2 2
41 53 2 2
41 51 2 2
41 59 2 2
42 58 2 2
42 57 2 2
42 51 2 2
42 53 2 2
43 50 2 2
43 52 2 2
43 58 2 2
43 51 2 2
64 62 3 3
64 63 3 3
64 60 3 3
64 61 3 3
65 64 3 3
65 62 3 3
65 63 3 3
65 61 3 3
66 64 3 3
66 61 3 3
66 63 3 3
66 65 3 3
67 60 3 3
67 63 3 3
67 61 3 3
67 64 3 3
68 61 3 3
68 64 3 3
68 67 3 3
68 63 3 3
69 67 3 3
69 68 3 3
69 62 3 3
69 66 3 3
70 64 3 3
70 65 3 3
70 61 3 3
70 66 3 3
71 69 3 3
71 61 3 3
71 67 3 3
71 64 3 3
72 61 3 3
72 65 3 3
72 64 3 3
72 62 3 3
73 68 3 3
73 71 3 3
73 72 3 3
73 69 3 3
74 68 3 3
74 64 3 3
74 62 3 3
74 63 3 3
75 68 3 3
75 70 3 3
75 71 3 3
75 63 3 3
76 71 3 3
76 69 3 3
76 70 3 3
76 73 3 3
77 76 3 3
77 69 3 3
77 68 3 3
77 74 3 3
78 76 3 3
78 70 3 3
78 62 3 3
78 68 3 3
79 68 3 3
79 63 3 3
79 74 3 3
79 75 3 3
60 70 3 3
60 66 3 3
60 79 3 3
60 77 3 3
61 74 3 3
61 73 3 3
61 76 3 3
61 77 3 3
62 70 3 3
62 73 3 3
62 67 3 3
62 68 3 3
63 76 3 3
63 70 3 3
63 71 3 3
63 73 3 3
84 82 4 4
84 83 4 4
84 80 4 4
84 81 4 4
85 83 4 4
85 84 4 4
85 80 4 4
85 82 4 4
86 85 4 4
86 84 4 4
86 82 4 4
86 80 4 4
87 83 4 4
87 82 4 4
87 84 4 4
87 85 4 4
88 85 4 4
88 80 4 4
88 83 4 4
88 84 4 4
89 87 4 4
89 82 4 4
89 83 4 4
89 86 4 4
90 89 4 4
90 82 4 4
90 84 4 4
90 80 4 4
91 89 4 4
91 81 4 4
91 88 4 4
91 90 4 4
92 87 4 4
92 83 4 4
92 86 4 4
92 90 4 4
93 84 4 4
93 83 4 4
93 87 4 4
93 86 4 4
94 87 4 4
94 84 4 4
94 86 4 4
94 83 4 4
95 87 4 4
95 94 4 4
95 84 4 4
95 92 4 4
96 85 4 4
96 95 4 4
96 89 4 4
96 84 4 4
97 81 4 4
97 91 4 4
97 86 4 4
97 88 4 4
98 94 4 4
98 82 4 4
98 92 4 4
98 91 4 4
99 89 4 4
99 96 4 4
99 90 4 4
99 92 4 4
80 93 4 4
80 95 4 4
80 97 4 4
80 87 4 4
81 95 4 4
81 89 4 4
81 88 4 4
81 99 4 4
82 95 4 4
82 99 4 4
82 97 4 4
82 96 4 4
83 86 4 4
83 91 4 4
83 98 4 4
83 97 4 4
104 101 5 5
104 102 5 5
104 100 5 5
104 103 5 5
105 103 5 5
105 101 5 5
105 100 5 5
105 104 5 5
106 104 5 5
106 101 5 5
106 103 5 5
106 105 5 5
107 104 5 5
107 103 5 5
107 100 5 5
107 106 5 5
108 106 5 5
108 107 5 5
108 104 5 5
108 103 5 5
109 103 5 5
109 104 5 5
109 105 5 5
109 100 5 5
110 109 5 5
110 100 5 5
110 105 5 5
110 102 5 5
111 108 5 5
111 106 5 5
111 100 5 5
111 103 5 5
112 110 5 5
112 109 5 5
112 104 5 5
112 102 5 5
113 101 5 5
113 112 5 5
113 107 5 5
113 110 5 5
114 105 5 5
114 103 5 5
114 106 5 5
114 110 5 5
115 112 5 5
115 100 5 5
115 104 5 5
115 101 5 5
116 101 5 5
116 103 5 5
116 106 5 5
116 107 5 5
117 110 5 5
117 111 5 5
117 115 5 5
117 104 5 5
118 115 5 5
118 113 5 5
118 110 5 5
118 102 5 5
119 116 5 5
119 100 5 5
119 110 5 5
119 112 5 5
100 112 5 5
100 113 5 5
100 118 5 5
100 117 5 5
101 112 5 5
101 108 5 5
101 109 5 5
101 107 5 5
102 119 5 5
102 111 5 5
102 117 5 5
102 105 5 5
103 119 5 5
103 117 5 5
103 115 5 5
103 118 5 5
124 121 6 6
124 122 6 6
124 120 6 6
124 123 6 6
125 120 6 6
125 124 6 6
125 121 6 6
125 122 6 6
126 124 6 6
126 121 6 6
126 123 6 6
126 125 6 6
127 120 6 6
127 123 6 6
127 125 6 6
127 126 6 6
128 122 6 6
128 121 6 6
128 126 6 6
128 123 6 6
129 128 6 6
129 125 6 6
129 121 6 6
129 126 6 6
130 125 6 6
130 128 6 6
130 123 6 6
130 122 6 6
131 126 6 6
131 127 6 6
131 121 6 6
131 129 6 6
132 123 6 6
132 122 6 6
132 130 6 6
132 120 6 6
133 131 6 6
133 121 6 6
133 124 6 6
133 120 6 6
134 132 6 6
134 127 6 6
134 121 6 6
134 123 6 6
135 121 6 6
135 131 6 6
135 120 6 6
135 124 6 6
136 122 6 6
136 134 6 6
136 135 6 6
136 120 6 6
137 123 6 6
137 130 6 6
137 128 6 6
137 133 6 6
138 135 6 6
138 127 6 6
138 131 6 6
138 121 6 6
139 128 6 6
139 133 6 6
139 122 6 6
139 121 6 6
120 130 6 6
120 131 6 6
120 137 6 6
120 126 6 6
121 127 6 6
121 130 6 6
121 137 6 6
121 132 6 6
122 134 6 6
122 131 6 6
122 138 6 6
122 135 6 6
123 136 6 6
123 125 6 6
123 135 6 6
123 133 6 6
144 140 7 7
144 142 7 7
144 141 7 7
144 143 7 7
145 143 7 7
145 140 7 7
145 141 7 7
145 144 7 7
146 144 7 7
146 143 7 7
146 141 7 7
146 142 7 7
147 141 7 7
147 142 7 7
147 143 7 7
147 144 7 7
148 147 7 7
148 141 7 7
148 146 7 7
148 145 7 7
149 143 7 7
149 147 7 7
149 148 7 7
149 141 7 7
150 146 7 7
150 149 7 7
150 148 7 7
150 147 7 7
151 149 7 7
151 148 7 7
151 147 7 7
151 143 7 7
152 148 7 7
152 151 7 7
152 150 7 7
152 149 7 7
153 145 7 7
153 147 7 7
153 151 7 7
153 146 7 7
154 149 7 7
154 148 7 7
154 150 7 7
154 140 7 7
155 154 7 7
155 141 7 7
155 140 7 7
155 144 7 7
156 154 7 7
156 155 7 7
156 142 7 7
156 143 7 7
157 144 7 7
157 150 7 7
157 143 7 7
157 153 7 7
158 145 7 7
158 142 7 7
158 156 7 7
158 150 7 7
159 147 7 7
159 148 7 7
159 142 7 7
159 143 7 7
140 157 7 7
140 146 7 7
140 148 7 7
140 153 7 7
141 158 7 7
141 157 7 7
141 156 7 7
141 159 7 7
142 155 7 7
142 154 7 7
142 157 7 7
142 150 7 7
143 158 7 7
143 148 7 7
143 152 7 7
143 154 7 7
164 162 8 8
164 160 8 8
164 161 8 8
164 163 8 8
165 161 8 8
165 162 8 8
165 160 8 8
165 163 8 8
166 164 8 8
166 162 8 8
166 165 8 8
166 160 8 8
167 165 8 8
167 163 8 8
167 166 8 8
167 162 8 8
168 164 8 8
168 166 8 8
168 163 8 8
168 162 8 8
169 164 8 8
169 167 8 8
169 165 8 8
169 162 8 8
170 162 8 8
170 161 8 8
170 160 8 8
170 165 8 8
171 166 8 8
171 170 8 8
171 169 8 8
171 167 8 8
172 171 8 8
172 166 8 8
172 167 8 8
172 169 8 8
173 170 8 8
173 167 8 8
173 168 8 8
173 172 8 8
174 162 8 8
174 170 8 8
174 164 8 8
174 172 8 8
175 161 8 8
175 160 8 8
175 166 8 8
175 171 8 8
176 168 8 8
176 164 8 8
176 175 8 8
176 169 8 8
177 162 8 8
177 175 8 8
177 176 8 8
177 166 8 8
178 167 8 8
178 176 8 8
178 166 8 8
178 168 8 8
179 175 8 8
179 174 8 8
179 169 8 8
179 167 8 8
160 167 8 8
160 173 8 8
160 176 8 8
160 172 8 8
161 166 8 8
161 177 8 8
161 176 8 8
161 168 8 8
162 171 8 8
162 178 8 8
162 173 8 8
162 179 8 8
163 172 8 8
163 179 8 8
163 174 8 8
163 171 8 8
184 183 9 9
184 181 9 9
184 182 9 9
184 180 9 9
185 183 9 9
185 180 9 9
185 184 9 9
185 182 9 9
186 182 9 9
186 180 9 9
186 183 9 9
186 184 9 9
187 186 9 9
187 185 9 9
187 182 9 9
187 180 9 9
188 183 9 9
188 182 9 9
188 181 9 9
188 180 9 9
189 180 9 9
189 186 9 9
189 184 9 9
189 181 9 9
190 189 9 9
190 182 9 9
190 184 9 9
190 185 9 9
191 186 9 9
191 181 9 9
191 183 9 9
191 189 9 9
192 191 9 9
192 189 9 9
192 183 9 9
192 188 9 9
193 190 9 9
193 187 9 9
193 184 9 9
193 182 9 9
194 181 9 9
194 190 9 9
194 183 9 9
194 184 9 9
195 193 9 9
195 181 9 9
195 189 9 9
195 180 9 9
196 190 9 9
196 182 9 9
196 185 9 9
196 193 9 9
197 187 9 9
197 195 9 9
197 193 9 9
197 185 9 9
198 184 9 9
198 187 9 9
198 181 9 9
198 195 9 9
199 191 9 9
199 193 9 9
199 189 9 9
199 198 9 9
180 197 9 9
180 192 9 9
180 194 9 9
180 199 9 9
181 193 9 9
181 192 9 9
181 186 9 9
181 199 9 9
182 198 9 9
182 191 9 9
182 199 9 9
182 194 9 9
183 190 9 9
183 193 9 9
183 199 9 9
183 198 9 9
204 203 10 10
204 200 10 10
204 201 10 10
204 202 10 10
205 201 10 10
205 203 10 10
205 202 10 10
205 204 10 10
206 205 10 10
206 201 10 10
206 203 10 10
206 204 10 10
207 205 10 10
207 202 10 10
207 201 10 10
207 200 10 10
208 202 10 10
208 206 10 10
208 205 10 10
208 207 10 10
209 205 10 10
209 204 10 10
209 201 10 10
209 202 10 10
210 200 10 10
210 203 10 10
210 201 10 10
210 206 10 10
211 207 10 10
211 208 10 10
211 203 10 10
211 209 10 10
212 202 10 10
212 208 10 10
212 200 10 10
212 204 10 10
213 212 10 10
213 207 10 10
213 205 10 10
213 206 10 10
214 200 10 10
214 209 10 10
214 212 10 10
214 204 10 10
215 209 10 10
215 207 10 10
215 213 10 10
215 201 10 10
216 200 10 10
216 208 10 10
216 204 10 10
216 212 10 10
217 206 10 10
217 207 10 10
217 215 10 10
217 213 10 10
218 211 10 10
218 212 10 10
218 213 10 10
218 214 10 10
219 212 10 10
219 202 10 10
219 209 10 10
219 207 10 10
200 209 10 10
200 211 10 10
200 206 10 10
200 213 10 10
201 208 10 10
201 217 10 10
201 213 10 10
201 211 10 10
202 216 10 10
202 213 10 10
202 218 10 10
202 210 10 10
203 216 10 10
203 209 10 10
203 215 10 10
203 217 10 10
224 223 11 11
224 221 11 11
224 220 11 11
224 222 11 11
225 222 11 11
225 220 11 11
225 223 11 11
225 221 11 11
226 224 11 11
226 223 11 11
226 225 11 11
226 220 11 11
227 226 11 11
227 222 11 11
227 225 11 11
227 220 11 11
228 223 11 11
228 224 11 11
228 221 11 11
228 222 11 11
229 222 11 11
229 228 11 11
229 224 11 11
229 225 11 11
230 224 11 11
230 226 11 11
230 228 11 11
230 221 11 11
231 227 11 11
231 222 11 11
231 228 11 11
231 229 11 11
232 220 11 11
232 226 11 11
232 221 11 11
232 230 11 11
233 224 11 11
233 230 11 11
233 223 11 11
233 229 11 11
234 230 11 11
234 222 11 11
234 226 11 11
234 223 11 11
235 230 11 11
235 229 11 11
235 224 11 11
235 222 11 11
236 234 11 11
236 235 11 11
236 226 11 11
236 230 11 11
237 228 11 11
237 231 11 11
237 224 11 11
237 221 11 11
238 223 11 11
238 220 11 11
238 234 11 11
238 236 11 11
239 231 11 11
239 233 11 11
239 237 11 11
239 224 11 11
220 236 11 11
220 230 11 11
220 228 11 11
220 231 11 11
221 229 11 11
221 227 11 11
221 239 11 11
221 231 11 11
222 239 11 11
222 230 11 11
222 238 11 11
222 236 11 11
223 239 11 11
223 232 11 11
223 236 11 11
223 230 11 11
244 243 12 12
244 242 12 12
244 240 12 12
244 241 12 12
245 243 12 12
245 241 12 12
245 244 12 12
245 240 12 12
246 241 12 12
246 240 12 12
246 242 12 12
246 243 12 12
247 240 12 12
247 243 12 12
247 242 12 12
247 241 12 12
248 244 12 12
248 247 12 12
248 245 12 12
248 240 12 12
249 243 12 12
249 247 12 12
249 245 12 12
249 242 12 12
250 245 12 12
250 247 12 12
250 241 12 12
250 240 12 12
251 241 12 12
251 245 12 12
251 242 12 12
251 248 12 12
252 251 12 12
252 241 12 12
252 248 12 12
252 240 12 12
253 246 12 12
253 249 12 12
253 251 12 12
253 248 12 12
254 249 12 12
254 247 12 12
254 240 12 12
254 244 12 12
255 244 12 12
255 251 12 12
255 252 12 12
255 242 12 12
256 245 12 12
256 249 12 12
256 254 12 12
256 241 12 12
257 255 12 12
257 240 12 12
257 251 12 12
257 247 12 12
258 256 12 12
258 242 12 12
258 253 12 12
258 251 12 12
259 246 12 12
259 241 12 12
259 245 12 12
259 240 12 12
240 255 12 12
240 258 12 12
240 251 12 12
240 253 12 12
241 249 12 12
241 258 12 12
241 253 12 12
241 248 12 12
242 248 12 12
242 252 12 12
242 253 12 12
242 250 12 12
243 254 12 12
243 248 12 12
243 258 12 12
243 256 12 12
264 263 13 13
264 261 13 13
264 260 13 13
264 262 13 13
265 264 13 13
265 263 13 13
265 261 13 13
265 260 13 13
266 261 13 13
266 265 13 13
266 263 13 13
266 260 13 13
267 266 13 13
267 262 13 13
267 260 13 13
267 265 13 13
268 264 13 13
268 267 13 13
268 265 13 13
268 262 13 13
269 261 13 13
269 268 13 13
269 260 13 13
269 264 13 13
270 263 13 13
270 266 13 13
270 265 13 13
270 267 13 13
271 262 13 13
271 263 13 13
271 267 13 13
271 269 13 13
272 267 13 13
272 261 13 13
272 263 13 13
272 265 13 13
273 270 13 13
273 261 13 13
273 263 13 13
273 266 13 13
274 265 13 13
274 269 13 13
274 261 13 13
274 271 13 13
275 268 13 13
275 269 13 13
275 272 13 13
275 260 13 13
276 265 13 13
276 263 13 13
276 268 13 13
276 269 13 13
277 267 13 13
277 268 13 13
277 274 13 13
277 263 13 13
278 267 13 13
278 270 13 13
278 264 13 13
278 274 13 13
279 275 13 13
279 266 13 13
279 261 13 13
279 267 13 13
260 279 13 13
260 274 13 13
260 268 13 13
260 272 13 13
261 268 13 13
261 276 13 13
261 270 13 13
261 277 13 13
262 272 13 13
262 269 13 13
262 277 13 13
262 275 13 13
263 275 13 13
263 278 13 13
263 268 13 13
263 269 13 13
284 283 14 14
284 281 14 14
284 280 14 14
284 282 14 14
285 282 14 14
285 281 14 14
285 284 14 14
285 283 14 14
286 280 14 14
286 283 14 14
286 281 14 14
286 282 14 14
287 286 14 14
287 283 14 14
287 284 14 14
287 280 14 14
288 281 14 14
288 284 14 14
288 287 14 14
288 280 14 14
289 281 14 14
289 280 14 14
289 283 14 14
289 288 14 14
290 289 14 14
290 285 14 14
290 282 14 14
290 280 14 14
291 282 14 14
291 290 14 14
291 288 14 14
291 289 14 14
292 290 14 14
292 287 14 14
292 282 14 14
292 285 14 14
293 282 14 14
293 290 14 14
293 286 14 14
293 292 14 14
294 280 14 14
294 288 14 14
294 284 14 14
294 282 14 14
295 280 14 14
295 287 14 14
295 283 14 14
295 294 14 14
296 284 14 14
296 287 14 14
296 285 14 14
296 290 14 14
297 281 14 14
297 288 14 14
297 293 14 14
297 280 14 14
298 280 14 14
298 293 14 14
298 283 14 14
298 288 14 14
299 285 14 14
299 297 14 14
299 294 14 14
299 286 14 14
280 285 14 14
280 299 14 14
280 296 14 14
280 293 14 14
281 296 14 14
281 291 14 14
281 293 14 14
281 290 14 14
282 288 14 14
282 298 14 14
282 295 14 14
282 299 14 14
283 296 14 14
283 291 14 14
283 294 14 14
283 290 14 14
304 302 15 15
304 300 15 15
304 301 15 15
304 303 15 15
305 304 15 15
305 303 15 15
305 301 15 15
305 300 15 15
306 304 15 15
306 305 15 15
306 302 15 15
306 303 15 15
307 305 15 15
307 306 15 15
307 304 15 15
307 302 15 15
308 305 15 15
308 304 15 15
308 307 15 15
308 303 15 15
309 303 15 15
309 301 15 15
309 308 15 15
309 306 15 15
310 303 15 15
310 307 15 15
310 302 15 15
310 306 15 15
311 309 15 15
311 300 15 15
311 307 15 15
311 310 15 15
312 307 15 15
312 308 15 15
312 305 15 15
312 304 15 15
313 312 15 15
313 305 15 15
313 311 15 15
313 307 15 15
314 312 15 15
314 308 15 15
314 304 15 15
314 305 15 15
315 311 15 15
315 302 15 15
315 301 15 15
315 309 15 15
316 300 15 15
316 310 15 15
316 302 15 15
316 315 15 15
317 311 15 15
317 302 15 15
317 304 15 15
317 303 15 15
318 303 15 15
318 300 15 15
318 312 15 15
318 310 15 15
319 300 15 15
319 309 15 15
319 318 15 15
319 308 15 15
300 315 15 15
300 317 15 15
300 309 15 15
300 312 15 15
301 316 15 15
301 310 15 15
301 318 15 15
301 314 15 15
302 309 15 15
302 318 15 15
302 311 15 15
302 319 15 15
303 316 15 15
303 314 15 15
303 315 15 15
303 311 15 15
97 8 4 0
90 55 4 2
85 74 4 3
90 30 4 1
106 74 5 3
104 20 5 1
105 11 5 0
114 83 5 4
125 99 6 4
134 73 6 3
122 107 6 5
125 0 6 0
157 8 7 0
156 77 7 3
148 21 7 1
154 100 7 5
178 147 8 7
168 12 8 0
173 34 8 1
164 82 8 4
182 174 9 8
184 129 9 6
199 55 9 2
185 8 9 0
201 181 10 9
206 177 10 8
206 47 10 2
218 101 10 5
224 72 11 3
226 84 11 4
221 18 11 0
237 162 11 8
240 217 12 10
255 161 12 8
244 62 12 3
241 112 12 5
279 81 13 4
270 101 13 5
279 252 13 12
266 44 13 2
298 184 14 9
290 158 14 7
283 210 14 10
280 161 14 8
313 103 15 5
309 269 15 13
305 284 15 14
303 129 15 6
3 278 0 13
3 293 0 14
17 208 0 10
15 316 0 15
28 212 1 10
37 309 1 15
38 139 1 6
33 255 1 12
45 249 2 12
57 115 2 5
42 132 2 6
59 237 2 11
62 163 3 8
72 264 3 13
73 208 3 10
60 300 3 15
