swNum = 320
edgeNum = 1344

0 0
1 0
2 0
3 0
4 0
5 0
6 0
7 0
8 0
9 0
10 0
11 0
12 0
13 0
14 0
15 0
16 0
17 0
18 0
19 0
20 1
21 1
22 1
23 1
24 1
25 1
26 1
27 1
28 1
29 1
30 1
31 1
32 1
33 1
34 1
35 1
36 1
37 1
38 1
39 1
40 2
41 2
42 2
43 2
44 2
45 2
46 2
47 2
48 2
49 2
50 2
51 2
52 2
53 2
54 2
55 2
56 2
57 2
58 2
59 2
60 3
61 3
62 3
63 3
64 3
65 3
66 3
67 3
68 3
69 3
70 3
71 3
72 3
73 3
74 3
75 3
76 3
77 3
78 3
79 3
80 4
81 4
82 4
83 4
84 4
85 4
86 4
87 4
88 4
89 4
90 4
91 4
92 4
93 4
94 4
95 4
96 4
97 4
98 4
99 4
100 5
101 5
102 5
103 5
104 5
105 5
106 5
107 5
108 5
109 5
110 5
111 5
112 5
113 5
114 5
115 5
116 5
117 5
118 5
119 5
120 6
121 6
122 6
123 6
124 6
125 6
126 6
127 6
128 6
129 6
130 6
131 6
132 6
133 6
134 6
135 6
136 6
137 6
138 6
139 6
140 7
141 7
142 7
143 7
144 7
145 7
146 7
147 7
148 7
149 7
150 7
151 7
152 7
153 7
154 7
155 7
156 7
157 7
158 7
159 7
160 8
161 8
162 8
163 8
164 8
165 8
166 8
167 8
168 8
169 8
170 8
171 8
172 8
173 8
174 8
175 8
176 8
177 8
178 8
179 8
180 9
181 9
182 9
183 9
184 9
185 9
186 9
187 9
188 9
189 9
190 9
191 9
192 9
193 9
194 9
195 9
196 9
197 9
198 9
199 9
200 10
201 10
202 10
203 10
204 10
205 10
206 10
207 10
208 10
209 10
210 10
211 10
212 10
213 10
214 10
215 10
216 10
217 10
218 10
219 10
220 11
221 11
222 11
223 11
224 11
225 11
226 11
227 11
228 11
229 11
230 11
231 11
232 11
233 11
234 11
235 11
236 11
237 11
238 11
239 11
240 12
241 12
242 12
243 12
244 12
245 12
246 12
247 12
248 12
249 12
250 12
251 12
252 12
253 12
254 12
255 12
256 12
257 12
258 12
259 12
260 13
261 13
262 13
263 13
264 13
265 13
266 13
267 13
268 13
269 13
270 13
271 13
272 13
273 13
274 13
275 13
276 13
277 13
278 13
279 13
280 14
281 14
282 14
283 14
284 14
285 14
286 14
287 14
288 14
289 14
290 14
291 14
292 14
293 14
294 14
295 14
296 14
297 14
298 14
299 14
300 15
301 15
302 15
303 15
304 15
305 15
306 15
307 15
308 15
309 15
310 15
311 15
312 15
313 15
314 15
315 15
316 15
317 15
318 15
319 15

4 3 0 0
4 0 0 0
4 2 0 0
4 1 0 0
5 4 0 0
5 2 0 0
5 3 0 0
5 0 0 0
6 5 0 0
6 2 0 0
6 3 0 0
6 1 0 0
7 2 0 0
7 0 0 0
7 4 0 0
7 6 0 0
8 5 0 0
8 6 0 0
8 0 0 0
8 2 0 0
9 1 0 0
9 0 0 0
9 4 0 0
9 3 0 0
10 7 0 0
10 5 0 0
10 0 0 0
10 4 0 0
11 9 0 0
11 1 0 0
11 4 0 0
11 7 0 0
12 4 0 0
12 11 0 0
12 6 0 0
12 0 0 0
13 3 0 0
13 2 0 0
13 5 0 0
13 1 0 0
14 11 0 0
14 2 0 0
14 10 0 0
14 3 0 0
15 3 0 0
15 0 0 0
15 13 0 0
15 11 0 0
16 13 0 0
16 7 0 0
16 1 0 0
16 14 0 0
17 12 0 0
17 8 0 0
17 16 0 0
17 5 0 0
18 1 0 0
18 13 0 0
18 10 0 0
18 15 0 0
19 3 0 0
19 16 0 0
19 10 0 0
19 15 0 0
0 19 0 0
0 11 0 0
0 13 0 0
0 16 0 0
1 14 0 0
1 15 0 0
1 12 0 0
1 8 0 0
2 11 0 0
2 15 0 0
2 10 0 0
2 12 0 0
3 18 0 0
3 16 0 0
3 11 0 0
3 17 0 0
24 20 1 1
24 21 1 1
24 22 1 1
24 23 1 1
25 22 1 1
25 23 1 1
25 21 1 1
25 20 1 1
26 21 1 1
26 25 1 1
26 24 1 1
26 23 1 1
27 22 1 1
27 20 1 1
27 23 1 1
27 25 1 1
28 22 1 1
28 20 1 1
28 25 1 1
28 23 1 1
29 24 1 1
29 25 1 1
29 28 1 1
29 21 1 1
30 29 1 1
30 22 1 1
30 20 1 1
30 28 1 1
31 30 1 1
31 23 1 1
31 20 1 1
31 27 1 1
32 26 1 1
32 29 1 1
32 23 1 1
32 22 1 1
33 21 1 1
33 23 1 1
33 28 1 1
33 32 1 1
34 21 1 1
34 26 1 1
34 23 1 1
34 29 1 1
35 26 1 1
35 31 1 1
35 22 1 1
35 34 1 1
36 23 1 1
36 35 1 1
36 29 1 1
36 26 1 1
37 32 1 1
37 27 1 1
37 30 1 1
37 28 1 1
38 35 1 1
38 34 1 1
38 20 1 1
38 33 1 1
39 35 1 1
39 25 1 1
39 27 1 1
39 29 1 1
20 37 1 1
20 35 1 1
20 32 1 1
20 29 1 1
21 35 1 1
21 39 1 1
21 36 1 1
21 38 1 1
22 29 1 1
22 26 1 1
22 36 1 1
22 38 1 1
23 35 1 1
23 38 1 1
23 29 1 1
23 30 1 1
44 41 2 2
44 42 2 2
44 40 2 2
44 43 2 2
45 40 2 2
45 42 2 2
45 43 2 2
45 44 2 2
46 45 2 2
46 40 2 2
46 42 2 2
46 44 2 2
47 46 2 2
47 42 2 2
47 45 2 2
47 40 2 2
48 42 2 2
48 47 2 2
48 41 2 2
48 45 2 2
49 47 2 2
49 40 2 2
49 48 2 2
49 41 2 2
50 49 2 2
50 48 2 2
50 42 2 2
50 40 2 2
51 48 2 2
51 40 2 2
51 49 2 2
51 45 2 2
52 41 2 2
52 51 2 2
52 40 2 2
52 44 2 2
53 47 2 2
53 49 2 2
53 44 2 2
53 52 2 2
54 45 2 2
54 40 2 2
54 47 2 2
54 42 2 2
55 50 2 2
55 53 2 2
55 47 2 2
55 45 2 2
56 52 2 2
56 47 2 2
56 44 2 2
56 53 2 2
57 52 2 2
57 43 2 2
57 41 2 2
57 42 2 2
58 55 2 2
58 47 2 2
58 53 2 2
58 49 2 2
59 42 2 2
59 50 2 2
59 52 2 2
59 48 2 2
40 53 2 2
40 58 2 2
40 56 2 2
40 55 2 2
41 54 2 2
41 46 2 2
41 59 2 2
41 55 2 2
42 53 2 2
42 52 2 2
42 49 2 2
42 55 2 2
43 56 2 2
43 46 2 2
43 54 2 2
43 59 2 2
64 61 3 3
64 63 3 3
64 60 3 3
64 62 3 3
65 61 3 3
65 62 3 3
65 64 3 3
65 63 3 3
66 64 3 3
66 61 3 3
66 60 3 3
66 63 3 3
67 65 3 3
67 62 3 3
67 64 3 3
67 63 3 3
68 62 3 3
68 60 3 3
68 63 3 3
68 61 3 3
69 64 3 3
69 66 3 3
69 61 3 3
69 65 3 3
70 62 3 3
70 69 3 3
70 60 3 3
70 63 3 3
71 66 3 3
71 61 3 3
71 69 3 3
71 60 3 3
72 60 3 3
72 68 3 3
72 67 3 3
72 71 3 3
73 72 3 3
73 67 3 3
73 65 3 3
73 64 3 3
74 66 3 3
74 62 3 3
74 61 3 3
74 70 3 3
75 72 3 3
75 61 3 3
75 67 3 3
75 71 3 3
76 63 3 3
76 64 3 3
76 60 3 3
76 72 3 3
77 60 3 3
77 70 3 3
77 63 3 3
77 75 3 3
78 66 3 3
78 71 3 3
78 65 3 3
78 64 3 3
79 76 3 3
79 71 3 3
79 69 3 3
79 61 3 3
60 75 3 3
60 79 3 3
60 69 3 3
60 65 3 3
61 77 3 3
61 67 3 3
61 78 3 3
61 70 3 3
62 77 3 3
62 72 3 3
62 71 3 3
62 76 3 3
63 79 3 3
63 72 3 3
63 74 3 3
63 71 3 3
84 80 4 4
84 83 4 4
84 82 4 4
84 81 4 4
85 82 4 4
85 80 4 4
85 83 4 4
85 81 4 4
86 85 4 4
86 83 4 4
86 80 4 4
86 82 4 4
87 83 4 4
87 82 4 4
87 80 4 4
87 81 4 4
88 81 4 4
88 87 4 4
88 80 4 4
88 85 4 4
89 80 4 4
89 85 4 4
89 86 4 4
89 83 4 4
90 88 4 4
90 87 4 4
90 80 4 4
90 83 4 4
91 83 4 4
91 89 4 4
91 88 4 4
91 85 4 4
92 82 4 4
92 86 4 4
92 85 4 4
92 87 4 4
93 91 4 4
93 88 4 4
93 89 4 4
93 85 4 4
94 80 4 4
94 89 4 4
94 88 4 4
94 81 4 4
95 86 4 4
95 89 4 4
95 94 4 4
95 93 4 4
96 89 4 4
96 90 4 4
96 87 4 4
96 93 4 4
97 93 4 4
97 83 4 4
97 96 4 4
97 85 4 4
98 95 4 4
98 91 4 4
98 86 4 4
98 85 4 4
99 96 4 4
99 97 4 4
99 98 4 4
99 95 4 4
80 91 4 4
80 96 4 4
80 92 4 4
80 93 4 4
81 99 4 4
81 95 4 4
81 93 4 4
81 98 4 4
82 94 4 4
82 98 4 4
82 97 4 4
82 91 4 4
83 93 4 4
83 96 4 4
83 88 4 4
83 95 4 4
104 102 5 5
104 103 5 5
104 100 5 5
104 101 5 5
105 104 5 5
105 102 5 5
105 103 5 5
105 100 5 5
106 101 5 5
106 103 5 5
106 100 5 5
106 105 5 5
107 102 5 5
107 103 5 5
107 106 5 5
107 101 5 5
108 103 5 5
108 102 5 5
108 104 5 5
108 100 5 5
109 107 5 5
109 105 5 5
109 102 5 5
109 108 5 5
110 108 5 5
110 105 5 5
110 104 5 5
110 109 5 5
111 106 5 5
111 107 5 5
111 110 5 5
111 103 5 5
112 111 5 5
112 103 5 5
112 106 5 5
112 101 5 5
113 112 5 5
113 111 5 5
113 104 5 5
113 107 5 5
114 106 5 5
114 110 5 5
114 109 5 5
114 105 5 5
115 104 5 5
115 110 5 5
115 102 5 5
115 105 5 5
116 115 5 5
116 108 5 5
116 114 5 5
116 107 5 5
117 111 5 5
117 105 5 5
117 106 5 5
117 112 5 5
118 108 5 5
118 104 5 5
118 114 5 5
118 105 5 5
119 116 5 5
119 118 5 5
119 110 5 5
119 104 5 5
100 117 5 5
100 112 5 5
100 113 5 5
100 118 5 5
101 113 5 5
101 105 5 5
101 108 5 5
101 114 5 5
102 116 5 5
102 111 5 5
102 114 5 5
102 110 5 5
103 117 5 5
103 118 5 5
103 113 5 5
103 109 5 5
124 123 6 6
124 121 6 6
124 120 6 6
124 122 6 6
125 124 6 6
125 123 6 6
125 121 6 6
125 120 6 6
126 123 6 6
126 125 6 6
126 124 6 6
126 122 6 6
127 122 6 6
127 125 6 6
127 124 6 6
127 121 6 6
128 124 6 6
128 126 6 6
128 122 6 6
128 123 6 6
129 124 6 6
129 128 6 6
129 123 6 6
129 126 6 6
130 126 6 6
130 127 6 6
130 124 6 6
130 122 6 6
131 122 6 6
131 120 6 6
131 123 6 6
131 121 6 6
132 124 6 6
132 128 6 6
132 125 6 6
132 130 6 6
133 125 6 6
133 131 6 6
133 126 6 6
133 129 6 6
134 128 6 6
134 132 6 6
134 127 6 6
134 121 6 6
135 131 6 6
135 130 6 6
135 120 6 6
135 132 6 6
136 128 6 6
136 124 6 6
136 135 6 6
136 129 6 6
137 130 6 6
137 126 6 6
137 135 6 6
137 133 6 6
138 124 6 6
138 126 6 6
138 123 6 6
138 131 6 6
139 125 6 6
139 134 6 6
139 120 6 6
139 127 6 6
120 133 6 6
120 137 6 6
120 126 6 6
120 132 6 6
121 138 6 6
121 137 6 6
121 130 6 6
121 133 6 6
122 129 6 6
122 132 6 6
122 135 6 6
122 137 6 6
123 139 6 6
123 132 6 6
123 130 6 6
123 127 6 6
144 141 7 7
144 143 7 7
144 140 7 7
144 142 7 7
145 142 7 7
145 140 7 7
145 144 7 7
145 143 7 7
146 142 7 7
146 141 7 7
146 144 7 7
146 143 7 7
147 140 7 7
147 142 7 7
147 145 7 7
147 146 7 7
148 146 7 7
148 145 7 7
148 142 7 7
148 140 7 7
149 143 7 7
149 148 7 7
149 141 7 7
149 142 7 7
150 144 7 7
150 141 7 7
150 143 7 7
150 146 7 7
151 149 7 7
151 147 7 7
151 150 7 7
151 143 7 7
152 147 7 7
152 142 7 7
152 140 7 7
152 145 7 7
153 143 7 7
153 140 7 7
153 141 7 7
153 150 7 7
154 141 7 7
154 140 7 7
154 148 7 7
154 152 7 7
155 147 7 7
155 151 7 7
155 143 7 7
155 149 7 7
156 141 7 7
156 146 7 7
156 142 7 7
156 149 7 7
157 149 7 7
157 140 7 7
157 142 7 7
157 148 7 7
158 156 7 7
158 149 7 7
158 151 7 7
158 147 7 7
159 155 7 7
159 144 7 7
159 152 7 7
159 140 7 7
140 156 7 7
140 146 7 7
140 155 7 7
140 158 7 7
141 147 7 7
141 145 7 7
141 159 7 7
141 151 7 7
142 159 7 7
142 154 7 7
142 158 7 7
142 153 7 7
143 156 7 7
143 152 7 7
143 159 7 7
143 148 7 7
164 162 8 8
164 161 8 8
164 163 8 8
164 160 8 8
165 162 8 8
165 161 8 8
165 160 8 8
165 164 8 8
166 163 8 8
166 164 8 8
166 162 8 8
166 165 8 8
167 164 8 8
167 161 8 8
167 165 8 8
167 162 8 8
168 167 8 8
168 161 8 8
168 163 8 8
168 166 8 8
169 160 8 8
169 166 8 8
169 165 8 8
169 163 8 8
170 167 8 8
170 166 8 8
170 161 8 8
170 162 8 8
171 160 8 8
171 169 8 8
171 168 8 8
171 162 8 8
172 166 8 8
172 164 8 8
172 160 8 8
172 167 8 8
173 166 8 8
173 172 8 8
173 160 8 8
173 165 8 8
174 171 8 8
174 163 8 8
174 168 8 8
174 172 8 8
175 167 8 8
175 168 8 8
175 174 8 8
175 170 8 8
176 172 8 8
176 166 8 8
176 164 8 8
176 162 8 8
177 174 8 8
177 171 8 8
177 168 8 8
177 166 8 8
178 173 8 8
178 165 8 8
178 166 8 8
178 169 8 8
179 161 8 8
179 169 8 8
179 165 8 8
179 162 8 8
160 178 8 8
160 177 8 8
160 179 8 8
160 176 8 8
161 176 8 8
161 178 8 8
161 173 8 8
161 172 8 8
162 172 8 8
162 173 8 8
162 169 8 8
162 177 8 8
163 177 8 8
163 170 8 8
163 171 8 8
163 175 8 8
184 183 9 9
184 180 9 9
184 182 9 9
184 181 9 9
185 184 9 9
185 183 9 9
185 181 9 9
185 180 9 9
186 183 9 9
186 181 9 9
186 182 9 9
186 184 9 9
187 180 9 9
187 186 9 9
187 181 9 9
187 183 9 9
188 184 9 9
188 186 9 9
188 187 9 9
188 185 9 9
189 186 9 9
189 182 9 9
189 181 9 9
189 187 9 9
190 187 9 9
190 183 9 9
190 186 9 9
190 181 9 9
191 188 9 9
191 185 9 9
191 187 9 9
191 184 9 9
192 186 9 9
192 187 9 9
192 190 9 9
192 180 9 9
193 187 9 9
193 191 9 9
193 181 9 9
193 192 9 9
194 192 9 9
194 182 9 9
194 191 9 9
194 187 9 9
195 184 9 9
195 180 9 9
195 190 9 9
195 181 9 9
196 185 9 9
196 186 9 9
196 189 9 9
196 190 9 9
197 180 9 9
197 185 9 9
197 189 9 9
197 184 9 9
198 193 9 9
198 181 9 9
198 184 9 9
198 186 9 9
199 194 9 9
199 190 9 9
199 183 9 9
199 188 9 9
180 198 9 9
180 193 9 9
180 196 9 9
180 191 9 9
181 197 9 9
181 196 9 9
181 188 9 9
181 192 9 9
182 196 9 9
182 199 9 9
182 187 9 9
182 193 9 9
183 196 9 9
183 198 9 9
183 197 9 9
183 193 9 9
204 200 10 10
204 201 10 10
204 202 10 10
204 203 10 10
205 200 10 10
205 201 10 10
205 202 10 10
205 204 10 10
206 204 10 10
206 203 10 10
206 201 10 10
206 200 10 10
207 206 10 10
207 202 10 10
207 203 10 10
207 204 10 10
208 201 10 10
208 203 10 10
208 202 10 10
208 204 10 10
209 208 10 10
209 203 10 10
209 200 10 10
209 207 10 10
210 205 10 10
210 200 10 10
210 202 10 10
210 201 10 10
211 205 10 10
211 202 10 10
211 209 10 10
211 206 10 10
212 211 10 10
212 206 10 10
212 202 10 10
212 204 10 10
213 207 10 10
213 211 10 10
213 202 10 10
213 212 10 10
214 202 10 10
214 213 10 10
214 212 10 10
214 200 10 10
215 205 10 10
215 204 10 10
215 211 10 10
215 203 10 10
216 200 10 10
216 215 10 10
216 202 10 10
216 211 10 10
217 204 10 10
217 208 10 10
217 216 10 10
217 206 10 10
218 204 10 10
218 215 10 10
218 210 10 10
218 216 10 10
219 205 10 10
219 200 10 10
219 203 10 10
219 209 10 10
200 218 10 10
200 212 10 10
200 213 10 10
200 207 10 10
201 214 10 10
201 212 10 10
201 219 10 10
201 209 10 10
202 218 10 10
202 215 10 10
202 217 10 10
202 209 10 10
203 211 10 10
203 205 10 10
203 218 10 10
203 217 10 10
224 221 11 11
224 222 11 11
224 223 11 11
224 220 11 11
225 223 11 11
225 221 11 11
225 222 11 11
225 224 11 11
226 220 11 11
226 224 11 11
226 222 11 11
226 223 11 11
227 226 11 11
227 221 11 11
227 224 11 11
227 220 11 11
228 220 11 11
228 224 11 11
228 226 11 11
228 227 11 11
229 225 11 11
229 228 11 11
229 224 11 11
229 220 11 11
230 228 11 11
230 220 11 11
230 229 11 11
230 227 11 11
231 230 11 11
231 220 11 11
231 228 11 11
231 223 11 11
232 224 11 11
232 221 11 11
232 229 11 11
232 231 11 11
233 224 11 11
233 223 11 11
233 228 11 11
233 227 11 11
234 231 11 11
234 225 11 11
234 226 11 11
234 233 11 11
235 227 11 11
235 221 11 11
235 220 11 11
235 234 11 11
236 229 11 11
236 224 11 11
236 232 11 11
236 225 11 11
237 233 11 11
237 235 11 11
237 222 11 11
237 234 11 11
238 225 11 11
238 234 11 11
238 220 11 11
238 224 11 11
239 236 11 11
239 231 11 11
239 224 11 11
239 237 11 11
220 234 11 11
220 225 11 11
220 237 11 11
220 239 11 11
221 239 11 11
221 228 11 11
221 236 11 11
221 230 11 11
222 229 11 11
222 239 11 11
222 238 11 11
222 228 11 11
223 229 11 11
223 232 11 11
223 235 11 11
223 236 11 11
244 242 12 12
244 243 12 12
244 240 12 12
244 241 12 12
245 244 12 12
245 241 12 12
245 242 12 12
245 240 12 12
246 240 12 12
246 243 12 12
246 242 12 12
246 244 12 12
247 245 12 12
247 241 12 12
247 240 12 12
247 242 12 12
248 247 12 12
248 242 12 12
248 243 12 12
248 246 12 12
249 247 12 12
249 244 12 12
249 243 12 12
249 245 12 12
250 246 12 12
250 245 12 12
250 244 12 12
250 240 12 12
251 248 12 12
251 250 12 12
251 243 12 12
251 241 12 12
252 251 12 12
252 243 12 12
252 250 12 12
252 249 12 12
253 250 12 12
253 242 12 12
253 248 12 12
253 243 12 12
254 244 12 12
254 249 12 12
254 247 12 12
254 245 12 12
255 251 12 12
255 254 12 12
255 249 12 12
255 250 12 12
256 255 12 12
256 252 12 12
256 243 12 12
256 253 12 12
257 256 12 12
257 253 12 12
257 249 12 12
257 252 12 12
258 253 12 12
258 248 12 12
258 252 12 12
258 250 12 12
259 254 12 12
259 249 12 12
259 244 12 12
259 245 12 12
240 252 12 12
240 253 12 12
240 251 12 12
240 249 12 12
241 253 12 12
241 250 12 12
241 259 12 12
241 258 12 12
242 251 12 12
242 250 12 12
242 258 12 12
242 259 12 12
243 247 12 12
243 250 12 12
243 259 12 12
243 258 12 12
264 261 13 13
264 263 13 13
264 262 13 13
264 260 13 13
265 264 13 13
265 263 13 13
265 261 13 13
265 260 13 13
266 264 13 13
266 260 13 13
266 265 13 13
266 263 13 13
267 261 13 13
267 260 13 13
267 262 13 13
267 266 13 13
268 267 13 13
268 263 13 13
268 266 13 13
268 262 13 13
269 263 13 13
269 266 13 13
269 264 13 13
269 262 13 13
270 267 13 13
270 260 13 13
270 266 13 13
270 269 13 13
271 262 13 13
271 260 13 13
271 266 13 13
271 267 13 13
272 263 13 13
272 265 13 13
272 261 13 13
272 264 13 13
273 268 13 13
273 261 13 13
273 269 13 13
273 270 13 13
274 263 13 13
274 266 13 13
274 264 13 13
274 265 13 13
275 265 13 13
275 273 13 13
275 267 13 13
275 269 13 13
276 272 13 13
276 263 13 13
276 266 13 13
276 264 13 13
277 270 13 13
277 262 13 13
277 266 13 13
277 267 13 13
278 265 13 13
278 266 13 13
278 272 13 13
278 264 13 13
279 278 13 13
279 275 13 13
279 271 13 13
279 266 13 13
260 276 13 13
260 277 13 13
260 279 13 13
260 275 13 13
261 275 13 13
261 278 13 13
261 271 13 13
261 268 13 13
262 266 13 13
262 272 13 13
262 279 13 13
262 275 13 13
263 277 13 13
263 273 13 13
263 278 13 13
263 267 13 13
284 283 14 14
284 280 14 14
284 281 14 14
284 282 14 14
285 281 14 14
285 283 14 14
285 280 14 14
285 282 14 14
286 281 14 14
286 282 14 14
286 285 14 14
286 280 14 14
287 282 14 14
287 286 14 14
287 280 14 14
287 284 14 14
288 286 14 14
288 283 14 14
288 284 14 14
288 282 14 14
289 285 14 14
289 287 14 14
289 286 14 14
289 284 14 14
290 282 14 14
290 280 14 14
290 287 14 14
290 283 14 14
291 286 14 14
291 290 14 14
291 284 14 14
291 280 14 14
292 290 14 14
292 282 14 14
292 285 14 14
292 291 14 14
293 284 14 14
293 281 14 14
293 286 14 14
293 289 14 14
294 284 14 14
294 280 14 14
294 291 14 14
294 282 14 14
295 280 14 14
295 282 14 14
295 291 14 14
295 287 14 14
296 281 14 14
296 293 14 14
296 289 14 14
296 285 14 14
297 295 14 14
297 281 14 14
297 282 14 14
297 292 14 14
298 288 14 14
298 286 14 14
298 292 14 14
298 280 14 14
299 282 14 14
299 295 14 14
299 297 14 14
299 288 14 14
280 297 14 14
280 296 14 14
280 299 14 14
280 289 14 14
281 298 14 14
281 290 14 14
281 299 14 14
281 287 14 14
282 298 14 14
282 291 14 14
282 293 14 14
282 296 14 14
283 299 14 14
283 286 14 14
283 287 14 14
283 294 14 14
304 300 15 15
304 301 15 15
304 303 15 15
304 302 15 15
305 300 15 15
305 301 15 15
305 303 15 15
305 304 15 15
306 301 15 15
306 304 15 15
306 305 15 15
306 302 15 15
307 304 15 15
307 302 15 15
307 306 15 15
307 303 15 15
308 302 15 15
308 304 15 15
308 300 15 15
308 307 15 15
309 301 15 15
309 307 15 15
309 308 15 15
309 305 15 15
310 303 15 15
310 300 15 15
310 301 15 15
310 304 15 15
311 303 15 15
311 300 15 15
311 306 15 15
311 310 15 15
312 308 15 15
312 304 15 15
312 301 15 15
312 309 15 15
313 307 15 15
313 301 15 15
313 310 15 15
313 303 15 15
314 309 15 15
314 308 15 15
314 300 15 15
314 312 15 15
315 306 15 15
315 312 15 15
315 305 15 15
315 308 15 15
316 312 15 15
316 314 15 15
316 301 15 15
316 308 15 15
317 310 15 15
317 301 15 15
317 303 15 15
317 316 15 15
318 300 15 15
318 310 15 15
318 306 15 15
318 301 15 15
319 307 15 15
319 318 15 15
319 302 15 15
319 309 15 15
300 312 15 15
300 306 15 15
300 315 15 15
300 309 15 15
301 314 15 15
301 307 15 15
301 311 15 15
301 315 15 15
302 309 15 15
302 316 15 15
302 314 15 15
302 315 15 15
303 318 15 15
303 315 15 15
303 306 15 15
303 309 15 15
82 67 4 3
86 45 4 2
86 19 4 0
93 25 4 1
116 99 5 4
119 75 5 3
106 2 5 0
110 57 5 2
125 110 6 5
138 61 6 3
129 0 6 0
130 58 6 2
147 106 7 5
145 53 7 2
142 28 7 1
153 136 7 6
178 3 8 0
179 113 8 5
171 158 8 7
162 45 8 2
192 101 9 5
187 127 9 6
196 9 9 0
192 22 9 1
205 157 10 7
212 169 10 8
206 103 10 5
200 57 10 2
228 112 11 5
222 91 11 4
223 8 11 0
233 161 11 8
255 110 12 5
258 223 12 11
244 166 12 8
244 76 12 3
266 226 13 11
272 180 13 9
263 6 13 0
275 253 13 12
282 223 14 11
293 55 14 2
285 253 14 12
284 107 14 5
301 87 15 4
308 79 15 3
318 129 15 6
308 145 15 7
3 289 0 14
4 207 0 10
5 155 0 7
18 249 0 12
35 233 1 11
38 263 1 13
23 179 1 8
32 245 1 12
53 196 2 9
47 240 2 12
53 226 2 11
54 315 2 15
72 171 3 8
71 211 3 10
66 198 3 9
61 289 3 14
