swNum = 320
edgeNum = 1344

0 0
1 0
2 0
3 0
4 0
5 0
6 0
7 0
8 0
9 0
10 0
11 0
12 0
13 0
14 0
15 0
16 0
17 0
18 0
19 0
20 1
21 1
22 1
23 1
24 1
25 1
26 1
27 1
28 1
29 1
30 1
31 1
32 1
33 1
34 1
35 1
36 1
37 1
38 1
39 1
40 2
41 2
42 2
43 2
44 2
45 2
46 2
47 2
48 2
49 2
50 2
51 2
52 2
53 2
54 2
55 2
56 2
57 2
58 2
59 2
60 3
61 3
62 3
63 3
64 3
65 3
66 3
67 3
68 3
69 3
70 3
71 3
72 3
73 3
74 3
75 3
76 3
77 3
78 3
79 3
80 4
81 4
82 4
83 4
84 4
85 4
86 4
87 4
88 4
89 4
90 4
91 4
92 4
93 4
94 4
95 4
96 4
97 4
98 4
99 4
100 5
101 5
102 5
103 5
104 5
105 5
106 5
107 5
108 5
109 5
110 5
111 5
112 5
113 5
114 5
115 5
116 5
117 5
118 5
119 5
120 6
121 6
122 6
123 6
124 6
125 6
126 6
127 6
128 6
129 6
130 6
131 6
132 6
133 6
134 6
135 6
136 6
137 6
138 6
139 6
140 7
141 7
142 7
143 7
144 7
145 7
146 7
147 7
148 7
149 7
150 7
151 7
152 7
153 7
154 7
155 7
156 7
157 7
158 7
159 7
160 8
161 8
162 8
163 8
164 8
165 8
166 8
167 8
168 8
169 8
170 8
171 8
172 8
173 8
174 8
175 8
176 8
177 8
178 8
179 8
180 9
181 9
182 9
183 9
184 9
185 9
186 9
187 9
188 9
189 9
190 9
191 9
192 9
193 9
194 9
195 9
196 9
197 9
198 9
199 9
200 10
201 10
202 10
203 10
204 10
205 10
206 10
207 10
208 10
209 10
210 10
211 10
212 10
213 10
214 10
215 10
216 10
217 10
218 10
219 10
220 11
221 11
222 11
223 11
224 11
225 11
226 11
227 11
228 11
229 11
230 11
231 11
232 11
233 11
234 11
235 11
236 11
237 11
238 11
239 11
240 12
241 12
242 12
243 12
244 12
245 12
246 12
247 12
248 12
249 12
250 12
251 12
252 12
253 12
254 12
255 12
256 12
257 12
258 12
259 12
260 13
261 13
262 13
263 13
264 13
265 13
266 13
267 13
268 13
269 13
270 13
271 13
272 13
273 13
274 13
275 13
276 13
277 13
278 13
279 13
280 14
281 14
282 14
283 14
284 14
285 14
286 14
287 14
288 14
289 14
290 14
291 14
292 14
293 14
294 14
295 14
296 14
297 14
298 14
299 14
300 15
301 15
302 15
303 15
304 15
305 15
306 15
307 15
308 15
309 15
310 15
311 15
312 15
313 15
314 15
315 15
316 15
317 15
318 15
319 15

4 3 0 0
4 0 0 0
4 1 0 0
4 2 0 0
5 4 0 0
5 0 0 0
5 2 0 0
5 1 0 0
6 2 0 0
6 0 0 0
6 1 0 0
6 4 0 0
7 3 0 0
7 4 0 0
7 2 0 0
7 1 0 0
8 1 0 0
8 5 0 0
8 7 0 0
8 2 0 0
9 3 0 0
9 4 0 0
9 5 0 0
9 8 0 0
10 9 0 0
10 3 0 0
10 2 0 0
10 5 0 0
11 8 0 0
11 3 0 0
11 9 0 0
11 6 0 0
12 8 0 0
12 7 0 0
12 5 0 0
12 11 0 0
13 12 0 0
13 11 0 0
13 7 0 0
13 2 0 0
14 10 0 0
14 8 0 0
14 4 0 0
14 0 0 0
15 13 0 0
15 11 0 0
15 3 0 0
15 2 0 0
16 0 0 0
16 4 0 0
16 10 0 0
16 3 0 0
17 8 0 0
17 9 0 0
17 15 0 0
17 0 0 0
18 13 0 0
18 1 0 0
18 15 0 0
18 11 0 0
19 8 0 0
19 2 0 0
19 5 0 0
19 18 0 0
0 15 0 0
0 8 0 0
0 12 0 0
0 10 0 0
1 13 0 0
1 15 0 0
1 11 0 0
1 12 0 0
2 18 0 0
2 9 0 0
2 16 0 0
2 12 0 0
3 13 0 0
3 5 0 0
3 18 0 0
3 8 0 0
24 20 1 1
24 22 1 1
24 21 1 1
24 23 1 1
25 21 1 1
25 23 1 1
25 24 1 1
25 20 1 1
26 25 1 1
26 21 1 1
26 23 1 1
26 20 1 1
27 23 1 1
27 22 1 1
27 21 1 1
27 26 1 1
28 21 1 1
28 27 1 1
28 24 1 1
28 22 1 1
29 26 1 1
29 24 1 1
29 20 1 1
29 25 1 1
30 26 1 1
30 28 1 1
30 27 1 1
30 22 1 1
31 30 1 1
31 26 1 1
31 28 1 1
31 27 1 1
32 27 1 1
32 22 1 1
32 23 1 1
32 24 1 1
33 30 1 1
33 28 1 1
33 26 1 1
33 32 1 1
34 30 1 1
34 33 1 1
34 29 1 1
34 24 1 1
35 22 1 1
35 32 1 1
35 31 1 1
35 21 1 1
36 27 1 1
36 29 1 1
36 33 1 1
36 34 1 1
37 22 1 1
37 21 1 1
37 36 1 1
37 26 1 1
38 26 1 1
38 30 1 1
38 36 1 1
38 34 1 1
39 26 1 1
39 25 1 1
39 21 1 1
39 23 1 1
20 32 1 1
20 34 1 1
20 35 1 1
20 39 1 1
21 38 1 1
21 36 1 1
21 34 1 1
21 29 1 1
22 31 1 1
22 39 1 1
22 33 1 1
22 36 1 1
23 29 1 1
23 34 1 1
23 36 1 1
23 33 1 1
44 40 2 2
44 41 2 2
44 42 2 2
44 43 2 2
45 42 2 2
45 43 2 2
45 40 2 2
45 44 2 2
46 43 2 2
46 45 2 2
46 42 2 2
46 40 2 2
47 42 2 2
47 43 2 2
47 41 2 2
47 40 2 2
48 43 2 2
48 40 2 2
48 46 2 2
48 45 2 2
49 45 2 2
49 42 2 2
49 48 2 2
49 43 2 2
50 49 2 2
50 42 2 2
50 41 2 2
50 40 2 2
51 49 2 2
51 43 2 2
51 41 2 2
51 45 2 2
52 47 2 2
52 44 2 2
52 41 2 2
52 50 2 2
53 45 2 2
53 44 2 2
53 46 2 2
53 50 2 2
54 41 2 2
54 52 2 2
54 40 2 2
54 46 2 2
55 47 2 2
55 42 2 2
55 40 2 2
55 49 2 2
56 42 2 2
56 47 2 2
56 45 2 2
56 54 2 2
57 44 2 2
57 55 2 2
57 52 2 2
57 47 2 2
58 40 2 2
58 52 2 2
58 54 2 2
58 50 2 2
59 49 2 2
59 46 2 2
59 54 2 2
59 40 2 2
40 56 2 2
40 52 2 2
40 49 2 2
40 57 2 2
41 59 2 2
41 55 2 2
41 46 2 2
41 56 2 2
42 52 2 2
42 53 2 2
42 59 2 2
42 54 2 2
43 50 2 2
43 54 2 2
43 53 2 2
43 56 2 2
64 62 3 3
64 61 3 3
64 60 3 3
64 63 3 3
65 62 3 3
65 64 3 3
65 60 3 3
65 61 3 3
66 65 3 3
66 60 3 3
66 64 3 3
66 63 3 3
67 61 3 3
67 63 3 3
67 60 3 3
67 65 3 3
68 63 3 3
68 64 3 3
68 67 3 3
68 61 3 3
69 66 3 3
69 61 3 3
69 64 3 3
69 63 3 3
70 68 3 3
70 62 3 3
70 60 3 3
70 64 3 3
71 64 3 3
71 69 3 3
71 62 3 3
71 66 3 3
72 65 3 3
72 69 3 3
72 71 3 3
72 63 3 3
73 66 3 3
73 72 3 3
73 69 3 3
73 63 3 3
74 72 3 3
74 63 3 3
74 69 3 3
74 73 3 3
75 64 3 3
75 73 3 3
75 61 3 3
75 60 3 3
76 75 3 3
76 70 3 3
76 61 3 3
76 68 3 3
77 62 3 3
77 73 3 3
77 66 3 3
77 70 3 3
78 72 3 3
78 60 3 3
78 67 3 3
78 68 3 3
79 60 3 3
79 75 3 3
79 62 3 3
79 71 3 3
60 76 3 3
60 73 3 3
60 71 3 3
60 77 3 3
61 70 3 3
61 73 3 3
61 71 3 3
61 78 3 3
62 67 3 3
62 72 3 3
62 75 3 3
62 76 3 3
63 77 3 3
63 70 3 3
63 75 3 3
63 78 3 3
84 83 4 4
84 81 4 4
84 82 4 4
84 80 4 4
85 80 4 4
85 82 4 4
85 83 4 4
85 81 4 4
86 83 4 4
86 85 4 4
86 82 4 4
86 80 4 4
87 85 4 4
87 83 4 4
87 82 4 4
87 86 4 4
88 83 4 4
88 86 4 4
88 87 4 4
88 82 4 4
89 87 4 4
89 88 4 4
89 80 4 4
89 84 4 4
90 82 4 4
90 80 4 4
90 86 4 4
90 81 4 4
91 80 4 4
91 85 4 4
91 83 4 4
91 89 4 4
92 91 4 4
92 80 4 4
92 82 4 4
92 85 4 4
93 83 4 4
93 82 4 4
93 87 4 4
93 91 4 4
94 92 4 4
94 87 4 4
94 82 4 4
94 91 4 4
95 82 4 4
95 85 4 4
95 87 4 4
95 84 4 4
96 86 4 4
96 87 4 4
96 91 4 4
96 93 4 4
97 90 4 4
97 92 4 4
97 88 4 4
97 81 4 4
98 92 4 4
98 91 4 4
98 86 4 4
98 81 4 4
99 96 4 4
99 88 4 4
99 90 4 4
99 85 4 4
80 93 4 4
80 98 4 4
80 96 4 4
80 87 4 4
81 87 4 4
81 86 4 4
81 92 4 4
81 91 4 4
82 89 4 4
82 91 4 4
82 99 4 4
82 98 4 4
83 96 4 4
83 89 4 4
83 99 4 4
83 90 4 4
104 101 5 5
104 103 5 5
104 100 5 5
104 102 5 5
105 102 5 5
105 103 5 5
105 101 5 5
105 100 5 5
106 101 5 5
106 100 5 5
106 103 5 5
106 102 5 5
107 104 5 5
107 101 5 5
107 105 5 5
107 103 5 5
108 107 5 5
108 105 5 5
108 102 5 5
108 101 5 5
109 108 5 5
109 100 5 5
109 102 5 5
109 103 5 5
110 102 5 5
110 105 5 5
110 101 5 5
110 108 5 5
111 107 5 5
111 101 5 5
111 103 5 5
111 104 5 5
112 109 5 5
112 102 5 5
112 104 5 5
112 108 5 5
113 110 5 5
113 105 5 5
113 102 5 5
113 101 5 5
114 102 5 5
114 108 5 5
114 107 5 5
114 106 5 5
115 101 5 5
115 102 5 5
115 108 5 5
115 113 5 5
116 105 5 5
116 111 5 5
116 103 5 5
116 115 5 5
117 109 5 5
117 100 5 5
117 105 5 5
117 116 5 5
118 113 5 5
118 117 5 5
118 102 5 5
118 105 5 5
119 111 5 5
119 109 5 5
119 113 5 5
119 116 5 5
100 110 5 5
100 118 5 5
100 116 5 5
100 108 5 5
101 119 5 5
101 118 5 5
101 116 5 5
101 117 5 5
102 116 5 5
102 117 5 5
102 107 5 5
102 119 5 5
103 110 5 5
103 114 5 5
103 118 5 5
103 108 5 5
124 121 6 6
124 120 6 6
124 123 6 6
124 122 6 6
125 123 6 6
125 120 6 6
125 122 6 6
125 124 6 6
126 120 6 6
126 125 6 6
126 124 6 6
126 123 6 6
127 123 6 6
127 124 6 6
127 126 6 6
127 120 6 6
128 124 6 6
128 127 6 6
128 123 6 6
128 125 6 6
129 124 6 6
129 122 6 6
129 121 6 6
129 127 6 6
130 120 6 6
130 125 6 6
130 124 6 6
130 123 6 6
131 124 6 6
131 126 6 6
131 125 6 6
131 127 6 6
132 125 6 6
132 130 6 6
132 126 6 6
132 120 6 6
133 130 6 6
133 125 6 6
133 120 6 6
133 131 6 6
134 127 6 6
134 130 6 6
134 126 6 6
134 128 6 6
135 134 6 6
135 130 6 6
135 126 6 6
135 131 6 6
136 122 6 6
136 124 6 6
136 128 6 6
136 121 6 6
137 122 6 6
137 125 6 6
137 131 6 6
137 133 6 6
138 135 6 6
138 136 6 6
138 134 6 6
138 129 6 6
139 133 6 6
139 121 6 6
139 130 6 6
139 132 6 6
120 134 6 6
120 131 6 6
120 139 6 6
120 129 6 6
121 125 6 6
121 133 6 6
121 135 6 6
121 130 6 6
122 131 6 6
122 134 6 6
122 138 6 6
122 133 6 6
123 133 6 6
123 131 6 6
123 135 6 6
123 129 6 6
144 140 7 7
144 142 7 7
144 143 7 7
144 141 7 7
145 141 7 7
145 144 7 7
145 143 7 7
145 142 7 7
146 144 7 7
146 145 7 7
146 142 7 7
146 143 7 7
147 146 7 7
147 145 7 7
147 142 7 7
147 144 7 7
148 140 7 7
148 144 7 7
148 141 7 7
148 145 7 7
149 145 7 7
149 147 7 7
149 144 7 7
149 140 7 7
150 148 7 7
150 146 7 7
150 149 7 7
150 140 7 7
151 150 7 7
151 141 7 7
151 145 7 7
151 140 7 7
152 145 7 7
152 142 7 7
152 140 7 7
152 144 7 7
153 142 7 7
153 146 7 7
153 152 7 7
153 144 7 7
154 143 7 7
154 145 7 7
154 144 7 7
154 152 7 7
155 150 7 7
155 146 7 7
155 149 7 7
155 144 7 7
156 154 7 7
156 151 7 7
156 155 7 7
156 153 7 7
157 154 7 7
157 144 7 7
157 145 7 7
157 155 7 7
158 156 7 7
158 149 7 7
158 140 7 7
158 142 7 7
159 145 7 7
159 147 7 7
159 152 7 7
159 156 7 7
140 156 7 7
140 145 7 7
140 153 7 7
140 159 7 7
141 153 7 7
141 149 7 7
141 150 7 7
141 157 7 7
142 154 7 7
142 155 7 7
142 148 7 7
142 150 7 7
143 152 7 7
143 155 7 7
143 156 7 7
143 157 7 7
164 163 8 8
164 160 8 8
164 162 8 8
164 161 8 8
165 161 8 8
165 160 8 8
165 163 8 8
165 164 8 8
166 160 8 8
166 162 8 8
166 161 8 8
166 164 8 8
167 162 8 8
167 160 8 8
167 164 8 8
167 163 8 8
168 161 8 8
168 164 8 8
168 162 8 8
168 165 8 8
169 162 8 8
169 163 8 8
169 160 8 8
169 164 8 8
170 168 8 8
170 164 8 8
170 163 8 8
170 161 8 8
171 167 8 8
171 165 8 8
171 160 8 8
171 162 8 8
172 162 8 8
172 168 8 8
172 166 8 8
172 164 8 8
173 164 8 8
173 163 8 8
173 171 8 8
173 165 8 8
174 166 8 8
174 162 8 8
174 165 8 8
174 160 8 8
175 166 8 8
175 169 8 8
175 164 8 8
175 165 8 8
176 162 8 8
176 175 8 8
176 164 8 8
176 167 8 8
177 161 8 8
177 164 8 8
177 160 8 8
177 171 8 8
178 161 8 8
178 170 8 8
178 168 8 8
178 160 8 8
179 173 8 8
179 164 8 8
179 170 8 8
179 175 8 8
160 176 8 8
160 175 8 8
160 173 8 8
160 168 8 8
161 176 8 8
161 179 8 8
161 167 8 8
161 174 8 8
162 179 8 8
162 165 8 8
162 177 8 8
162 170 8 8
163 174 8 8
163 178 8 8
163 175 8 8
163 176 8 8
184 182 9 9
184 180 9 9
184 183 9 9
184 181 9 9
185 180 9 9
185 184 9 9
185 182 9 9
185 181 9 9
186 182 9 9
186 183 9 9
186 185 9 9
186 180 9 9
187 183 9 9
187 184 9 9
187 180 9 9
187 186 9 9
188 180 9 9
188 184 9 9
188 185 9 9
188 182 9 9
189 183 9 9
189 188 9 9
189 180 9 9
189 184 9 9
190 186 9 9
190 183 9 9
190 182 9 9
190 185 9 9
191 182 9 9
191 188 9 9
191 181 9 9
191 189 9 9
192 183 9 9
192 191 9 9
192 185 9 9
192 187 9 9
193 190 9 9
193 183 9 9
193 184 9 9
193 187 9 9
194 187 9 9
194 192 9 9
194 186 9 9
194 180 9 9
195 180 9 9
195 191 9 9
195 181 9 9
195 183 9 9
196 186 9 9
196 180 9 9
196 192 9 9
196 187 9 9
197 187 9 9
197 196 9 9
197 182 9 9
197 183 9 9
198 195 9 9
198 192 9 9
198 190 9 9
198 186 9 9
199 196 9 9
199 190 9 9
199 191 9 9
199 182 9 9
180 197 9 9
180 191 9 9
180 198 9 9
180 199 9 9
181 198 9 9
181 196 9 9
181 193 9 9
181 190 9 9
182 196 9 9
182 193 9 9
182 195 9 9
182 189 9 9
183 191 9 9
183 194 9 9
183 196 9 9
183 188 9 9
204 203 10 10
204 201 10 10
204 202 10 10
204 200 10 10
205 201 10 10
205 202 10 10
205 204 10 10
205 203 10 10
206 202 10 10
206 201 10 10
206 200 10 10
206 204 10 10
207 202 10 10
207 205 10 10
207 201 10 10
207 203 10 10
208 202 10 10
208 205 10 10
208 201 10 10
208 206 10 10
209 200 10 10
209 206 10 10
209 207 10 10
209 205 10 10
210 208 10 10
210 202 10 10
210 205 10 10
210 207 10 10
211 201 10 10
211 200 10 10
211 206 10 10
211 202 10 10
212 205 10 10
212 204 10 10
212 203 10 10
212 209 10 10
213 209 10 10
213 207 10 10
213 210 10 10
213 208 10 10
214 211 10 10
214 205 10 10
214 201 10 10
214 206 10 10
215 200 10 10
215 210 10 10
215 211 10 10
215 208 10 10
216 209 10 10
216 211 10 10
216 205 10 10
216 212 10 10
217 203 10 10
217 201 10 10
217 200 10 10
217 212 10 10
218 210 10 10
218 207 10 10
218 213 10 10
218 209 10 10
219 201 10 10
219 216 10 10
219 210 10 10
219 214 10 10
200 212 10 10
200 205 10 10
200 213 10 10
200 214 10 10
201 212 10 10
201 216 10 10
201 218 10 10
201 209 10 10
202 218 10 10
202 214 10 10
202 212 10 10
202 213 10 10
203 211 10 10
203 215 10 10
203 218 10 10
203 219 10 10
224 223 11 11
224 220 11 11
224 222 11 11
224 221 11 11
225 224 11 11
225 220 11 11
225 222 11 11
225 223 11 11
226 223 11 11
226 224 11 11
226 221 11 11
226 220 11 11
227 223 11 11
227 225 11 11
227 221 11 11
227 220 11 11
228 227 11 11
228 226 11 11
228 224 11 11
228 220 11 11
229 225 11 11
229 224 11 11
229 222 11 11
229 221 11 11
230 224 11 11
230 228 11 11
230 227 11 11
230 229 11 11
231 224 11 11
231 230 11 11
231 227 11 11
231 221 11 11
232 221 11 11
232 230 11 11
232 224 11 11
232 223 11 11
233 231 11 11
233 221 11 11
233 229 11 11
233 227 11 11
234 232 11 11
234 224 11 11
234 231 11 11
234 230 11 11
235 224 11 11
235 233 11 11
235 223 11 11
235 226 11 11
236 224 11 11
236 229 11 11
236 235 11 11
236 226 11 11
237 227 11 11
237 226 11 11
237 236 11 11
237 232 11 11
238 228 11 11
238 234 11 11
238 222 11 11
238 229 11 11
239 235 11 11
239 228 11 11
239 224 11 11
239 227 11 11
220 236 11 11
220 239 11 11
220 229 11 11
220 233 11 11
221 230 11 11
221 238 11 11
221 237 11 11
221 236 11 11
222 227 11 11
222 232 11 11
222 236 11 11
222 230 11 11
223 233 11 11
223 237 11 11
223 230 11 11
223 236 11 11
244 240 12 12
244 241 12 12
244 242 12 12
244 243 12 12
245 240 12 12
245 243 12 12
245 241 12 12
245 242 12 12
246 245 12 12
246 240 12 12
246 242 12 12
246 243 12 12
247 240 12 12
247 244 12 12
247 243 12 12
247 242 12 12
248 247 12 12
248 241 12 12
248 244 12 12
248 240 12 12
249 247 12 12
249 243 12 12
249 244 12 12
249 245 12 12
250 244 12 12
250 243 12 12
250 242 12 12
250 247 12 12
251 249 12 12
251 248 12 12
251 244 12 12
251 243 12 12
252 251 12 12
252 244 12 12
252 249 12 12
252 248 12 12
253 251 12 12
253 247 12 12
253 246 12 12
253 240 12 12
254 247 12 12
254 251 12 12
254 248 12 12
254 243 12 12
255 252 12 12
255 250 12 12
255 249 12 12
255 247 12 12
256 250 12 12
256 247 12 12
256 244 12 12
256 252 12 12
257 251 12 12
257 247 12 12
257 249 12 12
257 241 12 12
258 245 12 12
258 242 12 12
258 243 12 12
258 256 12 12
259 241 12 12
259 254 12 12
259 249 12 12
259 240 12 12
240 254 12 12
240 257 12 12
240 258 12 12
240 249 12 12
241 253 12 12
241 258 12 12
241 250 12 12
241 246 12 12
242 259 12 12
242 249 12 12
242 257 12 12
242 254 12 12
243 257 12 12
243 259 12 12
243 255 12 12
243 253 12 12
264 262 13 13
264 263 13 13
264 261 13 13
264 260 13 13
265 262 13 13
265 263 13 13
265 260 13 13
265 261 13 13
266 262 13 13
266 260 13 13
266 265 13 13
266 261 13 13
267 261 13 13
267 266 13 13
267 264 13 13
267 262 13 13
268 260 13 13
268 266 13 13
268 267 13 13
268 265 13 13
269 262 13 13
269 264 13 13
269 263 13 13
269 266 13 13
270 264 13 13
270 269 13 13
270 265 13 13
270 263 13 13
271 261 13 13
271 265 13 13
271 263 13 13
271 260 13 13
272 265 13 13
272 269 13 13
272 262 13 13
272 264 13 13
273 263 13 13
273 271 13 13
273 262 13 13
273 265 13 13
274 263 13 13
274 267 13 13
274 262 13 13
274 265 13 13
275 271 13 13
275 273 13 13
275 263 13 13
275 261 13 13
276 263 13 13
276 266 13 13
276 272 13 13
276 264 13 13
277 266 13 13
277 276 13 13
277 270 13 13
277 274 13 13
278 269 13 13
278 263 13 13
278 275 13 13
278 274 13 13
279 265 13 13
279 277 13 13
279 267 13 13
279 276 13 13
260 272 13 13
260 277 13 13
260 267 13 13
260 273 13 13
261 279 13 13
261 274 13 13
261 278 13 13
261 273 13 13
262 275 13 13
262 279 13 13
262 278 13 13
262 271 13 13
263 268 13 13
263 277 13 13
263 279 13 13
263 272 13 13
284 280 14 14
284 282 14 14
284 283 14 14
284 281 14 14
285 284 14 14
285 280 14 14
285 282 14 14
285 283 14 14
286 285 14 14
286 282 14 14
286 281 14 14
286 280 14 14
287 285 14 14
287 281 14 14
287 286 14 14
287 280 14 14
288 285 14 14
288 280 14 14
288 284 14 14
288 281 14 14
289 284 14 14
289 285 14 14
289 288 14 14
289 286 14 14
290 282 14 14
290 289 14 14
290 280 14 14
290 281 14 14
291 290 14 14
291 280 14 14
291 284 14 14
291 282 14 14
292 280 14 14
292 284 14 14
292 285 14 14
292 282 14 14
293 283 14 14
293 284 14 14
293 290 14 14
293 289 14 14
294 287 14 14
294 290 14 14
294 282 14 14
294 291 14 14
295 293 14 14
295 283 14 14
295 285 14 14
295 288 14 14
296 295 14 14
296 280 14 14
296 293 14 14
296 290 14 14
297 282 14 14
297 287 14 14
297 289 14 14
297 291 14 14
298 295 14 14
298 281 14 14
298 282 14 14
298 283 14 14
299 291 14 14
299 292 14 14
299 289 14 14
299 285 14 14
280 289 14 14
280 293 14 14
280 295 14 14
280 299 14 14
281 297 14 14
281 294 14 14
281 292 14 14
281 296 14 14
282 296 14 14
282 295 14 14
282 293 14 14
282 299 14 14
283 286 14 14
283 289 14 14
283 296 14 14
283 290 14 14
304 303 15 15
304 300 15 15
304 301 15 15
304 302 15 15
305 300 15 15
305 303 15 15
305 301 15 15
305 304 15 15
306 301 15 15
306 304 15 15
306 300 15 15
306 305 15 15
307 300 15 15
307 303 15 15
307 306 15 15
307 305 15 15
308 302 15 15
308 300 15 15
308 305 15 15
308 304 15 15
309 302 15 15
309 308 15 15
309 305 15 15
309 306 15 15
310 304 15 15
310 307 15 15
310 301 15 15
310 308 15 15
311 304 15 15
311 310 15 15
311 300 15 15
311 301 15 15
312 307 15 15
312 303 15 15
312 308 15 15
312 305 15 15
313 309 15 15
313 306 15 15
313 308 15 15
313 302 15 15
314 305 15 15
314 308 15 15
314 310 15 15
314 304 15 15
315 308 15 15
315 312 15 15
315 306 15 15
315 300 15 15
316 312 15 15
316 307 15 15
316 305 15 15
316 315 15 15
317 303 15 15
317 306 15 15
317 305 15 15
317 304 15 15
318 303 15 15
318 308 15 15
318 315 15 15
318 307 15 15
319 311 15 15
319 317 15 15
319 308 15 15
319 314 15 15
300 313 15 15
300 312 15 15
300 314 15 15
300 309 15 15
301 308 15 15
301 314 15 15
301 312 15 15
301 319 15 15
302 305 15 15
302 314 15 15
302 310 15 15
302 315 15 15
303 314 15 15
303 310 15 15
303 319 15 15
303 315 15 15
80 61 4 3
97 48 4 2
87 18 4 0
98 27 4 1
108 99 5 4
118 19 5 0
109 56 5 2
106 68 5 3
130 26 6 1
123 12 6 0
139 116 6 5
131 47 6 2
145 25 7 1
147 132 7 6
157 71 7 3
149 2 7 0
169 26 8 1
173 95 8 4
173 121 8 6
168 74 8 3
196 25 9 1
197 129 9 6
199 59 9 2
198 93 9 4
205 34 10 1
201 87 10 4
202 131 10 6
215 18 10 0
230 87 11 4
237 8 11 0
239 35 11 1
228 209 11 10
249 213 12 10
246 185 12 9
252 127 12 6
248 48 12 2
261 207 13 10
261 93 13 4
267 107 13 5
279 75 13 3
295 208 14 10
298 165 14 8
288 72 14 3
291 154 14 7
318 1 15 0
305 207 15 10
316 24 15 1
312 256 15 12
11 194 0 9
3 172 0 8
8 284 0 14
2 259 0 12
33 255 1 12
37 288 1 14
28 262 1 13
29 106 1 5
42 319 2 15
55 217 2 10
44 225 2 11
47 272 2 13
75 184 3 9
65 222 3 11
74 316 3 15
76 246 3 12
