swNum = 320
edgeNum = 1344

0 0
1 0
2 0
3 0
4 0
5 0
6 0
7 0
8 0
9 0
10 0
11 0
12 0
13 0
14 0
15 0
16 0
17 0
18 0
19 0
20 1
21 1
22 1
23 1
24 1
25 1
26 1
27 1
28 1
29 1
30 1
31 1
32 1
33 1
34 1
35 1
36 1
37 1
38 1
39 1
40 2
41 2
42 2
43 2
44 2
45 2
46 2
47 2
48 2
49 2
50 2
51 2
52 2
53 2
54 2
55 2
56 2
57 2
58 2
59 2
60 3
61 3
62 3
63 3
64 3
65 3
66 3
67 3
68 3
69 3
70 3
71 3
72 3
73 3
74 3
75 3
76 3
77 3
78 3
79 3
80 4
81 4
82 4
83 4
84 4
85 4
86 4
87 4
88 4
89 4
90 4
91 4
92 4
93 4
94 4
95 4
96 4
97 4
98 4
99 4
100 5
101 5
102 5
103 5
104 5
105 5
106 5
107 5
108 5
109 5
110 5
111 5
112 5
113 5
114 5
115 5
116 5
117 5
118 5
119 5
120 6
121 6
122 6
123 6
124 6
125 6
126 6
127 6
128 6
129 6
130 6
131 6
132 6
133 6
134 6
135 6
136 6
137 6
138 6
139 6
140 7
141 7
142 7
143 7
144 7
145 7
146 7
147 7
148 7
149 7
150 7
151 7
152 7
153 7
154 7
155 7
156 7
157 7
158 7
159 7
160 8
161 8
162 8
163 8
164 8
165 8
166 8
167 8
168 8
169 8
170 8
171 8
172 8
173 8
174 8
175 8
176 8
177 8
178 8
179 8
180 9
181 9
182 9
183 9
184 9
185 9
186 9
187 9
188 9
189 9
190 9
191 9
192 9
193 9
194 9
195 9
196 9
197 9
198 9
199 9
200 10
201 10
202 10
203 10
204 10
205 10
206 10
207 10
208 10
209 10
210 10
211 10
212 10
213 10
214 10
215 10
216 10
217 10
218 10
219 10
220 11
221 11
222 11
223 11
224 11
225 11
226 11
227 11
228 11
229 11
230 11
231 11
232 11
233 11
234 11
235 11
236 11
237 11
238 11
239 11
240 12
241 12
242 12
243 12
244 12
245 12
246 12
247 12
248 12
249 12
250 12
251 12
252 12
253 12
254 12
255 12
256 12
257 12
258 12
259 12
260 13
261 13
262 13
263 13
264 13
265 13
266 13
267 13
268 13
269 13
270 13
271 13
272 13
273 13
274 13
275 13
276 13
277 13
278 13
279 13
280 14
281 14
282 14
283 14
284 14
285 14
286 14
287 14
288 14
289 14
290 14
291 14
292 14
293 14
294 14
295 14
296 14
297 14
298 14
299 14
300 15
301 15
302 15
303 15
304 15
305 15
306 15
307 15
308 15
309 15
310 15
311 15
312 15
313 15
314 15
315 15
316 15
317 15
318 15
319 15

4 2 0 0
4 0 0 0
4 1 0 0
4 3 0 0
5 4 0 0
5 2 0 0
5 0 0 0
5 1 0 0
6 3 0 0
6 2 0 0
6 5 0 0
6 4 0 0
7 1 0 0
7 3 0 0
7 6 0 0
7 2 0 0
8 0 0 0
8 5 0 0
8 2 0 0
8 4 0 0
9 2 0 0
9 1 0 0
9 7 0 0
9 5 0 0
10 5 0 0
10 6 0 0
10 2 0 0
10 4 0 0
11 1 0 0
11 3 0 0
11 5 0 0
11 7 0 0
12 7 0 0
12 5 0 0
12 6 0 0
12 10 0 0
13 6 0 0
13 2 0 0
13 7 0 0
13 1 0 0
14 2 0 0
14 11 0 0
14 0 0 0
14 9 0 0
15 14 0 0
15 1 0 0
15 8 0 0
15 3 0 0
16 13 0 0
16 9 0 0
16 6 0 0
16 12 0 0
17 10 0 0
17 16 0 0
17 6 0 0
17 5 0 0
18 14 0 0
18 11 0 0
18 6 0 0
18 7 0 0
19 0 0 0
19 5 0 0
19 9 0 0
19 6 0 0
0 11 0 0
0 7 0 0
0 18 0 0
0 9 0 0
1 18 0 0
1 14 0 0
1 6 0 0
1 12 0 0
2 17 0 0
2 16 0 0
2 18 0 0
2 12 0 0
3 16 0 0
3 9 0 0
3 18 0 0
3 14 0 0
24 23 1 1
24 21 1 1
24 20 1 1
24 22 1 1
25 20 1 1
25 22 1 1
25 23 1 1
25 21 1 1
26 20 1 1
26 24 1 1
26 25 1 1
26 21 1 1
27 25 1 1
27 20 1 1
27 21 1 1
27 26 1 1
28 26 1 1
28 27 1 1
28 22 1 1
28 21 1 1
29 26 1 1
29 28 1 1
29 27 1 1
29 21 1 1
30 25 1 1
30 21 1 1
30 24 1 1
30 23 1 1
31 24 1 1
31 29 1 1
31 27 1 1
31 30 1 1
32 30 1 1
32 24 1 1
32 31 1 1
32 23 1 1
33 29 1 1
33 24 1 1
33 32 1 1
33 31 1 1
34 22 1 1
34 29 1 1
34 21 1 1
34 33 1 1
35 24 1 1
35 32 1 1
35 33 1 1
35 30 1 1
36 30 1 1
36 31 1 1
36 35 1 1
36 32 1 1
37 20 1 1
37 34 1 1
37 29 1 1
37 36 1 1
38 27 1 1
38 32 1 1
38 35 1 1
38 28 1 1
39 35 1 1
39 24 1 1
39 25 1 1
39 21 1 1
20 29 1 1
20 38 1 1
20 32 1 1
20 30 1 1
21 38 1 1
21 37 1 1
21 33 1 1
21 35 1 1
22 31 1 1
22 37 1 1
22 32 1 1
22 29 1 1
23 36 1 1
23 31 1 1
23 33 1 1
23 35 1 1
44 40 2 2
44 42 2 2
44 43 2 2
44 41 2 2
45 43 2 2
45 42 2 2
45 40 2 2
45 44 2 2
46 40 2 2
46 45 2 2
46 43 2 2
46 42 2 2
47 42 2 2
47 41 2 2
47 44 2 2
47 40 2 2
48 47 2 2
48 40 2 2
48 44 2 2
48 43 2 2
49 43 2 2
49 44 2 2
49 46 2 2
49 42 2 2
50 44 2 2
50 48 2 2
50 47 2 2
50 42 2 2
51 40 2 2
51 41 2 2
51 42 2 2
51 45 2 2
52 41 2 2
52 40 2 2
52 43 2 2
52 42 2 2
53 42 2 2
53 50 2 2
53 43 2 2
53 41 2 2
54 50 2 2
54 42 2 2
54 53 2 2
54 40 2 2
55 48 2 2
55 44 2 2
55 40 2 2
55 43 2 2
56 52 2 2
56 41 2 2
56 47 2 2
56 43 2 2
57 42 2 2
57 41 2 2
57 56 2 2
57 49 2 2
58 52 2 2
58 48 2 2
58 41 2 2
58 54 2 2
59 46 2 2
59 51 2 2
59 42 2 2
59 43 2 2
40 59 2 2
40 53 2 2
40 50 2 2
40 58 2 2
41 54 2 2
41 49 2 2
41 50 2 2
41 48 2 2
42 58 2 2
42 48 2 2
42 55 2 2
42 56 2 2
43 51 2 2
43 58 2 2
43 57 2 2
43 50 2 2
64 63 3 3
64 62 3 3
64 61 3 3
64 60 3 3
65 63 3 3
65 61 3 3
65 64 3 3
65 62 3 3
66 65 3 3
66 63 3 3
66 64 3 3
66 61 3 3
67 66 3 3
67 63 3 3
67 61 3 3
67 64 3 3
68 67 3 3
68 61 3 3
68 66 3 3
68 65 3 3
69 67 3 3
69 61 3 3
69 60 3 3
69 62 3 3
70 62 3 3
70 61 3 3
70 60 3 3
70 68 3 3
71 67 3 3
71 69 3 3
71 70 3 3
71 62 3 3
72 67 3 3
72 62 3 3
72 68 3 3
72 61 3 3
73 68 3 3
73 60 3 3
73 65 3 3
73 63 3 3
74 69 3 3
74 71 3 3
74 70 3 3
74 67 3 3
75 68 3 3
75 71 3 3
75 66 3 3
75 70 3 3
76 64 3 3
76 63 3 3
76 66 3 3
76 74 3 3
77 73 3 3
77 75 3 3
77 69 3 3
77 71 3 3
78 72 3 3
78 75 3 3
78 70 3 3
78 77 3 3
79 71 3 3
79 68 3 3
79 64 3 3
79 70 3 3
60 67 3 3
60 65 3 3
60 72 3 3
60 78 3 3
61 79 3 3
61 71 3 3
61 78 3 3
61 77 3 3
62 78 3 3
62 74 3 3
62 75 3 3
62 66 3 3
63 68 3 3
63 72 3 3
63 74 3 3
63 75 3 3
84 82 4 4
84 81 4 4
84 83 4 4
84 80 4 4
85 81 4 4
85 80 4 4
85 84 4 4
85 82 4 4
86 80 4 4
86 82 4 4
86 85 4 4
86 83 4 4
87 85 4 4
87 84 4 4
87 80 4 4
87 83 4 4
88 82 4 4
88 81 4 4
88 85 4 4
88 84 4 4
89 83 4 4
89 87 4 4
89 80 4 4
89 81 4 4
90 85 4 4
90 82 4 4
90 83 4 4
90 87 4 4
91 88 4 4
91 86 4 4
91 83 4 4
91 90 4 4
92 84 4 4
92 82 4 4
92 80 4 4
92 86 4 4
93 92 4 4
93 91 4 4
93 80 4 4
93 88 4 4
94 89 4 4
94 92 4 4
94 83 4 4
94 82 4 4
95 92 4 4
95 94 4 4
95 90 4 4
95 91 4 4
96 84 4 4
96 87 4 4
96 95 4 4
96 92 4 4
97 84 4 4
97 90 4 4
97 93 4 4
97 91 4 4
98 87 4 4
98 89 4 4
98 84 4 4
98 96 4 4
99 90 4 4
99 88 4 4
99 85 4 4
99 98 4 4
80 88 4 4
80 91 4 4
80 97 4 4
80 98 4 4
81 91 4 4
81 90 4 4
81 98 4 4
81 96 4 4
82 98 4 4
82 96 4 4
82 97 4 4
82 99 4 4
83 95 4 4
83 96 4 4
83 99 4 4
83 98 4 4
104 100 5 5
104 103 5 5
104 101 5 5
104 102 5 5
105 103 5 5
105 104 5 5
105 102 5 5
105 101 5 5
106 102 5 5
106 104 5 5
106 103 5 5
106 101 5 5
107 102 5 5
107 106 5 5
107 104 5 5
107 103 5 5
108 100 5 5
108 107 5 5
108 104 5 5
108 106 5 5
109 106 5 5
109 104 5 5
109 103 5 5
109 108 5 5
110 108 5 5
110 104 5 5
110 107 5 5
110 102 5 5
111 100 5 5
111 106 5 5
111 108 5 5
111 102 5 5
112 105 5 5
112 102 5 5
112 110 5 5
112 103 5 5
113 105 5 5
113 109 5 5
113 103 5 5
113 110 5 5
114 109 5 5
114 108 5 5
114 103 5 5
114 113 5 5
115 109 5 5
115 103 5 5
115 107 5 5
115 102 5 5
116 114 5 5
116 109 5 5
116 110 5 5
116 104 5 5
117 104 5 5
117 108 5 5
117 107 5 5
117 115 5 5
118 100 5 5
118 106 5 5
118 114 5 5
118 109 5 5
119 110 5 5
119 114 5 5
119 103 5 5
119 100 5 5
100 116 5 5
100 114 5 5
100 105 5 5
100 117 5 5
101 119 5 5
101 108 5 5
101 118 5 5
101 116 5 5
102 118 5 5
102 108 5 5
102 116 5 5
102 109 5 5
103 111 5 5
103 110 5 5
103 118 5 5
103 108 5 5
124 122 6 6
124 121 6 6
124 120 6 6
124 123 6 6
125 123 6 6
125 121 6 6
125 122 6 6
125 124 6 6
126 121 6 6
126 122 6 6
126 120 6 6
126 124 6 6
127 125 6 6
127 124 6 6
127 123 6 6
127 126 6 6
128 121 6 6
128 125 6 6
128 123 6 6
128 122 6 6
129 126 6 6
129 121 6 6
129 123 6 6
129 127 6 6
130 122 6 6
130 124 6 6
130 128 6 6
130 121 6 6
131 125 6 6
131 126 6 6
131 122 6 6
131 128 6 6
132 125 6 6
132 123 6 6
132 129 6 6
132 131 6 6
133 130 6 6
133 122 6 6
133 132 6 6
133 124 6 6
134 122 6 6
134 126 6 6
134 133 6 6
134 131 6 6
135 121 6 6
135 127 6 6
135 126 6 6
135 122 6 6
136 133 6 6
136 125 6 6
136 135 6 6
136 126 6 6
137 123 6 6
137 135 6 6
137 132 6 6
137 127 6 6
138 121 6 6
138 129 6 6
138 126 6 6
138 131 6 6
139 122 6 6
139 133 6 6
139 138 6 6
139 129 6 6
120 127 6 6
120 139 6 6
120 134 6 6
120 137 6 6
121 131 6 6
121 134 6 6
121 139 6 6
121 133 6 6
122 132 6 6
122 137 6 6
122 138 6 6
122 129 6 6
123 136 6 6
123 126 6 6
123 138 6 6
123 135 6 6
144 142 7 7
144 140 7 7
144 143 7 7
144 141 7 7
145 143 7 7
145 144 7 7
145 140 7 7
145 142 7 7
146 142 7 7
146 144 7 7
146 143 7 7
146 145 7 7
147 145 7 7
147 140 7 7
147 141 7 7
147 143 7 7
148 145 7 7
148 142 7 7
148 141 7 7
148 140 7 7
149 145 7 7
149 141 7 7
149 147 7 7
149 148 7 7
150 145 7 7
150 143 7 7
150 144 7 7
150 147 7 7
151 147 7 7
151 144 7 7
151 140 7 7
151 150 7 7
152 148 7 7
152 147 7 7
152 145 7 7
152 151 7 7
153 150 7 7
153 140 7 7
153 151 7 7
153 147 7 7
154 153 7 7
154 145 7 7
154 142 7 7
154 146 7 7
155 142 7 7
155 144 7 7
155 150 7 7
155 140 7 7
156 147 7 7
156 141 7 7
156 145 7 7
156 149 7 7
157 149 7 7
157 150 7 7
157 145 7 7
157 152 7 7
158 149 7 7
158 141 7 7
158 147 7 7
158 140 7 7
159 157 7 7
159 147 7 7
159 149 7 7
159 148 7 7
140 157 7 7
140 159 7 7
140 152 7 7
140 149 7 7
141 159 7 7
141 157 7 7
141 152 7 7
141 151 7 7
142 156 7 7
142 153 7 7
142 150 7 7
142 159 7 7
143 154 7 7
143 155 7 7
143 151 7 7
143 149 7 7
164 163 8 8
164 162 8 8
164 161 8 8
164 160 8 8
165 162 8 8
165 160 8 8
165 163 8 8
165 164 8 8
166 161 8 8
166 165 8 8
166 163 8 8
166 160 8 8
167 163 8 8
167 161 8 8
167 164 8 8
167 165 8 8
168 165 8 8
168 162 8 8
168 160 8 8
168 166 8 8
169 162 8 8
169 160 8 8
169 163 8 8
169 165 8 8
170 161 8 8
170 165 8 8
170 166 8 8
170 164 8 8
171 162 8 8
171 168 8 8
171 160 8 8
171 165 8 8
172 160 8 8
172 162 8 8
172 166 8 8
172 171 8 8
173 167 8 8
173 160 8 8
173 168 8 8
173 165 8 8
174 167 8 8
174 165 8 8
174 164 8 8
174 160 8 8
175 163 8 8
175 173 8 8
175 162 8 8
175 174 8 8
176 172 8 8
176 171 8 8
176 170 8 8
176 164 8 8
177 167 8 8
177 174 8 8
177 165 8 8
177 164 8 8
178 169 8 8
178 171 8 8
178 172 8 8
178 173 8 8
179 162 8 8
179 176 8 8
179 167 8 8
179 166 8 8
160 178 8 8
160 176 8 8
160 175 8 8
160 179 8 8
161 173 8 8
161 176 8 8
161 165 8 8
161 178 8 8
162 177 8 8
162 178 8 8
162 174 8 8
162 176 8 8
163 177 8 8
163 172 8 8
163 174 8 8
163 176 8 8
184 182 9 9
184 183 9 9
184 181 9 9
184 180 9 9
185 182 9 9
185 184 9 9
185 180 9 9
185 181 9 9
186 185 9 9
186 184 9 9
186 182 9 9
186 180 9 9
187 182 9 9
187 186 9 9
187 180 9 9
187 184 9 9
188 187 9 9
188 183 9 9
188 181 9 9
188 186 9 9
189 182 9 9
189 184 9 9
189 188 9 9
189 187 9 9
190 182 9 9
190 187 9 9
190 186 9 9
190 185 9 9
191 184 9 9
191 185 9 9
191 187 9 9
191 182 9 9
192 190 9 9
192 183 9 9
192 182 9 9
192 189 9 9
193 185 9 9
193 188 9 9
193 191 9 9
193 186 9 9
194 182 9 9
194 189 9 9
194 185 9 9
194 190 9 9
195 186 9 9
195 184 9 9
195 194 9 9
195 188 9 9
196 191 9 9
196 184 9 9
196 190 9 9
196 185 9 9
197 185 9 9
197 195 9 9
197 189 9 9
197 182 9 9
198 182 9 9
198 195 9 9
198 197 9 9
198 190 9 9
199 183 9 9
199 190 9 9
199 186 9 9
199 194 9 9
180 193 9 9
180 190 9 9
180 198 9 9
180 194 9 9
181 192 9 9
181 195 9 9
181 187 9 9
181 193 9 9
182 199 9 9
182 193 9 9
182 195 9 9
182 188 9 9
183 190 9 9
183 189 9 9
183 185 9 9
183 187 9 9
204 200 10 10
204 202 10 10
204 201 10 10
204 203 10 10
205 203 10 10
205 204 10 10
205 202 10 10
205 201 10 10
206 205 10 10
206 203 10 10
206 202 10 10
206 204 10 10
207 206 10 10
207 204 10 10
207 205 10 10
207 201 10 10
208 201 10 10
208 207 10 10
208 204 10 10
208 206 10 10
209 206 10 10
209 200 10 10
209 202 10 10
209 205 10 10
210 204 10 10
210 206 10 10
210 207 10 10
210 209 10 10
211 201 10 10
211 207 10 10
211 208 10 10
211 202 10 10
212 209 10 10
212 200 10 10
212 204 10 10
212 205 10 10
213 204 10 10
213 201 10 10
213 211 10 10
213 208 10 10
214 208 10 10
214 211 10 10
214 206 10 10
214 201 10 10
215 214 10 10
215 206 10 10
215 209 10 10
215 203 10 10
216 212 10 10
216 209 10 10
216 204 10 10
216 205 10 10
217 200 10 10
217 215 10 10
217 216 10 10
217 210 10 10
218 204 10 10
218 210 10 10
218 212 10 10
218 202 10 10
219 216 10 10
219 202 10 10
219 203 10 10
219 214 10 10
200 218 10 10
200 210 10 10
200 206 10 10
200 208 10 10
201 206 10 10
201 210 10 10
201 216 10 10
201 212 10 10
202 215 10 10
202 213 10 10
202 212 10 10
202 210 10 10
203 218 10 10
203 216 10 10
203 210 10 10
203 217 10 10
224 223 11 11
224 222 11 11
224 220 11 11
224 221 11 11
225 220 11 11
225 222 11 11
225 221 11 11
225 223 11 11
226 221 11 11
226 223 11 11
226 222 11 11
226 224 11 11
227 225 11 11
227 221 11 11
227 222 11 11
227 220 11 11
228 220 11 11
228 221 11 11
228 224 11 11
228 222 11 11
229 225 11 11
229 228 11 11
229 220 11 11
229 221 11 11
230 221 11 11
230 224 11 11
230 225 11 11
230 220 11 11
231 222 11 11
231 229 11 11
231 230 11 11
231 227 11 11
232 221 11 11
232 223 11 11
232 226 11 11
232 220 11 11
233 220 11 11
233 224 11 11
233 232 11 11
233 222 11 11
234 232 11 11
234 222 11 11
234 221 11 11
234 233 11 11
235 221 11 11
235 225 11 11
235 231 11 11
235 222 11 11
236 227 11 11
236 233 11 11
236 229 11 11
236 232 11 11
237 233 11 11
237 226 11 11
237 229 11 11
237 230 11 11
238 234 11 11
238 231 11 11
238 233 11 11
238 232 11 11
239 220 11 11
239 222 11 11
239 228 11 11
239 230 11 11
220 235 11 11
220 236 11 11
220 231 11 11
220 226 11 11
221 233 11 11
221 238 11 11
221 236 11 11
221 239 11 11
222 236 11 11
222 238 11 11
222 230 11 11
222 237 11 11
223 234 11 11
223 238 11 11
223 235 11 11
223 230 11 11
244 241 12 12
244 242 12 12
244 243 12 12
244 240 12 12
245 242 12 12
245 243 12 12
245 244 12 12
245 240 12 12
246 241 12 12
246 244 12 12
246 245 12 12
246 242 12 12
247 241 12 12
247 246 12 12
247 240 12 12
247 243 12 12
248 244 12 12
248 246 12 12
248 241 12 12
248 245 12 12
249 240 12 12
249 244 12 12
249 246 12 12
249 247 12 12
250 244 12 12
250 248 12 12
250 246 12 12
250 243 12 12
251 245 12 12
251 244 12 12
251 247 12 12
251 243 12 12
252 245 12 12
252 246 12 12
252 244 12 12
252 250 12 12
253 246 12 12
253 248 12 12
253 244 12 12
253 242 12 12
254 252 12 12
254 251 12 12
254 248 12 12
254 244 12 12
255 248 12 12
255 245 12 12
255 244 12 12
255 252 12 12
256 240 12 12
256 246 12 12
256 254 12 12
256 241 12 12
257 248 12 12
257 244 12 12
257 246 12 12
257 245 12 12
258 247 12 12
258 257 12 12
258 255 12 12
258 256 12 12
259 249 12 12
259 253 12 12
259 242 12 12
259 257 12 12
240 253 12 12
240 258 12 12
240 257 12 12
240 250 12 12
241 257 12 12
241 259 12 12
241 249 12 12
241 251 12 12
242 255 12 12
242 249 12 12
242 256 12 12
242 258 12 12
243 252 12 12
243 256 12 12
243 246 12 12
243 248 12 12
264 262 13 13
264 261 13 13
264 263 13 13
264 260 13 13
265 261 13 13
265 262 13 13
265 264 13 13
265 263 13 13
266 265 13 13
266 264 13 13
266 261 13 13
266 263 13 13
267 261 13 13
267 264 13 13
267 263 13 13
267 260 13 13
268 264 13 13
268 260 13 13
268 261 13 13
268 267 13 13
269 266 13 13
269 261 13 13
269 262 13 13
269 267 13 13
270 260 13 13
270 263 13 13
270 268 13 13
270 267 13 13
271 263 13 13
271 267 13 13
271 265 13 13
271 269 13 13
272 262 13 13
272 266 13 13
272 263 13 13
272 260 13 13
273 272 13 13
273 261 13 13
273 267 13 13
273 271 13 13
274 264 13 13
274 266 13 13
274 271 13 13
274 269 13 13
275 262 13 13
275 266 13 13
275 264 13 13
275 269 13 13
276 271 13 13
276 262 13 13
276 260 13 13
276 267 13 13
277 267 13 13
277 264 13 13
277 274 13 13
277 266 13 13
278 262 13 13
278 277 13 13
278 264 13 13
278 265 13 13
279 274 13 13
279 276 13 13
279 277 13 13
279 269 13 13
260 271 13 13
260 273 13 13
260 269 13 13
260 266 13 13
261 278 13 13
261 271 13 13
261 277 13 13
261 275 13 13
262 267 13 13
262 271 13 13
262 273 13 13
262 266 13 13
263 273 13 13
263 269 13 13
263 268 13 13
263 274 13 13
284 280 14 14
284 283 14 14
284 282 14 14
284 281 14 14
285 282 14 14
285 281 14 14
285 284 14 14
285 280 14 14
286 282 14 14
286 285 14 14
286 281 14 14
286 280 14 14
287 285 14 14
287 281 14 14
287 282 14 14
287 286 14 14
288 287 14 14
288 284 14 14
288 280 14 14
288 281 14 14
289 286 14 14
289 283 14 14
289 282 14 14
289 284 14 14
290 283 14 14
290 284 14 14
290 289 14 14
290 281 14 14
291 290 14 14
291 283 14 14
291 282 14 14
291 281 14 14
292 284 14 14
292 286 14 14
292 289 14 14
292 282 14 14
293 286 14 14
293 285 14 14
293 289 14 14
293 282 14 14
294 292 14 14
294 290 14 14
294 284 14 14
294 288 14 14
295 292 14 14
295 293 14 14
295 291 14 14
295 282 14 14
296 295 14 14
296 293 14 14
296 285 14 14
296 288 14 14
297 290 14 14
297 280 14 14
297 294 14 14
297 284 14 14
298 297 14 14
298 290 14 14
298 280 14 14
298 283 14 14
299 281 14 14
299 286 14 14
299 285 14 14
299 292 14 14
280 289 14 14
280 294 14 14
280 291 14 14
280 290 14 14
281 289 14 14
281 292 14 14
281 295 14 14
281 294 14 14
282 294 14 14
282 299 14 14
282 296 14 14
282 288 14 14
283 292 14 14
283 299 14 14
283 295 14 14
283 293 14 14
304 302 15 15
304 301 15 15
304 300 15 15
304 303 15 15
305 303 15 15
305 304 15 15
305 302 15 15
305 301 15 15
306 301 15 15
306 302 15 15
306 304 15 15
306 305 15 15
307 304 15 15
307 301 15 15
307 300 15 15
307 303 15 15
308 307 15 15
308 301 15 15
308 302 15 15
308 306 15 15
309 305 15 15
309 306 15 15
309 304 15 15
309 307 15 15
310 302 15 15
310 309 15 15
310 300 15 15
310 304 15 15
311 309 15 15
311 308 15 15
311 310 15 15
311 302 15 15
312 309 15 15
312 304 15 15
312 306 15 15
312 311 15 15
313 311 15 15
313 308 15 15
313 307 15 15
313 309 15 15
314 311 15 15
314 301 15 15
314 310 15 15
314 304 15 15
315 305 15 15
315 300 15 15
315 306 15 15
315 314 15 15
316 305 15 15
316 303 15 15
316 315 15 15
316 314 15 15
317 302 15 15
317 308 15 15
317 306 15 15
317 309 15 15
318 304 15 15
318 310 15 15
318 316 15 15
318 317 15 15
319 312 15 15
319 300 15 15
319 318 15 15
319 306 15 15
300 317 15 15
300 316 15 15
300 308 15 15
300 305 15 15
301 313 15 15
301 309 15 15
301 316 15 15
301 312 15 15
302 309 15 15
302 314 15 15
302 313 15 15
302 315 15 15
303 319 15 15
303 313 15 15
303 309 15 15
303 318 15 15
85 74 4 3
96 49 4 2
97 22 4 1
82 15 4 0
110 4 5 0
110 54 5 2
107 98 5 4
116 35 5 1
133 86 6 4
125 68 6 3
138 113 6 5
120 24 6 1
150 95 7 4
157 132 7 6
150 7 7 0
144 74 7 3
175 97 8 4
177 58 8 2
166 124 8 6
163 68 8 3
181 124 9 6
196 6 9 0
180 163 9 8
186 98 9 4
201 69 10 3
201 51 10 2
202 118 10 5
206 177 10 8
232 161 11 8
239 12 11 0
221 219 11 10
229 107 11 5
253 126 12 6
259 81 12 4
248 153 12 7
258 31 12 1
260 187 13 9
263 63 13 3
270 2 13 0
268 164 13 8
299 96 14 4
287 264 14 13
286 220 14 11
280 10 14 0
302 225 15 11
315 118 15 5
316 219 15 10
303 67 15 3
11 216 0 10
1 317 0 15
1 254 0 12
11 171 0 8
33 158 1 7
26 277 1 13
32 182 1 9
31 309 1 15
58 150 2 7
46 279 2 13
59 238 2 11
59 303 2 15
69 231 3 11
73 285 3 14
69 241 3 12
72 186 3 9
