swNum = 320
edgeNum = 1344

0 0
1 0
2 0
3 0
4 0
5 0
6 0
7 0
8 0
9 0
10 0
11 0
12 0
13 0
14 0
15 0
16 0
17 0
18 0
19 0
20 1
21 1
22 1
23 1
24 1
25 1
26 1
27 1
28 1
29 1
30 1
31 1
32 1
33 1
34 1
35 1
36 1
37 1
38 1
39 1
40 2
41 2
42 2
43 2
44 2
45 2
46 2
47 2
48 2
49 2
50 2
51 2
52 2
53 2
54 2
55 2
56 2
57 2
58 2
59 2
60 3
61 3
62 3
63 3
64 3
65 3
66 3
67 3
68 3
69 3
70 3
71 3
72 3
73 3
74 3
75 3
76 3
77 3
78 3
79 3
80 4
81 4
82 4
83 4
84 4
85 4
86 4
87 4
88 4
89 4
90 4
91 4
92 4
93 4
94 4
95 4
96 4
97 4
98 4
99 4
100 5
101 5
102 5
103 5
104 5
105 5
106 5
107 5
108 5
109 5
110 5
111 5
112 5
113 5
114 5
115 5
116 5
117 5
118 5
119 5
120 6
121 6
122 6
123 6
124 6
125 6
126 6
127 6
128 6
129 6
130 6
131 6
132 6
133 6
134 6
135 6
136 6
137 6
138 6
139 6
140 7
141 7
142 7
143 7
144 7
145 7
146 7
147 7
148 7
149 7
150 7
151 7
152 7
153 7
154 7
155 7
156 7
157 7
158 7
159 7
160 8
161 8
162 8
163 8
164 8
165 8
166 8
167 8
168 8
169 8
170 8
171 8
172 8
173 8
174 8
175 8
176 8
177 8
178 8
179 8
180 9
181 9
182 9
183 9
184 9
185 9
186 9
187 9
188 9
189 9
190 9
191 9
192 9
193 9
194 9
195 9
196 9
197 9
198 9
199 9
200 10
201 10
202 10
203 10
204 10
205 10
206 10
207 10
208 10
209 10
210 10
211 10
212 10
213 10
214 10
215 10
216 10
217 10
218 10
219 10
220 11
221 11
222 11
223 11
224 11
225 11
226 11
227 11
228 11
229 11
230 11
231 11
232 11
233 11
234 11
235 11
236 11
237 11
238 11
239 11
240 12
241 12
242 12
243 12
244 12
245 12
246 12
247 12
248 12
249 12
250 12
251 12
252 12
253 12
254 12
255 12
256 12
257 12
258 12
259 12
260 13
261 13
262 13
263 13
264 13
265 13
266 13
267 13
268 13
269 13
270 13
271 13
272 13
273 13
274 13
275 13
276 13
277 13
278 13
279 13
280 14
281 14
282 14
283 14
284 14
285 14
286 14
287 14
288 14
289 14
290 14
291 14
292 14
293 14
294 14
295 14
296 14
297 14
298 14
299 14
300 15
301 15
302 15
303 15
304 15
305 15
306 15
307 15
308 15
309 15
310 15
311 15
312 15
313 15
314 15
315 15
316 15
317 15
318 15
319 15

4 2 0 0
4 3 0 0
4 1 0 0
4 0 0 0
5 1 0 0
5 0 0 0
5 3 0 0
5 2 0 0
6 0 0 0
6 4 0 0
6 5 0 0
6 3 0 0
7 6 0 0
7 5 0 0
7 2 0 0
7 1 0 0
8 0 0 0
8 7 0 0
8 4 0 0
8 2 0 0
9 0 0 0
9 1 0 0
9 4 0 0
9 8 0 0
10 0 0 0
10 7 0 0
10 3 0 0
10 6 0 0
11 0 0 0
11 8 0 0
11 6 0 0
11 4 0 0
12 4 0 0
12 6 0 0
12 0 0 0
12 10 0 0
13 10 0 0
13 0 0 0
13 3 0 0
13 5 0 0
14 0 0 0
14 3 0 0
14 5 0 0
14 1 0 0
15 1 0 0
15 3 0 0
15 5 0 0
15 2 0 0
16 5 0 0
16 6 0 0
16 12 0 0
16 1 0 0
17 6 0 0
17 16 0 0
17 14 0 0
17 0 0 0
18 13 0 0
18 11 0 0
18 9 0 0
18 8 0 0
19 5 0 0
19 7 0 0
19 14 0 0
19 10 0 0
0 15 0 0
0 7 0 0
0 18 0 0
0 16 0 0
1 19 0 0
1 17 0 0
1 13 0 0
1 6 0 0
2 17 0 0
2 14 0 0
2 10 0 0
2 19 0 0
3 19 0 0
3 17 0 0
3 7 0 0
3 9 0 0
24 22 1 1
24 20 1 1
24 21 1 1
24 23 1 1
25 23 1 1
25 22 1 1
25 20 1 1
25 24 1 1
26 21 1 1
26 24 1 1
26 22 1 1
26 23 1 1
27 24 1 1
27 26 1 1
27 22 1 1
27 20 1 1
28 24 1 1
28 23 1 1
28 21 1 1
28 25 1 1
29 22 1 1
29 24 1 1
29 23 1 1
29 20 1 1
30 22 1 1
30 26 1 1
30 29 1 1
30 20 1 1
31 22 1 1
31 30 1 1
31 20 1 1
31 27 1 1
32 23 1 1
32 30 1 1
32 20 1 1
32 25 1 1
33 26 1 1
33 20 1 1
33 28 1 1
33 21 1 1
34 20 1 1
34 29 1 1
34 25 1 1
34 22 1 1
35 29 1 1
35 20 1 1
35 24 1 1
35 22 1 1
36 25 1 1
36 22 1 1
36 29 1 1
36 34 1 1
37 24 1 1
37 20 1 1
37 34 1 1
37 27 1 1
38 34 1 1
38 21 1 1
38 37 1 1
38 27 1 1
39 24 1 1
39 25 1 1
39 21 1 1
39 37 1 1
20 36 1 1
20 38 1 1
20 39 1 1
20 28 1 1
21 35 1 1
21 27 1 1
21 32 1 1
21 30 1 1
22 32 1 1
22 37 1 1
22 38 1 1
22 33 1 1
23 36 1 1
23 34 1 1
23 33 1 1
23 37 1 1
44 42 2 2
44 43 2 2
44 41 2 2
44 40 2 2
45 44 2 2
45 42 2 2
45 43 2 2
45 40 2 2
46 42 2 2
46 43 2 2
46 45 2 2
46 44 2 2
47 40 2 2
47 43 2 2
47 41 2 2
47 44 2 2
48 41 2 2
48 46 2 2
48 47 2 2
48 45 2 2
49 44 2 2
49 43 2 2
49 47 2 2
49 46 2 2
50 49 2 2
50 41 2 2
50 47 2 2
50 40 2 2
51 44 2 2
51 48 2 2
51 47 2 2
51 40 2 2
52 47 2 2
52 41 2 2
52 40 2 2
52 43 2 2
53 47 2 2
53 45 2 2
53 52 2 2
53 43 2 2
54 43 2 2
54 47 2 2
54 45 2 2
54 44 2 2
55 51 2 2
55 43 2 2
55 44 2 2
55 49 2 2
56 51 2 2
56 44 2 2
56 43 2 2
56 48 2 2
57 51 2 2
57 46 2 2
57 53 2 2
57 48 2 2
58 47 2 2
58 52 2 2
58 54 2 2
58 55 2 2
59 56 2 2
59 57 2 2
59 48 2 2
59 55 2 2
40 54 2 2
40 57 2 2
40 58 2 2
40 53 2 2
41 45 2 2
41 53 2 2
41 58 2 2
41 54 2 2
42 54 2 2
42 50 2 2
42 49 2 2
42 47 2 2
43 50 2 2
43 58 2 2
43 51 2 2
43 57 2 2
64 62 3 3
64 61 3 3
64 63 3 3
64 60 3 3
65 60 3 3
65 62 3 3
65 61 3 3
65 63 3 3
66 61 3 3
66 65 3 3
66 62 3 3
66 63 3 3
67 65 3 3
67 66 3 3
67 63 3 3
67 60 3 3
68 65 3 3
68 67 3 3
68 61 3 3
68 63 3 3
69 66 3 3
69 63 3 3
69 68 3 3
69 62 3 3
70 68 3 3
70 64 3 3
70 60 3 3
70 67 3 3
71 63 3 3
71 64 3 3
71 70 3 3
71 61 3 3
72 67 3 3
72 66 3 3
72 71 3 3
72 62 3 3
73 71 3 3
73 64 3 3
73 62 3 3
73 61 3 3
74 65 3 3
74 66 3 3
74 64 3 3
74 68 3 3
75 62 3 3
75 74 3 3
75 61 3 3
75 71 3 3
76 69 3 3
76 62 3 3
76 66 3 3
76 63 3 3
77 71 3 3
77 60 3 3
77 67 3 3
77 61 3 3
78 73 3 3
78 63 3 3
78 65 3 3
78 67 3 3
79 77 3 3
79 65 3 3
79 63 3 3
79 67 3 3
60 79 3 3
60 68 3 3
60 71 3 3
60 72 3 3
61 79 3 3
61 78 3 3
61 74 3 3
61 76 3 3
62 79 3 3
62 67 3 3
62 70 3 3
62 68 3 3
63 72 3 3
63 73 3 3
63 77 3 3
63 74 3 3
84 81 4 4
84 82 4 4
84 80 4 4
84 83 4 4
85 81 4 4
85 84 4 4
85 83 4 4
85 82 4 4
86 81 4 4
86 83 4 4
86 85 4 4
86 84 4 4
87 85 4 4
87 83 4 4
87 86 4 4
87 82 4 4
88 83 4 4
88 81 4 4
88 80 4 4
88 82 4 4
89 80 4 4
89 82 4 4
89 81 4 4
89 87 4 4
90 86 4 4
90 82 4 4
90 89 4 4
90 85 4 4
91 84 4 4
91 80 4 4
91 90 4 4
91 87 4 4
92 86 4 4
92 91 4 4
92 81 4 4
92 85 4 4
93 85 4 4
93 92 4 4
93 81 4 4
93 90 4 4
94 88 4 4
94 89 4 4
94 83 4 4
94 84 4 4
95 81 4 4
95 80 4 4
95 83 4 4
95 86 4 4
96 81 4 4
96 80 4 4
96 83 4 4
96 95 4 4
97 81 4 4
97 93 4 4
97 85 4 4
97 84 4 4
98 97 4 4
98 83 4 4
98 91 4 4
98 81 4 4
99 81 4 4
99 94 4 4
99 83 4 4
99 95 4 4
80 90 4 4
80 86 4 4
80 98 4 4
80 97 4 4
81 91 4 4
81 94 4 4
81 90 4 4
81 87 4 4
82 94 4 4
82 97 4 4
82 93 4 4
82 86 4 4
83 97 4 4
83 90 4 4
83 89 4 4
83 92 4 4
104 101 5 5
104 102 5 5
104 103 5 5
104 100 5 5
105 100 5 5
105 104 5 5
105 103 5 5
105 102 5 5
106 105 5 5
106 104 5 5
106 100 5 5
106 103 5 5
107 106 5 5
107 100 5 5
107 103 5 5
107 101 5 5
108 104 5 5
108 105 5 5
108 107 5 5
108 106 5 5
109 106 5 5
109 102 5 5
109 100 5 5
109 104 5 5
110 107 5 5
110 104 5 5
110 101 5 5
110 108 5 5
111 102 5 5
111 110 5 5
111 108 5 5
111 106 5 5
112 100 5 5
112 104 5 5
112 109 5 5
112 110 5 5
113 106 5 5
113 111 5 5
113 100 5 5
113 108 5 5
114 100 5 5
114 103 5 5
114 105 5 5
114 107 5 5
115 110 5 5
115 108 5 5
115 105 5 5
115 101 5 5
116 102 5 5
116 100 5 5
116 112 5 5
116 113 5 5
117 104 5 5
117 111 5 5
117 115 5 5
117 108 5 5
118 101 5 5
118 110 5 5
118 108 5 5
118 100 5 5
119 109 5 5
119 106 5 5
119 111 5 5
119 112 5 5
100 119 5 5
100 110 5 5
100 115 5 5
100 111 5 5
101 112 5 5
101 113 5 5
101 117 5 5
101 108 5 5
102 119 5 5
102 113 5 5
102 112 5 5
102 106 5 5
103 113 5 5
103 108 5 5
103 110 5 5
103 118 5 5
124 121 6 6
124 123 6 6
124 122 6 6
124 120 6 6
125 123 6 6
125 120 6 6
125 124 6 6
125 122 6 6
126 120 6 6
126 125 6 6
126 123 6 6
126 122 6 6
127 124 6 6
127 126 6 6
127 121 6 6
127 123 6 6
128 126 6 6
128 122 6 6
128 120 6 6
128 125 6 6
129 121 6 6
129 127 6 6
129 120 6 6
129 122 6 6
130 129 6 6
130 122 6 6
130 126 6 6
130 121 6 6
131 129 6 6
131 124 6 6
131 121 6 6
131 127 6 6
132 129 6 6
132 128 6 6
132 126 6 6
132 123 6 6
133 128 6 6
133 120 6 6
133 130 6 6
133 131 6 6
134 124 6 6
134 120 6 6
134 123 6 6
134 125 6 6
135 120 6 6
135 132 6 6
135 123 6 6
135 124 6 6
136 123 6 6
136 126 6 6
136 134 6 6
136 122 6 6
137 128 6 6
137 136 6 6
137 130 6 6
137 120 6 6
138 124 6 6
138 136 6 6
138 135 6 6
138 134 6 6
139 123 6 6
139 126 6 6
139 128 6 6
139 121 6 6
120 136 6 6
120 130 6 6
120 139 6 6
120 132 6 6
121 132 6 6
121 135 6 6
121 138 6 6
121 136 6 6
122 134 6 6
122 127 6 6
122 138 6 6
122 135 6 6
123 131 6 6
123 128 6 6
123 130 6 6
123 129 6 6
144 141 7 7
144 142 7 7
144 143 7 7
144 140 7 7
145 142 7 7
145 143 7 7
145 144 7 7
145 141 7 7
146 140 7 7
146 141 7 7
146 143 7 7
146 144 7 7
147 146 7 7
147 141 7 7
147 140 7 7
147 142 7 7
148 143 7 7
148 140 7 7
148 145 7 7
148 142 7 7
149 140 7 7
149 142 7 7
149 146 7 7
149 148 7 7
150 147 7 7
150 149 7 7
150 146 7 7
150 141 7 7
151 150 7 7
151 147 7 7
151 145 7 7
151 143 7 7
152 147 7 7
152 145 7 7
152 141 7 7
152 151 7 7
153 152 7 7
153 145 7 7
153 141 7 7
153 144 7 7
154 140 7 7
154 147 7 7
154 146 7 7
154 145 7 7
155 153 7 7
155 144 7 7
155 152 7 7
155 148 7 7
156 140 7 7
156 143 7 7
156 154 7 7
156 141 7 7
157 149 7 7
157 154 7 7
157 144 7 7
157 141 7 7
158 147 7 7
158 152 7 7
158 141 7 7
158 153 7 7
159 141 7 7
159 157 7 7
159 154 7 7
159 150 7 7
140 152 7 7
140 150 7 7
140 155 7 7
140 157 7 7
141 155 7 7
141 151 7 7
141 149 7 7
141 148 7 7
142 155 7 7
142 154 7 7
142 153 7 7
142 152 7 7
143 153 7 7
143 149 7 7
143 150 7 7
143 158 7 7
164 160 8 8
164 161 8 8
164 163 8 8
164 162 8 8
165 163 8 8
165 162 8 8
165 161 8 8
165 164 8 8
166 163 8 8
166 161 8 8
166 164 8 8
166 160 8 8
167 164 8 8
167 161 8 8
167 166 8 8
167 162 8 8
168 160 8 8
168 166 8 8
168 164 8 8
168 165 8 8
169 167 8 8
169 168 8 8
169 165 8 8
169 166 8 8
170 168 8 8
170 163 8 8
170 166 8 8
170 167 8 8
171 161 8 8
171 162 8 8
171 169 8 8
171 170 8 8
172 166 8 8
172 168 8 8
172 165 8 8
172 162 8 8
173 168 8 8
173 163 8 8
173 162 8 8
173 161 8 8
174 163 8 8
174 169 8 8
174 171 8 8
174 162 8 8
175 169 8 8
175 171 8 8
175 165 8 8
175 168 8 8
176 175 8 8
176 171 8 8
176 163 8 8
176 161 8 8
177 167 8 8
177 163 8 8
177 160 8 8
177 165 8 8
178 174 8 8
178 168 8 8
178 166 8 8
178 165 8 8
179 175 8 8
179 163 8 8
179 165 8 8
179 174 8 8
160 178 8 8
160 173 8 8
160 165 8 8
160 170 8 8
161 178 8 8
161 170 8 8
161 177 8 8
161 172 8 8
162 169 8 8
162 177 8 8
162 168 8 8
162 176 8 8
163 178 8 8
163 169 8 8
163 167 8 8
163 171 8 8
184 183 9 9
184 181 9 9
184 180 9 9
184 182 9 9
185 184 9 9
185 181 9 9
185 182 9 9
185 180 9 9
186 181 9 9
186 185 9 9
186 180 9 9
186 184 9 9
187 181 9 9
187 180 9 9
187 185 9 9
187 182 9 9
188 180 9 9
188 186 9 9
188 181 9 9
188 184 9 9
189 187 9 9
189 183 9 9
189 186 9 9
189 188 9 9
190 183 9 9
190 189 9 9
190 185 9 9
190 184 9 9
191 185 9 9
191 181 9 9
191 184 9 9
191 190 9 9
192 188 9 9
192 191 9 9
192 183 9 9
192 180 9 9
193 188 9 9
193 191 9 9
193 185 9 9
193 189 9 9
194 192 9 9
194 186 9 9
194 193 9 9
194 181 9 9
195 191 9 9
195 181 9 9
195 187 9 9
195 184 9 9
196 181 9 9
196 195 9 9
196 184 9 9
196 180 9 9
197 196 9 9
197 189 9 9
197 186 9 9
197 188 9 9
198 197 9 9
198 185 9 9
198 195 9 9
198 192 9 9
199 194 9 9
199 188 9 9
199 190 9 9
199 187 9 9
180 197 9 9
180 190 9 9
180 193 9 9
180 189 9 9
181 189 9 9
181 197 9 9
181 199 9 9
181 193 9 9
182 197 9 9
182 199 9 9
182 186 9 9
182 188 9 9
183 195 9 9
183 187 9 9
183 191 9 9
183 199 9 9
204 203 10 10
204 201 10 10
204 202 10 10
204 200 10 10
205 203 10 10
205 201 10 10
205 200 10 10
205 202 10 10
206 205 10 10
206 201 10 10
206 204 10 10
206 203 10 10
207 204 10 10
207 202 10 10
207 206 10 10
207 201 10 10
208 200 10 10
208 204 10 10
208 207 10 10
208 201 10 10
209 203 10 10
209 204 10 10
209 201 10 10
209 207 10 10
210 201 10 10
210 207 10 10
210 208 10 10
210 206 10 10
211 210 10 10
211 201 10 10
211 203 10 10
211 207 10 10
212 206 10 10
212 207 10 10
212 211 10 10
212 203 10 10
213 200 10 10
213 210 10 10
213 207 10 10
213 204 10 10
214 210 10 10
214 213 10 10
214 207 10 10
214 211 10 10
215 208 10 10
215 206 10 10
215 211 10 10
215 214 10 10
216 200 10 10
216 211 10 10
216 206 10 10
216 214 10 10
217 204 10 10
217 201 10 10
217 214 10 10
217 206 10 10
218 217 10 10
218 206 10 10
218 204 10 10
218 214 10 10
219 207 10 10
219 217 10 10
219 216 10 10
219 204 10 10
200 212 10 10
200 219 10 10
200 207 10 10
200 209 10 10
201 212 10 10
201 215 10 10
201 219 10 10
201 213 10 10
202 217 10 10
202 218 10 10
202 214 10 10
202 213 10 10
203 210 10 10
203 207 10 10
203 208 10 10
203 213 10 10
224 221 11 11
224 223 11 11
224 220 11 11
224 222 11 11
225 223 11 11
225 224 11 11
225 222 11 11
225 220 11 11
226 223 11 11
226 221 11 11
226 220 11 11
226 222 11 11
227 222 11 11
227 223 11 11
227 224 11 11
227 221 11 11
228 226 11 11
228 222 11 11
228 223 11 11
228 224 11 11
229 227 11 11
229 228 11 11
229 224 11 11
229 223 11 11
230 220 11 11
230 222 11 11
230 221 11 11
230 225 11 11
231 227 11 11
231 222 11 11
231 226 11 11
231 229 11 11
232 227 11 11
232 224 11 11
232 229 11 11
232 221 11 11
233 220 11 11
233 225 11 11
233 222 11 11
233 221 11 11
234 233 11 11
234 226 11 11
234 222 11 11
234 220 11 11
235 220 11 11
235 233 11 11
235 222 11 11
235 226 11 11
236 226 11 11
236 228 11 11
236 229 11 11
236 232 11 11
237 220 11 11
237 223 11 11
237 221 11 11
237 225 11 11
238 223 11 11
238 227 11 11
238 233 11 11
238 237 11 11
239 236 11 11
239 233 11 11
239 228 11 11
239 235 11 11
220 236 11 11
220 238 11 11
220 229 11 11
220 228 11 11
221 239 11 11
221 236 11 11
221 228 11 11
221 235 11 11
222 229 11 11
222 238 11 11
222 239 11 11
222 237 11 11
223 235 11 11
223 234 11 11
223 233 11 11
223 231 11 11
244 242 12 12
244 241 12 12
244 243 12 12
244 240 12 12
245 240 12 12
245 244 12 12
245 242 12 12
245 243 12 12
246 240 12 12
246 244 12 12
246 241 12 12
246 245 12 12
247 242 12 12
247 245 12 12
247 241 12 12
247 244 12 12
248 242 12 12
248 245 12 12
248 243 12 12
248 240 12 12
249 248 12 12
249 247 12 12
249 246 12 12
249 240 12 12
250 241 12 12
250 248 12 12
250 242 12 12
250 244 12 12
251 243 12 12
251 245 12 12
251 247 12 12
251 241 12 12
252 248 12 12
252 240 12 12
252 245 12 12
252 247 12 12
253 249 12 12
253 241 12 12
253 240 12 12
253 248 12 12
254 247 12 12
254 252 12 12
254 246 12 12
254 253 12 12
255 253 12 12
255 245 12 12
255 243 12 12
255 242 12 12
256 251 12 12
256 249 12 12
256 242 12 12
256 240 12 12
257 250 12 12
257 252 12 12
257 244 12 12
257 249 12 12
258 241 12 12
258 243 12 12
258 244 12 12
258 253 12 12
259 247 12 12
259 256 12 12
259 244 12 12
259 243 12 12
240 259 12 12
240 254 12 12
240 247 12 12
240 255 12 12
241 245 12 12
241 255 12 12
241 252 12 12
241 256 12 12
242 252 12 12
242 254 12 12
242 249 12 12
242 259 12 12
243 250 12 12
243 256 12 12
243 247 12 12
243 253 12 12
264 260 13 13
264 261 13 13
264 262 13 13
264 263 13 13
265 263 13 13
265 261 13 13
265 260 13 13
265 264 13 13
266 262 13 13
266 265 13 13
266 260 13 13
266 264 13 13
267 263 13 13
267 260 13 13
267 266 13 13
267 262 13 13
268 267 13 13
268 260 13 13
268 266 13 13
268 263 13 13
269 265 13 13
269 268 13 13
269 267 13 13
269 266 13 13
270 260 13 13
270 261 13 13
270 262 13 13
270 263 13 13
271 260 13 13
271 261 13 13
271 267 13 13
271 266 13 13
272 261 13 13
272 270 13 13
272 260 13 13
272 263 13 13
273 268 13 13
273 264 13 13
273 261 13 13
273 265 13 13
274 267 13 13
274 265 13 13
274 262 13 13
274 260 13 13
275 266 13 13
275 273 13 13
275 260 13 13
275 264 13 13
276 269 13 13
276 261 13 13
276 263 13 13
276 266 13 13
277 265 13 13
277 264 13 13
277 271 13 13
277 269 13 13
278 272 13 13
278 277 13 13
278 270 13 13
278 261 13 13
279 262 13 13
279 271 13 13
279 266 13 13
279 275 13 13
260 279 13 13
260 269 13 13
260 273 13 13
260 276 13 13
261 266 13 13
261 274 13 13
261 269 13 13
261 268 13 13
262 276 13 13
262 278 13 13
262 272 13 13
262 268 13 13
263 279 13 13
263 273 13 13
263 271 13 13
263 277 13 13
284 283 14 14
284 281 14 14
284 280 14 14
284 282 14 14
285 284 14 14
285 282 14 14
285 283 14 14
285 281 14 14
286 281 14 14
286 280 14 14
286 283 14 14
286 285 14 14
287 283 14 14
287 284 14 14
287 280 14 14
287 281 14 14
288 282 14 14
288 283 14 14
288 286 14 14
288 281 14 14
289 288 14 14
289 287 14 14
289 283 14 14
289 284 14 14
290 280 14 14
290 286 14 14
290 285 14 14
290 284 14 14
291 288 14 14
291 286 14 14
291 282 14 14
291 285 14 14
292 291 14 14
292 280 14 14
292 281 14 14
292 282 14 14
293 289 14 14
293 287 14 14
293 280 14 14
293 290 14 14
294 280 14 14
294 283 14 14
294 281 14 14
294 293 14 14
295 285 14 14
295 293 14 14
295 281 14 14
295 287 14 14
296 281 14 14
296 284 14 14
296 285 14 14
296 287 14 14
297 282 14 14
297 285 14 14
297 292 14 14
297 281 14 14
298 287 14 14
298 290 14 14
298 296 14 14
298 283 14 14
299 297 14 14
299 284 14 14
299 285 14 14
299 296 14 14
280 295 14 14
280 291 14 14
280 298 14 14
280 296 14 14
281 291 14 14
281 299 14 14
281 298 14 14
281 293 14 14
282 294 14 14
282 286 14 14
282 295 14 14
282 296 14 14
283 293 14 14
283 296 14 14
283 297 14 14
283 290 14 14
304 300 15 15
304 303 15 15
304 302 15 15
304 301 15 15
305 302 15 15
305 300 15 15
305 301 15 15
305 303 15 15
306 304 15 15
306 300 15 15
306 303 15 15
306 301 15 15
307 304 15 15
307 303 15 15
307 301 15 15
307 305 15 15
308 307 15 15
308 302 15 15
308 300 15 15
308 301 15 15
309 303 15 15
309 307 15 15
309 300 15 15
309 306 15 15
310 303 15 15
310 304 15 15
310 306 15 15
310 301 15 15
311 306 15 15
311 304 15 15
311 300 15 15
311 309 15 15
312 301 15 15
312 305 15 15
312 308 15 15
312 302 15 15
313 301 15 15
313 305 15 15
313 312 15 15
313 308 15 15
314 307 15 15
314 308 15 15
314 313 15 15
314 312 15 15
315 306 15 15
315 300 15 15
315 303 15 15
315 311 15 15
316 311 15 15
316 315 15 15
316 309 15 15
316 300 15 15
317 309 15 15
317 315 15 15
317 300 15 15
317 311 15 15
318 311 15 15
318 303 15 15
318 315 15 15
318 316 15 15
319 316 15 15
319 308 15 15
319 300 15 15
319 305 15 15
300 318 15 15
300 314 15 15
300 310 15 15
300 307 15 15
301 315 15 15
301 317 15 15
301 314 15 15
301 311 15 15
302 313 15 15
302 307 15 15
302 314 15 15
302 315 15 15
303 319 15 15
303 316 15 15
303 314 15 15
303 317 15 15
81 18 4 0
82 77 4 3
96 32 4 1
82 40 4 2
103 25 5 1
102 16 5 0
104 45 5 2
114 82 5 4
124 58 6 2
129 101 6 5
131 32 6 1
122 92 6 4
144 121 7 6
155 47 7 2
146 92 7 4
152 17 7 0
175 101 8 5
176 144 8 7
175 121 8 6
172 0 8 0
192 168 9 8
184 131 9 6
183 28 9 1
193 154 9 7
208 4 10 0
205 24 10 1
203 71 10 3
209 155 10 7
221 149 11 7
233 166 11 8
227 191 11 9
224 121 11 6
246 214 12 10
244 119 12 5
251 69 12 3
244 90 12 4
279 120 13 6
261 166 13 8
265 97 13 4
272 46 13 2
280 40 14 2
287 206 14 10
299 76 14 3
296 23 14 1
303 120 15 6
305 104 15 5
316 75 15 3
306 288 15 14
5 197 0 9
13 232 0 11
8 241 0 12
18 313 0 15
28 225 1 11
32 166 1 8
31 249 1 12
21 315 1 15
41 190 2 9
53 226 2 11
44 169 2 8
40 210 2 10
75 161 3 8
69 262 3 13
75 123 3 6
61 152 3 7
