swNum = 320
edgeNum = 1344

0 0
1 0
2 0
3 0
4 0
5 0
6 0
7 0
8 0
9 0
10 0
11 0
12 0
13 0
14 0
15 0
16 0
17 0
18 0
19 0
20 1
21 1
22 1
23 1
24 1
25 1
26 1
27 1
28 1
29 1
30 1
31 1
32 1
33 1
34 1
35 1
36 1
37 1
38 1
39 1
40 2
41 2
42 2
43 2
44 2
45 2
46 2
47 2
48 2
49 2
50 2
51 2
52 2
53 2
54 2
55 2
56 2
57 2
58 2
59 2
60 3
61 3
62 3
63 3
64 3
65 3
66 3
67 3
68 3
69 3
70 3
71 3
72 3
73 3
74 3
75 3
76 3
77 3
78 3
79 3
80 4
81 4
82 4
83 4
84 4
85 4
86 4
87 4
88 4
89 4
90 4
91 4
92 4
93 4
94 4
95 4
96 4
97 4
98 4
99 4
100 5
101 5
102 5
103 5
104 5
105 5
106 5
107 5
108 5
109 5
110 5
111 5
112 5
113 5
114 5
115 5
116 5
117 5
118 5
119 5
120 6
121 6
122 6
123 6
124 6
125 6
126 6
127 6
128 6
129 6
130 6
131 6
132 6
133 6
134 6
135 6
136 6
137 6
138 6
139 6
140 7
141 7
142 7
143 7
144 7
145 7
146 7
147 7
148 7
149 7
150 7
151 7
152 7
153 7
154 7
155 7
156 7
157 7
158 7
159 7
160 8
161 8
162 8
163 8
164 8
165 8
166 8
167 8
168 8
169 8
170 8
171 8
172 8
173 8
174 8
175 8
176 8
177 8
178 8
179 8
180 9
181 9
182 9
183 9
184 9
185 9
186 9
187 9
188 9
189 9
190 9
191 9
192 9
193 9
194 9
195 9
196 9
197 9
198 9
199 9
200 10
201 10
202 10
203 10
204 10
205 10
206 10
207 10
208 10
209 10
210 10
211 10
212 10
213 10
214 10
215 10
216 10
217 10
218 10
219 10
220 11
221 11
222 11
223 11
224 11
225 11
226 11
227 11
228 11
229 11
230 11
231 11
232 11
233 11
234 11
235 11
236 11
237 11
238 11
239 11
240 12
241 12
242 12
243 12
244 12
245 12
246 12
247 12
248 12
249 12
250 12
251 12
252 12
253 12
254 12
255 12
256 12
257 12
258 12
259 12
260 13
261 13
262 13
263 13
264 13
265 13
266 13
267 13
268 13
269 13
270 13
271 13
272 13
273 13
274 13
275 13
276 13
277 13
278 13
279 13
280 14
281 14
282 14
283 14
284 14
285 14
286 14
287 14
288 14
289 14
290 14
291 14
292 14
293 14
294 14
295 14
296 14
297 14
298 14
299 14
300 15
301 15
302 15
303 15
304 15
305 15
306 15
307 15
308 15
309 15
310 15
311 15
312 15
313 15
314 15
315 15
316 15
317 15
318 15
319 15

4 0 0 0
4 3 0 0
4 2 0 0
4 1 0 0
5 1 0 0
5 4 0 0
5 3 0 0
5 2 0 0
6 2 0 0
6 1 0 0
6 5 0 0
6 3 0 0
7 4 0 0
7 3 0 0
7 5 0 0
7 1 0 0
8 2 0 0
8 0 0 0
8 3 0 0
8 7 0 0
9 1 0 0
9 7 0 0
9 3 0 0
9 2 0 0
10 7 0 0
10 5 0 0
10 3 0 0
10 8 0 0
11 8 0 0
11 0 0 0
11 9 0 0
11 4 0 0
12 1 0 0
12 0 0 0
12 9 0 0
12 7 0 0
13 9 0 0
13 3 0 0
13 5 0 0
13 7 0 0
14 9 0 0
14 13 0 0
14 7 0 0
14 1 0 0
15 4 0 0
15 3 0 0
15 12 0 0
15 2 0 0
16 14 0 0
16 12 0 0
16 1 0 0
16 9 0 0
17 0 0 0
17 2 0 0
17 3 0 0
17 11 0 0
18 1 0 0
18 16 0 0
18 17 0 0
18 11 0 0
19 6 0 0
19 5 0 0
19 12 0 0
19 2 0 0
0 15 0 0
0 18 0 0
0 7 0 0
0 19 0 0
1 13 0 0
1 10 0 0
1 17 0 0
1 8 0 0
2 10 0 0
2 13 0 0
2 16 0 0
2 7 0 0
3 16 0 0
3 12 0 0
3 11 0 0
3 14 0 0
24 22 1 1
24 20 1 1
24 21 1 1
24 23 1 1
25 24 1 1
25 20 1 1
25 22 1 1
25 21 1 1
26 24 1 1
26 23 1 1
26 21 1 1
26 25 1 1
27 22 1 1
27 26 1 1
27 21 1 1
27 24 1 1
28 21 1 1
28 24 1 1
28 23 1 1
28 26 1 1
29 20 1 1
29 22 1 1
29 25 1 1
29 24 1 1
30 20 1 1
30 29 1 1
30 28 1 1
30 24 1 1
31 20 1 1
31 25 1 1
31 30 1 1
31 29 1 1
32 23 1 1
32 28 1 1
32 26 1 1
32 20 1 1
33 27 1 1
33 20 1 1
33 32 1 1
33 24 1 1
34 29 1 1
34 31 1 1
34 24 1 1
34 32 1 1
35 26 1 1
35 21 1 1
35 29 1 1
35 20 1 1
36 32 1 1
36 30 1 1
36 29 1 1
36 22 1 1
37 34 1 1
37 33 1 1
37 22 1 1
37 21 1 1
38 32 1 1
38 24 1 1
38 33 1 1
38 23 1 1
39 28 1 1
39 20 1 1
39 23 1 1
39 26 1 1
20 27 1 1
20 34 1 1
20 37 1 1
20 26 1 1
21 39 1 1
21 33 1 1
21 30 1 1
21 29 1 1
22 33 1 1
22 34 1 1
22 26 1 1
22 35 1 1
23 35 1 1
23 37 1 1
23 29 1 1
23 31 1 1
44 42 2 2
44 41 2 2
44 43 2 2
44 40 2 2
45 40 2 2
45 41 2 2
45 42 2 2
45 43 2 2
46 40 2 2
46 42 2 2
46 44 2 2
46 43 2 2
47 43 2 2
47 41 2 2
47 40 2 2
47 42 2 2
48 44 2 2
48 45 2 2
48 46 2 2
48 41 2 2
49 40 2 2
49 45 2 2
49 43 2 2
49 48 2 2
50 46 2 2
50 44 2 2
50 40 2 2
50 45 2 2
51 40 2 2
51 41 2 2
51 47 2 2
51 48 2 2
52 47 2 2
52 41 2 2
52 45 2 2
52 51 2 2
53 44 2 2
53 48 2 2
53 40 2 2
53 52 2 2
54 44 2 2
54 50 2 2
54 42 2 2
54 46 2 2
55 45 2 2
55 47 2 2
55 49 2 2
55 53 2 2
56 55 2 2
56 52 2 2
56 49 2 2
56 45 2 2
57 44 2 2
57 50 2 2
57 48 2 2
57 43 2 2
58 53 2 2
58 57 2 2
58 42 2 2
58 45 2 2
59 40 2 2
59 57 2 2
59 56 2 2
59 43 2 2
40 52 2 2
40 57 2 2
40 48 2 2
40 55 2 2
41 55 2 2
41 58 2 2
41 57 2 2
41 59 2 2
42 52 2 2
42 53 2 2
42 59 2 2
42 49 2 2
43 52 2 2
43 48 2 2
43 56 2 2
43 58 2 2
64 60 3 3
64 62 3 3
64 63 3 3
64 61 3 3
65 62 3 3
65 61 3 3
65 60 3 3
65 64 3 3
66 61 3 3
66 64 3 3
66 65 3 3
66 62 3 3
67 62 3 3
67 65 3 3
67 66 3 3
67 61 3 3
68 67 3 3
68 66 3 3
68 64 3 3
68 65 3 3
69 63 3 3
69 60 3 3
69 62 3 3
69 65 3 3
70 66 3 3
70 64 3 3
70 62 3 3
70 65 3 3
71 62 3 3
71 64 3 3
71 70 3 3
71 60 3 3
72 64 3 3
72 70 3 3
72 66 3 3
72 71 3 3
73 62 3 3
73 70 3 3
73 65 3 3
73 60 3 3
74 64 3 3
74 60 3 3
74 65 3 3
74 69 3 3
75 61 3 3
75 64 3 3
75 68 3 3
75 65 3 3
76 70 3 3
76 62 3 3
76 66 3 3
76 72 3 3
77 60 3 3
77 63 3 3
77 72 3 3
77 76 3 3
78 63 3 3
78 73 3 3
78 75 3 3
78 66 3 3
79 63 3 3
79 60 3 3
79 75 3 3
79 77 3 3
60 76 3 3
60 78 3 3
60 72 3 3
60 70 3 3
61 73 3 3
61 70 3 3
61 68 3 3
61 78 3 3
62 78 3 3
62 75 3 3
62 68 3 3
62 72 3 3
63 75 3 3
63 73 3 3
63 67 3 3
63 71 3 3
84 81 4 4
84 80 4 4
84 83 4 4
84 82 4 4
85 84 4 4
85 81 4 4
85 80 4 4
85 83 4 4
86 83 4 4
86 85 4 4
86 81 4 4
86 84 4 4
87 80 4 4
87 86 4 4
87 83 4 4
87 85 4 4
88 86 4 4
88 85 4 4
88 83 4 4
88 80 4 4
89 85 4 4
89 86 4 4
89 88 4 4
89 84 4 4
90 84 4 4
90 80 4 4
90 85 4 4
90 89 4 4
91 80 4 4
91 88 4 4
91 86 4 4
91 83 4 4
92 86 4 4
92 90 4 4
92 89 4 4
92 85 4 4
93 80 4 4
93 92 4 4
93 86 4 4
93 91 4 4
94 80 4 4
94 93 4 4
94 89 4 4
94 83 4 4
95 85 4 4
95 94 4 4
95 92 4 4
95 82 4 4
96 93 4 4
96 92 4 4
96 80 4 4
96 89 4 4
97 81 4 4
97 88 4 4
97 95 4 4
97 89 4 4
98 97 4 4
98 88 4 4
98 92 4 4
98 94 4 4
99 92 4 4
99 96 4 4
99 90 4 4
99 83 4 4
80 92 4 4
80 98 4 4
80 86 4 4
80 97 4 4
81 96 4 4
81 93 4 4
81 88 4 4
81 94 4 4
82 86 4 4
82 97 4 4
82 92 4 4
82 93 4 4
83 90 4 4
83 95 4 4
83 89 4 4
83 97 4 4
104 100 5 5
104 101 5 5
104 103 5 5
104 102 5 5
105 103 5 5
105 102 5 5
105 101 5 5
105 104 5 5
106 103 5 5
106 100 5 5
106 105 5 5
106 102 5 5
107 106 5 5
107 103 5 5
107 105 5 5
107 102 5 5
108 105 5 5
108 102 5 5
108 100 5 5
108 107 5 5
109 105 5 5
109 102 5 5
109 101 5 5
109 103 5 5
110 103 5 5
110 106 5 5
110 100 5 5
110 102 5 5
111 105 5 5
111 101 5 5
111 104 5 5
111 110 5 5
112 106 5 5
112 102 5 5
112 103 5 5
112 105 5 5
113 103 5 5
113 105 5 5
113 110 5 5
113 104 5 5
114 101 5 5
114 111 5 5
114 107 5 5
114 110 5 5
115 111 5 5
115 101 5 5
115 100 5 5
115 110 5 5
116 114 5 5
116 106 5 5
116 104 5 5
116 105 5 5
117 108 5 5
117 101 5 5
117 115 5 5
117 105 5 5
118 116 5 5
118 102 5 5
118 109 5 5
118 105 5 5
119 101 5 5
119 107 5 5
119 117 5 5
119 115 5 5
100 117 5 5
100 111 5 5
100 105 5 5
100 112 5 5
101 110 5 5
101 116 5 5
101 106 5 5
101 118 5 5
102 117 5 5
102 119 5 5
102 113 5 5
102 114 5 5
103 118 5 5
103 119 5 5
103 117 5 5
103 108 5 5
124 123 6 6
124 121 6 6
124 122 6 6
124 120 6 6
125 123 6 6
125 122 6 6
125 121 6 6
125 120 6 6
126 121 6 6
126 120 6 6
126 122 6 6
126 124 6 6
127 120 6 6
127 121 6 6
127 126 6 6
127 124 6 6
128 122 6 6
128 124 6 6
128 120 6 6
128 123 6 6
129 128 6 6
129 125 6 6
129 127 6 6
129 123 6 6
130 128 6 6
130 126 6 6
130 125 6 6
130 129 6 6
131 126 6 6
131 121 6 6
131 127 6 6
131 130 6 6
132 128 6 6
132 124 6 6
132 127 6 6
132 131 6 6
133 124 6 6
133 122 6 6
133 131 6 6
133 132 6 6
134 128 6 6
134 130 6 6
134 127 6 6
134 123 6 6
135 121 6 6
135 129 6 6
135 125 6 6
135 134 6 6
136 131 6 6
136 125 6 6
136 132 6 6
136 129 6 6
137 121 6 6
137 133 6 6
137 124 6 6
137 131 6 6
138 130 6 6
138 134 6 6
138 129 6 6
138 120 6 6
139 120 6 6
139 128 6 6
139 135 6 6
139 129 6 6
120 131 6 6
120 137 6 6
120 133 6 6
120 129 6 6
121 136 6 6
121 133 6 6
121 128 6 6
121 132 6 6
122 137 6 6
122 127 6 6
122 131 6 6
122 136 6 6
123 132 6 6
123 137 6 6
123 127 6 6
123 136 6 6
144 141 7 7
144 142 7 7
144 143 7 7
144 140 7 7
145 142 7 7
145 140 7 7
145 141 7 7
145 144 7 7
146 141 7 7
146 145 7 7
146 142 7 7
146 144 7 7
147 144 7 7
147 145 7 7
147 146 7 7
147 142 7 7
148 147 7 7
148 144 7 7
148 143 7 7
148 141 7 7
149 142 7 7
149 148 7 7
149 144 7 7
149 140 7 7
150 143 7 7
150 141 7 7
150 144 7 7
150 147 7 7
151 148 7 7
151 149 7 7
151 140 7 7
151 147 7 7
152 150 7 7
152 146 7 7
152 141 7 7
152 145 7 7
153 144 7 7
153 147 7 7
153 150 7 7
153 149 7 7
154 144 7 7
154 149 7 7
154 147 7 7
154 145 7 7
155 142 7 7
155 154 7 7
155 140 7 7
155 143 7 7
156 140 7 7
156 141 7 7
156 154 7 7
156 144 7 7
157 149 7 7
157 146 7 7
157 141 7 7
157 144 7 7
158 140 7 7
158 145 7 7
158 152 7 7
158 157 7 7
159 149 7 7
159 153 7 7
159 150 7 7
159 142 7 7
140 159 7 7
140 154 7 7
140 146 7 7
140 150 7 7
141 149 7 7
141 151 7 7
141 154 7 7
141 147 7 7
142 158 7 7
142 153 7 7
142 157 7 7
142 150 7 7
143 153 7 7
143 152 7 7
143 156 7 7
143 154 7 7
164 163 8 8
164 162 8 8
164 161 8 8
164 160 8 8
165 161 8 8
165 163 8 8
165 164 8 8
165 162 8 8
166 161 8 8
166 163 8 8
166 162 8 8
166 165 8 8
167 166 8 8
167 160 8 8
167 162 8 8
167 161 8 8
168 163 8 8
168 160 8 8
168 164 8 8
168 165 8 8
169 167 8 8
169 161 8 8
169 164 8 8
169 166 8 8
170 163 8 8
170 160 8 8
170 162 8 8
170 166 8 8
171 166 8 8
171 169 8 8
171 170 8 8
171 168 8 8
172 160 8 8
172 170 8 8
172 164 8 8
172 167 8 8
173 160 8 8
173 164 8 8
173 163 8 8
173 162 8 8
174 167 8 8
174 173 8 8
174 169 8 8
174 172 8 8
175 161 8 8
175 165 8 8
175 169 8 8
175 167 8 8
176 170 8 8
176 162 8 8
176 160 8 8
176 167 8 8
177 167 8 8
177 176 8 8
177 166 8 8
177 168 8 8
178 177 8 8
178 160 8 8
178 172 8 8
178 167 8 8
179 160 8 8
179 167 8 8
179 172 8 8
179 166 8 8
160 166 8 8
160 165 8 8
160 177 8 8
160 175 8 8
161 171 8 8
161 177 8 8
161 179 8 8
161 172 8 8
162 178 8 8
162 171 8 8
162 174 8 8
162 168 8 8
163 169 8 8
163 176 8 8
163 171 8 8
163 174 8 8
184 180 9 9
184 183 9 9
184 181 9 9
184 182 9 9
185 181 9 9
185 182 9 9
185 183 9 9
185 184 9 9
186 184 9 9
186 182 9 9
186 180 9 9
186 183 9 9
187 181 9 9
187 183 9 9
187 180 9 9
187 186 9 9
188 184 9 9
188 180 9 9
188 183 9 9
188 182 9 9
189 188 9 9
189 180 9 9
189 186 9 9
189 184 9 9
190 181 9 9
190 185 9 9
190 189 9 9
190 187 9 9
191 188 9 9
191 189 9 9
191 180 9 9
191 187 9 9
192 184 9 9
192 189 9 9
192 185 9 9
192 183 9 9
193 189 9 9
193 188 9 9
193 190 9 9
193 184 9 9
194 184 9 9
194 180 9 9
194 192 9 9
194 183 9 9
195 180 9 9
195 193 9 9
195 184 9 9
195 190 9 9
196 187 9 9
196 189 9 9
196 186 9 9
196 194 9 9
197 188 9 9
197 194 9 9
197 192 9 9
197 186 9 9
198 197 9 9
198 183 9 9
198 193 9 9
198 192 9 9
199 183 9 9
199 197 9 9
199 184 9 9
199 193 9 9
180 193 9 9
180 199 9 9
180 190 9 9
180 185 9 9
181 193 9 9
181 198 9 9
181 195 9 9
181 188 9 9
182 195 9 9
182 196 9 9
182 193 9 9
182 187 9 9
183 189 9 9
183 197 9 9
183 195 9 9
183 193 9 9
204 203 10 10
204 200 10 10
204 201 10 10
204 202 10 10
205 200 10 10
205 201 10 10
205 203 10 10
205 204 10 10
206 205 10 10
206 200 10 10
206 204 10 10
206 203 10 10
207 201 10 10
207 206 10 10
207 205 10 10
207 203 10 10
208 200 10 10
208 206 10 10
208 204 10 10
208 201 10 10
209 201 10 10
209 202 10 10
209 205 10 10
209 208 10 10
210 208 10 10
210 205 10 10
210 203 10 10
210 201 10 10
211 209 10 10
211 205 10 10
211 207 10 10
211 203 10 10
212 209 10 10
212 200 10 10
212 207 10 10
212 205 10 10
213 207 10 10
213 200 10 10
213 204 10 10
213 206 10 10
214 208 10 10
214 202 10 10
214 205 10 10
214 209 10 10
215 212 10 10
215 214 10 10
215 203 10 10
215 213 10 10
216 215 10 10
216 212 10 10
216 213 10 10
216 205 10 10
217 205 10 10
217 204 10 10
217 207 10 10
217 200 10 10
218 207 10 10
218 205 10 10
218 200 10 10
218 209 10 10
219 207 10 10
219 209 10 10
219 200 10 10
219 208 10 10
200 215 10 10
200 210 10 10
200 209 10 10
200 214 10 10
201 214 10 10
201 217 10 10
201 212 10 10
201 211 10 10
202 205 10 10
202 210 10 10
202 219 10 10
202 211 10 10
203 219 10 10
203 212 10 10
203 213 10 10
203 218 10 10
224 223 11 11
224 222 11 11
224 221 11 11
224 220 11 11
225 221 11 11
225 224 11 11
225 220 11 11
225 223 11 11
226 223 11 11
226 224 11 11
226 220 11 11
226 225 11 11
227 220 11 11
227 226 11 11
227 224 11 11
227 223 11 11
228 223 11 11
228 226 11 11
228 224 11 11
228 225 11 11
229 220 11 11
229 225 11 11
229 227 11 11
229 223 11 11
230 223 11 11
230 225 11 11
230 220 11 11
230 229 11 11
231 222 11 11
231 225 11 11
231 227 11 11
231 223 11 11
232 224 11 11
232 222 11 11
232 231 11 11
232 223 11 11
233 223 11 11
233 230 11 11
233 225 11 11
233 227 11 11
234 233 11 11
234 225 11 11
234 230 11 11
234 227 11 11
235 225 11 11
235 228 11 11
235 226 11 11
235 234 11 11
236 234 11 11
236 226 11 11
236 233 11 11
236 235 11 11
237 233 11 11
237 224 11 11
237 225 11 11
237 222 11 11
238 235 11 11
238 231 11 11
238 236 11 11
238 232 11 11
239 238 11 11
239 236 11 11
239 224 11 11
239 231 11 11
220 239 11 11
220 231 11 11
220 237 11 11
220 233 11 11
221 230 11 11
221 237 11 11
221 227 11 11
221 229 11 11
222 234 11 11
222 238 11 11
222 228 11 11
222 239 11 11
223 236 11 11
223 238 11 11
223 234 11 11
223 239 11 11
244 240 12 12
244 242 12 12
244 243 12 12
244 241 12 12
245 244 12 12
245 241 12 12
245 242 12 12
245 240 12 12
246 240 12 12
246 245 12 12
246 241 12 12
246 242 12 12
247 244 12 12
247 242 12 12
247 243 12 12
247 241 12 12
248 242 12 12
248 247 12 12
248 245 12 12
248 243 12 12
249 241 12 12
249 246 12 12
249 242 12 12
249 243 12 12
250 242 12 12
250 247 12 12
250 249 12 12
250 244 12 12
251 248 12 12
251 247 12 12
251 242 12 12
251 246 12 12
252 248 12 12
252 245 12 12
252 247 12 12
252 249 12 12
253 251 12 12
253 240 12 12
253 248 12 12
253 245 12 12
254 244 12 12
254 247 12 12
254 241 12 12
254 245 12 12
255 242 12 12
255 250 12 12
255 246 12 12
255 253 12 12
256 253 12 12
256 254 12 12
256 249 12 12
256 251 12 12
257 249 12 12
257 250 12 12
257 251 12 12
257 252 12 12
258 247 12 12
258 257 12 12
258 253 12 12
258 255 12 12
259 246 12 12
259 244 12 12
259 257 12 12
259 258 12 12
240 255 12 12
240 247 12 12
240 249 12 12
240 250 12 12
241 255 12 12
241 251 12 12
241 259 12 12
241 253 12 12
242 256 12 12
242 257 12 12
242 253 12 12
242 258 12 12
243 253 12 12
243 254 12 12
243 250 12 12
243 251 12 12
264 261 13 13
264 262 13 13
264 263 13 13
264 260 13 13
265 261 13 13
265 263 13 13
265 260 13 13
265 262 13 13
266 265 13 13
266 261 13 13
266 262 13 13
266 260 13 13
267 265 13 13
267 263 13 13
267 261 13 13
267 266 13 13
268 263 13 13
268 262 13 13
268 264 13 13
268 266 13 13
269 262 13 13
269 268 13 13
269 266 13 13
269 264 13 13
270 261 13 13
270 267 13 13
270 264 13 13
270 266 13 13
271 266 13 13
271 268 13 13
271 270 13 13
271 269 13 13
272 266 13 13
272 261 13 13
272 270 13 13
272 265 13 13
273 266 13 13
273 262 13 13
273 263 13 13
273 260 13 13
274 271 13 13
274 269 13 13
274 270 13 13
274 273 13 13
275 270 13 13
275 273 13 13
275 263 13 13
275 262 13 13
276 265 13 13
276 263 13 13
276 272 13 13
276 267 13 13
277 262 13 13
277 268 13 13
277 272 13 13
277 275 13 13
278 273 13 13
278 277 13 13
278 272 13 13
278 275 13 13
279 271 13 13
279 278 13 13
279 261 13 13
279 270 13 13
260 275 13 13
260 268 13 13
260 270 13 13
260 278 13 13
261 275 13 13
261 273 13 13
261 277 13 13
261 276 13 13
262 270 13 13
262 278 13 13
262 267 13 13
262 279 13 13
263 272 13 13
263 271 13 13
263 266 13 13
263 269 13 13
284 280 14 14
284 281 14 14
284 283 14 14
284 282 14 14
285 284 14 14
285 283 14 14
285 281 14 14
285 282 14 14
286 285 14 14
286 282 14 14
286 283 14 14
286 284 14 14
287 281 14 14
287 280 14 14
287 285 14 14
287 286 14 14
288 280 14 14
288 281 14 14
288 282 14 14
288 285 14 14
289 283 14 14
289 284 14 14
289 281 14 14
289 282 14 14
290 283 14 14
290 281 14 14
290 288 14 14
290 280 14 14
291 289 14 14
291 284 14 14
291 286 14 14
291 290 14 14
292 289 14 14
292 282 14 14
292 287 14 14
292 286 14 14
293 286 14 14
293 290 14 14
293 281 14 14
293 283 14 14
294 292 14 14
294 287 14 14
294 291 14 14
294 283 14 14
295 293 14 14
295 281 14 14
295 283 14 14
295 282 14 14
296 285 14 14
296 280 14 14
296 292 14 14
296 294 14 14
297 292 14 14
297 282 14 14
297 288 14 14
297 285 14 14
298 295 14 14
298 293 14 14
298 289 14 14
298 283 14 14
299 287 14 14
299 292 14 14
299 290 14 14
299 291 14 14
280 297 14 14
280 291 14 14
280 286 14 14
280 285 14 14
281 297 14 14
281 299 14 14
281 292 14 14
281 296 14 14
282 294 14 14
282 287 14 14
282 291 14 14
282 299 14 14
283 288 14 14
283 291 14 14
283 299 14 14
283 287 14 14
304 303 15 15
304 302 15 15
304 300 15 15
304 301 15 15
305 303 15 15
305 300 15 15
305 302 15 15
305 301 15 15
306 302 15 15
306 304 15 15
306 303 15 15
306 305 15 15
307 305 15 15
307 303 15 15
307 300 15 15
307 302 15 15
308 302 15 15
308 304 15 15
308 306 15 15
308 307 15 15
309 308 15 15
309 304 15 15
309 306 15 15
309 302 15 15
310 305 15 15
310 300 15 15
310 308 15 15
310 307 15 15
311 307 15 15
311 300 15 15
311 303 15 15
311 308 15 15
312 311 15 15
312 305 15 15
312 304 15 15
312 306 15 15
313 304 15 15
313 302 15 15
313 308 15 15
313 305 15 15
314 311 15 15
314 305 15 15
314 300 15 15
314 307 15 15
315 305 15 15
315 304 15 15
315 314 15 15
315 307 15 15
316 302 15 15
316 308 15 15
316 306 15 15
316 312 15 15
317 311 15 15
317 301 15 15
317 314 15 15
317 305 15 15
318 315 15 15
318 312 15 15
318 301 15 15
318 314 15 15
319 312 15 15
319 307 15 15
319 318 15 15
319 315 15 15
300 306 15 15
300 317 15 15
300 316 15 15
300 318 15 15
301 312 15 15
301 315 15 15
301 306 15 15
301 319 15 15
302 314 15 15
302 318 15 15
302 317 15 15
302 312 15 15
303 318 15 15
303 312 15 15
303 317 15 15
303 319 15 15
90 76 4 3
84 47 4 2
81 26 4 1
82 16 4 0
109 39 5 1
115 71 5 3
113 14 5 0
101 83 5 4
131 11 6 0
125 39 6 1
133 81 6 4
124 108 6 5
156 87 7 4
158 47 7 2
151 32 7 1
152 5 7 0
167 101 8 5
171 61 8 3
176 19 8 0
167 124 8 6
194 20 9 1
198 171 9 8
198 115 9 5
184 9 9 0
207 88 10 4
206 137 10 6
208 60 10 3
209 109 10 5
222 14 11 0
225 110 11 5
230 30 11 1
232 171 11 8
258 67 12 3
243 166 12 8
259 218 12 10
245 82 12 4
269 33 13 1
263 81 13 4
265 211 13 10
270 74 13 3
286 269 14 13
294 132 14 6
280 27 14 1
292 223 14 11
307 294 15 14
315 232 15 11
309 204 15 10
315 67 15 3
2 201 0 10
0 307 0 15
2 244 0 12
14 289 0 14
22 252 1 12
34 218 1 10
34 173 1 8
31 315 1 15
55 187 2 9
54 217 2 10
41 264 2 13
57 252 2 12
71 183 3 9
67 121 3 6
67 233 3 11
69 288 3 14
