swNum = 320
edgeNum = 1344

0 0
1 0
2 0
3 0
4 0
5 0
6 0
7 0
8 0
9 0
10 0
11 0
12 0
13 0
14 0
15 0
16 0
17 0
18 0
19 0
20 1
21 1
22 1
23 1
24 1
25 1
26 1
27 1
28 1
29 1
30 1
31 1
32 1
33 1
34 1
35 1
36 1
37 1
38 1
39 1
40 2
41 2
42 2
43 2
44 2
45 2
46 2
47 2
48 2
49 2
50 2
51 2
52 2
53 2
54 2
55 2
56 2
57 2
58 2
59 2
60 3
61 3
62 3
63 3
64 3
65 3
66 3
67 3
68 3
69 3
70 3
71 3
72 3
73 3
74 3
75 3
76 3
77 3
78 3
79 3
80 4
81 4
82 4
83 4
84 4
85 4
86 4
87 4
88 4
89 4
90 4
91 4
92 4
93 4
94 4
95 4
96 4
97 4
98 4
99 4
100 5
101 5
102 5
103 5
104 5
105 5
106 5
107 5
108 5
109 5
110 5
111 5
112 5
113 5
114 5
115 5
116 5
117 5
118 5
119 5
120 6
121 6
122 6
123 6
124 6
125 6
126 6
127 6
128 6
129 6
130 6
131 6
132 6
133 6
134 6
135 6
136 6
137 6
138 6
139 6
140 7
141 7
142 7
143 7
144 7
145 7
146 7
147 7
148 7
149 7
150 7
151 7
152 7
153 7
154 7
155 7
156 7
157 7
158 7
159 7
160 8
161 8
162 8
163 8
164 8
165 8
166 8
167 8
168 8
169 8
170 8
171 8
172 8
173 8
174 8
175 8
176 8
177 8
178 8
179 8
180 9
181 9
182 9
183 9
184 9
185 9
186 9
187 9
188 9
189 9
190 9
191 9
192 9
193 9
194 9
195 9
196 9
197 9
198 9
199 9
200 10
201 10
202 10
203 10
204 10
205 10
206 10
207 10
208 10
209 10
210 10
211 10
212 10
213 10
214 10
215 10
216 10
217 10
218 10
219 10
220 11
221 11
222 11
223 11
224 11
225 11
226 11
227 11
228 11
229 11
230 11
231 11
232 11
233 11
234 11
235 11
236 11
237 11
238 11
239 11
240 12
241 12
242 12
243 12
244 12
245 12
246 12
247 12
248 12
249 12
250 12
251 12
252 12
253 12
254 12
255 12
256 12
257 12
258 12
259 12
260 13
261 13
262 13
263 13
264 13
265 13
266 13
267 13
268 13
269 13
270 13
271 13
272 13
273 13
274 13
275 13
276 13
277 13
278 13
279 13
280 14
281 14
282 14
283 14
284 14
285 14
286 14
287 14
288 14
289 14
290 14
291 14
292 14
293 14
294 14
295 14
296 14
297 14
298 14
299 14
300 15
301 15
302 15
303 15
304 15
305 15
306 15
307 15
308 15
309 15
310 15
311 15
312 15
313 15
314 15
315 15
316 15
317 15
318 15
319 15

4 1 0 0
4 2 0 0
4 0 0 0
4 3 0 0
5 2 0 0
5 0 0 0
5 4 0 0
5 1 0 0
6 2 0 0
6 5 0 0
6 4 0 0
6 3 0 0
7 5 0 0
7 6 0 0
7 3 0 0
7 4 0 0
8 7 0 0
8 1 0 0
8 6 0 0
8 5 0 0
9 2 0 0
9 6 0 0
9 7 0 0
9 3 0 0
10 0 0 0
10 7 0 0
10 5 0 0
10 9 0 0
11 2 0 0
11 5 0 0
11 8 0 0
11 4 0 0
12 5 0 0
12 9 0 0
12 2 0 0
12 4 0 0
13 10 0 0
13 1 0 0
13 4 0 0
13 7 0 0
14 0 0 0
14 2 0 0
14 12 0 0
14 5 0 0
15 1 0 0
15 14 0 0
15 12 0 0
15 3 0 0
16 2 0 0
16 8 0 0
16 3 0 0
16 14 0 0
17 3 0 0
17 15 0 0
17 12 0 0
17 5 0 0
18 5 0 0
18 6 0 0
18 12 0 0
18 7 0 0
19 8 0 0
19 18 0 0
19 6 0 0
19 17 0 0
0 12 0 0
0 11 0 0
0 13 0 0
0 15 0 0
1 11 0 0
1 7 0 0
1 6 0 0
1 19 0 0
2 18 0 0
2 15 0 0
2 17 0 0
2 8 0 0
3 8 0 0
3 19 0 0
3 18 0 0
3 14 0 0
24 21 1 1
24 20 1 1
24 22 1 1
24 23 1 1
25 21 1 1
25 24 1 1
25 23 1 1
25 22 1 1
26 20 1 1
26 25 1 1
26 23 1 1
26 22 1 1
27 26 1 1
27 20 1 1
27 24 1 1
27 21 1 1
28 20 1 1
28 22 1 1
28 23 1 1
28 27 1 1
29 27 1 1
29 20 1 1
29 28 1 1
29 21 1 1
30 27 1 1
30 23 1 1
30 24 1 1
30 22 1 1
31 23 1 1
31 25 1 1
31 20 1 1
31 24 1 1
32 27 1 1
32 21 1 1
32 23 1 1
32 26 1 1
33 20 1 1
33 28 1 1
33 26 1 1
33 23 1 1
34 32 1 1
34 21 1 1
34 26 1 1
34 25 1 1
35 29 1 1
35 23 1 1
35 25 1 1
35 33 1 1
36 29 1 1
36 26 1 1
36 27 1 1
36 30 1 1
37 29 1 1
37 20 1 1
37 28 1 1
37 22 1 1
38 31 1 1
38 20 1 1
38 28 1 1
38 36 1 1
39 36 1 1
39 27 1 1
39 25 1 1
39 22 1 1
20 36 1 1
20 35 1 1
20 25 1 1
20 39 1 1
21 39 1 1
21 26 1 1
21 31 1 1
21 36 1 1
22 32 1 1
22 35 1 1
22 36 1 1
22 31 1 1
23 38 1 1
23 27 1 1
23 29 1 1
23 37 1 1
44 40 2 2
44 42 2 2
44 43 2 2
44 41 2 2
45 41 2 2
45 43 2 2
45 42 2 2
45 44 2 2
46 45 2 2
46 43 2 2
46 41 2 2
46 40 2 2
47 43 2 2
47 45 2 2
47 41 2 2
47 44 2 2
48 42 2 2
48 40 2 2
48 44 2 2
48 41 2 2
49 42 2 2
49 44 2 2
49 40 2 2
49 45 2 2
50 49 2 2
50 42 2 2
50 48 2 2
50 43 2 2
51 42 2 2
51 49 2 2
51 40 2 2
51 44 2 2
52 43 2 2
52 46 2 2
52 51 2 2
52 48 2 2
53 52 2 2
53 49 2 2
53 43 2 2
53 46 2 2
54 53 2 2
54 51 2 2
54 41 2 2
54 52 2 2
55 50 2 2
55 42 2 2
55 44 2 2
55 52 2 2
56 49 2 2
56 40 2 2
56 47 2 2
56 52 2 2
57 45 2 2
57 53 2 2
57 56 2 2
57 42 2 2
58 42 2 2
58 53 2 2
58 50 2 2
58 48 2 2
59 41 2 2
59 42 2 2
59 53 2 2
59 56 2 2
40 59 2 2
40 52 2 2
40 53 2 2
40 47 2 2
41 51 2 2
41 56 2 2
41 53 2 2
41 52 2 2
42 52 2 2
42 47 2 2
42 46 2 2
42 53 2 2
43 59 2 2
43 51 2 2
43 56 2 2
43 58 2 2
64 61 3 3
64 62 3 3
64 60 3 3
64 63 3 3
65 61 3 3
65 63 3 3
65 64 3 3
65 60 3 3
66 61 3 3
66 62 3 3
66 65 3 3
66 64 3 3
67 63 3 3
67 65 3 3
67 62 3 3
67 61 3 3
68 65 3 3
68 61 3 3
68 63 3 3
68 64 3 3
69 61 3 3
69 63 3 3
69 65 3 3
69 68 3 3
70 64 3 3
70 60 3 3
70 69 3 3
70 61 3 3
71 64 3 3
71 61 3 3
71 60 3 3
71 70 3 3
72 63 3 3
72 67 3 3
72 70 3 3
72 66 3 3
73 70 3 3
73 65 3 3
73 68 3 3
73 72 3 3
74 71 3 3
74 60 3 3
74 61 3 3
74 65 3 3
75 71 3 3
75 72 3 3
75 63 3 3
75 62 3 3
76 66 3 3
76 68 3 3
76 62 3 3
76 75 3 3
77 73 3 3
77 71 3 3
77 65 3 3
77 67 3 3
78 62 3 3
78 67 3 3
78 71 3 3
78 70 3 3
79 72 3 3
79 68 3 3
79 61 3 3
79 76 3 3
60 75 3 3
60 73 3 3
60 77 3 3
60 66 3 3
61 75 3 3
61 73 3 3
61 76 3 3
61 72 3 3
62 68 3 3
62 73 3 3
62 70 3 3
62 77 3 3
63 66 3 3
63 76 3 3
63 79 3 3
63 78 3 3
84 80 4 4
84 83 4 4
84 82 4 4
84 81 4 4
85 81 4 4
85 83 4 4
85 82 4 4
85 80 4 4
86 81 4 4
86 85 4 4
86 82 4 4
86 84 4 4
87 82 4 4
87 84 4 4
87 83 4 4
87 85 4 4
88 81 4 4
88 84 4 4
88 85 4 4
88 83 4 4
89 86 4 4
89 80 4 4
89 85 4 4
89 88 4 4
90 84 4 4
90 87 4 4
90 85 4 4
90 80 4 4
91 87 4 4
91 90 4 4
91 86 4 4
91 80 4 4
92 81 4 4
92 85 4 4
92 89 4 4
92 88 4 4
93 87 4 4
93 86 4 4
93 90 4 4
93 91 4 4
94 93 4 4
94 92 4 4
94 86 4 4
94 81 4 4
95 88 4 4
95 92 4 4
95 82 4 4
95 93 4 4
96 91 4 4
96 85 4 4
96 87 4 4
96 92 4 4
97 95 4 4
97 83 4 4
97 82 4 4
97 86 4 4
98 92 4 4
98 88 4 4
98 89 4 4
98 84 4 4
99 95 4 4
99 96 4 4
99 92 4 4
99 94 4 4
80 98 4 4
80 92 4 4
80 93 4 4
80 95 4 4
81 98 4 4
81 99 4 4
81 89 4 4
81 93 4 4
82 89 4 4
82 91 4 4
82 88 4 4
82 96 4 4
83 95 4 4
83 90 4 4
83 94 4 4
83 91 4 4
104 102 5 5
104 101 5 5
104 100 5 5
104 103 5 5
105 100 5 5
105 102 5 5
105 103 5 5
105 101 5 5
106 105 5 5
106 104 5 5
106 100 5 5
106 101 5 5
107 104 5 5
107 105 5 5
107 100 5 5
107 103 5 5
108 106 5 5
108 101 5 5
108 103 5 5
108 102 5 5
109 105 5 5
109 102 5 5
109 100 5 5
109 103 5 5
110 109 5 5
110 103 5 5
110 102 5 5
110 100 5 5
111 107 5 5
111 110 5 5
111 103 5 5
111 100 5 5
112 102 5 5
112 104 5 5
112 108 5 5
112 105 5 5
113 108 5 5
113 110 5 5
113 104 5 5
113 106 5 5
114 108 5 5
114 101 5 5
114 104 5 5
114 112 5 5
115 106 5 5
115 108 5 5
115 102 5 5
115 101 5 5
116 100 5 5
116 101 5 5
116 111 5 5
116 105 5 5
117 111 5 5
117 112 5 5
117 109 5 5
117 107 5 5
118 103 5 5
118 117 5 5
118 110 5 5
118 100 5 5
119 104 5 5
119 106 5 5
119 102 5 5
119 113 5 5
100 115 5 5
100 108 5 5
100 117 5 5
100 119 5 5
101 112 5 5
101 117 5 5
101 111 5 5
101 109 5 5
102 118 5 5
102 117 5 5
102 107 5 5
102 106 5 5
103 117 5 5
103 116 5 5
103 112 5 5
103 115 5 5
124 120 6 6
124 122 6 6
124 123 6 6
124 121 6 6
125 122 6 6
125 123 6 6
125 124 6 6
125 120 6 6
126 124 6 6
126 123 6 6
126 120 6 6
126 125 6 6
127 126 6 6
127 122 6 6
127 121 6 6
127 125 6 6
128 125 6 6
128 122 6 6
128 121 6 6
128 127 6 6
129 122 6 6
129 127 6 6
129 123 6 6
129 120 6 6
130 124 6 6
130 123 6 6
130 125 6 6
130 120 6 6
131 121 6 6
131 128 6 6
131 127 6 6
131 122 6 6
132 130 6 6
132 122 6 6
132 127 6 6
132 121 6 6
133 127 6 6
133 122 6 6
133 121 6 6
133 131 6 6
134 133 6 6
134 121 6 6
134 120 6 6
134 122 6 6
135 132 6 6
135 123 6 6
135 131 6 6
135 124 6 6
136 121 6 6
136 127 6 6
136 124 6 6
136 131 6 6
137 125 6 6
137 132 6 6
137 129 6 6
137 128 6 6
138 126 6 6
138 123 6 6
138 130 6 6
138 127 6 6
139 136 6 6
139 133 6 6
139 135 6 6
139 123 6 6
120 127 6 6
120 139 6 6
120 138 6 6
120 132 6 6
121 135 6 6
121 137 6 6
121 139 6 6
121 138 6 6
122 138 6 6
122 126 6 6
122 136 6 6
122 135 6 6
123 128 6 6
123 127 6 6
123 131 6 6
123 132 6 6
144 142 7 7
144 143 7 7
144 141 7 7
144 140 7 7
145 143 7 7
145 142 7 7
145 144 7 7
145 141 7 7
146 144 7 7
146 140 7 7
146 143 7 7
146 142 7 7
147 140 7 7
147 142 7 7
147 143 7 7
147 144 7 7
148 142 7 7
148 147 7 7
148 143 7 7
148 144 7 7
149 140 7 7
149 144 7 7
149 141 7 7
149 147 7 7
150 143 7 7
150 148 7 7
150 146 7 7
150 147 7 7
151 148 7 7
151 143 7 7
151 150 7 7
151 147 7 7
152 147 7 7
152 141 7 7
152 151 7 7
152 150 7 7
153 142 7 7
153 145 7 7
153 140 7 7
153 152 7 7
154 150 7 7
154 143 7 7
154 153 7 7
154 146 7 7
155 145 7 7
155 143 7 7
155 148 7 7
155 144 7 7
156 143 7 7
156 149 7 7
156 146 7 7
156 142 7 7
157 142 7 7
157 143 7 7
157 153 7 7
157 148 7 7
158 146 7 7
158 143 7 7
158 142 7 7
158 148 7 7
159 140 7 7
159 156 7 7
159 154 7 7
159 145 7 7
140 154 7 7
140 158 7 7
140 152 7 7
140 155 7 7
141 150 7 7
141 151 7 7
141 147 7 7
141 153 7 7
142 154 7 7
142 150 7 7
142 151 7 7
142 159 7 7
143 159 7 7
143 149 7 7
143 152 7 7
143 153 7 7
164 161 8 8
164 162 8 8
164 163 8 8
164 160 8 8
165 163 8 8
165 164 8 8
165 162 8 8
165 160 8 8
166 163 8 8
166 164 8 8
166 160 8 8
166 161 8 8
167 164 8 8
167 162 8 8
167 160 8 8
167 166 8 8
168 161 8 8
168 162 8 8
168 163 8 8
168 160 8 8
169 162 8 8
169 168 8 8
169 163 8 8
169 164 8 8
170 164 8 8
170 162 8 8
170 161 8 8
170 166 8 8
171 168 8 8
171 164 8 8
171 161 8 8
171 170 8 8
172 164 8 8
172 167 8 8
172 162 8 8
172 171 8 8
173 169 8 8
173 166 8 8
173 163 8 8
173 168 8 8
174 165 8 8
174 171 8 8
174 162 8 8
174 168 8 8
175 169 8 8
175 165 8 8
175 170 8 8
175 167 8 8
176 174 8 8
176 169 8 8
176 173 8 8
176 171 8 8
177 171 8 8
177 161 8 8
177 170 8 8
177 160 8 8
178 161 8 8
178 163 8 8
178 173 8 8
178 175 8 8
179 175 8 8
179 162 8 8
179 163 8 8
179 171 8 8
160 175 8 8
160 171 8 8
160 169 8 8
160 172 8 8
161 169 8 8
161 172 8 8
161 173 8 8
161 167 8 8
162 171 8 8
162 175 8 8
162 176 8 8
162 178 8 8
163 175 8 8
163 176 8 8
163 170 8 8
163 171 8 8
184 181 9 9
184 180 9 9
184 183 9 9
184 182 9 9
185 180 9 9
185 184 9 9
185 181 9 9
185 183 9 9
186 181 9 9
186 183 9 9
186 180 9 9
186 185 9 9
187 183 9 9
187 186 9 9
187 181 9 9
187 185 9 9
188 180 9 9
188 182 9 9
188 185 9 9
188 184 9 9
189 186 9 9
189 187 9 9
189 183 9 9
189 180 9 9
190 180 9 9
190 187 9 9
190 188 9 9
190 184 9 9
191 189 9 9
191 187 9 9
191 183 9 9
191 180 9 9
192 190 9 9
192 186 9 9
192 187 9 9
192 189 9 9
193 183 9 9
193 187 9 9
193 181 9 9
193 190 9 9
194 180 9 9
194 188 9 9
194 190 9 9
194 182 9 9
195 191 9 9
195 186 9 9
195 184 9 9
195 190 9 9
196 183 9 9
196 185 9 9
196 190 9 9
196 194 9 9
197 180 9 9
197 185 9 9
197 196 9 9
197 195 9 9
198 195 9 9
198 197 9 9
198 180 9 9
198 184 9 9
199 198 9 9
199 184 9 9
199 181 9 9
199 196 9 9
180 199 9 9
180 196 9 9
180 193 9 9
180 195 9 9
181 194 9 9
181 192 9 9
181 195 9 9
181 196 9 9
182 187 9 9
182 199 9 9
182 189 9 9
182 198 9 9
183 190 9 9
183 199 9 9
183 192 9 9
183 195 9 9
204 201 10 10
204 200 10 10
204 203 10 10
204 202 10 10
205 204 10 10
205 201 10 10
205 202 10 10
205 203 10 10
206 203 10 10
206 204 10 10
206 205 10 10
206 201 10 10
207 200 10 10
207 201 10 10
207 202 10 10
207 205 10 10
208 202 10 10
208 201 10 10
208 200 10 10
208 206 10 10
209 207 10 10
209 205 10 10
209 203 10 10
209 201 10 10
210 201 10 10
210 203 10 10
210 204 10 10
210 202 10 10
211 205 10 10
211 202 10 10
211 204 10 10
211 201 10 10
212 203 10 10
212 210 10 10
212 200 10 10
212 204 10 10
213 208 10 10
213 210 10 10
213 201 10 10
213 212 10 10
214 213 10 10
214 201 10 10
214 212 10 10
214 200 10 10
215 200 10 10
215 212 10 10
215 214 10 10
215 210 10 10
216 204 10 10
216 210 10 10
216 215 10 10
216 213 10 10
217 205 10 10
217 207 10 10
217 206 10 10
217 213 10 10
218 210 10 10
218 213 10 10
218 215 10 10
218 204 10 10
219 210 10 10
219 206 10 10
219 205 10 10
219 211 10 10
200 217 10 10
200 213 10 10
200 218 10 10
200 205 10 10
201 212 10 10
201 218 10 10
201 215 10 10
201 216 10 10
202 212 10 10
202 206 10 10
202 217 10 10
202 215 10 10
203 215 10 10
203 207 10 10
203 216 10 10
203 208 10 10
224 223 11 11
224 220 11 11
224 222 11 11
224 221 11 11
225 221 11 11
225 222 11 11
225 220 11 11
225 224 11 11
226 224 11 11
226 220 11 11
226 222 11 11
226 223 11 11
227 224 11 11
227 220 11 11
227 226 11 11
227 221 11 11
228 226 11 11
228 225 11 11
228 220 11 11
228 227 11 11
229 220 11 11
229 221 11 11
229 222 11 11
229 224 11 11
230 224 11 11
230 229 11 11
230 227 11 11
230 228 11 11
231 226 11 11
231 224 11 11
231 228 11 11
231 230 11 11
232 231 11 11
232 228 11 11
232 223 11 11
232 225 11 11
233 229 11 11
233 222 11 11
233 224 11 11
233 220 11 11
234 221 11 11
234 222 11 11
234 226 11 11
234 233 11 11
235 230 11 11
235 222 11 11
235 224 11 11
235 223 11 11
236 220 11 11
236 228 11 11
236 222 11 11
236 232 11 11
237 220 11 11
237 234 11 11
237 223 11 11
237 229 11 11
238 221 11 11
238 235 11 11
238 224 11 11
238 227 11 11
239 220 11 11
239 228 11 11
239 227 11 11
239 232 11 11
220 238 11 11
220 234 11 11
220 235 11 11
220 230 11 11
221 226 11 11
221 236 11 11
221 233 11 11
221 228 11 11
222 228 11 11
222 237 11 11
222 238 11 11
222 231 11 11
223 225 11 11
223 229 11 11
223 231 11 11
223 238 11 11
244 240 12 12
244 243 12 12
244 241 12 12
244 242 12 12
245 244 12 12
245 241 12 12
245 240 12 12
245 242 12 12
246 243 12 12
246 244 12 12
246 245 12 12
246 240 12 12
247 242 12 12
247 245 12 12
247 241 12 12
247 240 12 12
248 247 12 12
248 246 12 12
248 241 12 12
248 244 12 12
249 243 12 12
249 247 12 12
249 248 12 12
249 244 12 12
250 247 12 12
250 241 12 12
250 243 12 12
250 246 12 12
251 241 12 12
251 250 12 12
251 244 12 12
251 240 12 12
252 248 12 12
252 241 12 12
252 246 12 12
252 247 12 12
253 244 12 12
253 245 12 12
253 252 12 12
253 248 12 12
254 242 12 12
254 247 12 12
254 241 12 12
254 244 12 12
255 241 12 12
255 253 12 12
255 240 12 12
255 250 12 12
256 240 12 12
256 253 12 12
256 241 12 12
256 255 12 12
257 243 12 12
257 249 12 12
257 245 12 12
257 255 12 12
258 249 12 12
258 250 12 12
258 246 12 12
258 243 12 12
259 241 12 12
259 256 12 12
259 245 12 12
259 253 12 12
240 249 12 12
240 258 12 12
240 250 12 12
240 253 12 12
241 253 12 12
241 246 12 12
241 249 12 12
241 257 12 12
242 252 12 12
242 253 12 12
242 246 12 12
242 256 12 12
243 251 12 12
243 245 12 12
243 256 12 12
243 252 12 12
264 261 13 13
264 262 13 13
264 260 13 13
264 263 13 13
265 261 13 13
265 264 13 13
265 263 13 13
265 262 13 13
266 262 13 13
266 263 13 13
266 265 13 13
266 260 13 13
267 264 13 13
267 262 13 13
267 266 13 13
267 265 13 13
268 267 13 13
268 265 13 13
268 262 13 13
268 266 13 13
269 263 13 13
269 265 13 13
269 268 13 13
269 267 13 13
270 265 13 13
270 261 13 13
270 266 13 13
270 260 13 13
271 269 13 13
271 268 13 13
271 270 13 13
271 262 13 13
272 270 13 13
272 269 13 13
272 266 13 13
272 263 13 13
273 271 13 13
273 265 13 13
273 266 13 13
273 269 13 13
274 261 13 13
274 268 13 13
274 264 13 13
274 265 13 13
275 274 13 13
275 270 13 13
275 271 13 13
275 267 13 13
276 263 13 13
276 264 13 13
276 269 13 13
276 268 13 13
277 276 13 13
277 274 13 13
277 262 13 13
277 267 13 13
278 261 13 13
278 277 13 13
278 274 13 13
278 263 13 13
279 267 13 13
279 263 13 13
279 265 13 13
279 262 13 13
260 274 13 13
260 273 13 13
260 275 13 13
260 278 13 13
261 269 13 13
261 273 13 13
261 267 13 13
261 275 13 13
262 278 13 13
262 276 13 13
262 275 13 13
262 270 13 13
263 271 13 13
263 274 13 13
263 273 13 13
263 267 13 13
284 283 14 14
284 281 14 14
284 280 14 14
284 282 14 14
285 281 14 14
285 284 14 14
285 283 14 14
285 282 14 14
286 284 14 14
286 281 14 14
286 282 14 14
286 283 14 14
287 284 14 14
287 286 14 14
287 281 14 14
287 283 14 14
288 286 14 14
288 285 14 14
288 283 14 14
288 281 14 14
289 281 14 14
289 287 14 14
289 285 14 14
289 288 14 14
290 283 14 14
290 288 14 14
290 281 14 14
290 280 14 14
291 280 14 14
291 283 14 14
291 282 14 14
291 290 14 14
292 282 14 14
292 283 14 14
292 286 14 14
292 285 14 14
293 283 14 14
293 291 14 14
293 284 14 14
293 282 14 14
294 291 14 14
294 280 14 14
294 287 14 14
294 290 14 14
295 281 14 14
295 290 14 14
295 285 14 14
295 282 14 14
296 283 14 14
296 282 14 14
296 293 14 14
296 284 14 14
297 288 14 14
297 289 14 14
297 284 14 14
297 293 14 14
298 291 14 14
298 294 14 14
298 290 14 14
298 280 14 14
299 287 14 14
299 284 14 14
299 292 14 14
299 297 14 14
280 299 14 14
280 289 14 14
280 292 14 14
280 287 14 14
281 292 14 14
281 299 14 14
281 293 14 14
281 297 14 14
282 298 14 14
282 294 14 14
282 299 14 14
282 288 14 14
283 299 14 14
283 295 14 14
283 289 14 14
283 294 14 14
304 303 15 15
304 300 15 15
304 302 15 15
304 301 15 15
305 301 15 15
305 302 15 15
305 304 15 15
305 303 15 15
306 301 15 15
306 304 15 15
306 300 15 15
306 305 15 15
307 300 15 15
307 302 15 15
307 305 15 15
307 303 15 15
308 302 15 15
308 301 15 15
308 307 15 15
308 304 15 15
309 304 15 15
309 300 15 15
309 302 15 15
309 303 15 15
310 302 15 15
310 300 15 15
310 309 15 15
310 307 15 15
311 310 15 15
311 309 15 15
311 306 15 15
311 304 15 15
312 309 15 15
312 304 15 15
312 307 15 15
312 310 15 15
313 305 15 15
313 306 15 15
313 311 15 15
313 310 15 15
314 309 15 15
314 310 15 15
314 301 15 15
314 300 15 15
315 310 15 15
315 306 15 15
315 304 15 15
315 300 15 15
316 303 15 15
316 315 15 15
316 314 15 15
316 300 15 15
317 301 15 15
317 311 15 15
317 313 15 15
317 312 15 15
318 308 15 15
318 304 15 15
318 315 15 15
318 309 15 15
319 305 15 15
319 315 15 15
319 312 15 15
319 314 15 15
300 313 15 15
300 311 15 15
300 318 15 15
300 319 15 15
301 313 15 15
301 311 15 15
301 307 15 15
301 312 15 15
302 319 15 15
302 315 15 15
302 314 15 15
302 306 15 15
303 319 15 15
303 313 15 15
303 310 15 15
303 318 15 15
98 1 4 0
81 23 4 1
80 61 4 3
96 55 4 2
114 83 5 4
111 76 5 3
119 19 5 0
102 59 5 2
130 3 6 0
132 112 6 5
120 93 6 4
134 42 6 2
142 81 7 4
147 49 7 2
156 32 7 1
143 139 7 6
160 95 8 4
168 141 8 7
161 69 8 3
165 117 8 5
197 157 9 7
198 72 9 3
185 57 9 2
182 39 9 1
213 20 10 1
214 197 10 9
204 82 10 4
208 141 10 7
239 83 11 4
221 192 11 9
223 105 11 5
236 164 11 8
246 239 12 11
252 1 12 0
240 175 12 8
241 198 12 9
276 108 13 5
260 70 13 3
269 2 13 0
260 46 13 2
282 227 14 11
288 141 14 7
286 190 14 9
286 47 14 2
306 31 15 1
312 92 15 4
315 51 15 2
311 121 15 6
13 147 0 7
10 283 0 14
5 175 0 8
15 224 0 11
37 298 1 14
20 238 1 11
34 172 1 8
37 248 1 12
50 214 2 10
40 234 2 11
44 251 2 12
50 172 2 8
68 241 3 12
63 229 3 11
75 157 3 7
76 317 3 15
