swNum = 320
edgeNum = 1341

0 0
1 0
2 0
3 0
4 0
5 0
6 0
7 0
8 0
9 0
10 0
11 0
12 0
13 0
14 0
15 0
16 0
17 0
18 0
19 0
20 1
21 1
22 1
23 1
24 1
25 1
26 1
27 1
28 1
29 1
30 1
31 1
32 1
33 1
34 1
35 1
36 1
37 1
38 1
39 1
40 2
41 2
42 2
43 2
44 2
45 2
46 2
47 2
48 2
49 2
50 2
51 2
52 2
53 2
54 2
55 2
56 2
57 2
58 2
59 2
60 3
61 3
62 3
63 3
64 3
65 3
66 3
67 3
68 3
69 3
70 3
71 3
72 3
73 3
74 3
75 3
76 3
77 3
78 3
79 3
80 4
81 4
82 4
83 4
84 4
85 4
86 4
87 4
88 4
89 4
90 4
91 4
92 4
93 4
94 4
95 4
96 4
97 4
98 4
99 4
100 5
101 5
102 5
103 5
104 5
105 5
106 5
107 5
108 5
109 5
110 5
111 5
112 5
113 5
114 5
115 5
116 5
117 5
118 5
119 5
120 6
121 6
122 6
123 6
124 6
125 6
126 6
127 6
128 6
129 6
130 6
131 6
132 6
133 6
134 6
135 6
136 6
137 6
138 6
139 6
140 7
141 7
142 7
143 7
144 7
145 7
146 7
147 7
148 7
149 7
150 7
151 7
152 7
153 7
154 7
155 7
156 7
157 7
158 7
159 7
160 8
161 8
162 8
163 8
164 8
165 8
166 8
167 8
168 8
169 8
170 8
171 8
172 8
173 8
174 8
175 8
176 8
177 8
178 8
179 8
180 9
181 9
182 9
183 9
184 9
185 9
186 9
187 9
188 9
189 9
190 9
191 9
192 9
193 9
194 9
195 9
196 9
197 9
198 9
199 9
200 10
201 10
202 10
203 10
204 10
205 10
206 10
207 10
208 10
209 10
210 10
211 10
212 10
213 10
214 10
215 10
216 10
217 10
218 10
219 10
220 11
221 11
222 11
223 11
224 11
225 11
226 11
227 11
228 11
229 11
230 11
231 11
232 11
233 11
234 11
235 11
236 11
237 11
238 11
239 11
240 12
241 12
242 12
243 12
244 12
245 12
246 12
247 12
248 12
249 12
250 12
251 12
252 12
253 12
254 12
255 12
256 12
257 12
258 12
259 12
260 13
261 13
262 13
263 13
264 13
265 13
266 13
267 13
268 13
269 13
270 13
271 13
272 13
273 13
274 13
275 13
276 13
277 13
278 13
279 13
280 14
281 14
282 14
283 14
284 14
285 14
286 14
287 14
288 14
289 14
290 14
291 14
292 14
293 14
294 14
295 14
296 14
297 14
298 14
299 14
300 15
301 15
302 15
303 15
304 15
305 15
306 15
307 15
308 15
309 15
310 15
311 15
312 15
313 15
314 15
315 15
316 15
317 15
318 15
319 15

4 1 0 0
4 2 0 0
4 3 0 0
4 0 0 0
5 3 0 0
5 0 0 0
5 4 0 0
5 1 0 0
6 0 0 0
6 4 0 0
6 5 0 0
6 3 0 0
7 4 0 0
7 2 0 0
7 3 0 0
7 5 0 0
8 0 0 0
8 6 0 0
8 4 0 0
8 5 0 0
9 8 0 0
9 4 0 0
9 1 0 0
9 2 0 0
10 4 0 0
10 5 0 0
10 8 0 0
10 3 0 0
11 5 0 0
11 10 0 0
11 0 0 0
11 6 0 0
12 5 0 0
12 8 0 0
12 0 0 0
12 11 0 0
13 3 0 0
13 8 0 0
13 4 0 0
13 5 0 0
14 4 0 0
14 13 0 0
14 11 0 0
14 0 0 0
15 2 0 0
15 7 0 0
15 6 0 0
15 10 0 0
16 0 0 0
16 11 0 0
16 4 0 0
16 2 0 0
17 11 0 0
17 16 0 0
17 5 0 0
17 6 0 0
18 3 0 0
18 14 0 0
18 11 0 0
18 10 0 0
19 4 0 0
19 6 0 0
19 12 0 0
19 14 0 0
0 17 0 0
0 19 0 0
0 18 0 0
0 10 0 0
1 13 0 0
1 12 0 0
1 7 0 0
1 16 0 0
2 5 0 0
2 13 0 0
2 10 0 0
2 19 0 0
3 17 0 0
3 14 0 0
3 15 0 0
3 11 0 0
24 22 1 1
24 21 1 1
24 23 1 1
24 20 1 1
25 24 1 1
25 23 1 1
25 21 1 1
25 22 1 1
26 21 1 1
26 24 1 1
26 22 1 1
26 23 1 1
27 23 1 1
27 20 1 1
27 22 1 1
27 26 1 1
28 26 1 1
28 24 1 1
28 22 1 1
28 23 1 1
29 27 1 1
29 24 1 1
29 21 1 1
29 22 1 1
30 20 1 1
30 25 1 1
30 22 1 1
30 23 1 1
31 22 1 1
31 23 1 1
31 25 1 1
31 30 1 1
32 30 1 1
32 27 1 1
32 26 1 1
32 24 1 1
33 23 1 1
33 22 1 1
33 30 1 1
33 21 1 1
34 31 1 1
34 30 1 1
34 25 1 1
34 33 1 1
35 23 1 1
35 31 1 1
35 34 1 1
35 24 1 1
36 25 1 1
36 34 1 1
36 22 1 1
36 27 1 1
37 34 1 1
37 28 1 1
37 31 1 1
37 21 1 1
38 33 1 1
38 20 1 1
38 26 1 1
38 29 1 1
39 20 1 1
39 31 1 1
39 32 1 1
39 27 1 1
20 35 1 1
20 32 1 1
20 29 1 1
20 33 1 1
21 28 1 1
21 30 1 1
21 35 1 1
21 39 1 1
22 38 1 1
22 35 1 1
22 37 1 1
22 39 1 1
23 37 1 1
23 29 1 1
23 39 1 1
23 36 1 1
44 42 2 2
44 41 2 2
44 40 2 2
44 43 2 2
45 44 2 2
45 41 2 2
45 43 2 2
45 42 2 2
46 41 2 2
46 42 2 2
46 45 2 2
46 44 2 2
47 46 2 2
47 40 2 2
47 42 2 2
47 45 2 2
48 41 2 2
48 43 2 2
48 47 2 2
48 40 2 2
49 47 2 2
49 45 2 2
49 48 2 2
49 44 2 2
50 43 2 2
50 45 2 2
50 48 2 2
50 41 2 2
51 48 2 2
51 43 2 2
51 49 2 2
51 40 2 2
52 46 2 2
52 49 2 2
52 42 2 2
52 48 2 2
53 46 2 2
53 42 2 2
53 51 2 2
53 44 2 2
54 46 2 2
54 42 2 2
54 52 2 2
54 41 2 2
55 47 2 2
55 49 2 2
55 54 2 2
55 44 2 2
56 49 2 2
56 53 2 2
56 50 2 2
56 41 2 2
57 56 2 2
57 48 2 2
57 53 2 2
57 55 2 2
58 51 2 2
58 49 2 2
58 50 2 2
58 55 2 2
59 46 2 2
59 55 2 2
59 52 2 2
59 44 2 2
40 53 2 2
40 46 2 2
40 55 2 2
40 56 2 2
41 52 2 2
41 58 2 2
41 53 2 2
41 51 2 2
42 58 2 2
42 59 2 2
42 51 2 2
42 49 2 2
43 54 2 2
43 56 2 2
43 58 2 2
43 46 2 2
64 62 3 3
64 61 3 3
64 63 3 3
64 60 3 3
65 60 3 3
65 63 3 3
65 61 3 3
65 62 3 3
66 61 3 3
66 63 3 3
66 64 3 3
66 62 3 3
67 60 3 3
67 62 3 3
67 64 3 3
67 63 3 3
68 63 3 3
68 67 3 3
68 65 3 3
68 62 3 3
69 64 3 3
69 68 3 3
69 65 3 3
69 60 3 3
70 67 3 3
70 64 3 3
70 65 3 3
70 61 3 3
71 67 3 3
71 68 3 3
71 70 3 3
71 69 3 3
72 66 3 3
72 65 3 3
72 70 3 3
72 64 3 3
73 72 3 3
73 64 3 3
73 69 3 3
73 62 3 3
74 61 3 3
74 64 3 3
74 70 3 3
74 66 3 3
75 74 3 3
75 63 3 3
75 70 3 3
75 65 3 3
76 67 3 3
76 71 3 3
76 68 3 3
76 75 3 3
77 72 3 3
77 74 3 3
77 75 3 3
77 65 3 3
78 73 3 3
78 76 3 3
78 61 3 3
78 74 3 3
79 64 3 3
79 61 3 3
79 66 3 3
79 72 3 3
60 75 3 3
60 68 3 3
60 70 3 3
60 78 3 3
61 72 3 3
61 71 3 3
61 67 3 3
61 69 3 3
62 72 3 3
62 79 3 3
62 71 3 3
62 69 3 3
63 69 3 3
63 72 3 3
63 78 3 3
63 76 3 3
84 80 4 4
84 82 4 4
84 81 4 4
84 83 4 4
85 80 4 4
85 82 4 4
85 84 4 4
85 83 4 4
86 82 4 4
86 80 4 4
86 85 4 4
86 83 4 4
87 83 4 4
87 80 4 4
87 85 4 4
87 82 4 4
88 82 4 4
88 85 4 4
88 84 4 4
88 83 4 4
89 88 4 4
89 85 4 4
89 86 4 4
89 87 4 4
90 87 4 4
90 85 4 4
90 89 4 4
90 88 4 4
91 83 4 4
91 81 4 4
91 89 4 4
91 80 4 4
92 82 4 4
92 89 4 4
92 85 4 4
92 87 4 4
93 84 4 4
93 89 4 4
93 90 4 4
93 88 4 4
94 84 4 4
94 83 4 4
94 91 4 4
94 87 4 4
95 80 4 4
95 89 4 4
95 93 4 4
95 82 4 4
96 84 4 4
96 80 4 4
96 86 4 4
96 88 4 4
97 92 4 4
97 88 4 4
97 96 4 4
97 87 4 4
98 97 4 4
98 96 4 4
98 92 4 4
98 84 4 4
99 97 4 4
99 85 4 4
99 91 4 4
99 98 4 4
80 88 4 4
80 98 4 4
80 92 4 4
80 99 4 4
81 99 4 4
81 88 4 4
81 95 4 4
81 89 4 4
82 99 4 4
82 94 4 4
82 98 4 4
82 91 4 4
83 96 4 4
83 92 4 4
83 97 4 4
83 93 4 4
104 102 5 5
104 103 5 5
104 101 5 5
104 100 5 5
105 102 5 5
105 103 5 5
105 104 5 5
105 101 5 5
106 105 5 5
106 102 5 5
106 104 5 5
106 101 5 5
107 104 5 5
107 105 5 5
107 102 5 5
107 106 5 5
108 104 5 5
108 100 5 5
108 106 5 5
108 101 5 5
109 101 5 5
109 100 5 5
109 107 5 5
109 108 5 5
110 105 5 5
110 102 5 5
110 107 5 5
110 106 5 5
111 100 5 5
111 102 5 5
111 110 5 5
111 109 5 5
112 103 5 5
112 110 5 5
112 100 5 5
112 101 5 5
113 110 5 5
113 107 5 5
113 105 5 5
113 102 5 5
114 102 5 5
114 101 5 5
114 110 5 5
114 108 5 5
115 114 5 5
115 103 5 5
115 105 5 5
115 111 5 5
116 112 5 5
116 103 5 5
116 114 5 5
116 102 5 5
117 111 5 5
117 100 5 5
117 103 5 5
117 108 5 5
118 109 5 5
118 107 5 5
118 106 5 5
118 111 5 5
119 113 5 5
119 107 5 5
119 111 5 5
119 105 5 5
100 116 5 5
100 119 5 5
100 115 5 5
100 106 5 5
101 115 5 5
101 110 5 5
101 113 5 5
101 116 5 5
102 108 5 5
102 115 5 5
102 112 5 5
102 109 5 5
103 108 5 5
103 111 5 5
103 109 5 5
103 107 5 5
124 123 6 6
124 122 6 6
124 120 6 6
124 121 6 6
125 124 6 6
125 122 6 6
125 121 6 6
125 123 6 6
126 122 6 6
126 123 6 6
126 124 6 6
126 121 6 6
127 122 6 6
127 126 6 6
127 121 6 6
127 125 6 6
128 122 6 6
128 121 6 6
128 123 6 6
128 124 6 6
129 124 6 6
129 123 6 6
129 126 6 6
129 120 6 6
130 123 6 6
130 124 6 6
130 129 6 6
130 128 6 6
131 127 6 6
131 130 6 6
131 124 6 6
131 121 6 6
132 122 6 6
132 120 6 6
132 124 6 6
132 131 6 6
133 132 6 6
133 125 6 6
133 124 6 6
133 122 6 6
134 128 6 6
134 124 6 6
134 123 6 6
134 122 6 6
135 121 6 6
135 126 6 6
135 120 6 6
135 132 6 6
136 120 6 6
136 135 6 6
136 126 6 6
136 125 6 6
137 123 6 6
137 122 6 6
137 131 6 6
137 132 6 6
138 120 6 6
138 121 6 6
138 137 6 6
138 123 6 6
139 137 6 6
139 123 6 6
139 120 6 6
139 124 6 6
120 131 6 6
120 125 6 6
120 134 6 6
120 133 6 6
121 137 6 6
121 132 6 6
121 129 6 6
121 134 6 6
122 135 6 6
122 129 6 6
122 131 6 6
122 139 6 6
123 131 6 6
123 132 6 6
123 127 6 6
123 133 6 6
144 142 7 7
144 140 7 7
144 141 7 7
144 143 7 7
145 140 7 7
145 142 7 7
145 144 7 7
145 141 7 7
146 143 7 7
146 140 7 7
146 142 7 7
146 141 7 7
147 144 7 7
147 145 7 7
147 142 7 7
147 141 7 7
148 143 7 7
148 146 7 7
148 141 7 7
148 142 7 7
149 140 7 7
149 147 7 7
149 141 7 7
149 145 7 7
150 144 7 7
150 142 7 7
150 147 7 7
150 140 7 7
151 146 7 7
151 150 7 7
151 143 7 7
151 141 7 7
152 146 7 7
152 143 7 7
152 144 7 7
152 148 7 7
153 151 7 7
153 145 7 7
153 149 7 7
153 150 7 7
154 151 7 7
154 152 7 7
154 149 7 7
154 144 7 7
155 145 7 7
155 144 7 7
155 142 7 7
155 151 7 7
156 154 7 7
156 141 7 7
156 148 7 7
156 147 7 7
157 151 7 7
157 146 7 7
157 143 7 7
157 153 7 7
158 150 7 7
158 157 7 7
158 149 7 7
158 145 7 7
159 150 7 7
159 153 7 7
159 147 7 7
159 148 7 7
140 147 7 7
140 155 7 7
140 153 7 7
140 154 7 7
141 154 7 7
141 159 7 7
141 157 7 7
141 152 7 7
142 149 7 7
142 153 7 7
142 157 7 7
142 159 7 7
143 155 7 7
143 156 7 7
143 145 7 7
143 150 7 7
164 160 8 8
164 161 8 8
164 162 8 8
164 163 8 8
165 161 8 8
165 164 8 8
165 160 8 8
165 163 8 8
166 163 8 8
166 164 8 8
166 161 8 8
166 160 8 8
167 164 8 8
167 162 8 8
167 160 8 8
167 163 8 8
168 166 8 8
168 161 8 8
168 163 8 8
168 160 8 8
169 168 8 8
169 162 8 8
169 164 8 8
169 166 8 8
170 160 8 8
170 169 8 8
170 164 8 8
170 166 8 8
171 161 8 8
171 165 8 8
171 164 8 8
171 169 8 8
172 170 8 8
172 167 8 8
172 160 8 8
172 165 8 8
173 161 8 8
173 166 8 8
173 170 8 8
173 169 8 8
174 168 8 8
174 171 8 8
174 165 8 8
174 169 8 8
175 172 8 8
175 170 8 8
175 162 8 8
175 164 8 8
176 169 8 8
176 163 8 8
176 162 8 8
176 173 8 8
177 164 8 8
177 162 8 8
177 174 8 8
177 165 8 8
178 162 8 8
178 174 8 8
178 163 8 8
178 173 8 8
179 160 8 8
179 175 8 8
179 170 8 8
179 168 8 8
160 178 8 8
160 177 8 8
160 169 8 8
160 174 8 8
161 178 8 8
161 172 8 8
161 174 8 8
161 176 8 8
162 168 8 8
162 173 8 8
162 166 8 8
162 174 8 8
163 169 8 8
163 177 8 8
163 173 8 8
163 170 8 8
184 182 9 9
184 180 9 9
184 181 9 9
184 183 9 9
185 181 9 9
185 180 9 9
185 182 9 9
185 184 9 9
186 181 9 9
186 180 9 9
186 182 9 9
186 185 9 9
187 185 9 9
187 180 9 9
187 184 9 9
187 181 9 9
188 186 9 9
188 185 9 9
188 182 9 9
188 184 9 9
189 183 9 9
189 185 9 9
189 188 9 9
189 184 9 9
190 185 9 9
190 180 9 9
190 181 9 9
190 182 9 9
191 185 9 9
191 188 9 9
191 180 9 9
191 189 9 9
192 187 9 9
192 181 9 9
192 185 9 9
192 186 9 9
193 189 9 9
193 185 9 9
193 184 9 9
193 191 9 9
194 189 9 9
194 182 9 9
194 185 9 9
194 184 9 9
195 187 9 9
195 186 9 9
195 180 9 9
195 181 9 9
196 185 9 9
196 188 9 9
196 184 9 9
196 180 9 9
197 183 9 9
197 190 9 9
197 180 9 9
197 194 9 9
198 194 9 9
198 183 9 9
198 189 9 9
198 195 9 9
199 192 9 9
199 195 9 9
199 190 9 9
199 184 9 9
180 199 9 9
180 193 9 9
180 192 9 9
180 198 9 9
181 198 9 9
181 193 9 9
181 191 9 9
181 199 9 9
182 198 9 9
182 196 9 9
182 199 9 9
182 192 9 9
183 191 9 9
183 194 9 9
183 193 9 9
183 185 9 9
204 200 10 10
204 201 10 10
204 203 10 10
204 202 10 10
205 202 10 10
205 200 10 10
205 201 10 10
205 203 10 10
206 204 10 10
206 201 10 10
206 200 10 10
206 203 10 10
207 204 10 10
207 205 10 10
207 202 10 10
207 201 10 10
208 202 10 10
208 205 10 10
208 200 10 10
208 201 10 10
209 200 10 10
209 204 10 10
209 205 10 10
209 201 10 10
210 207 10 10
210 209 10 10
210 201 10 10
210 202 10 10
211 205 10 10
211 201 10 10
211 210 10 10
211 207 10 10
212 201 10 10
212 203 10 10
212 208 10 10
212 202 10 10
213 207 10 10
213 206 10 10
213 209 10 10
213 204 10 10
214 210 10 10
214 208 10 10
214 212 10 10
214 211 10 10
215 211 10 10
215 210 10 10
215 205 10 10
215 204 10 10
216 215 10 10
216 203 10 10
216 214 10 10
216 200 10 10
217 212 10 10
217 201 10 10
217 214 10 10
217 202 10 10
218 216 10 10
218 212 10 10
218 201 10 10
218 200 10 10
219 214 10 10
219 201 10 10
219 200 10 10
219 210 10 10
200 213 10 10
200 217 10 10
200 212 10 10
200 214 10 10
201 214 10 10
201 215 10 10
201 216 10 10
201 213 10 10
202 214 10 10
202 219 10 10
202 215 10 10
202 213 10 10
203 213 10 10
203 209 10 10
203 214 10 10
203 219 10 10
224 223 11 11
224 221 11 11
224 222 11 11
224 220 11 11
225 221 11 11
225 220 11 11
225 223 11 11
225 222 11 11
226 220 11 11
226 221 11 11
226 225 11 11
226 222 11 11
227 224 11 11
227 223 11 11
227 221 11 11
227 220 11 11
228 227 11 11
228 226 11 11
228 223 11 11
228 221 11 11
229 226 11 11
229 222 11 11
229 228 11 11
229 221 11 11
230 226 11 11
230 224 11 11
230 222 11 11
230 220 11 11
231 222 11 11
231 229 11 11
231 230 11 11
231 228 11 11
232 224 11 11
232 230 11 11
232 222 11 11
232 226 11 11
233 229 11 11
233 221 11 11
233 225 11 11
233 226 11 11
234 224 11 11
234 223 11 11
234 228 11 11
234 221 11 11
235 222 11 11
235 230 11 11
235 224 11 11
235 226 11 11
236 231 11 11
236 222 11 11
236 230 11 11
236 220 11 11
237 233 11 11
237 221 11 11
237 229 11 11
237 228 11 11
238 226 11 11
238 220 11 11
238 225 11 11
238 227 11 11
239 220 11 11
239 229 11 11
239 234 11 11
239 222 11 11
220 231 11 11
220 233 11 11
220 237 11 11
220 232 11 11
221 239 11 11
221 235 11 11
221 232 11 11
221 230 11 11
222 228 11 11
222 238 11 11
222 234 11 11
222 237 11 11
223 229 11 11
223 232 11 11
223 226 11 11
223 235 11 11
244 242 12 12
244 243 12 12
244 241 12 12
244 240 12 12
245 243 12 12
245 244 12 12
245 242 12 12
245 241 12 12
246 244 12 12
246 240 12 12
246 241 12 12
246 243 12 12
247 246 12 12
247 245 12 12
247 241 12 12
247 240 12 12
248 241 12 12
248 242 12 12
248 245 12 12
248 243 12 12
249 240 12 12
249 247 12 12
249 245 12 12
249 246 12 12
250 240 12 12
250 245 12 12
250 242 12 12
250 249 12 12
251 249 12 12
251 246 12 12
251 245 12 12
251 247 12 12
252 243 12 12
252 247 12 12
252 249 12 12
252 244 12 12
253 242 12 12
253 246 12 12
253 252 12 12
253 249 12 12
254 251 12 12
254 246 12 12
254 253 12 12
254 249 12 12
255 254 12 12
255 246 12 12
255 240 12 12
255 242 12 12
256 254 12 12
256 253 12 12
256 252 12 12
256 255 12 12
257 246 12 12
257 247 12 12
257 251 12 12
257 252 12 12
258 246 12 12
258 249 12 12
258 253 12 12
258 241 12 12
259 250 12 12
259 245 12 12
259 241 12 12
259 247 12 12
240 257 12 12
240 251 12 12
240 252 12 12
240 254 12 12
241 249 12 12
241 253 12 12
241 252 12 12
241 256 12 12
242 257 12 12
242 252 12 12
242 258 12 12
242 256 12 12
243 258 12 12
243 256 12 12
243 259 12 12
243 253 12 12
264 261 13 13
264 260 13 13
264 262 13 13
264 263 13 13
265 262 13 13
265 261 13 13
265 260 13 13
265 264 13 13
266 265 13 13
266 262 13 13
266 260 13 13
266 264 13 13
267 261 13 13
267 265 13 13
267 266 13 13
267 263 13 13
268 264 13 13
268 265 13 13
268 266 13 13
268 260 13 13
269 263 13 13
269 266 13 13
269 267 13 13
269 261 13 13
270 267 13 13
270 264 13 13
270 260 13 13
270 262 13 13
271 268 13 13
271 264 13 13
271 262 13 13
271 261 13 13
272 264 13 13
272 266 13 13
272 270 13 13
272 267 13 13
273 272 13 13
273 260 13 13
273 270 13 13
273 267 13 13
274 271 13 13
274 261 13 13
274 260 13 13
274 264 13 13
275 269 13 13
275 263 13 13
275 267 13 13
275 264 13 13
276 268 13 13
276 274 13 13
276 270 13 13
276 263 13 13
277 263 13 13
277 268 13 13
277 275 13 13
277 270 13 13
278 263 13 13
278 267 13 13
278 269 13 13
278 272 13 13
279 276 13 13
279 271 13 13
279 264 13 13
279 265 13 13
260 276 13 13
260 271 13 13
260 267 13 13
260 279 13 13
261 275 13 13
261 276 13 13
261 278 13 13
261 279 13 13
262 276 13 13
262 279 13 13
262 274 13 13
262 277 13 13
263 272 13 13
263 274 13 13
263 268 13 13
263 266 13 13
284 281 14 14
284 280 14 14
284 282 14 14
284 283 14 14
285 283 14 14
285 281 14 14
285 284 14 14
285 282 14 14
286 283 14 14
286 280 14 14
286 282 14 14
286 285 14 14
287 281 14 14
287 282 14 14
287 285 14 14
287 283 14 14
288 282 14 14
288 281 14 14
288 287 14 14
288 286 14 14
289 283 14 14
289 284 14 14
289 285 14 14
289 281 14 14
290 283 14 14
290 287 14 14
290 281 14 14
290 286 14 14
291 281 14 14
291 284 14 14
291 287 14 14
291 290 14 14
292 287 14 14
292 286 14 14
292 290 14 14
292 285 14 14
293 289 14 14
293 290 14 14
293 285 14 14
293 282 14 14
294 287 14 14
294 282 14 14
294 290 14 14
294 283 14 14
295 289 14 14
295 281 14 14
295 291 14 14
295 287 14 14
296 295 14 14
296 292 14 14
296 285 14 14
296 281 14 14
297 289 14 14
297 293 14 14
297 294 14 14
297 287 14 14
298 285 14 14
298 281 14 14
298 287 14 14
298 290 14 14
299 295 14 14
299 293 14 14
299 292 14 14
299 283 14 14
280 299 14 14
280 285 14 14
280 297 14 14
280 298 14 14
281 293 14 14
281 299 14 14
281 297 14 14
281 292 14 14
282 299 14 14
282 291 14 14
282 292 14 14
282 297 14 14
283 298 14 14
283 288 14 14
283 292 14 14
283 295 14 14
304 302 15 15
304 301 15 15
304 303 15 15
304 300 15 15
305 302 15 15
305 300 15 15
305 303 15 15
305 304 15 15
306 300 15 15
306 305 15 15
306 302 15 15
306 303 15 15
307 303 15 15
307 306 15 15
307 300 15 15
307 304 15 15
308 302 15 15
308 307 15 15
308 301 15 15
308 300 15 15
309 307 15 15
309 308 15 15
309 303 15 15
309 300 15 15
310 300 15 15
310 307 15 15
310 301 15 15
310 303 15 15
311 304 15 15
311 305 15 15
311 306 15 15
311 309 15 15
312 304 15 15
312 311 15 15
312 309 15 15
312 306 15 15
313 312 15 15
313 304 15 15
313 302 15 15
313 305 15 15
314 303 15 15
314 310 15 15
314 309 15 15
314 308 15 15
315 302 15 15
315 304 15 15
315 312 15 15
315 308 15 15
316 312 15 15
316 305 15 15
316 315 15 15
316 304 15 15
317 309 15 15
317 303 15 15
317 314 15 15
317 307 15 15
318 313 15 15
318 305 15 15
318 301 15 15
318 302 15 15
319 316 15 15
319 307 15 15
319 300 15 15
319 312 15 15
300 314 15 15
300 317 15 15
300 318 15 15
300 313 15 15
301 313 15 15
301 315 15 15
301 305 15 15
301 316 15 15
302 319 15 15
302 317 15 15
302 316 15 15
302 309 15 15
303 319 15 15
303 316 15 15
303 312 15 15
303 313 15 15
90 27 4 1
82 70 4 3
83 41 4 2
90 14 4 0
114 26 5 1
114 99 5 4
100 52 5 2
102 70 5 3
134 18 6 0
120 34 6 1
130 71 6 3
128 94 6 4
142 1 7 0
153 128 7 6
158 95 7 4
141 67 7 3
169 116 8 5
175 40 8 2
172 77 8 3
166 80 8 4
183 129 9 6
185 146 9 7
193 83 9 4
187 72 9 3
213 60 10 3
218 131 10 6
213 156 10 7
202 90 10 4
236 68 11 3
231 113 11 5
221 199 11 9
224 10 11 0
241 83 12 4
258 121 12 6
256 146 12 7
253 69 12 3
266 203 13 10
271 167 13 8
270 223 13 11
262 147 13 7
282 78 14 3
294 3 14 0
280 266 14 13
298 245 14 12
315 263 15 13
303 155 15 7
306 72 15 3
300 292 15 14
6 182 0 9
6 312 0 15
4 105 0 5
6 264 0 13
28 209 1 10
31 236 1 11
24 256 1 12
28 184 1 9
54 142 2 7
49 194 2 9
43 243 2 12
55 274 2 13
78 261 3 13
