swNum = 320
edgeNum = 1341

0 0
1 0
2 0
3 0
4 0
5 0
6 0
7 0
8 0
9 0
10 0
11 0
12 0
13 0
14 0
15 0
16 0
17 0
18 0
19 0
20 1
21 1
22 1
23 1
24 1
25 1
26 1
27 1
28 1
29 1
30 1
31 1
32 1
33 1
34 1
35 1
36 1
37 1
38 1
39 1
40 2
41 2
42 2
43 2
44 2
45 2
46 2
47 2
48 2
49 2
50 2
51 2
52 2
53 2
54 2
55 2
56 2
57 2
58 2
59 2
60 3
61 3
62 3
63 3
64 3
65 3
66 3
67 3
68 3
69 3
70 3
71 3
72 3
73 3
74 3
75 3
76 3
77 3
78 3
79 3
80 4
81 4
82 4
83 4
84 4
85 4
86 4
87 4
88 4
89 4
90 4
91 4
92 4
93 4
94 4
95 4
96 4
97 4
98 4
99 4
100 5
101 5
102 5
103 5
104 5
105 5
106 5
107 5
108 5
109 5
110 5
111 5
112 5
113 5
114 5
115 5
116 5
117 5
118 5
119 5
120 6
121 6
122 6
123 6
124 6
125 6
126 6
127 6
128 6
129 6
130 6
131 6
132 6
133 6
134 6
135 6
136 6
137 6
138 6
139 6
140 7
141 7
142 7
143 7
144 7
145 7
146 7
147 7
148 7
149 7
150 7
151 7
152 7
153 7
154 7
155 7
156 7
157 7
158 7
159 7
160 8
161 8
162 8
163 8
164 8
165 8
166 8
167 8
168 8
169 8
170 8
171 8
172 8
173 8
174 8
175 8
176 8
177 8
178 8
179 8
180 9
181 9
182 9
183 9
184 9
185 9
186 9
187 9
188 9
189 9
190 9
191 9
192 9
193 9
194 9
195 9
196 9
197 9
198 9
199 9
200 10
201 10
202 10
203 10
204 10
205 10
206 10
207 10
208 10
209 10
210 10
211 10
212 10
213 10
214 10
215 10
216 10
217 10
218 10
219 10
220 11
221 11
222 11
223 11
224 11
225 11
226 11
227 11
228 11
229 11
230 11
231 11
232 11
233 11
234 11
235 11
236 11
237 11
238 11
239 11
240 12
241 12
242 12
243 12
244 12
245 12
246 12
247 12
248 12
249 12
250 12
251 12
252 12
253 12
254 12
255 12
256 12
257 12
258 12
259 12
260 13
261 13
262 13
263 13
264 13
265 13
266 13
267 13
268 13
269 13
270 13
271 13
272 13
273 13
274 13
275 13
276 13
277 13
278 13
279 13
280 14
281 14
282 14
283 14
284 14
285 14
286 14
287 14
288 14
289 14
290 14
291 14
292 14
293 14
294 14
295 14
296 14
297 14
298 14
299 14
300 15
301 15
302 15
303 15
304 15
305 15
306 15
307 15
308 15
309 15
310 15
311 15
312 15
313 15
314 15
315 15
316 15
317 15
318 15
319 15

4 3 0 0
4 1 0 0
4 2 0 0
4 0 0 0
5 0 0 0
5 4 0 0
5 1 0 0
5 2 0 0
6 5 0 0
6 0 0 0
6 3 0 0
6 2 0 0
7 3 0 0
7 2 0 0
7 0 0 0
7 5 0 0
8 2 0 0
8 4 0 0
8 5 0 0
8 6 0 0
9 7 0 0
9 2 0 0
9 4 0 0
9 6 0 0
10 0 0 0
10 2 0 0
10 7 0 0
10 9 0 0
11 8 0 0
11 7 0 0
11 4 0 0
11 3 0 0
12 11 0 0
12 10 0 0
12 1 0 0
12 3 0 0
13 2 0 0
13 0 0 0
13 10 0 0
13 5 0 0
14 11 0 0
14 12 0 0
14 3 0 0
14 5 0 0
15 6 0 0
15 1 0 0
15 5 0 0
15 14 0 0
16 2 0 0
16 7 0 0
16 9 0 0
16 3 0 0
17 2 0 0
17 13 0 0
17 3 0 0
17 10 0 0
18 0 0 0
18 13 0 0
18 10 0 0
18 15 0 0
19 6 0 0
19 8 0 0
19 1 0 0
19 5 0 0
0 9 0 0
0 14 0 0
0 15 0 0
0 19 0 0
1 16 0 0
1 18 0 0
1 14 0 0
1 17 0 0
2 19 0 0
2 11 0 0
2 15 0 0
2 14 0 0
3 10 0 0
3 5 0 0
3 18 0 0
3 8 0 0
24 22 1 1
24 23 1 1
24 21 1 1
24 20 1 1
25 22 1 1
25 20 1 1
25 21 1 1
25 23 1 1
26 25 1 1
26 21 1 1
26 23 1 1
26 24 1 1
27 24 1 1
27 20 1 1
27 23 1 1
27 22 1 1
28 25 1 1
28 24 1 1
28 26 1 1
28 21 1 1
29 27 1 1
29 20 1 1
29 23 1 1
29 25 1 1
30 27 1 1
30 28 1 1
30 23 1 1
30 29 1 1
31 25 1 1
31 22 1 1
31 20 1 1
31 21 1 1
32 25 1 1
32 26 1 1
32 29 1 1
32 22 1 1
33 23 1 1
33 25 1 1
33 20 1 1
33 24 1 1
34 27 1 1
34 23 1 1
34 20 1 1
34 24 1 1
35 29 1 1
35 31 1 1
35 25 1 1
35 30 1 1
36 24 1 1
36 32 1 1
36 33 1 1
36 23 1 1
37 23 1 1
37 20 1 1
37 30 1 1
37 29 1 1
38 29 1 1
38 28 1 1
38 22 1 1
38 20 1 1
39 24 1 1
39 22 1 1
39 26 1 1
39 34 1 1
20 36 1 1
20 32 1 1
20 26 1 1
20 30 1 1
21 27 1 1
21 29 1 1
21 35 1 1
21 36 1 1
22 37 1 1
22 36 1 1
22 33 1 1
22 29 1 1
23 31 1 1
23 38 1 1
23 32 1 1
23 39 1 1
44 40 2 2
44 42 2 2
44 41 2 2
44 43 2 2
45 41 2 2
45 42 2 2
45 43 2 2
45 44 2 2
46 43 2 2
46 41 2 2
46 44 2 2
46 45 2 2
47 41 2 2
47 42 2 2
47 46 2 2
47 40 2 2
48 45 2 2
48 41 2 2
48 43 2 2
48 42 2 2
49 40 2 2
49 42 2 2
49 44 2 2
49 47 2 2
50 41 2 2
50 45 2 2
50 46 2 2
50 43 2 2
51 45 2 2
51 43 2 2
51 44 2 2
51 40 2 2
52 45 2 2
52 46 2 2
52 43 2 2
52 41 2 2
53 41 2 2
53 51 2 2
53 44 2 2
53 50 2 2
54 49 2 2
54 46 2 2
54 41 2 2
54 52 2 2
55 52 2 2
55 41 2 2
55 51 2 2
55 44 2 2
56 43 2 2
56 41 2 2
56 46 2 2
56 53 2 2
57 43 2 2
57 54 2 2
57 49 2 2
57 48 2 2
58 48 2 2
58 54 2 2
58 50 2 2
58 45 2 2
59 52 2 2
59 45 2 2
59 46 2 2
59 57 2 2
40 53 2 2
40 52 2 2
40 56 2 2
40 48 2 2
41 49 2 2
41 51 2 2
41 59 2 2
41 57 2 2
42 55 2 2
42 53 2 2
42 50 2 2
42 58 2 2
43 59 2 2
43 58 2 2
43 53 2 2
43 47 2 2
64 62 3 3
64 60 3 3
64 61 3 3
64 63 3 3
65 62 3 3
65 64 3 3
65 63 3 3
65 61 3 3
66 64 3 3
66 63 3 3
66 60 3 3
66 61 3 3
67 65 3 3
67 61 3 3
67 66 3 3
67 63 3 3
68 60 3 3
68 62 3 3
68 65 3 3
68 66 3 3
69 68 3 3
69 61 3 3
69 62 3 3
69 65 3 3
70 63 3 3
70 64 3 3
70 69 3 3
70 66 3 3
71 61 3 3
71 65 3 3
71 67 3 3
71 69 3 3
72 61 3 3
72 68 3 3
72 71 3 3
72 65 3 3
73 60 3 3
73 66 3 3
73 63 3 3
73 71 3 3
74 70 3 3
74 72 3 3
74 64 3 3
74 68 3 3
75 72 3 3
75 64 3 3
75 63 3 3
75 60 3 3
76 69 3 3
76 64 3 3
76 63 3 3
76 68 3 3
77 70 3 3
77 71 3 3
77 63 3 3
77 72 3 3
78 63 3 3
78 60 3 3
78 72 3 3
78 69 3 3
79 68 3 3
79 66 3 3
79 72 3 3
79 61 3 3
60 74 3 3
60 72 3 3
60 69 3 3
60 77 3 3
61 78 3 3
61 68 3 3
61 77 3 3
61 70 3 3
62 76 3 3
62 79 3 3
62 70 3 3
62 75 3 3
63 69 3 3
63 74 3 3
63 72 3 3
63 71 3 3
84 83 4 4
84 81 4 4
84 82 4 4
84 80 4 4
85 84 4 4
85 81 4 4
85 83 4 4
85 82 4 4
86 81 4 4
86 85 4 4
86 83 4 4
86 82 4 4
87 82 4 4
87 81 4 4
87 84 4 4
87 86 4 4
88 83 4 4
88 84 4 4
88 85 4 4
88 82 4 4
89 84 4 4
89 86 4 4
89 81 4 4
89 88 4 4
90 87 4 4
90 82 4 4
90 86 4 4
90 84 4 4
91 89 4 4
91 80 4 4
91 85 4 4
91 87 4 4
92 91 4 4
92 85 4 4
92 81 4 4
92 89 4 4
93 85 4 4
93 92 4 4
93 86 4 4
93 81 4 4
94 86 4 4
94 83 4 4
94 85 4 4
94 93 4 4
95 89 4 4
95 81 4 4
95 90 4 4
95 91 4 4
96 93 4 4
96 88 4 4
96 84 4 4
96 85 4 4
97 87 4 4
97 90 4 4
97 86 4 4
97 83 4 4
98 80 4 4
98 97 4 4
98 93 4 4
98 83 4 4
99 97 4 4
99 89 4 4
99 83 4 4
99 98 4 4
80 87 4 4
80 99 4 4
80 97 4 4
80 96 4 4
81 96 4 4
81 90 4 4
81 94 4 4
81 97 4 4
82 97 4 4
82 99 4 4
82 98 4 4
82 91 4 4
83 96 4 4
83 93 4 4
83 89 4 4
83 92 4 4
104 102 5 5
104 103 5 5
104 101 5 5
104 100 5 5
105 102 5 5
105 101 5 5
105 103 5 5
105 100 5 5
106 103 5 5
106 105 5 5
106 104 5 5
106 102 5 5
107 102 5 5
107 101 5 5
107 100 5 5
107 105 5 5
108 104 5 5
108 101 5 5
108 102 5 5
108 107 5 5
109 104 5 5
109 105 5 5
109 108 5 5
109 106 5 5
110 108 5 5
110 101 5 5
110 105 5 5
110 106 5 5
111 105 5 5
111 101 5 5
111 109 5 5
111 100 5 5
112 102 5 5
112 106 5 5
112 111 5 5
112 108 5 5
113 110 5 5
113 104 5 5
113 101 5 5
113 108 5 5
114 108 5 5
114 110 5 5
114 105 5 5
114 111 5 5
115 103 5 5
115 100 5 5
115 106 5 5
115 114 5 5
116 111 5 5
116 109 5 5
116 108 5 5
116 103 5 5
117 103 5 5
117 108 5 5
117 102 5 5
117 100 5 5
118 102 5 5
118 110 5 5
118 116 5 5
118 105 5 5
119 117 5 5
119 114 5 5
119 101 5 5
119 105 5 5
100 108 5 5
100 114 5 5
100 116 5 5
100 118 5 5
101 114 5 5
101 118 5 5
101 109 5 5
101 117 5 5
102 113 5 5
102 111 5 5
102 116 5 5
102 110 5 5
103 114 5 5
103 112 5 5
103 110 5 5
103 109 5 5
124 120 6 6
124 121 6 6
124 122 6 6
124 123 6 6
125 120 6 6
125 124 6 6
125 123 6 6
125 121 6 6
126 123 6 6
126 125 6 6
126 122 6 6
126 124 6 6
127 122 6 6
127 124 6 6
127 125 6 6
127 123 6 6
128 120 6 6
128 125 6 6
128 123 6 6
128 127 6 6
129 120 6 6
129 125 6 6
129 126 6 6
129 123 6 6
130 120 6 6
130 125 6 6
130 122 6 6
130 123 6 6
131 123 6 6
131 128 6 6
131 129 6 6
131 122 6 6
132 120 6 6
132 131 6 6
132 122 6 6
132 128 6 6
133 124 6 6
133 121 6 6
133 130 6 6
133 125 6 6
134 123 6 6
134 126 6 6
134 129 6 6
134 125 6 6
135 134 6 6
135 126 6 6
135 124 6 6
135 125 6 6
136 126 6 6
136 123 6 6
136 127 6 6
136 130 6 6
137 129 6 6
137 120 6 6
137 123 6 6
137 136 6 6
138 130 6 6
138 125 6 6
138 131 6 6
138 123 6 6
139 123 6 6
139 124 6 6
139 129 6 6
139 130 6 6
120 133 6 6
120 138 6 6
120 136 6 6
120 134 6 6
121 136 6 6
121 129 6 6
121 127 6 6
121 139 6 6
122 138 6 6
122 128 6 6
122 125 6 6
122 129 6 6
123 132 6 6
123 135 6 6
123 133 6 6
144 140 7 7
144 141 7 7
144 142 7 7
144 143 7 7
145 143 7 7
145 141 7 7
145 144 7 7
145 142 7 7
146 143 7 7
146 141 7 7
146 145 7 7
146 144 7 7
147 140 7 7
147 141 7 7
147 144 7 7
147 143 7 7
148 147 7 7
148 145 7 7
148 141 7 7
148 142 7 7
149 144 7 7
149 147 7 7
149 141 7 7
149 143 7 7
150 144 7 7
150 141 7 7
150 149 7 7
150 142 7 7
151 147 7 7
151 142 7 7
151 150 7 7
151 149 7 7
152 147 7 7
152 146 7 7
152 145 7 7
152 143 7 7
153 145 7 7
153 142 7 7
153 152 7 7
153 140 7 7
154 146 7 7
154 145 7 7
154 148 7 7
154 141 7 7
155 145 7 7
155 146 7 7
155 143 7 7
155 148 7 7
156 142 7 7
156 152 7 7
156 148 7 7
156 145 7 7
157 147 7 7
157 144 7 7
157 151 7 7
157 142 7 7
158 145 7 7
158 152 7 7
158 147 7 7
158 140 7 7
159 145 7 7
159 143 7 7
159 158 7 7
159 155 7 7
140 157 7 7
140 146 7 7
140 156 7 7
140 155 7 7
141 157 7 7
141 153 7 7
141 156 7 7
141 151 7 7
142 149 7 7
142 159 7 7
142 147 7 7
142 158 7 7
143 156 7 7
143 158 7 7
143 148 7 7
143 151 7 7
164 162 8 8
164 160 8 8
164 161 8 8
164 163 8 8
165 163 8 8
165 164 8 8
165 161 8 8
165 162 8 8
166 162 8 8
166 165 8 8
166 160 8 8
166 164 8 8
167 164 8 8
167 166 8 8
167 163 8 8
167 160 8 8
168 161 8 8
168 160 8 8
168 162 8 8
168 164 8 8
169 161 8 8
169 162 8 8
169 168 8 8
169 160 8 8
170 160 8 8
170 169 8 8
170 164 8 8
170 165 8 8
171 163 8 8
171 165 8 8
171 170 8 8
171 169 8 8
172 162 8 8
172 164 8 8
172 166 8 8
172 167 8 8
173 164 8 8
173 162 8 8
173 160 8 8
173 169 8 8
174 171 8 8
174 162 8 8
174 166 8 8
174 163 8 8
175 174 8 8
175 161 8 8
175 168 8 8
175 169 8 8
176 174 8 8
176 165 8 8
176 168 8 8
176 169 8 8
177 163 8 8
177 164 8 8
177 168 8 8
177 167 8 8
178 160 8 8
178 173 8 8
178 174 8 8
178 177 8 8
179 171 8 8
179 170 8 8
179 161 8 8
179 175 8 8
160 175 8 8
160 179 8 8
160 176 8 8
160 171 8 8
161 174 8 8
161 167 8 8
161 170 8 8
161 172 8 8
162 175 8 8
162 170 8 8
162 167 8 8
162 178 8 8
163 166 8 8
163 178 8 8
163 176 8 8
163 172 8 8
184 183 9 9
184 180 9 9
184 181 9 9
184 182 9 9
185 182 9 9
185 183 9 9
185 184 9 9
185 180 9 9
186 184 9 9
186 182 9 9
186 181 9 9
186 183 9 9
187 183 9 9
187 181 9 9
187 185 9 9
187 182 9 9
188 181 9 9
188 187 9 9
188 183 9 9
188 180 9 9
189 188 9 9
189 180 9 9
189 186 9 9
189 184 9 9
190 185 9 9
190 183 9 9
190 184 9 9
190 189 9 9
191 181 9 9
191 185 9 9
191 188 9 9
191 186 9 9
192 183 9 9
192 190 9 9
192 182 9 9
192 186 9 9
193 183 9 9
193 180 9 9
193 186 9 9
193 189 9 9
194 181 9 9
194 187 9 9
194 190 9 9
194 191 9 9
195 184 9 9
195 187 9 9
195 188 9 9
195 180 9 9
196 195 9 9
196 189 9 9
196 182 9 9
196 186 9 9
197 180 9 9
197 196 9 9
197 193 9 9
197 186 9 9
198 195 9 9
198 182 9 9
198 187 9 9
198 183 9 9
199 180 9 9
199 183 9 9
199 190 9 9
199 184 9 9
180 198 9 9
180 186 9 9
180 190 9 9
180 187 9 9
181 195 9 9
181 198 9 9
181 196 9 9
181 190 9 9
182 194 9 9
182 195 9 9
182 191 9 9
182 197 9 9
183 196 9 9
183 195 9 9
183 194 9 9
183 189 9 9
204 200 10 10
204 202 10 10
204 201 10 10
204 203 10 10
205 203 10 10
205 201 10 10
205 204 10 10
205 200 10 10
206 205 10 10
206 202 10 10
206 204 10 10
206 200 10 10
207 206 10 10
207 200 10 10
207 202 10 10
207 204 10 10
208 205 10 10
208 206 10 10
208 203 10 10
208 202 10 10
209 204 10 10
209 206 10 10
209 208 10 10
209 200 10 10
210 209 10 10
210 207 10 10
210 208 10 10
210 204 10 10
211 205 10 10
211 201 10 10
211 206 10 10
211 204 10 10
212 206 10 10
212 201 10 10
212 211 10 10
212 208 10 10
213 200 10 10
213 203 10 10
213 207 10 10
213 202 10 10
214 206 10 10
214 211 10 10
214 202 10 10
214 210 10 10
215 210 10 10
215 214 10 10
215 205 10 10
215 203 10 10
216 200 10 10
216 210 10 10
216 204 10 10
216 206 10 10
217 209 10 10
217 215 10 10
217 213 10 10
217 203 10 10
218 214 10 10
218 210 10 10
218 211 10 10
218 206 10 10
219 204 10 10
219 213 10 10
219 217 10 10
219 203 10 10
200 219 10 10
200 217 10 10
200 215 10 10
200 211 10 10
201 215 10 10
201 219 10 10
201 217 10 10
201 207 10 10
202 218 10 10
202 210 10 10
202 219 10 10
202 216 10 10
203 216 10 10
203 211 10 10
203 210 10 10
203 207 10 10
224 222 11 11
224 223 11 11
224 221 11 11
224 220 11 11
225 224 11 11
225 221 11 11
225 220 11 11
225 222 11 11
226 221 11 11
226 220 11 11
226 224 11 11
226 222 11 11
227 225 11 11
227 223 11 11
227 224 11 11
227 222 11 11
228 223 11 11
228 222 11 11
228 227 11 11
228 225 11 11
229 226 11 11
229 224 11 11
229 222 11 11
229 225 11 11
230 222 11 11
230 225 11 11
230 224 11 11
230 223 11 11
231 222 11 11
231 229 11 11
231 228 11 11
231 227 11 11
232 221 11 11
232 230 11 11
232 222 11 11
232 226 11 11
233 229 11 11
233 226 11 11
233 230 11 11
233 223 11 11
234 232 11 11
234 225 11 11
234 224 11 11
234 228 11 11
235 225 11 11
235 222 11 11
235 224 11 11
235 233 11 11
236 229 11 11
236 221 11 11
236 235 11 11
236 224 11 11
237 233 11 11
237 228 11 11
237 223 11 11
237 235 11 11
238 226 11 11
238 229 11 11
238 223 11 11
238 224 11 11
239 233 11 11
239 223 11 11
239 237 11 11
239 230 11 11
220 232 11 11
220 227 11 11
220 235 11 11
220 238 11 11
221 235 11 11
221 230 11 11
221 229 11 11
221 237 11 11
222 237 11 11
222 233 11 11
222 239 11 11
222 236 11 11
223 231 11 11
223 229 11 11
223 225 11 11
223 235 11 11
244 240 12 12
244 242 12 12
244 243 12 12
244 241 12 12
245 244 12 12
245 242 12 12
245 243 12 12
245 241 12 12
246 240 12 12
246 244 12 12
246 243 12 12
246 242 12 12
247 246 12 12
247 242 12 12
247 245 12 12
247 243 12 12
248 241 12 12
248 240 12 12
248 247 12 12
248 244 12 12
249 246 12 12
249 248 12 12
249 240 12 12
249 243 12 12
250 248 12 12
250 247 12 12
250 242 12 12
250 240 12 12
251 248 12 12
251 250 12 12
251 242 12 12
251 244 12 12
252 240 12 12
252 241 12 12
252 245 12 12
252 248 12 12
253 245 12 12
253 243 12 12
253 248 12 12
253 240 12 12
254 240 12 12
254 250 12 12
254 252 12 12
254 246 12 12
255 254 12 12
255 250 12 12
255 242 12 12
255 240 12 12
256 242 12 12
256 247 12 12
256 252 12 12
256 241 12 12
257 242 12 12
257 243 12 12
257 254 12 12
257 252 12 12
258 254 12 12
258 243 12 12
258 244 12 12
258 242 12 12
259 244 12 12
259 258 12 12
259 257 12 12
259 248 12 12
240 247 12 12
240 256 12 12
240 257 12 12
240 258 12 12
241 257 12 12
241 246 12 12
241 251 12 12
241 254 12 12
242 252 12 12
242 253 12 12
242 248 12 12
242 249 12 12
243 248 12 12
243 256 12 12
243 254 12 12
243 250 12 12
264 261 13 13
264 263 13 13
264 262 13 13
264 260 13 13
265 262 13 13
265 264 13 13
265 260 13 13
265 261 13 13
266 262 13 13
266 260 13 13
266 265 13 13
266 261 13 13
267 260 13 13
267 265 13 13
267 262 13 13
267 264 13 13
268 261 13 13
268 264 13 13
268 265 13 13
268 263 13 13
269 264 13 13
269 262 13 13
269 266 13 13
269 260 13 13
270 261 13 13
270 268 13 13
270 265 13 13
270 260 13 13
271 260 13 13
271 262 13 13
271 269 13 13
271 268 13 13
272 260 13 13
272 270 13 13
272 271 13 13
272 265 13 13
273 269 13 13
273 270 13 13
273 265 13 13
273 260 13 13
274 266 13 13
274 261 13 13
274 264 13 13
274 272 13 13
275 269 13 13
275 270 13 13
275 267 13 13
275 264 13 13
276 261 13 13
276 271 13 13
276 273 13 13
276 265 13 13
277 268 13 13
277 274 13 13
277 261 13 13
277 262 13 13
278 274 13 13
278 269 13 13
278 261 13 13
278 263 13 13
279 266 13 13
279 263 13 13
279 265 13 13
279 276 13 13
260 279 13 13
260 275 13 13
260 276 13 13
260 274 13 13
261 279 13 13
261 275 13 13
261 272 13 13
261 269 13 13
262 272 13 13
262 276 13 13
262 270 13 13
262 273 13 13
263 276 13 13
263 269 13 13
263 277 13 13
263 274 13 13
284 283 14 14
284 281 14 14
284 280 14 14
284 282 14 14
285 281 14 14
285 283 14 14
285 280 14 14
285 284 14 14
286 284 14 14
286 281 14 14
286 285 14 14
286 283 14 14
287 283 14 14
287 285 14 14
287 281 14 14
287 286 14 14
288 281 14 14
288 285 14 14
288 284 14 14
288 283 14 14
289 283 14 14
289 288 14 14
289 285 14 14
289 286 14 14
290 281 14 14
290 280 14 14
290 288 14 14
290 289 14 14
291 288 14 14
291 290 14 14
291 280 14 14
291 286 14 14
292 288 14 14
292 290 14 14
292 291 14 14
292 283 14 14
293 283 14 14
293 292 14 14
293 285 14 14
293 282 14 14
294 283 14 14
294 291 14 14
294 284 14 14
294 288 14 14
295 286 14 14
295 294 14 14
295 283 14 14
295 291 14 14
296 289 14 14
296 295 14 14
296 288 14 14
296 283 14 14
297 285 14 14
297 296 14 14
297 283 14 14
297 293 14 14
298 288 14 14
298 283 14 14
298 287 14 14
298 293 14 14
299 286 14 14
299 289 14 14
299 281 14 14
299 283 14 14
280 295 14 14
280 297 14 14
280 298 14 14
280 287 14 14
281 295 14 14
281 289 14 14
281 296 14 14
281 291 14 14
282 292 14 14
282 291 14 14
282 290 14 14
282 295 14 14
283 291 14 14
283 290 14 14
304 302 15 15
304 301 15 15
304 303 15 15
304 300 15 15
305 300 15 15
305 303 15 15
305 304 15 15
305 301 15 15
306 303 15 15
306 302 15 15
306 300 15 15
306 304 15 15
307 302 15 15
307 306 15 15
307 303 15 15
307 300 15 15
308 307 15 15
308 300 15 15
308 305 15 15
308 303 15 15
309 307 15 15
309 301 15 15
309 303 15 15
309 302 15 15
310 302 15 15
310 306 15 15
310 304 15 15
310 301 15 15
311 300 15 15
311 302 15 15
311 303 15 15
311 305 15 15
312 303 15 15
312 300 15 15
312 308 15 15
312 311 15 15
313 308 15 15
313 300 15 15
313 312 15 15
313 301 15 15
314 305 15 15
314 306 15 15
314 311 15 15
314 304 15 15
315 314 15 15
315 310 15 15
315 311 15 15
315 300 15 15
316 311 15 15
316 315 15 15
316 302 15 15
316 304 15 15
317 305 15 15
317 308 15 15
317 307 15 15
317 313 15 15
318 302 15 15
318 308 15 15
318 304 15 15
318 310 15 15
319 318 15 15
319 304 15 15
319 317 15 15
319 311 15 15
300 309 15 15
300 318 15 15
300 316 15 15
300 317 15 15
301 318 15 15
301 308 15 15
301 319 15 15
301 315 15 15
302 319 15 15
302 317 15 15
302 312 15 15
302 313 15 15
303 316 15 15
303 314 15 15
303 317 15 15
303 318 15 15
89 71 4 3
99 20 4 1
80 45 4 2
82 3 4 0
116 34 5 1
115 43 5 2
103 81 5 4
100 4 5 0
124 51 6 2
126 93 6 4
139 34 6 1
137 105 6 5
148 27 7 1
144 73 7 3
147 49 7 2
152 112 7 5
172 89 8 4
169 42 8 2
164 63 8 3
162 126 8 6
186 107 9 5
185 124 9 6
197 151 9 7
188 26 9 1
209 96 10 4
217 49 10 2
207 127 10 6
208 191 10 9
229 18 11 0
230 134 11 6
239 21 11 1
223 180 11 9
245 99 12 4
247 217 12 10
257 197 12 9
241 60 12 3
268 177 13 8
276 97 13 4
275 12 13 0
278 248 13 12
292 116 14 5
299 134 14 6
293 151 14 7
281 14 14 0
313 124 15 6
319 24 15 1
318 249 15 12
311 275 15 13
19 122 0 6
14 309 0 15
9 170 0 8
4 190 0 9
32 252 1 12
26 211 1 10
22 161 1 8
37 287 1 14
48 295 2 14
55 230 2 11
40 307 2 15
54 254 2 12
70 116 3 5
71 301 3 15
65 194 3 9
74 120 3 6
