swNum = 320
edgeNum = 1344

0 0
1 0
2 0
3 0
4 0
5 0
6 0
7 0
8 0
9 0
10 0
11 0
12 0
13 0
14 0
15 0
16 0
17 0
18 0
19 0
20 1
21 1
22 1
23 1
24 1
25 1
26 1
27 1
28 1
29 1
30 1
31 1
32 1
33 1
34 1
35 1
36 1
37 1
38 1
39 1
40 2
41 2
42 2
43 2
44 2
45 2
46 2
47 2
48 2
49 2
50 2
51 2
52 2
53 2
54 2
55 2
56 2
57 2
58 2
59 2
60 3
61 3
62 3
63 3
64 3
65 3
66 3
67 3
68 3
69 3
70 3
71 3
72 3
73 3
74 3
75 3
76 3
77 3
78 3
79 3
80 4
81 4
82 4
83 4
84 4
85 4
86 4
87 4
88 4
89 4
90 4
91 4
92 4
93 4
94 4
95 4
96 4
97 4
98 4
99 4
100 5
101 5
102 5
103 5
104 5
105 5
106 5
107 5
108 5
109 5
110 5
111 5
112 5
113 5
114 5
115 5
116 5
117 5
118 5
119 5
120 6
121 6
122 6
123 6
124 6
125 6
126 6
127 6
128 6
129 6
130 6
131 6
132 6
133 6
134 6
135 6
136 6
137 6
138 6
139 6
140 7
141 7
142 7
143 7
144 7
145 7
146 7
147 7
148 7
149 7
150 7
151 7
152 7
153 7
154 7
155 7
156 7
157 7
158 7
159 7
160 8
161 8
162 8
163 8
164 8
165 8
166 8
167 8
168 8
169 8
170 8
171 8
172 8
173 8
174 8
175 8
176 8
177 8
178 8
179 8
180 9
181 9
182 9
183 9
184 9
185 9
186 9
187 9
188 9
189 9
190 9
191 9
192 9
193 9
194 9
195 9
196 9
197 9
198 9
199 9
200 10
201 10
202 10
203 10
204 10
205 10
206 10
207 10
208 10
209 10
210 10
211 10
212 10
213 10
214 10
215 10
216 10
217 10
218 10
219 10
220 11
221 11
222 11
223 11
224 11
225 11
226 11
227 11
228 11
229 11
230 11
231 11
232 11
233 11
234 11
235 11
236 11
237 11
238 11
239 11
240 12
241 12
242 12
243 12
244 12
245 12
246 12
247 12
248 12
249 12
250 12
251 12
252 12
253 12
254 12
255 12
256 12
257 12
258 12
259 12
260 13
261 13
262 13
263 13
264 13
265 13
266 13
267 13
268 13
269 13
270 13
271 13
272 13
273 13
274 13
275 13
276 13
277 13
278 13
279 13
280 14
281 14
282 14
283 14
284 14
285 14
286 14
287 14
288 14
289 14
290 14
291 14
292 14
293 14
294 14
295 14
296 14
297 14
298 14
299 14
300 15
301 15
302 15
303 15
304 15
305 15
306 15
307 15
308 15
309 15
310 15
311 15
312 15
313 15
314 15
315 15
316 15
317 15
318 15
319 15

4 2 0 0
4 1 0 0
4 3 0 0
4 0 0 0
5 4 0 0
5 3 0 0
5 2 0 0
5 1 0 0
6 5 0 0
6 1 0 0
6 2 0 0
6 3 0 0
7 6 0 0
7 3 0 0
7 4 0 0
7 2 0 0
8 1 0 0
8 5 0 0
8 0 0 0
8 3 0 0
9 4 0 0
9 5 0 0
9 0 0 0
9 7 0 0
10 6 0 0
10 9 0 0
10 7 0 0
10 3 0 0
11 10 0 0
11 1 0 0
11 3 0 0
11 0 0 0
12 11 0 0
12 10 0 0
12 2 0 0
12 0 0 0
13 10 0 0
13 4 0 0
13 8 0 0
13 1 0 0
14 12 0 0
14 11 0 0
14 10 0 0
14 0 0 0
15 0 0 0
15 10 0 0
15 3 0 0
15 5 0 0
16 1 0 0
16 2 0 0
16 4 0 0
16 15 0 0
17 1 0 0
17 3 0 0
17 6 0 0
17 9 0 0
18 6 0 0
18 5 0 0
18 1 0 0
18 13 0 0
19 1 0 0
19 4 0 0
19 18 0 0
19 10 0 0
0 16 0 0
0 17 0 0
0 10 0 0
0 7 0 0
1 7 0 0
1 15 0 0
1 14 0 0
1 10 0 0
2 13 0 0
2 18 0 0
2 14 0 0
2 17 0 0
3 14 0 0
3 18 0 0
3 13 0 0
3 16 0 0
24 23 1 1
24 20 1 1
24 21 1 1
24 22 1 1
25 21 1 1
25 23 1 1
25 22 1 1
25 20 1 1
26 20 1 1
26 21 1 1
26 25 1 1
26 24 1 1
27 20 1 1
27 26 1 1
27 21 1 1
27 25 1 1
28 25 1 1
28 26 1 1
28 20 1 1
28 21 1 1
29 20 1 1
29 24 1 1
29 25 1 1
29 22 1 1
30 21 1 1
30 22 1 1
30 28 1 1
30 26 1 1
31 29 1 1
31 30 1 1
31 22 1 1
31 24 1 1
32 27 1 1
32 20 1 1
32 30 1 1
32 29 1 1
33 25 1 1
33 32 1 1
33 21 1 1
33 29 1 1
34 25 1 1
34 27 1 1
34 23 1 1
34 28 1 1
35 22 1 1
35 29 1 1
35 33 1 1
35 26 1 1
36 28 1 1
36 29 1 1
36 20 1 1
36 35 1 1
37 31 1 1
37 28 1 1
37 36 1 1
37 30 1 1
38 22 1 1
38 26 1 1
38 37 1 1
38 29 1 1
39 33 1 1
39 29 1 1
39 28 1 1
39 25 1 1
20 38 1 1
20 35 1 1
20 33 1 1
20 31 1 1
21 34 1 1
21 37 1 1
21 38 1 1
21 32 1 1
22 32 1 1
22 37 1 1
22 36 1 1
22 27 1 1
23 26 1 1
23 36 1 1
23 39 1 1
23 32 1 1
44 43 2 2
44 41 2 2
44 40 2 2
44 42 2 2
45 44 2 2
45 40 2 2
45 43 2 2
45 42 2 2
46 45 2 2
46 42 2 2
46 43 2 2
46 40 2 2
47 43 2 2
47 40 2 2
47 42 2 2
47 44 2 2
48 43 2 2
48 40 2 2
48 45 2 2
48 41 2 2
49 48 2 2
49 40 2 2
49 45 2 2
49 46 2 2
50 47 2 2
50 45 2 2
50 43 2 2
50 40 2 2
51 42 2 2
51 48 2 2
51 46 2 2
51 49 2 2
52 40 2 2
52 46 2 2
52 43 2 2
52 49 2 2
53 42 2 2
53 44 2 2
53 45 2 2
53 51 2 2
54 51 2 2
54 43 2 2
54 46 2 2
54 52 2 2
55 47 2 2
55 41 2 2
55 42 2 2
55 46 2 2
56 55 2 2
56 40 2 2
56 48 2 2
56 53 2 2
57 56 2 2
57 52 2 2
57 46 2 2
57 43 2 2
58 42 2 2
58 53 2 2
58 46 2 2
58 41 2 2
59 55 2 2
59 40 2 2
59 41 2 2
59 43 2 2
40 58 2 2
40 57 2 2
40 53 2 2
40 51 2 2
41 57 2 2
41 49 2 2
41 50 2 2
41 47 2 2
42 48 2 2
42 56 2 2
42 57 2 2
42 54 2 2
43 58 2 2
43 55 2 2
43 56 2 2
43 49 2 2
64 61 3 3
64 60 3 3
64 62 3 3
64 63 3 3
65 60 3 3
65 64 3 3
65 62 3 3
65 61 3 3
66 62 3 3
66 64 3 3
66 61 3 3
66 65 3 3
67 63 3 3
67 64 3 3
67 65 3 3
67 61 3 3
68 66 3 3
68 60 3 3
68 63 3 3
68 67 3 3
69 68 3 3
69 65 3 3
69 61 3 3
69 60 3 3
70 60 3 3
70 67 3 3
70 62 3 3
70 68 3 3
71 62 3 3
71 70 3 3
71 66 3 3
71 69 3 3
72 60 3 3
72 70 3 3
72 63 3 3
72 68 3 3
73 70 3 3
73 66 3 3
73 61 3 3
73 69 3 3
74 61 3 3
74 64 3 3
74 70 3 3
74 73 3 3
75 64 3 3
75 68 3 3
75 63 3 3
75 73 3 3
76 69 3 3
76 65 3 3
76 73 3 3
76 60 3 3
77 61 3 3
77 67 3 3
77 69 3 3
77 64 3 3
78 66 3 3
78 68 3 3
78 67 3 3
78 65 3 3
79 76 3 3
79 67 3 3
79 65 3 3
79 74 3 3
60 71 3 3
60 78 3 3
60 67 3 3
60 77 3 3
61 68 3 3
61 79 3 3
61 75 3 3
61 76 3 3
62 74 3 3
62 69 3 3
62 76 3 3
62 68 3 3
63 77 3 3
63 76 3 3
63 69 3 3
63 74 3 3
84 82 4 4
84 81 4 4
84 83 4 4
84 80 4 4
85 83 4 4
85 82 4 4
85 80 4 4
85 81 4 4
86 83 4 4
86 85 4 4
86 81 4 4
86 84 4 4
87 82 4 4
87 84 4 4
87 86 4 4
87 81 4 4
88 84 4 4
88 83 4 4
88 81 4 4
88 86 4 4
89 85 4 4
89 83 4 4
89 86 4 4
89 88 4 4
90 85 4 4
90 86 4 4
90 80 4 4
90 83 4 4
91 89 4 4
91 82 4 4
91 81 4 4
91 88 4 4
92 83 4 4
92 80 4 4
92 81 4 4
92 89 4 4
93 84 4 4
93 87 4 4
93 83 4 4
93 82 4 4
94 90 4 4
94 83 4 4
94 91 4 4
94 82 4 4
95 82 4 4
95 93 4 4
95 80 4 4
95 81 4 4
96 93 4 4
96 86 4 4
96 87 4 4
96 84 4 4
97 85 4 4
97 95 4 4
97 87 4 4
97 81 4 4
98 81 4 4
98 95 4 4
98 94 4 4
98 88 4 4
99 98 4 4
99 95 4 4
99 96 4 4
99 88 4 4
80 93 4 4
80 97 4 4
80 94 4 4
80 91 4 4
81 99 4 4
81 96 4 4
81 94 4 4
81 93 4 4
82 98 4 4
82 99 4 4
82 86 4 4
82 88 4 4
83 87 4 4
83 98 4 4
83 91 4 4
83 97 4 4
104 101 5 5
104 100 5 5
104 103 5 5
104 102 5 5
105 101 5 5
105 104 5 5
105 102 5 5
105 100 5 5
106 103 5 5
106 105 5 5
106 101 5 5
106 104 5 5
107 103 5 5
107 101 5 5
107 106 5 5
107 104 5 5
108 104 5 5
108 101 5 5
108 103 5 5
108 102 5 5
109 107 5 5
109 108 5 5
109 101 5 5
109 103 5 5
110 106 5 5
110 105 5 5
110 102 5 5
110 100 5 5
111 106 5 5
111 109 5 5
111 104 5 5
111 107 5 5
112 111 5 5
112 101 5 5
112 107 5 5
112 106 5 5
113 103 5 5
113 105 5 5
113 107 5 5
113 104 5 5
114 100 5 5
114 104 5 5
114 103 5 5
114 113 5 5
115 106 5 5
115 105 5 5
115 111 5 5
115 107 5 5
116 106 5 5
116 107 5 5
116 105 5 5
116 102 5 5
117 101 5 5
117 108 5 5
117 107 5 5
117 103 5 5
118 105 5 5
118 117 5 5
118 109 5 5
118 108 5 5
119 118 5 5
119 102 5 5
119 105 5 5
119 101 5 5
100 117 5 5
100 106 5 5
100 109 5 5
100 111 5 5
101 115 5 5
101 111 5 5
101 113 5 5
101 116 5 5
102 115 5 5
102 109 5 5
102 118 5 5
102 106 5 5
103 110 5 5
103 116 5 5
103 112 5 5
103 118 5 5
124 123 6 6
124 120 6 6
124 122 6 6
124 121 6 6
125 123 6 6
125 122 6 6
125 124 6 6
125 121 6 6
126 125 6 6
126 123 6 6
126 124 6 6
126 122 6 6
127 126 6 6
127 124 6 6
127 120 6 6
127 123 6 6
128 122 6 6
128 127 6 6
128 125 6 6
128 124 6 6
129 127 6 6
129 122 6 6
129 123 6 6
129 128 6 6
130 125 6 6
130 126 6 6
130 128 6 6
130 124 6 6
131 129 6 6
131 126 6 6
131 127 6 6
131 122 6 6
132 127 6 6
132 120 6 6
132 123 6 6
132 129 6 6
133 132 6 6
133 121 6 6
133 123 6 6
133 122 6 6
134 122 6 6
134 123 6 6
134 127 6 6
134 129 6 6
135 125 6 6
135 128 6 6
135 129 6 6
135 121 6 6
136 129 6 6
136 127 6 6
136 135 6 6
136 133 6 6
137 136 6 6
137 127 6 6
137 122 6 6
137 124 6 6
138 128 6 6
138 127 6 6
138 122 6 6
138 136 6 6
139 138 6 6
139 121 6 6
139 120 6 6
139 124 6 6
120 138 6 6
120 128 6 6
120 134 6 6
120 131 6 6
121 126 6 6
121 138 6 6
121 136 6 6
121 127 6 6
122 139 6 6
122 132 6 6
122 135 6 6
122 127 6 6
123 128 6 6
123 137 6 6
123 131 6 6
123 136 6 6
144 140 7 7
144 143 7 7
144 142 7 7
144 141 7 7
145 140 7 7
145 144 7 7
145 143 7 7
145 141 7 7
146 143 7 7
146 141 7 7
146 142 7 7
146 145 7 7
147 144 7 7
147 140 7 7
147 142 7 7
147 143 7 7
148 145 7 7
148 144 7 7
148 143 7 7
148 140 7 7
149 140 7 7
149 142 7 7
149 147 7 7
149 148 7 7
150 140 7 7
150 142 7 7
150 147 7 7
150 145 7 7
151 148 7 7
151 150 7 7
151 140 7 7
151 145 7 7
152 145 7 7
152 149 7 7
152 151 7 7
152 150 7 7
153 149 7 7
153 145 7 7
153 140 7 7
153 144 7 7
154 151 7 7
154 149 7 7
154 148 7 7
154 145 7 7
155 143 7 7
155 147 7 7
155 142 7 7
155 145 7 7
156 142 7 7
156 147 7 7
156 143 7 7
156 153 7 7
157 152 7 7
157 146 7 7
157 141 7 7
157 142 7 7
158 148 7 7
158 145 7 7
158 142 7 7
158 146 7 7
159 155 7 7
159 145 7 7
159 158 7 7
159 152 7 7
140 158 7 7
140 156 7 7
140 152 7 7
140 154 7 7
141 158 7 7
141 150 7 7
141 148 7 7
141 154 7 7
142 145 7 7
142 152 7 7
142 154 7 7
142 153 7 7
143 158 7 7
143 151 7 7
143 150 7 7
143 152 7 7
164 163 8 8
164 160 8 8
164 161 8 8
164 162 8 8
165 163 8 8
165 164 8 8
165 162 8 8
165 160 8 8
166 165 8 8
166 162 8 8
166 164 8 8
166 163 8 8
167 160 8 8
167 162 8 8
167 166 8 8
167 165 8 8
168 167 8 8
168 166 8 8
168 162 8 8
168 160 8 8
169 161 8 8
169 165 8 8
169 166 8 8
169 168 8 8
170 163 8 8
170 164 8 8
170 162 8 8
170 165 8 8
171 165 8 8
171 161 8 8
171 162 8 8
171 167 8 8
172 163 8 8
172 170 8 8
172 165 8 8
172 161 8 8
173 167 8 8
173 165 8 8
173 161 8 8
173 171 8 8
174 171 8 8
174 160 8 8
174 161 8 8
174 162 8 8
175 169 8 8
175 171 8 8
175 168 8 8
175 160 8 8
176 166 8 8
176 173 8 8
176 162 8 8
176 175 8 8
177 174 8 8
177 175 8 8
177 164 8 8
177 173 8 8
178 174 8 8
178 171 8 8
178 168 8 8
178 175 8 8
179 160 8 8
179 161 8 8
179 169 8 8
179 165 8 8
160 177 8 8
160 178 8 8
160 173 8 8
160 171 8 8
161 175 8 8
161 177 8 8
161 166 8 8
161 168 8 8
162 169 8 8
162 175 8 8
162 177 8 8
162 179 8 8
163 174 8 8
163 176 8 8
163 175 8 8
163 173 8 8
184 181 9 9
184 183 9 9
184 180 9 9
184 182 9 9
185 180 9 9
185 181 9 9
185 182 9 9
185 183 9 9
186 184 9 9
186 182 9 9
186 183 9 9
186 181 9 9
187 181 9 9
187 185 9 9
187 182 9 9
187 186 9 9
188 180 9 9
188 186 9 9
188 184 9 9
188 181 9 9
189 181 9 9
189 184 9 9
189 183 9 9
189 187 9 9
190 189 9 9
190 183 9 9
190 182 9 9
190 187 9 9
191 190 9 9
191 188 9 9
191 189 9 9
191 181 9 9
192 190 9 9
192 183 9 9
192 181 9 9
192 186 9 9
193 186 9 9
193 182 9 9
193 181 9 9
193 184 9 9
194 191 9 9
194 182 9 9
194 188 9 9
194 180 9 9
195 187 9 9
195 191 9 9
195 185 9 9
195 183 9 9
196 183 9 9
196 184 9 9
196 191 9 9
196 181 9 9
197 181 9 9
197 189 9 9
197 183 9 9
197 186 9 9
198 195 9 9
198 187 9 9
198 185 9 9
198 192 9 9
199 196 9 9
199 182 9 9
199 193 9 9
199 180 9 9
180 191 9 9
180 189 9 9
180 186 9 9
180 192 9 9
181 195 9 9
181 190 9 9
181 199 9 9
181 198 9 9
182 189 9 9
182 197 9 9
182 196 9 9
182 195 9 9
183 187 9 9
183 191 9 9
183 199 9 9
183 193 9 9
204 203 10 10
204 201 10 10
204 200 10 10
204 202 10 10
205 204 10 10
205 200 10 10
205 203 10 10
205 201 10 10
206 200 10 10
206 204 10 10
206 202 10 10
206 205 10 10
207 204 10 10
207 206 10 10
207 201 10 10
207 203 10 10
208 204 10 10
208 203 10 10
208 205 10 10
208 200 10 10
209 201 10 10
209 204 10 10
209 200 10 10
209 207 10 10
210 201 10 10
210 209 10 10
210 207 10 10
210 204 10 10
211 201 10 10
211 210 10 10
211 209 10 10
211 204 10 10
212 209 10 10
212 206 10 10
212 201 10 10
212 210 10 10
213 200 10 10
213 208 10 10
213 203 10 10
213 212 10 10
214 203 10 10
214 207 10 10
214 202 10 10
214 200 10 10
215 203 10 10
215 204 10 10
215 214 10 10
215 207 10 10
216 206 10 10
216 204 10 10
216 215 10 10
216 209 10 10
217 207 10 10
217 200 10 10
217 208 10 10
217 215 10 10
218 207 10 10
218 210 10 10
218 211 10 10
218 202 10 10
219 209 10 10
219 212 10 10
219 214 10 10
219 210 10 10
200 212 10 10
200 216 10 10
200 219 10 10
200 218 10 10
201 214 10 10
201 219 10 10
201 216 10 10
201 206 10 10
202 215 10 10
202 207 10 10
202 213 10 10
202 217 10 10
203 210 10 10
203 216 10 10
203 211 10 10
203 217 10 10
224 223 11 11
224 221 11 11
224 222 11 11
224 220 11 11
225 224 11 11
225 220 11 11
225 221 11 11
225 222 11 11
226 221 11 11
226 220 11 11
226 225 11 11
226 224 11 11
227 223 11 11
227 225 11 11
227 226 11 11
227 224 11 11
228 221 11 11
228 220 11 11
228 224 11 11
228 223 11 11
229 221 11 11
229 223 11 11
229 226 11 11
229 224 11 11
230 220 11 11
230 226 11 11
230 224 11 11
230 227 11 11
231 225 11 11
231 226 11 11
231 227 11 11
231 230 11 11
232 222 11 11
232 220 11 11
232 223 11 11
232 221 11 11
233 227 11 11
233 230 11 11
233 223 11 11
233 229 11 11
234 232 11 11
234 230 11 11
234 223 11 11
234 222 11 11
235 231 11 11
235 225 11 11
235 226 11 11
235 233 11 11
236 225 11 11
236 231 11 11
236 229 11 11
236 223 11 11
237 227 11 11
237 235 11 11
237 225 11 11
237 226 11 11
238 220 11 11
238 234 11 11
238 224 11 11
238 231 11 11
239 236 11 11
239 224 11 11
239 226 11 11
239 235 11 11
220 236 11 11
220 233 11 11
220 237 11 11
220 239 11 11
221 236 11 11
221 239 11 11
221 233 11 11
221 237 11 11
222 239 11 11
222 236 11 11
222 228 11 11
222 238 11 11
223 238 11 11
223 239 11 11
223 226 11 11
223 230 11 11
244 241 12 12
244 242 12 12
244 243 12 12
244 240 12 12
245 243 12 12
245 244 12 12
245 241 12 12
245 242 12 12
246 241 12 12
246 242 12 12
246 240 12 12
246 245 12 12
247 240 12 12
247 243 12 12
247 241 12 12
247 242 12 12
248 240 12 12
248 241 12 12
248 246 12 12
248 247 12 12
249 241 12 12
249 248 12 12
249 240 12 12
249 247 12 12
250 249 12 12
250 245 12 12
250 240 12 12
250 248 12 12
251 246 12 12
251 249 12 12
251 241 12 12
251 247 12 12
252 241 12 12
252 248 12 12
252 246 12 12
252 245 12 12
253 245 12 12
253 252 12 12
253 243 12 12
253 241 12 12
254 245 12 12
254 253 12 12
254 244 12 12
254 240 12 12
255 245 12 12
255 253 12 12
255 246 12 12
255 251 12 12
256 249 12 12
256 247 12 12
256 251 12 12
256 248 12 12
257 253 12 12
257 242 12 12
257 245 12 12
257 246 12 12
258 246 12 12
258 255 12 12
258 250 12 12
258 252 12 12
259 245 12 12
259 241 12 12
259 257 12 12
259 244 12 12
240 256 12 12
240 251 12 12
240 258 12 12
240 255 12 12
241 255 12 12
241 254 12 12
241 256 12 12
241 258 12 12
242 251 12 12
242 253 12 12
242 249 12 12
242 258 12 12
243 257 12 12
243 254 12 12
243 252 12 12
243 255 12 12
264 262 13 13
264 260 13 13
264 261 13 13
264 263 13 13
265 261 13 13
265 262 13 13
265 264 13 13
265 260 13 13
266 263 13 13
266 262 13 13
266 264 13 13
266 261 13 13
267 260 13 13
267 265 13 13
267 263 13 13
267 264 13 13
268 262 13 13
268 264 13 13
268 267 13 13
268 260 13 13
269 262 13 13
269 268 13 13
269 266 13 13
269 264 13 13
270 264 13 13
270 260 13 13
270 262 13 13
270 268 13 13
271 263 13 13
271 267 13 13
271 260 13 13
271 268 13 13
272 261 13 13
272 265 13 13
272 263 13 13
272 260 13 13
273 271 13 13
273 268 13 13
273 269 13 13
273 270 13 13
274 273 13 13
274 263 13 13
274 270 13 13
274 261 13 13
275 267 13 13
275 270 13 13
275 262 13 13
275 269 13 13
276 261 13 13
276 269 13 13
276 274 13 13
276 264 13 13
277 270 13 13
277 264 13 13
277 276 13 13
277 262 13 13
278 260 13 13
278 273 13 13
278 271 13 13
278 263 13 13
279 268 13 13
279 278 13 13
279 262 13 13
279 267 13 13
260 275 13 13
260 269 13 13
260 279 13 13
260 273 13 13
261 277 13 13
261 270 13 13
261 267 13 13
261 273 13 13
262 271 13 13
262 267 13 13
262 274 13 13
262 276 13 13
263 279 13 13
263 273 13 13
263 270 13 13
263 265 13 13
284 282 14 14
284 280 14 14
284 281 14 14
284 283 14 14
285 282 14 14
285 284 14 14
285 281 14 14
285 280 14 14
286 283 14 14
286 281 14 14
286 282 14 14
286 285 14 14
287 286 14 14
287 283 14 14
287 281 14 14
287 280 14 14
288 282 14 14
288 287 14 14
288 281 14 14
288 285 14 14
289 282 14 14
289 287 14 14
289 284 14 14
289 285 14 14
290 289 14 14
290 285 14 14
290 286 14 14
290 282 14 14
291 284 14 14
291 281 14 14
291 280 14 14
291 286 14 14
292 285 14 14
292 291 14 14
292 281 14 14
292 286 14 14
293 291 14 14
293 288 14 14
293 286 14 14
293 283 14 14
294 284 14 14
294 287 14 14
294 280 14 14
294 282 14 14
295 290 14 14
295 283 14 14
295 287 14 14
295 291 14 14
296 282 14 14
296 283 14 14
296 288 14 14
296 291 14 14
297 294 14 14
297 280 14 14
297 289 14 14
297 296 14 14
298 294 14 14
298 293 14 14
298 287 14 14
298 290 14 14
299 291 14 14
299 290 14 14
299 298 14 14
299 281 14 14
280 290 14 14
280 292 14 14
280 293 14 14
280 289 14 14
281 290 14 14
281 297 14 14
281 296 14 14
281 293 14 14
282 298 14 14
282 297 14 14
282 287 14 14
282 292 14 14
283 285 14 14
283 299 14 14
283 290 14 14
283 291 14 14
304 303 15 15
304 301 15 15
304 300 15 15
304 302 15 15
305 304 15 15
305 300 15 15
305 301 15 15
305 302 15 15
306 301 15 15
306 302 15 15
306 303 15 15
306 305 15 15
307 305 15 15
307 306 15 15
307 304 15 15
307 303 15 15
308 300 15 15
308 301 15 15
308 302 15 15
308 303 15 15
309 308 15 15
309 300 15 15
309 306 15 15
309 301 15 15
310 304 15 15
310 309 15 15
310 306 15 15
310 300 15 15
311 307 15 15
311 305 15 15
311 301 15 15
311 304 15 15
312 304 15 15
312 306 15 15
312 300 15 15
312 309 15 15
313 309 15 15
313 302 15 15
313 303 15 15
313 306 15 15
314 310 15 15
314 304 15 15
314 309 15 15
314 312 15 15
315 300 15 15
315 310 15 15
315 312 15 15
315 303 15 15
316 313 15 15
316 303 15 15
316 308 15 15
316 302 15 15
317 313 15 15
317 308 15 15
317 302 15 15
317 301 15 15
318 313 15 15
318 316 15 15
318 303 15 15
318 310 15 15
319 306 15 15
319 317 15 15
319 300 15 15
319 309 15 15
300 317 15 15
300 307 15 15
300 306 15 15
300 316 15 15
301 312 15 15
301 315 15 15
301 310 15 15
301 314 15 15
302 318 15 15
302 309 15 15
302 311 15 15
302 314 15 15
303 317 15 15
303 319 15 15
303 311 15 15
303 309 15 15
98 72 4 3
92 11 4 0
92 28 4 1
96 48 4 2
102 12 5 0
115 50 5 2
100 32 5 1
107 68 5 3
139 21 6 1
127 116 6 5
121 69 6 3
132 85 6 4
147 2 7 0
143 103 7 5
145 94 7 4
158 74 7 3
166 43 8 2
178 68 8 3
173 138 8 6
172 33 8 1
187 137 9 6
189 59 9 2
181 153 9 7
191 113 9 5
205 122 10 6
217 17 10 0
215 38 10 1
207 110 10 5
228 116 11 5
231 77 11 3
236 154 11 7
226 95 11 4
241 126 12 6
250 55 12 2
253 224 12 11
256 6 12 0
268 9 13 0
267 174 13 8
266 90 13 4
271 237 13 11
298 3 14 0
289 60 14 3
291 26 14 1
293 142 14 7
317 125 15 6
301 144 15 7
306 227 15 11
304 75 15 3
0 310 0 15
3 123 0 6
4 196 0 9
18 175 0 8
25 145 1 7
26 183 1 9
29 226 1 11
21 269 1 13
58 268 2 13
57 121 2 6
45 229 2 11
55 213 2 10
71 269 3 13
79 216 3 10
69 188 3 9
75 253 3 12
