swNum = 320
edgeNum = 1344

0 0
1 0
2 0
3 0
4 0
5 0
6 0
7 0
8 0
9 0
10 0
11 0
12 0
13 0
14 0
15 0
16 0
17 0
18 0
19 0
20 1
21 1
22 1
23 1
24 1
25 1
26 1
27 1
28 1
29 1
30 1
31 1
32 1
33 1
34 1
35 1
36 1
37 1
38 1
39 1
40 2
41 2
42 2
43 2
44 2
45 2
46 2
47 2
48 2
49 2
50 2
51 2
52 2
53 2
54 2
55 2
56 2
57 2
58 2
59 2
60 3
61 3
62 3
63 3
64 3
65 3
66 3
67 3
68 3
69 3
70 3
71 3
72 3
73 3
74 3
75 3
76 3
77 3
78 3
79 3
80 4
81 4
82 4
83 4
84 4
85 4
86 4
87 4
88 4
89 4
90 4
91 4
92 4
93 4
94 4
95 4
96 4
97 4
98 4
99 4
100 5
101 5
102 5
103 5
104 5
105 5
106 5
107 5
108 5
109 5
110 5
111 5
112 5
113 5
114 5
115 5
116 5
117 5
118 5
119 5
120 6
121 6
122 6
123 6
124 6
125 6
126 6
127 6
128 6
129 6
130 6
131 6
132 6
133 6
134 6
135 6
136 6
137 6
138 6
139 6
140 7
141 7
142 7
143 7
144 7
145 7
146 7
147 7
148 7
149 7
150 7
151 7
152 7
153 7
154 7
155 7
156 7
157 7
158 7
159 7
160 8
161 8
162 8
163 8
164 8
165 8
166 8
167 8
168 8
169 8
170 8
171 8
172 8
173 8
174 8
175 8
176 8
177 8
178 8
179 8
180 9
181 9
182 9
183 9
184 9
185 9
186 9
187 9
188 9
189 9
190 9
191 9
192 9
193 9
194 9
195 9
196 9
197 9
198 9
199 9
200 10
201 10
202 10
203 10
204 10
205 10
206 10
207 10
208 10
209 10
210 10
211 10
212 10
213 10
214 10
215 10
216 10
217 10
218 10
219 10
220 11
221 11
222 11
223 11
224 11
225 11
226 11
227 11
228 11
229 11
230 11
231 11
232 11
233 11
234 11
235 11
236 11
237 11
238 11
239 11
240 12
241 12
242 12
243 12
244 12
245 12
246 12
247 12
248 12
249 12
250 12
251 12
252 12
253 12
254 12
255 12
256 12
257 12
258 12
259 12
260 13
261 13
262 13
263 13
264 13
265 13
266 13
267 13
268 13
269 13
270 13
271 13
272 13
273 13
274 13
275 13
276 13
277 13
278 13
279 13
280 14
281 14
282 14
283 14
284 14
285 14
286 14
287 14
288 14
289 14
290 14
291 14
292 14
293 14
294 14
295 14
296 14
297 14
298 14
299 14
300 15
301 15
302 15
303 15
304 15
305 15
306 15
307 15
308 15
309 15
310 15
311 15
312 15
313 15
314 15
315 15
316 15
317 15
318 15
319 15

4 0 0 0
4 3 0 0
4 1 0 0
4 2 0 0
5 4 0 0
5 2 0 0
5 3 0 0
5 1 0 0
6 1 0 0
6 0 0 0
6 4 0 0
6 5 0 0
7 0 0 0
7 3 0 0
7 5 0 0
7 4 0 0
8 3 0 0
8 2 0 0
8 6 0 0
8 4 0 0
9 5 0 0
9 3 0 0
9 4 0 0
9 1 0 0
10 8 0 0
10 0 0 0
10 4 0 0
10 2 0 0
11 8 0 0
11 0 0 0
11 4 0 0
11 6 0 0
12 2 0 0
12 4 0 0
12 7 0 0
12 6 0 0
13 7 0 0
13 5 0 0
13 0 0 0
13 11 0 0
14 8 0 0
14 11 0 0
14 4 0 0
14 12 0 0
15 1 0 0
15 14 0 0
15 6 0 0
15 8 0 0
16 3 0 0
16 11 0 0
16 4 0 0
16 9 0 0
17 15 0 0
17 12 0 0
17 16 0 0
17 5 0 0
18 6 0 0
18 0 0 0
18 11 0 0
18 1 0 0
19 17 0 0
19 0 0 0
19 14 0 0
19 8 0 0
0 15 0 0
0 5 0 0
0 17 0 0
0 14 0 0
1 17 0 0
1 11 0 0
1 16 0 0
1 8 0 0
2 7 0 0
2 11 0 0
2 18 0 0
2 6 0 0
3 17 0 0
3 19 0 0
3 14 0 0
3 15 0 0
24 23 1 1
24 20 1 1
24 21 1 1
24 22 1 1
25 20 1 1
25 22 1 1
25 23 1 1
25 24 1 1
26 25 1 1
26 22 1 1
26 23 1 1
26 20 1 1
27 23 1 1
27 22 1 1
27 21 1 1
27 26 1 1
28 20 1 1
28 22 1 1
28 26 1 1
28 27 1 1
29 22 1 1
29 20 1 1
29 26 1 1
29 23 1 1
30 25 1 1
30 22 1 1
30 20 1 1
30 24 1 1
31 27 1 1
31 30 1 1
31 28 1 1
31 25 1 1
32 29 1 1
32 30 1 1
32 28 1 1
32 27 1 1
33 26 1 1
33 31 1 1
33 24 1 1
33 25 1 1
34 21 1 1
34 29 1 1
34 24 1 1
34 22 1 1
35 24 1 1
35 26 1 1
35 28 1 1
35 20 1 1
36 21 1 1
36 23 1 1
36 32 1 1
36 25 1 1
37 24 1 1
37 20 1 1
37 27 1 1
37 33 1 1
38 24 1 1
38 28 1 1
38 35 1 1
38 36 1 1
39 22 1 1
39 30 1 1
39 35 1 1
39 38 1 1
20 38 1 1
20 36 1 1
20 31 1 1
20 32 1 1
21 39 1 1
21 28 1 1
21 38 1 1
21 26 1 1
22 36 1 1
22 32 1 1
22 35 1 1
22 37 1 1
23 28 1 1
23 35 1 1
23 37 1 1
23 38 1 1
44 41 2 2
44 43 2 2
44 42 2 2
44 40 2 2
45 42 2 2
45 43 2 2
45 40 2 2
45 41 2 2
46 41 2 2
46 45 2 2
46 40 2 2
46 43 2 2
47 46 2 2
47 41 2 2
47 43 2 2
47 44 2 2
48 46 2 2
48 40 2 2
48 41 2 2
48 43 2 2
49 43 2 2
49 47 2 2
49 45 2 2
49 44 2 2
50 45 2 2
50 42 2 2
50 40 2 2
50 44 2 2
51 42 2 2
51 40 2 2
51 50 2 2
51 45 2 2
52 51 2 2
52 42 2 2
52 40 2 2
52 48 2 2
53 42 2 2
53 51 2 2
53 50 2 2
53 45 2 2
54 45 2 2
54 51 2 2
54 50 2 2
54 53 2 2
55 54 2 2
55 44 2 2
55 50 2 2
55 53 2 2
56 49 2 2
56 55 2 2
56 42 2 2
56 48 2 2
57 47 2 2
57 49 2 2
57 43 2 2
57 44 2 2
58 55 2 2
58 46 2 2
58 47 2 2
58 52 2 2
59 54 2 2
59 51 2 2
59 56 2 2
59 40 2 2
40 56 2 2
40 54 2 2
40 49 2 2
40 53 2 2
41 58 2 2
41 52 2 2
41 49 2 2
41 54 2 2
42 55 2 2
42 46 2 2
42 59 2 2
42 54 2 2
43 54 2 2
43 59 2 2
43 53 2 2
43 56 2 2
64 63 3 3
64 61 3 3
64 60 3 3
64 62 3 3
65 62 3 3
65 63 3 3
65 64 3 3
65 61 3 3
66 62 3 3
66 63 3 3
66 65 3 3
66 61 3 3
67 63 3 3
67 65 3 3
67 66 3 3
67 62 3 3
68 63 3 3
68 64 3 3
68 60 3 3
68 67 3 3
69 63 3 3
69 68 3 3
69 67 3 3
69 60 3 3
70 60 3 3
70 67 3 3
70 66 3 3
70 63 3 3
71 64 3 3
71 66 3 3
71 61 3 3
71 69 3 3
72 70 3 3
72 61 3 3
72 67 3 3
72 71 3 3
73 67 3 3
73 63 3 3
73 66 3 3
73 61 3 3
74 62 3 3
74 73 3 3
74 66 3 3
74 71 3 3
75 73 3 3
75 66 3 3
75 67 3 3
75 74 3 3
76 64 3 3
76 60 3 3
76 66 3 3
76 68 3 3
77 70 3 3
77 73 3 3
77 74 3 3
77 65 3 3
78 75 3 3
78 74 3 3
78 68 3 3
78 76 3 3
79 61 3 3
79 63 3 3
79 62 3 3
79 76 3 3
60 79 3 3
60 66 3 3
60 71 3 3
60 78 3 3
61 67 3 3
61 69 3 3
61 78 3 3
61 77 3 3
62 71 3 3
62 78 3 3
62 75 3 3
62 73 3 3
63 77 3 3
63 76 3 3
63 74 3 3
63 72 3 3
84 80 4 4
84 82 4 4
84 81 4 4
84 83 4 4
85 84 4 4
85 82 4 4
85 80 4 4
85 81 4 4
86 82 4 4
86 81 4 4
86 84 4 4
86 85 4 4
87 81 4 4
87 86 4 4
87 85 4 4
87 84 4 4
88 82 4 4
88 87 4 4
88 80 4 4
88 85 4 4
89 84 4 4
89 82 4 4
89 83 4 4
89 80 4 4
90 82 4 4
90 83 4 4
90 86 4 4
90 84 4 4
91 89 4 4
91 83 4 4
91 90 4 4
91 81 4 4
92 88 4 4
92 85 4 4
92 89 4 4
92 90 4 4
93 91 4 4
93 90 4 4
93 88 4 4
93 82 4 4
94 83 4 4
94 93 4 4
94 90 4 4
94 84 4 4
95 85 4 4
95 94 4 4
95 80 4 4
95 82 4 4
96 94 4 4
96 83 4 4
96 91 4 4
96 92 4 4
97 83 4 4
97 81 4 4
97 91 4 4
97 94 4 4
98 90 4 4
98 80 4 4
98 83 4 4
98 93 4 4
99 83 4 4
99 85 4 4
99 82 4 4
99 98 4 4
80 93 4 4
80 87 4 4
80 99 4 4
80 86 4 4
81 98 4 4
81 93 4 4
81 89 4 4
81 99 4 4
82 98 4 4
82 97 4 4
82 91 4 4
82 96 4 4
83 88 4 4
83 92 4 4
83 93 4 4
83 85 4 4
104 102 5 5
104 101 5 5
104 103 5 5
104 100 5 5
105 100 5 5
105 101 5 5
105 104 5 5
105 102 5 5
106 101 5 5
106 103 5 5
106 105 5 5
106 100 5 5
107 103 5 5
107 105 5 5
107 106 5 5
107 101 5 5
108 101 5 5
108 104 5 5
108 102 5 5
108 105 5 5
109 105 5 5
109 104 5 5
109 108 5 5
109 102 5 5
110 105 5 5
110 101 5 5
110 106 5 5
110 104 5 5
111 102 5 5
111 106 5 5
111 103 5 5
111 108 5 5
112 110 5 5
112 104 5 5
112 109 5 5
112 102 5 5
113 102 5 5
113 104 5 5
113 103 5 5
113 108 5 5
114 106 5 5
114 105 5 5
114 103 5 5
114 112 5 5
115 100 5 5
115 109 5 5
115 110 5 5
115 107 5 5
116 115 5 5
116 103 5 5
116 111 5 5
116 113 5 5
117 101 5 5
117 114 5 5
117 112 5 5
117 110 5 5
118 109 5 5
118 102 5 5
118 113 5 5
118 108 5 5
119 116 5 5
119 107 5 5
119 113 5 5
119 103 5 5
100 114 5 5
100 107 5 5
100 113 5 5
100 117 5 5
101 113 5 5
101 109 5 5
101 119 5 5
101 116 5 5
102 114 5 5
102 117 5 5
102 110 5 5
102 106 5 5
103 112 5 5
103 115 5 5
103 110 5 5
103 108 5 5
124 122 6 6
124 123 6 6
124 120 6 6
124 121 6 6
125 123 6 6
125 120 6 6
125 121 6 6
125 124 6 6
126 123 6 6
126 125 6 6
126 121 6 6
126 120 6 6
127 125 6 6
127 123 6 6
127 120 6 6
127 126 6 6
128 122 6 6
128 124 6 6
128 123 6 6
128 127 6 6
129 122 6 6
129 128 6 6
129 125 6 6
129 123 6 6
130 126 6 6
130 121 6 6
130 120 6 6
130 124 6 6
131 124 6 6
131 127 6 6
131 122 6 6
131 128 6 6
132 123 6 6
132 127 6 6
132 129 6 6
132 125 6 6
133 128 6 6
133 125 6 6
133 130 6 6
133 120 6 6
134 123 6 6
134 132 6 6
134 129 6 6
134 121 6 6
135 123 6 6
135 120 6 6
135 121 6 6
135 134 6 6
136 131 6 6
136 126 6 6
136 125 6 6
136 127 6 6
137 120 6 6
137 132 6 6
137 136 6 6
137 130 6 6
138 135 6 6
138 123 6 6
138 124 6 6
138 122 6 6
139 132 6 6
139 133 6 6
139 131 6 6
139 123 6 6
120 129 6 6
120 132 6 6
120 128 6 6
120 134 6 6
121 132 6 6
121 128 6 6
121 133 6 6
121 131 6 6
122 126 6 6
122 137 6 6
122 125 6 6
122 130 6 6
123 131 6 6
123 136 6 6
123 133 6 6
123 137 6 6
144 142 7 7
144 140 7 7
144 141 7 7
144 143 7 7
145 142 7 7
145 141 7 7
145 140 7 7
145 143 7 7
146 141 7 7
146 144 7 7
146 142 7 7
146 140 7 7
147 143 7 7
147 144 7 7
147 146 7 7
147 140 7 7
148 140 7 7
148 144 7 7
148 142 7 7
148 146 7 7
149 145 7 7
149 142 7 7
149 141 7 7
149 143 7 7
150 144 7 7
150 143 7 7
150 148 7 7
150 145 7 7
151 148 7 7
151 143 7 7
151 140 7 7
151 146 7 7
152 150 7 7
152 147 7 7
152 144 7 7
152 143 7 7
153 145 7 7
153 141 7 7
153 146 7 7
153 148 7 7
154 143 7 7
154 141 7 7
154 144 7 7
154 149 7 7
155 153 7 7
155 145 7 7
155 149 7 7
155 140 7 7
156 151 7 7
156 143 7 7
156 145 7 7
156 154 7 7
157 142 7 7
157 149 7 7
157 151 7 7
157 145 7 7
158 156 7 7
158 153 7 7
158 141 7 7
158 145 7 7
159 153 7 7
159 145 7 7
159 155 7 7
159 149 7 7
140 159 7 7
140 149 7 7
140 156 7 7
140 150 7 7
141 148 7 7
141 147 7 7
141 157 7 7
141 150 7 7
142 156 7 7
142 154 7 7
142 152 7 7
142 147 7 7
143 157 7 7
143 148 7 7
143 158 7 7
143 153 7 7
164 160 8 8
164 163 8 8
164 161 8 8
164 162 8 8
165 164 8 8
165 161 8 8
165 162 8 8
165 160 8 8
166 162 8 8
166 161 8 8
166 164 8 8
166 165 8 8
167 166 8 8
167 161 8 8
167 165 8 8
167 164 8 8
168 165 8 8
168 163 8 8
168 161 8 8
168 162 8 8
169 164 8 8
169 161 8 8
169 160 8 8
169 167 8 8
170 164 8 8
170 160 8 8
170 169 8 8
170 166 8 8
171 170 8 8
171 166 8 8
171 162 8 8
171 163 8 8
172 168 8 8
172 164 8 8
172 163 8 8
172 171 8 8
173 165 8 8
173 172 8 8
173 170 8 8
173 168 8 8
174 171 8 8
174 162 8 8
174 164 8 8
174 172 8 8
175 167 8 8
175 174 8 8
175 162 8 8
175 165 8 8
176 167 8 8
176 174 8 8
176 161 8 8
176 165 8 8
177 167 8 8
177 176 8 8
177 161 8 8
177 174 8 8
178 162 8 8
178 175 8 8
178 171 8 8
178 164 8 8
179 173 8 8
179 164 8 8
179 174 8 8
179 160 8 8
160 178 8 8
160 177 8 8
160 171 8 8
160 173 8 8
161 175 8 8
161 174 8 8
161 178 8 8
161 179 8 8
162 170 8 8
162 172 8 8
162 179 8 8
162 169 8 8
163 173 8 8
163 179 8 8
163 178 8 8
163 175 8 8
184 183 9 9
184 181 9 9
184 180 9 9
184 182 9 9
185 183 9 9
185 180 9 9
185 182 9 9
185 181 9 9
186 181 9 9
186 180 9 9
186 182 9 9
186 185 9 9
187 184 9 9
187 181 9 9
187 180 9 9
187 183 9 9
188 187 9 9
188 180 9 9
188 185 9 9
188 186 9 9
189 183 9 9
189 184 9 9
189 181 9 9
189 182 9 9
190 187 9 9
190 183 9 9
190 188 9 9
190 184 9 9
191 181 9 9
191 190 9 9
191 182 9 9
191 187 9 9
192 191 9 9
192 186 9 9
192 190 9 9
192 181 9 9
193 190 9 9
193 185 9 9
193 186 9 9
193 187 9 9
194 181 9 9
194 180 9 9
194 187 9 9
194 185 9 9
195 180 9 9
195 187 9 9
195 182 9 9
195 192 9 9
196 194 9 9
196 184 9 9
196 187 9 9
196 180 9 9
197 190 9 9
197 184 9 9
197 180 9 9
197 182 9 9
198 186 9 9
198 191 9 9
198 187 9 9
198 196 9 9
199 194 9 9
199 186 9 9
199 196 9 9
199 198 9 9
180 190 9 9
180 193 9 9
180 189 9 9
180 199 9 9
181 196 9 9
181 195 9 9
181 197 9 9
181 199 9 9
182 188 9 9
182 190 9 9
182 194 9 9
182 199 9 9
183 194 9 9
183 188 9 9
183 198 9 9
183 193 9 9
204 203 10 10
204 202 10 10
204 201 10 10
204 200 10 10
205 203 10 10
205 202 10 10
205 200 10 10
205 204 10 10
206 201 10 10
206 202 10 10
206 200 10 10
206 205 10 10
207 206 10 10
207 201 10 10
207 205 10 10
207 203 10 10
208 206 10 10
208 201 10 10
208 200 10 10
208 207 10 10
209 207 10 10
209 202 10 10
209 201 10 10
209 205 10 10
210 200 10 10
210 201 10 10
210 208 10 10
210 206 10 10
211 207 10 10
211 203 10 10
211 201 10 10
211 210 10 10
212 200 10 10
212 201 10 10
212 206 10 10
212 207 10 10
213 207 10 10
213 211 10 10
213 210 10 10
213 206 10 10
214 202 10 10
214 206 10 10
214 204 10 10
214 203 10 10
215 212 10 10
215 208 10 10
215 201 10 10
215 211 10 10
216 213 10 10
216 212 10 10
216 215 10 10
216 200 10 10
217 205 10 10
217 214 10 10
217 209 10 10
217 207 10 10
218 204 10 10
218 212 10 10
218 207 10 10
218 209 10 10
219 217 10 10
219 205 10 10
219 213 10 10
219 209 10 10
200 213 10 10
200 207 10 10
200 218 10 10
200 217 10 10
201 213 10 10
201 217 10 10
201 205 10 10
201 216 10 10
202 217 10 10
202 219 10 10
202 218 10 10
202 213 10 10
203 217 10 10
203 218 10 10
203 208 10 10
203 219 10 10
224 223 11 11
224 221 11 11
224 222 11 11
224 220 11 11
225 224 11 11
225 220 11 11
225 223 11 11
225 221 11 11
226 225 11 11
226 220 11 11
226 221 11 11
226 223 11 11
227 221 11 11
227 223 11 11
227 226 11 11
227 220 11 11
228 223 11 11
228 227 11 11
228 221 11 11
228 224 11 11
229 220 11 11
229 228 11 11
229 223 11 11
229 222 11 11
230 227 11 11
230 226 11 11
230 223 11 11
230 225 11 11
231 228 11 11
231 220 11 11
231 221 11 11
231 222 11 11
232 229 11 11
232 221 11 11
232 220 11 11
232 231 11 11
233 227 11 11
233 229 11 11
233 230 11 11
233 222 11 11
234 226 11 11
234 232 11 11
234 220 11 11
234 223 11 11
235 230 11 11
235 223 11 11
235 221 11 11
235 226 11 11
236 220 11 11
236 234 11 11
236 223 11 11
236 228 11 11
237 233 11 11
237 220 11 11
237 236 11 11
237 228 11 11
238 224 11 11
238 237 11 11
238 228 11 11
238 221 11 11
239 238 11 11
239 231 11 11
239 229 11 11
239 237 11 11
220 238 11 11
220 233 11 11
220 239 11 11
220 230 11 11
221 239 11 11
221 233 11 11
221 237 11 11
221 229 11 11
222 230 11 11
222 227 11 11
222 228 11 11
222 226 11 11
223 237 11 11
223 231 11 11
223 239 11 11
223 233 11 11
244 243 12 12
244 240 12 12
244 242 12 12
244 241 12 12
245 243 12 12
245 242 12 12
245 241 12 12
245 244 12 12
246 245 12 12
246 243 12 12
246 244 12 12
246 242 12 12
247 241 12 12
247 246 12 12
247 242 12 12
247 245 12 12
248 243 12 12
248 247 12 12
248 242 12 12
248 240 12 12
249 245 12 12
249 243 12 12
249 242 12 12
249 244 12 12
250 248 12 12
250 243 12 12
250 246 12 12
250 241 12 12
251 249 12 12
251 240 12 12
251 242 12 12
251 247 12 12
252 245 12 12
252 250 12 12
252 244 12 12
252 246 12 12
253 246 12 12
253 248 12 12
253 245 12 12
253 244 12 12
254 248 12 12
254 240 12 12
254 246 12 12
254 249 12 12
255 252 12 12
255 249 12 12
255 246 12 12
255 250 12 12
256 240 12 12
256 244 12 12
256 252 12 12
256 255 12 12
257 254 12 12
257 252 12 12
257 246 12 12
257 240 12 12
258 256 12 12
258 250 12 12
258 244 12 12
258 251 12 12
259 250 12 12
259 258 12 12
259 240 12 12
259 247 12 12
240 245 12 12
240 258 12 12
240 253 12 12
240 247 12 12
241 252 12 12
241 259 12 12
241 257 12 12
241 249 12 12
242 252 12 12
242 259 12 12
242 250 12 12
242 254 12 12
243 257 12 12
243 247 12 12
243 254 12 12
243 259 12 12
264 261 13 13
264 260 13 13
264 263 13 13
264 262 13 13
265 260 13 13
265 262 13 13
265 261 13 13
265 264 13 13
266 261 13 13
266 265 13 13
266 260 13 13
266 263 13 13
267 266 13 13
267 260 13 13
267 264 13 13
267 261 13 13
268 266 13 13
268 262 13 13
268 261 13 13
268 260 13 13
269 268 13 13
269 261 13 13
269 264 13 13
269 266 13 13
270 261 13 13
270 260 13 13
270 264 13 13
270 268 13 13
271 268 13 13
271 263 13 13
271 269 13 13
271 266 13 13
272 270 13 13
272 261 13 13
272 266 13 13
272 267 13 13
273 271 13 13
273 261 13 13
273 270 13 13
273 272 13 13
274 267 13 13
274 268 13 13
274 262 13 13
274 260 13 13
275 273 13 13
275 261 13 13
275 263 13 13
275 260 13 13
276 271 13 13
276 272 13 13
276 265 13 13
276 273 13 13
277 260 13 13
277 269 13 13
277 276 13 13
277 268 13 13
278 265 13 13
278 274 13 13
278 261 13 13
278 273 13 13
279 278 13 13
279 273 13 13
279 270 13 13
279 271 13 13
260 278 13 13
260 279 13 13
260 269 13 13
260 276 13 13
261 279 13 13
261 271 13 13
261 276 13 13
261 277 13 13
262 272 13 13
262 279 13 13
262 267 13 13
262 278 13 13
263 279 13 13
263 276 13 13
263 268 13 13
263 277 13 13
284 281 14 14
284 280 14 14
284 283 14 14
284 282 14 14
285 282 14 14
285 280 14 14
285 283 14 14
285 284 14 14
286 281 14 14
286 282 14 14
286 284 14 14
286 285 14 14
287 284 14 14
287 286 14 14
287 281 14 14
287 282 14 14
288 287 14 14
288 281 14 14
288 282 14 14
288 285 14 14
289 283 14 14
289 286 14 14
289 282 14 14
289 280 14 14
290 286 14 14
290 281 14 14
290 284 14 14
290 288 14 14
291 288 14 14
291 289 14 14
291 284 14 14
291 287 14 14
292 288 14 14
292 281 14 14
292 289 14 14
292 286 14 14
293 285 14 14
293 280 14 14
293 282 14 14
293 290 14 14
294 283 14 14
294 285 14 14
294 293 14 14
294 280 14 14
295 281 14 14
295 283 14 14
295 286 14 14
295 287 14 14
296 281 14 14
296 284 14 14
296 292 14 14
296 282 14 14
297 286 14 14
297 287 14 14
297 293 14 14
297 289 14 14
298 283 14 14
298 285 14 14
298 297 14 14
298 295 14 14
299 294 14 14
299 296 14 14
299 288 14 14
299 297 14 14
280 295 14 14
280 286 14 14
280 290 14 14
280 292 14 14
281 293 14 14
281 299 14 14
281 298 14 14
281 289 14 14
282 292 14 14
282 297 14 14
282 295 14 14
282 299 14 14
283 288 14 14
283 297 14 14
283 296 14 14
283 287 14 14
304 303 15 15
304 300 15 15
304 301 15 15
304 302 15 15
305 302 15 15
305 303 15 15
305 304 15 15
305 301 15 15
306 305 15 15
306 302 15 15
306 301 15 15
306 303 15 15
307 305 15 15
307 304 15 15
307 300 15 15
307 301 15 15
308 306 15 15
308 304 15 15
308 307 15 15
308 300 15 15
309 302 15 15
309 307 15 15
309 303 15 15
309 304 15 15
310 301 15 15
310 304 15 15
310 300 15 15
310 308 15 15
311 301 15 15
311 307 15 15
311 310 15 15
311 304 15 15
312 303 15 15
312 310 15 15
312 305 15 15
312 309 15 15
313 312 15 15
313 305 15 15
313 306 15 15
313 308 15 15
314 305 15 15
314 309 15 15
314 303 15 15
314 301 15 15
315 310 15 15
315 301 15 15
315 312 15 15
315 311 15 15
316 304 15 15
316 300 15 15
316 312 15 15
316 311 15 15
317 307 15 15
317 306 15 15
317 303 15 15
317 302 15 15
318 302 15 15
318 306 15 15
318 305 15 15
318 313 15 15
319 313 15 15
319 303 15 15
319 312 15 15
319 315 15 15
300 312 15 15
300 311 15 15
300 319 15 15
300 317 15 15
301 319 15 15
301 312 15 15
301 318 15 15
301 313 15 15
302 310 15 15
302 311 15 15
302 308 15 15
302 316 15 15
303 315 15 15
303 311 15 15
303 313 15 15
303 316 15 15
99 5 4 0
94 52 4 2
98 68 4 3
94 32 4 1
108 9 5 0
118 39 5 1
103 62 5 3
108 54 5 2
131 95 6 4
137 1 6 0
137 119 6 5
137 40 6 2
144 43 7 2
142 39 7 1
157 60 7 3
147 11 7 0
160 32 8 1
164 41 8 2
179 72 8 3
164 101 8 5
183 34 9 1
180 145 9 7
199 43 9 2
181 172 9 8
200 33 10 1
204 107 10 5
202 18 10 0
214 78 10 3
223 213 11 10
224 196 11 9
220 38 11 1
234 137 11 6
254 238 12 11
241 184 12 9
251 204 12 10
241 173 12 8
265 229 13 11
275 12 13 0
278 250 13 12
274 126 13 6
293 262 14 13
295 211 14 10
281 17 14 0
290 63 14 3
310 219 15 10
305 243 15 12
319 29 15 1
304 282 15 14
1 239 0 11
6 240 0 12
8 196 0 9
8 163 0 8
33 248 1 12
37 280 1 14
29 122 1 6
24 269 1 13
58 200 2 10
52 300 2 15
48 250 2 12
55 264 2 13
65 184 3 9
67 303 3 15
67 254 3 12
60 229 3 11
