swNum = 320
edgeNum = 1344

0 0
1 0
2 0
3 0
4 0
5 0
6 0
7 0
8 0
9 0
10 0
11 0
12 0
13 0
14 0
15 0
16 0
17 0
18 0
19 0
20 1
21 1
22 1
23 1
24 1
25 1
26 1
27 1
28 1
29 1
30 1
31 1
32 1
33 1
34 1
35 1
36 1
37 1
38 1
39 1
40 2
41 2
42 2
43 2
44 2
45 2
46 2
47 2
48 2
49 2
50 2
51 2
52 2
53 2
54 2
55 2
56 2
57 2
58 2
59 2
60 3
61 3
62 3
63 3
64 3
65 3
66 3
67 3
68 3
69 3
70 3
71 3
72 3
73 3
74 3
75 3
76 3
77 3
78 3
79 3
80 4
81 4
82 4
83 4
84 4
85 4
86 4
87 4
88 4
89 4
90 4
91 4
92 4
93 4
94 4
95 4
96 4
97 4
98 4
99 4
100 5
101 5
102 5
103 5
104 5
105 5
106 5
107 5
108 5
109 5
110 5
111 5
112 5
113 5
114 5
115 5
116 5
117 5
118 5
119 5
120 6
121 6
122 6
123 6
124 6
125 6
126 6
127 6
128 6
129 6
130 6
131 6
132 6
133 6
134 6
135 6
136 6
137 6
138 6
139 6
140 7
141 7
142 7
143 7
144 7
145 7
146 7
147 7
148 7
149 7
150 7
151 7
152 7
153 7
154 7
155 7
156 7
157 7
158 7
159 7
160 8
161 8
162 8
163 8
164 8
165 8
166 8
167 8
168 8
169 8
170 8
171 8
172 8
173 8
174 8
175 8
176 8
177 8
178 8
179 8
180 9
181 9
182 9
183 9
184 9
185 9
186 9
187 9
188 9
189 9
190 9
191 9
192 9
193 9
194 9
195 9
196 9
197 9
198 9
199 9
200 10
201 10
202 10
203 10
204 10
205 10
206 10
207 10
208 10
209 10
210 10
211 10
212 10
213 10
214 10
215 10
216 10
217 10
218 10
219 10
220 11
221 11
222 11
223 11
224 11
225 11
226 11
227 11
228 11
229 11
230 11
231 11
232 11
233 11
234 11
235 11
236 11
237 11
238 11
239 11
240 12
241 12
242 12
243 12
244 12
245 12
246 12
247 12
248 12
249 12
250 12
251 12
252 12
253 12
254 12
255 12
256 12
257 12
258 12
259 12
260 13
261 13
262 13
263 13
264 13
265 13
266 13
267 13
268 13
269 13
270 13
271 13
272 13
273 13
274 13
275 13
276 13
277 13
278 13
279 13
280 14
281 14
282 14
283 14
284 14
285 14
286 14
287 14
288 14
289 14
290 14
291 14
292 14
293 14
294 14
295 14
296 14
297 14
298 14
299 14
300 15
301 15
302 15
303 15
304 15
305 15
306 15
307 15
308 15
309 15
310 15
311 15
312 15
313 15
314 15
315 15
316 15
317 15
318 15
319 15

4 0 0 0
4 3 0 0
4 2 0 0
4 1 0 0
5 2 0 0
5 3 0 0
5 4 0 0
5 1 0 0
6 3 0 0
6 0 0 0
6 4 0 0
6 2 0 0
7 2 0 0
7 0 0 0
7 6 0 0
7 4 0 0
8 4 0 0
8 3 0 0
8 6 0 0
8 2 0 0
9 8 0 0
9 6 0 0
9 3 0 0
9 4 0 0
10 6 0 0
10 7 0 0
10 2 0 0
10 4 0 0
11 4 0 0
11 2 0 0
11 1 0 0
11 8 0 0
12 8 0 0
12 11 0 0
12 6 0 0
12 4 0 0
13 4 0 0
13 2 0 0
13 3 0 0
13 11 0 0
14 13 0 0
14 6 0 0
14 3 0 0
14 11 0 0
15 4 0 0
15 13 0 0
15 9 0 0
15 11 0 0
16 9 0 0
16 1 0 0
16 14 0 0
16 2 0 0
17 7 0 0
17 2 0 0
17 15 0 0
17 4 0 0
18 2 0 0
18 5 0 0
18 7 0 0
18 0 0 0
19 6 0 0
19 9 0 0
19 2 0 0
19 0 0 0
0 14 0 0
0 17 0 0
0 16 0 0
0 12 0 0
1 13 0 0
1 14 0 0
1 18 0 0
1 19 0 0
2 14 0 0
2 15 0 0
2 9 0 0
2 12 0 0
3 12 0 0
3 11 0 0
3 16 0 0
3 15 0 0
24 21 1 1
24 22 1 1
24 23 1 1
24 20 1 1
25 21 1 1
25 22 1 1
25 24 1 1
25 23 1 1
26 23 1 1
26 25 1 1
26 22 1 1
26 21 1 1
27 26 1 1
27 25 1 1
27 22 1 1
27 20 1 1
28 21 1 1
28 22 1 1
28 25 1 1
28 27 1 1
29 20 1 1
29 28 1 1
29 24 1 1
29 21 1 1
30 29 1 1
30 23 1 1
30 22 1 1
30 24 1 1
31 21 1 1
31 30 1 1
31 25 1 1
31 27 1 1
32 26 1 1
32 23 1 1
32 21 1 1
32 28 1 1
33 25 1 1
33 21 1 1
33 28 1 1
33 27 1 1
34 21 1 1
34 27 1 1
34 24 1 1
34 29 1 1
35 26 1 1
35 33 1 1
35 31 1 1
35 22 1 1
36 34 1 1
36 28 1 1
36 30 1 1
36 20 1 1
37 26 1 1
37 32 1 1
37 31 1 1
37 35 1 1
38 30 1 1
38 29 1 1
38 27 1 1
38 21 1 1
39 27 1 1
39 33 1 1
39 25 1 1
39 36 1 1
20 35 1 1
20 34 1 1
20 25 1 1
20 32 1 1
21 37 1 1
21 30 1 1
21 35 1 1
21 27 1 1
22 29 1 1
22 38 1 1
22 39 1 1
22 34 1 1
23 35 1 1
23 36 1 1
23 29 1 1
23 31 1 1
44 42 2 2
44 41 2 2
44 40 2 2
44 43 2 2
45 43 2 2
45 42 2 2
45 41 2 2
45 40 2 2
46 42 2 2
46 40 2 2
46 43 2 2
46 44 2 2
47 44 2 2
47 41 2 2
47 46 2 2
47 42 2 2
48 43 2 2
48 45 2 2
48 44 2 2
48 47 2 2
49 40 2 2
49 41 2 2
49 44 2 2
49 42 2 2
50 48 2 2
50 43 2 2
50 45 2 2
50 46 2 2
51 45 2 2
51 50 2 2
51 46 2 2
51 42 2 2
52 46 2 2
52 45 2 2
52 43 2 2
52 49 2 2
53 41 2 2
53 43 2 2
53 47 2 2
53 44 2 2
54 44 2 2
54 42 2 2
54 53 2 2
54 47 2 2
55 46 2 2
55 45 2 2
55 42 2 2
55 54 2 2
56 41 2 2
56 44 2 2
56 47 2 2
56 51 2 2
57 52 2 2
57 46 2 2
57 44 2 2
57 45 2 2
58 50 2 2
58 45 2 2
58 43 2 2
58 44 2 2
59 53 2 2
59 41 2 2
59 56 2 2
59 51 2 2
40 53 2 2
40 59 2 2
40 48 2 2
40 54 2 2
41 48 2 2
41 54 2 2
41 52 2 2
41 57 2 2
42 59 2 2
42 48 2 2
42 57 2 2
42 58 2 2
43 56 2 2
43 47 2 2
43 51 2 2
43 57 2 2
64 61 3 3
64 63 3 3
64 60 3 3
64 62 3 3
65 64 3 3
65 63 3 3
65 61 3 3
65 60 3 3
66 63 3 3
66 65 3 3
66 60 3 3
66 64 3 3
67 62 3 3
67 63 3 3
67 61 3 3
67 65 3 3
68 64 3 3
68 66 3 3
68 61 3 3
68 65 3 3
69 68 3 3
69 62 3 3
69 67 3 3
69 61 3 3
70 61 3 3
70 62 3 3
70 64 3 3
70 60 3 3
71 70 3 3
71 69 3 3
71 61 3 3
71 60 3 3
72 67 3 3
72 61 3 3
72 60 3 3
72 63 3 3
73 63 3 3
73 60 3 3
73 69 3 3
73 71 3 3
74 69 3 3
74 73 3 3
74 60 3 3
74 63 3 3
75 74 3 3
75 65 3 3
75 61 3 3
75 69 3 3
76 64 3 3
76 66 3 3
76 65 3 3
76 73 3 3
77 72 3 3
77 70 3 3
77 67 3 3
77 75 3 3
78 62 3 3
78 73 3 3
78 64 3 3
78 69 3 3
79 75 3 3
79 66 3 3
79 60 3 3
79 69 3 3
60 69 3 3
60 75 3 3
60 77 3 3
60 76 3 3
61 73 3 3
61 76 3 3
61 79 3 3
61 77 3 3
62 71 3 3
62 75 3 3
62 73 3 3
62 79 3 3
63 79 3 3
63 77 3 3
63 68 3 3
63 69 3 3
84 80 4 4
84 82 4 4
84 81 4 4
84 83 4 4
85 84 4 4
85 82 4 4
85 81 4 4
85 80 4 4
86 83 4 4
86 82 4 4
86 85 4 4
86 81 4 4
87 85 4 4
87 83 4 4
87 84 4 4
87 81 4 4
88 81 4 4
88 82 4 4
88 86 4 4
88 83 4 4
89 82 4 4
89 86 4 4
89 81 4 4
89 84 4 4
90 87 4 4
90 84 4 4
90 86 4 4
90 80 4 4
91 83 4 4
91 86 4 4
91 89 4 4
91 82 4 4
92 83 4 4
92 86 4 4
92 88 4 4
92 89 4 4
93 81 4 4
93 80 4 4
93 84 4 4
93 88 4 4
94 92 4 4
94 89 4 4
94 82 4 4
94 86 4 4
95 83 4 4
95 86 4 4
95 92 4 4
95 94 4 4
96 80 4 4
96 95 4 4
96 88 4 4
96 93 4 4
97 81 4 4
97 86 4 4
97 84 4 4
97 88 4 4
98 90 4 4
98 83 4 4
98 94 4 4
98 93 4 4
99 88 4 4
99 82 4 4
99 90 4 4
99 93 4 4
80 88 4 4
80 87 4 4
80 98 4 4
80 92 4 4
81 98 4 4
81 99 4 4
81 92 4 4
81 90 4 4
82 93 4 4
82 96 4 4
82 98 4 4
82 92 4 4
83 93 4 4
83 89 4 4
83 99 4 4
83 85 4 4
104 100 5 5
104 102 5 5
104 101 5 5
104 103 5 5
105 104 5 5
105 100 5 5
105 101 5 5
105 102 5 5
106 105 5 5
106 104 5 5
106 100 5 5
106 102 5 5
107 101 5 5
107 104 5 5
107 103 5 5
107 106 5 5
108 100 5 5
108 105 5 5
108 104 5 5
108 106 5 5
109 102 5 5
109 101 5 5
109 104 5 5
109 100 5 5
110 103 5 5
110 101 5 5
110 107 5 5
110 102 5 5
111 105 5 5
111 109 5 5
111 102 5 5
111 104 5 5
112 108 5 5
112 109 5 5
112 106 5 5
112 102 5 5
113 107 5 5
113 101 5 5
113 106 5 5
113 108 5 5
114 102 5 5
114 107 5 5
114 103 5 5
114 113 5 5
115 108 5 5
115 107 5 5
115 113 5 5
115 111 5 5
116 113 5 5
116 104 5 5
116 102 5 5
116 103 5 5
117 113 5 5
117 103 5 5
117 115 5 5
117 108 5 5
118 117 5 5
118 113 5 5
118 101 5 5
118 103 5 5
119 108 5 5
119 115 5 5
119 106 5 5
119 109 5 5
100 111 5 5
100 118 5 5
100 119 5 5
100 117 5 5
101 111 5 5
101 116 5 5
101 112 5 5
101 115 5 5
102 107 5 5
102 113 5 5
102 119 5 5
102 108 5 5
103 113 5 5
103 115 5 5
103 106 5 5
103 112 5 5
124 121 6 6
124 123 6 6
124 122 6 6
124 120 6 6
125 122 6 6
125 121 6 6
125 123 6 6
125 124 6 6
126 124 6 6
126 125 6 6
126 122 6 6
126 123 6 6
127 125 6 6
127 122 6 6
127 126 6 6
127 124 6 6
128 126 6 6
128 125 6 6
128 122 6 6
128 127 6 6
129 121 6 6
129 128 6 6
129 124 6 6
129 125 6 6
130 125 6 6
130 122 6 6
130 120 6 6
130 126 6 6
131 120 6 6
131 121 6 6
131 129 6 6
131 126 6 6
132 123 6 6
132 130 6 6
132 129 6 6
132 126 6 6
133 126 6 6
133 132 6 6
133 127 6 6
133 122 6 6
134 130 6 6
134 133 6 6
134 126 6 6
134 120 6 6
135 126 6 6
135 128 6 6
135 125 6 6
135 130 6 6
136 126 6 6
136 127 6 6
136 132 6 6
136 125 6 6
137 124 6 6
137 129 6 6
137 133 6 6
137 123 6 6
138 136 6 6
138 125 6 6
138 120 6 6
138 122 6 6
139 136 6 6
139 126 6 6
139 124 6 6
139 125 6 6
120 126 6 6
120 129 6 6
120 127 6 6
120 133 6 6
121 138 6 6
121 137 6 6
121 130 6 6
121 126 6 6
122 136 6 6
122 139 6 6
122 134 6 6
122 137 6 6
123 129 6 6
123 135 6 6
123 127 6 6
123 139 6 6
144 141 7 7
144 142 7 7
144 143 7 7
144 140 7 7
145 140 7 7
145 143 7 7
145 141 7 7
145 142 7 7
146 141 7 7
146 143 7 7
146 142 7 7
146 145 7 7
147 143 7 7
147 145 7 7
147 142 7 7
147 146 7 7
148 142 7 7
148 144 7 7
148 140 7 7
148 141 7 7
149 143 7 7
149 148 7 7
149 145 7 7
149 146 7 7
150 142 7 7
150 144 7 7
150 140 7 7
150 147 7 7
151 144 7 7
151 140 7 7
151 148 7 7
151 150 7 7
152 149 7 7
152 151 7 7
152 147 7 7
152 142 7 7
153 148 7 7
153 142 7 7
153 144 7 7
153 150 7 7
154 151 7 7
154 152 7 7
154 148 7 7
154 141 7 7
155 147 7 7
155 153 7 7
155 141 7 7
155 143 7 7
156 151 7 7
156 141 7 7
156 140 7 7
156 142 7 7
157 145 7 7
157 149 7 7
157 143 7 7
157 140 7 7
158 149 7 7
158 153 7 7
158 145 7 7
158 155 7 7
159 140 7 7
159 158 7 7
159 153 7 7
159 144 7 7
140 154 7 7
140 153 7 7
140 149 7 7
140 155 7 7
141 152 7 7
141 151 7 7
141 157 7 7
141 150 7 7
142 154 7 7
142 151 7 7
142 158 7 7
142 159 7 7
143 159 7 7
143 158 7 7
143 153 7 7
143 148 7 7
164 160 8 8
164 163 8 8
164 162 8 8
164 161 8 8
165 162 8 8
165 161 8 8
165 163 8 8
165 160 8 8
166 163 8 8
166 161 8 8
166 160 8 8
166 162 8 8
167 165 8 8
167 162 8 8
167 163 8 8
167 160 8 8
168 166 8 8
168 165 8 8
168 160 8 8
168 167 8 8
169 163 8 8
169 167 8 8
169 161 8 8
169 162 8 8
170 160 8 8
170 167 8 8
170 163 8 8
170 166 8 8
171 162 8 8
171 170 8 8
171 168 8 8
171 165 8 8
172 168 8 8
172 171 8 8
172 164 8 8
172 167 8 8
173 165 8 8
173 160 8 8
173 167 8 8
173 171 8 8
174 170 8 8
174 162 8 8
174 167 8 8
174 166 8 8
175 171 8 8
175 165 8 8
175 174 8 8
175 162 8 8
176 160 8 8
176 173 8 8
176 174 8 8
176 165 8 8
177 166 8 8
177 169 8 8
177 165 8 8
177 164 8 8
178 168 8 8
178 162 8 8
178 167 8 8
178 173 8 8
179 163 8 8
179 161 8 8
179 164 8 8
179 174 8 8
160 177 8 8
160 179 8 8
160 178 8 8
160 169 8 8
161 171 8 8
161 173 8 8
161 168 8 8
161 176 8 8
162 168 8 8
162 170 8 8
162 172 8 8
162 179 8 8
163 174 8 8
163 172 8 8
163 173 8 8
163 176 8 8
184 181 9 9
184 180 9 9
184 182 9 9
184 183 9 9
185 181 9 9
185 183 9 9
185 180 9 9
185 184 9 9
186 183 9 9
186 180 9 9
186 184 9 9
186 181 9 9
187 183 9 9
187 185 9 9
187 181 9 9
187 184 9 9
188 184 9 9
188 183 9 9
188 180 9 9
188 185 9 9
189 187 9 9
189 185 9 9
189 183 9 9
189 181 9 9
190 180 9 9
190 183 9 9
190 188 9 9
190 187 9 9
191 181 9 9
191 190 9 9
191 187 9 9
191 186 9 9
192 189 9 9
192 180 9 9
192 183 9 9
192 191 9 9
193 182 9 9
193 186 9 9
193 190 9 9
193 184 9 9
194 189 9 9
194 184 9 9
194 181 9 9
194 187 9 9
195 180 9 9
195 192 9 9
195 188 9 9
195 184 9 9
196 195 9 9
196 187 9 9
196 188 9 9
196 194 9 9
197 184 9 9
197 194 9 9
197 181 9 9
197 185 9 9
198 186 9 9
198 180 9 9
198 182 9 9
198 197 9 9
199 197 9 9
199 183 9 9
199 184 9 9
199 182 9 9
180 191 9 9
180 196 9 9
180 194 9 9
180 197 9 9
181 193 9 9
181 199 9 9
181 195 9 9
181 188 9 9
182 195 9 9
182 186 9 9
182 190 9 9
182 191 9 9
183 195 9 9
183 194 9 9
183 198 9 9
183 191 9 9
204 203 10 10
204 202 10 10
204 201 10 10
204 200 10 10
205 200 10 10
205 204 10 10
205 201 10 10
205 202 10 10
206 200 10 10
206 203 10 10
206 205 10 10
206 204 10 10
207 204 10 10
207 205 10 10
207 201 10 10
207 206 10 10
208 200 10 10
208 201 10 10
208 205 10 10
208 202 10 10
209 207 10 10
209 204 10 10
209 200 10 10
209 205 10 10
210 200 10 10
210 207 10 10
210 205 10 10
210 206 10 10
211 210 10 10
211 207 10 10
211 206 10 10
211 205 10 10
212 210 10 10
212 204 10 10
212 207 10 10
212 209 10 10
213 204 10 10
213 201 10 10
213 209 10 10
213 200 10 10
214 204 10 10
214 209 10 10
214 212 10 10
214 205 10 10
215 205 10 10
215 210 10 10
215 206 10 10
215 209 10 10
216 214 10 10
216 205 10 10
216 206 10 10
216 203 10 10
217 204 10 10
217 200 10 10
217 203 10 10
217 211 10 10
218 207 10 10
218 201 10 10
218 213 10 10
218 202 10 10
219 209 10 10
219 200 10 10
219 213 10 10
219 203 10 10
200 207 10 10
200 216 10 10
200 214 10 10
200 211 10 10
201 206 10 10
201 214 10 10
201 215 10 10
201 211 10 10
202 213 10 10
202 217 10 10
202 212 10 10
202 219 10 10
203 209 10 10
203 205 10 10
203 208 10 10
203 212 10 10
224 223 11 11
224 220 11 11
224 222 11 11
224 221 11 11
225 221 11 11
225 223 11 11
225 220 11 11
225 224 11 11
226 222 11 11
226 224 11 11
226 221 11 11
226 220 11 11
227 221 11 11
227 223 11 11
227 225 11 11
227 222 11 11
228 225 11 11
228 226 11 11
228 222 11 11
228 221 11 11
229 228 11 11
229 222 11 11
229 223 11 11
229 224 11 11
230 228 11 11
230 223 11 11
230 221 11 11
230 229 11 11
231 226 11 11
231 230 11 11
231 225 11 11
231 224 11 11
232 222 11 11
232 230 11 11
232 225 11 11
232 220 11 11
233 222 11 11
233 231 11 11
233 229 11 11
233 232 11 11
234 221 11 11
234 227 11 11
234 226 11 11
234 231 11 11
235 220 11 11
235 224 11 11
235 230 11 11
235 231 11 11
236 233 11 11
236 234 11 11
236 223 11 11
236 220 11 11
237 221 11 11
237 232 11 11
237 236 11 11
237 226 11 11
238 228 11 11
238 225 11 11
238 224 11 11
238 223 11 11
239 238 11 11
239 222 11 11
239 225 11 11
239 221 11 11
220 238 11 11
220 234 11 11
220 231 11 11
220 228 11 11
221 238 11 11
221 235 11 11
221 233 11 11
221 231 11 11
222 237 11 11
222 231 11 11
222 225 11 11
222 230 11 11
223 228 11 11
223 231 11 11
223 235 11 11
223 232 11 11
244 243 12 12
244 240 12 12
244 241 12 12
244 242 12 12
245 241 12 12
245 240 12 12
245 242 12 12
245 243 12 12
246 240 12 12
246 241 12 12
246 245 12 12
246 244 12 12
247 244 12 12
247 243 12 12
247 246 12 12
247 240 12 12
248 241 12 12
248 243 12 12
248 240 12 12
248 242 12 12
249 246 12 12
249 240 12 12
249 245 12 12
249 247 12 12
250 244 12 12
250 247 12 12
250 248 12 12
250 246 12 12
251 249 12 12
251 245 12 12
251 242 12 12
251 250 12 12
252 240 12 12
252 245 12 12
252 246 12 12
252 251 12 12
253 240 12 12
253 250 12 12
253 252 12 12
253 249 12 12
254 242 12 12
254 251 12 12
254 241 12 12
254 240 12 12
255 250 12 12
255 247 12 12
255 252 12 12
255 251 12 12
256 242 12 12
256 240 12 12
256 248 12 12
256 251 12 12
257 252 12 12
257 245 12 12
257 240 12 12
257 242 12 12
258 241 12 12
258 255 12 12
258 243 12 12
258 249 12 12
259 245 12 12
259 241 12 12
259 243 12 12
259 250 12 12
240 259 12 12
240 251 12 12
240 255 12 12
240 250 12 12
241 251 12 12
241 257 12 12
241 256 12 12
241 249 12 12
242 259 12 12
242 249 12 12
242 252 12 12
242 246 12 12
243 251 12 12
243 254 12 12
243 252 12 12
243 249 12 12
264 262 13 13
264 263 13 13
264 260 13 13
264 261 13 13
265 262 13 13
265 264 13 13
265 260 13 13
265 263 13 13
266 262 13 13
266 265 13 13
266 261 13 13
266 264 13 13
267 262 13 13
267 260 13 13
267 264 13 13
267 265 13 13
268 267 13 13
268 264 13 13
268 266 13 13
268 261 13 13
269 260 13 13
269 265 13 13
269 264 13 13
269 267 13 13
270 260 13 13
270 266 13 13
270 265 13 13
270 264 13 13
271 265 13 13
271 263 13 13
271 267 13 13
271 262 13 13
272 261 13 13
272 271 13 13
272 265 13 13
272 268 13 13
273 265 13 13
273 269 13 13
273 272 13 13
273 270 13 13
274 261 13 13
274 266 13 13
274 272 13 13
274 262 13 13
275 268 13 13
275 274 13 13
275 271 13 13
275 266 13 13
276 270 13 13
276 265 13 13
276 273 13 13
276 266 13 13
277 273 13 13
277 262 13 13
277 266 13 13
277 264 13 13
278 275 13 13
278 271 13 13
278 276 13 13
278 265 13 13
279 274 13 13
279 263 13 13
279 271 13 13
279 272 13 13
260 268 13 13
260 272 13 13
260 276 13 13
260 266 13 13
261 279 13 13
261 273 13 13
261 271 13 13
261 270 13 13
262 276 13 13
262 273 13 13
262 278 13 13
262 275 13 13
263 276 13 13
263 272 13 13
263 274 13 13
263 275 13 13
284 282 14 14
284 283 14 14
284 281 14 14
284 280 14 14
285 281 14 14
285 283 14 14
285 284 14 14
285 282 14 14
286 285 14 14
286 282 14 14
286 281 14 14
286 280 14 14
287 286 14 14
287 284 14 14
287 282 14 14
287 285 14 14
288 280 14 14
288 284 14 14
288 287 14 14
288 285 14 14
289 282 14 14
289 284 14 14
289 286 14 14
289 280 14 14
290 281 14 14
290 283 14 14
290 287 14 14
290 289 14 14
291 288 14 14
291 283 14 14
291 285 14 14
291 282 14 14
292 290 14 14
292 285 14 14
292 281 14 14
292 291 14 14
293 283 14 14
293 281 14 14
293 292 14 14
293 284 14 14
294 288 14 14
294 281 14 14
294 280 14 14
294 291 14 14
295 282 14 14
295 285 14 14
295 280 14 14
295 284 14 14
296 294 14 14
296 288 14 14
296 290 14 14
296 280 14 14
297 294 14 14
297 280 14 14
297 289 14 14
297 296 14 14
298 294 14 14
298 280 14 14
298 289 14 14
298 283 14 14
299 282 14 14
299 298 14 14
299 287 14 14
299 296 14 14
280 287 14 14
280 299 14 14
280 292 14 14
280 293 14 14
281 289 14 14
281 291 14 14
281 287 14 14
281 295 14 14
282 298 14 14
282 290 14 14
282 293 14 14
282 294 14 14
283 299 14 14
283 294 14 14
283 292 14 14
283 295 14 14
304 302 15 15
304 303 15 15
304 301 15 15
304 300 15 15
305 300 15 15
305 303 15 15
305 302 15 15
305 301 15 15
306 305 15 15
306 304 15 15
306 301 15 15
306 300 15 15
307 304 15 15
307 300 15 15
307 305 15 15
307 303 15 15
308 306 15 15
308 301 15 15
308 302 15 15
308 300 15 15
309 302 15 15
309 301 15 15
309 308 15 15
309 306 15 15
310 305 15 15
310 306 15 15
310 302 15 15
310 307 15 15
311 308 15 15
311 309 15 15
311 302 15 15
311 306 15 15
312 308 15 15
312 302 15 15
312 301 15 15
312 300 15 15
313 302 15 15
313 305 15 15
313 310 15 15
313 303 15 15
314 304 15 15
314 309 15 15
314 300 15 15
314 311 15 15
315 301 15 15
315 304 15 15
315 303 15 15
315 309 15 15
316 305 15 15
316 307 15 15
316 308 15 15
316 315 15 15
317 316 15 15
317 305 15 15
317 303 15 15
317 315 15 15
318 301 15 15
318 302 15 15
318 312 15 15
318 317 15 15
319 311 15 15
319 314 15 15
319 309 15 15
319 304 15 15
300 318 15 15
300 311 15 15
300 310 15 15
300 316 15 15
301 311 15 15
301 316 15 15
301 317 15 15
301 319 15 15
302 316 15 15
302 317 15 15
302 306 15 15
302 319 15 15
303 310 15 15
303 312 15 15
303 319 15 15
303 309 15 15
83 16 4 0
94 34 4 1
89 65 4 3
88 45 4 2
103 67 5 3
113 40 5 2
103 20 5 1
112 9 5 0
128 12 6 0
123 83 6 4
127 67 6 3
132 33 6 1
148 139 7 6
140 83 7 4
151 104 7 5
145 70 7 3
166 114 8 5
173 77 8 3
174 157 8 7
177 31 8 1
194 153 9 7
183 100 9 5
198 54 9 2
185 72 9 3
208 15 10 0
216 139 10 6
209 188 10 9
212 98 10 4
229 206 11 10
224 161 11 8
221 37 11 1
220 137 11 6
254 104 12 5
259 60 12 3
247 179 12 8
250 198 12 9
274 250 13 12
271 17 13 0
268 34 13 1
269 42 13 2
297 219 14 10
286 11 14 0
282 61 14 3
296 167 14 8
313 187 15 9
314 53 15 2
308 102 15 5
312 205 15 10
16 199 0 9
6 157 0 7
16 313 0 15
0 244 0 12
37 200 1 10
37 195 1 9
20 150 1 7
25 311 1 15
53 234 2 11
40 176 2 8
49 243 2 12
43 211 2 10
68 237 3 11
77 301 3 15
76 209 3 10
77 279 3 13
