swNum = 320
edgeNum = 1344

0 0
1 0
2 0
3 0
4 0
5 0
6 0
7 0
8 0
9 0
10 0
11 0
12 0
13 0
14 0
15 0
16 0
17 0
18 0
19 0
20 1
21 1
22 1
23 1
24 1
25 1
26 1
27 1
28 1
29 1
30 1
31 1
32 1
33 1
34 1
35 1
36 1
37 1
38 1
39 1
40 2
41 2
42 2
43 2
44 2
45 2
46 2
47 2
48 2
49 2
50 2
51 2
52 2
53 2
54 2
55 2
56 2
57 2
58 2
59 2
60 3
61 3
62 3
63 3
64 3
65 3
66 3
67 3
68 3
69 3
70 3
71 3
72 3
73 3
74 3
75 3
76 3
77 3
78 3
79 3
80 4
81 4
82 4
83 4
84 4
85 4
86 4
87 4
88 4
89 4
90 4
91 4
92 4
93 4
94 4
95 4
96 4
97 4
98 4
99 4
100 5
101 5
102 5
103 5
104 5
105 5
106 5
107 5
108 5
109 5
110 5
111 5
112 5
113 5
114 5
115 5
116 5
117 5
118 5
119 5
120 6
121 6
122 6
123 6
124 6
125 6
126 6
127 6
128 6
129 6
130 6
131 6
132 6
133 6
134 6
135 6
136 6
137 6
138 6
139 6
140 7
141 7
142 7
143 7
144 7
145 7
146 7
147 7
148 7
149 7
150 7
151 7
152 7
153 7
154 7
155 7
156 7
157 7
158 7
159 7
160 8
161 8
162 8
163 8
164 8
165 8
166 8
167 8
168 8
169 8
170 8
171 8
172 8
173 8
174 8
175 8
176 8
177 8
178 8
179 8
180 9
181 9
182 9
183 9
184 9
185 9
186 9
187 9
188 9
189 9
190 9
191 9
192 9
193 9
194 9
195 9
196 9
197 9
198 9
199 9
200 10
201 10
202 10
203 10
204 10
205 10
206 10
207 10
208 10
209 10
210 10
211 10
212 10
213 10
214 10
215 10
216 10
217 10
218 10
219 10
220 11
221 11
222 11
223 11
224 11
225 11
226 11
227 11
228 11
229 11
230 11
231 11
232 11
233 11
234 11
235 11
236 11
237 11
238 11
239 11
240 12
241 12
242 12
243 12
244 12
245 12
246 12
247 12
248 12
249 12
250 12
251 12
252 12
253 12
254 12
255 12
256 12
257 12
258 12
259 12
260 13
261 13
262 13
263 13
264 13
265 13
266 13
267 13
268 13
269 13
270 13
271 13
272 13
273 13
274 13
275 13
276 13
277 13
278 13
279 13
280 14
281 14
282 14
283 14
284 14
285 14
286 14
287 14
288 14
289 14
290 14
291 14
292 14
293 14
294 14
295 14
296 14
297 14
298 14
299 14
300 15
301 15
302 15
303 15
304 15
305 15
306 15
307 15
308 15
309 15
310 15
311 15
312 15
313 15
314 15
315 15
316 15
317 15
318 15
319 15

4 3 0 0
4 1 0 0
4 2 0 0
4 0 0 0
5 2 0 0
5 4 0 0
5 3 0 0
5 1 0 0
6 2 0 0
6 3 0 0
6 0 0 0
6 5 0 0
7 2 0 0
7 4 0 0
7 0 0 0
7 3 0 0
8 6 0 0
8 2 0 0
8 5 0 0
8 0 0 0
9 3 0 0
9 7 0 0
9 0 0 0
9 8 0 0
10 2 0 0
10 8 0 0
10 3 0 0
10 7 0 0
11 10 0 0
11 8 0 0
11 0 0 0
11 7 0 0
12 9 0 0
12 3 0 0
12 0 0 0
12 4 0 0
13 9 0 0
13 10 0 0
13 3 0 0
13 1 0 0
14 12 0 0
14 11 0 0
14 5 0 0
14 2 0 0
15 4 0 0
15 11 0 0
15 12 0 0
15 10 0 0
16 9 0 0
16 13 0 0
16 15 0 0
16 7 0 0
17 0 0 0
17 1 0 0
17 9 0 0
17 12 0 0
18 16 0 0
18 13 0 0
18 8 0 0
18 10 0 0
19 0 0 0
19 5 0 0
19 11 0 0
19 15 0 0
0 16 0 0
0 13 0 0
0 10 0 0
0 14 0 0
1 18 0 0
1 6 0 0
1 7 0 0
1 10 0 0
2 18 0 0
2 15 0 0
2 11 0 0
2 19 0 0
3 8 0 0
3 16 0 0
3 18 0 0
3 19 0 0
24 22 1 1
24 20 1 1
24 23 1 1
24 21 1 1
25 23 1 1
25 24 1 1
25 21 1 1
25 22 1 1
26 23 1 1
26 21 1 1
26 25 1 1
26 22 1 1
27 26 1 1
27 23 1 1
27 22 1 1
27 21 1 1
28 22 1 1
28 26 1 1
28 27 1 1
28 25 1 1
29 21 1 1
29 24 1 1
29 28 1 1
29 26 1 1
30 25 1 1
30 28 1 1
30 24 1 1
30 27 1 1
31 20 1 1
31 29 1 1
31 28 1 1
31 27 1 1
32 30 1 1
32 24 1 1
32 28 1 1
32 25 1 1
33 32 1 1
33 29 1 1
33 24 1 1
33 30 1 1
34 21 1 1
34 25 1 1
34 26 1 1
34 31 1 1
35 21 1 1
35 27 1 1
35 26 1 1
35 31 1 1
36 35 1 1
36 21 1 1
36 34 1 1
36 29 1 1
37 31 1 1
37 30 1 1
37 27 1 1
37 21 1 1
38 22 1 1
38 30 1 1
38 23 1 1
38 25 1 1
39 25 1 1
39 28 1 1
39 32 1 1
39 24 1 1
20 27 1 1
20 39 1 1
20 29 1 1
20 34 1 1
21 39 1 1
21 28 1 1
21 31 1 1
21 30 1 1
22 34 1 1
22 35 1 1
22 33 1 1
22 29 1 1
23 36 1 1
23 28 1 1
23 34 1 1
23 35 1 1
44 43 2 2
44 41 2 2
44 40 2 2
44 42 2 2
45 42 2 2
45 43 2 2
45 44 2 2
45 41 2 2
46 44 2 2
46 41 2 2
46 40 2 2
46 43 2 2
47 45 2 2
47 46 2 2
47 43 2 2
47 44 2 2
48 40 2 2
48 45 2 2
48 47 2 2
48 43 2 2
49 43 2 2
49 45 2 2
49 46 2 2
49 44 2 2
50 48 2 2
50 43 2 2
50 42 2 2
50 45 2 2
51 45 2 2
51 49 2 2
51 43 2 2
51 50 2 2
52 41 2 2
52 49 2 2
52 40 2 2
52 44 2 2
53 50 2 2
53 44 2 2
53 43 2 2
53 51 2 2
54 50 2 2
54 42 2 2
54 43 2 2
54 48 2 2
55 40 2 2
55 44 2 2
55 46 2 2
55 50 2 2
56 55 2 2
56 40 2 2
56 51 2 2
56 47 2 2
57 51 2 2
57 45 2 2
57 49 2 2
57 42 2 2
58 44 2 2
58 48 2 2
58 41 2 2
58 50 2 2
59 46 2 2
59 43 2 2
59 44 2 2
59 54 2 2
40 59 2 2
40 50 2 2
40 47 2 2
40 58 2 2
41 55 2 2
41 47 2 2
41 48 2 2
41 59 2 2
42 53 2 2
42 47 2 2
42 58 2 2
42 46 2 2
43 58 2 2
43 57 2 2
43 56 2 2
43 55 2 2
64 60 3 3
64 63 3 3
64 62 3 3
64 61 3 3
65 62 3 3
65 63 3 3
65 64 3 3
65 60 3 3
66 61 3 3
66 64 3 3
66 60 3 3
66 62 3 3
67 60 3 3
67 65 3 3
67 62 3 3
67 63 3 3
68 65 3 3
68 62 3 3
68 67 3 3
68 60 3 3
69 60 3 3
69 64 3 3
69 65 3 3
69 68 3 3
70 68 3 3
70 67 3 3
70 66 3 3
70 62 3 3
71 61 3 3
71 70 3 3
71 69 3 3
71 68 3 3
72 61 3 3
72 63 3 3
72 67 3 3
72 64 3 3
73 69 3 3
73 60 3 3
73 65 3 3
73 67 3 3
74 60 3 3
74 66 3 3
74 71 3 3
74 62 3 3
75 65 3 3
75 69 3 3
75 70 3 3
75 71 3 3
76 70 3 3
76 63 3 3
76 66 3 3
76 61 3 3
77 66 3 3
77 71 3 3
77 69 3 3
77 60 3 3
78 73 3 3
78 68 3 3
78 65 3 3
78 60 3 3
79 67 3 3
79 73 3 3
79 62 3 3
79 71 3 3
60 76 3 3
60 79 3 3
60 72 3 3
60 75 3 3
61 75 3 3
61 79 3 3
61 70 3 3
61 74 3 3
62 73 3 3
62 77 3 3
62 72 3 3
62 78 3 3
63 75 3 3
63 70 3 3
63 77 3 3
63 66 3 3
84 81 4 4
84 80 4 4
84 83 4 4
84 82 4 4
85 84 4 4
85 82 4 4
85 81 4 4
85 83 4 4
86 80 4 4
86 84 4 4
86 81 4 4
86 82 4 4
87 81 4 4
87 80 4 4
87 84 4 4
87 83 4 4
88 82 4 4
88 80 4 4
88 87 4 4
88 86 4 4
89 83 4 4
89 85 4 4
89 87 4 4
89 82 4 4
90 84 4 4
90 85 4 4
90 80 4 4
90 83 4 4
91 80 4 4
91 88 4 4
91 84 4 4
91 82 4 4
92 81 4 4
92 85 4 4
92 80 4 4
92 83 4 4
93 83 4 4
93 88 4 4
93 92 4 4
93 80 4 4
94 88 4 4
94 87 4 4
94 90 4 4
94 85 4 4
95 89 4 4
95 87 4 4
95 83 4 4
95 84 4 4
96 93 4 4
96 94 4 4
96 88 4 4
96 89 4 4
97 91 4 4
97 84 4 4
97 86 4 4
97 81 4 4
98 82 4 4
98 91 4 4
98 80 4 4
98 96 4 4
99 96 4 4
99 95 4 4
99 97 4 4
99 89 4 4
80 97 4 4
80 96 4 4
80 95 4 4
80 89 4 4
81 98 4 4
81 88 4 4
81 89 4 4
81 91 4 4
82 97 4 4
82 92 4 4
82 87 4 4
82 93 4 4
83 91 4 4
83 96 4 4
83 97 4 4
83 94 4 4
104 103 5 5
104 102 5 5
104 101 5 5
104 100 5 5
105 101 5 5
105 102 5 5
105 103 5 5
105 100 5 5
106 102 5 5
106 100 5 5
106 101 5 5
106 105 5 5
107 106 5 5
107 102 5 5
107 101 5 5
107 104 5 5
108 104 5 5
108 105 5 5
108 100 5 5
108 106 5 5
109 101 5 5
109 100 5 5
109 108 5 5
109 105 5 5
110 102 5 5
110 109 5 5
110 105 5 5
110 107 5 5
111 110 5 5
111 102 5 5
111 101 5 5
111 100 5 5
112 110 5 5
112 100 5 5
112 103 5 5
112 101 5 5
113 103 5 5
113 100 5 5
113 110 5 5
113 104 5 5
114 107 5 5
114 102 5 5
114 105 5 5
114 113 5 5
115 105 5 5
115 106 5 5
115 102 5 5
115 104 5 5
116 109 5 5
116 100 5 5
116 106 5 5
116 114 5 5
117 101 5 5
117 114 5 5
117 113 5 5
117 115 5 5
118 109 5 5
118 112 5 5
118 114 5 5
118 111 5 5
119 105 5 5
119 108 5 5
119 106 5 5
119 115 5 5
100 117 5 5
100 119 5 5
100 115 5 5
100 107 5 5
101 110 5 5
101 118 5 5
101 108 5 5
101 113 5 5
102 119 5 5
102 116 5 5
102 108 5 5
102 113 5 5
103 110 5 5
103 107 5 5
103 115 5 5
103 118 5 5
124 122 6 6
124 123 6 6
124 120 6 6
124 121 6 6
125 123 6 6
125 124 6 6
125 120 6 6
125 122 6 6
126 122 6 6
126 124 6 6
126 123 6 6
126 120 6 6
127 120 6 6
127 122 6 6
127 126 6 6
127 124 6 6
128 125 6 6
128 126 6 6
128 121 6 6
128 127 6 6
129 122 6 6
129 127 6 6
129 121 6 6
129 128 6 6
130 120 6 6
130 124 6 6
130 122 6 6
130 123 6 6
131 127 6 6
131 125 6 6
131 124 6 6
131 122 6 6
132 120 6 6
132 127 6 6
132 130 6 6
132 125 6 6
133 120 6 6
133 123 6 6
133 127 6 6
133 130 6 6
134 121 6 6
134 126 6 6
134 129 6 6
134 133 6 6
135 122 6 6
135 126 6 6
135 132 6 6
135 125 6 6
136 128 6 6
136 122 6 6
136 135 6 6
136 129 6 6
137 133 6 6
137 123 6 6
137 132 6 6
137 126 6 6
138 130 6 6
138 128 6 6
138 121 6 6
138 127 6 6
139 129 6 6
139 136 6 6
139 128 6 6
139 138 6 6
120 135 6 6
120 138 6 6
120 139 6 6
120 128 6 6
121 135 6 6
121 137 6 6
121 126 6 6
121 139 6 6
122 138 6 6
122 128 6 6
122 132 6 6
122 134 6 6
123 135 6 6
123 138 6 6
123 136 6 6
123 139 6 6
144 141 7 7
144 140 7 7
144 143 7 7
144 142 7 7
145 140 7 7
145 144 7 7
145 141 7 7
145 143 7 7
146 145 7 7
146 144 7 7
146 143 7 7
146 140 7 7
147 142 7 7
147 146 7 7
147 144 7 7
147 143 7 7
148 141 7 7
148 147 7 7
148 146 7 7
148 143 7 7
149 140 7 7
149 148 7 7
149 142 7 7
149 144 7 7
150 149 7 7
150 143 7 7
150 148 7 7
150 144 7 7
151 147 7 7
151 148 7 7
151 144 7 7
151 141 7 7
152 148 7 7
152 140 7 7
152 150 7 7
152 149 7 7
153 145 7 7
153 144 7 7
153 143 7 7
153 148 7 7
154 141 7 7
154 143 7 7
154 145 7 7
154 151 7 7
155 141 7 7
155 153 7 7
155 147 7 7
155 151 7 7
156 153 7 7
156 142 7 7
156 143 7 7
156 151 7 7
157 150 7 7
157 151 7 7
157 141 7 7
157 155 7 7
158 141 7 7
158 151 7 7
158 148 7 7
158 153 7 7
159 156 7 7
159 147 7 7
159 151 7 7
159 142 7 7
140 150 7 7
140 159 7 7
140 154 7 7
140 155 7 7
141 147 7 7
141 146 7 7
141 153 7 7
141 156 7 7
142 155 7 7
142 157 7 7
142 151 7 7
142 148 7 7
143 157 7 7
143 151 7 7
143 149 7 7
143 155 7 7
164 163 8 8
164 160 8 8
164 161 8 8
164 162 8 8
165 163 8 8
165 160 8 8
165 162 8 8
165 161 8 8
166 161 8 8
166 163 8 8
166 162 8 8
166 165 8 8
167 165 8 8
167 160 8 8
167 164 8 8
167 161 8 8
168 164 8 8
168 166 8 8
168 162 8 8
168 163 8 8
169 168 8 8
169 164 8 8
169 161 8 8
169 160 8 8
170 169 8 8
170 163 8 8
170 164 8 8
170 168 8 8
171 166 8 8
171 164 8 8
171 161 8 8
171 160 8 8
172 161 8 8
172 165 8 8
172 162 8 8
172 160 8 8
173 167 8 8
173 164 8 8
173 171 8 8
173 170 8 8
174 168 8 8
174 166 8 8
174 162 8 8
174 167 8 8
175 160 8 8
175 161 8 8
175 163 8 8
175 171 8 8
176 175 8 8
176 169 8 8
176 173 8 8
176 166 8 8
177 172 8 8
177 176 8 8
177 170 8 8
177 169 8 8
178 165 8 8
178 177 8 8
178 164 8 8
178 163 8 8
179 178 8 8
179 163 8 8
179 167 8 8
179 164 8 8
160 176 8 8
160 174 8 8
160 168 8 8
160 179 8 8
161 176 8 8
161 177 8 8
161 174 8 8
161 178 8 8
162 171 8 8
162 176 8 8
162 179 8 8
162 167 8 8
163 173 8 8
163 174 8 8
163 171 8 8
163 167 8 8
184 180 9 9
184 183 9 9
184 182 9 9
184 181 9 9
185 183 9 9
185 182 9 9
185 180 9 9
185 181 9 9
186 180 9 9
186 184 9 9
186 182 9 9
186 183 9 9
187 180 9 9
187 186 9 9
187 183 9 9
187 184 9 9
188 181 9 9
188 180 9 9
188 182 9 9
188 187 9 9
189 185 9 9
189 183 9 9
189 180 9 9
189 187 9 9
190 184 9 9
190 182 9 9
190 188 9 9
190 185 9 9
191 189 9 9
191 181 9 9
191 188 9 9
191 185 9 9
192 188 9 9
192 189 9 9
192 185 9 9
192 183 9 9
193 190 9 9
193 184 9 9
193 186 9 9
193 182 9 9
194 182 9 9
194 183 9 9
194 184 9 9
194 193 9 9
195 182 9 9
195 185 9 9
195 188 9 9
195 187 9 9
196 184 9 9
196 183 9 9
196 185 9 9
196 182 9 9
197 187 9 9
197 194 9 9
197 182 9 9
197 186 9 9
198 191 9 9
198 181 9 9
198 196 9 9
198 188 9 9
199 195 9 9
199 182 9 9
199 192 9 9
199 190 9 9
180 197 9 9
180 195 9 9
180 194 9 9
180 190 9 9
181 194 9 9
181 192 9 9
181 189 9 9
181 193 9 9
182 187 9 9
182 192 9 9
182 189 9 9
182 191 9 9
183 195 9 9
183 191 9 9
183 198 9 9
183 199 9 9
204 201 10 10
204 202 10 10
204 200 10 10
204 203 10 10
205 201 10 10
205 203 10 10
205 204 10 10
205 202 10 10
206 200 10 10
206 201 10 10
206 204 10 10
206 205 10 10
207 205 10 10
207 201 10 10
207 204 10 10
207 206 10 10
208 202 10 10
208 207 10 10
208 201 10 10
208 206 10 10
209 202 10 10
209 205 10 10
209 200 10 10
209 204 10 10
210 204 10 10
210 202 10 10
210 201 10 10
210 208 10 10
211 208 10 10
211 200 10 10
211 201 10 10
211 206 10 10
212 211 10 10
212 206 10 10
212 207 10 10
212 205 10 10
213 204 10 10
213 210 10 10
213 209 10 10
213 201 10 10
214 208 10 10
214 213 10 10
214 206 10 10
214 205 10 10
215 211 10 10
215 214 10 10
215 204 10 10
215 208 10 10
216 202 10 10
216 203 10 10
216 207 10 10
216 200 10 10
217 210 10 10
217 215 10 10
217 205 10 10
217 216 10 10
218 202 10 10
218 200 10 10
218 212 10 10
218 204 10 10
219 217 10 10
219 207 10 10
219 215 10 10
219 209 10 10
200 207 10 10
200 215 10 10
200 205 10 10
200 212 10 10
201 219 10 10
201 212 10 10
201 218 10 10
201 214 10 10
202 206 10 10
202 213 10 10
202 219 10 10
202 214 10 10
203 218 10 10
203 210 10 10
203 206 10 10
203 209 10 10
224 221 11 11
224 223 11 11
224 220 11 11
224 222 11 11
225 222 11 11
225 220 11 11
225 224 11 11
225 223 11 11
226 223 11 11
226 224 11 11
226 225 11 11
226 221 11 11
227 221 11 11
227 224 11 11
227 222 11 11
227 226 11 11
228 221 11 11
228 224 11 11
228 227 11 11
228 223 11 11
229 227 11 11
229 221 11 11
229 225 11 11
229 223 11 11
230 227 11 11
230 226 11 11
230 225 11 11
230 228 11 11
231 225 11 11
231 222 11 11
231 224 11 11
231 230 11 11
232 221 11 11
232 231 11 11
232 226 11 11
232 220 11 11
233 231 11 11
233 220 11 11
233 230 11 11
233 222 11 11
234 221 11 11
234 227 11 11
234 223 11 11
234 232 11 11
235 230 11 11
235 227 11 11
235 224 11 11
235 231 11 11
236 226 11 11
236 227 11 11
236 234 11 11
236 231 11 11
237 231 11 11
237 229 11 11
237 221 11 11
237 224 11 11
238 223 11 11
238 220 11 11
238 233 11 11
238 226 11 11
239 227 11 11
239 225 11 11
239 235 11 11
239 233 11 11
220 227 11 11
220 237 11 11
220 234 11 11
220 226 11 11
221 231 11 11
221 235 11 11
221 236 11 11
221 239 11 11
222 239 11 11
222 236 11 11
222 226 11 11
222 229 11 11
223 233 11 11
223 231 11 11
223 227 11 11
223 232 11 11
244 240 12 12
244 241 12 12
244 243 12 12
244 242 12 12
245 243 12 12
245 242 12 12
245 241 12 12
245 240 12 12
246 240 12 12
246 242 12 12
246 241 12 12
246 243 12 12
247 245 12 12
247 243 12 12
247 244 12 12
247 246 12 12
248 242 12 12
248 243 12 12
248 247 12 12
248 246 12 12
249 246 12 12
249 247 12 12
249 242 12 12
249 245 12 12
250 242 12 12
250 245 12 12
250 249 12 12
250 248 12 12
251 247 12 12
251 248 12 12
251 249 12 12
251 250 12 12
252 240 12 12
252 247 12 12
252 244 12 12
252 246 12 12
253 248 12 12
253 251 12 12
253 249 12 12
253 250 12 12
254 247 12 12
254 246 12 12
254 241 12 12
254 251 12 12
255 249 12 12
255 252 12 12
255 247 12 12
255 244 12 12
256 254 12 12
256 247 12 12
256 246 12 12
256 245 12 12
257 250 12 12
257 245 12 12
257 243 12 12
257 241 12 12
258 253 12 12
258 250 12 12
258 241 12 12
258 247 12 12
259 255 12 12
259 251 12 12
259 257 12 12
259 242 12 12
240 256 12 12
240 254 12 12
240 247 12 12
240 251 12 12
241 255 12 12
241 249 12 12
241 247 12 12
241 256 12 12
242 251 12 12
242 253 12 12
242 254 12 12
242 247 12 12
243 251 12 12
243 254 12 12
243 256 12 12
243 250 12 12
264 261 13 13
264 262 13 13
264 260 13 13
264 263 13 13
265 264 13 13
265 260 13 13
265 263 13 13
265 262 13 13
266 263 13 13
266 262 13 13
266 264 13 13
266 261 13 13
267 262 13 13
267 260 13 13
267 263 13 13
267 265 13 13
268 260 13 13
268 265 13 13
268 264 13 13
268 261 13 13
269 261 13 13
269 263 13 13
269 267 13 13
269 262 13 13
270 265 13 13
270 260 13 13
270 266 13 13
270 263 13 13
271 262 13 13
271 270 13 13
271 267 13 13
271 260 13 13
272 270 13 13
272 265 13 13
272 271 13 13
272 260 13 13
273 261 13 13
273 272 13 13
273 270 13 13
273 268 13 13
274 265 13 13
274 268 13 13
274 262 13 13
274 260 13 13
275 267 13 13
275 272 13 13
275 264 13 13
275 274 13 13
276 266 13 13
276 262 13 13
276 263 13 13
276 275 13 13
277 268 13 13
277 274 13 13
277 260 13 13
277 273 13 13
278 272 13 13
278 275 13 13
278 269 13 13
278 274 13 13
279 276 13 13
279 271 13 13
279 275 13 13
279 267 13 13
260 279 13 13
260 273 13 13
260 276 13 13
260 266 13 13
261 265 13 13
261 274 13 13
261 271 13 13
261 276 13 13
262 270 13 13
262 272 13 13
262 278 13 13
262 268 13 13
263 274 13 13
263 273 13 13
263 279 13 13
263 268 13 13
284 281 14 14
284 282 14 14
284 283 14 14
284 280 14 14
285 283 14 14
285 281 14 14
285 282 14 14
285 284 14 14
286 282 14 14
286 283 14 14
286 280 14 14
286 285 14 14
287 280 14 14
287 285 14 14
287 284 14 14
287 286 14 14
288 287 14 14
288 283 14 14
288 281 14 14
288 286 14 14
289 281 14 14
289 287 14 14
289 286 14 14
289 285 14 14
290 286 14 14
290 283 14 14
290 280 14 14
290 287 14 14
291 289 14 14
291 281 14 14
291 285 14 14
291 284 14 14
292 289 14 14
292 280 14 14
292 288 14 14
292 283 14 14
293 281 14 14
293 292 14 14
293 285 14 14
293 287 14 14
294 285 14 14
294 282 14 14
294 280 14 14
294 286 14 14
295 288 14 14
295 291 14 14
295 294 14 14
295 283 14 14
296 282 14 14
296 281 14 14
296 295 14 14
296 285 14 14
297 283 14 14
297 287 14 14
297 291 14 14
297 280 14 14
298 285 14 14
298 289 14 14
298 293 14 14
298 281 14 14
299 290 14 14
299 294 14 14
299 285 14 14
299 287 14 14
280 293 14 14
280 299 14 14
280 288 14 14
280 289 14 14
281 299 14 14
281 295 14 14
281 292 14 14
281 287 14 14
282 297 14 14
282 290 14 14
282 293 14 14
282 299 14 14
283 287 14 14
283 294 14 14
283 299 14 14
283 298 14 14
304 300 15 15
304 302 15 15
304 303 15 15
304 301 15 15
305 302 15 15
305 300 15 15
305 304 15 15
305 301 15 15
306 302 15 15
306 303 15 15
306 305 15 15
306 301 15 15
307 306 15 15
307 301 15 15
307 303 15 15
307 302 15 15
308 301 15 15
308 306 15 15
308 302 15 15
308 305 15 15
309 305 15 15
309 308 15 15
309 304 15 15
309 306 15 15
310 301 15 15
310 309 15 15
310 306 15 15
310 303 15 15
311 306 15 15
311 302 15 15
311 308 15 15
311 301 15 15
312 311 15 15
312 305 15 15
312 304 15 15
312 302 15 15
313 308 15 15
313 301 15 15
313 310 15 15
313 302 15 15
314 302 15 15
314 303 15 15
314 306 15 15
314 311 15 15
315 306 15 15
315 310 15 15
315 307 15 15
315 302 15 15
316 306 15 15
316 314 15 15
316 310 15 15
316 311 15 15
317 309 15 15
317 314 15 15
317 313 15 15
317 310 15 15
318 307 15 15
318 304 15 15
318 303 15 15
318 315 15 15
319 301 15 15
319 314 15 15
319 307 15 15
319 308 15 15
300 319 15 15
300 311 15 15
300 314 15 15
300 309 15 15
301 315 15 15
301 317 15 15
301 312 15 15
301 314 15 15
302 316 15 15
302 309 15 15
302 319 15 15
302 317 15 15
303 313 15 15
303 315 15 15
303 308 15 15
303 305 15 15
94 59 4 2
94 12 4 0
98 74 4 3
81 38 4 1
119 65 5 3
110 18 5 0
116 90 5 4
119 54 5 2
125 69 6 3
136 47 6 2
123 98 6 4
137 100 6 5
155 77 7 3
145 18 7 0
152 88 7 4
142 25 7 1
173 142 8 7
175 111 8 5
167 80 8 4
176 13 8 0
199 70 9 3
192 97 9 4
193 30 9 1
194 151 9 7
206 172 10 8
204 152 10 7
206 92 10 4
219 5 10 0
221 91 11 4
235 34 11 1
230 135 11 6
229 154 11 7
251 43 12 2
253 169 12 8
257 32 12 1
259 110 12 5
268 39 13 1
270 151 13 7
270 190 13 9
278 44 13 2
287 221 14 11
286 152 14 7
282 103 14 5
281 254 14 12
306 285 15 14
313 97 15 4
309 245 15 12
318 220 15 11
16 232 0 11
2 184 0 9
9 135 0 6
19 273 0 13
27 311 1 15
24 295 1 14
21 135 1 6
38 165 1 8
43 281 2 14
41 191 2 9
58 158 2 7
59 222 2 11
68 264 3 13
64 237 3 11
66 285 3 14
76 217 3 10
