swNum = 320
edgeNum = 1344

0 0
1 0
2 0
3 0
4 0
5 0
6 0
7 0
8 0
9 0
10 0
11 0
12 0
13 0
14 0
15 0
16 0
17 0
18 0
19 0
20 1
21 1
22 1
23 1
24 1
25 1
26 1
27 1
28 1
29 1
30 1
31 1
32 1
33 1
34 1
35 1
36 1
37 1
38 1
39 1
40 2
41 2
42 2
43 2
44 2
45 2
46 2
47 2
48 2
49 2
50 2
51 2
52 2
53 2
54 2
55 2
56 2
57 2
58 2
59 2
60 3
61 3
62 3
63 3
64 3
65 3
66 3
67 3
68 3
69 3
70 3
71 3
72 3
73 3
74 3
75 3
76 3
77 3
78 3
79 3
80 4
81 4
82 4
83 4
84 4
85 4
86 4
87 4
88 4
89 4
90 4
91 4
92 4
93 4
94 4
95 4
96 4
97 4
98 4
99 4
100 5
101 5
102 5
103 5
104 5
105 5
106 5
107 5
108 5
109 5
110 5
111 5
112 5
113 5
114 5
115 5
116 5
117 5
118 5
119 5
120 6
121 6
122 6
123 6
124 6
125 6
126 6
127 6
128 6
129 6
130 6
131 6
132 6
133 6
134 6
135 6
136 6
137 6
138 6
139 6
140 7
141 7
142 7
143 7
144 7
145 7
146 7
147 7
148 7
149 7
150 7
151 7
152 7
153 7
154 7
155 7
156 7
157 7
158 7
159 7
160 8
161 8
162 8
163 8
164 8
165 8
166 8
167 8
168 8
169 8
170 8
171 8
172 8
173 8
174 8
175 8
176 8
177 8
178 8
179 8
180 9
181 9
182 9
183 9
184 9
185 9
186 9
187 9
188 9
189 9
190 9
191 9
192 9
193 9
194 9
195 9
196 9
197 9
198 9
199 9
200 10
201 10
202 10
203 10
204 10
205 10
206 10
207 10
208 10
209 10
210 10
211 10
212 10
213 10
214 10
215 10
216 10
217 10
218 10
219 10
220 11
221 11
222 11
223 11
224 11
225 11
226 11
227 11
228 11
229 11
230 11
231 11
232 11
233 11
234 11
235 11
236 11
237 11
238 11
239 11
240 12
241 12
242 12
243 12
244 12
245 12
246 12
247 12
248 12
249 12
250 12
251 12
252 12
253 12
254 12
255 12
256 12
257 12
258 12
259 12
260 13
261 13
262 13
263 13
264 13
265 13
266 13
267 13
268 13
269 13
270 13
271 13
272 13
273 13
274 13
275 13
276 13
277 13
278 13
279 13
280 14
281 14
282 14
283 14
284 14
285 14
286 14
287 14
288 14
289 14
290 14
291 14
292 14
293 14
294 14
295 14
296 14
297 14
298 14
299 14
300 15
301 15
302 15
303 15
304 15
305 15
306 15
307 15
308 15
309 15
310 15
311 15
312 15
313 15
314 15
315 15
316 15
317 15
318 15
319 15

4 1 0 0
4 0 0 0
4 2 0 0
4 3 0 0
5 4 0 0
5 3 0 0
5 1 0 0
5 2 0 0
6 1 0 0
6 5 0 0
6 3 0 0
6 0 0 0
7 3 0 0
7 2 0 0
7 6 0 0
7 1 0 0
8 2 0 0
8 5 0 0
8 4 0 0
8 7 0 0
9 2 0 0
9 4 0 0
9 8 0 0
9 5 0 0
10 9 0 0
10 6 0 0
10 1 0 0
10 3 0 0
11 8 0 0
11 6 0 0
11 4 0 0
11 2 0 0
12 2 0 0
12 4 0 0
12 10 0 0
12 3 0 0
13 9 0 0
13 11 0 0
13 3 0 0
13 8 0 0
14 10 0 0
14 2 0 0
14 9 0 0
14 7 0 0
15 1 0 0
15 10 0 0
15 5 0 0
15 8 0 0
16 12 0 0
16 2 0 0
16 5 0 0
16 8 0 0
17 4 0 0
17 7 0 0
17 16 0 0
17 9 0 0
18 5 0 0
18 14 0 0
18 15 0 0
18 9 0 0
19 12 0 0
19 11 0 0
19 9 0 0
19 8 0 0
0 10 0 0
0 18 0 0
0 9 0 0
0 16 0 0
1 8 0 0
1 14 0 0
1 17 0 0
1 12 0 0
2 10 0 0
2 6 0 0
2 17 0 0
2 19 0 0
3 19 0 0
3 18 0 0
3 9 0 0
3 8 0 0
24 20 1 1
24 23 1 1
24 21 1 1
24 22 1 1
25 21 1 1
25 22 1 1
25 23 1 1
25 24 1 1
26 20 1 1
26 25 1 1
26 24 1 1
26 22 1 1
27 23 1 1
27 26 1 1
27 20 1 1
27 24 1 1
28 26 1 1
28 24 1 1
28 23 1 1
28 21 1 1
29 25 1 1
29 24 1 1
29 23 1 1
29 26 1 1
30 22 1 1
30 21 1 1
30 25 1 1
30 20 1 1
31 24 1 1
31 27 1 1
31 21 1 1
31 23 1 1
32 27 1 1
32 23 1 1
32 25 1 1
32 20 1 1
33 32 1 1
33 21 1 1
33 22 1 1
33 29 1 1
34 28 1 1
34 33 1 1
34 25 1 1
34 21 1 1
35 33 1 1
35 29 1 1
35 30 1 1
35 34 1 1
36 34 1 1
36 26 1 1
36 25 1 1
36 28 1 1
37 25 1 1
37 34 1 1
37 23 1 1
37 33 1 1
38 22 1 1
38 23 1 1
38 35 1 1
38 29 1 1
39 23 1 1
39 33 1 1
39 30 1 1
39 34 1 1
20 31 1 1
20 33 1 1
20 37 1 1
20 35 1 1
21 26 1 1
21 29 1 1
21 35 1 1
21 32 1 1
22 29 1 1
22 37 1 1
22 39 1 1
22 34 1 1
23 33 1 1
23 30 1 1
23 35 1 1
23 36 1 1
44 43 2 2
44 40 2 2
44 42 2 2
44 41 2 2
45 42 2 2
45 41 2 2
45 43 2 2
45 44 2 2
46 45 2 2
46 44 2 2
46 43 2 2
46 41 2 2
47 46 2 2
47 41 2 2
47 43 2 2
47 45 2 2
48 44 2 2
48 41 2 2
48 40 2 2
48 45 2 2
49 44 2 2
49 48 2 2
49 41 2 2
49 46 2 2
50 42 2 2
50 43 2 2
50 45 2 2
50 41 2 2
51 45 2 2
51 50 2 2
51 47 2 2
51 42 2 2
52 43 2 2
52 49 2 2
52 50 2 2
52 48 2 2
53 40 2 2
53 48 2 2
53 44 2 2
53 45 2 2
54 43 2 2
54 47 2 2
54 49 2 2
54 53 2 2
55 46 2 2
55 47 2 2
55 42 2 2
55 51 2 2
56 40 2 2
56 52 2 2
56 45 2 2
56 44 2 2
57 45 2 2
57 44 2 2
57 50 2 2
57 56 2 2
58 40 2 2
58 42 2 2
58 56 2 2
58 52 2 2
59 52 2 2
59 58 2 2
59 47 2 2
59 40 2 2
40 51 2 2
40 45 2 2
40 49 2 2
40 57 2 2
41 59 2 2
41 55 2 2
41 51 2 2
41 57 2 2
42 56 2 2
42 46 2 2
42 54 2 2
42 53 2 2
43 59 2 2
43 55 2 2
43 48 2 2
43 51 2 2
64 61 3 3
64 62 3 3
64 63 3 3
64 60 3 3
65 63 3 3
65 60 3 3
65 61 3 3
65 62 3 3
66 63 3 3
66 64 3 3
66 62 3 3
66 65 3 3
67 64 3 3
67 60 3 3
67 63 3 3
67 62 3 3
68 60 3 3
68 62 3 3
68 61 3 3
68 64 3 3
69 64 3 3
69 65 3 3
69 62 3 3
69 68 3 3
70 62 3 3
70 60 3 3
70 65 3 3
70 67 3 3
71 60 3 3
71 64 3 3
71 68 3 3
71 66 3 3
72 67 3 3
72 68 3 3
72 64 3 3
72 62 3 3
73 71 3 3
73 67 3 3
73 64 3 3
73 69 3 3
74 70 3 3
74 60 3 3
74 68 3 3
74 73 3 3
75 69 3 3
75 67 3 3
75 72 3 3
75 63 3 3
76 73 3 3
76 69 3 3
76 66 3 3
76 63 3 3
77 73 3 3
77 68 3 3
77 66 3 3
77 72 3 3
78 65 3 3
78 63 3 3
78 64 3 3
78 62 3 3
79 67 3 3
79 72 3 3
79 76 3 3
79 70 3 3
60 72 3 3
60 69 3 3
60 78 3 3
60 77 3 3
61 66 3 3
61 67 3 3
61 78 3 3
61 75 3 3
62 75 3 3
62 74 3 3
62 76 3 3
62 79 3 3
63 68 3 3
63 79 3 3
63 70 3 3
63 72 3 3
84 83 4 4
84 82 4 4
84 81 4 4
84 80 4 4
85 84 4 4
85 82 4 4
85 81 4 4
85 83 4 4
86 81 4 4
86 80 4 4
86 83 4 4
86 82 4 4
87 80 4 4
87 82 4 4
87 83 4 4
87 84 4 4
88 82 4 4
88 87 4 4
88 81 4 4
88 85 4 4
89 80 4 4
89 82 4 4
89 81 4 4
89 83 4 4
90 84 4 4
90 83 4 4
90 81 4 4
90 82 4 4
91 90 4 4
91 84 4 4
91 87 4 4
91 88 4 4
92 87 4 4
92 81 4 4
92 82 4 4
92 88 4 4
93 85 4 4
93 91 4 4
93 80 4 4
93 88 4 4
94 90 4 4
94 82 4 4
94 81 4 4
94 89 4 4
95 92 4 4
95 83 4 4
95 94 4 4
95 88 4 4
96 90 4 4
96 91 4 4
96 93 4 4
96 94 4 4
97 83 4 4
97 85 4 4
97 95 4 4
97 82 4 4
98 93 4 4
98 91 4 4
98 96 4 4
98 85 4 4
99 91 4 4
99 95 4 4
99 97 4 4
99 98 4 4
80 96 4 4
80 94 4 4
80 99 4 4
80 90 4 4
81 87 4 4
81 93 4 4
81 96 4 4
81 99 4 4
82 95 4 4
82 93 4 4
82 96 4 4
82 91 4 4
83 96 4 4
83 99 4 4
83 92 4 4
83 94 4 4
104 100 5 5
104 103 5 5
104 102 5 5
104 101 5 5
105 100 5 5
105 101 5 5
105 104 5 5
105 103 5 5
106 101 5 5
106 104 5 5
106 103 5 5
106 105 5 5
107 106 5 5
107 102 5 5
107 103 5 5
107 101 5 5
108 106 5 5
108 104 5 5
108 100 5 5
108 105 5 5
109 101 5 5
109 108 5 5
109 105 5 5
109 106 5 5
110 101 5 5
110 106 5 5
110 109 5 5
110 103 5 5
111 109 5 5
111 102 5 5
111 108 5 5
111 101 5 5
112 103 5 5
112 100 5 5
112 104 5 5
112 110 5 5
113 111 5 5
113 100 5 5
113 104 5 5
113 105 5 5
114 100 5 5
114 108 5 5
114 103 5 5
114 111 5 5
115 108 5 5
115 102 5 5
115 106 5 5
115 111 5 5
116 111 5 5
116 112 5 5
116 109 5 5
116 110 5 5
117 114 5 5
117 103 5 5
117 110 5 5
117 115 5 5
118 101 5 5
118 108 5 5
118 102 5 5
118 111 5 5
119 112 5 5
119 114 5 5
119 116 5 5
119 102 5 5
100 119 5 5
100 110 5 5
100 118 5 5
100 106 5 5
101 108 5 5
101 119 5 5
101 112 5 5
101 116 5 5
102 113 5 5
102 105 5 5
102 109 5 5
102 108 5 5
103 118 5 5
103 116 5 5
103 115 5 5
103 109 5 5
124 122 6 6
124 121 6 6
124 123 6 6
124 120 6 6
125 123 6 6
125 124 6 6
125 122 6 6
125 120 6 6
126 120 6 6
126 121 6 6
126 124 6 6
126 122 6 6
127 120 6 6
127 124 6 6
127 122 6 6
127 123 6 6
128 126 6 6
128 121 6 6
128 124 6 6
128 120 6 6
129 120 6 6
129 125 6 6
129 121 6 6
129 124 6 6
130 129 6 6
130 123 6 6
130 125 6 6
130 126 6 6
131 123 6 6
131 124 6 6
131 120 6 6
131 125 6 6
132 128 6 6
132 127 6 6
132 129 6 6
132 130 6 6
133 127 6 6
133 131 6 6
133 122 6 6
133 120 6 6
134 131 6 6
134 127 6 6
134 130 6 6
134 124 6 6
135 129 6 6
135 132 6 6
135 126 6 6
135 121 6 6
136 123 6 6
136 122 6 6
136 120 6 6
136 134 6 6
137 133 6 6
137 128 6 6
137 129 6 6
137 121 6 6
138 135 6 6
138 128 6 6
138 126 6 6
138 127 6 6
139 127 6 6
139 123 6 6
139 121 6 6
139 138 6 6
120 138 6 6
120 139 6 6
120 137 6 6
120 132 6 6
121 132 6 6
121 134 6 6
121 138 6 6
121 125 6 6
122 128 6 6
122 138 6 6
122 134 6 6
122 139 6 6
123 133 6 6
123 134 6 6
123 137 6 6
123 128 6 6
144 142 7 7
144 143 7 7
144 141 7 7
144 140 7 7
145 143 7 7
145 144 7 7
145 142 7 7
145 141 7 7
146 142 7 7
146 145 7 7
146 144 7 7
146 143 7 7
147 142 7 7
147 145 7 7
147 143 7 7
147 146 7 7
148 141 7 7
148 147 7 7
148 142 7 7
148 144 7 7
149 147 7 7
149 148 7 7
149 142 7 7
149 145 7 7
150 146 7 7
150 145 7 7
150 144 7 7
150 141 7 7
151 143 7 7
151 147 7 7
151 145 7 7
151 146 7 7
152 144 7 7
152 146 7 7
152 151 7 7
152 142 7 7
153 147 7 7
153 149 7 7
153 142 7 7
153 146 7 7
154 147 7 7
154 143 7 7
154 148 7 7
154 142 7 7
155 151 7 7
155 154 7 7
155 144 7 7
155 140 7 7
156 155 7 7
156 147 7 7
156 144 7 7
156 149 7 7
157 140 7 7
157 145 7 7
157 142 7 7
157 152 7 7
158 149 7 7
158 147 7 7
158 154 7 7
158 157 7 7
159 157 7 7
159 156 7 7
159 155 7 7
159 151 7 7
140 159 7 7
140 156 7 7
140 154 7 7
140 158 7 7
141 154 7 7
141 146 7 7
141 157 7 7
141 159 7 7
142 151 7 7
142 155 7 7
142 150 7 7
142 158 7 7
143 150 7 7
143 156 7 7
143 155 7 7
143 157 7 7
164 163 8 8
164 162 8 8
164 161 8 8
164 160 8 8
165 162 8 8
165 161 8 8
165 160 8 8
165 163 8 8
166 163 8 8
166 160 8 8
166 162 8 8
166 164 8 8
167 166 8 8
167 163 8 8
167 162 8 8
167 160 8 8
168 161 8 8
168 165 8 8
168 164 8 8
168 162 8 8
169 163 8 8
169 166 8 8
169 168 8 8
169 160 8 8
170 165 8 8
170 164 8 8
170 167 8 8
170 168 8 8
171 160 8 8
171 168 8 8
171 162 8 8
171 167 8 8
172 164 8 8
172 163 8 8
172 165 8 8
172 161 8 8
173 160 8 8
173 162 8 8
173 171 8 8
173 164 8 8
174 171 8 8
174 164 8 8
174 172 8 8
174 165 8 8
175 166 8 8
175 173 8 8
175 160 8 8
175 171 8 8
176 171 8 8
176 167 8 8
176 173 8 8
176 175 8 8
177 172 8 8
177 162 8 8
177 164 8 8
177 160 8 8
178 176 8 8
178 160 8 8
178 172 8 8
178 167 8 8
179 165 8 8
179 170 8 8
179 177 8 8
179 161 8 8
160 168 8 8
160 174 8 8
160 176 8 8
160 170 8 8
161 166 8 8
161 174 8 8
161 176 8 8
161 171 8 8
162 174 8 8
162 178 8 8
162 172 8 8
162 170 8 8
163 171 8 8
163 174 8 8
163 175 8 8
163 170 8 8
184 180 9 9
184 183 9 9
184 181 9 9
184 182 9 9
185 183 9 9
185 181 9 9
185 180 9 9
185 182 9 9
186 180 9 9
186 183 9 9
186 181 9 9
186 185 9 9
187 183 9 9
187 181 9 9
187 184 9 9
187 186 9 9
188 181 9 9
188 182 9 9
188 183 9 9
188 180 9 9
189 188 9 9
189 180 9 9
189 182 9 9
189 185 9 9
190 186 9 9
190 185 9 9
190 183 9 9
190 187 9 9
191 190 9 9
191 189 9 9
191 183 9 9
191 184 9 9
192 182 9 9
192 190 9 9
192 183 9 9
192 180 9 9
193 189 9 9
193 182 9 9
193 184 9 9
193 183 9 9
194 190 9 9
194 188 9 9
194 183 9 9
194 182 9 9
195 190 9 9
195 185 9 9
195 186 9 9
195 187 9 9
196 181 9 9
196 185 9 9
196 192 9 9
196 194 9 9
197 189 9 9
197 191 9 9
197 183 9 9
197 185 9 9
198 195 9 9
198 192 9 9
198 181 9 9
198 196 9 9
199 189 9 9
199 186 9 9
199 180 9 9
199 188 9 9
180 196 9 9
180 195 9 9
180 198 9 9
180 187 9 9
181 191 9 9
181 192 9 9
181 197 9 9
181 194 9 9
182 190 9 9
182 197 9 9
182 191 9 9
182 186 9 9
183 196 9 9
183 198 9 9
183 189 9 9
183 195 9 9
204 202 10 10
204 203 10 10
204 201 10 10
204 200 10 10
205 203 10 10
205 204 10 10
205 202 10 10
205 200 10 10
206 204 10 10
206 202 10 10
206 201 10 10
206 203 10 10
207 203 10 10
207 202 10 10
207 200 10 10
207 201 10 10
208 205 10 10
208 200 10 10
208 204 10 10
208 206 10 10
209 207 10 10
209 204 10 10
209 201 10 10
209 203 10 10
210 209 10 10
210 207 10 10
210 204 10 10
210 206 10 10
211 208 10 10
211 201 10 10
211 202 10 10
211 204 10 10
212 203 10 10
212 207 10 10
212 200 10 10
212 210 10 10
213 202 10 10
213 204 10 10
213 211 10 10
213 206 10 10
214 202 10 10
214 212 10 10
214 203 10 10
214 201 10 10
215 202 10 10
215 209 10 10
215 213 10 10
215 204 10 10
216 202 10 10
216 205 10 10
216 203 10 10
216 212 10 10
217 202 10 10
217 216 10 10
217 209 10 10
217 210 10 10
218 210 10 10
218 203 10 10
218 202 10 10
218 206 10 10
219 216 10 10
219 200 10 10
219 204 10 10
219 205 10 10
200 211 10 10
200 216 10 10
200 210 10 10
200 214 10 10
201 216 10 10
201 210 10 10
201 212 10 10
201 217 10 10
202 210 10 10
202 219 10 10
202 209 10 10
202 208 10 10
203 211 10 10
203 213 10 10
203 215 10 10
203 219 10 10
224 222 11 11
224 220 11 11
224 221 11 11
224 223 11 11
225 220 11 11
225 223 11 11
225 221 11 11
225 222 11 11
226 222 11 11
226 224 11 11
226 223 11 11
226 220 11 11
227 222 11 11
227 225 11 11
227 221 11 11
227 224 11 11
228 225 11 11
228 220 11 11
228 223 11 11
228 222 11 11
229 228 11 11
229 223 11 11
229 221 11 11
229 226 11 11
230 226 11 11
230 224 11 11
230 220 11 11
230 227 11 11
231 224 11 11
231 222 11 11
231 230 11 11
231 227 11 11
232 221 11 11
232 230 11 11
232 229 11 11
232 220 11 11
233 223 11 11
233 222 11 11
233 228 11 11
233 221 11 11
234 221 11 11
234 226 11 11
234 227 11 11
234 231 11 11
235 234 11 11
235 230 11 11
235 231 11 11
235 226 11 11
236 220 11 11
236 229 11 11
236 228 11 11
236 233 11 11
237 231 11 11
237 224 11 11
237 228 11 11
237 223 11 11
238 234 11 11
238 222 11 11
238 232 11 11
238 235 11 11
239 229 11 11
239 228 11 11
239 237 11 11
239 220 11 11
220 229 11 11
220 234 11 11
220 227 11 11
220 235 11 11
221 235 11 11
221 239 11 11
221 237 11 11
221 238 11 11
222 239 11 11
222 237 11 11
222 230 11 11
222 232 11 11
223 232 11 11
223 234 11 11
223 230 11 11
223 236 11 11
244 240 12 12
244 242 12 12
244 241 12 12
244 243 12 12
245 241 12 12
245 242 12 12
245 240 12 12
245 243 12 12
246 240 12 12
246 243 12 12
246 241 12 12
246 244 12 12
247 244 12 12
247 245 12 12
247 243 12 12
247 246 12 12
248 241 12 12
248 246 12 12
248 240 12 12
248 243 12 12
249 243 12 12
249 248 12 12
249 244 12 12
249 247 12 12
250 246 12 12
250 249 12 12
250 240 12 12
250 248 12 12
251 244 12 12
251 241 12 12
251 243 12 12
251 247 12 12
252 244 12 12
252 249 12 12
252 240 12 12
252 246 12 12
253 241 12 12
253 248 12 12
253 251 12 12
253 243 12 12
254 240 12 12
254 243 12 12
254 247 12 12
254 244 12 12
255 240 12 12
255 246 12 12
255 244 12 12
255 252 12 12
256 255 12 12
256 247 12 12
256 245 12 12
256 252 12 12
257 252 12 12
257 255 12 12
257 256 12 12
257 254 12 12
258 250 12 12
258 255 12 12
258 248 12 12
258 243 12 12
259 241 12 12
259 252 12 12
259 258 12 12
259 253 12 12
240 249 12 12
240 256 12 12
240 257 12 12
240 258 12 12
241 250 12 12
241 249 12 12
241 258 12 12
241 257 12 12
242 254 12 12
242 248 12 12
242 249 12 12
242 253 12 12
243 259 12 12
243 250 12 12
243 257 12 12
243 256 12 12
264 260 13 13
264 263 13 13
264 262 13 13
264 261 13 13
265 262 13 13
265 264 13 13
265 261 13 13
265 260 13 13
266 260 13 13
266 264 13 13
266 265 13 13
266 263 13 13
267 264 13 13
267 261 13 13
267 260 13 13
267 262 13 13
268 262 13 13
268 267 13 13
268 265 13 13
268 260 13 13
269 260 13 13
269 266 13 13
269 268 13 13
269 261 13 13
270 264 13 13
270 261 13 13
270 268 13 13
270 266 13 13
271 262 13 13
271 260 13 13
271 264 13 13
271 267 13 13
272 267 13 13
272 265 13 13
272 261 13 13
272 270 13 13
273 264 13 13
273 271 13 13
273 260 13 13
273 266 13 13
274 273 13 13
274 266 13 13
274 265 13 13
274 264 13 13
275 263 13 13
275 267 13 13
275 272 13 13
275 265 13 13
276 273 13 13
276 267 13 13
276 270 13 13
276 260 13 13
277 276 13 13
277 268 13 13
277 273 13 13
277 261 13 13
278 274 13 13
278 277 13 13
278 270 13 13
278 276 13 13
279 271 13 13
279 261 13 13
279 265 13 13
279 272 13 13
260 278 13 13
260 275 13 13
260 270 13 13
260 279 13 13
261 278 13 13
261 271 13 13
261 275 13 13
261 268 13 13
262 272 13 13
262 277 13 13
262 279 13 13
262 276 13 13
263 272 13 13
263 273 13 13
263 268 13 13
263 279 13 13
284 283 14 14
284 281 14 14
284 280 14 14
284 282 14 14
285 280 14 14
285 282 14 14
285 281 14 14
285 284 14 14
286 283 14 14
286 281 14 14
286 284 14 14
286 282 14 14
287 281 14 14
287 286 14 14
287 282 14 14
287 285 14 14
288 281 14 14
288 282 14 14
288 284 14 14
288 285 14 14
289 286 14 14
289 282 14 14
289 280 14 14
289 283 14 14
290 282 14 14
290 288 14 14
290 284 14 14
290 281 14 14
291 290 14 14
291 286 14 14
291 289 14 14
291 281 14 14
292 288 14 14
292 291 14 14
292 284 14 14
292 283 14 14
293 282 14 14
293 288 14 14
293 289 14 14
293 281 14 14
294 290 14 14
294 283 14 14
294 281 14 14
294 293 14 14
295 281 14 14
295 289 14 14
295 291 14 14
295 286 14 14
296 290 14 14
296 289 14 14
296 295 14 14
296 285 14 14
297 293 14 14
297 296 14 14
297 294 14 14
297 288 14 14
298 297 14 14
298 284 14 14
298 287 14 14
298 295 14 14
299 285 14 14
299 282 14 14
299 283 14 14
299 289 14 14
280 296 14 14
280 295 14 14
280 294 14 14
280 297 14 14
281 296 14 14
281 292 14 14
281 298 14 14
281 297 14 14
282 298 14 14
282 296 14 14
282 297 14 14
282 295 14 14
283 285 14 14
283 288 14 14
283 290 14 14
283 291 14 14
304 301 15 15
304 300 15 15
304 303 15 15
304 302 15 15
305 300 15 15
305 302 15 15
305 301 15 15
305 303 15 15
306 303 15 15
306 305 15 15
306 302 15 15
306 300 15 15
307 301 15 15
307 304 15 15
307 305 15 15
307 303 15 15
308 300 15 15
308 304 15 15
308 305 15 15
308 306 15 15
309 303 15 15
309 300 15 15
309 302 15 15
309 306 15 15
310 307 15 15
310 300 15 15
310 301 15 15
310 303 15 15
311 305 15 15
311 300 15 15
311 308 15 15
311 309 15 15
312 303 15 15
312 300 15 15
312 304 15 15
312 305 15 15
313 310 15 15
313 309 15 15
313 301 15 15
313 308 15 15
314 300 15 15
314 308 15 15
314 309 15 15
314 311 15 15
315 307 15 15
315 301 15 15
315 304 15 15
315 303 15 15
316 302 15 15
316 307 15 15
316 305 15 15
316 310 15 15
317 302 15 15
317 313 15 15
317 303 15 15
317 309 15 15
318 313 15 15
318 304 15 15
318 301 15 15
318 315 15 15
319 315 15 15
319 304 15 15
319 306 15 15
319 308 15 15
300 319 15 15
300 317 15 15
300 318 15 15
300 316 15 15
301 306 15 15
301 316 15 15
301 309 15 15
301 314 15 15
302 314 15 15
302 310 15 15
302 313 15 15
302 318 15 15
303 314 15 15
303 308 15 15
303 318 15 15
303 316 15 15
83 61 4 3
87 46 4 2
90 34 4 1
84 14 4 0
113 22 5 1
117 86 5 4
112 71 5 3
113 11 5 0
126 11 6 0
131 61 6 3
121 47 6 2
122 20 6 1
140 76 7 3
152 85 7 4
154 126 7 6
159 48 7 2
179 57 8 2
179 63 8 3
167 135 8 6
163 28 8 1
195 171 9 8
199 66 9 3
180 16 9 0
185 85 9 4
201 50 10 2
216 172 10 8
213 110 10 5
211 10 10 0
228 147 11 7
224 139 11 6
234 43 11 2
227 61 11 3
254 168 12 8
246 109 12 5
256 95 12 4
240 186 12 9
266 12 13 0
274 250 13 12
268 177 13 8
272 53 13 2
294 248 14 12
293 54 14 2
298 103 14 5
280 95 14 4
308 99 15 4
319 7 15 0
302 244 15 12
303 291 15 14
8 253 0 12
11 284 0 14
5 157 0 7
11 235 0 11
22 278 1 13
35 308 1 15
37 249 1 12
25 188 1 9
44 183 2 9
42 101 2 5
57 247 2 12
44 309 2 15
66 307 3 15
67 298 3 14
78 263 3 13
79 252 3 12
