swNum = 320
edgeNum = 1344

0 0
1 0
2 0
3 0
4 0
5 0
6 0
7 0
8 0
9 0
10 0
11 0
12 0
13 0
14 0
15 0
16 0
17 0
18 0
19 0
20 1
21 1
22 1
23 1
24 1
25 1
26 1
27 1
28 1
29 1
30 1
31 1
32 1
33 1
34 1
35 1
36 1
37 1
38 1
39 1
40 2
41 2
42 2
43 2
44 2
45 2
46 2
47 2
48 2
49 2
50 2
51 2
52 2
53 2
54 2
55 2
56 2
57 2
58 2
59 2
60 3
61 3
62 3
63 3
64 3
65 3
66 3
67 3
68 3
69 3
70 3
71 3
72 3
73 3
74 3
75 3
76 3
77 3
78 3
79 3
80 4
81 4
82 4
83 4
84 4
85 4
86 4
87 4
88 4
89 4
90 4
91 4
92 4
93 4
94 4
95 4
96 4
97 4
98 4
99 4
100 5
101 5
102 5
103 5
104 5
105 5
106 5
107 5
108 5
109 5
110 5
111 5
112 5
113 5
114 5
115 5
116 5
117 5
118 5
119 5
120 6
121 6
122 6
123 6
124 6
125 6
126 6
127 6
128 6
129 6
130 6
131 6
132 6
133 6
134 6
135 6
136 6
137 6
138 6
139 6
140 7
141 7
142 7
143 7
144 7
145 7
146 7
147 7
148 7
149 7
150 7
151 7
152 7
153 7
154 7
155 7
156 7
157 7
158 7
159 7
160 8
161 8
162 8
163 8
164 8
165 8
166 8
167 8
168 8
169 8
170 8
171 8
172 8
173 8
174 8
175 8
176 8
177 8
178 8
179 8
180 9
181 9
182 9
183 9
184 9
185 9
186 9
187 9
188 9
189 9
190 9
191 9
192 9
193 9
194 9
195 9
196 9
197 9
198 9
199 9
200 10
201 10
202 10
203 10
204 10
205 10
206 10
207 10
208 10
209 10
210 10
211 10
212 10
213 10
214 10
215 10
216 10
217 10
218 10
219 10
220 11
221 11
222 11
223 11
224 11
225 11
226 11
227 11
228 11
229 11
230 11
231 11
232 11
233 11
234 11
235 11
236 11
237 11
238 11
239 11
240 12
241 12
242 12
243 12
244 12
245 12
246 12
247 12
248 12
249 12
250 12
251 12
252 12
253 12
254 12
255 12
256 12
257 12
258 12
259 12
260 13
261 13
262 13
263 13
264 13
265 13
266 13
267 13
268 13
269 13
270 13
271 13
272 13
273 13
274 13
275 13
276 13
277 13
278 13
279 13
280 14
281 14
282 14
283 14
284 14
285 14
286 14
287 14
288 14
289 14
290 14
291 14
292 14
293 14
294 14
295 14
296 14
297 14
298 14
299 14
300 15
301 15
302 15
303 15
304 15
305 15
306 15
307 15
308 15
309 15
310 15
311 15
312 15
313 15
314 15
315 15
316 15
317 15
318 15
319 15

4 3 0 0
4 2 0 0
4 0 0 0
4 1 0 0
5 0 0 0
5 1 0 0
5 3 0 0
5 2 0 0
6 0 0 0
6 3 0 0
6 5 0 0
6 1 0 0
7 1 0 0
7 6 0 0
7 2 0 0
7 4 0 0
8 2 0 0
8 3 0 0
8 0 0 0
8 1 0 0
9 3 0 0
9 4 0 0
9 8 0 0
9 1 0 0
10 4 0 0
10 3 0 0
10 7 0 0
10 8 0 0
11 2 0 0
11 10 0 0
11 7 0 0
11 8 0 0
12 5 0 0
12 10 0 0
12 9 0 0
12 8 0 0
13 1 0 0
13 4 0 0
13 8 0 0
13 6 0 0
14 11 0 0
14 10 0 0
14 3 0 0
14 5 0 0
15 13 0 0
15 12 0 0
15 8 0 0
15 1 0 0
16 11 0 0
16 7 0 0
16 6 0 0
16 15 0 0
17 9 0 0
17 6 0 0
17 14 0 0
17 15 0 0
18 12 0 0
18 6 0 0
18 15 0 0
18 0 0 0
19 10 0 0
19 16 0 0
19 14 0 0
19 12 0 0
0 10 0 0
0 14 0 0
0 9 0 0
0 15 0 0
1 19 0 0
1 14 0 0
1 11 0 0
1 10 0 0
2 16 0 0
2 12 0 0
2 13 0 0
2 15 0 0
3 19 0 0
3 12 0 0
3 13 0 0
3 17 0 0
24 22 1 1
24 20 1 1
24 23 1 1
24 21 1 1
25 21 1 1
25 20 1 1
25 22 1 1
25 23 1 1
26 20 1 1
26 24 1 1
26 22 1 1
26 25 1 1
27 22 1 1
27 23 1 1
27 21 1 1
27 25 1 1
28 27 1 1
28 22 1 1
28 23 1 1
28 20 1 1
29 23 1 1
29 27 1 1
29 20 1 1
29 25 1 1
30 23 1 1
30 24 1 1
30 27 1 1
30 29 1 1
31 23 1 1
31 26 1 1
31 22 1 1
31 24 1 1
32 31 1 1
32 23 1 1
32 29 1 1
32 24 1 1
33 26 1 1
33 23 1 1
33 21 1 1
33 25 1 1
34 25 1 1
34 23 1 1
34 31 1 1
34 24 1 1
35 34 1 1
35 32 1 1
35 29 1 1
35 31 1 1
36 25 1 1
36 23 1 1
36 32 1 1
36 35 1 1
37 32 1 1
37 20 1 1
37 30 1 1
37 33 1 1
38 29 1 1
38 21 1 1
38 32 1 1
38 28 1 1
39 28 1 1
39 37 1 1
39 36 1 1
39 20 1 1
20 33 1 1
20 34 1 1
20 31 1 1
20 35 1 1
21 30 1 1
21 37 1 1
21 39 1 1
21 31 1 1
22 34 1 1
22 37 1 1
22 33 1 1
22 32 1 1
23 26 1 1
23 35 1 1
23 38 1 1
23 37 1 1
44 40 2 2
44 43 2 2
44 41 2 2
44 42 2 2
45 41 2 2
45 44 2 2
45 42 2 2
45 40 2 2
46 43 2 2
46 45 2 2
46 40 2 2
46 44 2 2
47 44 2 2
47 41 2 2
47 42 2 2
47 43 2 2
48 40 2 2
48 44 2 2
48 45 2 2
48 47 2 2
49 47 2 2
49 41 2 2
49 45 2 2
49 42 2 2
50 48 2 2
50 43 2 2
50 45 2 2
50 44 2 2
51 48 2 2
51 50 2 2
51 46 2 2
51 41 2 2
52 42 2 2
52 51 2 2
52 45 2 2
52 47 2 2
53 49 2 2
53 40 2 2
53 41 2 2
53 48 2 2
54 40 2 2
54 50 2 2
54 44 2 2
54 43 2 2
55 44 2 2
55 54 2 2
55 41 2 2
55 49 2 2
56 40 2 2
56 41 2 2
56 47 2 2
56 44 2 2
57 40 2 2
57 52 2 2
57 47 2 2
57 53 2 2
58 50 2 2
58 54 2 2
58 46 2 2
58 55 2 2
59 53 2 2
59 57 2 2
59 56 2 2
59 42 2 2
40 50 2 2
40 58 2 2
40 47 2 2
40 55 2 2
41 59 2 2
41 58 2 2
41 52 2 2
41 50 2 2
42 53 2 2
42 58 2 2
42 54 2 2
42 56 2 2
43 45 2 2
43 57 2 2
43 53 2 2
43 59 2 2
64 60 3 3
64 62 3 3
64 61 3 3
64 63 3 3
65 62 3 3
65 63 3 3
65 64 3 3
65 61 3 3
66 60 3 3
66 62 3 3
66 63 3 3
66 65 3 3
67 60 3 3
67 66 3 3
67 64 3 3
67 62 3 3
68 67 3 3
68 63 3 3
68 60 3 3
68 64 3 3
69 68 3 3
69 60 3 3
69 67 3 3
69 65 3 3
70 67 3 3
70 69 3 3
70 66 3 3
70 60 3 3
71 67 3 3
71 60 3 3
71 70 3 3
71 69 3 3
72 68 3 3
72 60 3 3
72 69 3 3
72 71 3 3
73 66 3 3
73 63 3 3
73 65 3 3
73 64 3 3
74 62 3 3
74 61 3 3
74 69 3 3
74 73 3 3
75 68 3 3
75 67 3 3
75 69 3 3
75 71 3 3
76 60 3 3
76 71 3 3
76 68 3 3
76 72 3 3
77 66 3 3
77 70 3 3
77 67 3 3
77 65 3 3
78 74 3 3
78 64 3 3
78 63 3 3
78 60 3 3
79 62 3 3
79 74 3 3
79 68 3 3
79 75 3 3
60 79 3 3
60 77 3 3
60 75 3 3
60 73 3 3
61 78 3 3
61 75 3 3
61 73 3 3
61 79 3 3
62 72 3 3
62 78 3 3
62 69 3 3
62 68 3 3
63 71 3 3
63 74 3 3
63 79 3 3
63 69 3 3
84 83 4 4
84 82 4 4
84 80 4 4
84 81 4 4
85 84 4 4
85 81 4 4
85 80 4 4
85 83 4 4
86 80 4 4
86 84 4 4
86 83 4 4
86 82 4 4
87 80 4 4
87 86 4 4
87 82 4 4
87 84 4 4
88 85 4 4
88 80 4 4
88 84 4 4
88 87 4 4
89 83 4 4
89 81 4 4
89 84 4 4
89 87 4 4
90 89 4 4
90 81 4 4
90 84 4 4
90 83 4 4
91 86 4 4
91 80 4 4
91 88 4 4
91 85 4 4
92 89 4 4
92 83 4 4
92 84 4 4
92 86 4 4
93 81 4 4
93 89 4 4
93 86 4 4
93 83 4 4
94 82 4 4
94 90 4 4
94 87 4 4
94 85 4 4
95 93 4 4
95 92 4 4
95 85 4 4
95 87 4 4
96 90 4 4
96 88 4 4
96 93 4 4
96 91 4 4
97 92 4 4
97 89 4 4
97 95 4 4
97 86 4 4
98 89 4 4
98 84 4 4
98 97 4 4
98 86 4 4
99 84 4 4
99 88 4 4
99 83 4 4
99 95 4 4
80 95 4 4
80 90 4 4
80 89 4 4
80 99 4 4
81 96 4 4
81 94 4 4
81 97 4 4
81 92 4 4
82 93 4 4
82 97 4 4
82 92 4 4
82 89 4 4
83 88 4 4
83 95 4 4
83 87 4 4
83 98 4 4
104 103 5 5
104 100 5 5
104 101 5 5
104 102 5 5
105 103 5 5
105 102 5 5
105 100 5 5
105 104 5 5
106 100 5 5
106 102 5 5
106 104 5 5
106 101 5 5
107 105 5 5
107 102 5 5
107 104 5 5
107 106 5 5
108 104 5 5
108 105 5 5
108 103 5 5
108 102 5 5
109 106 5 5
109 102 5 5
109 103 5 5
109 104 5 5
110 101 5 5
110 100 5 5
110 107 5 5
110 103 5 5
111 102 5 5
111 103 5 5
111 107 5 5
111 105 5 5
112 100 5 5
112 101 5 5
112 103 5 5
112 111 5 5
113 107 5 5
113 103 5 5
113 100 5 5
113 112 5 5
114 109 5 5
114 106 5 5
114 110 5 5
114 102 5 5
115 102 5 5
115 105 5 5
115 110 5 5
115 111 5 5
116 103 5 5
116 114 5 5
116 100 5 5
116 105 5 5
117 101 5 5
117 115 5 5
117 114 5 5
117 103 5 5
118 108 5 5
118 111 5 5
118 110 5 5
118 104 5 5
119 101 5 5
119 110 5 5
119 106 5 5
119 114 5 5
100 111 5 5
100 119 5 5
100 117 5 5
100 118 5 5
101 107 5 5
101 114 5 5
101 116 5 5
101 113 5 5
102 113 5 5
102 112 5 5
102 116 5 5
102 110 5 5
103 107 5 5
103 118 5 5
103 115 5 5
103 119 5 5
124 122 6 6
124 121 6 6
124 120 6 6
124 123 6 6
125 122 6 6
125 124 6 6
125 120 6 6
125 123 6 6
126 124 6 6
126 121 6 6
126 120 6 6
126 125 6 6
127 122 6 6
127 125 6 6
127 126 6 6
127 123 6 6
128 127 6 6
128 123 6 6
128 122 6 6
128 121 6 6
129 121 6 6
129 126 6 6
129 120 6 6
129 122 6 6
130 126 6 6
130 123 6 6
130 121 6 6
130 129 6 6
131 122 6 6
131 124 6 6
131 128 6 6
131 125 6 6
132 122 6 6
132 127 6 6
132 123 6 6
132 124 6 6
133 120 6 6
133 131 6 6
133 122 6 6
133 128 6 6
134 123 6 6
134 126 6 6
134 129 6 6
134 121 6 6
135 133 6 6
135 120 6 6
135 128 6 6
135 132 6 6
136 130 6 6
136 123 6 6
136 126 6 6
136 132 6 6
137 125 6 6
137 132 6 6
137 128 6 6
137 130 6 6
138 124 6 6
138 129 6 6
138 126 6 6
138 134 6 6
139 123 6 6
139 131 6 6
139 133 6 6
139 120 6 6
120 128 6 6
120 137 6 6
120 127 6 6
120 132 6 6
121 135 6 6
121 125 6 6
121 138 6 6
121 131 6 6
122 134 6 6
122 136 6 6
122 130 6 6
122 139 6 6
123 131 6 6
123 129 6 6
123 126 6 6
123 138 6 6
144 143 7 7
144 142 7 7
144 141 7 7
144 140 7 7
145 144 7 7
145 141 7 7
145 143 7 7
145 142 7 7
146 141 7 7
146 145 7 7
146 144 7 7
146 140 7 7
147 141 7 7
147 144 7 7
147 145 7 7
147 142 7 7
148 140 7 7
148 141 7 7
148 144 7 7
148 147 7 7
149 140 7 7
149 145 7 7
149 144 7 7
149 146 7 7
150 142 7 7
150 149 7 7
150 144 7 7
150 145 7 7
151 140 7 7
151 141 7 7
151 143 7 7
151 149 7 7
152 147 7 7
152 148 7 7
152 141 7 7
152 145 7 7
153 141 7 7
153 150 7 7
153 140 7 7
153 152 7 7
154 148 7 7
154 141 7 7
154 140 7 7
154 149 7 7
155 140 7 7
155 149 7 7
155 141 7 7
155 144 7 7
156 142 7 7
156 154 7 7
156 155 7 7
156 150 7 7
157 140 7 7
157 156 7 7
157 153 7 7
157 154 7 7
158 154 7 7
158 143 7 7
158 146 7 7
158 149 7 7
159 153 7 7
159 148 7 7
159 155 7 7
159 146 7 7
140 156 7 7
140 152 7 7
140 150 7 7
140 158 7 7
141 158 7 7
141 149 7 7
141 156 7 7
141 150 7 7
142 154 7 7
142 159 7 7
142 158 7 7
142 155 7 7
143 146 7 7
143 149 7 7
143 155 7 7
143 156 7 7
164 160 8 8
164 161 8 8
164 162 8 8
164 163 8 8
165 161 8 8
165 160 8 8
165 163 8 8
165 162 8 8
166 163 8 8
166 165 8 8
166 160 8 8
166 161 8 8
167 161 8 8
167 166 8 8
167 162 8 8
167 165 8 8
168 166 8 8
168 164 8 8
168 161 8 8
168 160 8 8
169 161 8 8
169 166 8 8
169 160 8 8
169 167 8 8
170 161 8 8
170 160 8 8
170 164 8 8
170 163 8 8
171 164 8 8
171 167 8 8
171 170 8 8
171 160 8 8
172 166 8 8
172 162 8 8
172 169 8 8
172 170 8 8
173 171 8 8
173 160 8 8
173 167 8 8
173 164 8 8
174 168 8 8
174 160 8 8
174 161 8 8
174 167 8 8
175 172 8 8
175 174 8 8
175 166 8 8
175 170 8 8
176 162 8 8
176 170 8 8
176 168 8 8
176 174 8 8
177 169 8 8
177 160 8 8
177 175 8 8
177 164 8 8
178 168 8 8
178 165 8 8
178 176 8 8
178 169 8 8
179 168 8 8
179 161 8 8
179 172 8 8
179 169 8 8
160 179 8 8
160 176 8 8
160 167 8 8
160 175 8 8
161 177 8 8
161 172 8 8
161 178 8 8
161 176 8 8
162 177 8 8
162 174 8 8
162 178 8 8
162 168 8 8
163 168 8 8
163 172 8 8
163 179 8 8
163 176 8 8
184 183 9 9
184 181 9 9
184 180 9 9
184 182 9 9
185 184 9 9
185 183 9 9
185 182 9 9
185 180 9 9
186 183 9 9
186 182 9 9
186 180 9 9
186 185 9 9
187 181 9 9
187 184 9 9
187 183 9 9
187 182 9 9
188 184 9 9
188 183 9 9
188 185 9 9
188 181 9 9
189 180 9 9
189 186 9 9
189 185 9 9
189 188 9 9
190 189 9 9
190 184 9 9
190 183 9 9
190 182 9 9
191 190 9 9
191 186 9 9
191 189 9 9
191 183 9 9
192 187 9 9
192 191 9 9
192 181 9 9
192 180 9 9
193 189 9 9
193 192 9 9
193 180 9 9
193 185 9 9
194 191 9 9
194 186 9 9
194 184 9 9
194 182 9 9
195 183 9 9
195 181 9 9
195 194 9 9
195 186 9 9
196 192 9 9
196 184 9 9
196 186 9 9
196 190 9 9
197 180 9 9
197 193 9 9
197 195 9 9
197 191 9 9
198 180 9 9
198 182 9 9
198 193 9 9
198 194 9 9
199 194 9 9
199 186 9 9
199 193 9 9
199 185 9 9
180 195 9 9
180 196 9 9
180 190 9 9
180 194 9 9
181 189 9 9
181 191 9 9
181 190 9 9
181 199 9 9
182 195 9 9
182 197 9 9
182 188 9 9
182 199 9 9
183 192 9 9
183 194 9 9
183 193 9 9
183 189 9 9
204 202 10 10
204 203 10 10
204 201 10 10
204 200 10 10
205 203 10 10
205 200 10 10
205 201 10 10
205 202 10 10
206 202 10 10
206 205 10 10
206 203 10 10
206 201 10 10
207 205 10 10
207 200 10 10
207 203 10 10
207 204 10 10
208 201 10 10
208 204 10 10
208 203 10 10
208 206 10 10
209 207 10 10
209 201 10 10
209 205 10 10
209 200 10 10
210 209 10 10
210 200 10 10
210 203 10 10
210 201 10 10
211 204 10 10
211 203 10 10
211 209 10 10
211 208 10 10
212 200 10 10
212 207 10 10
212 203 10 10
212 205 10 10
213 208 10 10
213 201 10 10
213 203 10 10
213 209 10 10
214 205 10 10
214 203 10 10
214 213 10 10
214 210 10 10
215 210 10 10
215 209 10 10
215 211 10 10
215 201 10 10
216 201 10 10
216 208 10 10
216 210 10 10
216 207 10 10
217 205 10 10
217 206 10 10
217 209 10 10
217 212 10 10
218 208 10 10
218 209 10 10
218 211 10 10
218 201 10 10
219 218 10 10
219 204 10 10
219 214 10 10
219 210 10 10
200 206 10 10
200 217 10 10
200 214 10 10
200 215 10 10
201 211 10 10
201 214 10 10
201 207 10 10
201 219 10 10
202 219 10 10
202 216 10 10
202 207 10 10
202 217 10 10
203 218 10 10
203 216 10 10
203 217 10 10
203 215 10 10
224 223 11 11
224 220 11 11
224 221 11 11
224 222 11 11
225 224 11 11
225 220 11 11
225 222 11 11
225 223 11 11
226 224 11 11
226 221 11 11
226 225 11 11
226 222 11 11
227 221 11 11
227 226 11 11
227 223 11 11
227 224 11 11
228 225 11 11
228 227 11 11
228 220 11 11
228 224 11 11
229 223 11 11
229 224 11 11
229 222 11 11
229 225 11 11
230 225 11 11
230 221 11 11
230 226 11 11
230 220 11 11
231 226 11 11
231 224 11 11
231 230 11 11
231 229 11 11
232 220 11 11
232 221 11 11
232 223 11 11
232 222 11 11
233 226 11 11
233 229 11 11
233 232 11 11
233 224 11 11
234 226 11 11
234 220 11 11
234 224 11 11
234 225 11 11
235 234 11 11
235 223 11 11
235 231 11 11
235 226 11 11
236 225 11 11
236 220 11 11
236 224 11 11
236 227 11 11
237 227 11 11
237 236 11 11
237 228 11 11
237 224 11 11
238 231 11 11
238 226 11 11
238 233 11 11
238 221 11 11
239 237 11 11
239 224 11 11
239 232 11 11
239 227 11 11
220 239 11 11
220 227 11 11
220 238 11 11
220 237 11 11
221 239 11 11
221 233 11 11
221 234 11 11
221 235 11 11
222 238 11 11
222 231 11 11
222 228 11 11
222 227 11 11
223 228 11 11
223 233 11 11
223 239 11 11
223 238 11 11
244 241 12 12
244 243 12 12
244 242 12 12
244 240 12 12
245 244 12 12
245 240 12 12
245 241 12 12
245 242 12 12
246 241 12 12
246 242 12 12
246 244 12 12
246 245 12 12
247 241 12 12
247 240 12 12
247 244 12 12
247 242 12 12
248 244 12 12
248 243 12 12
248 241 12 12
248 240 12 12
249 240 12 12
249 246 12 12
249 244 12 12
249 247 12 12
250 242 12 12
250 243 12 12
250 247 12 12
250 249 12 12
251 245 12 12
251 242 12 12
251 246 12 12
251 250 12 12
252 250 12 12
252 247 12 12
252 249 12 12
252 244 12 12
253 249 12 12
253 245 12 12
253 242 12 12
253 248 12 12
254 253 12 12
254 250 12 12
254 242 12 12
254 245 12 12
255 252 12 12
255 251 12 12
255 241 12 12
255 250 12 12
256 253 12 12
256 240 12 12
256 242 12 12
256 244 12 12
257 251 12 12
257 246 12 12
257 240 12 12
257 245 12 12
258 242 12 12
258 252 12 12
258 253 12 12
258 254 12 12
259 253 12 12
259 240 12 12
259 246 12 12
259 251 12 12
240 251 12 12
240 250 12 12
240 246 12 12
240 255 12 12
241 252 12 12
241 253 12 12
241 256 12 12
241 250 12 12
242 249 12 12
242 257 12 12
242 259 12 12
242 255 12 12
243 247 12 12
243 251 12 12
243 252 12 12
243 258 12 12
264 260 13 13
264 261 13 13
264 262 13 13
264 263 13 13
265 261 13 13
265 263 13 13
265 264 13 13
265 262 13 13
266 265 13 13
266 264 13 13
266 263 13 13
266 262 13 13
267 265 13 13
267 266 13 13
267 264 13 13
267 262 13 13
268 264 13 13
268 262 13 13
268 261 13 13
268 267 13 13
269 265 13 13
269 266 13 13
269 261 13 13
269 263 13 13
270 260 13 13
270 267 13 13
270 262 13 13
270 263 13 13
271 270 13 13
271 265 13 13
271 266 13 13
271 269 13 13
272 264 13 13
272 267 13 13
272 265 13 13
272 266 13 13
273 268 13 13
273 265 13 13
273 272 13 13
273 266 13 13
274 268 13 13
274 272 13 13
274 264 13 13
274 273 13 13
275 272 13 13
275 274 13 13
275 268 13 13
275 265 13 13
276 271 13 13
276 266 13 13
276 275 13 13
276 261 13 13
277 272 13 13
277 269 13 13
277 266 13 13
277 271 13 13
278 268 13 13
278 273 13 13
278 267 13 13
278 272 13 13
279 265 13 13
279 266 13 13
279 271 13 13
279 264 13 13
260 267 13 13
260 271 13 13
260 272 13 13
260 269 13 13
261 270 13 13
261 278 13 13
261 267 13 13
261 274 13 13
262 276 13 13
262 271 13 13
262 278 13 13
262 277 13 13
263 267 13 13
263 271 13 13
263 272 13 13
263 278 13 13
284 282 14 14
284 283 14 14
284 281 14 14
284 280 14 14
285 281 14 14
285 283 14 14
285 284 14 14
285 280 14 14
286 284 14 14
286 282 14 14
286 281 14 14
286 280 14 14
287 285 14 14
287 282 14 14
287 281 14 14
287 283 14 14
288 286 14 14
288 280 14 14
288 282 14 14
288 284 14 14
289 288 14 14
289 281 14 14
289 287 14 14
289 283 14 14
290 286 14 14
290 288 14 14
290 280 14 14
290 285 14 14
291 290 14 14
291 283 14 14
291 287 14 14
291 280 14 14
292 281 14 14
292 287 14 14
292 283 14 14
292 285 14 14
293 287 14 14
293 289 14 14
293 292 14 14
293 281 14 14
294 281 14 14
294 284 14 14
294 285 14 14
294 293 14 14
295 282 14 14
295 286 14 14
295 288 14 14
295 283 14 14
296 283 14 14
296 282 14 14
296 295 14 14
296 291 14 14
297 294 14 14
297 282 14 14
297 281 14 14
297 287 14 14
298 280 14 14
298 288 14 14
298 283 14 14
298 290 14 14
299 287 14 14
299 293 14 14
299 298 14 14
299 285 14 14
280 296 14 14
280 295 14 14
280 289 14 14
280 297 14 14
281 291 14 14
281 296 14 14
281 295 14 14
281 288 14 14
282 293 14 14
282 294 14 14
282 285 14 14
282 291 14 14
283 293 14 14
283 294 14 14
283 288 14 14
283 297 14 14
304 301 15 15
304 300 15 15
304 303 15 15
304 302 15 15
305 301 15 15
305 300 15 15
305 303 15 15
305 304 15 15
306 302 15 15
306 305 15 15
306 300 15 15
306 303 15 15
307 303 15 15
307 300 15 15
307 302 15 15
307 301 15 15
308 302 15 15
308 300 15 15
308 307 15 15
308 306 15 15
309 300 15 15
309 304 15 15
309 306 15 15
309 302 15 15
310 307 15 15
310 303 15 15
310 305 15 15
310 306 15 15
311 304 15 15
311 307 15 15
311 306 15 15
311 301 15 15
312 303 15 15
312 306 15 15
312 304 15 15
312 307 15 15
313 306 15 15
313 310 15 15
313 311 15 15
313 305 15 15
314 310 15 15
314 312 15 15
314 307 15 15
314 305 15 15
315 314 15 15
315 305 15 15
315 303 15 15
315 313 15 15
316 314 15 15
316 315 15 15
316 310 15 15
316 301 15 15
317 300 15 15
317 302 15 15
317 308 15 15
317 306 15 15
318 317 15 15
318 303 15 15
318 309 15 15
318 301 15 15
319 304 15 15
319 316 15 15
319 317 15 15
319 312 15 15
300 315 15 15
300 312 15 15
300 318 15 15
300 311 15 15
301 309 15 15
301 306 15 15
301 315 15 15
301 308 15 15
302 313 15 15
302 316 15 15
302 314 15 15
302 315 15 15
303 316 15 15
303 314 15 15
303 309 15 15
303 317 15 15
89 72 4 3
85 1 4 0
90 56 4 2
82 29 4 1
119 86 5 4
103 0 5 0
107 63 5 3
109 53 5 2
133 76 6 3
132 102 6 5
135 44 6 2
133 16 6 0
140 32 7 1
144 63 7 3
141 59 7 2
147 138 7 6
162 74 8 3
178 2 8 0
174 150 8 7
176 59 8 2
197 50 9 2
194 129 9 6
193 34 9 1
193 173 9 8
213 96 10 4
214 121 10 6
205 61 10 3
215 15 10 0
228 77 11 3
239 208 11 10
220 192 11 9
229 6 11 0
247 25 12 1
242 13 12 0
240 145 12 7
240 76 12 3
275 227 13 11
277 150 13 7
260 110 13 5
278 25 13 1
280 38 14 1
291 170 14 8
290 185 14 9
286 154 14 7
319 33 15 1
302 279 15 13
316 247 15 12
315 205 15 10
1 286 0 14
5 198 0 9
8 151 0 7
12 314 0 15
33 218 1 10
28 232 1 11
38 135 1 6
23 163 1 8
44 277 2 13
51 212 2 10
57 238 2 11
51 315 2 15
72 296 3 14
67 269 3 13
79 199 3 9
65 308 3 15
