swNum = 320
edgeNum = 1344

0 0
1 0
2 0
3 0
4 0
5 0
6 0
7 0
8 0
9 0
10 0
11 0
12 0
13 0
14 0
15 0
16 0
17 0
18 0
19 0
20 1
21 1
22 1
23 1
24 1
25 1
26 1
27 1
28 1
29 1
30 1
31 1
32 1
33 1
34 1
35 1
36 1
37 1
38 1
39 1
40 2
41 2
42 2
43 2
44 2
45 2
46 2
47 2
48 2
49 2
50 2
51 2
52 2
53 2
54 2
55 2
56 2
57 2
58 2
59 2
60 3
61 3
62 3
63 3
64 3
65 3
66 3
67 3
68 3
69 3
70 3
71 3
72 3
73 3
74 3
75 3
76 3
77 3
78 3
79 3
80 4
81 4
82 4
83 4
84 4
85 4
86 4
87 4
88 4
89 4
90 4
91 4
92 4
93 4
94 4
95 4
96 4
97 4
98 4
99 4
100 5
101 5
102 5
103 5
104 5
105 5
106 5
107 5
108 5
109 5
110 5
111 5
112 5
113 5
114 5
115 5
116 5
117 5
118 5
119 5
120 6
121 6
122 6
123 6
124 6
125 6
126 6
127 6
128 6
129 6
130 6
131 6
132 6
133 6
134 6
135 6
136 6
137 6
138 6
139 6
140 7
141 7
142 7
143 7
144 7
145 7
146 7
147 7
148 7
149 7
150 7
151 7
152 7
153 7
154 7
155 7
156 7
157 7
158 7
159 7
160 8
161 8
162 8
163 8
164 8
165 8
166 8
167 8
168 8
169 8
170 8
171 8
172 8
173 8
174 8
175 8
176 8
177 8
178 8
179 8
180 9
181 9
182 9
183 9
184 9
185 9
186 9
187 9
188 9
189 9
190 9
191 9
192 9
193 9
194 9
195 9
196 9
197 9
198 9
199 9
200 10
201 10
202 10
203 10
204 10
205 10
206 10
207 10
208 10
209 10
210 10
211 10
212 10
213 10
214 10
215 10
216 10
217 10
218 10
219 10
220 11
221 11
222 11
223 11
224 11
225 11
226 11
227 11
228 11
229 11
230 11
231 11
232 11
233 11
234 11
235 11
236 11
237 11
238 11
239 11
240 12
241 12
242 12
243 12
244 12
245 12
246 12
247 12
248 12
249 12
250 12
251 12
252 12
253 12
254 12
255 12
256 12
257 12
258 12
259 12
260 13
261 13
262 13
263 13
264 13
265 13
266 13
267 13
268 13
269 13
270 13
271 13
272 13
273 13
274 13
275 13
276 13
277 13
278 13
279 13
280 14
281 14
282 14
283 14
284 14
285 14
286 14
287 14
288 14
289 14
290 14
291 14
292 14
293 14
294 14
295 14
296 14
297 14
298 14
299 14
300 15
301 15
302 15
303 15
304 15
305 15
306 15
307 15
308 15
309 15
310 15
311 15
312 15
313 15
314 15
315 15
316 15
317 15
318 15
319 15

4 1 0 0
4 0 0 0
4 3 0 0
4 2 0 0
5 1 0 0
5 0 0 0
5 3 0 0
5 4 0 0
6 5 0 0
6 1 0 0
6 3 0 0
6 2 0 0
7 1 0 0
7 5 0 0
7 4 0 0
7 3 0 0
8 1 0 0
8 5 0 0
8 4 0 0
8 6 0 0
9 0 0 0
9 2 0 0
9 3 0 0
9 4 0 0
10 5 0 0
10 1 0 0
10 2 0 0
10 9 0 0
11 4 0 0
11 9 0 0
11 6 0 0
11 1 0 0
12 3 0 0
12 9 0 0
12 4 0 0
12 11 0 0
13 6 0 0
13 4 0 0
13 10 0 0
13 0 0 0
14 1 0 0
14 5 0 0
14 7 0 0
14 13 0 0
15 10 0 0
15 13 0 0
15 4 0 0
15 6 0 0
16 12 0 0
16 2 0 0
16 10 0 0
16 11 0 0
17 16 0 0
17 13 0 0
17 6 0 0
17 2 0 0
18 15 0 0
18 10 0 0
18 17 0 0
18 14 0 0
19 16 0 0
19 17 0 0
19 15 0 0
19 6 0 0
0 11 0 0
0 10 0 0
0 19 0 0
0 14 0 0
1 13 0 0
1 12 0 0
1 19 0 0
1 15 0 0
2 19 0 0
2 11 0 0
2 12 0 0
2 15 0 0
3 18 0 0
3 15 0 0
3 11 0 0
3 19 0 0
24 21 1 1
24 20 1 1
24 23 1 1
24 22 1 1
25 23 1 1
25 24 1 1
25 21 1 1
25 20 1 1
26 21 1 1
26 22 1 1
26 25 1 1
26 23 1 1
27 21 1 1
27 20 1 1
27 25 1 1
27 24 1 1
28 21 1 1
28 26 1 1
28 20 1 1
28 25 1 1
29 28 1 1
29 26 1 1
29 23 1 1
29 24 1 1
30 23 1 1
30 29 1 1
30 22 1 1
30 21 1 1
31 23 1 1
31 21 1 1
31 26 1 1
31 20 1 1
32 24 1 1
32 31 1 1
32 20 1 1
32 21 1 1
33 27 1 1
33 20 1 1
33 25 1 1
33 21 1 1
34 24 1 1
34 27 1 1
34 26 1 1
34 33 1 1
35 30 1 1
35 21 1 1
35 20 1 1
35 23 1 1
36 33 1 1
36 23 1 1
36 28 1 1
36 26 1 1
37 25 1 1
37 26 1 1
37 31 1 1
37 28 1 1
38 34 1 1
38 35 1 1
38 30 1 1
38 37 1 1
39 38 1 1
39 25 1 1
39 26 1 1
39 34 1 1
20 37 1 1
20 38 1 1
20 36 1 1
20 26 1 1
21 37 1 1
21 39 1 1
21 38 1 1
21 29 1 1
22 35 1 1
22 32 1 1
22 29 1 1
22 28 1 1
23 39 1 1
23 28 1 1
23 32 1 1
23 38 1 1
44 42 2 2
44 43 2 2
44 40 2 2
44 41 2 2
45 43 2 2
45 44 2 2
45 41 2 2
45 40 2 2
46 42 2 2
46 41 2 2
46 43 2 2
46 40 2 2
47 45 2 2
47 44 2 2
47 42 2 2
47 41 2 2
48 47 2 2
48 41 2 2
48 42 2 2
48 46 2 2
49 44 2 2
49 46 2 2
49 47 2 2
49 45 2 2
50 42 2 2
50 44 2 2
50 41 2 2
50 45 2 2
51 48 2 2
51 40 2 2
51 43 2 2
51 44 2 2
52 40 2 2
52 43 2 2
52 45 2 2
52 51 2 2
53 49 2 2
53 41 2 2
53 52 2 2
53 43 2 2
54 42 2 2
54 48 2 2
54 40 2 2
54 47 2 2
55 49 2 2
55 46 2 2
55 43 2 2
55 54 2 2
56 52 2 2
56 42 2 2
56 47 2 2
56 44 2 2
57 42 2 2
57 56 2 2
57 50 2 2
57 54 2 2
58 47 2 2
58 56 2 2
58 42 2 2
58 41 2 2
59 58 2 2
59 55 2 2
59 50 2 2
59 42 2 2
40 47 2 2
40 58 2 2
40 59 2 2
40 55 2 2
41 56 2 2
41 57 2 2
41 54 2 2
41 59 2 2
42 55 2 2
42 52 2 2
42 51 2 2
42 45 2 2
43 54 2 2
43 56 2 2
43 47 2 2
43 49 2 2
64 61 3 3
64 62 3 3
64 60 3 3
64 63 3 3
65 61 3 3
65 60 3 3
65 64 3 3
65 63 3 3
66 60 3 3
66 62 3 3
66 64 3 3
66 61 3 3
67 60 3 3
67 64 3 3
67 65 3 3
67 66 3 3
68 66 3 3
68 67 3 3
68 60 3 3
68 65 3 3
69 62 3 3
69 66 3 3
69 60 3 3
69 63 3 3
70 69 3 3
70 63 3 3
70 62 3 3
70 66 3 3
71 67 3 3
71 62 3 3
71 64 3 3
71 70 3 3
72 66 3 3
72 71 3 3
72 68 3 3
72 65 3 3
73 62 3 3
73 71 3 3
73 68 3 3
73 69 3 3
74 65 3 3
74 63 3 3
74 69 3 3
74 73 3 3
75 67 3 3
75 68 3 3
75 64 3 3
75 73 3 3
76 70 3 3
76 63 3 3
76 74 3 3
76 75 3 3
77 66 3 3
77 64 3 3
77 65 3 3
77 61 3 3
78 72 3 3
78 77 3 3
78 66 3 3
78 65 3 3
79 67 3 3
79 60 3 3
79 66 3 3
79 75 3 3
60 77 3 3
60 78 3 3
60 71 3 3
60 75 3 3
61 72 3 3
61 75 3 3
61 68 3 3
61 76 3 3
62 68 3 3
62 79 3 3
62 74 3 3
62 77 3 3
63 68 3 3
63 66 3 3
63 78 3 3
63 77 3 3
84 81 4 4
84 83 4 4
84 82 4 4
84 80 4 4
85 81 4 4
85 82 4 4
85 83 4 4
85 80 4 4
86 82 4 4
86 85 4 4
86 83 4 4
86 80 4 4
87 85 4 4
87 83 4 4
87 80 4 4
87 86 4 4
88 85 4 4
88 82 4 4
88 83 4 4
88 81 4 4
89 82 4 4
89 87 4 4
89 86 4 4
89 85 4 4
90 83 4 4
90 80 4 4
90 87 4 4
90 82 4 4
91 89 4 4
91 87 4 4
91 85 4 4
91 81 4 4
92 82 4 4
92 88 4 4
92 89 4 4
92 91 4 4
93 88 4 4
93 82 4 4
93 81 4 4
93 92 4 4
94 90 4 4
94 83 4 4
94 92 4 4
94 82 4 4
95 86 4 4
95 83 4 4
95 82 4 4
95 94 4 4
96 93 4 4
96 91 4 4
96 89 4 4
96 87 4 4
97 91 4 4
97 87 4 4
97 92 4 4
97 86 4 4
98 84 4 4
98 95 4 4
98 94 4 4
98 82 4 4
99 97 4 4
99 87 4 4
99 92 4 4
99 91 4 4
80 94 4 4
80 97 4 4
80 98 4 4
80 95 4 4
81 94 4 4
81 98 4 4
81 90 4 4
81 97 4 4
82 99 4 4
82 87 4 4
82 91 4 4
82 97 4 4
83 99 4 4
83 91 4 4
83 97 4 4
83 92 4 4
104 102 5 5
104 103 5 5
104 100 5 5
104 101 5 5
105 104 5 5
105 102 5 5
105 101 5 5
105 103 5 5
106 100 5 5
106 103 5 5
106 105 5 5
106 104 5 5
107 102 5 5
107 101 5 5
107 106 5 5
107 105 5 5
108 103 5 5
108 102 5 5
108 100 5 5
108 101 5 5
109 107 5 5
109 100 5 5
109 101 5 5
109 102 5 5
110 108 5 5
110 105 5 5
110 104 5 5
110 109 5 5
111 103 5 5
111 107 5 5
111 106 5 5
111 108 5 5
112 104 5 5
112 110 5 5
112 111 5 5
112 101 5 5
113 103 5 5
113 104 5 5
113 105 5 5
113 108 5 5
114 108 5 5
114 112 5 5
114 104 5 5
114 100 5 5
115 113 5 5
115 111 5 5
115 101 5 5
115 107 5 5
116 114 5 5
116 104 5 5
116 108 5 5
116 100 5 5
117 113 5 5
117 109 5 5
117 108 5 5
117 107 5 5
118 106 5 5
118 109 5 5
118 107 5 5
118 101 5 5
119 106 5 5
119 112 5 5
119 103 5 5
119 101 5 5
100 117 5 5
100 105 5 5
100 111 5 5
100 112 5 5
101 117 5 5
101 116 5 5
101 113 5 5
101 110 5 5
102 116 5 5
102 110 5 5
102 113 5 5
102 114 5 5
103 116 5 5
103 110 5 5
103 109 5 5
103 114 5 5
124 121 6 6
124 122 6 6
124 120 6 6
124 123 6 6
125 124 6 6
125 121 6 6
125 122 6 6
125 120 6 6
126 121 6 6
126 120 6 6
126 122 6 6
126 125 6 6
127 121 6 6
127 125 6 6
127 123 6 6
127 120 6 6
128 126 6 6
128 121 6 6
128 122 6 6
128 127 6 6
129 121 6 6
129 123 6 6
129 122 6 6
129 126 6 6
130 125 6 6
130 126 6 6
130 129 6 6
130 123 6 6
131 126 6 6
131 121 6 6
131 125 6 6
131 128 6 6
132 124 6 6
132 129 6 6
132 121 6 6
132 122 6 6
133 131 6 6
133 125 6 6
133 126 6 6
133 120 6 6
134 120 6 6
134 126 6 6
134 131 6 6
134 130 6 6
135 128 6 6
135 131 6 6
135 127 6 6
135 123 6 6
136 129 6 6
136 125 6 6
136 123 6 6
136 121 6 6
137 122 6 6
137 128 6 6
137 123 6 6
137 136 6 6
138 131 6 6
138 133 6 6
138 135 6 6
138 136 6 6
139 130 6 6
139 126 6 6
139 138 6 6
139 120 6 6
120 138 6 6
120 129 6 6
120 130 6 6
120 137 6 6
121 134 6 6
121 137 6 6
121 135 6 6
121 130 6 6
122 127 6 6
122 130 6 6
122 131 6 6
122 135 6 6
123 138 6 6
123 128 6 6
123 133 6 6
123 134 6 6
144 142 7 7
144 141 7 7
144 143 7 7
144 140 7 7
145 143 7 7
145 144 7 7
145 141 7 7
145 140 7 7
146 145 7 7
146 143 7 7
146 141 7 7
146 144 7 7
147 142 7 7
147 146 7 7
147 144 7 7
147 141 7 7
148 147 7 7
148 141 7 7
148 140 7 7
148 144 7 7
149 142 7 7
149 144 7 7
149 143 7 7
149 145 7 7
150 141 7 7
150 146 7 7
150 148 7 7
150 147 7 7
151 145 7 7
151 150 7 7
151 144 7 7
151 143 7 7
152 141 7 7
152 147 7 7
152 150 7 7
152 146 7 7
153 143 7 7
153 150 7 7
153 145 7 7
153 140 7 7
154 149 7 7
154 142 7 7
154 150 7 7
154 151 7 7
155 145 7 7
155 150 7 7
155 147 7 7
155 142 7 7
156 149 7 7
156 153 7 7
156 144 7 7
156 142 7 7
157 152 7 7
157 151 7 7
157 146 7 7
157 150 7 7
158 148 7 7
158 157 7 7
158 141 7 7
158 142 7 7
159 143 7 7
159 150 7 7
159 144 7 7
159 153 7 7
140 151 7 7
140 150 7 7
140 147 7 7
140 155 7 7
141 155 7 7
141 157 7 7
141 151 7 7
141 154 7 7
142 157 7 7
142 152 7 7
142 159 7 7
142 148 7 7
143 147 7 7
143 150 7 7
143 155 7 7
143 156 7 7
164 163 8 8
164 160 8 8
164 162 8 8
164 161 8 8
165 163 8 8
165 160 8 8
165 162 8 8
165 161 8 8
166 164 8 8
166 160 8 8
166 165 8 8
166 163 8 8
167 161 8 8
167 164 8 8
167 165 8 8
167 160 8 8
168 162 8 8
168 166 8 8
168 165 8 8
168 160 8 8
169 168 8 8
169 165 8 8
169 166 8 8
169 164 8 8
170 163 8 8
170 161 8 8
170 167 8 8
170 165 8 8
171 160 8 8
171 168 8 8
171 163 8 8
171 165 8 8
172 167 8 8
172 163 8 8
172 169 8 8
172 170 8 8
173 160 8 8
173 166 8 8
173 164 8 8
173 172 8 8
174 161 8 8
174 167 8 8
174 171 8 8
174 172 8 8
175 161 8 8
175 163 8 8
175 162 8 8
175 171 8 8
176 170 8 8
176 171 8 8
176 167 8 8
176 169 8 8
177 166 8 8
177 160 8 8
177 168 8 8
177 176 8 8
178 172 8 8
178 170 8 8
178 171 8 8
178 160 8 8
179 173 8 8
179 174 8 8
179 166 8 8
179 163 8 8
160 170 8 8
160 174 8 8
160 169 8 8
160 175 8 8
161 179 8 8
161 173 8 8
161 166 8 8
161 172 8 8
162 176 8 8
162 172 8 8
162 169 8 8
162 171 8 8
163 174 8 8
163 169 8 8
163 178 8 8
163 173 8 8
184 181 9 9
184 182 9 9
184 183 9 9
184 180 9 9
185 183 9 9
185 180 9 9
185 182 9 9
185 184 9 9
186 180 9 9
186 184 9 9
186 185 9 9
186 182 9 9
187 180 9 9
187 181 9 9
187 183 9 9
187 184 9 9
188 183 9 9
188 184 9 9
188 187 9 9
188 181 9 9
189 185 9 9
189 187 9 9
189 183 9 9
189 186 9 9
190 182 9 9
190 180 9 9
190 189 9 9
190 185 9 9
191 189 9 9
191 180 9 9
191 190 9 9
191 181 9 9
192 191 9 9
192 188 9 9
192 184 9 9
192 181 9 9
193 183 9 9
193 181 9 9
193 184 9 9
193 185 9 9
194 185 9 9
194 186 9 9
194 184 9 9
194 193 9 9
195 182 9 9
195 184 9 9
195 185 9 9
195 194 9 9
196 182 9 9
196 191 9 9
196 189 9 9
196 192 9 9
197 180 9 9
197 194 9 9
197 191 9 9
197 196 9 9
198 196 9 9
198 194 9 9
198 191 9 9
198 183 9 9
199 186 9 9
199 181 9 9
199 185 9 9
199 190 9 9
180 188 9 9
180 192 9 9
180 189 9 9
180 193 9 9
181 185 9 9
181 198 9 9
181 194 9 9
181 196 9 9
182 198 9 9
182 189 9 9
182 199 9 9
182 191 9 9
183 186 9 9
183 199 9 9
183 192 9 9
183 197 9 9
204 201 10 10
204 200 10 10
204 203 10 10
204 202 10 10
205 202 10 10
205 201 10 10
205 204 10 10
205 200 10 10
206 204 10 10
206 205 10 10
206 201 10 10
206 200 10 10
207 202 10 10
207 206 10 10
207 200 10 10
207 205 10 10
208 205 10 10
208 203 10 10
208 200 10 10
208 204 10 10
209 208 10 10
209 205 10 10
209 201 10 10
209 204 10 10
210 206 10 10
210 201 10 10
210 205 10 10
210 209 10 10
211 203 10 10
211 207 10 10
211 200 10 10
211 202 10 10
212 203 10 10
212 211 10 10
212 205 10 10
212 207 10 10
213 210 10 10
213 207 10 10
213 209 10 10
213 206 10 10
214 211 10 10
214 204 10 10
214 208 10 10
214 200 10 10
215 213 10 10
215 212 10 10
215 201 10 10
215 206 10 10
216 214 10 10
216 207 10 10
216 211 10 10
216 204 10 10
217 216 10 10
217 202 10 10
217 206 10 10
217 211 10 10
218 217 10 10
218 202 10 10
218 216 10 10
218 204 10 10
219 205 10 10
219 210 10 10
219 207 10 10
219 215 10 10
200 213 10 10
200 219 10 10
200 218 10 10
200 215 10 10
201 213 10 10
201 217 10 10
201 219 10 10
201 214 10 10
202 214 10 10
202 209 10 10
202 216 10 10
202 212 10 10
203 215 10 10
203 207 10 10
203 205 10 10
203 214 10 10
224 221 11 11
224 222 11 11
224 220 11 11
224 223 11 11
225 223 11 11
225 221 11 11
225 224 11 11
225 220 11 11
226 220 11 11
226 224 11 11
226 222 11 11
226 225 11 11
227 226 11 11
227 220 11 11
227 222 11 11
227 225 11 11
228 220 11 11
228 227 11 11
228 226 11 11
228 222 11 11
229 227 11 11
229 224 11 11
229 220 11 11
229 222 11 11
230 220 11 11
230 225 11 11
230 226 11 11
230 228 11 11
231 222 11 11
231 225 11 11
231 228 11 11
231 221 11 11
232 230 11 11
232 221 11 11
232 222 11 11
232 231 11 11
233 227 11 11
233 225 11 11
233 229 11 11
233 228 11 11
234 228 11 11
234 224 11 11
234 226 11 11
234 222 11 11
235 230 11 11
235 225 11 11
235 233 11 11
235 220 11 11
236 230 11 11
236 225 11 11
236 232 11 11
236 228 11 11
237 235 11 11
237 222 11 11
237 225 11 11
237 231 11 11
238 229 11 11
238 236 11 11
238 226 11 11
238 222 11 11
239 234 11 11
239 220 11 11
239 236 11 11
239 233 11 11
220 236 11 11
220 233 11 11
220 234 11 11
220 238 11 11
221 229 11 11
221 233 11 11
221 237 11 11
221 234 11 11
222 230 11 11
222 235 11 11
222 239 11 11
222 225 11 11
223 236 11 11
223 237 11 11
223 233 11 11
223 229 11 11
244 240 12 12
244 241 12 12
244 243 12 12
244 242 12 12
245 243 12 12
245 242 12 12
245 241 12 12
245 240 12 12
246 245 12 12
246 241 12 12
246 242 12 12
246 240 12 12
247 246 12 12
247 242 12 12
247 241 12 12
247 240 12 12
248 240 12 12
248 245 12 12
248 241 12 12
248 247 12 12
249 242 12 12
249 247 12 12
249 246 12 12
249 241 12 12
250 241 12 12
250 244 12 12
250 242 12 12
250 246 12 12
251 241 12 12
251 243 12 12
251 250 12 12
251 248 12 12
252 248 12 12
252 250 12 12
252 243 12 12
252 245 12 12
253 243 12 12
253 245 12 12
253 252 12 12
253 242 12 12
254 244 12 12
254 251 12 12
254 248 12 12
254 242 12 12
255 244 12 12
255 250 12 12
255 247 12 12
255 252 12 12
256 252 12 12
256 253 12 12
256 247 12 12
256 251 12 12
257 247 12 12
257 248 12 12
257 242 12 12
257 249 12 12
258 244 12 12
258 242 12 12
258 255 12 12
258 249 12 12
259 249 12 12
259 242 12 12
259 256 12 12
259 258 12 12
240 250 12 12
240 254 12 12
240 251 12 12
240 255 12 12
241 259 12 12
241 256 12 12
241 252 12 12
241 255 12 12
242 256 12 12
242 251 12 12
242 255 12 12
242 252 12 12
243 259 12 12
243 248 12 12
243 257 12 12
243 247 12 12
264 263 13 13
264 260 13 13
264 262 13 13
264 261 13 13
265 261 13 13
265 264 13 13
265 260 13 13
265 262 13 13
266 262 13 13
266 263 13 13
266 264 13 13
266 265 13 13
267 265 13 13
267 262 13 13
267 266 13 13
267 261 13 13
268 261 13 13
268 266 13 13
268 260 13 13
268 262 13 13
269 265 13 13
269 263 13 13
269 268 13 13
269 264 13 13
270 266 13 13
270 269 13 13
270 262 13 13
270 265 13 13
271 267 13 13
271 266 13 13
271 269 13 13
271 264 13 13
272 261 13 13
272 270 13 13
272 265 13 13
272 268 13 13
273 266 13 13
273 265 13 13
273 272 13 13
273 264 13 13
274 269 13 13
274 273 13 13
274 272 13 13
274 265 13 13
275 270 13 13
275 271 13 13
275 266 13 13
275 261 13 13
276 266 13 13
276 262 13 13
276 264 13 13
276 273 13 13
277 268 13 13
277 266 13 13
277 264 13 13
277 270 13 13
278 270 13 13
278 276 13 13
278 263 13 13
278 271 13 13
279 262 13 13
279 260 13 13
279 264 13 13
279 278 13 13
260 277 13 13
260 269 13 13
260 276 13 13
260 273 13 13
261 273 13 13
261 278 13 13
261 269 13 13
261 266 13 13
262 269 13 13
262 277 13 13
262 278 13 13
262 272 13 13
263 276 13 13
263 270 13 13
263 267 13 13
263 277 13 13
284 282 14 14
284 280 14 14
284 281 14 14
284 283 14 14
285 280 14 14
285 284 14 14
285 283 14 14
285 282 14 14
286 283 14 14
286 282 14 14
286 281 14 14
286 280 14 14
287 286 14 14
287 283 14 14
287 282 14 14
287 284 14 14
288 280 14 14
288 281 14 14
288 283 14 14
288 282 14 14
289 285 14 14
289 281 14 14
289 288 14 14
289 283 14 14
290 283 14 14
290 281 14 14
290 282 14 14
290 284 14 14
291 283 14 14
291 288 14 14
291 282 14 14
291 290 14 14
292 286 14 14
292 280 14 14
292 283 14 14
292 282 14 14
293 281 14 14
293 285 14 14
293 287 14 14
293 290 14 14
294 281 14 14
294 288 14 14
294 289 14 14
294 287 14 14
295 286 14 14
295 283 14 14
295 294 14 14
295 289 14 14
296 282 14 14
296 280 14 14
296 286 14 14
296 292 14 14
297 283 14 14
297 294 14 14
297 293 14 14
297 295 14 14
298 293 14 14
298 294 14 14
298 295 14 14
298 290 14 14
299 294 14 14
299 291 14 14
299 292 14 14
299 289 14 14
280 299 14 14
280 291 14 14
280 294 14 14
280 289 14 14
281 295 14 14
281 285 14 14
281 291 14 14
281 287 14 14
282 295 14 14
282 297 14 14
282 289 14 14
282 293 14 14
283 294 14 14
283 296 14 14
283 293 14 14
283 299 14 14
304 303 15 15
304 300 15 15
304 302 15 15
304 301 15 15
305 302 15 15
305 301 15 15
305 304 15 15
305 300 15 15
306 302 15 15
306 303 15 15
306 305 15 15
306 300 15 15
307 300 15 15
307 302 15 15
307 301 15 15
307 304 15 15
308 307 15 15
308 304 15 15
308 303 15 15
308 305 15 15
309 306 15 15
309 305 15 15
309 302 15 15
309 304 15 15
310 307 15 15
310 309 15 15
310 301 15 15
310 305 15 15
311 300 15 15
311 307 15 15
311 309 15 15
311 310 15 15
312 304 15 15
312 301 15 15
312 302 15 15
312 310 15 15
313 310 15 15
313 309 15 15
313 308 15 15
313 312 15 15
314 311 15 15
314 312 15 15
314 309 15 15
314 304 15 15
315 308 15 15
315 311 15 15
315 309 15 15
315 313 15 15
316 311 15 15
316 300 15 15
316 308 15 15
316 302 15 15
317 304 15 15
317 308 15 15
317 316 15 15
317 309 15 15
318 315 15 15
318 311 15 15
318 304 15 15
318 306 15 15
319 309 15 15
319 300 15 15
319 310 15 15
319 305 15 15
300 312 15 15
300 308 15 15
300 314 15 15
300 317 15 15
301 318 15 15
301 306 15 15
301 311 15 15
301 316 15 15
302 315 15 15
302 318 15 15
302 317 15 15
302 308 15 15
303 312 15 15
303 305 15 15
303 310 15 15
303 314 15 15
82 43 4 2
93 29 4 1
88 70 4 3
87 1 4 0
105 47 5 2
105 6 5 0
114 72 5 3
115 96 5 4
121 87 6 4
125 101 6 5
132 15 6 0
126 63 6 3
152 40 7 2
147 35 7 1
157 98 7 4
143 79 7 3
176 15 8 0
170 61 8 3
179 125 8 6
176 159 8 7
180 91 9 4
185 56 9 2
195 147 9 7
190 26 9 1
206 167 10 8
206 5 10 0
219 27 10 1
210 46 10 2
232 81 11 4
235 49 11 2
225 172 11 8
233 70 11 3
258 162 12 8
257 191 12 9
243 7 12 0
243 22 12 1
263 14 13 0
278 36 13 1
274 125 13 6
274 235 13 11
291 61 14 3
288 144 14 7
286 267 14 13
290 255 14 12
310 85 15 4
315 194 15 9
301 238 15 11
300 147 15 7
19 193 0 9
18 151 0 7
14 293 0 14
11 318 0 15
30 287 1 14
21 317 1 15
22 162 1 8
24 127 1 6
46 313 2 15
48 275 2 13
55 127 2 6
50 164 2 8
61 275 3 13
76 182 3 9
79 241 3 12
72 310 3 15
