swNum = 320
edgeNum = 1343

0 0
1 0
2 0
3 0
4 0
5 0
6 0
7 0
8 0
9 0
10 0
11 0
12 0
13 0
14 0
15 0
16 0
17 0
18 0
19 0
20 1
21 1
22 1
23 1
24 1
25 1
26 1
27 1
28 1
29 1
30 1
31 1
32 1
33 1
34 1
35 1
36 1
37 1
38 1
39 1
40 2
41 2
42 2
43 2
44 2
45 2
46 2
47 2
48 2
49 2
50 2
51 2
52 2
53 2
54 2
55 2
56 2
57 2
58 2
59 2
60 3
61 3
62 3
63 3
64 3
65 3
66 3
67 3
68 3
69 3
70 3
71 3
72 3
73 3
74 3
75 3
76 3
77 3
78 3
79 3
80 4
81 4
82 4
83 4
84 4
85 4
86 4
87 4
88 4
89 4
90 4
91 4
92 4
93 4
94 4
95 4
96 4
97 4
98 4
99 4
100 5
101 5
102 5
103 5
104 5
105 5
106 5
107 5
108 5
109 5
110 5
111 5
112 5
113 5
114 5
115 5
116 5
117 5
118 5
119 5
120 6
121 6
122 6
123 6
124 6
125 6
126 6
127 6
128 6
129 6
130 6
131 6
132 6
133 6
134 6
135 6
136 6
137 6
138 6
139 6
140 7
141 7
142 7
143 7
144 7
145 7
146 7
147 7
148 7
149 7
150 7
151 7
152 7
153 7
154 7
155 7
156 7
157 7
158 7
159 7
160 8
161 8
162 8
163 8
164 8
165 8
166 8
167 8
168 8
169 8
170 8
171 8
172 8
173 8
174 8
175 8
176 8
177 8
178 8
179 8
180 9
181 9
182 9
183 9
184 9
185 9
186 9
187 9
188 9
189 9
190 9
191 9
192 9
193 9
194 9
195 9
196 9
197 9
198 9
199 9
200 10
201 10
202 10
203 10
204 10
205 10
206 10
207 10
208 10
209 10
210 10
211 10
212 10
213 10
214 10
215 10
216 10
217 10
218 10
219 10
220 11
221 11
222 11
223 11
224 11
225 11
226 11
227 11
228 11
229 11
230 11
231 11
232 11
233 11
234 11
235 11
236 11
237 11
238 11
239 11
240 12
241 12
242 12
243 12
244 12
245 12
246 12
247 12
248 12
249 12
250 12
251 12
252 12
253 12
254 12
255 12
256 12
257 12
258 12
259 12
260 13
261 13
262 13
263 13
264 13
265 13
266 13
267 13
268 13
269 13
270 13
271 13
272 13
273 13
274 13
275 13
276 13
277 13
278 13
279 13
280 14
281 14
282 14
283 14
284 14
285 14
286 14
287 14
288 14
289 14
290 14
291 14
292 14
293 14
294 14
295 14
296 14
297 14
298 14
299 14
300 15
301 15
302 15
303 15
304 15
305 15
306 15
307 15
308 15
309 15
310 15
311 15
312 15
313 15
314 15
315 15
316 15
317 15
318 15
319 15

4 0 0 0
4 3 0 0
4 2 0 0
4 1 0 0
5 0 0 0
5 1 0 0
5 4 0 0
5 2 0 0
6 0 0 0
6 1 0 0
6 3 0 0
6 2 0 0
7 1 0 0
7 2 0 0
7 3 0 0
7 6 0 0
8 5 0 0
8 3 0 0
8 0 0 0
8 4 0 0
9 4 0 0
9 8 0 0
9 6 0 0
9 0 0 0
10 0 0 0
10 9 0 0
10 7 0 0
10 8 0 0
11 6 0 0
11 8 0 0
11 1 0 0
11 4 0 0
12 6 0 0
12 7 0 0
12 0 0 0
12 10 0 0
13 6 0 0
13 11 0 0
13 7 0 0
13 1 0 0
14 2 0 0
14 3 0 0
14 11 0 0
14 1 0 0
15 4 0 0
15 3 0 0
15 8 0 0
15 6 0 0
16 8 0 0
16 11 0 0
16 3 0 0
16 4 0 0
17 16 0 0
17 10 0 0
17 14 0 0
17 0 0 0
18 7 0 0
18 17 0 0
18 11 0 0
18 5 0 0
19 9 0 0
19 10 0 0
19 0 0 0
19 5 0 0
0 18 0 0
0 15 0 0
0 16 0 0
0 11 0 0
1 10 0 0
1 18 0 0
1 16 0 0
1 17 0 0
2 18 0 0
2 10 0 0
2 13 0 0
2 17 0 0
3 17 0 0
3 10 0 0
3 12 0 0
3 18 0 0
24 20 1 1
24 22 1 1
24 21 1 1
24 23 1 1
25 21 1 1
25 22 1 1
25 20 1 1
25 23 1 1
26 23 1 1
26 24 1 1
26 25 1 1
26 22 1 1
27 25 1 1
27 26 1 1
27 22 1 1
27 21 1 1
28 22 1 1
28 24 1 1
28 20 1 1
28 26 1 1
29 27 1 1
29 23 1 1
29 22 1 1
29 21 1 1
30 22 1 1
30 26 1 1
30 24 1 1
30 23 1 1
31 20 1 1
31 27 1 1
31 29 1 1
31 22 1 1
32 26 1 1
32 25 1 1
32 21 1 1
32 30 1 1
33 28 1 1
33 29 1 1
33 20 1 1
33 32 1 1
34 31 1 1
34 27 1 1
34 24 1 1
34 28 1 1
35 27 1 1
35 30 1 1
35 23 1 1
35 28 1 1
36 35 1 1
36 29 1 1
36 21 1 1
36 31 1 1
37 30 1 1
37 35 1 1
37 34 1 1
37 32 1 1
38 31 1 1
38 30 1 1
38 37 1 1
38 21 1 1
39 23 1 1
39 22 1 1
39 31 1 1
39 33 1 1
20 36 1 1
20 35 1 1
20 27 1 1
20 38 1 1
21 26 1 1
21 37 1 1
21 31 1 1
21 33 1 1
22 38 1 1
22 37 1 1
22 36 1 1
22 34 1 1
23 36 1 1
23 34 1 1
23 32 1 1
23 37 1 1
44 43 2 2
44 41 2 2
44 40 2 2
44 42 2 2
45 40 2 2
45 43 2 2
45 44 2 2
45 42 2 2
46 45 2 2
46 43 2 2
46 40 2 2
46 44 2 2
47 44 2 2
47 46 2 2
47 45 2 2
47 40 2 2
48 43 2 2
48 47 2 2
48 45 2 2
48 44 2 2
49 48 2 2
49 44 2 2
49 41 2 2
49 43 2 2
50 48 2 2
50 45 2 2
50 49 2 2
50 44 2 2
51 45 2 2
51 40 2 2
51 48 2 2
51 41 2 2
52 46 2 2
52 41 2 2
52 40 2 2
52 45 2 2
53 49 2 2
53 51 2 2
53 52 2 2
53 50 2 2
54 43 2 2
54 41 2 2
54 48 2 2
54 40 2 2
55 52 2 2
55 53 2 2
55 50 2 2
55 41 2 2
56 41 2 2
56 49 2 2
56 45 2 2
56 42 2 2
57 49 2 2
57 47 2 2
57 42 2 2
57 51 2 2
58 48 2 2
58 50 2 2
58 47 2 2
58 44 2 2
59 50 2 2
59 46 2 2
59 51 2 2
59 56 2 2
40 55 2 2
40 57 2 2
40 49 2 2
40 59 2 2
41 46 2 2
41 45 2 2
41 50 2 2
41 58 2 2
42 54 2 2
42 52 2 2
42 55 2 2
42 59 2 2
43 51 2 2
43 58 2 2
43 50 2 2
43 53 2 2
64 60 3 3
64 62 3 3
64 63 3 3
64 61 3 3
65 62 3 3
65 64 3 3
65 61 3 3
65 63 3 3
66 61 3 3
66 64 3 3
66 62 3 3
66 65 3 3
67 66 3 3
67 65 3 3
67 63 3 3
67 62 3 3
68 65 3 3
68 62 3 3
68 61 3 3
68 66 3 3
69 64 3 3
69 65 3 3
69 62 3 3
69 61 3 3
70 65 3 3
70 66 3 3
70 60 3 3
70 64 3 3
71 67 3 3
71 62 3 3
71 68 3 3
71 63 3 3
72 64 3 3
72 69 3 3
72 60 3 3
72 62 3 3
73 62 3 3
73 63 3 3
73 64 3 3
73 69 3 3
74 69 3 3
74 70 3 3
74 73 3 3
74 66 3 3
75 74 3 3
75 65 3 3
75 70 3 3
75 60 3 3
76 65 3 3
76 64 3 3
76 75 3 3
76 71 3 3
77 62 3 3
77 72 3 3
77 71 3 3
77 76 3 3
78 70 3 3
78 69 3 3
78 64 3 3
78 65 3 3
79 66 3 3
79 72 3 3
79 69 3 3
79 62 3 3
60 66 3 3
60 69 3 3
60 68 3 3
60 79 3 3
61 78 3 3
61 79 3 3
61 70 3 3
61 74 3 3
62 74 3 3
62 70 3 3
62 78 3 3
62 75 3 3
63 68 3 3
63 66 3 3
63 69 3 3
63 77 3 3
84 82 4 4
84 80 4 4
84 81 4 4
84 83 4 4
85 81 4 4
85 83 4 4
85 80 4 4
85 84 4 4
86 83 4 4
86 82 4 4
86 85 4 4
86 84 4 4
87 86 4 4
87 84 4 4
87 80 4 4
87 83 4 4
88 83 4 4
88 87 4 4
88 86 4 4
88 82 4 4
89 86 4 4
89 83 4 4
89 85 4 4
89 84 4 4
90 89 4 4
90 84 4 4
90 85 4 4
90 83 4 4
91 89 4 4
91 90 4 4
91 81 4 4
91 84 4 4
92 81 4 4
92 87 4 4
92 85 4 4
92 91 4 4
93 81 4 4
93 86 4 4
93 80 4 4
93 84 4 4
94 85 4 4
94 90 4 4
94 83 4 4
94 92 4 4
95 86 4 4
95 84 4 4
95 87 4 4
95 92 4 4
96 90 4 4
96 94 4 4
96 80 4 4
96 93 4 4
97 85 4 4
97 88 4 4
97 81 4 4
97 92 4 4
98 94 4 4
98 91 4 4
98 92 4 4
98 88 4 4
99 98 4 4
99 95 4 4
99 85 4 4
99 84 4 4
80 88 4 4
80 99 4 4
80 91 4 4
80 89 4 4
81 96 4 4
81 89 4 4
81 98 4 4
81 99 4 4
82 96 4 4
82 87 4 4
82 99 4 4
82 95 4 4
83 95 4 4
83 93 4 4
83 96 4 4
83 97 4 4
104 103 5 5
104 101 5 5
104 100 5 5
104 102 5 5
105 104 5 5
105 102 5 5
105 101 5 5
105 100 5 5
106 101 5 5
106 102 5 5
106 104 5 5
106 100 5 5
107 101 5 5
107 102 5 5
107 104 5 5
107 103 5 5
108 101 5 5
108 105 5 5
108 104 5 5
108 102 5 5
109 100 5 5
109 101 5 5
109 104 5 5
109 106 5 5
110 106 5 5
110 101 5 5
110 104 5 5
110 107 5 5
111 105 5 5
111 102 5 5
111 100 5 5
111 101 5 5
112 104 5 5
112 110 5 5
112 108 5 5
112 109 5 5
113 104 5 5
113 108 5 5
113 110 5 5
113 109 5 5
114 104 5 5
114 102 5 5
114 103 5 5
114 109 5 5
115 101 5 5
115 114 5 5
115 103 5 5
115 104 5 5
116 102 5 5
116 111 5 5
116 110 5 5
116 113 5 5
117 113 5 5
117 106 5 5
117 103 5 5
117 110 5 5
118 105 5 5
118 115 5 5
118 100 5 5
118 113 5 5
119 115 5 5
119 109 5 5
119 114 5 5
119 105 5 5
100 113 5 5
100 112 5 5
100 115 5 5
100 114 5 5
101 113 5 5
101 112 5 5
101 116 5 5
101 117 5 5
102 119 5 5
102 117 5 5
102 113 5 5
102 110 5 5
103 108 5 5
103 119 5 5
103 118 5 5
103 113 5 5
124 121 6 6
124 120 6 6
124 123 6 6
124 122 6 6
125 123 6 6
125 122 6 6
125 120 6 6
125 124 6 6
126 122 6 6
126 125 6 6
126 124 6 6
126 121 6 6
127 123 6 6
127 121 6 6
127 125 6 6
127 122 6 6
128 122 6 6
128 126 6 6
128 127 6 6
128 123 6 6
129 121 6 6
129 123 6 6
129 122 6 6
129 127 6 6
130 122 6 6
130 128 6 6
130 125 6 6
130 121 6 6
131 130 6 6
131 127 6 6
131 126 6 6
131 128 6 6
132 121 6 6
132 122 6 6
132 127 6 6
132 129 6 6
133 131 6 6
133 125 6 6
133 127 6 6
133 124 6 6
134 124 6 6
134 121 6 6
134 128 6 6
134 130 6 6
135 132 6 6
135 127 6 6
135 133 6 6
135 124 6 6
136 125 6 6
136 132 6 6
136 130 6 6
136 126 6 6
137 133 6 6
137 123 6 6
137 124 6 6
137 131 6 6
138 136 6 6
138 125 6 6
138 121 6 6
138 131 6 6
139 130 6 6
139 122 6 6
139 132 6 6
139 136 6 6
120 129 6 6
120 136 6 6
120 132 6 6
120 137 6 6
121 135 6 6
121 131 6 6
121 137 6 6
121 125 6 6
122 131 6 6
122 136 6 6
122 133 6 6
122 134 6 6
123 132 6 6
123 134 6 6
123 133 6 6
123 130 6 6
144 142 7 7
144 143 7 7
144 140 7 7
144 141 7 7
145 144 7 7
145 143 7 7
145 141 7 7
145 140 7 7
146 141 7 7
146 142 7 7
146 140 7 7
146 143 7 7
147 146 7 7
147 145 7 7
147 143 7 7
147 142 7 7
148 142 7 7
148 145 7 7
148 146 7 7
148 141 7 7
149 141 7 7
149 146 7 7
149 147 7 7
149 140 7 7
150 147 7 7
150 140 7 7
150 144 7 7
150 142 7 7
151 145 7 7
151 149 7 7
151 141 7 7
151 146 7 7
152 143 7 7
152 140 7 7
152 145 7 7
152 141 7 7
153 152 7 7
153 145 7 7
153 143 7 7
153 149 7 7
154 146 7 7
154 141 7 7
154 144 7 7
154 147 7 7
155 150 7 7
155 142 7 7
155 152 7 7
155 140 7 7
156 151 7 7
156 141 7 7
156 149 7 7
156 145 7 7
157 146 7 7
157 151 7 7
157 156 7 7
157 145 7 7
158 140 7 7
158 155 7 7
158 144 7 7
158 146 7 7
159 152 7 7
159 155 7 7
159 147 7 7
159 156 7 7
140 148 7 7
140 159 7 7
140 154 7 7
140 156 7 7
141 153 7 7
141 157 7 7
141 147 7 7
141 159 7 7
142 158 7 7
142 151 7 7
142 152 7 7
142 159 7 7
143 155 7 7
143 154 7 7
143 158 7 7
143 159 7 7
164 162 8 8
164 161 8 8
164 160 8 8
164 163 8 8
165 164 8 8
165 163 8 8
165 161 8 8
165 160 8 8
166 165 8 8
166 162 8 8
166 163 8 8
166 160 8 8
167 162 8 8
167 163 8 8
167 166 8 8
167 165 8 8
168 160 8 8
168 161 8 8
168 164 8 8
168 165 8 8
169 162 8 8
169 165 8 8
169 163 8 8
169 166 8 8
170 162 8 8
170 167 8 8
170 161 8 8
170 166 8 8
171 168 8 8
171 166 8 8
171 170 8 8
171 165 8 8
172 161 8 8
172 168 8 8
172 169 8 8
172 166 8 8
173 169 8 8
173 162 8 8
173 167 8 8
173 165 8 8
174 164 8 8
174 173 8 8
174 161 8 8
174 168 8 8
175 174 8 8
175 172 8 8
175 160 8 8
175 164 8 8
176 171 8 8
176 170 8 8
176 163 8 8
176 167 8 8
177 166 8 8
177 162 8 8
177 167 8 8
177 163 8 8
178 171 8 8
178 175 8 8
178 163 8 8
178 176 8 8
179 171 8 8
179 169 8 8
179 177 8 8
179 160 8 8
160 172 8 8
160 173 8 8
160 177 8 8
160 176 8 8
161 169 8 8
161 179 8 8
161 171 8 8
161 176 8 8
162 165 8 8
162 176 8 8
162 172 8 8
162 178 8 8
163 171 8 8
163 170 8 8
163 173 8 8
163 168 8 8
184 183 9 9
184 181 9 9
184 182 9 9
184 180 9 9
185 180 9 9
185 182 9 9
185 181 9 9
185 183 9 9
186 180 9 9
186 183 9 9
186 185 9 9
186 181 9 9
187 182 9 9
187 181 9 9
187 184 9 9
187 185 9 9
188 186 9 9
188 185 9 9
188 182 9 9
188 184 9 9
189 184 9 9
189 183 9 9
189 181 9 9
189 182 9 9
190 182 9 9
190 183 9 9
190 184 9 9
190 189 9 9
191 183 9 9
191 188 9 9
191 185 9 9
191 190 9 9
192 183 9 9
192 191 9 9
192 184 9 9
192 186 9 9
193 191 9 9
193 190 9 9
193 184 9 9
193 183 9 9
194 182 9 9
194 180 9 9
194 188 9 9
194 187 9 9
195 189 9 9
195 184 9 9
195 192 9 9
195 183 9 9
196 189 9 9
196 181 9 9
196 191 9 9
196 184 9 9
197 191 9 9
197 192 9 9
197 182 9 9
197 184 9 9
198 193 9 9
198 196 9 9
198 184 9 9
198 181 9 9
199 180 9 9
199 181 9 9
199 187 9 9
199 189 9 9
180 196 9 9
180 188 9 9
180 192 9 9
180 193 9 9
181 193 9 9
181 195 9 9
181 190 9 9
181 188 9 9
182 198 9 9
182 186 9 9
182 195 9 9
182 196 9 9
183 196 9 9
183 197 9 9
183 199 9 9
183 198 9 9
204 203 10 10
204 200 10 10
204 201 10 10
204 202 10 10
205 203 10 10
205 204 10 10
205 200 10 10
205 202 10 10
206 203 10 10
206 204 10 10
206 205 10 10
206 201 10 10
207 204 10 10
207 201 10 10
207 205 10 10
207 202 10 10
208 207 10 10
208 203 10 10
208 200 10 10
208 204 10 10
209 203 10 10
209 201 10 10
209 204 10 10
209 207 10 10
210 202 10 10
210 209 10 10
210 206 10 10
210 203 10 10
211 206 10 10
211 208 10 10
211 209 10 10
211 201 10 10
212 200 10 10
212 208 10 10
212 207 10 10
212 204 10 10
213 209 10 10
213 211 10 10
213 206 10 10
213 208 10 10
214 207 10 10
214 210 10 10
214 201 10 10
214 204 10 10
215 203 10 10
215 202 10 10
215 208 10 10
215 200 10 10
216 214 10 10
216 211 10 10
216 201 10 10
216 200 10 10
217 209 10 10
217 201 10 10
217 213 10 10
217 202 10 10
218 202 10 10
218 207 10 10
218 215 10 10
218 200 10 10
219 200 10 10
219 203 10 10
219 217 10 10
219 207 10 10
200 209 10 10
200 207 10 10
200 214 10 10
200 210 10 10
201 210 10 10
201 215 10 10
201 213 10 10
201 218 10 10
202 212 10 10
202 208 10 10
202 219 10 10
202 209 10 10
203 207 10 10
203 216 10 10
203 218 10 10
203 211 10 10
224 223 11 11
224 221 11 11
224 222 11 11
224 220 11 11
225 220 11 11
225 222 11 11
225 223 11 11
225 221 11 11
226 220 11 11
226 223 11 11
226 221 11 11
226 222 11 11
227 225 11 11
227 221 11 11
227 223 11 11
227 222 11 11
228 227 11 11
228 223 11 11
228 224 11 11
228 225 11 11
229 228 11 11
229 227 11 11
229 222 11 11
229 223 11 11
230 229 11 11
230 224 11 11
230 223 11 11
230 228 11 11
231 221 11 11
231 230 11 11
231 227 11 11
231 224 11 11
232 229 11 11
232 222 11 11
232 230 11 11
232 226 11 11
233 231 11 11
233 221 11 11
233 227 11 11
233 225 11 11
234 233 11 11
234 227 11 11
234 230 11 11
234 231 11 11
235 230 11 11
235 232 11 11
235 221 11 11
235 223 11 11
236 220 11 11
236 231 11 11
236 234 11 11
236 225 11 11
237 233 11 11
237 223 11 11
237 228 11 11
237 227 11 11
238 227 11 11
238 229 11 11
238 230 11 11
238 235 11 11
239 224 11 11
239 228 11 11
239 230 11 11
239 233 11 11
220 234 11 11
220 228 11 11
220 237 11 11
220 233 11 11
221 237 11 11
221 234 11 11
221 236 11 11
221 239 11 11
222 233 11 11
222 236 11 11
222 230 11 11
222 234 11 11
223 238 11 11
223 233 11 11
223 232 11 11
223 234 11 11
244 243 12 12
244 242 12 12
244 240 12 12
244 241 12 12
245 240 12 12
245 241 12 12
245 242 12 12
245 244 12 12
246 242 12 12
246 241 12 12
246 240 12 12
246 243 12 12
247 240 12 12
247 241 12 12
247 246 12 12
247 245 12 12
248 245 12 12
248 247 12 12
248 241 12 12
248 240 12 12
249 247 12 12
249 241 12 12
249 248 12 12
249 240 12 12
250 247 12 12
250 246 12 12
250 248 12 12
250 241 12 12
251 246 12 12
251 249 12 12
251 244 12 12
251 241 12 12
252 245 12 12
252 251 12 12
252 241 12 12
252 246 12 12
253 244 12 12
253 243 12 12
253 247 12 12
253 242 12 12
254 245 12 12
254 247 12 12
254 249 12 12
254 252 12 12
255 247 12 12
255 244 12 12
255 242 12 12
255 251 12 12
256 244 12 12
256 241 12 12
256 253 12 12
256 252 12 12
257 256 12 12
257 251 12 12
257 241 12 12
257 240 12 12
258 255 12 12
258 249 12 12
258 247 12 12
258 257 12 12
259 258 12 12
259 256 12 12
259 252 12 12
259 242 12 12
240 258 12 12
240 255 12 12
240 254 12 12
240 252 12 12
241 258 12 12
241 254 12 12
241 255 12 12
241 253 12 12
242 247 12 12
242 258 12 12
242 251 12 12
242 256 12 12
243 249 12 12
243 247 12 12
243 255 12 12
243 259 12 12
264 260 13 13
264 263 13 13
264 262 13 13
264 261 13 13
265 263 13 13
265 260 13 13
265 264 13 13
265 262 13 13
266 262 13 13
266 264 13 13
266 260 13 13
266 265 13 13
267 262 13 13
267 266 13 13
267 264 13 13
267 261 13 13
268 265 13 13
268 260 13 13
268 264 13 13
268 266 13 13
269 261 13 13
269 268 13 13
269 264 13 13
269 260 13 13
270 266 13 13
270 269 13 13
270 261 13 13
270 260 13 13
271 266 13 13
271 264 13 13
271 263 13 13
271 262 13 13
272 263 13 13
272 270 13 13
272 260 13 13
272 262 13 13
273 260 13 13
273 263 13 13
273 262 13 13
273 266 13 13
274 263 13 13
274 267 13 13
274 264 13 13
274 260 13 13
275 270 13 13
275 268 13 13
275 274 13 13
275 269 13 13
276 271 13 13
276 260 13 13
276 264 13 13
276 263 13 13
277 266 13 13
277 267 13 13
277 261 13 13
277 275 13 13
278 276 13 13
278 271 13 13
278 269 13 13
278 265 13 13
279 267 13 13
279 266 13 13
279 268 13 13
279 272 13 13
260 277 13 13
260 278 13 13
260 271 13 13
260 279 13 13
261 272 13 13
261 274 13 13
261 275 13 13
261 279 13 13
262 279 13 13
262 278 13 13
262 274 13 13
262 275 13 13
263 279 13 13
263 266 13 13
263 267 13 13
263 277 13 13
284 282 14 14
284 283 14 14
284 280 14 14
284 281 14 14
285 281 14 14
285 280 14 14
285 283 14 14
285 284 14 14
286 281 14 14
286 280 14 14
286 283 14 14
286 285 14 14
287 282 14 14
287 283 14 14
287 284 14 14
287 286 14 14
288 284 14 14
288 283 14 14
288 282 14 14
288 280 14 14
289 283 14 14
289 287 14 14
289 280 14 14
289 288 14 14
290 284 14 14
290 283 14 14
290 288 14 14
290 281 14 14
291 283 14 14
291 286 14 14
291 281 14 14
291 280 14 14
292 283 14 14
292 289 14 14
292 285 14 14
292 284 14 14
293 280 14 14
293 292 14 14
293 285 14 14
293 282 14 14
294 289 14 14
294 291 14 14
294 282 14 14
294 283 14 14
295 290 14 14
295 283 14 14
295 282 14 14
295 292 14 14
296 292 14 14
296 287 14 14
296 293 14 14
296 283 14 14
297 280 14 14
297 290 14 14
297 289 14 14
297 281 14 14
298 280 14 14
298 281 14 14
298 297 14 14
298 291 14 14
299 283 14 14
299 289 14 14
299 293 14 14
299 292 14 14
280 299 14 14
280 294 14 14
280 296 14 14
280 290 14 14
281 296 14 14
281 295 14 14
281 293 14 14
281 289 14 14
282 299 14 14
282 289 14 14
282 292 14 14
282 296 14 14
283 293 14 14
283 297 14 14
283 298 14 14
304 302 15 15
304 301 15 15
304 300 15 15
304 303 15 15
305 302 15 15
305 301 15 15
305 300 15 15
305 303 15 15
306 301 15 15
306 302 15 15
306 303 15 15
306 305 15 15
307 300 15 15
307 303 15 15
307 305 15 15
307 301 15 15
308 305 15 15
308 306 15 15
308 307 15 15
308 302 15 15
309 302 15 15
309 308 15 15
309 307 15 15
309 303 15 15
310 305 15 15
310 304 15 15
310 303 15 15
310 308 15 15
311 301 15 15
311 303 15 15
311 300 15 15
311 306 15 15
312 301 15 15
312 311 15 15
312 302 15 15
312 309 15 15
313 304 15 15
313 308 15 15
313 310 15 15
313 309 15 15
314 309 15 15
314 301 15 15
314 302 15 15
314 305 15 15
315 302 15 15
315 307 15 15
315 308 15 15
315 305 15 15
316 306 15 15
316 311 15 15
316 304 15 15
316 303 15 15
317 313 15 15
317 312 15 15
317 308 15 15
317 307 15 15
318 302 15 15
318 303 15 15
318 300 15 15
318 312 15 15
319 300 15 15
319 303 15 15
319 302 15 15
319 308 15 15
300 309 15 15
300 313 15 15
300 310 15 15
300 315 15 15
301 316 15 15
301 309 15 15
301 315 15 15
301 308 15 15
302 316 15 15
302 311 15 15
302 313 15 15
302 307 15 15
303 314 15 15
303 313 15 15
303 312 15 15
303 315 15 15
82 37 4 1
91 9 4 0
86 78 4 3
93 45 4 2
112 95 5 4
109 32 5 1
118 54 5 2
102 72 5 3
134 100 6 5
130 86 6 4
136 32 6 1
135 12 6 0
146 37 7 1
156 94 7 4
151 109 7 5
159 134 7 6
164 83 8 4
173 32 8 1
168 41 8 2
173 68 8 3
191 20 9 1
184 85 9 4
186 137 9 6
196 147 9 7
211 75 10 3
205 59 10 2
213 135 10 6
208 9 10 0
226 10 11 0
230 49 11 2
220 64 11 3
230 148 11 7
257 214 12 10
255 226 12 11
244 19 12 0
240 153 12 7
276 38 13 1
279 178 13 8
277 77 13 3
264 237 13 11
281 78 14 3
296 270 14 13
293 179 14 8
280 13 14 0
308 164 15 8
304 78 15 3
309 289 15 14
307 38 15 1
9 161 0 8
16 273 0 13
5 311 0 15
18 155 0 7
32 249 1 12
35 288 1 14
31 223 1 11
30 211 1 10
53 294 2 14
40 302 2 15
49 245 2 12
47 192 2 9
72 136 3 6
70 192 3 9
63 244 3 12
69 141 3 7
