swNum = 320
edgeNum = 1344

0 0
1 0
2 0
3 0
4 0
5 0
6 0
7 0
8 0
9 0
10 0
11 0
12 0
13 0
14 0
15 0
16 0
17 0
18 0
19 0
20 1
21 1
22 1
23 1
24 1
25 1
26 1
27 1
28 1
29 1
30 1
31 1
32 1
33 1
34 1
35 1
36 1
37 1
38 1
39 1
40 2
41 2
42 2
43 2
44 2
45 2
46 2
47 2
48 2
49 2
50 2
51 2
52 2
53 2
54 2
55 2
56 2
57 2
58 2
59 2
60 3
61 3
62 3
63 3
64 3
65 3
66 3
67 3
68 3
69 3
70 3
71 3
72 3
73 3
74 3
75 3
76 3
77 3
78 3
79 3
80 4
81 4
82 4
83 4
84 4
85 4
86 4
87 4
88 4
89 4
90 4
91 4
92 4
93 4
94 4
95 4
96 4
97 4
98 4
99 4
100 5
101 5
102 5
103 5
104 5
105 5
106 5
107 5
108 5
109 5
110 5
111 5
112 5
113 5
114 5
115 5
116 5
117 5
118 5
119 5
120 6
121 6
122 6
123 6
124 6
125 6
126 6
127 6
128 6
129 6
130 6
131 6
132 6
133 6
134 6
135 6
136 6
137 6
138 6
139 6
140 7
141 7
142 7
143 7
144 7
145 7
146 7
147 7
148 7
149 7
150 7
151 7
152 7
153 7
154 7
155 7
156 7
157 7
158 7
159 7
160 8
161 8
162 8
163 8
164 8
165 8
166 8
167 8
168 8
169 8
170 8
171 8
172 8
173 8
174 8
175 8
176 8
177 8
178 8
179 8
180 9
181 9
182 9
183 9
184 9
185 9
186 9
187 9
188 9
189 9
190 9
191 9
192 9
193 9
194 9
195 9
196 9
197 9
198 9
199 9
200 10
201 10
202 10
203 10
204 10
205 10
206 10
207 10
208 10
209 10
210 10
211 10
212 10
213 10
214 10
215 10
216 10
217 10
218 10
219 10
220 11
221 11
222 11
223 11
224 11
225 11
226 11
227 11
228 11
229 11
230 11
231 11
232 11
233 11
234 11
235 11
236 11
237 11
238 11
239 11
240 12
241 12
242 12
243 12
244 12
245 12
246 12
247 12
248 12
249 12
250 12
251 12
252 12
253 12
254 12
255 12
256 12
257 12
258 12
259 12
260 13
261 13
262 13
263 13
264 13
265 13
266 13
267 13
268 13
269 13
270 13
271 13
272 13
273 13
274 13
275 13
276 13
277 13
278 13
279 13
280 14
281 14
282 14
283 14
284 14
285 14
286 14
287 14
288 14
289 14
290 14
291 14
292 14
293 14
294 14
295 14
296 14
297 14
298 14
299 14
300 15
301 15
302 15
303 15
304 15
305 15
306 15
307 15
308 15
309 15
310 15
311 15
312 15
313 15
314 15
315 15
316 15
317 15
318 15
319 15

4 3 0 0
4 2 0 0
4 1 0 0
4 0 0 0
5 3 0 0
5 0 0 0
5 1 0 0
5 4 0 0
6 5 0 0
6 3 0 0
6 0 0 0
6 1 0 0
7 6 0 0
7 4 0 0
7 3 0 0
7 2 0 0
8 7 0 0
8 5 0 0
8 2 0 0
8 6 0 0
9 8 0 0
9 0 0 0
9 1 0 0
9 5 0 0
10 8 0 0
10 5 0 0
10 6 0 0
10 1 0 0
11 9 0 0
11 0 0 0
11 8 0 0
11 7 0 0
12 5 0 0
12 3 0 0
12 8 0 0
12 6 0 0
13 7 0 0
13 9 0 0
13 11 0 0
13 0 0 0
14 11 0 0
14 2 0 0
14 13 0 0
14 0 0 0
15 7 0 0
15 6 0 0
15 10 0 0
15 3 0 0
16 5 0 0
16 6 0 0
16 12 0 0
16 1 0 0
17 11 0 0
17 6 0 0
17 9 0 0
17 14 0 0
18 17 0 0
18 0 0 0
18 13 0 0
18 14 0 0
19 11 0 0
19 17 0 0
19 4 0 0
19 12 0 0
0 7 0 0
0 17 0 0
0 12 0 0
0 10 0 0
1 15 0 0
1 12 0 0
1 19 0 0
1 7 0 0
2 9 0 0
2 18 0 0
2 10 0 0
2 12 0 0
3 8 0 0
3 11 0 0
3 9 0 0
3 18 0 0
24 21 1 1
24 20 1 1
24 23 1 1
24 22 1 1
25 22 1 1
25 21 1 1
25 20 1 1
25 24 1 1
26 21 1 1
26 25 1 1
26 24 1 1
26 23 1 1
27 20 1 1
27 22 1 1
27 25 1 1
27 21 1 1
28 21 1 1
28 24 1 1
28 23 1 1
28 26 1 1
29 28 1 1
29 26 1 1
29 20 1 1
29 24 1 1
30 24 1 1
30 29 1 1
30 26 1 1
30 28 1 1
31 22 1 1
31 23 1 1
31 25 1 1
31 20 1 1
32 29 1 1
32 25 1 1
32 26 1 1
32 28 1 1
33 20 1 1
33 27 1 1
33 31 1 1
33 22 1 1
34 25 1 1
34 21 1 1
34 30 1 1
34 26 1 1
35 23 1 1
35 33 1 1
35 34 1 1
35 25 1 1
36 33 1 1
36 28 1 1
36 20 1 1
36 21 1 1
37 24 1 1
37 31 1 1
37 25 1 1
37 33 1 1
38 34 1 1
38 26 1 1
38 24 1 1
38 37 1 1
39 24 1 1
39 29 1 1
39 32 1 1
39 38 1 1
20 32 1 1
20 37 1 1
20 28 1 1
20 30 1 1
21 33 1 1
21 32 1 1
21 30 1 1
21 29 1 1
22 35 1 1
22 37 1 1
22 39 1 1
22 36 1 1
23 36 1 1
23 27 1 1
23 34 1 1
23 32 1 1
44 43 2 2
44 42 2 2
44 40 2 2
44 41 2 2
45 40 2 2
45 43 2 2
45 44 2 2
45 41 2 2
46 45 2 2
46 43 2 2
46 40 2 2
46 44 2 2
47 40 2 2
47 44 2 2
47 46 2 2
47 41 2 2
48 41 2 2
48 43 2 2
48 42 2 2
48 40 2 2
49 44 2 2
49 45 2 2
49 46 2 2
49 43 2 2
50 45 2 2
50 44 2 2
50 47 2 2
50 49 2 2
51 41 2 2
51 43 2 2
51 46 2 2
51 48 2 2
52 46 2 2
52 50 2 2
52 48 2 2
52 49 2 2
53 42 2 2
53 49 2 2
53 41 2 2
53 44 2 2
54 46 2 2
54 52 2 2
54 40 2 2
54 45 2 2
55 45 2 2
55 43 2 2
55 48 2 2
55 41 2 2
56 54 2 2
56 47 2 2
56 42 2 2
56 49 2 2
57 46 2 2
57 43 2 2
57 42 2 2
57 48 2 2
58 53 2 2
58 44 2 2
58 54 2 2
58 42 2 2
59 50 2 2
59 49 2 2
59 44 2 2
59 40 2 2
40 56 2 2
40 51 2 2
40 49 2 2
40 55 2 2
41 58 2 2
41 50 2 2
41 57 2 2
41 59 2 2
42 46 2 2
42 54 2 2
42 55 2 2
42 52 2 2
43 54 2 2
43 47 2 2
43 59 2 2
43 58 2 2
64 61 3 3
64 63 3 3
64 62 3 3
64 60 3 3
65 62 3 3
65 60 3 3
65 61 3 3
65 64 3 3
66 63 3 3
66 64 3 3
66 60 3 3
66 65 3 3
67 64 3 3
67 60 3 3
67 61 3 3
67 62 3 3
68 63 3 3
68 67 3 3
68 64 3 3
68 66 3 3
69 68 3 3
69 64 3 3
69 63 3 3
69 67 3 3
70 68 3 3
70 63 3 3
70 69 3 3
70 66 3 3
71 63 3 3
71 67 3 3
71 70 3 3
71 66 3 3
72 70 3 3
72 66 3 3
72 69 3 3
72 71 3 3
73 61 3 3
73 66 3 3
73 65 3 3
73 70 3 3
74 62 3 3
74 64 3 3
74 60 3 3
74 73 3 3
75 70 3 3
75 60 3 3
75 63 3 3
75 67 3 3
76 60 3 3
76 61 3 3
76 62 3 3
76 65 3 3
77 69 3 3
77 64 3 3
77 66 3 3
77 73 3 3
78 63 3 3
78 66 3 3
78 62 3 3
78 73 3 3
79 65 3 3
79 62 3 3
79 69 3 3
79 60 3 3
60 73 3 3
60 77 3 3
60 72 3 3
60 78 3 3
61 72 3 3
61 66 3 3
61 68 3 3
61 75 3 3
62 66 3 3
62 70 3 3
62 75 3 3
62 72 3 3
63 72 3 3
63 67 3 3
63 77 3 3
63 76 3 3
84 83 4 4
84 81 4 4
84 82 4 4
84 80 4 4
85 81 4 4
85 80 4 4
85 84 4 4
85 83 4 4
86 84 4 4
86 85 4 4
86 82 4 4
86 80 4 4
87 81 4 4
87 82 4 4
87 83 4 4
87 86 4 4
88 87 4 4
88 82 4 4
88 85 4 4
88 81 4 4
89 87 4 4
89 82 4 4
89 88 4 4
89 81 4 4
90 83 4 4
90 86 4 4
90 88 4 4
90 85 4 4
91 80 4 4
91 87 4 4
91 88 4 4
91 81 4 4
92 81 4 4
92 84 4 4
92 85 4 4
92 86 4 4
93 84 4 4
93 83 4 4
93 85 4 4
93 86 4 4
94 93 4 4
94 86 4 4
94 85 4 4
94 84 4 4
95 89 4 4
95 85 4 4
95 94 4 4
95 88 4 4
96 84 4 4
96 86 4 4
96 85 4 4
96 94 4 4
97 83 4 4
97 80 4 4
97 94 4 4
97 87 4 4
98 89 4 4
98 85 4 4
98 96 4 4
98 88 4 4
99 95 4 4
99 85 4 4
99 87 4 4
99 81 4 4
80 99 4 4
80 92 4 4
80 87 4 4
80 96 4 4
81 96 4 4
81 86 4 4
81 98 4 4
81 94 4 4
82 96 4 4
82 99 4 4
82 98 4 4
82 95 4 4
83 99 4 4
83 86 4 4
83 91 4 4
83 95 4 4
104 101 5 5
104 100 5 5
104 102 5 5
104 103 5 5
105 103 5 5
105 102 5 5
105 101 5 5
105 104 5 5
106 104 5 5
106 102 5 5
106 101 5 5
106 100 5 5
107 102 5 5
107 106 5 5
107 105 5 5
107 103 5 5
108 105 5 5
108 103 5 5
108 104 5 5
108 107 5 5
109 101 5 5
109 104 5 5
109 100 5 5
109 103 5 5
110 100 5 5
110 101 5 5
110 103 5 5
110 107 5 5
111 102 5 5
111 104 5 5
111 109 5 5
111 106 5 5
112 104 5 5
112 101 5 5
112 108 5 5
112 102 5 5
113 100 5 5
113 101 5 5
113 109 5 5
113 102 5 5
114 109 5 5
114 112 5 5
114 104 5 5
114 100 5 5
115 106 5 5
115 108 5 5
115 102 5 5
115 107 5 5
116 113 5 5
116 101 5 5
116 114 5 5
116 109 5 5
117 100 5 5
117 109 5 5
117 104 5 5
117 112 5 5
118 101 5 5
118 104 5 5
118 106 5 5
118 103 5 5
119 118 5 5
119 113 5 5
119 104 5 5
119 116 5 5
100 107 5 5
100 116 5 5
100 112 5 5
100 111 5 5
101 119 5 5
101 117 5 5
101 115 5 5
101 114 5 5
102 117 5 5
102 119 5 5
102 109 5 5
102 114 5 5
103 115 5 5
103 113 5 5
103 116 5 5
103 117 5 5
124 120 6 6
124 123 6 6
124 122 6 6
124 121 6 6
125 120 6 6
125 122 6 6
125 124 6 6
125 121 6 6
126 123 6 6
126 121 6 6
126 125 6 6
126 120 6 6
127 124 6 6
127 126 6 6
127 122 6 6
127 120 6 6
128 125 6 6
128 127 6 6
128 124 6 6
128 120 6 6
129 123 6 6
129 120 6 6
129 128 6 6
129 127 6 6
130 127 6 6
130 123 6 6
130 126 6 6
130 128 6 6
131 121 6 6
131 125 6 6
131 126 6 6
131 122 6 6
132 129 6 6
132 127 6 6
132 130 6 6
132 128 6 6
133 130 6 6
133 125 6 6
133 129 6 6
133 127 6 6
134 120 6 6
134 124 6 6
134 122 6 6
134 121 6 6
135 124 6 6
135 121 6 6
135 129 6 6
135 132 6 6
136 129 6 6
136 122 6 6
136 132 6 6
136 134 6 6
137 125 6 6
137 126 6 6
137 127 6 6
137 122 6 6
138 136 6 6
138 134 6 6
138 128 6 6
138 135 6 6
139 125 6 6
139 123 6 6
139 128 6 6
139 133 6 6
120 136 6 6
120 139 6 6
120 135 6 6
120 131 6 6
121 137 6 6
121 129 6 6
121 138 6 6
121 139 6 6
122 132 6 6
122 126 6 6
122 128 6 6
122 130 6 6
123 128 6 6
123 131 6 6
123 133 6 6
123 125 6 6
144 140 7 7
144 143 7 7
144 142 7 7
144 141 7 7
145 142 7 7
145 144 7 7
145 140 7 7
145 143 7 7
146 141 7 7
146 145 7 7
146 142 7 7
146 144 7 7
147 145 7 7
147 144 7 7
147 140 7 7
147 141 7 7
148 143 7 7
148 141 7 7
148 144 7 7
148 142 7 7
149 146 7 7
149 142 7 7
149 144 7 7
149 140 7 7
150 142 7 7
150 141 7 7
150 149 7 7
150 147 7 7
151 144 7 7
151 145 7 7
151 140 7 7
151 143 7 7
152 140 7 7
152 144 7 7
152 145 7 7
152 143 7 7
153 146 7 7
153 148 7 7
153 144 7 7
153 142 7 7
154 146 7 7
154 150 7 7
154 153 7 7
154 142 7 7
155 146 7 7
155 141 7 7
155 145 7 7
155 144 7 7
156 144 7 7
156 142 7 7
156 151 7 7
156 155 7 7
157 149 7 7
157 143 7 7
157 156 7 7
157 140 7 7
158 144 7 7
158 153 7 7
158 142 7 7
158 150 7 7
159 157 7 7
159 158 7 7
159 141 7 7
159 152 7 7
140 156 7 7
140 155 7 7
140 148 7 7
140 159 7 7
141 156 7 7
141 157 7 7
141 145 7 7
141 151 7 7
142 151 7 7
142 152 7 7
142 159 7 7
142 157 7 7
143 159 7 7
143 156 7 7
143 149 7 7
143 153 7 7
164 162 8 8
164 161 8 8
164 163 8 8
164 160 8 8
165 161 8 8
165 164 8 8
165 163 8 8
165 160 8 8
166 164 8 8
166 162 8 8
166 161 8 8
166 163 8 8
167 163 8 8
167 160 8 8
167 165 8 8
167 166 8 8
168 165 8 8
168 166 8 8
168 160 8 8
168 161 8 8
169 168 8 8
169 165 8 8
169 161 8 8
169 162 8 8
170 166 8 8
170 162 8 8
170 161 8 8
170 164 8 8
171 165 8 8
171 160 8 8
171 162 8 8
171 168 8 8
172 163 8 8
172 160 8 8
172 165 8 8
172 167 8 8
173 165 8 8
173 167 8 8
173 170 8 8
173 161 8 8
174 167 8 8
174 162 8 8
174 164 8 8
174 168 8 8
175 174 8 8
175 173 8 8
175 168 8 8
175 169 8 8
176 165 8 8
176 163 8 8
176 172 8 8
176 161 8 8
177 165 8 8
177 176 8 8
177 168 8 8
177 175 8 8
178 161 8 8
178 162 8 8
178 175 8 8
178 164 8 8
179 161 8 8
179 175 8 8
179 170 8 8
179 174 8 8
160 176 8 8
160 173 8 8
160 174 8 8
160 166 8 8
161 174 8 8
161 171 8 8
161 175 8 8
161 177 8 8
162 179 8 8
162 165 8 8
162 168 8 8
162 175 8 8
163 177 8 8
163 179 8 8
163 168 8 8
163 173 8 8
184 182 9 9
184 180 9 9
184 181 9 9
184 183 9 9
185 182 9 9
185 184 9 9
185 183 9 9
185 180 9 9
186 184 9 9
186 181 9 9
186 180 9 9
186 183 9 9
187 182 9 9
187 185 9 9
187 186 9 9
187 184 9 9
188 180 9 9
188 182 9 9
188 185 9 9
188 184 9 9
189 181 9 9
189 186 9 9
189 183 9 9
189 180 9 9
190 189 9 9
190 181 9 9
190 183 9 9
190 186 9 9
191 185 9 9
191 184 9 9
191 183 9 9
191 189 9 9
192 187 9 9
192 182 9 9
192 185 9 9
192 191 9 9
193 181 9 9
193 189 9 9
193 180 9 9
193 182 9 9
194 185 9 9
194 191 9 9
194 192 9 9
194 182 9 9
195 185 9 9
195 192 9 9
195 186 9 9
195 182 9 9
196 193 9 9
196 189 9 9
196 181 9 9
196 186 9 9
197 186 9 9
197 193 9 9
197 196 9 9
197 190 9 9
198 196 9 9
198 188 9 9
198 189 9 9
198 186 9 9
199 190 9 9
199 195 9 9
199 191 9 9
199 197 9 9
180 196 9 9
180 198 9 9
180 195 9 9
180 197 9 9
181 191 9 9
181 194 9 9
181 197 9 9
181 195 9 9
182 191 9 9
182 197 9 9
182 199 9 9
182 186 9 9
183 197 9 9
183 193 9 9
183 196 9 9
183 199 9 9
204 202 10 10
204 203 10 10
204 200 10 10
204 201 10 10
205 200 10 10
205 202 10 10
205 204 10 10
205 203 10 10
206 202 10 10
206 203 10 10
206 205 10 10
206 204 10 10
207 205 10 10
207 204 10 10
207 203 10 10
207 206 10 10
208 203 10 10
208 207 10 10
208 206 10 10
208 205 10 10
209 208 10 10
209 204 10 10
209 207 10 10
209 205 10 10
210 206 10 10
210 202 10 10
210 205 10 10
210 201 10 10
211 201 10 10
211 202 10 10
211 209 10 10
211 207 10 10
212 210 10 10
212 209 10 10
212 208 10 10
212 201 10 10
213 203 10 10
213 202 10 10
213 208 10 10
213 201 10 10
214 210 10 10
214 212 10 10
214 205 10 10
214 200 10 10
215 213 10 10
215 211 10 10
215 201 10 10
215 212 10 10
216 204 10 10
216 209 10 10
216 215 10 10
216 206 10 10
217 212 10 10
217 214 10 10
217 200 10 10
217 205 10 10
218 202 10 10
218 213 10 10
218 208 10 10
218 212 10 10
219 217 10 10
219 202 10 10
219 205 10 10
219 207 10 10
200 209 10 10
200 213 10 10
200 207 10 10
200 219 10 10
201 219 10 10
201 207 10 10
201 205 10 10
201 214 10 10
202 212 10 10
202 209 10 10
202 207 10 10
202 215 10 10
203 216 10 10
203 212 10 10
203 210 10 10
203 217 10 10
224 223 11 11
224 222 11 11
224 221 11 11
224 220 11 11
225 222 11 11
225 223 11 11
225 224 11 11
225 221 11 11
226 223 11 11
226 225 11 11
226 221 11 11
226 224 11 11
227 224 11 11
227 222 11 11
227 226 11 11
227 221 11 11
228 226 11 11
228 227 11 11
228 222 11 11
228 221 11 11
229 224 11 11
229 228 11 11
229 220 11 11
229 227 11 11
230 221 11 11
230 227 11 11
230 224 11 11
230 220 11 11
231 228 11 11
231 225 11 11
231 226 11 11
231 221 11 11
232 231 11 11
232 225 11 11
232 220 11 11
232 226 11 11
233 221 11 11
233 220 11 11
233 223 11 11
233 230 11 11
234 220 11 11
234 222 11 11
234 229 11 11
234 228 11 11
235 229 11 11
235 228 11 11
235 222 11 11
235 224 11 11
236 223 11 11
236 222 11 11
236 234 11 11
236 226 11 11
237 233 11 11
237 232 11 11
237 231 11 11
237 225 11 11
238 231 11 11
238 232 11 11
238 225 11 11
238 237 11 11
239 233 11 11
239 231 11 11
239 232 11 11
239 225 11 11
220 227 11 11
220 237 11 11
220 225 11 11
220 228 11 11
221 234 11 11
221 229 11 11
221 236 11 11
221 232 11 11
222 232 11 11
222 238 11 11
222 237 11 11
222 230 11 11
223 227 11 11
223 237 11 11
223 238 11 11
223 229 11 11
244 241 12 12
244 243 12 12
244 242 12 12
244 240 12 12
245 244 12 12
245 243 12 12
245 241 12 12
245 240 12 12
246 243 12 12
246 242 12 12
246 241 12 12
246 245 12 12
247 243 12 12
247 242 12 12
247 244 12 12
247 246 12 12
248 240 12 12
248 241 12 12
248 245 12 12
248 243 12 12
249 244 12 12
249 243 12 12
249 246 12 12
249 247 12 12
250 245 12 12
250 244 12 12
250 242 12 12
250 243 12 12
251 244 12 12
251 249 12 12
251 250 12 12
251 241 12 12
252 251 12 12
252 244 12 12
252 240 12 12
252 245 12 12
253 250 12 12
253 240 12 12
253 249 12 12
253 252 12 12
254 242 12 12
254 252 12 12
254 244 12 12
254 249 12 12
255 250 12 12
255 251 12 12
255 246 12 12
255 254 12 12
256 242 12 12
256 249 12 12
256 254 12 12
256 250 12 12
257 243 12 12
257 241 12 12
257 244 12 12
257 250 12 12
258 257 12 12
258 255 12 12
258 246 12 12
258 253 12 12
259 255 12 12
259 251 12 12
259 248 12 12
259 258 12 12
240 254 12 12
240 255 12 12
240 259 12 12
240 258 12 12
241 250 12 12
241 258 12 12
241 255 12 12
241 259 12 12
242 258 12 12
242 249 12 12
242 259 12 12
242 251 12 12
243 252 12 12
243 255 12 12
243 258 12 12
243 251 12 12
264 260 13 13
264 261 13 13
264 262 13 13
264 263 13 13
265 263 13 13
265 262 13 13
265 261 13 13
265 260 13 13
266 264 13 13
266 260 13 13
266 262 13 13
266 265 13 13
267 261 13 13
267 265 13 13
267 262 13 13
267 263 13 13
268 261 13 13
268 267 13 13
268 262 13 13
268 266 13 13
269 264 13 13
269 268 13 13
269 267 13 13
269 261 13 13
270 265 13 13
270 269 13 13
270 264 13 13
270 263 13 13
271 270 13 13
271 267 13 13
271 264 13 13
271 269 13 13
272 271 13 13
272 262 13 13
272 260 13 13
272 267 13 13
273 266 13 13
273 260 13 13
273 262 13 13
273 271 13 13
274 267 13 13
274 271 13 13
274 261 13 13
274 263 13 13
275 264 13 13
275 271 13 13
275 260 13 13
275 263 13 13
276 260 13 13
276 265 13 13
276 261 13 13
276 270 13 13
277 271 13 13
277 267 13 13
277 262 13 13
277 272 13 13
278 276 13 13
278 275 13 13
278 277 13 13
278 274 13 13
279 277 13 13
279 264 13 13
279 262 13 13
279 272 13 13
260 279 13 13
260 271 13 13
260 267 13 13
260 270 13 13
261 271 13 13
261 272 13 13
261 273 13 13
261 270 13 13
262 271 13 13
262 274 13 13
262 269 13 13
262 276 13 13
263 278 13 13
263 273 13 13
263 268 13 13
263 277 13 13
284 282 14 14
284 283 14 14
284 281 14 14
284 280 14 14
285 282 14 14
285 281 14 14
285 283 14 14
285 284 14 14
286 284 14 14
286 281 14 14
286 280 14 14
286 285 14 14
287 285 14 14
287 280 14 14
287 286 14 14
287 284 14 14
288 280 14 14
288 283 14 14
288 287 14 14
288 286 14 14
289 286 14 14
289 288 14 14
289 280 14 14
289 281 14 14
290 288 14 14
290 281 14 14
290 286 14 14
290 289 14 14
291 284 14 14
291 280 14 14
291 289 14 14
291 283 14 14
292 281 14 14
292 280 14 14
292 283 14 14
292 288 14 14
293 281 14 14
293 283 14 14
293 292 14 14
293 284 14 14
294 291 14 14
294 285 14 14
294 282 14 14
294 293 14 14
295 280 14 14
295 291 14 14
295 288 14 14
295 286 14 14
296 293 14 14
296 287 14 14
296 295 14 14
296 289 14 14
297 281 14 14
297 293 14 14
297 290 14 14
297 284 14 14
298 280 14 14
298 290 14 14
298 283 14 14
298 294 14 14
299 284 14 14
299 298 14 14
299 289 14 14
299 296 14 14
280 294 14 14
280 293 14 14
280 299 14 14
280 296 14 14
281 298 14 14
281 291 14 14
281 299 14 14
281 295 14 14
282 290 14 14
282 299 14 14
282 291 14 14
282 298 14 14
283 290 14 14
283 299 14 14
283 296 14 14
283 287 14 14
304 302 15 15
304 301 15 15
304 300 15 15
304 303 15 15
305 302 15 15
305 304 15 15
305 300 15 15
305 301 15 15
306 304 15 15
306 303 15 15
306 300 15 15
306 301 15 15
307 301 15 15
307 303 15 15
307 305 15 15
307 300 15 15
308 305 15 15
308 307 15 15
308 300 15 15
308 302 15 15
309 302 15 15
309 307 15 15
309 303 15 15
309 308 15 15
310 309 15 15
310 302 15 15
310 308 15 15
310 304 15 15
311 300 15 15
311 308 15 15
311 309 15 15
311 302 15 15
312 301 15 15
312 308 15 15
312 302 15 15
312 307 15 15
313 308 15 15
313 310 15 15
313 300 15 15
313 304 15 15
314 303 15 15
314 310 15 15
314 307 15 15
314 309 15 15
315 306 15 15
315 303 15 15
315 310 15 15
315 313 15 15
316 310 15 15
316 300 15 15
316 311 15 15
316 305 15 15
317 316 15 15
317 302 15 15
317 314 15 15
317 307 15 15
318 300 15 15
318 313 15 15
318 310 15 15
318 311 15 15
319 308 15 15
319 314 15 15
319 303 15 15
319 317 15 15
300 312 15 15
300 310 15 15
300 317 15 15
300 319 15 15
301 319 15 15
301 314 15 15
301 317 15 15
301 310 15 15
302 306 15 15
302 307 15 15
302 318 15 15
302 315 15 15
303 310 15 15
303 308 15 15
303 317 15 15
303 312 15 15
97 78 4 3
94 56 4 2
92 6 4 0
97 31 4 1
116 0 5 0
106 91 5 4
115 64 5 3
104 50 5 2
128 66 6 3
138 15 6 0
126 107 6 5
125 24 6 1
157 4 7 0
156 119 7 5
147 135 7 6
142 71 7 3
177 10 8 0
165 27 8 1
162 111 8 5
173 153 8 7
180 51 9 2
186 108 9 5
183 133 9 6
195 162 9 8
207 110 10 5
203 129 10 6
214 8 10 0
216 23 10 1
226 17 11 0
236 75 11 3
237 148 11 7
225 28 11 1
246 66 12 3
247 209 12 10
245 17 12 0
259 227 12 11
271 69 13 3
264 184 13 9
264 25 13 1
271 135 13 6
287 139 14 6
284 148 14 7
286 48 14 2
282 91 14 4
309 245 15 12
311 299 15 14
309 188 15 9
308 145 15 7
7 268 0 13
6 181 0 9
7 291 0 14
3 302 0 15
23 247 1 12
23 191 1 9
22 313 1 15
35 149 1 7
54 271 2 13
52 249 2 12
44 231 2 11
58 149 2 7
65 297 3 14
72 197 3 9
68 200 3 10
71 168 3 8
