swNum = 320
edgeNum = 1344

0 0
1 0
2 0
3 0
4 0
5 0
6 0
7 0
8 0
9 0
10 0
11 0
12 0
13 0
14 0
15 0
16 0
17 0
18 0
19 0
20 1
21 1
22 1
23 1
24 1
25 1
26 1
27 1
28 1
29 1
30 1
31 1
32 1
33 1
34 1
35 1
36 1
37 1
38 1
39 1
40 2
41 2
42 2
43 2
44 2
45 2
46 2
47 2
48 2
49 2
50 2
51 2
52 2
53 2
54 2
55 2
56 2
57 2
58 2
59 2
60 3
61 3
62 3
63 3
64 3
65 3
66 3
67 3
68 3
69 3
70 3
71 3
72 3
73 3
74 3
75 3
76 3
77 3
78 3
79 3
80 4
81 4
82 4
83 4
84 4
85 4
86 4
87 4
88 4
89 4
90 4
91 4
92 4
93 4
94 4
95 4
96 4
97 4
98 4
99 4
100 5
101 5
102 5
103 5
104 5
105 5
106 5
107 5
108 5
109 5
110 5
111 5
112 5
113 5
114 5
115 5
116 5
117 5
118 5
119 5
120 6
121 6
122 6
123 6
124 6
125 6
126 6
127 6
128 6
129 6
130 6
131 6
132 6
133 6
134 6
135 6
136 6
137 6
138 6
139 6
140 7
141 7
142 7
143 7
144 7
145 7
146 7
147 7
148 7
149 7
150 7
151 7
152 7
153 7
154 7
155 7
156 7
157 7
158 7
159 7
160 8
161 8
162 8
163 8
164 8
165 8
166 8
167 8
168 8
169 8
170 8
171 8
172 8
173 8
174 8
175 8
176 8
177 8
178 8
179 8
180 9
181 9
182 9
183 9
184 9
185 9
186 9
187 9
188 9
189 9
190 9
191 9
192 9
193 9
194 9
195 9
196 9
197 9
198 9
199 9
200 10
201 10
202 10
203 10
204 10
205 10
206 10
207 10
208 10
209 10
210 10
211 10
212 10
213 10
214 10
215 10
216 10
217 10
218 10
219 10
220 11
221 11
222 11
223 11
224 11
225 11
226 11
227 11
228 11
229 11
230 11
231 11
232 11
233 11
234 11
235 11
236 11
237 11
238 11
239 11
240 12
241 12
242 12
243 12
244 12
245 12
246 12
247 12
248 12
249 12
250 12
251 12
252 12
253 12
254 12
255 12
256 12
257 12
258 12
259 12
260 13
261 13
262 13
263 13
264 13
265 13
266 13
267 13
268 13
269 13
270 13
271 13
272 13
273 13
274 13
275 13
276 13
277 13
278 13
279 13
280 14
281 14
282 14
283 14
284 14
285 14
286 14
287 14
288 14
289 14
290 14
291 14
292 14
293 14
294 14
295 14
296 14
297 14
298 14
299 14
300 15
301 15
302 15
303 15
304 15
305 15
306 15
307 15
308 15
309 15
310 15
311 15
312 15
313 15
314 15
315 15
316 15
317 15
318 15
319 15

4 0 0 0
4 1 0 0
4 2 0 0
4 3 0 0
5 0 0 0
5 4 0 0
5 1 0 0
5 3 0 0
6 2 0 0
6 4 0 0
6 3 0 0
6 5 0 0
7 1 0 0
7 0 0 0
7 2 0 0
7 6 0 0
8 2 0 0
8 6 0 0
8 7 0 0
8 0 0 0
9 3 0 0
9 0 0 0
9 1 0 0
9 4 0 0
10 8 0 0
10 3 0 0
10 1 0 0
10 7 0 0
11 7 0 0
11 2 0 0
11 6 0 0
11 4 0 0
12 6 0 0
12 10 0 0
12 2 0 0
12 1 0 0
13 12 0 0
13 1 0 0
13 10 0 0
13 8 0 0
14 6 0 0
14 12 0 0
14 8 0 0
14 1 0 0
15 7 0 0
15 0 0 0
15 2 0 0
15 11 0 0
16 4 0 0
16 8 0 0
16 7 0 0
16 5 0 0
17 2 0 0
17 3 0 0
17 16 0 0
17 4 0 0
18 11 0 0
18 16 0 0
18 0 0 0
18 5 0 0
19 3 0 0
19 2 0 0
19 7 0 0
19 14 0 0
0 16 0 0
0 17 0 0
0 19 0 0
0 11 0 0
1 18 0 0
1 6 0 0
1 19 0 0
1 16 0 0
2 13 0 0
2 9 0 0
2 14 0 0
2 18 0 0
3 11 0 0
3 14 0 0
3 13 0 0
3 7 0 0
24 22 1 1
24 20 1 1
24 23 1 1
24 21 1 1
25 24 1 1
25 22 1 1
25 21 1 1
25 20 1 1
26 21 1 1
26 23 1 1
26 20 1 1
26 25 1 1
27 21 1 1
27 26 1 1
27 22 1 1
27 24 1 1
28 24 1 1
28 21 1 1
28 22 1 1
28 26 1 1
29 20 1 1
29 23 1 1
29 25 1 1
29 22 1 1
30 29 1 1
30 26 1 1
30 25 1 1
30 27 1 1
31 25 1 1
31 28 1 1
31 27 1 1
31 20 1 1
32 25 1 1
32 27 1 1
32 20 1 1
32 24 1 1
33 28 1 1
33 22 1 1
33 27 1 1
33 26 1 1
34 32 1 1
34 21 1 1
34 27 1 1
34 31 1 1
35 27 1 1
35 33 1 1
35 24 1 1
35 26 1 1
36 24 1 1
36 28 1 1
36 27 1 1
36 35 1 1
37 20 1 1
37 31 1 1
37 29 1 1
37 35 1 1
38 21 1 1
38 32 1 1
38 29 1 1
38 23 1 1
39 25 1 1
39 34 1 1
39 28 1 1
39 23 1 1
20 27 1 1
20 33 1 1
20 30 1 1
20 34 1 1
21 29 1 1
21 32 1 1
21 37 1 1
21 35 1 1
22 37 1 1
22 32 1 1
22 38 1 1
22 30 1 1
23 30 1 1
23 34 1 1
23 25 1 1
23 27 1 1
44 41 2 2
44 40 2 2
44 43 2 2
44 42 2 2
45 43 2 2
45 40 2 2
45 42 2 2
45 44 2 2
46 42 2 2
46 40 2 2
46 45 2 2
46 43 2 2
47 40 2 2
47 45 2 2
47 44 2 2
47 43 2 2
48 47 2 2
48 42 2 2
48 45 2 2
48 43 2 2
49 40 2 2
49 42 2 2
49 44 2 2
49 48 2 2
50 41 2 2
50 45 2 2
50 46 2 2
50 40 2 2
51 48 2 2
51 49 2 2
51 47 2 2
51 43 2 2
52 45 2 2
52 44 2 2
52 42 2 2
52 46 2 2
53 41 2 2
53 52 2 2
53 40 2 2
53 50 2 2
54 51 2 2
54 52 2 2
54 42 2 2
54 47 2 2
55 43 2 2
55 52 2 2
55 51 2 2
55 53 2 2
56 41 2 2
56 52 2 2
56 47 2 2
56 45 2 2
57 51 2 2
57 43 2 2
57 49 2 2
57 54 2 2
58 55 2 2
58 49 2 2
58 51 2 2
58 46 2 2
59 44 2 2
59 53 2 2
59 45 2 2
59 41 2 2
40 59 2 2
40 57 2 2
40 56 2 2
40 54 2 2
41 46 2 2
41 52 2 2
41 47 2 2
41 58 2 2
42 55 2 2
42 58 2 2
42 59 2 2
42 57 2 2
43 50 2 2
43 58 2 2
43 49 2 2
43 52 2 2
64 62 3 3
64 63 3 3
64 60 3 3
64 61 3 3
65 64 3 3
65 63 3 3
65 61 3 3
65 62 3 3
66 60 3 3
66 62 3 3
66 63 3 3
66 64 3 3
67 63 3 3
67 66 3 3
67 64 3 3
67 65 3 3
68 63 3 3
68 67 3 3
68 60 3 3
68 66 3 3
69 62 3 3
69 63 3 3
69 67 3 3
69 66 3 3
70 66 3 3
70 67 3 3
70 64 3 3
70 65 3 3
71 65 3 3
71 67 3 3
71 70 3 3
71 66 3 3
72 64 3 3
72 71 3 3
72 70 3 3
72 69 3 3
73 69 3 3
73 68 3 3
73 66 3 3
73 63 3 3
74 71 3 3
74 65 3 3
74 70 3 3
74 66 3 3
75 73 3 3
75 63 3 3
75 67 3 3
75 74 3 3
76 62 3 3
76 67 3 3
76 69 3 3
76 66 3 3
77 60 3 3
77 68 3 3
77 72 3 3
77 73 3 3
78 75 3 3
78 69 3 3
78 67 3 3
78 66 3 3
79 76 3 3
79 73 3 3
79 69 3 3
79 63 3 3
60 70 3 3
60 78 3 3
60 65 3 3
60 75 3 3
61 70 3 3
61 77 3 3
61 69 3 3
61 68 3 3
62 79 3 3
62 77 3 3
62 78 3 3
62 67 3 3
63 78 3 3
63 77 3 3
63 76 3 3
63 71 3 3
84 80 4 4
84 81 4 4
84 82 4 4
84 83 4 4
85 81 4 4
85 83 4 4
85 82 4 4
85 80 4 4
86 85 4 4
86 82 4 4
86 81 4 4
86 80 4 4
87 86 4 4
87 83 4 4
87 81 4 4
87 84 4 4
88 86 4 4
88 87 4 4
88 83 4 4
88 85 4 4
89 83 4 4
89 87 4 4
89 88 4 4
89 85 4 4
90 82 4 4
90 86 4 4
90 80 4 4
90 84 4 4
91 80 4 4
91 89 4 4
91 83 4 4
91 86 4 4
92 88 4 4
92 87 4 4
92 82 4 4
92 89 4 4
93 84 4 4
93 88 4 4
93 87 4 4
93 89 4 4
94 88 4 4
94 81 4 4
94 92 4 4
94 93 4 4
95 90 4 4
95 91 4 4
95 80 4 4
95 93 4 4
96 93 4 4
96 81 4 4
96 94 4 4
96 89 4 4
97 81 4 4
97 86 4 4
97 92 4 4
97 80 4 4
98 95 4 4
98 94 4 4
98 90 4 4
98 87 4 4
99 85 4 4
99 82 4 4
99 86 4 4
99 97 4 4
80 99 4 4
80 93 4 4
80 98 4 4
80 89 4 4
81 90 4 4
81 98 4 4
81 95 4 4
81 91 4 4
82 98 4 4
82 95 4 4
82 91 4 4
82 94 4 4
83 98 4 4
83 90 4 4
83 96 4 4
83 93 4 4
104 103 5 5
104 101 5 5
104 102 5 5
104 100 5 5
105 100 5 5
105 103 5 5
105 101 5 5
105 102 5 5
106 104 5 5
106 102 5 5
106 101 5 5
106 105 5 5
107 100 5 5
107 103 5 5
107 102 5 5
107 105 5 5
108 104 5 5
108 105 5 5
108 101 5 5
108 102 5 5
109 105 5 5
109 101 5 5
109 104 5 5
109 100 5 5
110 109 5 5
110 103 5 5
110 101 5 5
110 105 5 5
111 102 5 5
111 108 5 5
111 100 5 5
111 101 5 5
112 101 5 5
112 104 5 5
112 106 5 5
112 108 5 5
113 109 5 5
113 112 5 5
113 104 5 5
113 110 5 5
114 112 5 5
114 109 5 5
114 105 5 5
114 113 5 5
115 109 5 5
115 103 5 5
115 100 5 5
115 104 5 5
116 107 5 5
116 111 5 5
116 102 5 5
116 103 5 5
117 116 5 5
117 100 5 5
117 110 5 5
117 101 5 5
118 102 5 5
118 109 5 5
118 105 5 5
118 106 5 5
119 102 5 5
119 117 5 5
119 103 5 5
119 113 5 5
100 114 5 5
100 108 5 5
100 118 5 5
100 116 5 5
101 114 5 5
101 113 5 5
101 115 5 5
101 116 5 5
102 110 5 5
102 115 5 5
102 109 5 5
102 113 5 5
103 114 5 5
103 118 5 5
103 108 5 5
103 117 5 5
124 121 6 6
124 120 6 6
124 122 6 6
124 123 6 6
125 124 6 6
125 121 6 6
125 122 6 6
125 120 6 6
126 122 6 6
126 123 6 6
126 120 6 6
126 125 6 6
127 124 6 6
127 121 6 6
127 120 6 6
127 125 6 6
128 120 6 6
128 127 6 6
128 126 6 6
128 122 6 6
129 124 6 6
129 123 6 6
129 128 6 6
129 126 6 6
130 122 6 6
130 125 6 6
130 121 6 6
130 126 6 6
131 130 6 6
131 124 6 6
131 120 6 6
131 129 6 6
132 130 6 6
132 127 6 6
132 129 6 6
132 131 6 6
133 127 6 6
133 132 6 6
133 129 6 6
133 125 6 6
134 128 6 6
134 130 6 6
134 123 6 6
134 124 6 6
135 130 6 6
135 133 6 6
135 123 6 6
135 131 6 6
136 127 6 6
136 129 6 6
136 120 6 6
136 124 6 6
137 125 6 6
137 127 6 6
137 120 6 6
137 130 6 6
138 132 6 6
138 122 6 6
138 131 6 6
138 121 6 6
139 130 6 6
139 120 6 6
139 138 6 6
139 132 6 6
120 134 6 6
120 130 6 6
120 132 6 6
120 129 6 6
121 131 6 6
121 126 6 6
121 139 6 6
121 137 6 6
122 139 6 6
122 129 6 6
122 134 6 6
122 137 6 6
123 138 6 6
123 130 6 6
123 136 6 6
123 128 6 6
144 142 7 7
144 143 7 7
144 141 7 7
144 140 7 7
145 141 7 7
145 140 7 7
145 142 7 7
145 143 7 7
146 142 7 7
146 141 7 7
146 143 7 7
146 140 7 7
147 143 7 7
147 140 7 7
147 145 7 7
147 142 7 7
148 144 7 7
148 141 7 7
148 143 7 7
148 140 7 7
149 144 7 7
149 148 7 7
149 146 7 7
149 143 7 7
150 147 7 7
150 143 7 7
150 149 7 7
150 148 7 7
151 145 7 7
151 141 7 7
151 149 7 7
151 140 7 7
152 145 7 7
152 141 7 7
152 142 7 7
152 140 7 7
153 151 7 7
153 150 7 7
153 146 7 7
153 144 7 7
154 153 7 7
154 152 7 7
154 141 7 7
154 147 7 7
155 146 7 7
155 150 7 7
155 144 7 7
155 143 7 7
156 148 7 7
156 147 7 7
156 145 7 7
156 142 7 7
157 146 7 7
157 156 7 7
157 150 7 7
157 143 7 7
158 149 7 7
158 151 7 7
158 140 7 7
158 142 7 7
159 140 7 7
159 151 7 7
159 146 7 7
159 149 7 7
140 154 7 7
140 149 7 7
140 150 7 7
140 153 7 7
141 153 7 7
141 158 7 7
141 159 7 7
141 149 7 7
142 151 7 7
142 154 7 7
142 157 7 7
142 159 7 7
143 156 7 7
143 158 7 7
143 153 7 7
143 159 7 7
164 160 8 8
164 161 8 8
164 163 8 8
164 162 8 8
165 164 8 8
165 160 8 8
165 162 8 8
165 163 8 8
166 162 8 8
166 160 8 8
166 163 8 8
166 165 8 8
167 162 8 8
167 163 8 8
167 165 8 8
167 161 8 8
168 165 8 8
168 160 8 8
168 166 8 8
168 167 8 8
169 166 8 8
169 161 8 8
169 168 8 8
169 160 8 8
170 165 8 8
170 167 8 8
170 164 8 8
170 169 8 8
171 164 8 8
171 162 8 8
171 160 8 8
171 167 8 8
172 169 8 8
172 161 8 8
172 171 8 8
172 170 8 8
173 163 8 8
173 169 8 8
173 172 8 8
173 166 8 8
174 173 8 8
174 162 8 8
174 167 8 8
174 160 8 8
175 162 8 8
175 164 8 8
175 161 8 8
175 172 8 8
176 167 8 8
176 175 8 8
176 171 8 8
176 172 8 8
177 169 8 8
177 170 8 8
177 172 8 8
177 167 8 8
178 175 8 8
178 161 8 8
178 169 8 8
178 172 8 8
179 165 8 8
179 176 8 8
179 169 8 8
179 178 8 8
160 175 8 8
160 176 8 8
160 177 8 8
160 173 8 8
161 173 8 8
161 179 8 8
161 165 8 8
161 168 8 8
162 168 8 8
162 176 8 8
162 179 8 8
162 170 8 8
163 175 8 8
163 177 8 8
163 170 8 8
163 168 8 8
184 182 9 9
184 183 9 9
184 181 9 9
184 180 9 9
185 184 9 9
185 183 9 9
185 181 9 9
185 180 9 9
186 184 9 9
186 183 9 9
186 185 9 9
186 181 9 9
187 185 9 9
187 186 9 9
187 181 9 9
187 182 9 9
188 183 9 9
188 185 9 9
188 186 9 9
188 184 9 9
189 187 9 9
189 182 9 9
189 184 9 9
189 186 9 9
190 185 9 9
190 186 9 9
190 184 9 9
190 189 9 9
191 180 9 9
191 187 9 9
191 183 9 9
191 189 9 9
192 185 9 9
192 188 9 9
192 184 9 9
192 186 9 9
193 183 9 9
193 187 9 9
193 180 9 9
193 191 9 9
194 185 9 9
194 186 9 9
194 183 9 9
194 181 9 9
195 183 9 9
195 181 9 9
195 186 9 9
195 185 9 9
196 183 9 9
196 189 9 9
196 190 9 9
196 186 9 9
197 180 9 9
197 183 9 9
197 185 9 9
197 195 9 9
198 180 9 9
198 186 9 9
198 181 9 9
198 182 9 9
199 182 9 9
199 195 9 9
199 197 9 9
199 189 9 9
180 194 9 9
180 199 9 9
180 187 9 9
180 189 9 9
181 196 9 9
181 189 9 9
181 199 9 9
181 191 9 9
182 193 9 9
182 194 9 9
182 186 9 9
182 190 9 9
183 192 9 9
183 187 9 9
183 190 9 9
183 189 9 9
204 202 10 10
204 200 10 10
204 203 10 10
204 201 10 10
205 202 10 10
205 201 10 10
205 203 10 10
205 200 10 10
206 202 10 10
206 203 10 10
206 204 10 10
206 205 10 10
207 206 10 10
207 204 10 10
207 205 10 10
207 200 10 10
208 207 10 10
208 204 10 10
208 205 10 10
208 206 10 10
209 200 10 10
209 202 10 10
209 204 10 10
209 206 10 10
210 205 10 10
210 207 10 10
210 209 10 10
210 203 10 10
211 210 10 10
211 209 10 10
211 206 10 10
211 200 10 10
212 200 10 10
212 201 10 10
212 204 10 10
212 207 10 10
213 211 10 10
213 207 10 10
213 210 10 10
213 208 10 10
214 210 10 10
214 206 10 10
214 212 10 10
214 213 10 10
215 204 10 10
215 207 10 10
215 206 10 10
215 200 10 10
216 204 10 10
216 211 10 10
216 200 10 10
216 203 10 10
217 207 10 10
217 210 10 10
217 201 10 10
217 216 10 10
218 200 10 10
218 213 10 10
218 215 10 10
218 210 10 10
219 201 10 10
219 210 10 10
219 214 10 10
219 209 10 10
200 206 10 10
200 217 10 10
200 213 10 10
200 214 10 10
201 209 10 10
201 210 10 10
201 211 10 10
201 213 10 10
202 214 10 10
202 217 10 10
202 207 10 10
202 210 10 10
203 214 10 10
203 212 10 10
203 211 10 10
203 208 10 10
224 221 11 11
224 220 11 11
224 223 11 11
224 222 11 11
225 220 11 11
225 221 11 11
225 222 11 11
225 224 11 11
226 220 11 11
226 222 11 11
226 223 11 11
226 224 11 11
227 222 11 11
227 223 11 11
227 220 11 11
227 224 11 11
228 227 11 11
228 222 11 11
228 224 11 11
228 220 11 11
229 227 11 11
229 223 11 11
229 221 11 11
229 220 11 11
230 222 11 11
230 229 11 11
230 228 11 11
230 220 11 11
231 229 11 11
231 225 11 11
231 221 11 11
231 230 11 11
232 220 11 11
232 222 11 11
232 225 11 11
232 229 11 11
233 223 11 11
233 221 11 11
233 230 11 11
233 229 11 11
234 221 11 11
234 225 11 11
234 233 11 11
234 229 11 11
235 226 11 11
235 229 11 11
235 234 11 11
235 223 11 11
236 230 11 11
236 222 11 11
236 229 11 11
236 226 11 11
237 227 11 11
237 229 11 11
237 220 11 11
237 224 11 11
238 237 11 11
238 222 11 11
238 233 11 11
238 235 11 11
239 222 11 11
239 234 11 11
239 223 11 11
239 235 11 11
220 238 11 11
220 234 11 11
220 239 11 11
220 235 11 11
221 236 11 11
221 232 11 11
221 239 11 11
221 235 11 11
222 233 11 11
222 234 11 11
222 237 11 11
222 235 11 11
223 228 11 11
223 234 11 11
223 225 11 11
223 238 11 11
244 243 12 12
244 242 12 12
244 241 12 12
244 240 12 12
245 241 12 12
245 242 12 12
245 240 12 12
245 244 12 12
246 240 12 12
246 243 12 12
246 242 12 12
246 241 12 12
247 246 12 12
247 243 12 12
247 240 12 12
247 242 12 12
248 241 12 12
248 245 12 12
248 244 12 12
248 242 12 12
249 242 12 12
249 247 12 12
249 243 12 12
249 240 12 12
250 245 12 12
250 240 12 12
250 247 12 12
250 246 12 12
251 242 12 12
251 247 12 12
251 245 12 12
251 244 12 12
252 240 12 12
252 243 12 12
252 251 12 12
252 249 12 12
253 251 12 12
253 246 12 12
253 242 12 12
253 250 12 12
254 243 12 12
254 251 12 12
254 249 12 12
254 252 12 12
255 249 12 12
255 244 12 12
255 252 12 12
255 241 12 12
256 252 12 12
256 248 12 12
256 246 12 12
256 244 12 12
257 254 12 12
257 245 12 12
257 243 12 12
257 244 12 12
258 242 12 12
258 244 12 12
258 254 12 12
258 256 12 12
259 243 12 12
259 244 12 12
259 249 12 12
259 257 12 12
240 253 12 12
240 251 12 12
240 248 12 12
240 259 12 12
241 258 12 12
241 253 12 12
241 257 12 12
241 254 12 12
242 255 12 12
242 259 12 12
242 252 12 12
242 257 12 12
243 255 12 12
243 251 12 12
243 253 12 12
243 258 12 12
264 261 13 13
264 263 13 13
264 262 13 13
264 260 13 13
265 260 13 13
265 263 13 13
265 261 13 13
265 264 13 13
266 265 13 13
266 260 13 13
266 263 13 13
266 264 13 13
267 262 13 13
267 266 13 13
267 264 13 13
267 265 13 13
268 265 13 13
268 263 13 13
268 260 13 13
268 262 13 13
269 261 13 13
269 262 13 13
269 264 13 13
269 266 13 13
270 267 13 13
270 262 13 13
270 265 13 13
270 266 13 13
271 268 13 13
271 265 13 13
271 270 13 13
271 263 13 13
272 271 13 13
272 265 13 13
272 266 13 13
272 262 13 13
273 261 13 13
273 265 13 13
273 268 13 13
273 270 13 13
274 260 13 13
274 265 13 13
274 264 13 13
274 262 13 13
275 265 13 13
275 267 13 13
275 261 13 13
275 272 13 13
276 269 13 13
276 264 13 13
276 265 13 13
276 274 13 13
277 262 13 13
277 266 13 13
277 274 13 13
277 269 13 13
278 274 13 13
278 272 13 13
278 263 13 13
278 268 13 13
279 262 13 13
279 274 13 13
279 263 13 13
279 268 13 13
260 277 13 13
260 275 13 13
260 278 13 13
260 272 13 13
261 266 13 13
261 279 13 13
261 268 13 13
261 272 13 13
262 275 13 13
262 276 13 13
262 266 13 13
262 271 13 13
263 272 13 13
263 270 13 13
263 277 13 13
263 275 13 13
284 283 14 14
284 280 14 14
284 281 14 14
284 282 14 14
285 283 14 14
285 280 14 14
285 284 14 14
285 282 14 14
286 280 14 14
286 283 14 14
286 284 14 14
286 282 14 14
287 284 14 14
287 281 14 14
287 283 14 14
287 285 14 14
288 285 14 14
288 284 14 14
288 282 14 14
288 287 14 14
289 284 14 14
289 286 14 14
289 280 14 14
289 283 14 14
290 281 14 14
290 287 14 14
290 284 14 14
290 286 14 14
291 288 14 14
291 282 14 14
291 280 14 14
291 285 14 14
292 290 14 14
292 289 14 14
292 284 14 14
292 287 14 14
293 290 14 14
293 287 14 14
293 281 14 14
293 292 14 14
294 281 14 14
294 293 14 14
294 287 14 14
294 284 14 14
295 289 14 14
295 280 14 14
295 294 14 14
295 284 14 14
296 284 14 14
296 280 14 14
296 289 14 14
296 282 14 14
297 288 14 14
297 291 14 14
297 282 14 14
297 283 14 14
298 297 14 14
298 285 14 14
298 287 14 14
298 283 14 14
299 291 14 14
299 287 14 14
299 280 14 14
299 297 14 14
280 288 14 14
280 287 14 14
280 298 14 14
280 297 14 14
281 295 14 14
281 291 14 14
281 288 14 14
281 292 14 14
282 298 14 14
282 299 14 14
282 294 14 14
282 289 14 14
283 294 14 14
283 291 14 14
283 296 14 14
283 292 14 14
304 302 15 15
304 301 15 15
304 300 15 15
304 303 15 15
305 302 15 15
305 301 15 15
305 300 15 15
305 303 15 15
306 301 15 15
306 303 15 15
306 302 15 15
306 305 15 15
307 303 15 15
307 302 15 15
307 305 15 15
307 301 15 15
308 307 15 15
308 302 15 15
308 301 15 15
308 306 15 15
309 306 15 15
309 304 15 15
309 307 15 15
309 300 15 15
310 304 15 15
310 307 15 15
310 301 15 15
310 302 15 15
311 304 15 15
311 302 15 15
311 307 15 15
311 303 15 15
312 308 15 15
312 303 15 15
312 302 15 15
312 304 15 15
313 306 15 15
313 302 15 15
313 311 15 15
313 309 15 15
314 310 15 15
314 304 15 15
314 311 15 15
314 313 15 15
315 313 15 15
315 305 15 15
315 304 15 15
315 310 15 15
316 303 15 15
316 306 15 15
316 315 15 15
316 304 15 15
317 308 15 15
317 314 15 15
317 312 15 15
317 307 15 15
318 309 15 15
318 302 15 15
318 304 15 15
318 315 15 15
319 309 15 15
319 313 15 15
319 302 15 15
319 315 15 15
300 319 15 15
300 306 15 15
300 308 15 15
300 313 15 15
301 314 15 15
301 316 15 15
301 318 15 15
301 312 15 15
302 316 15 15
302 317 15 15
302 309 15 15
302 315 15 15
303 308 15 15
303 310 15 15
303 317 15 15
303 313 15 15
95 3 4 0
81 36 4 1
95 57 4 2
82 75 4 3
113 48 5 2
104 21 5 1
110 8 5 0
117 85 5 4
123 31 6 1
130 67 6 3
127 43 6 2
134 115 6 5
151 76 7 3
149 120 7 6
141 56 7 2
140 101 7 5
172 8 8 0
160 47 8 2
179 132 8 6
172 98 8 4
195 32 9 1
183 130 9 6
184 143 9 7
184 111 9 5
210 10 10 0
202 63 10 3
218 85 10 4
201 162 10 8
220 0 11 0
230 185 11 9
224 132 11 6
235 149 11 7
259 30 12 1
258 230 12 11
245 68 12 3
256 116 12 5
270 158 13 7
272 48 13 2
261 121 13 6
278 166 13 8
299 206 14 10
297 89 14 4
294 160 14 8
285 118 14 5
301 297 15 14
308 95 15 4
317 244 15 12
307 107 15 5
0 123 0 6
12 249 0 12
4 304 0 15
9 196 0 9
35 278 1 13
27 229 1 11
24 285 1 14
33 167 1 8
58 283 2 14
58 191 2 9
40 218 2 10
54 251 2 12
76 220 3 11
63 274 3 13
66 304 3 15
78 107 3 5
