swNum = 320
edgeNum = 1344

0 0
1 0
2 0
3 0
4 0
5 0
6 0
7 0
8 0
9 0
10 0
11 0
12 0
13 0
14 0
15 0
16 0
17 0
18 0
19 0
20 1
21 1
22 1
23 1
24 1
25 1
26 1
27 1
28 1
29 1
30 1
31 1
32 1
33 1
34 1
35 1
36 1
37 1
38 1
39 1
40 2
41 2
42 2
43 2
44 2
45 2
46 2
47 2
48 2
49 2
50 2
51 2
52 2
53 2
54 2
55 2
56 2
57 2
58 2
59 2
60 3
61 3
62 3
63 3
64 3
65 3
66 3
67 3
68 3
69 3
70 3
71 3
72 3
73 3
74 3
75 3
76 3
77 3
78 3
79 3
80 4
81 4
82 4
83 4
84 4
85 4
86 4
87 4
88 4
89 4
90 4
91 4
92 4
93 4
94 4
95 4
96 4
97 4
98 4
99 4
100 5
101 5
102 5
103 5
104 5
105 5
106 5
107 5
108 5
109 5
110 5
111 5
112 5
113 5
114 5
115 5
116 5
117 5
118 5
119 5
120 6
121 6
122 6
123 6
124 6
125 6
126 6
127 6
128 6
129 6
130 6
131 6
132 6
133 6
134 6
135 6
136 6
137 6
138 6
139 6
140 7
141 7
142 7
143 7
144 7
145 7
146 7
147 7
148 7
149 7
150 7
151 7
152 7
153 7
154 7
155 7
156 7
157 7
158 7
159 7
160 8
161 8
162 8
163 8
164 8
165 8
166 8
167 8
168 8
169 8
170 8
171 8
172 8
173 8
174 8
175 8
176 8
177 8
178 8
179 8
180 9
181 9
182 9
183 9
184 9
185 9
186 9
187 9
188 9
189 9
190 9
191 9
192 9
193 9
194 9
195 9
196 9
197 9
198 9
199 9
200 10
201 10
202 10
203 10
204 10
205 10
206 10
207 10
208 10
209 10
210 10
211 10
212 10
213 10
214 10
215 10
216 10
217 10
218 10
219 10
220 11
221 11
222 11
223 11
224 11
225 11
226 11
227 11
228 11
229 11
230 11
231 11
232 11
233 11
234 11
235 11
236 11
237 11
238 11
239 11
240 12
241 12
242 12
243 12
244 12
245 12
246 12
247 12
248 12
249 12
250 12
251 12
252 12
253 12
254 12
255 12
256 12
257 12
258 12
259 12
260 13
261 13
262 13
263 13
264 13
265 13
266 13
267 13
268 13
269 13
270 13
271 13
272 13
273 13
274 13
275 13
276 13
277 13
278 13
279 13
280 14
281 14
282 14
283 14
284 14
285 14
286 14
287 14
288 14
289 14
290 14
291 14
292 14
293 14
294 14
295 14
296 14
297 14
298 14
299 14
300 15
301 15
302 15
303 15
304 15
305 15
306 15
307 15
308 15
309 15
310 15
311 15
312 15
313 15
314 15
315 15
316 15
317 15
318 15
319 15

4 3 0 0
4 1 0 0
4 2 0 0
4 0 0 0
5 3 0 0
5 0 0 0
5 4 0 0
5 1 0 0
6 2 0 0
6 5 0 0
6 0 0 0
6 3 0 0
7 4 0 0
7 6 0 0
7 3 0 0
7 2 0 0
8 2 0 0
8 3 0 0
8 1 0 0
8 5 0 0
9 4 0 0
9 0 0 0
9 1 0 0
9 7 0 0
10 9 0 0
10 5 0 0
10 2 0 0
10 4 0 0
11 0 0 0
11 9 0 0
11 1 0 0
11 5 0 0
12 1 0 0
12 6 0 0
12 0 0 0
12 9 0 0
13 5 0 0
13 10 0 0
13 9 0 0
13 8 0 0
14 1 0 0
14 4 0 0
14 2 0 0
14 8 0 0
15 2 0 0
15 1 0 0
15 3 0 0
15 11 0 0
16 5 0 0
16 14 0 0
16 7 0 0
16 15 0 0
17 10 0 0
17 2 0 0
17 13 0 0
17 3 0 0
18 9 0 0
18 6 0 0
18 15 0 0
18 1 0 0
19 8 0 0
19 2 0 0
19 17 0 0
19 3 0 0
0 17 0 0
0 13 0 0
0 18 0 0
0 16 0 0
1 17 0 0
1 13 0 0
1 16 0 0
1 19 0 0
2 5 0 0
2 9 0 0
2 18 0 0
2 16 0 0
3 14 0 0
3 13 0 0
3 9 0 0
3 16 0 0
24 23 1 1
24 20 1 1
24 21 1 1
24 22 1 1
25 23 1 1
25 22 1 1
25 24 1 1
25 21 1 1
26 25 1 1
26 21 1 1
26 24 1 1
26 22 1 1
27 21 1 1
27 25 1 1
27 22 1 1
27 26 1 1
28 26 1 1
28 27 1 1
28 22 1 1
28 24 1 1
29 21 1 1
29 22 1 1
29 24 1 1
29 27 1 1
30 25 1 1
30 29 1 1
30 27 1 1
30 22 1 1
31 29 1 1
31 21 1 1
31 30 1 1
31 24 1 1
32 24 1 1
32 25 1 1
32 30 1 1
32 22 1 1
33 24 1 1
33 20 1 1
33 28 1 1
33 23 1 1
34 22 1 1
34 26 1 1
34 29 1 1
34 30 1 1
35 33 1 1
35 29 1 1
35 20 1 1
35 25 1 1
36 31 1 1
36 27 1 1
36 29 1 1
36 21 1 1
37 35 1 1
37 36 1 1
37 33 1 1
37 31 1 1
38 30 1 1
38 36 1 1
38 25 1 1
38 32 1 1
39 29 1 1
39 22 1 1
39 30 1 1
39 28 1 1
20 32 1 1
20 34 1 1
20 29 1 1
20 30 1 1
21 34 1 1
21 28 1 1
21 38 1 1
21 32 1 1
22 36 1 1
22 35 1 1
22 38 1 1
22 31 1 1
23 32 1 1
23 28 1 1
23 35 1 1
23 30 1 1
44 42 2 2
44 40 2 2
44 43 2 2
44 41 2 2
45 43 2 2
45 41 2 2
45 40 2 2
45 42 2 2
46 42 2 2
46 40 2 2
46 44 2 2
46 45 2 2
47 45 2 2
47 41 2 2
47 44 2 2
47 40 2 2
48 45 2 2
48 40 2 2
48 46 2 2
48 47 2 2
49 43 2 2
49 47 2 2
49 40 2 2
49 48 2 2
50 40 2 2
50 47 2 2
50 41 2 2
50 48 2 2
51 49 2 2
51 41 2 2
51 40 2 2
51 45 2 2
52 51 2 2
52 43 2 2
52 45 2 2
52 48 2 2
53 48 2 2
53 40 2 2
53 50 2 2
53 46 2 2
54 48 2 2
54 46 2 2
54 49 2 2
54 45 2 2
55 42 2 2
55 44 2 2
55 49 2 2
55 48 2 2
56 45 2 2
56 49 2 2
56 51 2 2
56 43 2 2
57 56 2 2
57 50 2 2
57 55 2 2
57 40 2 2
58 41 2 2
58 57 2 2
58 53 2 2
58 52 2 2
59 45 2 2
59 51 2 2
59 55 2 2
59 56 2 2
40 56 2 2
40 55 2 2
40 58 2 2
40 59 2 2
41 56 2 2
41 48 2 2
41 59 2 2
41 52 2 2
42 47 2 2
42 49 2 2
42 53 2 2
42 50 2 2
43 51 2 2
43 55 2 2
43 48 2 2
43 59 2 2
64 62 3 3
64 60 3 3
64 63 3 3
64 61 3 3
65 63 3 3
65 62 3 3
65 60 3 3
65 61 3 3
66 64 3 3
66 60 3 3
66 65 3 3
66 61 3 3
67 60 3 3
67 64 3 3
67 66 3 3
67 62 3 3
68 64 3 3
68 60 3 3
68 65 3 3
68 63 3 3
69 62 3 3
69 60 3 3
69 61 3 3
69 65 3 3
70 69 3 3
70 62 3 3
70 61 3 3
70 65 3 3
71 67 3 3
71 60 3 3
71 62 3 3
71 64 3 3
72 64 3 3
72 68 3 3
72 60 3 3
72 69 3 3
73 69 3 3
73 62 3 3
73 60 3 3
73 70 3 3
74 69 3 3
74 68 3 3
74 65 3 3
74 63 3 3
75 65 3 3
75 69 3 3
75 73 3 3
75 62 3 3
76 62 3 3
76 74 3 3
76 70 3 3
76 72 3 3
77 71 3 3
77 74 3 3
77 66 3 3
77 73 3 3
78 61 3 3
78 76 3 3
78 75 3 3
78 62 3 3
79 71 3 3
79 65 3 3
79 68 3 3
79 70 3 3
60 75 3 3
60 74 3 3
60 78 3 3
60 76 3 3
61 75 3 3
61 73 3 3
61 67 3 3
61 68 3 3
62 77 3 3
62 79 3 3
62 72 3 3
62 66 3 3
63 72 3 3
63 66 3 3
63 70 3 3
63 69 3 3
84 81 4 4
84 83 4 4
84 82 4 4
84 80 4 4
85 81 4 4
85 82 4 4
85 84 4 4
85 83 4 4
86 85 4 4
86 81 4 4
86 84 4 4
86 83 4 4
87 85 4 4
87 84 4 4
87 80 4 4
87 86 4 4
88 83 4 4
88 85 4 4
88 82 4 4
88 80 4 4
89 81 4 4
89 85 4 4
89 83 4 4
89 86 4 4
90 86 4 4
90 87 4 4
90 85 4 4
90 88 4 4
91 85 4 4
91 86 4 4
91 83 4 4
91 88 4 4
92 81 4 4
92 86 4 4
92 91 4 4
92 90 4 4
93 86 4 4
93 90 4 4
93 88 4 4
93 81 4 4
94 88 4 4
94 83 4 4
94 86 4 4
94 93 4 4
95 91 4 4
95 87 4 4
95 90 4 4
95 80 4 4
96 89 4 4
96 84 4 4
96 91 4 4
96 88 4 4
97 89 4 4
97 85 4 4
97 94 4 4
97 81 4 4
98 82 4 4
98 94 4 4
98 89 4 4
98 81 4 4
99 87 4 4
99 94 4 4
99 93 4 4
99 95 4 4
80 93 4 4
80 98 4 4
80 85 4 4
80 90 4 4
81 95 4 4
81 87 4 4
81 96 4 4
81 91 4 4
82 97 4 4
82 94 4 4
82 87 4 4
82 93 4 4
83 97 4 4
83 98 4 4
83 93 4 4
83 96 4 4
104 102 5 5
104 101 5 5
104 100 5 5
104 103 5 5
105 103 5 5
105 101 5 5
105 100 5 5
105 102 5 5
106 104 5 5
106 105 5 5
106 100 5 5
106 102 5 5
107 102 5 5
107 103 5 5
107 106 5 5
107 105 5 5
108 102 5 5
108 105 5 5
108 101 5 5
108 107 5 5
109 105 5 5
109 103 5 5
109 108 5 5
109 102 5 5
110 103 5 5
110 104 5 5
110 107 5 5
110 100 5 5
111 106 5 5
111 110 5 5
111 107 5 5
111 104 5 5
112 111 5 5
112 105 5 5
112 108 5 5
112 101 5 5
113 106 5 5
113 107 5 5
113 104 5 5
113 103 5 5
114 110 5 5
114 100 5 5
114 105 5 5
114 101 5 5
115 100 5 5
115 108 5 5
115 102 5 5
115 107 5 5
116 113 5 5
116 115 5 5
116 106 5 5
116 104 5 5
117 102 5 5
117 111 5 5
117 112 5 5
117 107 5 5
118 103 5 5
118 115 5 5
118 100 5 5
118 112 5 5
119 118 5 5
119 103 5 5
119 117 5 5
119 104 5 5
100 112 5 5
100 119 5 5
100 108 5 5
100 113 5 5
101 118 5 5
101 109 5 5
101 111 5 5
101 119 5 5
102 118 5 5
102 111 5 5
102 116 5 5
102 114 5 5
103 115 5 5
103 112 5 5
103 114 5 5
103 108 5 5
124 123 6 6
124 120 6 6
124 122 6 6
124 121 6 6
125 121 6 6
125 122 6 6
125 120 6 6
125 123 6 6
126 120 6 6
126 123 6 6
126 124 6 6
126 122 6 6
127 122 6 6
127 124 6 6
127 120 6 6
127 126 6 6
128 123 6 6
128 126 6 6
128 122 6 6
128 127 6 6
129 127 6 6
129 128 6 6
129 123 6 6
129 124 6 6
130 120 6 6
130 124 6 6
130 128 6 6
130 121 6 6
131 127 6 6
131 129 6 6
131 122 6 6
131 124 6 6
132 129 6 6
132 122 6 6
132 125 6 6
132 123 6 6
133 124 6 6
133 121 6 6
133 125 6 6
133 123 6 6
134 127 6 6
134 123 6 6
134 124 6 6
134 128 6 6
135 122 6 6
135 132 6 6
135 125 6 6
135 129 6 6
136 129 6 6
136 131 6 6
136 122 6 6
136 132 6 6
137 124 6 6
137 120 6 6
137 125 6 6
137 133 6 6
138 134 6 6
138 122 6 6
138 126 6 6
138 137 6 6
139 128 6 6
139 120 6 6
139 121 6 6
139 131 6 6
120 128 6 6
120 135 6 6
120 129 6 6
120 134 6 6
121 135 6 6
121 128 6 6
121 131 6 6
121 129 6 6
122 129 6 6
122 137 6 6
122 139 6 6
122 130 6 6
123 130 6 6
123 127 6 6
123 138 6 6
123 137 6 6
144 141 7 7
144 140 7 7
144 143 7 7
144 142 7 7
145 144 7 7
145 140 7 7
145 141 7 7
145 142 7 7
146 144 7 7
146 145 7 7
146 141 7 7
146 140 7 7
147 144 7 7
147 145 7 7
147 141 7 7
147 143 7 7
148 140 7 7
148 142 7 7
148 143 7 7
148 146 7 7
149 141 7 7
149 143 7 7
149 140 7 7
149 144 7 7
150 144 7 7
150 147 7 7
150 145 7 7
150 141 7 7
151 141 7 7
151 144 7 7
151 147 7 7
151 150 7 7
152 150 7 7
152 145 7 7
152 146 7 7
152 144 7 7
153 140 7 7
153 148 7 7
153 142 7 7
153 150 7 7
154 143 7 7
154 150 7 7
154 142 7 7
154 153 7 7
155 149 7 7
155 148 7 7
155 151 7 7
155 143 7 7
156 142 7 7
156 144 7 7
156 145 7 7
156 152 7 7
157 143 7 7
157 140 7 7
157 149 7 7
157 144 7 7
158 147 7 7
158 144 7 7
158 149 7 7
158 150 7 7
159 140 7 7
159 157 7 7
159 154 7 7
159 155 7 7
140 156 7 7
140 158 7 7
140 150 7 7
140 155 7 7
141 152 7 7
141 158 7 7
141 153 7 7
141 148 7 7
142 152 7 7
142 159 7 7
142 155 7 7
142 149 7 7
143 153 7 7
143 151 7 7
143 145 7 7
143 158 7 7
164 162 8 8
164 161 8 8
164 160 8 8
164 163 8 8
165 161 8 8
165 160 8 8
165 162 8 8
165 164 8 8
166 165 8 8
166 160 8 8
166 164 8 8
166 161 8 8
167 166 8 8
167 164 8 8
167 160 8 8
167 165 8 8
168 163 8 8
168 160 8 8
168 167 8 8
168 166 8 8
169 163 8 8
169 166 8 8
169 160 8 8
169 168 8 8
170 169 8 8
170 168 8 8
170 165 8 8
170 160 8 8
171 170 8 8
171 167 8 8
171 161 8 8
171 160 8 8
172 162 8 8
172 160 8 8
172 164 8 8
172 171 8 8
173 167 8 8
173 164 8 8
173 166 8 8
173 165 8 8
174 168 8 8
174 173 8 8
174 167 8 8
174 171 8 8
175 163 8 8
175 170 8 8
175 165 8 8
175 168 8 8
176 171 8 8
176 173 8 8
176 167 8 8
176 165 8 8
177 162 8 8
177 165 8 8
177 161 8 8
177 163 8 8
178 169 8 8
178 173 8 8
178 165 8 8
178 171 8 8
179 162 8 8
179 160 8 8
179 161 8 8
179 164 8 8
160 175 8 8
160 176 8 8
160 174 8 8
160 178 8 8
161 169 8 8
161 167 8 8
161 170 8 8
161 173 8 8
162 170 8 8
162 173 8 8
162 176 8 8
162 168 8 8
163 171 8 8
163 166 8 8
163 173 8 8
163 167 8 8
184 180 9 9
184 182 9 9
184 183 9 9
184 181 9 9
185 180 9 9
185 181 9 9
185 184 9 9
185 182 9 9
186 182 9 9
186 180 9 9
186 183 9 9
186 184 9 9
187 184 9 9
187 183 9 9
187 182 9 9
187 180 9 9
188 181 9 9
188 183 9 9
188 180 9 9
188 187 9 9
189 185 9 9
189 180 9 9
189 181 9 9
189 182 9 9
190 181 9 9
190 186 9 9
190 180 9 9
190 185 9 9
191 183 9 9
191 181 9 9
191 189 9 9
191 180 9 9
192 190 9 9
192 189 9 9
192 191 9 9
192 183 9 9
193 191 9 9
193 192 9 9
193 188 9 9
193 181 9 9
194 185 9 9
194 187 9 9
194 193 9 9
194 183 9 9
195 189 9 9
195 181 9 9
195 183 9 9
195 194 9 9
196 188 9 9
196 191 9 9
196 189 9 9
196 190 9 9
197 189 9 9
197 185 9 9
197 186 9 9
197 182 9 9
198 196 9 9
198 195 9 9
198 187 9 9
198 191 9 9
199 197 9 9
199 185 9 9
199 196 9 9
199 187 9 9
180 194 9 9
180 197 9 9
180 193 9 9
180 192 9 9
181 194 9 9
181 198 9 9
181 199 9 9
181 192 9 9
182 195 9 9
182 191 9 9
182 188 9 9
182 198 9 9
183 196 9 9
183 193 9 9
183 198 9 9
183 190 9 9
204 203 10 10
204 200 10 10
204 202 10 10
204 201 10 10
205 201 10 10
205 202 10 10
205 203 10 10
205 204 10 10
206 204 10 10
206 203 10 10
206 200 10 10
206 201 10 10
207 201 10 10
207 206 10 10
207 200 10 10
207 205 10 10
208 204 10 10
208 207 10 10
208 201 10 10
208 203 10 10
209 204 10 10
209 203 10 10
209 206 10 10
209 200 10 10
210 200 10 10
210 208 10 10
210 202 10 10
210 207 10 10
211 203 10 10
211 202 10 10
211 206 10 10
211 205 10 10
212 201 10 10
212 208 10 10
212 202 10 10
212 203 10 10
213 201 10 10
213 202 10 10
213 212 10 10
213 200 10 10
214 201 10 10
214 200 10 10
214 203 10 10
214 213 10 10
215 212 10 10
215 213 10 10
215 211 10 10
215 207 10 10
216 204 10 10
216 210 10 10
216 201 10 10
216 214 10 10
217 214 10 10
217 215 10 10
217 202 10 10
217 212 10 10
218 216 10 10
218 215 10 10
218 201 10 10
218 213 10 10
219 204 10 10
219 208 10 10
219 200 10 10
219 210 10 10
200 211 10 10
200 218 10 10
200 208 10 10
200 216 10 10
201 215 10 10
201 209 10 10
201 217 10 10
201 210 10 10
202 214 10 10
202 209 10 10
202 208 10 10
202 206 10 10
203 215 10 10
203 207 10 10
203 218 10 10
203 219 10 10
224 221 11 11
224 222 11 11
224 220 11 11
224 223 11 11
225 224 11 11
225 222 11 11
225 221 11 11
225 220 11 11
226 221 11 11
226 223 11 11
226 220 11 11
226 224 11 11
227 222 11 11
227 224 11 11
227 226 11 11
227 225 11 11
228 223 11 11
228 225 11 11
228 227 11 11
228 220 11 11
229 228 11 11
229 223 11 11
229 225 11 11
229 226 11 11
230 226 11 11
230 228 11 11
230 220 11 11
230 225 11 11
231 224 11 11
231 227 11 11
231 220 11 11
231 230 11 11
232 225 11 11
232 230 11 11
232 231 11 11
232 227 11 11
233 229 11 11
233 226 11 11
233 222 11 11
233 228 11 11
234 223 11 11
234 232 11 11
234 220 11 11
234 229 11 11
235 226 11 11
235 231 11 11
235 223 11 11
235 234 11 11
236 235 11 11
236 226 11 11
236 221 11 11
236 224 11 11
237 236 11 11
237 226 11 11
237 228 11 11
237 230 11 11
238 220 11 11
238 224 11 11
238 222 11 11
238 229 11 11
239 232 11 11
239 229 11 11
239 234 11 11
239 224 11 11
220 233 11 11
220 227 11 11
220 236 11 11
220 235 11 11
221 232 11 11
221 230 11 11
221 227 11 11
221 231 11 11
222 231 11 11
222 237 11 11
222 236 11 11
222 229 11 11
223 233 11 11
223 236 11 11
223 237 11 11
223 227 11 11
244 242 12 12
244 240 12 12
244 241 12 12
244 243 12 12
245 241 12 12
245 243 12 12
245 244 12 12
245 240 12 12
246 241 12 12
246 242 12 12
246 245 12 12
246 240 12 12
247 241 12 12
247 244 12 12
247 246 12 12
247 243 12 12
248 246 12 12
248 247 12 12
248 240 12 12
248 242 12 12
249 245 12 12
249 241 12 12
249 243 12 12
249 242 12 12
250 243 12 12
250 244 12 12
250 242 12 12
250 241 12 12
251 247 12 12
251 241 12 12
251 240 12 12
251 248 12 12
252 246 12 12
252 242 12 12
252 241 12 12
252 250 12 12
253 250 12 12
253 252 12 12
253 248 12 12
253 251 12 12
254 253 12 12
254 252 12 12
254 250 12 12
254 246 12 12
255 244 12 12
255 250 12 12
255 246 12 12
255 240 12 12
256 246 12 12
256 251 12 12
256 252 12 12
256 247 12 12
257 245 12 12
257 240 12 12
257 243 12 12
257 253 12 12
258 246 12 12
258 240 12 12
258 250 12 12
258 244 12 12
259 242 12 12
259 251 12 12
259 247 12 12
259 257 12 12
240 254 12 12
240 259 12 12
240 250 12 12
240 253 12 12
241 254 12 12
241 253 12 12
241 258 12 12
241 257 12 12
242 254 12 12
242 255 12 12
242 253 12 12
242 247 12 12
243 258 12 12
243 259 12 12
243 251 12 12
243 253 12 12
264 263 13 13
264 262 13 13
264 260 13 13
264 261 13 13
265 260 13 13
265 264 13 13
265 263 13 13
265 261 13 13
266 265 13 13
266 260 13 13
266 261 13 13
266 264 13 13
267 262 13 13
267 264 13 13
267 266 13 13
267 263 13 13
268 261 13 13
268 260 13 13
268 265 13 13
268 266 13 13
269 267 13 13
269 264 13 13
269 260 13 13
269 268 13 13
270 266 13 13
270 265 13 13
270 260 13 13
270 264 13 13
271 264 13 13
271 270 13 13
271 266 13 13
271 263 13 13
272 271 13 13
272 267 13 13
272 264 13 13
272 263 13 13
273 269 13 13
273 264 13 13
273 260 13 13
273 270 13 13
274 261 13 13
274 260 13 13
274 262 13 13
274 263 13 13
275 265 13 13
275 267 13 13
275 273 13 13
275 263 13 13
276 274 13 13
276 263 13 13
276 273 13 13
276 266 13 13
277 268 13 13
277 274 13 13
277 264 13 13
277 276 13 13
278 261 13 13
278 273 13 13
278 276 13 13
278 269 13 13
279 268 13 13
279 263 13 13
279 267 13 13
279 269 13 13
260 277 13 13
260 279 13 13
260 271 13 13
260 278 13 13
261 279 13 13
261 273 13 13
261 267 13 13
261 276 13 13
262 266 13 13
262 268 13 13
262 278 13 13
262 265 13 13
263 273 13 13
263 270 13 13
263 269 13 13
263 266 13 13
284 280 14 14
284 283 14 14
284 282 14 14
284 281 14 14
285 280 14 14
285 283 14 14
285 284 14 14
285 282 14 14
286 285 14 14
286 283 14 14
286 282 14 14
286 280 14 14
287 280 14 14
287 283 14 14
287 285 14 14
287 282 14 14
288 284 14 14
288 286 14 14
288 281 14 14
288 285 14 14
289 283 14 14
289 286 14 14
289 282 14 14
289 288 14 14
290 286 14 14
290 280 14 14
290 284 14 14
290 288 14 14
291 282 14 14
291 288 14 14
291 284 14 14
291 290 14 14
292 289 14 14
292 286 14 14
292 282 14 14
292 291 14 14
293 282 14 14
293 292 14 14
293 285 14 14
293 281 14 14
294 286 14 14
294 285 14 14
294 288 14 14
294 292 14 14
295 288 14 14
295 286 14 14
295 292 14 14
295 291 14 14
296 280 14 14
296 287 14 14
296 294 14 14
296 291 14 14
297 281 14 14
297 294 14 14
297 296 14 14
297 286 14 14
298 285 14 14
298 294 14 14
298 292 14 14
298 287 14 14
299 290 14 14
299 281 14 14
299 283 14 14
299 289 14 14
280 292 14 14
280 294 14 14
280 288 14 14
280 295 14 14
281 295 14 14
281 294 14 14
281 287 14 14
281 291 14 14
282 288 14 14
282 298 14 14
282 290 14 14
282 295 14 14
283 288 14 14
283 291 14 14
283 290 14 14
283 296 14 14
304 300 15 15
304 302 15 15
304 301 15 15
304 303 15 15
305 301 15 15
305 303 15 15
305 304 15 15
305 300 15 15
306 300 15 15
306 303 15 15
306 301 15 15
306 305 15 15
307 300 15 15
307 302 15 15
307 305 15 15
307 303 15 15
308 306 15 15
308 301 15 15
308 303 15 15
308 302 15 15
309 306 15 15
309 308 15 15
309 301 15 15
309 303 15 15
310 307 15 15
310 301 15 15
310 300 15 15
310 309 15 15
311 301 15 15
311 310 15 15
311 307 15 15
311 308 15 15
312 306 15 15
312 305 15 15
312 302 15 15
312 309 15 15
313 302 15 15
313 312 15 15
313 300 15 15
313 305 15 15
314 311 15 15
314 305 15 15
314 310 15 15
314 304 15 15
315 307 15 15
315 303 15 15
315 301 15 15
315 305 15 15
316 304 15 15
316 302 15 15
316 307 15 15
316 300 15 15
317 314 15 15
317 310 15 15
317 302 15 15
317 300 15 15
318 309 15 15
318 305 15 15
318 308 15 15
318 304 15 15
319 311 15 15
319 314 15 15
319 301 15 15
319 317 15 15
300 314 15 15
300 312 15 15
300 318 15 15
300 319 15 15
301 314 15 15
301 318 15 15
301 312 15 15
301 317 15 15
302 314 15 15
302 318 15 15
302 310 15 15
302 305 15 15
303 311 15 15
303 318 15 15
303 314 15 15
303 312 15 15
95 33 4 1
89 6 4 0
97 50 4 2
97 64 4 3
117 62 5 3
119 82 5 4
101 59 5 2
103 24 5 1
135 39 6 1
124 82 6 4
121 54 6 2
130 8 6 0
140 100 7 5
147 86 7 4
150 19 7 0
143 47 7 2
160 103 8 5
171 57 8 2
169 37 8 1
162 150 8 7
191 121 9 6
185 166 9 8
195 61 9 3
184 37 9 1
217 113 10 5
203 183 10 9
207 20 10 1
203 51 10 2
223 186 11 9
223 159 11 7
224 206 11 10
220 40 11 2
245 38 12 1
252 163 12 8
250 47 12 2
259 185 12 9
261 234 13 11
273 38 13 1
266 168 13 8
266 206 13 10
296 70 14 3
285 198 14 9
298 104 14 5
289 266 14 13
307 251 15 12
317 2 15 0
319 198 15 9
319 63 15 3
7 184 0 9
19 216 0 10
13 256 0 12
2 101 0 5
30 153 1 7
34 227 1 11
27 314 1 15
36 297 1 14
59 184 2 9
42 263 2 13
41 296 2 14
44 317 2 15
73 218 3 10
79 277 3 13
66 225 3 11
78 120 3 6
