swNum = 320
edgeNum = 1344

0 0
1 0
2 0
3 0
4 0
5 0
6 0
7 0
8 0
9 0
10 0
11 0
12 0
13 0
14 0
15 0
16 0
17 0
18 0
19 0
20 1
21 1
22 1
23 1
24 1
25 1
26 1
27 1
28 1
29 1
30 1
31 1
32 1
33 1
34 1
35 1
36 1
37 1
38 1
39 1
40 2
41 2
42 2
43 2
44 2
45 2
46 2
47 2
48 2
49 2
50 2
51 2
52 2
53 2
54 2
55 2
56 2
57 2
58 2
59 2
60 3
61 3
62 3
63 3
64 3
65 3
66 3
67 3
68 3
69 3
70 3
71 3
72 3
73 3
74 3
75 3
76 3
77 3
78 3
79 3
80 4
81 4
82 4
83 4
84 4
85 4
86 4
87 4
88 4
89 4
90 4
91 4
92 4
93 4
94 4
95 4
96 4
97 4
98 4
99 4
100 5
101 5
102 5
103 5
104 5
105 5
106 5
107 5
108 5
109 5
110 5
111 5
112 5
113 5
114 5
115 5
116 5
117 5
118 5
119 5
120 6
121 6
122 6
123 6
124 6
125 6
126 6
127 6
128 6
129 6
130 6
131 6
132 6
133 6
134 6
135 6
136 6
137 6
138 6
139 6
140 7
141 7
142 7
143 7
144 7
145 7
146 7
147 7
148 7
149 7
150 7
151 7
152 7
153 7
154 7
155 7
156 7
157 7
158 7
159 7
160 8
161 8
162 8
163 8
164 8
165 8
166 8
167 8
168 8
169 8
170 8
171 8
172 8
173 8
174 8
175 8
176 8
177 8
178 8
179 8
180 9
181 9
182 9
183 9
184 9
185 9
186 9
187 9
188 9
189 9
190 9
191 9
192 9
193 9
194 9
195 9
196 9
197 9
198 9
199 9
200 10
201 10
202 10
203 10
204 10
205 10
206 10
207 10
208 10
209 10
210 10
211 10
212 10
213 10
214 10
215 10
216 10
217 10
218 10
219 10
220 11
221 11
222 11
223 11
224 11
225 11
226 11
227 11
228 11
229 11
230 11
231 11
232 11
233 11
234 11
235 11
236 11
237 11
238 11
239 11
240 12
241 12
242 12
243 12
244 12
245 12
246 12
247 12
248 12
249 12
250 12
251 12
252 12
253 12
254 12
255 12
256 12
257 12
258 12
259 12
260 13
261 13
262 13
263 13
264 13
265 13
266 13
267 13
268 13
269 13
270 13
271 13
272 13
273 13
274 13
275 13
276 13
277 13
278 13
279 13
280 14
281 14
282 14
283 14
284 14
285 14
286 14
287 14
288 14
289 14
290 14
291 14
292 14
293 14
294 14
295 14
296 14
297 14
298 14
299 14
300 15
301 15
302 15
303 15
304 15
305 15
306 15
307 15
308 15
309 15
310 15
311 15
312 15
313 15
314 15
315 15
316 15
317 15
318 15
319 15

4 0 0 0
4 1 0 0
4 3 0 0
4 2 0 0
5 0 0 0
5 3 0 0
5 4 0 0
5 2 0 0
6 5 0 0
6 1 0 0
6 3 0 0
6 2 0 0
7 1 0 0
7 6 0 0
7 2 0 0
7 3 0 0
8 5 0 0
8 7 0 0
8 4 0 0
8 6 0 0
9 6 0 0
9 4 0 0
9 2 0 0
9 8 0 0
10 4 0 0
10 9 0 0
10 0 0 0
10 7 0 0
11 10 0 0
11 7 0 0
11 1 0 0
11 5 0 0
12 7 0 0
12 3 0 0
12 5 0 0
12 11 0 0
13 3 0 0
13 0 0 0
13 8 0 0
13 5 0 0
14 9 0 0
14 11 0 0
14 4 0 0
14 8 0 0
15 6 0 0
15 13 0 0
15 3 0 0
15 4 0 0
16 3 0 0
16 7 0 0
16 15 0 0
16 6 0 0
17 11 0 0
17 4 0 0
17 13 0 0
17 8 0 0
18 6 0 0
18 3 0 0
18 0 0 0
18 1 0 0
19 4 0 0
19 10 0 0
19 13 0 0
19 11 0 0
0 9 0 0
0 6 0 0
0 19 0 0
0 12 0 0
1 5 0 0
1 10 0 0
1 17 0 0
1 14 0 0
2 12 0 0
2 14 0 0
2 13 0 0
2 8 0 0
3 10 0 0
3 9 0 0
3 8 0 0
3 11 0 0
24 21 1 1
24 20 1 1
24 22 1 1
24 23 1 1
25 24 1 1
25 23 1 1
25 22 1 1
25 21 1 1
26 25 1 1
26 24 1 1
26 21 1 1
26 22 1 1
27 20 1 1
27 24 1 1
27 21 1 1
27 26 1 1
28 24 1 1
28 23 1 1
28 27 1 1
28 26 1 1
29 28 1 1
29 24 1 1
29 22 1 1
29 25 1 1
30 27 1 1
30 29 1 1
30 26 1 1
30 22 1 1
31 21 1 1
31 28 1 1
31 30 1 1
31 20 1 1
32 25 1 1
32 23 1 1
32 26 1 1
32 30 1 1
33 20 1 1
33 24 1 1
33 23 1 1
33 28 1 1
34 31 1 1
34 27 1 1
34 20 1 1
34 33 1 1
35 20 1 1
35 23 1 1
35 33 1 1
35 21 1 1
36 27 1 1
36 24 1 1
36 31 1 1
36 21 1 1
37 25 1 1
37 31 1 1
37 28 1 1
37 20 1 1
38 26 1 1
38 32 1 1
38 34 1 1
38 36 1 1
39 35 1 1
39 21 1 1
39 30 1 1
39 29 1 1
20 39 1 1
20 30 1 1
20 25 1 1
20 36 1 1
21 37 1 1
21 28 1 1
21 34 1 1
21 33 1 1
22 35 1 1
22 31 1 1
22 28 1 1
22 39 1 1
23 36 1 1
23 38 1 1
23 30 1 1
23 27 1 1
44 42 2 2
44 43 2 2
44 40 2 2
44 41 2 2
45 43 2 2
45 40 2 2
45 44 2 2
45 41 2 2
46 42 2 2
46 44 2 2
46 45 2 2
46 41 2 2
47 45 2 2
47 40 2 2
47 44 2 2
47 46 2 2
48 44 2 2
48 42 2 2
48 40 2 2
48 43 2 2
49 41 2 2
49 40 2 2
49 43 2 2
49 45 2 2
50 44 2 2
50 47 2 2
50 42 2 2
50 46 2 2
51 41 2 2
51 49 2 2
51 43 2 2
51 50 2 2
52 42 2 2
52 48 2 2
52 41 2 2
52 40 2 2
53 40 2 2
53 52 2 2
53 42 2 2
53 44 2 2
54 42 2 2
54 53 2 2
54 52 2 2
54 44 2 2
55 40 2 2
55 49 2 2
55 51 2 2
55 43 2 2
56 54 2 2
56 53 2 2
56 40 2 2
56 48 2 2
57 45 2 2
57 43 2 2
57 41 2 2
57 44 2 2
58 56 2 2
58 42 2 2
58 54 2 2
58 57 2 2
59 40 2 2
59 41 2 2
59 48 2 2
59 54 2 2
40 57 2 2
40 46 2 2
40 54 2 2
40 58 2 2
41 48 2 2
41 58 2 2
41 56 2 2
41 54 2 2
42 49 2 2
42 47 2 2
42 56 2 2
42 59 2 2
43 58 2 2
43 56 2 2
43 50 2 2
43 54 2 2
64 63 3 3
64 62 3 3
64 61 3 3
64 60 3 3
65 62 3 3
65 60 3 3
65 63 3 3
65 61 3 3
66 62 3 3
66 64 3 3
66 65 3 3
66 63 3 3
67 66 3 3
67 61 3 3
67 64 3 3
67 62 3 3
68 66 3 3
68 65 3 3
68 63 3 3
68 67 3 3
69 64 3 3
69 65 3 3
69 68 3 3
69 61 3 3
70 63 3 3
70 67 3 3
70 65 3 3
70 62 3 3
71 67 3 3
71 70 3 3
71 62 3 3
71 61 3 3
72 69 3 3
72 71 3 3
72 70 3 3
72 61 3 3
73 71 3 3
73 63 3 3
73 61 3 3
73 68 3 3
74 63 3 3
74 68 3 3
74 61 3 3
74 69 3 3
75 74 3 3
75 73 3 3
75 65 3 3
75 70 3 3
76 67 3 3
76 70 3 3
76 75 3 3
76 63 3 3
77 69 3 3
77 66 3 3
77 60 3 3
77 75 3 3
78 77 3 3
78 68 3 3
78 75 3 3
78 72 3 3
79 66 3 3
79 77 3 3
79 67 3 3
79 76 3 3
60 76 3 3
60 79 3 3
60 71 3 3
60 67 3 3
61 75 3 3
61 70 3 3
61 79 3 3
61 66 3 3
62 68 3 3
62 79 3 3
62 76 3 3
62 69 3 3
63 67 3 3
63 75 3 3
63 71 3 3
63 77 3 3
84 80 4 4
84 83 4 4
84 81 4 4
84 82 4 4
85 82 4 4
85 81 4 4
85 83 4 4
85 84 4 4
86 85 4 4
86 81 4 4
86 80 4 4
86 82 4 4
87 84 4 4
87 80 4 4
87 81 4 4
87 85 4 4
88 86 4 4
88 87 4 4
88 85 4 4
88 82 4 4
89 88 4 4
89 86 4 4
89 83 4 4
89 84 4 4
90 81 4 4
90 86 4 4
90 82 4 4
90 87 4 4
91 80 4 4
91 89 4 4
91 84 4 4
91 85 4 4
92 84 4 4
92 83 4 4
92 91 4 4
92 87 4 4
93 85 4 4
93 92 4 4
93 84 4 4
93 82 4 4
94 83 4 4
94 82 4 4
94 88 4 4
94 86 4 4
95 84 4 4
95 83 4 4
95 82 4 4
95 89 4 4
96 83 4 4
96 82 4 4
96 91 4 4
96 93 4 4
97 88 4 4
97 89 4 4
97 86 4 4
97 85 4 4
98 91 4 4
98 90 4 4
98 80 4 4
98 83 4 4
99 90 4 4
99 81 4 4
99 86 4 4
99 93 4 4
80 90 4 4
80 92 4 4
80 95 4 4
80 93 4 4
81 92 4 4
81 88 4 4
81 95 4 4
81 93 4 4
82 92 4 4
82 98 4 4
82 99 4 4
82 87 4 4
83 93 4 4
83 91 4 4
83 97 4 4
83 88 4 4
104 102 5 5
104 101 5 5
104 100 5 5
104 103 5 5
105 101 5 5
105 100 5 5
105 104 5 5
105 102 5 5
106 102 5 5
106 104 5 5
106 105 5 5
106 103 5 5
107 104 5 5
107 102 5 5
107 100 5 5
107 103 5 5
108 101 5 5
108 105 5 5
108 100 5 5
108 102 5 5
109 103 5 5
109 100 5 5
109 104 5 5
109 105 5 5
110 106 5 5
110 100 5 5
110 107 5 5
110 104 5 5
111 105 5 5
111 100 5 5
111 106 5 5
111 104 5 5
112 103 5 5
112 108 5 5
112 100 5 5
112 101 5 5
113 104 5 5
113 101 5 5
113 110 5 5
113 107 5 5
114 111 5 5
114 104 5 5
114 106 5 5
114 100 5 5
115 114 5 5
115 106 5 5
115 103 5 5
115 104 5 5
116 108 5 5
116 112 5 5
116 104 5 5
116 115 5 5
117 111 5 5
117 114 5 5
117 105 5 5
117 102 5 5
118 116 5 5
118 103 5 5
118 107 5 5
118 112 5 5
119 105 5 5
119 114 5 5
119 111 5 5
119 108 5 5
100 119 5 5
100 106 5 5
100 118 5 5
100 117 5 5
101 119 5 5
101 107 5 5
101 110 5 5
101 109 5 5
102 109 5 5
102 119 5 5
102 113 5 5
102 115 5 5
103 116 5 5
103 110 5 5
103 105 5 5
103 117 5 5
124 121 6 6
124 122 6 6
124 120 6 6
124 123 6 6
125 122 6 6
125 123 6 6
125 124 6 6
125 121 6 6
126 120 6 6
126 121 6 6
126 123 6 6
126 124 6 6
127 121 6 6
127 123 6 6
127 126 6 6
127 124 6 6
128 124 6 6
128 121 6 6
128 122 6 6
128 125 6 6
129 126 6 6
129 127 6 6
129 123 6 6
129 120 6 6
130 120 6 6
130 129 6 6
130 127 6 6
130 123 6 6
131 126 6 6
131 127 6 6
131 123 6 6
131 120 6 6
132 123 6 6
132 130 6 6
132 124 6 6
132 120 6 6
133 120 6 6
133 126 6 6
133 125 6 6
133 132 6 6
134 132 6 6
134 126 6 6
134 120 6 6
134 129 6 6
135 131 6 6
135 133 6 6
135 134 6 6
135 129 6 6
136 135 6 6
136 130 6 6
136 129 6 6
136 120 6 6
137 128 6 6
137 132 6 6
137 125 6 6
137 133 6 6
138 123 6 6
138 135 6 6
138 121 6 6
138 126 6 6
139 136 6 6
139 134 6 6
139 128 6 6
139 123 6 6
120 128 6 6
120 135 6 6
120 139 6 6
120 137 6 6
121 131 6 6
121 130 6 6
121 132 6 6
121 134 6 6
122 134 6 6
122 135 6 6
122 127 6 6
122 132 6 6
123 135 6 6
123 136 6 6
123 133 6 6
123 137 6 6
144 142 7 7
144 140 7 7
144 141 7 7
144 143 7 7
145 142 7 7
145 140 7 7
145 143 7 7
145 144 7 7
146 142 7 7
146 140 7 7
146 141 7 7
146 143 7 7
147 140 7 7
147 144 7 7
147 141 7 7
147 145 7 7
148 146 7 7
148 147 7 7
148 142 7 7
148 143 7 7
149 147 7 7
149 144 7 7
149 146 7 7
149 142 7 7
150 149 7 7
150 148 7 7
150 140 7 7
150 143 7 7
151 148 7 7
151 142 7 7
151 150 7 7
151 140 7 7
152 151 7 7
152 141 7 7
152 149 7 7
152 142 7 7
153 146 7 7
153 141 7 7
153 149 7 7
153 147 7 7
154 145 7 7
154 151 7 7
154 153 7 7
154 149 7 7
155 151 7 7
155 149 7 7
155 154 7 7
155 145 7 7
156 151 7 7
156 152 7 7
156 148 7 7
156 147 7 7
157 145 7 7
157 156 7 7
157 151 7 7
157 154 7 7
158 148 7 7
158 150 7 7
158 153 7 7
158 146 7 7
159 146 7 7
159 158 7 7
159 148 7 7
159 145 7 7
140 149 7 7
140 156 7 7
140 148 7 7
140 158 7 7
141 150 7 7
141 156 7 7
141 149 7 7
141 155 7 7
142 158 7 7
142 154 7 7
142 150 7 7
142 159 7 7
143 153 7 7
143 149 7 7
143 159 7 7
143 156 7 7
164 162 8 8
164 161 8 8
164 163 8 8
164 160 8 8
165 161 8 8
165 163 8 8
165 164 8 8
165 162 8 8
166 163 8 8
166 160 8 8
166 164 8 8
166 162 8 8
167 163 8 8
167 166 8 8
167 160 8 8
167 162 8 8
168 163 8 8
168 160 8 8
168 164 8 8
168 162 8 8
169 161 8 8
169 164 8 8
169 163 8 8
169 165 8 8
170 168 8 8
170 167 8 8
170 160 8 8
170 161 8 8
171 167 8 8
171 162 8 8
171 163 8 8
171 168 8 8
172 162 8 8
172 169 8 8
172 160 8 8
172 163 8 8
173 167 8 8
173 165 8 8
173 172 8 8
173 170 8 8
174 162 8 8
174 171 8 8
174 160 8 8
174 168 8 8
175 165 8 8
175 173 8 8
175 172 8 8
175 160 8 8
176 167 8 8
176 169 8 8
176 163 8 8
176 165 8 8
177 167 8 8
177 162 8 8
177 168 8 8
177 163 8 8
178 173 8 8
178 171 8 8
178 164 8 8
178 176 8 8
179 176 8 8
179 178 8 8
179 164 8 8
179 167 8 8
160 179 8 8
160 177 8 8
160 171 8 8
160 176 8 8
161 167 8 8
161 172 8 8
161 171 8 8
161 179 8 8
162 173 8 8
162 169 8 8
162 176 8 8
162 178 8 8
163 174 8 8
163 179 8 8
163 178 8 8
163 173 8 8
184 181 9 9
184 182 9 9
184 183 9 9
184 180 9 9
185 182 9 9
185 181 9 9
185 184 9 9
185 183 9 9
186 182 9 9
186 180 9 9
186 183 9 9
186 184 9 9
187 183 9 9
187 181 9 9
187 184 9 9
187 185 9 9
188 187 9 9
188 181 9 9
188 186 9 9
188 183 9 9
189 182 9 9
189 184 9 9
189 180 9 9
189 186 9 9
190 184 9 9
190 182 9 9
190 180 9 9
190 188 9 9
191 180 9 9
191 184 9 9
191 186 9 9
191 182 9 9
192 187 9 9
192 188 9 9
192 183 9 9
192 189 9 9
193 186 9 9
193 192 9 9
193 184 9 9
193 182 9 9
194 186 9 9
194 182 9 9
194 193 9 9
194 184 9 9
195 183 9 9
195 185 9 9
195 194 9 9
195 182 9 9
196 185 9 9
196 181 9 9
196 189 9 9
196 183 9 9
197 183 9 9
197 194 9 9
197 196 9 9
197 184 9 9
198 183 9 9
198 187 9 9
198 192 9 9
198 184 9 9
199 187 9 9
199 195 9 9
199 191 9 9
199 184 9 9
180 195 9 9
180 194 9 9
180 187 9 9
180 199 9 9
181 189 9 9
181 195 9 9
181 199 9 9
181 192 9 9
182 197 9 9
182 196 9 9
182 198 9 9
182 199 9 9
183 189 9 9
183 199 9 9
183 194 9 9
183 191 9 9
204 203 10 10
204 202 10 10
204 200 10 10
204 201 10 10
205 204 10 10
205 202 10 10
205 201 10 10
205 203 10 10
206 205 10 10
206 202 10 10
206 200 10 10
206 204 10 10
207 203 10 10
207 202 10 10
207 200 10 10
207 204 10 10
208 206 10 10
208 205 10 10
208 207 10 10
208 204 10 10
209 200 10 10
209 202 10 10
209 207 10 10
209 201 10 10
210 203 10 10
210 204 10 10
210 205 10 10
210 202 10 10
211 200 10 10
211 203 10 10
211 206 10 10
211 202 10 10
212 201 10 10
212 205 10 10
212 210 10 10
212 211 10 10
213 209 10 10
213 203 10 10
213 200 10 10
213 206 10 10
214 202 10 10
214 212 10 10
214 208 10 10
214 200 10 10
215 206 10 10
215 204 10 10
215 210 10 10
215 213 10 10
216 211 10 10
216 205 10 10
216 204 10 10
216 212 10 10
217 207 10 10
217 201 10 10
217 209 10 10
217 203 10 10
218 200 10 10
218 212 10 10
218 202 10 10
218 204 10 10
219 215 10 10
219 206 10 10
219 216 10 10
219 213 10 10
200 210 10 10
200 217 10 10
200 216 10 10
200 205 10 10
201 207 10 10
201 214 10 10
201 211 10 10
201 218 10 10
202 216 10 10
202 212 10 10
202 215 10 10
202 208 10 10
203 209 10 10
203 218 10 10
203 206 10 10
203 208 10 10
224 220 11 11
224 223 11 11
224 221 11 11
224 222 11 11
225 224 11 11
225 222 11 11
225 220 11 11
225 221 11 11
226 224 11 11
226 222 11 11
226 225 11 11
226 221 11 11
227 221 11 11
227 223 11 11
227 220 11 11
227 224 11 11
228 224 11 11
228 222 11 11
228 223 11 11
228 225 11 11
229 222 11 11
229 225 11 11
229 228 11 11
229 224 11 11
230 227 11 11
230 223 11 11
230 221 11 11
230 222 11 11
231 221 11 11
231 230 11 11
231 222 11 11
231 224 11 11
232 220 11 11
232 225 11 11
232 230 11 11
232 223 11 11
233 224 11 11
233 220 11 11
233 226 11 11
233 227 11 11
234 232 11 11
234 228 11 11
234 220 11 11
234 226 11 11
235 230 11 11
235 224 11 11
235 228 11 11
235 225 11 11
236 235 11 11
236 223 11 11
236 225 11 11
236 227 11 11
237 227 11 11
237 225 11 11
237 224 11 11
237 229 11 11
238 233 11 11
238 220 11 11
238 226 11 11
238 225 11 11
239 232 11 11
239 233 11 11
239 223 11 11
239 221 11 11
220 228 11 11
220 236 11 11
220 230 11 11
220 237 11 11
221 238 11 11
221 236 11 11
221 235 11 11
221 228 11 11
222 233 11 11
222 227 11 11
222 235 11 11
222 238 11 11
223 231 11 11
223 235 11 11
223 237 11 11
223 233 11 11
244 242 12 12
244 241 12 12
244 243 12 12
244 240 12 12
245 243 12 12
245 241 12 12
245 240 12 12
245 242 12 12
246 243 12 12
246 241 12 12
246 244 12 12
246 240 12 12
247 243 12 12
247 246 12 12
247 240 12 12
247 244 12 12
248 247 12 12
248 240 12 12
248 246 12 12
248 242 12 12
249 243 12 12
249 241 12 12
249 247 12 12
249 245 12 12
250 244 12 12
250 241 12 12
250 246 12 12
250 242 12 12
251 245 12 12
251 244 12 12
251 250 12 12
251 242 12 12
252 244 12 12
252 241 12 12
252 251 12 12
252 243 12 12
253 242 12 12
253 249 12 12
253 252 12 12
253 243 12 12
254 250 12 12
254 240 12 12
254 247 12 12
254 253 12 12
255 246 12 12
255 241 12 12
255 254 12 12
255 253 12 12
256 249 12 12
256 254 12 12
256 243 12 12
256 245 12 12
257 245 12 12
257 244 12 12
257 254 12 12
257 256 12 12
258 248 12 12
258 243 12 12
258 240 12 12
258 247 12 12
259 248 12 12
259 244 12 12
259 240 12 12
259 258 12 12
240 251 12 12
240 256 12 12
240 250 12 12
240 255 12 12
241 251 12 12
241 247 12 12
241 248 12 12
241 256 12 12
242 259 12 12
242 257 12 12
242 247 12 12
242 254 12 12
243 257 12 12
243 248 12 12
243 251 12 12
243 255 12 12
264 263 13 13
264 261 13 13
264 262 13 13
264 260 13 13
265 263 13 13
265 261 13 13
265 264 13 13
265 262 13 13
266 262 13 13
266 261 13 13
266 260 13 13
266 265 13 13
267 262 13 13
267 266 13 13
267 261 13 13
267 260 13 13
268 262 13 13
268 260 13 13
268 266 13 13
268 261 13 13
269 263 13 13
269 265 13 13
269 261 13 13
269 267 13 13
270 266 13 13
270 263 13 13
270 269 13 13
270 267 13 13
271 264 13 13
271 266 13 13
271 262 13 13
271 268 13 13
272 266 13 13
272 261 13 13
272 268 13 13
272 271 13 13
273 260 13 13
273 268 13 13
273 262 13 13
273 270 13 13
274 265 13 13
274 263 13 13
274 261 13 13
274 273 13 13
275 262 13 13
275 267 13 13
275 260 13 13
275 264 13 13
276 273 13 13
276 274 13 13
276 275 13 13
276 271 13 13
277 267 13 13
277 261 13 13
277 275 13 13
277 262 13 13
278 260 13 13
278 276 13 13
278 270 13 13
278 271 13 13
279 264 13 13
279 274 13 13
279 261 13 13
279 276 13 13
260 276 13 13
260 270 13 13
260 271 13 13
260 272 13 13
261 270 13 13
261 275 13 13
261 271 13 13
261 278 13 13
262 278 13 13
262 270 13 13
262 272 13 13
262 276 13 13
263 266 13 13
263 271 13 13
263 272 13 13
263 278 13 13
284 281 14 14
284 280 14 14
284 283 14 14
284 282 14 14
285 283 14 14
285 284 14 14
285 281 14 14
285 280 14 14
286 285 14 14
286 281 14 14
286 283 14 14
286 282 14 14
287 285 14 14
287 281 14 14
287 282 14 14
287 286 14 14
288 286 14 14
288 281 14 14
288 283 14 14
288 282 14 14
289 286 14 14
289 282 14 14
289 281 14 14
289 280 14 14
290 283 14 14
290 284 14 14
290 288 14 14
290 287 14 14
291 281 14 14
291 289 14 14
291 284 14 14
291 287 14 14
292 291 14 14
292 288 14 14
292 289 14 14
292 286 14 14
293 284 14 14
293 291 14 14
293 288 14 14
293 280 14 14
294 280 14 14
294 291 14 14
294 283 14 14
294 284 14 14
295 293 14 14
295 280 14 14
295 291 14 14
295 292 14 14
296 291 14 14
296 289 14 14
296 294 14 14
296 280 14 14
297 285 14 14
297 288 14 14
297 286 14 14
297 290 14 14
298 296 14 14
298 290 14 14
298 293 14 14
298 289 14 14
299 293 14 14
299 282 14 14
299 283 14 14
299 290 14 14
280 299 14 14
280 298 14 14
280 287 14 14
280 292 14 14
281 297 14 14
281 292 14 14
281 290 14 14
281 298 14 14
282 295 14 14
282 291 14 14
282 294 14 14
282 293 14 14
283 287 14 14
283 291 14 14
283 297 14 14
283 293 14 14
304 301 15 15
304 303 15 15
304 300 15 15
304 302 15 15
305 302 15 15
305 304 15 15
305 300 15 15
305 301 15 15
306 305 15 15
306 302 15 15
306 301 15 15
306 304 15 15
307 302 15 15
307 301 15 15
307 306 15 15
307 304 15 15
308 307 15 15
308 304 15 15
308 305 15 15
308 306 15 15
309 304 15 15
309 306 15 15
309 307 15 15
309 300 15 15
310 309 15 15
310 307 15 15
310 308 15 15
310 303 15 15
311 305 15 15
311 302 15 15
311 306 15 15
311 301 15 15
312 307 15 15
312 300 15 15
312 306 15 15
312 301 15 15
313 306 15 15
313 305 15 15
313 312 15 15
313 311 15 15
314 313 15 15
314 307 15 15
314 306 15 15
314 305 15 15
315 307 15 15
315 312 15 15
315 310 15 15
315 302 15 15
316 309 15 15
316 300 15 15
316 303 15 15
316 310 15 15
317 308 15 15
317 312 15 15
317 301 15 15
317 307 15 15
318 306 15 15
318 311 15 15
318 307 15 15
318 302 15 15
319 316 15 15
319 304 15 15
319 302 15 15
319 309 15 15
300 318 15 15
300 311 15 15
300 307 15 15
300 313 15 15
301 316 15 15
301 309 15 15
301 310 15 15
301 319 15 15
302 313 15 15
302 316 15 15
302 310 15 15
302 312 15 15
303 308 15 15
303 309 15 15
303 319 15 15
303 318 15 15
83 36 4 1
80 43 4 2
83 65 4 3
86 9 4 0
102 51 5 2
100 92 5 4
100 76 5 3
117 13 5 0
139 44 6 2
133 75 6 3
128 118 6 5
125 14 6 0
153 83 7 4
143 106 7 5
153 42 7 2
146 19 7 0
164 145 8 7
171 134 8 6
177 102 8 5
179 16 8 0
190 99 9 4
185 73 9 3
183 9 9 0
187 29 9 1
214 11 10 0
216 34 10 1
211 197 10 9
207 113 10 5
237 89 11 4
227 151 11 7
230 104 11 5
237 167 11 8
252 109 12 5
249 223 12 11
248 78 12 3
243 186 12 9
277 46 13 2
270 143 13 7
260 241 13 12
276 213 13 10
298 18 14 0
284 259 14 12
280 126 14 6
289 61 14 3
300 136 15 6
304 70 15 3
305 251 15 12
311 204 15 10
4 228 0 11
18 316 0 15
11 270 0 13
13 249 0 12
31 284 1 14
24 120 1 6
32 140 1 7
32 311 1 15
58 208 2 10
52 254 2 12
47 319 2 15
53 193 2 9
75 203 3 10
72 143 3 7
78 172 3 8
68 272 3 13
