swNum = 320
edgeNum = 1344

0 0
1 0
2 0
3 0
4 0
5 0
6 0
7 0
8 0
9 0
10 0
11 0
12 0
13 0
14 0
15 0
16 0
17 0
18 0
19 0
20 1
21 1
22 1
23 1
24 1
25 1
26 1
27 1
28 1
29 1
30 1
31 1
32 1
33 1
34 1
35 1
36 1
37 1
38 1
39 1
40 2
41 2
42 2
43 2
44 2
45 2
46 2
47 2
48 2
49 2
50 2
51 2
52 2
53 2
54 2
55 2
56 2
57 2
58 2
59 2
60 3
61 3
62 3
63 3
64 3
65 3
66 3
67 3
68 3
69 3
70 3
71 3
72 3
73 3
74 3
75 3
76 3
77 3
78 3
79 3
80 4
81 4
82 4
83 4
84 4
85 4
86 4
87 4
88 4
89 4
90 4
91 4
92 4
93 4
94 4
95 4
96 4
97 4
98 4
99 4
100 5
101 5
102 5
103 5
104 5
105 5
106 5
107 5
108 5
109 5
110 5
111 5
112 5
113 5
114 5
115 5
116 5
117 5
118 5
119 5
120 6
121 6
122 6
123 6
124 6
125 6
126 6
127 6
128 6
129 6
130 6
131 6
132 6
133 6
134 6
135 6
136 6
137 6
138 6
139 6
140 7
141 7
142 7
143 7
144 7
145 7
146 7
147 7
148 7
149 7
150 7
151 7
152 7
153 7
154 7
155 7
156 7
157 7
158 7
159 7
160 8
161 8
162 8
163 8
164 8
165 8
166 8
167 8
168 8
169 8
170 8
171 8
172 8
173 8
174 8
175 8
176 8
177 8
178 8
179 8
180 9
181 9
182 9
183 9
184 9
185 9
186 9
187 9
188 9
189 9
190 9
191 9
192 9
193 9
194 9
195 9
196 9
197 9
198 9
199 9
200 10
201 10
202 10
203 10
204 10
205 10
206 10
207 10
208 10
209 10
210 10
211 10
212 10
213 10
214 10
215 10
216 10
217 10
218 10
219 10
220 11
221 11
222 11
223 11
224 11
225 11
226 11
227 11
228 11
229 11
230 11
231 11
232 11
233 11
234 11
235 11
236 11
237 11
238 11
239 11
240 12
241 12
242 12
243 12
244 12
245 12
246 12
247 12
248 12
249 12
250 12
251 12
252 12
253 12
254 12
255 12
256 12
257 12
258 12
259 12
260 13
261 13
262 13
263 13
264 13
265 13
266 13
267 13
268 13
269 13
270 13
271 13
272 13
273 13
274 13
275 13
276 13
277 13
278 13
279 13
280 14
281 14
282 14
283 14
284 14
285 14
286 14
287 14
288 14
289 14
290 14
291 14
292 14
293 14
294 14
295 14
296 14
297 14
298 14
299 14
300 15
301 15
302 15
303 15
304 15
305 15
306 15
307 15
308 15
309 15
310 15
311 15
312 15
313 15
314 15
315 15
316 15
317 15
318 15
319 15

4 3 0 0
4 0 0 0
4 1 0 0
4 2 0 0
5 1 0 0
5 3 0 0
5 4 0 0
5 0 0 0
6 3 0 0
6 0 0 0
6 2 0 0
6 5 0 0
7 5 0 0
7 4 0 0
7 0 0 0
7 3 0 0
8 6 0 0
8 0 0 0
8 7 0 0
8 3 0 0
9 0 0 0
9 7 0 0
9 2 0 0
9 6 0 0
10 0 0 0
10 4 0 0
10 5 0 0
10 6 0 0
11 5 0 0
11 3 0 0
11 7 0 0
11 1 0 0
12 6 0 0
12 11 0 0
12 9 0 0
12 3 0 0
13 11 0 0
13 8 0 0
13 5 0 0
13 7 0 0
14 7 0 0
14 13 0 0
14 8 0 0
14 5 0 0
15 2 0 0
15 9 0 0
15 14 0 0
15 7 0 0
16 5 0 0
16 12 0 0
16 0 0 0
16 9 0 0
17 7 0 0
17 5 0 0
17 4 0 0
17 16 0 0
18 14 0 0
18 17 0 0
18 12 0 0
18 3 0 0
19 13 0 0
19 8 0 0
19 15 0 0
19 1 0 0
0 15 0 0
0 12 0 0
0 18 0 0
0 13 0 0
1 8 0 0
1 12 0 0
1 9 0 0
1 13 0 0
2 14 0 0
2 19 0 0
2 12 0 0
2 11 0 0
3 15 0 0
3 19 0 0
3 17 0 0
3 9 0 0
24 20 1 1
24 21 1 1
24 23 1 1
24 22 1 1
25 23 1 1
25 21 1 1
25 22 1 1
25 20 1 1
26 22 1 1
26 20 1 1
26 23 1 1
26 24 1 1
27 22 1 1
27 23 1 1
27 21 1 1
27 20 1 1
28 24 1 1
28 22 1 1
28 26 1 1
28 20 1 1
29 22 1 1
29 28 1 1
29 25 1 1
29 23 1 1
30 27 1 1
30 23 1 1
30 24 1 1
30 22 1 1
31 20 1 1
31 24 1 1
31 27 1 1
31 22 1 1
32 22 1 1
32 20 1 1
32 21 1 1
32 30 1 1
33 26 1 1
33 29 1 1
33 32 1 1
33 24 1 1
34 29 1 1
34 21 1 1
34 33 1 1
34 20 1 1
35 26 1 1
35 29 1 1
35 32 1 1
35 28 1 1
36 20 1 1
36 29 1 1
36 32 1 1
36 22 1 1
37 36 1 1
37 24 1 1
37 22 1 1
37 34 1 1
38 31 1 1
38 20 1 1
38 24 1 1
38 36 1 1
39 27 1 1
39 26 1 1
39 32 1 1
39 25 1 1
20 35 1 1
20 30 1 1
20 37 1 1
20 33 1 1
21 26 1 1
21 30 1 1
21 39 1 1
21 33 1 1
22 33 1 1
22 38 1 1
22 34 1 1
22 39 1 1
23 39 1 1
23 37 1 1
23 36 1 1
23 34 1 1
44 43 2 2
44 41 2 2
44 42 2 2
44 40 2 2
45 44 2 2
45 40 2 2
45 41 2 2
45 42 2 2
46 44 2 2
46 40 2 2
46 43 2 2
46 42 2 2
47 44 2 2
47 40 2 2
47 45 2 2
47 42 2 2
48 45 2 2
48 46 2 2
48 42 2 2
48 47 2 2
49 47 2 2
49 48 2 2
49 40 2 2
49 45 2 2
50 40 2 2
50 42 2 2
50 48 2 2
50 45 2 2
51 42 2 2
51 46 2 2
51 40 2 2
51 43 2 2
52 49 2 2
52 40 2 2
52 44 2 2
52 47 2 2
53 50 2 2
53 45 2 2
53 47 2 2
53 43 2 2
54 46 2 2
54 41 2 2
54 48 2 2
54 42 2 2
55 42 2 2
55 54 2 2
55 48 2 2
55 43 2 2
56 43 2 2
56 54 2 2
56 44 2 2
56 51 2 2
57 55 2 2
57 47 2 2
57 42 2 2
57 46 2 2
58 42 2 2
58 49 2 2
58 52 2 2
58 41 2 2
59 52 2 2
59 49 2 2
59 57 2 2
59 44 2 2
40 53 2 2
40 54 2 2
40 57 2 2
40 58 2 2
41 47 2 2
41 51 2 2
41 46 2 2
41 55 2 2
42 56 2 2
42 49 2 2
42 59 2 2
42 52 2 2
43 57 2 2
43 47 2 2
43 59 2 2
43 54 2 2
64 60 3 3
64 62 3 3
64 61 3 3
64 63 3 3
65 60 3 3
65 61 3 3
65 64 3 3
65 63 3 3
66 65 3 3
66 61 3 3
66 60 3 3
66 62 3 3
67 64 3 3
67 63 3 3
67 62 3 3
67 66 3 3
68 64 3 3
68 61 3 3
68 63 3 3
68 65 3 3
69 62 3 3
69 66 3 3
69 68 3 3
69 65 3 3
70 66 3 3
70 69 3 3
70 63 3 3
70 64 3 3
71 65 3 3
71 69 3 3
71 63 3 3
71 62 3 3
72 63 3 3
72 61 3 3
72 70 3 3
72 69 3 3
73 68 3 3
73 60 3 3
73 64 3 3
73 65 3 3
74 70 3 3
74 64 3 3
74 66 3 3
74 67 3 3
75 74 3 3
75 69 3 3
75 60 3 3
75 73 3 3
76 69 3 3
76 73 3 3
76 72 3 3
76 64 3 3
77 67 3 3
77 63 3 3
77 74 3 3
77 72 3 3
78 63 3 3
78 61 3 3
78 75 3 3
78 67 3 3
79 63 3 3
79 75 3 3
79 72 3 3
79 69 3 3
60 72 3 3
60 76 3 3
60 69 3 3
60 67 3 3
61 74 3 3
61 71 3 3
61 75 3 3
61 69 3 3
62 77 3 3
62 78 3 3
62 74 3 3
62 76 3 3
63 66 3 3
63 73 3 3
63 74 3 3
63 75 3 3
84 81 4 4
84 82 4 4
84 80 4 4
84 83 4 4
85 82 4 4
85 84 4 4
85 80 4 4
85 83 4 4
86 82 4 4
86 83 4 4
86 84 4 4
86 81 4 4
87 85 4 4
87 83 4 4
87 82 4 4
87 84 4 4
88 87 4 4
88 80 4 4
88 85 4 4
88 82 4 4
89 85 4 4
89 88 4 4
89 81 4 4
89 83 4 4
90 86 4 4
90 80 4 4
90 83 4 4
90 84 4 4
91 80 4 4
91 86 4 4
91 89 4 4
91 83 4 4
92 89 4 4
92 82 4 4
92 88 4 4
92 86 4 4
93 84 4 4
93 90 4 4
93 89 4 4
93 85 4 4
94 83 4 4
94 80 4 4
94 90 4 4
94 86 4 4
95 81 4 4
95 92 4 4
95 86 4 4
95 94 4 4
96 83 4 4
96 84 4 4
96 81 4 4
96 91 4 4
97 96 4 4
97 89 4 4
97 92 4 4
97 80 4 4
98 92 4 4
98 85 4 4
98 80 4 4
98 89 4 4
99 84 4 4
99 91 4 4
99 89 4 4
99 83 4 4
80 92 4 4
80 89 4 4
80 99 4 4
80 95 4 4
81 88 4 4
81 91 4 4
81 87 4 4
81 85 4 4
82 89 4 4
82 98 4 4
82 90 4 4
82 95 4 4
83 98 4 4
83 97 4 4
83 95 4 4
83 88 4 4
104 101 5 5
104 103 5 5
104 100 5 5
104 102 5 5
105 104 5 5
105 103 5 5
105 101 5 5
105 100 5 5
106 103 5 5
106 101 5 5
106 104 5 5
106 105 5 5
107 104 5 5
107 100 5 5
107 101 5 5
107 106 5 5
108 105 5 5
108 100 5 5
108 104 5 5
108 103 5 5
109 102 5 5
109 103 5 5
109 106 5 5
109 108 5 5
110 101 5 5
110 107 5 5
110 102 5 5
110 109 5 5
111 110 5 5
111 101 5 5
111 103 5 5
111 105 5 5
112 110 5 5
112 103 5 5
112 109 5 5
112 108 5 5
113 112 5 5
113 110 5 5
113 111 5 5
113 106 5 5
114 100 5 5
114 109 5 5
114 106 5 5
114 111 5 5
115 113 5 5
115 111 5 5
115 103 5 5
115 112 5 5
116 106 5 5
116 112 5 5
116 113 5 5
116 109 5 5
117 115 5 5
117 109 5 5
117 102 5 5
117 108 5 5
118 108 5 5
118 115 5 5
118 101 5 5
118 109 5 5
119 102 5 5
119 116 5 5
119 113 5 5
119 100 5 5
100 106 5 5
100 113 5 5
100 110 5 5
100 111 5 5
101 114 5 5
101 113 5 5
101 108 5 5
101 115 5 5
102 116 5 5
102 112 5 5
102 115 5 5
102 107 5 5
103 114 5 5
103 110 5 5
103 118 5 5
103 107 5 5
124 122 6 6
124 123 6 6
124 121 6 6
124 120 6 6
125 124 6 6
125 123 6 6
125 121 6 6
125 120 6 6
126 124 6 6
126 121 6 6
126 122 6 6
126 125 6 6
127 124 6 6
127 123 6 6
127 126 6 6
127 121 6 6
128 120 6 6
128 123 6 6
128 122 6 6
128 127 6 6
129 125 6 6
129 128 6 6
129 124 6 6
129 126 6 6
130 123 6 6
130 127 6 6
130 128 6 6
130 126 6 6
131 128 6 6
131 129 6 6
131 121 6 6
131 124 6 6
132 128 6 6
132 125 6 6
132 131 6 6
132 124 6 6
133 130 6 6
133 123 6 6
133 132 6 6
133 125 6 6
134 132 6 6
134 133 6 6
134 121 6 6
134 124 6 6
135 130 6 6
135 134 6 6
135 132 6 6
135 129 6 6
136 131 6 6
136 130 6 6
136 125 6 6
136 133 6 6
137 121 6 6
137 132 6 6
137 123 6 6
137 120 6 6
138 129 6 6
138 132 6 6
138 120 6 6
138 134 6 6
139 134 6 6
139 124 6 6
139 120 6 6
139 136 6 6
120 127 6 6
120 132 6 6
120 136 6 6
120 131 6 6
121 132 6 6
121 130 6 6
121 136 6 6
121 128 6 6
122 137 6 6
122 135 6 6
122 136 6 6
122 127 6 6
123 131 6 6
123 126 6 6
123 136 6 6
123 134 6 6
144 143 7 7
144 142 7 7
144 141 7 7
144 140 7 7
145 144 7 7
145 142 7 7
145 143 7 7
145 141 7 7
146 144 7 7
146 141 7 7
146 143 7 7
146 142 7 7
147 142 7 7
147 145 7 7
147 143 7 7
147 146 7 7
148 140 7 7
148 141 7 7
148 146 7 7
148 147 7 7
149 140 7 7
149 143 7 7
149 144 7 7
149 145 7 7
150 148 7 7
150 145 7 7
150 149 7 7
150 144 7 7
151 142 7 7
151 146 7 7
151 144 7 7
151 148 7 7
152 142 7 7
152 141 7 7
152 140 7 7
152 151 7 7
153 152 7 7
153 147 7 7
153 150 7 7
153 144 7 7
154 145 7 7
154 150 7 7
154 152 7 7
154 149 7 7
155 150 7 7
155 146 7 7
155 151 7 7
155 153 7 7
156 146 7 7
156 152 7 7
156 151 7 7
156 141 7 7
157 147 7 7
157 143 7 7
157 144 7 7
157 152 7 7
158 153 7 7
158 144 7 7
158 145 7 7
158 149 7 7
159 146 7 7
159 152 7 7
159 147 7 7
159 150 7 7
140 151 7 7
140 146 7 7
140 154 7 7
140 159 7 7
141 151 7 7
141 159 7 7
141 155 7 7
141 153 7 7
142 154 7 7
142 153 7 7
142 157 7 7
142 155 7 7
143 150 7 7
143 158 7 7
143 151 7 7
143 156 7 7
164 161 8 8
164 163 8 8
164 160 8 8
164 162 8 8
165 162 8 8
165 160 8 8
165 163 8 8
165 161 8 8
166 162 8 8
166 160 8 8
166 165 8 8
166 163 8 8
167 164 8 8
167 166 8 8
167 163 8 8
167 160 8 8
168 167 8 8
168 160 8 8
168 164 8 8
168 166 8 8
169 165 8 8
169 161 8 8
169 160 8 8
169 162 8 8
170 164 8 8
170 167 8 8
170 163 8 8
170 160 8 8
171 167 8 8
171 165 8 8
171 170 8 8
171 168 8 8
172 162 8 8
172 166 8 8
172 167 8 8
172 161 8 8
173 166 8 8
173 168 8 8
173 172 8 8
173 170 8 8
174 170 8 8
174 171 8 8
174 173 8 8
174 162 8 8
175 172 8 8
175 174 8 8
175 163 8 8
175 166 8 8
176 162 8 8
176 170 8 8
176 160 8 8
176 164 8 8
177 172 8 8
177 167 8 8
177 162 8 8
177 164 8 8
178 167 8 8
178 171 8 8
178 161 8 8
178 163 8 8
179 173 8 8
179 167 8 8
179 164 8 8
179 177 8 8
160 175 8 8
160 178 8 8
160 171 8 8
160 179 8 8
161 177 8 8
161 167 8 8
161 171 8 8
161 168 8 8
162 170 8 8
162 178 8 8
162 171 8 8
162 173 8 8
163 171 8 8
163 169 8 8
163 168 8 8
163 179 8 8
184 183 9 9
184 180 9 9
184 181 9 9
184 182 9 9
185 184 9 9
185 180 9 9
185 183 9 9
185 181 9 9
186 181 9 9
186 182 9 9
186 180 9 9
186 184 9 9
187 181 9 9
187 184 9 9
187 186 9 9
187 180 9 9
188 182 9 9
188 184 9 9
188 186 9 9
188 180 9 9
189 186 9 9
189 180 9 9
189 181 9 9
189 182 9 9
190 189 9 9
190 184 9 9
190 181 9 9
190 187 9 9
191 189 9 9
191 181 9 9
191 184 9 9
191 190 9 9
192 188 9 9
192 182 9 9
192 183 9 9
192 181 9 9
193 183 9 9
193 180 9 9
193 192 9 9
193 185 9 9
194 192 9 9
194 182 9 9
194 193 9 9
194 185 9 9
195 186 9 9
195 191 9 9
195 192 9 9
195 185 9 9
196 182 9 9
196 195 9 9
196 181 9 9
196 186 9 9
197 182 9 9
197 191 9 9
197 186 9 9
197 193 9 9
198 180 9 9
198 187 9 9
198 185 9 9
198 189 9 9
199 197 9 9
199 180 9 9
199 181 9 9
199 185 9 9
180 191 9 9
180 192 9 9
180 190 9 9
180 196 9 9
181 193 9 9
181 197 9 9
181 188 9 9
181 198 9 9
182 195 9 9
182 199 9 9
182 190 9 9
182 198 9 9
183 194 9 9
183 186 9 9
183 190 9 9
183 191 9 9
204 203 10 10
204 201 10 10
204 202 10 10
204 200 10 10
205 203 10 10
205 201 10 10
205 204 10 10
205 202 10 10
206 203 10 10
206 201 10 10
206 205 10 10
206 200 10 10
207 202 10 10
207 203 10 10
207 206 10 10
207 200 10 10
208 202 10 10
208 207 10 10
208 200 10 10
208 201 10 10
209 207 10 10
209 200 10 10
209 205 10 10
209 201 10 10
210 209 10 10
210 200 10 10
210 208 10 10
210 202 10 10
211 210 10 10
211 200 10 10
211 201 10 10
211 209 10 10
212 202 10 10
212 200 10 10
212 209 10 10
212 210 10 10
213 203 10 10
213 204 10 10
213 205 10 10
213 201 10 10
214 205 10 10
214 213 10 10
214 203 10 10
214 206 10 10
215 211 10 10
215 201 10 10
215 200 10 10
215 214 10 10
216 203 10 10
216 205 10 10
216 215 10 10
216 202 10 10
217 204 10 10
217 209 10 10
217 216 10 10
217 205 10 10
218 214 10 10
218 203 10 10
218 216 10 10
218 215 10 10
219 204 10 10
219 216 10 10
219 211 10 10
219 203 10 10
200 217 10 10
200 218 10 10
200 216 10 10
200 219 10 10
201 216 10 10
201 207 10 10
201 214 10 10
201 218 10 10
202 211 10 10
202 217 10 10
202 209 10 10
202 206 10 10
203 208 10 10
203 211 10 10
203 215 10 10
203 210 10 10
224 221 11 11
224 223 11 11
224 220 11 11
224 222 11 11
225 220 11 11
225 221 11 11
225 222 11 11
225 223 11 11
226 222 11 11
226 223 11 11
226 221 11 11
226 225 11 11
227 226 11 11
227 224 11 11
227 221 11 11
227 222 11 11
228 225 11 11
228 227 11 11
228 224 11 11
228 223 11 11
229 227 11 11
229 222 11 11
229 223 11 11
229 225 11 11
230 220 11 11
230 224 11 11
230 227 11 11
230 225 11 11
231 229 11 11
231 228 11 11
231 230 11 11
231 225 11 11
232 225 11 11
232 228 11 11
232 220 11 11
232 226 11 11
233 223 11 11
233 227 11 11
233 226 11 11
233 230 11 11
234 233 11 11
234 225 11 11
234 226 11 11
234 224 11 11
235 233 11 11
235 221 11 11
235 223 11 11
235 230 11 11
236 230 11 11
236 226 11 11
236 225 11 11
236 221 11 11
237 228 11 11
237 221 11 11
237 225 11 11
237 235 11 11
238 221 11 11
238 233 11 11
238 237 11 11
238 228 11 11
239 238 11 11
239 221 11 11
239 231 11 11
239 224 11 11
220 237 11 11
220 226 11 11
220 236 11 11
220 235 11 11
221 234 11 11
221 231 11 11
221 229 11 11
221 232 11 11
222 233 11 11
222 238 11 11
222 228 11 11
222 239 11 11
223 234 11 11
223 238 11 11
223 227 11 11
223 236 11 11
244 243 12 12
244 242 12 12
244 240 12 12
244 241 12 12
245 243 12 12
245 244 12 12
245 242 12 12
245 241 12 12
246 240 12 12
246 244 12 12
246 245 12 12
246 241 12 12
247 245 12 12
247 244 12 12
247 242 12 12
247 243 12 12
248 244 12 12
248 242 12 12
248 243 12 12
248 247 12 12
249 240 12 12
249 247 12 12
249 242 12 12
249 245 12 12
250 244 12 12
250 245 12 12
250 243 12 12
250 247 12 12
251 245 12 12
251 250 12 12
251 249 12 12
251 243 12 12
252 247 12 12
252 248 12 12
252 241 12 12
252 245 12 12
253 251 12 12
253 242 12 12
253 245 12 12
253 248 12 12
254 246 12 12
254 245 12 12
254 241 12 12
254 242 12 12
255 249 12 12
255 247 12 12
255 241 12 12
255 242 12 12
256 242 12 12
256 254 12 12
256 252 12 12
256 246 12 12
257 243 12 12
257 242 12 12
257 256 12 12
257 247 12 12
258 241 12 12
258 245 12 12
258 240 12 12
258 250 12 12
259 257 12 12
259 251 12 12
259 247 12 12
259 253 12 12
240 254 12 12
240 245 12 12
240 259 12 12
240 252 12 12
241 250 12 12
241 251 12 12
241 249 12 12
241 248 12 12
242 251 12 12
242 250 12 12
242 259 12 12
242 246 12 12
243 252 12 12
243 253 12 12
243 254 12 12
243 256 12 12
264 261 13 13
264 260 13 13
264 262 13 13
264 263 13 13
265 263 13 13
265 261 13 13
265 264 13 13
265 260 13 13
266 262 13 13
266 263 13 13
266 261 13 13
266 265 13 13
267 260 13 13
267 261 13 13
267 263 13 13
267 264 13 13
268 261 13 13
268 264 13 13
268 262 13 13
268 260 13 13
269 266 13 13
269 263 13 13
269 264 13 13
269 260 13 13
270 269 13 13
270 261 13 13
270 264 13 13
270 267 13 13
271 266 13 13
271 269 13 13
271 267 13 13
271 268 13 13
272 270 13 13
272 267 13 13
272 268 13 13
272 260 13 13
273 270 13 13
273 262 13 13
273 268 13 13
273 264 13 13
274 260 13 13
274 270 13 13
274 269 13 13
274 271 13 13
275 260 13 13
275 268 13 13
275 273 13 13
275 265 13 13
276 267 13 13
276 268 13 13
276 262 13 13
276 261 13 13
277 266 13 13
277 273 13 13
277 272 13 13
277 267 13 13
278 268 13 13
278 270 13 13
278 276 13 13
278 261 13 13
279 267 13 13
279 268 13 13
279 272 13 13
279 274 13 13
260 266 13 13
260 270 13 13
260 278 13 13
260 276 13 13
261 271 13 13
261 273 13 13
261 272 13 13
261 277 13 13
262 277 13 13
262 274 13 13
262 271 13 13
262 272 13 13
263 272 13 13
263 275 13 13
263 279 13 13
263 274 13 13
284 280 14 14
284 282 14 14
284 283 14 14
284 281 14 14
285 283 14 14
285 280 14 14
285 281 14 14
285 282 14 14
286 283 14 14
286 280 14 14
286 285 14 14
286 282 14 14
287 280 14 14
287 282 14 14
287 284 14 14
287 283 14 14
288 281 14 14
288 282 14 14
288 286 14 14
288 280 14 14
289 287 14 14
289 282 14 14
289 288 14 14
289 285 14 14
290 282 14 14
290 289 14 14
290 281 14 14
290 285 14 14
291 286 14 14
291 288 14 14
291 281 14 14
291 289 14 14
292 288 14 14
292 289 14 14
292 282 14 14
292 290 14 14
293 286 14 14
293 288 14 14
293 283 14 14
293 292 14 14
294 290 14 14
294 289 14 14
294 287 14 14
294 282 14 14
295 281 14 14
295 282 14 14
295 288 14 14
295 293 14 14
296 285 14 14
296 284 14 14
296 281 14 14
296 291 14 14
297 285 14 14
297 286 14 14
297 291 14 14
297 293 14 14
298 296 14 14
298 292 14 14
298 289 14 14
298 290 14 14
299 285 14 14
299 296 14 14
299 280 14 14
299 286 14 14
280 289 14 14
280 293 14 14
280 297 14 14
280 296 14 14
281 286 14 14
281 292 14 14
281 287 14 14
281 289 14 14
282 293 14 14
282 297 14 14
282 291 14 14
282 296 14 14
283 299 14 14
283 297 14 14
283 291 14 14
283 288 14 14
304 301 15 15
304 303 15 15
304 302 15 15
304 300 15 15
305 302 15 15
305 303 15 15
305 304 15 15
305 301 15 15
306 303 15 15
306 302 15 15
306 305 15 15
306 301 15 15
307 303 15 15
307 302 15 15
307 305 15 15
307 301 15 15
308 303 15 15
308 304 15 15
308 301 15 15
308 306 15 15
309 302 15 15
309 305 15 15
309 303 15 15
309 304 15 15
310 306 15 15
310 307 15 15
310 302 15 15
310 301 15 15
311 306 15 15
311 304 15 15
311 307 15 15
311 308 15 15
312 309 15 15
312 305 15 15
312 311 15 15
312 307 15 15
313 304 15 15
313 307 15 15
313 303 15 15
313 311 15 15
314 308 15 15
314 307 15 15
314 310 15 15
314 306 15 15
315 306 15 15
315 307 15 15
315 309 15 15
315 303 15 15
316 307 15 15
316 303 15 15
316 315 15 15
316 309 15 15
317 304 15 15
317 303 15 15
317 311 15 15
317 316 15 15
318 311 15 15
318 302 15 15
318 309 15 15
318 304 15 15
319 312 15 15
319 305 15 15
319 300 15 15
319 301 15 15
300 312 15 15
300 309 15 15
300 308 15 15
300 315 15 15
301 317 15 15
301 311 15 15
301 313 15 15
301 318 15 15
302 315 15 15
302 313 15 15
302 312 15 15
302 316 15 15
303 319 15 15
303 312 15 15
303 311 15 15
303 318 15 15
80 76 4 3
82 50 4 2
97 21 4 1
95 0 4 0
112 55 5 2
117 11 5 0
101 37 5 1
102 98 5 4
128 68 6 3
137 87 6 4
127 20 6 1
134 115 6 5
149 50 7 2
152 73 7 3
156 105 7 5
157 137 7 6
162 15 8 0
163 30 8 1
162 114 8 5
174 125 8 6
181 128 9 6
181 47 9 2
189 36 9 1
181 78 9 3
203 59 10 2
219 187 10 9
219 75 10 3
208 19 10 0
233 30 11 1
239 164 11 8
221 208 11 10
228 111 11 5
256 61 12 3
240 145 12 7
252 46 12 2
240 115 12 5
263 124 13 6
278 112 13 5
264 54 13 2
271 240 13 12
293 196 14 9
289 213 14 10
281 273 14 13
284 87 14 4
305 38 15 1
302 235 15 11
310 153 15 7
315 106 15 5
0 315 0 15
17 257 0 12
1 265 0 13
2 127 0 6
26 268 1 13
30 253 1 12
26 294 1 14
37 214 1 10
43 137 2 6
45 314 2 15
53 176 2 8
46 232 2 11
67 107 3 5
79 177 3 8
61 278 3 13
72 283 3 14
