swNum = 320
edgeNum = 1343

0 0
1 0
2 0
3 0
4 0
5 0
6 0
7 0
8 0
9 0
10 0
11 0
12 0
13 0
14 0
15 0
16 0
17 0
18 0
19 0
20 1
21 1
22 1
23 1
24 1
25 1
26 1
27 1
28 1
29 1
30 1
31 1
32 1
33 1
34 1
35 1
36 1
37 1
38 1
39 1
40 2
41 2
42 2
43 2
44 2
45 2
46 2
47 2
48 2
49 2
50 2
51 2
52 2
53 2
54 2
55 2
56 2
57 2
58 2
59 2
60 3
61 3
62 3
63 3
64 3
65 3
66 3
67 3
68 3
69 3
70 3
71 3
72 3
73 3
74 3
75 3
76 3
77 3
78 3
79 3
80 4
81 4
82 4
83 4
84 4
85 4
86 4
87 4
88 4
89 4
90 4
91 4
92 4
93 4
94 4
95 4
96 4
97 4
98 4
99 4
100 5
101 5
102 5
103 5
104 5
105 5
106 5
107 5
108 5
109 5
110 5
111 5
112 5
113 5
114 5
115 5
116 5
117 5
118 5
119 5
120 6
121 6
122 6
123 6
124 6
125 6
126 6
127 6
128 6
129 6
130 6
131 6
132 6
133 6
134 6
135 6
136 6
137 6
138 6
139 6
140 7
141 7
142 7
143 7
144 7
145 7
146 7
147 7
148 7
149 7
150 7
151 7
152 7
153 7
154 7
155 7
156 7
157 7
158 7
159 7
160 8
161 8
162 8
163 8
164 8
165 8
166 8
167 8
168 8
169 8
170 8
171 8
172 8
173 8
174 8
175 8
176 8
177 8
178 8
179 8
180 9
181 9
182 9
183 9
184 9
185 9
186 9
187 9
188 9
189 9
190 9
191 9
192 9
193 9
194 9
195 9
196 9
197 9
198 9
199 9
200 10
201 10
202 10
203 10
204 10
205 10
206 10
207 10
208 10
209 10
210 10
211 10
212 10
213 10
214 10
215 10
216 10
217 10
218 10
219 10
220 11
221 11
222 11
223 11
224 11
225 11
226 11
227 11
228 11
229 11
230 11
231 11
232 11
233 11
234 11
235 11
236 11
237 11
238 11
239 11
240 12
241 12
242 12
243 12
244 12
245 12
246 12
247 12
248 12
249 12
250 12
251 12
252 12
253 12
254 12
255 12
256 12
257 12
258 12
259 12
260 13
261 13
262 13
263 13
264 13
265 13
266 13
267 13
268 13
269 13
270 13
271 13
272 13
273 13
274 13
275 13
276 13
277 13
278 13
279 13
280 14
281 14
282 14
283 14
284 14
285 14
286 14
287 14
288 14
289 14
290 14
291 14
292 14
293 14
294 14
295 14
296 14
297 14
298 14
299 14
300 15
301 15
302 15
303 15
304 15
305 15
306 15
307 15
308 15
309 15
310 15
311 15
312 15
313 15
314 15
315 15
316 15
317 15
318 15
319 15

4 3 0 0
4 1 0 0
4 0 0 0
4 2 0 0
5 2 0 0
5 4 0 0
5 3 0 0
5 1 0 0
6 3 0 0
6 0 0 0
6 1 0 0
6 2 0 0
7 5 0 0
7 0 0 0
7 4 0 0
7 1 0 0
8 3 0 0
8 2 0 0
8 6 0 0
8 4 0 0
9 5 0 0
9 3 0 0
9 0 0 0
9 8 0 0
10 7 0 0
10 4 0 0
10 3 0 0
10 0 0 0
11 7 0 0
11 4 0 0
11 0 0 0
11 2 0 0
12 11 0 0
12 4 0 0
12 10 0 0
12 5 0 0
13 4 0 0
13 11 0 0
13 10 0 0
13 9 0 0
14 8 0 0
14 13 0 0
14 9 0 0
14 11 0 0
15 7 0 0
15 5 0 0
15 14 0 0
15 4 0 0
16 2 0 0
16 9 0 0
16 6 0 0
16 4 0 0
17 14 0 0
17 16 0 0
17 15 0 0
17 7 0 0
18 0 0 0
18 14 0 0
18 9 0 0
18 6 0 0
19 15 0 0
19 4 0 0
19 2 0 0
19 8 0 0
0 5 0 0
0 14 0 0
0 8 0 0
0 16 0 0
1 12 0 0
1 11 0 0
1 18 0 0
1 16 0 0
2 9 0 0
2 7 0 0
2 17 0 0
2 13 0 0
3 11 0 0
3 17 0 0
3 14 0 0
3 15 0 0
24 21 1 1
24 20 1 1
24 23 1 1
24 22 1 1
25 24 1 1
25 20 1 1
25 23 1 1
25 21 1 1
26 24 1 1
26 23 1 1
26 22 1 1
26 25 1 1
27 21 1 1
27 24 1 1
27 22 1 1
27 25 1 1
28 22 1 1
28 20 1 1
28 26 1 1
28 21 1 1
29 28 1 1
29 22 1 1
29 26 1 1
29 21 1 1
30 23 1 1
30 20 1 1
30 24 1 1
30 21 1 1
31 22 1 1
31 21 1 1
31 24 1 1
31 29 1 1
32 24 1 1
32 23 1 1
32 21 1 1
32 29 1 1
33 31 1 1
33 29 1 1
33 28 1 1
33 21 1 1
34 28 1 1
34 29 1 1
34 22 1 1
34 20 1 1
35 28 1 1
35 33 1 1
35 30 1 1
35 23 1 1
36 21 1 1
36 32 1 1
36 20 1 1
36 31 1 1
37 20 1 1
37 35 1 1
37 25 1 1
37 23 1 1
38 24 1 1
38 35 1 1
38 21 1 1
38 37 1 1
39 21 1 1
39 38 1 1
39 22 1 1
39 29 1 1
20 35 1 1
20 33 1 1
20 29 1 1
20 32 1 1
21 34 1 1
21 26 1 1
21 35 1 1
21 37 1 1
22 37 1 1
22 33 1 1
22 35 1 1
22 38 1 1
23 29 1 1
23 33 1 1
23 38 1 1
23 34 1 1
44 40 2 2
44 43 2 2
44 42 2 2
44 41 2 2
45 42 2 2
45 40 2 2
45 44 2 2
45 41 2 2
46 40 2 2
46 43 2 2
46 45 2 2
46 42 2 2
47 42 2 2
47 44 2 2
47 43 2 2
47 45 2 2
48 42 2 2
48 41 2 2
48 40 2 2
48 46 2 2
49 41 2 2
49 48 2 2
49 46 2 2
49 42 2 2
50 42 2 2
50 43 2 2
50 47 2 2
50 45 2 2
51 47 2 2
51 48 2 2
51 50 2 2
51 40 2 2
52 50 2 2
52 49 2 2
52 44 2 2
52 47 2 2
53 51 2 2
53 48 2 2
53 42 2 2
53 41 2 2
54 45 2 2
54 50 2 2
54 42 2 2
54 53 2 2
55 41 2 2
55 53 2 2
55 52 2 2
55 40 2 2
56 50 2 2
56 55 2 2
56 40 2 2
56 46 2 2
57 41 2 2
57 42 2 2
57 45 2 2
57 53 2 2
58 46 2 2
58 40 2 2
58 41 2 2
58 43 2 2
59 56 2 2
59 40 2 2
59 55 2 2
59 53 2 2
40 47 2 2
40 57 2 2
40 54 2 2
40 53 2 2
41 51 2 2
41 47 2 2
41 56 2 2
41 59 2 2
42 55 2 2
42 52 2 2
42 56 2 2
42 59 2 2
43 59 2 2
43 45 2 2
43 49 2 2
43 57 2 2
64 60 3 3
64 61 3 3
64 62 3 3
64 63 3 3
65 60 3 3
65 64 3 3
65 62 3 3
65 63 3 3
66 65 3 3
66 64 3 3
66 60 3 3
66 61 3 3
67 60 3 3
67 65 3 3
67 62 3 3
67 61 3 3
68 62 3 3
68 67 3 3
68 60 3 3
68 63 3 3
69 64 3 3
69 65 3 3
69 66 3 3
69 67 3 3
70 65 3 3
70 68 3 3
70 66 3 3
70 63 3 3
71 65 3 3
71 69 3 3
71 67 3 3
71 70 3 3
72 71 3 3
72 65 3 3
72 61 3 3
72 64 3 3
73 64 3 3
73 65 3 3
73 60 3 3
73 61 3 3
74 70 3 3
74 68 3 3
74 63 3 3
74 60 3 3
75 65 3 3
75 66 3 3
75 69 3 3
75 64 3 3
76 60 3 3
76 72 3 3
76 63 3 3
76 62 3 3
77 61 3 3
77 76 3 3
77 66 3 3
77 67 3 3
78 61 3 3
78 77 3 3
78 67 3 3
78 76 3 3
79 60 3 3
79 61 3 3
79 69 3 3
79 67 3 3
60 69 3 3
60 78 3 3
60 71 3 3
60 77 3 3
61 65 3 3
61 71 3 3
61 75 3 3
61 76 3 3
62 79 3 3
62 78 3 3
62 77 3 3
62 75 3 3
63 69 3 3
63 67 3 3
63 66 3 3
63 79 3 3
84 81 4 4
84 80 4 4
84 83 4 4
84 82 4 4
85 83 4 4
85 80 4 4
85 84 4 4
85 82 4 4
86 83 4 4
86 81 4 4
86 85 4 4
86 80 4 4
87 82 4 4
87 84 4 4
87 80 4 4
87 85 4 4
88 80 4 4
88 83 4 4
88 85 4 4
88 82 4 4
89 87 4 4
89 81 4 4
89 82 4 4
89 80 4 4
90 84 4 4
90 82 4 4
90 85 4 4
90 81 4 4
91 84 4 4
91 83 4 4
91 81 4 4
91 87 4 4
92 85 4 4
92 84 4 4
92 82 4 4
92 89 4 4
93 87 4 4
93 88 4 4
93 82 4 4
93 92 4 4
94 91 4 4
94 81 4 4
94 80 4 4
94 86 4 4
95 83 4 4
95 86 4 4
95 88 4 4
95 80 4 4
96 85 4 4
96 83 4 4
96 84 4 4
96 81 4 4
97 94 4 4
97 95 4 4
97 81 4 4
97 86 4 4
98 90 4 4
98 93 4 4
98 94 4 4
98 80 4 4
99 85 4 4
99 96 4 4
99 81 4 4
99 91 4 4
80 90 4 4
80 93 4 4
80 97 4 4
80 96 4 4
81 88 4 4
81 87 4 4
81 98 4 4
81 92 4 4
82 99 4 4
82 98 4 4
82 96 4 4
82 97 4 4
83 94 4 4
83 90 4 4
83 99 4 4
83 93 4 4
104 100 5 5
104 101 5 5
104 103 5 5
104 102 5 5
105 102 5 5
105 101 5 5
105 100 5 5
105 103 5 5
106 100 5 5
106 101 5 5
106 105 5 5
106 104 5 5
107 105 5 5
107 103 5 5
107 102 5 5
107 106 5 5
108 104 5 5
108 100 5 5
108 105 5 5
108 102 5 5
109 103 5 5
109 106 5 5
109 100 5 5
109 102 5 5
110 108 5 5
110 106 5 5
110 102 5 5
110 101 5 5
111 101 5 5
111 107 5 5
111 106 5 5
111 109 5 5
112 107 5 5
112 106 5 5
112 104 5 5
112 109 5 5
113 101 5 5
113 107 5 5
113 111 5 5
113 110 5 5
114 101 5 5
114 106 5 5
114 110 5 5
114 104 5 5
115 100 5 5
115 105 5 5
115 114 5 5
115 109 5 5
116 113 5 5
116 102 5 5
116 114 5 5
116 101 5 5
117 110 5 5
117 108 5 5
117 104 5 5
117 106 5 5
118 101 5 5
118 108 5 5
118 110 5 5
118 114 5 5
119 104 5 5
119 108 5 5
119 113 5 5
119 116 5 5
100 114 5 5
100 111 5 5
100 112 5 5
100 116 5 5
101 108 5 5
101 117 5 5
101 107 5 5
101 115 5 5
102 106 5 5
102 117 5 5
102 111 5 5
102 118 5 5
103 112 5 5
103 116 5 5
103 115 5 5
103 114 5 5
124 122 6 6
124 120 6 6
124 121 6 6
124 123 6 6
125 124 6 6
125 120 6 6
125 121 6 6
125 123 6 6
126 125 6 6
126 122 6 6
126 120 6 6
126 121 6 6
127 126 6 6
127 120 6 6
127 122 6 6
127 123 6 6
128 120 6 6
128 123 6 6
128 121 6 6
128 124 6 6
129 120 6 6
129 122 6 6
129 121 6 6
129 123 6 6
130 128 6 6
130 120 6 6
130 124 6 6
130 127 6 6
131 120 6 6
131 123 6 6
131 122 6 6
131 128 6 6
132 130 6 6
132 129 6 6
132 121 6 6
132 125 6 6
133 121 6 6
133 130 6 6
133 129 6 6
133 128 6 6
134 126 6 6
134 127 6 6
134 129 6 6
134 122 6 6
135 122 6 6
135 128 6 6
135 123 6 6
135 130 6 6
136 125 6 6
136 134 6 6
136 131 6 6
136 133 6 6
137 124 6 6
137 120 6 6
137 122 6 6
137 133 6 6
138 130 6 6
138 137 6 6
138 135 6 6
138 120 6 6
139 124 6 6
139 133 6 6
139 138 6 6
139 125 6 6
120 139 6 6
120 135 6 6
120 134 6 6
120 132 6 6
121 130 6 6
121 139 6 6
121 135 6 6
121 131 6 6
122 132 6 6
122 138 6 6
122 136 6 6
122 125 6 6
123 139 6 6
123 130 6 6
123 132 6 6
123 138 6 6
144 140 7 7
144 141 7 7
144 142 7 7
144 143 7 7
145 142 7 7
145 144 7 7
145 140 7 7
145 141 7 7
146 141 7 7
146 142 7 7
146 140 7 7
146 144 7 7
147 141 7 7
147 140 7 7
147 144 7 7
147 142 7 7
148 145 7 7
148 142 7 7
148 144 7 7
148 141 7 7
149 144 7 7
149 141 7 7
149 140 7 7
149 145 7 7
150 142 7 7
150 140 7 7
150 149 7 7
150 144 7 7
151 147 7 7
151 146 7 7
151 144 7 7
151 148 7 7
152 150 7 7
152 142 7 7
152 146 7 7
152 151 7 7
153 151 7 7
153 150 7 7
153 145 7 7
153 149 7 7
154 141 7 7
154 150 7 7
154 151 7 7
154 144 7 7
155 142 7 7
155 148 7 7
155 151 7 7
155 154 7 7
156 140 7 7
156 148 7 7
156 147 7 7
156 150 7 7
157 150 7 7
157 144 7 7
157 153 7 7
157 148 7 7
158 147 7 7
158 153 7 7
158 152 7 7
158 151 7 7
159 153 7 7
159 148 7 7
159 157 7 7
159 143 7 7
140 148 7 7
140 152 7 7
140 151 7 7
140 153 7 7
141 156 7 7
141 158 7 7
141 157 7 7
141 151 7 7
142 159 7 7
142 157 7 7
142 156 7 7
142 154 7 7
143 157 7 7
143 151 7 7
143 153 7 7
143 158 7 7
164 160 8 8
164 161 8 8
164 163 8 8
164 162 8 8
165 160 8 8
165 163 8 8
165 164 8 8
165 162 8 8
166 164 8 8
166 165 8 8
166 161 8 8
166 160 8 8
167 161 8 8
167 162 8 8
167 160 8 8
167 165 8 8
168 167 8 8
168 166 8 8
168 160 8 8
168 161 8 8
169 167 8 8
169 162 8 8
169 163 8 8
169 168 8 8
170 162 8 8
170 167 8 8
170 160 8 8
170 168 8 8
171 164 8 8
171 168 8 8
171 169 8 8
171 162 8 8
172 171 8 8
172 164 8 8
172 168 8 8
172 167 8 8
173 171 8 8
173 162 8 8
173 161 8 8
173 170 8 8
174 163 8 8
174 173 8 8
174 165 8 8
174 166 8 8
175 163 8 8
175 172 8 8
175 164 8 8
175 162 8 8
176 169 8 8
176 170 8 8
176 171 8 8
176 175 8 8
177 169 8 8
177 161 8 8
177 174 8 8
177 171 8 8
178 168 8 8
178 176 8 8
178 177 8 8
178 171 8 8
179 175 8 8
179 177 8 8
179 172 8 8
179 162 8 8
160 176 8 8
160 172 8 8
160 174 8 8
160 177 8 8
161 176 8 8
161 170 8 8
161 178 8 8
161 169 8 8
162 177 8 8
162 168 8 8
162 174 8 8
162 172 8 8
163 172 8 8
163 176 8 8
163 179 8 8
163 177 8 8
184 181 9 9
184 180 9 9
184 182 9 9
184 183 9 9
185 181 9 9
185 182 9 9
185 183 9 9
185 184 9 9
186 184 9 9
186 185 9 9
186 180 9 9
186 182 9 9
187 186 9 9
187 181 9 9
187 180 9 9
187 184 9 9
188 183 9 9
188 185 9 9
188 182 9 9
188 184 9 9
189 181 9 9
189 184 9 9
189 182 9 9
189 186 9 9
190 186 9 9
190 182 9 9
190 180 9 9
190 187 9 9
191 182 9 9
191 185 9 9
191 190 9 9
191 183 9 9
192 190 9 9
192 187 9 9
192 181 9 9
192 185 9 9
193 190 9 9
193 191 9 9
193 185 9 9
193 189 9 9
194 191 9 9
194 186 9 9
194 189 9 9
194 187 9 9
195 184 9 9
195 193 9 9
195 194 9 9
195 180 9 9
196 185 9 9
196 182 9 9
196 189 9 9
196 195 9 9
197 194 9 9
197 193 9 9
197 190 9 9
197 192 9 9
198 185 9 9
198 182 9 9
198 181 9 9
198 197 9 9
199 184 9 9
199 189 9 9
199 197 9 9
199 190 9 9
180 197 9 9
180 185 9 9
180 189 9 9
180 192 9 9
181 199 9 9
181 190 9 9
181 196 9 9
181 195 9 9
182 199 9 9
182 195 9 9
182 192 9 9
182 187 9 9
183 193 9 9
183 187 9 9
183 195 9 9
183 196 9 9
204 201 10 10
204 203 10 10
204 200 10 10
204 202 10 10
205 204 10 10
205 203 10 10
205 201 10 10
205 200 10 10
206 202 10 10
206 201 10 10
206 205 10 10
206 204 10 10
207 200 10 10
207 206 10 10
207 202 10 10
207 205 10 10
208 204 10 10
208 203 10 10
208 200 10 10
208 201 10 10
209 206 10 10
209 201 10 10
209 204 10 10
209 207 10 10
210 206 10 10
210 202 10 10
210 209 10 10
210 205 10 10
211 202 10 10
211 207 10 10
211 205 10 10
211 209 10 10
212 201 10 10
212 210 10 10
212 205 10 10
212 204 10 10
213 206 10 10
213 210 10 10
213 200 10 10
213 212 10 10
214 212 10 10
214 204 10 10
214 208 10 10
214 201 10 10
215 205 10 10
215 201 10 10
215 212 10 10
215 210 10 10
216 213 10 10
216 204 10 10
216 200 10 10
216 210 10 10
217 216 10 10
217 215 10 10
217 204 10 10
217 201 10 10
218 212 10 10
218 203 10 10
218 208 10 10
218 204 10 10
219 211 10 10
219 207 10 10
219 206 10 10
219 209 10 10
200 217 10 10
200 219 10 10
200 215 10 10
200 210 10 10
201 219 10 10
201 211 10 10
201 218 10 10
201 207 10 10
202 213 10 10
202 209 10 10
202 205 10 10
202 219 10 10
203 212 10 10
203 206 10 10
203 213 10 10
203 215 10 10
224 220 11 11
224 223 11 11
224 222 11 11
224 221 11 11
225 224 11 11
225 222 11 11
225 223 11 11
225 221 11 11
226 221 11 11
226 222 11 11
226 224 11 11
226 220 11 11
227 224 11 11
227 223 11 11
227 225 11 11
227 221 11 11
228 225 11 11
228 224 11 11
228 226 11 11
228 220 11 11
229 228 11 11
229 222 11 11
229 226 11 11
229 224 11 11
230 222 11 11
230 220 11 11
230 225 11 11
230 229 11 11
231 225 11 11
231 223 11 11
231 220 11 11
231 229 11 11
232 231 11 11
232 225 11 11
232 224 11 11
232 229 11 11
233 223 11 11
233 228 11 11
233 221 11 11
233 232 11 11
234 229 11 11
234 224 11 11
234 230 11 11
234 223 11 11
235 232 11 11
235 228 11 11
235 220 11 11
235 230 11 11
236 228 11 11
236 232 11 11
236 231 11 11
236 227 11 11
237 221 11 11
237 231 11 11
237 236 11 11
237 223 11 11
238 228 11 11
238 234 11 11
238 237 11 11
238 233 11 11
239 226 11 11
239 235 11 11
239 229 11 11
239 225 11 11
220 239 11 11
220 225 11 11
220 234 11 11
220 229 11 11
221 236 11 11
221 231 11 11
221 238 11 11
221 235 11 11
222 239 11 11
222 232 11 11
222 234 11 11
222 235 11 11
223 228 11 11
223 236 11 11
223 235 11 11
223 238 11 11
244 242 12 12
244 240 12 12
244 241 12 12
244 243 12 12
245 243 12 12
245 242 12 12
245 240 12 12
245 241 12 12
246 240 12 12
246 241 12 12
246 244 12 12
246 243 12 12
247 240 12 12
247 246 12 12
247 244 12 12
247 241 12 12
248 241 12 12
248 243 12 12
248 244 12 12
248 240 12 12
249 240 12 12
249 241 12 12
249 246 12 12
249 242 12 12
250 241 12 12
250 248 12 12
250 249 12 12
250 247 12 12
251 244 12 12
251 247 12 12
251 241 12 12
251 250 12 12
252 243 12 12
252 248 12 12
252 245 12 12
252 242 12 12
253 252 12 12
253 246 12 12
253 247 12 12
253 241 12 12
254 253 12 12
254 246 12 12
254 248 12 12
254 240 12 12
255 250 12 12
255 253 12 12
255 247 12 12
255 244 12 12
256 246 12 12
256 255 12 12
256 242 12 12
256 252 12 12
257 250 12 12
257 247 12 12
257 253 12 12
257 255 12 12
258 249 12 12
258 242 12 12
258 240 12 12
258 256 12 12
259 245 12 12
259 256 12 12
259 249 12 12
259 252 12 12
240 253 12 12
240 250 12 12
240 252 12 12
240 255 12 12
241 255 12 12
241 259 12 12
241 258 12 12
241 254 12 12
242 248 12 12
242 259 12 12
242 246 12 12
242 247 12 12
243 256 12 12
243 253 12 12
243 251 12 12
243 259 12 12
264 262 13 13
264 263 13 13
264 261 13 13
264 260 13 13
265 261 13 13
265 264 13 13
265 260 13 13
265 262 13 13
266 262 13 13
266 264 13 13
266 263 13 13
266 261 13 13
267 263 13 13
267 266 13 13
267 260 13 13
267 262 13 13
268 267 13 13
268 262 13 13
268 265 13 13
268 266 13 13
269 265 13 13
269 268 13 13
269 261 13 13
269 263 13 13
270 261 13 13
270 267 13 13
270 265 13 13
270 266 13 13
271 268 13 13
271 262 13 13
271 264 13 13
271 267 13 13
272 270 13 13
272 262 13 13
272 266 13 13
272 268 13 13
273 264 13 13
273 270 13 13
273 269 13 13
273 265 13 13
274 268 13 13
274 271 13 13
274 265 13 13
274 262 13 13
275 267 13 13
275 263 13 13
275 262 13 13
275 270 13 13
276 271 13 13
276 269 13 13
276 273 13 13
276 265 13 13
277 262 13 13
277 271 13 13
277 267 13 13
277 274 13 13
278 271 13 13
278 268 13 13
278 277 13 13
278 262 13 13
279 274 13 13
279 266 13 13
279 263 13 13
279 270 13 13
260 271 13 13
260 272 13 13
260 279 13 13
260 278 13 13
261 275 13 13
261 273 13 13
261 268 13 13
261 274 13 13
262 279 13 13
262 270 13 13
262 273 13 13
262 276 13 13
263 271 13 13
263 273 13 13
263 277 13 13
263 270 13 13
284 280 14 14
284 281 14 14
284 282 14 14
284 283 14 14
285 281 14 14
285 283 14 14
285 282 14 14
285 280 14 14
286 281 14 14
286 285 14 14
286 282 14 14
286 283 14 14
287 284 14 14
287 281 14 14
287 283 14 14
287 280 14 14
288 281 14 14
288 283 14 14
288 285 14 14
288 280 14 14
289 288 14 14
289 285 14 14
289 286 14 14
289 281 14 14
290 282 14 14
290 281 14 14
290 283 14 14
290 287 14 14
291 286 14 14
291 281 14 14
291 289 14 14
291 288 14 14
292 290 14 14
292 285 14 14
292 289 14 14
292 291 14 14
293 285 14 14
293 287 14 14
293 283 14 14
293 291 14 14
294 283 14 14
294 282 14 14
294 292 14 14
294 285 14 14
295 282 14 14
295 280 14 14
295 283 14 14
295 293 14 14
296 283 14 14
296 291 14 14
296 295 14 14
296 282 14 14
297 292 14 14
297 296 14 14
297 283 14 14
297 286 14 14
298 292 14 14
298 285 14 14
298 294 14 14
298 283 14 14
299 294 14 14
299 283 14 14
299 297 14 14
299 292 14 14
280 299 14 14
280 297 14 14
280 296 14 14
280 290 14 14
281 293 14 14
281 298 14 14
281 292 14 14
281 295 14 14
282 288 14 14
282 287 14 14
282 299 14 14
282 297 14 14
283 292 14 14
283 291 14 14
283 289 14 14
304 300 15 15
304 301 15 15
304 303 15 15
304 302 15 15
305 300 15 15
305 302 15 15
305 304 15 15
305 303 15 15
306 301 15 15
306 304 15 15
306 300 15 15
306 303 15 15
307 305 15 15
307 300 15 15
307 306 15 15
307 303 15 15
308 306 15 15
308 304 15 15
308 302 15 15
308 301 15 15
309 307 15 15
309 305 15 15
309 300 15 15
309 302 15 15
310 302 15 15
310 305 15 15
310 304 15 15
310 303 15 15
311 306 15 15
311 305 15 15
311 308 15 15
311 302 15 15
312 309 15 15
312 303 15 15
312 310 15 15
312 306 15 15
313 300 15 15
313 307 15 15
313 301 15 15
313 312 15 15
314 307 15 15
314 300 15 15
314 303 15 15
314 312 15 15
315 314 15 15
315 301 15 15
315 310 15 15
315 307 15 15
316 308 15 15
316 312 15 15
316 313 15 15
316 307 15 15
317 302 15 15
317 301 15 15
317 313 15 15
317 308 15 15
318 305 15 15
318 308 15 15
318 309 15 15
318 312 15 15
319 300 15 15
319 314 15 15
319 306 15 15
319 305 15 15
300 318 15 15
300 311 15 15
300 310 15 15
300 315 15 15
301 319 15 15
301 312 15 15
301 314 15 15
301 309 15 15
302 314 15 15
302 307 15 15
302 315 15 15
302 316 15 15
303 317 15 15
303 318 15 15
303 308 15 15
303 319 15 15
82 10 4 0
90 27 4 1
85 57 4 2
96 66 4 3
110 76 5 3
118 91 5 4
111 14 5 0
115 46 5 2
125 35 6 1
129 118 6 5
128 64 6 3
122 40 6 2
152 28 7 1
158 10 7 0
146 134 7 6
150 91 7 4
163 10 8 0
161 69 8 3
161 136 8 6
172 26 8 1
194 27 9 1
181 109 9 5
185 154 9 7
190 170 9 8
203 58 10 2
200 88 10 4
217 68 10 3
201 139 10 6
232 187 11 9
225 10 11 0
232 134 11 6
221 25 11 1
243 122 12 6
242 52 12 2
248 236 12 11
250 83 12 4
260 57 13 2
270 231 13 11
278 195 13 9
270 93 13 4
289 77 14 3
295 276 14 13
288 120 14 6
299 209 14 10
313 154 15 7
316 211 15 10
300 83 15 4
312 251 15 12
14 277 0 13
5 137 0 6
5 283 0 14
14 212 0 10
34 217 1 10
39 268 1 13
21 246 1 12
24 301 1 15
53 230 2 11
42 284 2 14
56 199 2 9
44 318 2 15
65 159 3 7
79 315 3 15
68 269 3 13
61 224 3 11
