swNum = 320
edgeNum = 1342

0 0
1 0
2 0
3 0
4 0
5 0
6 0
7 0
8 0
9 0
10 0
11 0
12 0
13 0
14 0
15 0
16 0
17 0
18 0
19 0
20 1
21 1
22 1
23 1
24 1
25 1
26 1
27 1
28 1
29 1
30 1
31 1
32 1
33 1
34 1
35 1
36 1
37 1
38 1
39 1
40 2
41 2
42 2
43 2
44 2
45 2
46 2
47 2
48 2
49 2
50 2
51 2
52 2
53 2
54 2
55 2
56 2
57 2
58 2
59 2
60 3
61 3
62 3
63 3
64 3
65 3
66 3
67 3
68 3
69 3
70 3
71 3
72 3
73 3
74 3
75 3
76 3
77 3
78 3
79 3
80 4
81 4
82 4
83 4
84 4
85 4
86 4
87 4
88 4
89 4
90 4
91 4
92 4
93 4
94 4
95 4
96 4
97 4
98 4
99 4
100 5
101 5
102 5
103 5
104 5
105 5
106 5
107 5
108 5
109 5
110 5
111 5
112 5
113 5
114 5
115 5
116 5
117 5
118 5
119 5
120 6
121 6
122 6
123 6
124 6
125 6
126 6
127 6
128 6
129 6
130 6
131 6
132 6
133 6
134 6
135 6
136 6
137 6
138 6
139 6
140 7
141 7
142 7
143 7
144 7
145 7
146 7
147 7
148 7
149 7
150 7
151 7
152 7
153 7
154 7
155 7
156 7
157 7
158 7
159 7
160 8
161 8
162 8
163 8
164 8
165 8
166 8
167 8
168 8
169 8
170 8
171 8
172 8
173 8
174 8
175 8
176 8
177 8
178 8
179 8
180 9
181 9
182 9
183 9
184 9
185 9
186 9
187 9
188 9
189 9
190 9
191 9
192 9
193 9
194 9
195 9
196 9
197 9
198 9
199 9
200 10
201 10
202 10
203 10
204 10
205 10
206 10
207 10
208 10
209 10
210 10
211 10
212 10
213 10
214 10
215 10
216 10
217 10
218 10
219 10
220 11
221 11
222 11
223 11
224 11
225 11
226 11
227 11
228 11
229 11
230 11
231 11
232 11
233 11
234 11
235 11
236 11
237 11
238 11
239 11
240 12
241 12
242 12
243 12
244 12
245 12
246 12
247 12
248 12
249 12
250 12
251 12
252 12
253 12
254 12
255 12
256 12
257 12
258 12
259 12
260 13
261 13
262 13
263 13
264 13
265 13
266 13
267 13
268 13
269 13
270 13
271 13
272 13
273 13
274 13
275 13
276 13
277 13
278 13
279 13
280 14
281 14
282 14
283 14
284 14
285 14
286 14
287 14
288 14
289 14
290 14
291 14
292 14
293 14
294 14
295 14
296 14
297 14
298 14
299 14
300 15
301 15
302 15
303 15
304 15
305 15
306 15
307 15
308 15
309 15
310 15
311 15
312 15
313 15
314 15
315 15
316 15
317 15
318 15
319 15

4 3 0 0
4 1 0 0
4 2 0 0
4 0 0 0
5 3 0 0
5 4 0 0
5 0 0 0
5 2 0 0
6 4 0 0
6 1 0 0
6 3 0 0
6 2 0 0
7 5 0 0
7 1 0 0
7 0 0 0
7 4 0 0
8 0 0 0
8 6 0 0
8 1 0 0
8 7 0 0
9 0 0 0
9 6 0 0
9 5 0 0
9 4 0 0
10 2 0 0
10 4 0 0
10 0 0 0
10 3 0 0
11 7 0 0
11 8 0 0
11 6 0 0
11 5 0 0
12 11 0 0
12 7 0 0
12 1 0 0
12 0 0 0
13 8 0 0
13 6 0 0
13 0 0 0
13 1 0 0
14 5 0 0
14 1 0 0
14 3 0 0
14 12 0 0
15 14 0 0
15 13 0 0
15 6 0 0
15 0 0 0
16 9 0 0
16 14 0 0
16 6 0 0
16 4 0 0
17 5 0 0
17 15 0 0
17 8 0 0
17 4 0 0
18 4 0 0
18 7 0 0
18 11 0 0
18 5 0 0
19 17 0 0
19 4 0 0
19 0 0 0
19 7 0 0
0 6 0 0
0 17 0 0
0 16 0 0
0 18 0 0
1 19 0 0
1 18 0 0
1 9 0 0
1 5 0 0
2 12 0 0
2 18 0 0
2 15 0 0
2 7 0 0
3 7 0 0
3 11 0 0
3 18 0 0
3 19 0 0
24 22 1 1
24 20 1 1
24 23 1 1
24 21 1 1
25 21 1 1
25 22 1 1
25 23 1 1
25 20 1 1
26 23 1 1
26 20 1 1
26 25 1 1
26 21 1 1
27 24 1 1
27 22 1 1
27 25 1 1
27 21 1 1
28 24 1 1
28 25 1 1
28 22 1 1
28 21 1 1
29 27 1 1
29 26 1 1
29 28 1 1
29 21 1 1
30 26 1 1
30 25 1 1
30 23 1 1
30 27 1 1
31 27 1 1
31 25 1 1
31 26 1 1
31 28 1 1
32 23 1 1
32 28 1 1
32 21 1 1
32 31 1 1
33 32 1 1
33 26 1 1
33 28 1 1
33 30 1 1
34 33 1 1
34 30 1 1
34 32 1 1
34 24 1 1
35 28 1 1
35 22 1 1
35 30 1 1
35 34 1 1
36 27 1 1
36 21 1 1
36 25 1 1
36 33 1 1
37 24 1 1
37 20 1 1
37 36 1 1
37 29 1 1
38 37 1 1
38 20 1 1
38 29 1 1
38 33 1 1
39 27 1 1
39 38 1 1
39 25 1 1
39 36 1 1
20 39 1 1
20 35 1 1
20 30 1 1
20 36 1 1
21 38 1 1
21 35 1 1
21 31 1 1
21 37 1 1
22 32 1 1
22 39 1 1
22 33 1 1
22 36 1 1
23 39 1 1
23 34 1 1
23 27 1 1
23 35 1 1
44 40 2 2
44 42 2 2
44 41 2 2
44 43 2 2
45 44 2 2
45 42 2 2
45 43 2 2
45 40 2 2
46 43 2 2
46 42 2 2
46 40 2 2
46 45 2 2
47 41 2 2
47 44 2 2
47 46 2 2
47 40 2 2
48 44 2 2
48 45 2 2
48 46 2 2
48 42 2 2
49 43 2 2
49 47 2 2
49 41 2 2
49 40 2 2
50 43 2 2
50 40 2 2
50 48 2 2
50 42 2 2
51 48 2 2
51 43 2 2
51 45 2 2
51 46 2 2
52 43 2 2
52 48 2 2
52 46 2 2
52 45 2 2
53 49 2 2
53 40 2 2
53 47 2 2
53 50 2 2
54 45 2 2
54 51 2 2
54 46 2 2
54 52 2 2
55 42 2 2
55 51 2 2
55 54 2 2
55 46 2 2
56 44 2 2
56 55 2 2
56 51 2 2
56 46 2 2
57 42 2 2
57 46 2 2
57 55 2 2
57 40 2 2
58 50 2 2
58 57 2 2
58 44 2 2
58 48 2 2
59 57 2 2
59 41 2 2
59 48 2 2
59 47 2 2
40 58 2 2
40 52 2 2
40 59 2 2
40 48 2 2
41 48 2 2
41 57 2 2
41 58 2 2
41 45 2 2
42 51 2 2
42 53 2 2
42 58 2 2
42 52 2 2
43 55 2 2
43 54 2 2
43 47 2 2
43 48 2 2
64 60 3 3
64 63 3 3
64 61 3 3
64 62 3 3
65 61 3 3
65 62 3 3
65 60 3 3
65 63 3 3
66 61 3 3
66 62 3 3
66 64 3 3
66 60 3 3
67 63 3 3
67 60 3 3
67 66 3 3
67 61 3 3
68 64 3 3
68 65 3 3
68 63 3 3
68 62 3 3
69 64 3 3
69 68 3 3
69 60 3 3
69 65 3 3
70 65 3 3
70 64 3 3
70 68 3 3
70 60 3 3
71 61 3 3
71 64 3 3
71 60 3 3
71 69 3 3
72 63 3 3
72 66 3 3
72 62 3 3
72 67 3 3
73 66 3 3
73 70 3 3
73 68 3 3
73 62 3 3
74 71 3 3
74 61 3 3
74 73 3 3
74 72 3 3
75 71 3 3
75 63 3 3
75 67 3 3
75 60 3 3
76 68 3 3
76 67 3 3
76 72 3 3
76 74 3 3
77 73 3 3
77 65 3 3
77 66 3 3
77 72 3 3
78 66 3 3
78 65 3 3
78 71 3 3
78 73 3 3
79 78 3 3
79 68 3 3
79 72 3 3
79 62 3 3
60 68 3 3
60 73 3 3
60 77 3 3
60 79 3 3
61 78 3 3
61 69 3 3
61 68 3 3
61 77 3 3
62 71 3 3
62 78 3 3
62 75 3 3
62 76 3 3
63 73 3 3
63 79 3 3
63 70 3 3
63 78 3 3
84 81 4 4
84 82 4 4
84 83 4 4
84 80 4 4
85 83 4 4
85 84 4 4
85 82 4 4
85 80 4 4
86 84 4 4
86 81 4 4
86 85 4 4
86 80 4 4
87 86 4 4
87 81 4 4
87 84 4 4
87 83 4 4
88 83 4 4
88 85 4 4
88 87 4 4
88 82 4 4
89 84 4 4
89 88 4 4
89 80 4 4
89 81 4 4
90 81 4 4
90 80 4 4
90 83 4 4
90 86 4 4
91 85 4 4
91 88 4 4
91 90 4 4
91 89 4 4
92 85 4 4
92 88 4 4
92 84 4 4
92 91 4 4
93 83 4 4
93 80 4 4
93 90 4 4
93 82 4 4
94 83 4 4
94 82 4 4
94 87 4 4
94 93 4 4
95 84 4 4
95 80 4 4
95 91 4 4
95 85 4 4
96 90 4 4
96 83 4 4
96 89 4 4
96 82 4 4
97 82 4 4
97 83 4 4
97 80 4 4
97 94 4 4
98 95 4 4
98 84 4 4
98 92 4 4
98 96 4 4
99 96 4 4
99 91 4 4
99 85 4 4
99 94 4 4
80 87 4 4
80 88 4 4
80 91 4 4
80 94 4 4
81 98 4 4
81 92 4 4
81 95 4 4
81 91 4 4
82 99 4 4
82 92 4 4
82 90 4 4
82 95 4 4
83 86 4 4
83 98 4 4
83 91 4 4
83 95 4 4
104 101 5 5
104 100 5 5
104 103 5 5
104 102 5 5
105 102 5 5
105 104 5 5
105 103 5 5
105 101 5 5
106 105 5 5
106 101 5 5
106 103 5 5
106 102 5 5
107 100 5 5
107 103 5 5
107 101 5 5
107 102 5 5
108 102 5 5
108 107 5 5
108 105 5 5
108 104 5 5
109 106 5 5
109 105 5 5
109 103 5 5
109 102 5 5
110 103 5 5
110 106 5 5
110 105 5 5
110 109 5 5
111 103 5 5
111 105 5 5
111 106 5 5
111 109 5 5
112 102 5 5
112 111 5 5
112 104 5 5
112 106 5 5
113 111 5 5
113 103 5 5
113 109 5 5
113 107 5 5
114 112 5 5
114 108 5 5
114 109 5 5
114 102 5 5
115 110 5 5
115 112 5 5
115 104 5 5
115 109 5 5
116 104 5 5
116 100 5 5
116 115 5 5
116 101 5 5
117 104 5 5
117 109 5 5
117 101 5 5
117 116 5 5
118 107 5 5
118 102 5 5
118 109 5 5
118 113 5 5
119 110 5 5
119 102 5 5
119 115 5 5
119 114 5 5
100 117 5 5
100 109 5 5
100 115 5 5
100 110 5 5
101 113 5 5
101 111 5 5
101 109 5 5
101 112 5 5
102 115 5 5
102 113 5 5
102 116 5 5
102 110 5 5
103 108 5 5
103 116 5 5
103 119 5 5
103 115 5 5
124 122 6 6
124 121 6 6
124 120 6 6
124 123 6 6
125 121 6 6
125 120 6 6
125 124 6 6
125 122 6 6
126 121 6 6
126 125 6 6
126 124 6 6
126 120 6 6
127 126 6 6
127 121 6 6
127 124 6 6
127 122 6 6
128 121 6 6
128 127 6 6
128 126 6 6
128 122 6 6
129 126 6 6
129 127 6 6
129 128 6 6
129 124 6 6
130 127 6 6
130 128 6 6
130 125 6 6
130 121 6 6
131 123 6 6
131 125 6 6
131 126 6 6
131 128 6 6
132 131 6 6
132 126 6 6
132 125 6 6
132 121 6 6
133 126 6 6
133 121 6 6
133 127 6 6
133 125 6 6
134 120 6 6
134 125 6 6
134 130 6 6
134 126 6 6
135 131 6 6
135 126 6 6
135 123 6 6
135 122 6 6
136 127 6 6
136 125 6 6
136 121 6 6
136 126 6 6
137 136 6 6
137 121 6 6
137 126 6 6
137 134 6 6
138 129 6 6
138 126 6 6
138 124 6 6
138 127 6 6
139 120 6 6
139 137 6 6
139 127 6 6
139 138 6 6
120 136 6 6
120 131 6 6
120 135 6 6
120 129 6 6
121 139 6 6
121 138 6 6
121 129 6 6
121 131 6 6
122 138 6 6
122 137 6 6
122 126 6 6
122 139 6 6
123 137 6 6
123 125 6 6
123 126 6 6
123 132 6 6
144 143 7 7
144 141 7 7
144 140 7 7
144 142 7 7
145 142 7 7
145 141 7 7
145 144 7 7
145 143 7 7
146 143 7 7
146 141 7 7
146 145 7 7
146 142 7 7
147 146 7 7
147 144 7 7
147 142 7 7
147 145 7 7
148 141 7 7
148 142 7 7
148 140 7 7
148 147 7 7
149 146 7 7
149 147 7 7
149 142 7 7
149 148 7 7
150 145 7 7
150 146 7 7
150 143 7 7
150 140 7 7
151 148 7 7
151 140 7 7
151 141 7 7
151 149 7 7
152 141 7 7
152 144 7 7
152 150 7 7
152 149 7 7
153 147 7 7
153 140 7 7
153 144 7 7
153 143 7 7
154 147 7 7
154 146 7 7
154 145 7 7
154 149 7 7
155 141 7 7
155 150 7 7
155 140 7 7
155 154 7 7
156 146 7 7
156 144 7 7
156 148 7 7
156 153 7 7
157 149 7 7
157 140 7 7
157 154 7 7
157 142 7 7
158 157 7 7
158 144 7 7
158 150 7 7
158 141 7 7
159 152 7 7
159 157 7 7
159 153 7 7
159 155 7 7
140 154 7 7
140 147 7 7
140 158 7 7
140 159 7 7
141 159 7 7
141 156 7 7
141 157 7 7
141 154 7 7
142 150 7 7
142 154 7 7
142 151 7 7
142 158 7 7
143 157 7 7
143 151 7 7
143 154 7 7
143 152 7 7
164 161 8 8
164 160 8 8
164 163 8 8
164 162 8 8
165 162 8 8
165 163 8 8
165 160 8 8
165 161 8 8
166 162 8 8
166 160 8 8
166 161 8 8
166 165 8 8
167 162 8 8
167 161 8 8
167 166 8 8
167 165 8 8
168 167 8 8
168 162 8 8
168 163 8 8
168 166 8 8
169 167 8 8
169 165 8 8
169 166 8 8
169 168 8 8
170 161 8 8
170 160 8 8
170 163 8 8
170 164 8 8
171 163 8 8
171 168 8 8
171 167 8 8
171 160 8 8
172 170 8 8
172 160 8 8
172 161 8 8
172 169 8 8
173 163 8 8
173 169 8 8
173 167 8 8
173 172 8 8
174 171 8 8
174 167 8 8
174 172 8 8
174 164 8 8
175 163 8 8
175 171 8 8
175 160 8 8
175 172 8 8
176 174 8 8
176 167 8 8
176 161 8 8
176 166 8 8
177 166 8 8
177 175 8 8
177 176 8 8
177 171 8 8
178 166 8 8
178 165 8 8
178 173 8 8
178 163 8 8
179 172 8 8
179 162 8 8
179 170 8 8
179 167 8 8
160 169 8 8
160 177 8 8
160 168 8 8
160 174 8 8
161 175 8 8
161 178 8 8
161 173 8 8
161 177 8 8
162 172 8 8
162 170 8 8
162 178 8 8
162 176 8 8
163 179 8 8
163 166 8 8
163 172 8 8
163 176 8 8
184 181 9 9
184 182 9 9
184 180 9 9
184 183 9 9
185 181 9 9
185 182 9 9
185 183 9 9
185 180 9 9
186 184 9 9
186 185 9 9
186 181 9 9
186 180 9 9
187 185 9 9
187 181 9 9
187 182 9 9
187 184 9 9
188 184 9 9
188 181 9 9
188 185 9 9
188 182 9 9
189 187 9 9
189 183 9 9
189 186 9 9
189 185 9 9
190 187 9 9
190 180 9 9
190 183 9 9
190 188 9 9
191 188 9 9
191 189 9 9
191 181 9 9
191 190 9 9
192 180 9 9
192 182 9 9
192 191 9 9
192 185 9 9
193 181 9 9
193 187 9 9
193 185 9 9
193 186 9 9
194 191 9 9
194 189 9 9
194 186 9 9
194 193 9 9
195 183 9 9
195 180 9 9
195 193 9 9
195 190 9 9
196 195 9 9
196 183 9 9
196 191 9 9
196 182 9 9
197 186 9 9
197 193 9 9
197 187 9 9
197 181 9 9
198 197 9 9
198 186 9 9
198 187 9 9
198 193 9 9
199 197 9 9
199 183 9 9
199 189 9 9
199 198 9 9
180 197 9 9
180 199 9 9
180 188 9 9
180 191 9 9
181 199 9 9
181 194 9 9
181 198 9 9
181 189 9 9
182 195 9 9
182 199 9 9
182 186 9 9
182 190 9 9
183 188 9 9
183 194 9 9
183 192 9 9
183 198 9 9
204 203 10 10
204 202 10 10
204 200 10 10
204 201 10 10
205 202 10 10
205 203 10 10
205 201 10 10
205 200 10 10
206 205 10 10
206 204 10 10
206 203 10 10
206 202 10 10
207 204 10 10
207 200 10 10
207 201 10 10
207 203 10 10
208 201 10 10
208 205 10 10
208 204 10 10
208 206 10 10
209 204 10 10
209 202 10 10
209 208 10 10
209 205 10 10
210 208 10 10
210 209 10 10
210 206 10 10
210 203 10 10
211 204 10 10
211 209 10 10
211 203 10 10
211 207 10 10
212 207 10 10
212 202 10 10
212 206 10 10
212 203 10 10
213 212 10 10
213 207 10 10
213 211 10 10
213 203 10 10
214 209 10 10
214 212 10 10
214 205 10 10
214 207 10 10
215 201 10 10
215 205 10 10
215 200 10 10
215 211 10 10
216 212 10 10
216 201 10 10
216 200 10 10
216 209 10 10
217 211 10 10
217 208 10 10
217 216 10 10
217 200 10 10
218 217 10 10
218 202 10 10
218 214 10 10
218 211 10 10
219 207 10 10
219 211 10 10
219 214 10 10
219 209 10 10
200 213 10 10
200 212 10 10
200 210 10 10
200 219 10 10
201 213 10 10
201 210 10 10
201 206 10 10
201 211 10 10
202 217 10 10
202 214 10 10
202 210 10 10
202 215 10 10
203 217 10 10
203 209 10 10
203 214 10 10
203 208 10 10
224 221 11 11
224 223 11 11
224 222 11 11
224 220 11 11
225 224 11 11
225 221 11 11
225 223 11 11
225 222 11 11
226 220 11 11
226 222 11 11
226 221 11 11
226 224 11 11
227 220 11 11
227 222 11 11
227 223 11 11
227 224 11 11
228 221 11 11
228 224 11 11
228 225 11 11
228 223 11 11
229 222 11 11
229 225 11 11
229 226 11 11
229 224 11 11
230 229 11 11
230 220 11 11
230 226 11 11
230 222 11 11
231 222 11 11
231 230 11 11
231 229 11 11
231 226 11 11
232 222 11 11
232 224 11 11
232 228 11 11
232 229 11 11
233 222 11 11
233 230 11 11
233 227 11 11
233 224 11 11
234 223 11 11
234 222 11 11
234 220 11 11
234 224 11 11
235 220 11 11
235 233 11 11
235 230 11 11
235 223 11 11
236 220 11 11
236 222 11 11
236 231 11 11
236 226 11 11
237 226 11 11
237 234 11 11
237 231 11 11
237 228 11 11
238 220 11 11
238 230 11 11
238 226 11 11
238 223 11 11
239 222 11 11
239 225 11 11
239 233 11 11
239 224 11 11
220 232 11 11
220 233 11 11
220 237 11 11
220 231 11 11
221 229 11 11
221 237 11 11
221 239 11 11
221 236 11 11
222 228 11 11
222 235 11 11
222 238 11 11
222 237 11 11
223 239 11 11
223 233 11 11
223 229 11 11
223 231 11 11
244 241 12 12
244 240 12 12
244 242 12 12
244 243 12 12
245 240 12 12
245 244 12 12
245 242 12 12
245 241 12 12
246 245 12 12
246 241 12 12
246 244 12 12
246 243 12 12
247 243 12 12
247 242 12 12
247 245 12 12
247 240 12 12
248 241 12 12
248 246 12 12
248 242 12 12
248 243 12 12
249 241 12 12
249 248 12 12
249 245 12 12
249 246 12 12
250 242 12 12
250 240 12 12
250 247 12 12
250 249 12 12
251 240 12 12
251 248 12 12
251 241 12 12
251 246 12 12
252 244 12 12
252 240 12 12
252 247 12 12
252 249 12 12
253 249 12 12
253 250 12 12
253 243 12 12
253 241 12 12
254 252 12 12
254 253 12 12
254 243 12 12
254 246 12 12
255 248 12 12
255 253 12 12
255 246 12 12
255 244 12 12
256 240 12 12
256 241 12 12
256 251 12 12
256 247 12 12
257 247 12 12
257 240 12 12
257 242 12 12
257 241 12 12
258 257 12 12
258 254 12 12
258 246 12 12
258 247 12 12
259 241 12 12
259 243 12 12
259 256 12 12
259 247 12 12
240 255 12 12
240 259 12 12
240 258 12 12
240 253 12 12
241 250 12 12
241 247 12 12
241 252 12 12
241 254 12 12
242 256 12 12
242 259 12 12
242 249 12 12
242 255 12 12
243 250 12 12
243 257 12 12
243 256 12 12
243 249 12 12
264 261 13 13
264 260 13 13
264 262 13 13
264 263 13 13
265 264 13 13
265 262 13 13
265 260 13 13
265 261 13 13
266 260 13 13
266 264 13 13
266 265 13 13
266 263 13 13
267 266 13 13
267 261 13 13
267 260 13 13
267 264 13 13
268 267 13 13
268 263 13 13
268 266 13 13
268 262 13 13
269 266 13 13
269 268 13 13
269 263 13 13
269 261 13 13
270 263 13 13
270 264 13 13
270 269 13 13
270 260 13 13
271 265 13 13
271 262 13 13
271 266 13 13
271 269 13 13
272 270 13 13
272 264 13 13
272 269 13 13
272 262 13 13
273 270 13 13
273 262 13 13
273 265 13 13
273 263 13 13
274 269 13 13
274 268 13 13
274 272 13 13
274 273 13 13
275 269 13 13
275 268 13 13
275 267 13 13
275 274 13 13
276 274 13 13
276 271 13 13
276 270 13 13
276 260 13 13
277 274 13 13
277 267 13 13
277 273 13 13
277 260 13 13
278 269 13 13
278 268 13 13
278 272 13 13
278 270 13 13
279 266 13 13
279 261 13 13
279 275 13 13
279 276 13 13
260 269 13 13
260 268 13 13
260 275 13 13
260 279 13 13
261 275 13 13
261 274 13 13
261 276 13 13
261 278 13 13
262 274 13 13
262 267 13 13
262 277 13 13
262 276 13 13
263 265 13 13
263 279 13 13
263 274 13 13
263 278 13 13
284 282 14 14
284 281 14 14
284 280 14 14
284 283 14 14
285 281 14 14
285 284 14 14
285 282 14 14
285 283 14 14
286 285 14 14
286 284 14 14
286 283 14 14
286 280 14 14
287 280 14 14
287 286 14 14
287 284 14 14
287 283 14 14
288 285 14 14
288 284 14 14
288 286 14 14
288 283 14 14
289 281 14 14
289 288 14 14
289 283 14 14
289 284 14 14
290 288 14 14
290 285 14 14
290 289 14 14
290 281 14 14
291 289 14 14
291 280 14 14
291 285 14 14
291 284 14 14
292 282 14 14
292 280 14 14
292 285 14 14
292 288 14 14
293 287 14 14
293 288 14 14
293 289 14 14
293 285 14 14
294 289 14 14
294 280 14 14
294 291 14 14
294 288 14 14
295 292 14 14
295 285 14 14
295 291 14 14
295 287 14 14
296 290 14 14
296 281 14 14
296 285 14 14
296 284 14 14
297 281 14 14
297 291 14 14
297 293 14 14
297 284 14 14
298 282 14 14
298 296 14 14
298 295 14 14
298 283 14 14
299 288 14 14
299 298 14 14
299 283 14 14
299 286 14 14
280 296 14 14
280 299 14 14
280 295 14 14
280 285 14 14
281 287 14 14
281 294 14 14
281 293 14 14
281 288 14 14
282 295 14 14
282 299 14 14
282 288 14 14
282 291 14 14
283 293 14 14
283 295 14 14
283 290 14 14
283 292 14 14
304 301 15 15
304 303 15 15
304 302 15 15
304 300 15 15
305 301 15 15
305 302 15 15
305 303 15 15
305 300 15 15
306 303 15 15
306 305 15 15
306 301 15 15
306 302 15 15
307 305 15 15
307 306 15 15
307 301 15 15
307 300 15 15
308 302 15 15
308 304 15 15
308 303 15 15
308 305 15 15
309 307 15 15
309 300 15 15
309 305 15 15
309 301 15 15
310 302 15 15
310 307 15 15
310 306 15 15
310 301 15 15
311 300 15 15
311 308 15 15
311 302 15 15
311 305 15 15
312 303 15 15
312 300 15 15
312 304 15 15
312 308 15 15
313 303 15 15
313 308 15 15
313 300 15 15
313 310 15 15
314 306 15 15
314 307 15 15
314 309 15 15
314 300 15 15
315 302 15 15
315 306 15 15
315 301 15 15
315 305 15 15
316 301 15 15
316 305 15 15
316 315 15 15
316 303 15 15
317 300 15 15
317 301 15 15
317 313 15 15
317 311 15 15
318 300 15 15
318 311 15 15
318 302 15 15
318 304 15 15
319 301 15 15
319 314 15 15
319 316 15 15
319 317 15 15
300 306 15 15
300 316 15 15
300 308 15 15
300 319 15 15
301 314 15 15
301 318 15 15
301 313 15 15
301 308 15 15
302 313 15 15
302 317 15 15
302 319 15 15
302 307 15 15
303 317 15 15
303 309 15 15
303 314 15 15
303 310 15 15
87 40 4 2
80 8 4 0
80 33 4 1
92 63 4 3
112 59 5 2
113 12 5 0
100 90 5 4
104 22 5 1
120 58 6 2
134 102 6 5
139 11 6 0
135 99 6 4
152 103 7 5
148 97 7 4
158 55 7 2
154 122 7 6
161 21 8 1
177 107 8 5
171 146 8 7
175 50 8 2
196 6 9 0
194 130 9 6
195 83 9 4
190 46 9 2
206 71 10 3
210 179 10 8
214 188 10 9
204 6 10 0
224 55 11 2
220 100 11 5
233 186 11 9
225 205 11 10
242 140 12 7
254 45 12 2
242 13 12 0
251 85 12 4
260 31 13 1
268 100 13 5
269 143 13 7
271 41 13 2
287 99 14 4
293 198 14 9
294 106 14 5
292 200 14 10
308 240 15 12
315 51 15 2
307 278 15 13
301 184 15 9
11 142 0 7
15 313 0 15
9 276 0 13
3 285 0 14
28 153 1 7
34 255 1 12
33 296 1 14
35 207 1 10
45 219 2 10
55 295 2 14
77 220 3 11
71 116 3 5
75 290 3 14
67 153 3 7
