swNum = 320
edgeNum = 1344

0 0
1 0
2 0
3 0
4 0
5 0
6 0
7 0
8 0
9 0
10 0
11 0
12 0
13 0
14 0
15 0
16 0
17 0
18 0
19 0
20 1
21 1
22 1
23 1
24 1
25 1
26 1
27 1
28 1
29 1
30 1
31 1
32 1
33 1
34 1
35 1
36 1
37 1
38 1
39 1
40 2
41 2
42 2
43 2
44 2
45 2
46 2
47 2
48 2
49 2
50 2
51 2
52 2
53 2
54 2
55 2
56 2
57 2
58 2
59 2
60 3
61 3
62 3
63 3
64 3
65 3
66 3
67 3
68 3
69 3
70 3
71 3
72 3
73 3
74 3
75 3
76 3
77 3
78 3
79 3
80 4
81 4
82 4
83 4
84 4
85 4
86 4
87 4
88 4
89 4
90 4
91 4
92 4
93 4
94 4
95 4
96 4
97 4
98 4
99 4
100 5
101 5
102 5
103 5
104 5
105 5
106 5
107 5
108 5
109 5
110 5
111 5
112 5
113 5
114 5
115 5
116 5
117 5
118 5
119 5
120 6
121 6
122 6
123 6
124 6
125 6
126 6
127 6
128 6
129 6
130 6
131 6
132 6
133 6
134 6
135 6
136 6
137 6
138 6
139 6
140 7
141 7
142 7
143 7
144 7
145 7
146 7
147 7
148 7
149 7
150 7
151 7
152 7
153 7
154 7
155 7
156 7
157 7
158 7
159 7
160 8
161 8
162 8
163 8
164 8
165 8
166 8
167 8
168 8
169 8
170 8
171 8
172 8
173 8
174 8
175 8
176 8
177 8
178 8
179 8
180 9
181 9
182 9
183 9
184 9
185 9
186 9
187 9
188 9
189 9
190 9
191 9
192 9
193 9
194 9
195 9
196 9
197 9
198 9
199 9
200 10
201 10
202 10
203 10
204 10
205 10
206 10
207 10
208 10
209 10
210 10
211 10
212 10
213 10
214 10
215 10
216 10
217 10
218 10
219 10
220 11
221 11
222 11
223 11
224 11
225 11
226 11
227 11
228 11
229 11
230 11
231 11
232 11
233 11
234 11
235 11
236 11
237 11
238 11
239 11
240 12
241 12
242 12
243 12
244 12
245 12
246 12
247 12
248 12
249 12
250 12
251 12
252 12
253 12
254 12
255 12
256 12
257 12
258 12
259 12
260 13
261 13
262 13
263 13
264 13
265 13
266 13
267 13
268 13
269 13
270 13
271 13
272 13
273 13
274 13
275 13
276 13
277 13
278 13
279 13
280 14
281 14
282 14
283 14
284 14
285 14
286 14
287 14
288 14
289 14
290 14
291 14
292 14
293 14
294 14
295 14
296 14
297 14
298 14
299 14
300 15
301 15
302 15
303 15
304 15
305 15
306 15
307 15
308 15
309 15
310 15
311 15
312 15
313 15
314 15
315 15
316 15
317 15
318 15
319 15

4 2 0 0
4 3 0 0
4 1 0 0
4 0 0 0
5 3 0 0
5 2 0 0
5 0 0 0
5 4 0 0
6 5 0 0
6 2 0 0
6 3 0 0
6 1 0 0
7 0 0 0
7 2 0 0
7 4 0 0
7 3 0 0
8 3 0 0
8 7 0 0
8 0 0 0
8 4 0 0
9 0 0 0
9 4 0 0
9 5 0 0
9 2 0 0
10 9 0 0
10 5 0 0
10 3 0 0
10 8 0 0
11 2 0 0
11 3 0 0
11 5 0 0
11 1 0 0
12 0 0 0
12 3 0 0
12 8 0 0
12 6 0 0
13 8 0 0
13 10 0 0
13 7 0 0
13 4 0 0
14 2 0 0
14 3 0 0
14 0 0 0
14 12 0 0
15 9 0 0
15 5 0 0
15 8 0 0
15 2 0 0
16 1 0 0
16 10 0 0
16 7 0 0
16 11 0 0
17 10 0 0
17 16 0 0
17 14 0 0
17 9 0 0
18 3 0 0
18 13 0 0
18 17 0 0
18 4 0 0
19 18 0 0
19 7 0 0
19 4 0 0
19 10 0 0
0 19 0 0
0 15 0 0
0 18 0 0
0 16 0 0
1 9 0 0
1 18 0 0
1 14 0 0
1 17 0 0
2 17 0 0
2 10 0 0
2 16 0 0
2 8 0 0
3 9 0 0
3 15 0 0
3 19 0 0
3 16 0 0
24 21 1 1
24 23 1 1
24 20 1 1
24 22 1 1
25 24 1 1
25 20 1 1
25 21 1 1
25 22 1 1
26 23 1 1
26 20 1 1
26 25 1 1
26 22 1 1
27 22 1 1
27 26 1 1
27 25 1 1
27 23 1 1
28 20 1 1
28 23 1 1
28 26 1 1
28 21 1 1
29 24 1 1
29 26 1 1
29 20 1 1
29 23 1 1
30 28 1 1
30 29 1 1
30 21 1 1
30 23 1 1
31 27 1 1
31 30 1 1
31 24 1 1
31 28 1 1
32 28 1 1
32 23 1 1
32 21 1 1
32 26 1 1
33 24 1 1
33 32 1 1
33 31 1 1
33 29 1 1
34 20 1 1
34 26 1 1
34 21 1 1
34 30 1 1
35 27 1 1
35 22 1 1
35 25 1 1
35 23 1 1
36 34 1 1
36 35 1 1
36 33 1 1
36 23 1 1
37 35 1 1
37 22 1 1
37 23 1 1
37 21 1 1
38 32 1 1
38 21 1 1
38 31 1 1
38 37 1 1
39 21 1 1
39 37 1 1
39 34 1 1
39 24 1 1
20 31 1 1
20 27 1 1
20 37 1 1
20 33 1 1
21 27 1 1
21 35 1 1
21 33 1 1
21 26 1 1
22 38 1 1
22 33 1 1
22 31 1 1
22 39 1 1
23 33 1 1
23 34 1 1
23 39 1 1
23 31 1 1
44 43 2 2
44 41 2 2
44 42 2 2
44 40 2 2
45 41 2 2
45 43 2 2
45 44 2 2
45 40 2 2
46 44 2 2
46 43 2 2
46 45 2 2
46 40 2 2
47 41 2 2
47 43 2 2
47 40 2 2
47 42 2 2
48 44 2 2
48 40 2 2
48 45 2 2
48 41 2 2
49 48 2 2
49 46 2 2
49 41 2 2
49 47 2 2
50 48 2 2
50 45 2 2
50 49 2 2
50 47 2 2
51 50 2 2
51 41 2 2
51 45 2 2
51 40 2 2
52 42 2 2
52 45 2 2
52 47 2 2
52 41 2 2
53 49 2 2
53 48 2 2
53 43 2 2
53 44 2 2
54 49 2 2
54 53 2 2
54 46 2 2
54 51 2 2
55 49 2 2
55 43 2 2
55 50 2 2
55 46 2 2
56 48 2 2
56 43 2 2
56 53 2 2
56 46 2 2
57 41 2 2
57 51 2 2
57 52 2 2
57 47 2 2
58 56 2 2
58 45 2 2
58 44 2 2
58 52 2 2
59 47 2 2
59 56 2 2
59 42 2 2
59 41 2 2
40 52 2 2
40 49 2 2
40 54 2 2
40 56 2 2
41 50 2 2
41 53 2 2
41 56 2 2
41 58 2 2
42 48 2 2
42 45 2 2
42 50 2 2
42 58 2 2
43 48 2 2
43 54 2 2
43 49 2 2
43 58 2 2
64 63 3 3
64 61 3 3
64 60 3 3
64 62 3 3
65 64 3 3
65 60 3 3
65 62 3 3
65 61 3 3
66 64 3 3
66 65 3 3
66 62 3 3
66 61 3 3
67 62 3 3
67 64 3 3
67 61 3 3
67 63 3 3
68 62 3 3
68 67 3 3
68 66 3 3
68 64 3 3
69 65 3 3
69 66 3 3
69 64 3 3
69 60 3 3
70 65 3 3
70 60 3 3
70 63 3 3
70 61 3 3
71 65 3 3
71 66 3 3
71 69 3 3
71 63 3 3
72 66 3 3
72 62 3 3
72 61 3 3
72 70 3 3
73 62 3 3
73 60 3 3
73 68 3 3
73 64 3 3
74 68 3 3
74 71 3 3
74 65 3 3
74 61 3 3
75 66 3 3
75 65 3 3
75 73 3 3
75 61 3 3
76 70 3 3
76 60 3 3
76 73 3 3
76 62 3 3
77 64 3 3
77 60 3 3
77 68 3 3
77 69 3 3
78 71 3 3
78 70 3 3
78 60 3 3
78 68 3 3
79 74 3 3
79 61 3 3
79 69 3 3
79 63 3 3
60 71 3 3
60 67 3 3
60 75 3 3
60 72 3 3
61 78 3 3
61 76 3 3
61 71 3 3
61 69 3 3
62 78 3 3
62 70 3 3
62 74 3 3
62 69 3 3
63 68 3 3
63 73 3 3
63 77 3 3
63 65 3 3
84 82 4 4
84 80 4 4
84 81 4 4
84 83 4 4
85 81 4 4
85 84 4 4
85 83 4 4
85 82 4 4
86 81 4 4
86 85 4 4
86 83 4 4
86 84 4 4
87 84 4 4
87 85 4 4
87 81 4 4
87 83 4 4
88 82 4 4
88 86 4 4
88 87 4 4
88 84 4 4
89 84 4 4
89 85 4 4
89 81 4 4
89 80 4 4
90 80 4 4
90 88 4 4
90 85 4 4
90 83 4 4
91 84 4 4
91 90 4 4
91 81 4 4
91 88 4 4
92 88 4 4
92 91 4 4
92 87 4 4
92 86 4 4
93 89 4 4
93 84 4 4
93 83 4 4
93 90 4 4
94 87 4 4
94 91 4 4
94 84 4 4
94 85 4 4
95 81 4 4
95 86 4 4
95 93 4 4
95 90 4 4
96 80 4 4
96 94 4 4
96 95 4 4
96 90 4 4
97 93 4 4
97 91 4 4
97 84 4 4
97 87 4 4
98 90 4 4
98 96 4 4
98 82 4 4
98 85 4 4
99 92 4 4
99 97 4 4
99 94 4 4
99 87 4 4
80 97 4 4
80 95 4 4
80 87 4 4
80 92 4 4
81 93 4 4
81 98 4 4
81 94 4 4
81 97 4 4
82 99 4 4
82 97 4 4
82 92 4 4
82 87 4 4
83 92 4 4
83 99 4 4
83 94 4 4
83 91 4 4
104 101 5 5
104 102 5 5
104 103 5 5
104 100 5 5
105 104 5 5
105 100 5 5
105 103 5 5
105 101 5 5
106 103 5 5
106 105 5 5
106 101 5 5
106 100 5 5
107 106 5 5
107 101 5 5
107 100 5 5
107 103 5 5
108 101 5 5
108 106 5 5
108 102 5 5
108 107 5 5
109 100 5 5
109 101 5 5
109 104 5 5
109 108 5 5
110 107 5 5
110 104 5 5
110 100 5 5
110 103 5 5
111 104 5 5
111 106 5 5
111 102 5 5
111 109 5 5
112 109 5 5
112 108 5 5
112 107 5 5
112 103 5 5
113 110 5 5
113 102 5 5
113 112 5 5
113 106 5 5
114 106 5 5
114 103 5 5
114 102 5 5
114 108 5 5
115 106 5 5
115 103 5 5
115 105 5 5
115 114 5 5
116 105 5 5
116 102 5 5
116 113 5 5
116 108 5 5
117 110 5 5
117 101 5 5
117 105 5 5
117 108 5 5
118 102 5 5
118 104 5 5
118 111 5 5
118 109 5 5
119 114 5 5
119 106 5 5
119 112 5 5
119 116 5 5
100 108 5 5
100 114 5 5
100 116 5 5
100 117 5 5
101 113 5 5
101 118 5 5
101 116 5 5
101 110 5 5
102 119 5 5
102 109 5 5
102 112 5 5
102 117 5 5
103 117 5 5
103 119 5 5
103 116 5 5
103 111 5 5
124 123 6 6
124 122 6 6
124 120 6 6
124 121 6 6
125 123 6 6
125 121 6 6
125 122 6 6
125 120 6 6
126 120 6 6
126 125 6 6
126 121 6 6
126 123 6 6
127 126 6 6
127 125 6 6
127 122 6 6
127 123 6 6
128 125 6 6
128 124 6 6
128 127 6 6
128 120 6 6
129 124 6 6
129 122 6 6
129 123 6 6
129 128 6 6
130 125 6 6
130 123 6 6
130 124 6 6
130 122 6 6
131 120 6 6
131 127 6 6
131 126 6 6
131 121 6 6
132 122 6 6
132 124 6 6
132 130 6 6
132 125 6 6
133 121 6 6
133 129 6 6
133 123 6 6
133 130 6 6
134 128 6 6
134 122 6 6
134 125 6 6
134 132 6 6
135 130 6 6
135 131 6 6
135 122 6 6
135 133 6 6
136 127 6 6
136 134 6 6
136 123 6 6
136 125 6 6
137 120 6 6
137 135 6 6
137 121 6 6
137 128 6 6
138 131 6 6
138 136 6 6
138 127 6 6
138 130 6 6
139 130 6 6
139 136 6 6
139 129 6 6
139 123 6 6
120 135 6 6
120 127 6 6
120 130 6 6
120 139 6 6
121 129 6 6
121 135 6 6
121 139 6 6
121 138 6 6
122 131 6 6
122 139 6 6
122 128 6 6
122 136 6 6
123 134 6 6
123 138 6 6
123 132 6 6
123 131 6 6
144 140 7 7
144 143 7 7
144 141 7 7
144 142 7 7
145 142 7 7
145 141 7 7
145 143 7 7
145 140 7 7
146 140 7 7
146 143 7 7
146 141 7 7
146 142 7 7
147 145 7 7
147 143 7 7
147 140 7 7
147 141 7 7
148 146 7 7
148 143 7 7
148 142 7 7
148 140 7 7
149 148 7 7
149 142 7 7
149 147 7 7
149 140 7 7
150 142 7 7
150 149 7 7
150 147 7 7
150 148 7 7
151 142 7 7
151 149 7 7
151 147 7 7
151 148 7 7
152 142 7 7
152 145 7 7
152 150 7 7
152 143 7 7
153 142 7 7
153 144 7 7
153 141 7 7
153 148 7 7
154 148 7 7
154 147 7 7
154 140 7 7
154 153 7 7
155 150 7 7
155 143 7 7
155 149 7 7
155 140 7 7
156 148 7 7
156 144 7 7
156 149 7 7
156 141 7 7
157 154 7 7
157 148 7 7
157 152 7 7
157 142 7 7
158 143 7 7
158 146 7 7
158 155 7 7
158 140 7 7
159 148 7 7
159 149 7 7
159 156 7 7
159 142 7 7
140 156 7 7
140 150 7 7
140 159 7 7
140 151 7 7
141 159 7 7
141 155 7 7
141 158 7 7
141 154 7 7
142 147 7 7
142 154 7 7
142 158 7 7
142 155 7 7
143 150 7 7
143 153 7 7
143 154 7 7
143 151 7 7
164 161 8 8
164 160 8 8
164 162 8 8
164 163 8 8
165 162 8 8
165 164 8 8
165 160 8 8
165 161 8 8
166 162 8 8
166 160 8 8
166 163 8 8
166 161 8 8
167 165 8 8
167 163 8 8
167 160 8 8
167 166 8 8
168 161 8 8
168 164 8 8
168 162 8 8
168 167 8 8
169 163 8 8
169 165 8 8
169 166 8 8
169 160 8 8
170 167 8 8
170 164 8 8
170 161 8 8
170 160 8 8
171 169 8 8
171 163 8 8
171 160 8 8
171 162 8 8
172 163 8 8
172 170 8 8
172 168 8 8
172 165 8 8
173 161 8 8
173 168 8 8
173 171 8 8
173 163 8 8
174 166 8 8
174 164 8 8
174 162 8 8
174 167 8 8
175 169 8 8
175 167 8 8
175 173 8 8
175 160 8 8
176 167 8 8
176 165 8 8
176 163 8 8
176 171 8 8
177 171 8 8
177 160 8 8
177 169 8 8
177 174 8 8
178 167 8 8
178 175 8 8
178 160 8 8
178 171 8 8
179 178 8 8
179 162 8 8
179 163 8 8
179 174 8 8
160 173 8 8
160 179 8 8
160 168 8 8
160 176 8 8
161 179 8 8
161 167 8 8
161 172 8 8
161 171 8 8
162 175 8 8
162 177 8 8
162 172 8 8
162 169 8 8
163 165 8 8
163 177 8 8
163 168 8 8
163 174 8 8
184 182 9 9
184 183 9 9
184 180 9 9
184 181 9 9
185 182 9 9
185 184 9 9
185 181 9 9
185 183 9 9
186 180 9 9
186 182 9 9
186 181 9 9
186 185 9 9
187 181 9 9
187 182 9 9
187 180 9 9
187 184 9 9
188 183 9 9
188 187 9 9
188 186 9 9
188 184 9 9
189 182 9 9
189 188 9 9
189 184 9 9
189 187 9 9
190 189 9 9
190 186 9 9
190 184 9 9
190 183 9 9
191 181 9 9
191 186 9 9
191 183 9 9
191 182 9 9
192 185 9 9
192 191 9 9
192 183 9 9
192 188 9 9
193 188 9 9
193 183 9 9
193 182 9 9
193 190 9 9
194 189 9 9
194 186 9 9
194 182 9 9
194 183 9 9
195 185 9 9
195 192 9 9
195 186 9 9
195 188 9 9
196 180 9 9
196 189 9 9
196 185 9 9
196 194 9 9
197 180 9 9
197 189 9 9
197 185 9 9
197 190 9 9
198 189 9 9
198 181 9 9
198 185 9 9
198 187 9 9
199 187 9 9
199 196 9 9
199 185 9 9
199 180 9 9
180 198 9 9
180 193 9 9
180 191 9 9
180 189 9 9
181 199 9 9
181 195 9 9
181 196 9 9
181 194 9 9
182 196 9 9
182 198 9 9
182 190 9 9
182 188 9 9
183 195 9 9
183 197 9 9
183 198 9 9
183 189 9 9
204 202 10 10
204 201 10 10
204 203 10 10
204 200 10 10
205 204 10 10
205 201 10 10
205 203 10 10
205 202 10 10
206 205 10 10
206 204 10 10
206 203 10 10
206 202 10 10
207 206 10 10
207 204 10 10
207 205 10 10
207 201 10 10
208 202 10 10
208 200 10 10
208 204 10 10
208 206 10 10
209 201 10 10
209 200 10 10
209 206 10 10
209 208 10 10
210 204 10 10
210 203 10 10
210 207 10 10
210 202 10 10
211 209 10 10
211 203 10 10
211 201 10 10
211 200 10 10
212 206 10 10
212 200 10 10
212 204 10 10
212 208 10 10
213 201 10 10
213 206 10 10
213 200 10 10
213 204 10 10
214 213 10 10
214 209 10 10
214 207 10 10
214 206 10 10
215 203 10 10
215 214 10 10
215 207 10 10
215 202 10 10
216 206 10 10
216 204 10 10
216 213 10 10
216 212 10 10
217 206 10 10
217 209 10 10
217 207 10 10
217 215 10 10
218 209 10 10
218 214 10 10
218 203 10 10
218 206 10 10
219 206 10 10
219 201 10 10
219 202 10 10
219 200 10 10
200 206 10 10
200 205 10 10
200 217 10 10
200 214 10 10
201 214 10 10
201 218 10 10
201 216 10 10
201 212 10 10
202 211 10 10
202 207 10 10
202 218 10 10
202 217 10 10
203 216 10 10
203 207 10 10
203 212 10 10
203 217 10 10
224 220 11 11
224 222 11 11
224 223 11 11
224 221 11 11
225 220 11 11
225 223 11 11
225 221 11 11
225 222 11 11
226 221 11 11
226 224 11 11
226 225 11 11
226 222 11 11
227 222 11 11
227 224 11 11
227 220 11 11
227 225 11 11
228 222 11 11
228 224 11 11
228 225 11 11
228 220 11 11
229 223 11 11
229 220 11 11
229 222 11 11
229 225 11 11
230 223 11 11
230 229 11 11
230 228 11 11
230 225 11 11
231 220 11 11
231 223 11 11
231 224 11 11
231 222 11 11
232 223 11 11
232 229 11 11
232 221 11 11
232 230 11 11
233 223 11 11
233 229 11 11
233 230 11 11
233 232 11 11
234 222 11 11
234 220 11 11
234 225 11 11
234 221 11 11
235 226 11 11
235 230 11 11
235 220 11 11
235 227 11 11
236 226 11 11
236 231 11 11
236 222 11 11
236 221 11 11
237 229 11 11
237 234 11 11
237 230 11 11
237 233 11 11
238 226 11 11
238 229 11 11
238 234 11 11
238 231 11 11
239 224 11 11
239 228 11 11
239 231 11 11
239 238 11 11
220 238 11 11
220 236 11 11
220 239 11 11
220 233 11 11
221 238 11 11
221 227 11 11
221 237 11 11
221 235 11 11
222 235 11 11
222 238 11 11
222 230 11 11
222 233 11 11
223 238 11 11
223 235 11 11
223 226 11 11
223 227 11 11
244 243 12 12
244 241 12 12
244 242 12 12
244 240 12 12
245 240 12 12
245 243 12 12
245 244 12 12
245 242 12 12
246 244 12 12
246 241 12 12
246 243 12 12
246 242 12 12
247 244 12 12
247 246 12 12
247 241 12 12
247 240 12 12
248 246 12 12
248 243 12 12
248 247 12 12
248 240 12 12
249 247 12 12
249 242 12 12
249 241 12 12
249 244 12 12
250 243 12 12
250 247 12 12
250 248 12 12
250 240 12 12
251 249 12 12
251 246 12 12
251 241 12 12
251 247 12 12
252 248 12 12
252 247 12 12
252 241 12 12
252 251 12 12
253 246 12 12
253 250 12 12
253 240 12 12
253 247 12 12
254 250 12 12
254 242 12 12
254 247 12 12
254 251 12 12
255 249 12 12
255 248 12 12
255 250 12 12
255 242 12 12
256 240 12 12
256 242 12 12
256 243 12 12
256 247 12 12
257 255 12 12
257 246 12 12
257 243 12 12
257 251 12 12
258 248 12 12
258 257 12 12
258 256 12 12
258 249 12 12
259 240 12 12
259 250 12 12
259 243 12 12
259 248 12 12
240 254 12 12
240 257 12 12
240 251 12 12
240 255 12 12
241 258 12 12
241 254 12 12
241 257 12 12
241 248 12 12
242 252 12 12
242 248 12 12
242 259 12 12
242 253 12 12
243 247 12 12
243 251 12 12
243 255 12 12
243 249 12 12
264 262 13 13
264 260 13 13
264 261 13 13
264 263 13 13
265 261 13 13
265 263 13 13
265 262 13 13
265 264 13 13
266 263 13 13
266 261 13 13
266 265 13 13
266 260 13 13
267 266 13 13
267 262 13 13
267 265 13 13
267 261 13 13
268 262 13 13
268 261 13 13
268 266 13 13
268 263 13 13
269 262 13 13
269 268 13 13
269 264 13 13
269 260 13 13
270 260 13 13
270 262 13 13
270 269 13 13
270 268 13 13
271 260 13 13
271 261 13 13
271 268 13 13
271 263 13 13
272 260 13 13
272 266 13 13
272 269 13 13
272 264 13 13
273 268 13 13
273 266 13 13
273 261 13 13
273 270 13 13
274 264 13 13
274 269 13 13
274 260 13 13
274 271 13 13
275 273 13 13
275 262 13 13
275 270 13 13
275 271 13 13
276 260 13 13
276 269 13 13
276 264 13 13
276 270 13 13
277 272 13 13
277 266 13 13
277 270 13 13
277 268 13 13
278 267 13 13
278 262 13 13
278 261 13 13
278 277 13 13
279 273 13 13
279 277 13 13
279 274 13 13
279 268 13 13
260 279 13 13
260 267 13 13
260 275 13 13
260 268 13 13
261 269 13 13
261 275 13 13
261 279 13 13
261 277 13 13
262 271 13 13
262 273 13 13
262 276 13 13
262 266 13 13
263 267 13 13
263 269 13 13
263 272 13 13
263 273 13 13
284 283 14 14
284 281 14 14
284 282 14 14
284 280 14 14
285 283 14 14
285 284 14 14
285 282 14 14
285 280 14 14
286 281 14 14
286 280 14 14
286 283 14 14
286 285 14 14
287 286 14 14
287 282 14 14
287 283 14 14
287 284 14 14
288 286 14 14
288 282 14 14
288 287 14 14
288 285 14 14
289 288 14 14
289 282 14 14
289 280 14 14
289 286 14 14
290 289 14 14
290 284 14 14
290 286 14 14
290 280 14 14
291 286 14 14
291 284 14 14
291 285 14 14
291 283 14 14
292 290 14 14
292 287 14 14
292 285 14 14
292 284 14 14
293 282 14 14
293 291 14 14
293 288 14 14
293 292 14 14
294 283 14 14
294 287 14 14
294 289 14 14
294 291 14 14
295 285 14 14
295 289 14 14
295 292 14 14
295 290 14 14
296 280 14 14
296 290 14 14
296 285 14 14
296 284 14 14
297 288 14 14
297 287 14 14
297 280 14 14
297 294 14 14
298 288 14 14
298 285 14 14
298 290 14 14
298 295 14 14
299 281 14 14
299 289 14 14
299 287 14 14
299 297 14 14
280 299 14 14
280 288 14 14
280 298 14 14
280 294 14 14
281 293 14 14
281 298 14 14
281 290 14 14
281 296 14 14
282 299 14 14
282 291 14 14
282 297 14 14
282 286 14 14
283 299 14 14
283 298 14 14
283 295 14 14
283 296 14 14
304 301 15 15
304 300 15 15
304 302 15 15
304 303 15 15
305 302 15 15
305 304 15 15
305 303 15 15
305 300 15 15
306 300 15 15
306 305 15 15
306 304 15 15
306 302 15 15
307 306 15 15
307 302 15 15
307 300 15 15
307 301 15 15
308 304 15 15
308 300 15 15
308 306 15 15
308 301 15 15
309 305 15 15
309 302 15 15
309 303 15 15
309 308 15 15
310 305 15 15
310 303 15 15
310 304 15 15
310 300 15 15
311 303 15 15
311 310 15 15
311 309 15 15
311 305 15 15
312 301 15 15
312 307 15 15
312 311 15 15
312 304 15 15
313 310 15 15
313 303 15 15
313 305 15 15
313 300 15 15
314 307 15 15
314 302 15 15
314 311 15 15
314 313 15 15
315 307 15 15
315 311 15 15
315 314 15 15
315 303 15 15
316 312 15 15
316 306 15 15
316 301 15 15
316 300 15 15
317 301 15 15
317 310 15 15
317 306 15 15
317 300 15 15
318 303 15 15
318 313 15 15
318 314 15 15
318 315 15 15
319 307 15 15
319 310 15 15
319 303 15 15
319 308 15 15
300 319 15 15
300 311 15 15
300 318 15 15
300 315 15 15
301 305 15 15
301 310 15 15
301 319 15 15
301 311 15 15
302 315 15 15
302 318 15 15
302 311 15 15
302 310 15 15
303 314 15 15
303 306 15 15
303 317 15 15
303 307 15 15
97 37 4 1
90 41 4 2
91 77 4 3
91 3 4 0
117 73 5 3
119 15 5 0
103 26 5 1
104 84 5 4
135 41 6 2
121 34 6 1
139 94 6 4
136 13 6 0
141 57 7 2
151 101 7 5
145 88 7 4
154 131 7 6
168 89 8 4
161 155 8 7
175 73 8 3
173 49 8 2
199 57 9 2
190 89 9 4
187 100 9 5
185 162 9 8
202 166 10 8
219 140 10 7
217 74 10 3
211 99 10 4
231 86 11 4
230 183 11 9
229 29 11 1
238 130 11 6
259 16 12 0
244 79 12 3
248 30 12 1
255 233 12 11
270 127 13 6
265 150 13 7
276 3 13 0
260 33 13 1
285 44 14 2
281 273 14 13
284 228 14 11
291 35 14 1
319 257 15 12
313 180 15 9
300 70 15 3
306 133 15 6
3 202 0 10
2 177 0 8
13 283 0 14
1 304 0 15
31 141 1 7
20 204 1 10
32 183 1 9
21 164 1 8
44 100 2 5
52 245 2 12
47 238 2 11
58 267 2 13
64 231 3 11
75 293 3 14
68 135 3 6
75 155 3 7
