swNum = 320
edgeNum = 1344

0 0
1 0
2 0
3 0
4 0
5 0
6 0
7 0
8 0
9 0
10 0
11 0
12 0
13 0
14 0
15 0
16 0
17 0
18 0
19 0
20 1
21 1
22 1
23 1
24 1
25 1
26 1
27 1
28 1
29 1
30 1
31 1
32 1
33 1
34 1
35 1
36 1
37 1
38 1
39 1
40 2
41 2
42 2
43 2
44 2
45 2
46 2
47 2
48 2
49 2
50 2
51 2
52 2
53 2
54 2
55 2
56 2
57 2
58 2
59 2
60 3
61 3
62 3
63 3
64 3
65 3
66 3
67 3
68 3
69 3
70 3
71 3
72 3
73 3
74 3
75 3
76 3
77 3
78 3
79 3
80 4
81 4
82 4
83 4
84 4
85 4
86 4
87 4
88 4
89 4
90 4
91 4
92 4
93 4
94 4
95 4
96 4
97 4
98 4
99 4
100 5
101 5
102 5
103 5
104 5
105 5
106 5
107 5
108 5
109 5
110 5
111 5
112 5
113 5
114 5
115 5
116 5
117 5
118 5
119 5
120 6
121 6
122 6
123 6
124 6
125 6
126 6
127 6
128 6
129 6
130 6
131 6
132 6
133 6
134 6
135 6
136 6
137 6
138 6
139 6
140 7
141 7
142 7
143 7
144 7
145 7
146 7
147 7
148 7
149 7
150 7
151 7
152 7
153 7
154 7
155 7
156 7
157 7
158 7
159 7
160 8
161 8
162 8
163 8
164 8
165 8
166 8
167 8
168 8
169 8
170 8
171 8
172 8
173 8
174 8
175 8
176 8
177 8
178 8
179 8
180 9
181 9
182 9
183 9
184 9
185 9
186 9
187 9
188 9
189 9
190 9
191 9
192 9
193 9
194 9
195 9
196 9
197 9
198 9
199 9
200 10
201 10
202 10
203 10
204 10
205 10
206 10
207 10
208 10
209 10
210 10
211 10
212 10
213 10
214 10
215 10
216 10
217 10
218 10
219 10
220 11
221 11
222 11
223 11
224 11
225 11
226 11
227 11
228 11
229 11
230 11
231 11
232 11
233 11
234 11
235 11
236 11
237 11
238 11
239 11
240 12
241 12
242 12
243 12
244 12
245 12
246 12
247 12
248 12
249 12
250 12
251 12
252 12
253 12
254 12
255 12
256 12
257 12
258 12
259 12
260 13
261 13
262 13
263 13
264 13
265 13
266 13
267 13
268 13
269 13
270 13
271 13
272 13
273 13
274 13
275 13
276 13
277 13
278 13
279 13
280 14
281 14
282 14
283 14
284 14
285 14
286 14
287 14
288 14
289 14
290 14
291 14
292 14
293 14
294 14
295 14
296 14
297 14
298 14
299 14
300 15
301 15
302 15
303 15
304 15
305 15
306 15
307 15
308 15
309 15
310 15
311 15
312 15
313 15
314 15
315 15
316 15
317 15
318 15
319 15

4 0 0 0
4 3 0 0
4 2 0 0
4 1 0 0
5 0 0 0
5 2 0 0
5 4 0 0
5 3 0 0
6 2 0 0
6 3 0 0
6 1 0 0
6 0 0 0
7 1 0 0
7 6 0 0
7 2 0 0
7 3 0 0
8 2 0 0
8 5 0 0
8 6 0 0
8 3 0 0
9 7 0 0
9 6 0 0
9 0 0 0
9 5 0 0
10 5 0 0
10 4 0 0
10 8 0 0
10 0 0 0
11 10 0 0
11 7 0 0
11 8 0 0
11 9 0 0
12 7 0 0
12 5 0 0
12 1 0 0
12 9 0 0
13 0 0 0
13 12 0 0
13 2 0 0
13 1 0 0
14 8 0 0
14 0 0 0
14 10 0 0
14 3 0 0
15 4 0 0
15 10 0 0
15 2 0 0
15 0 0 0
16 2 0 0
16 14 0 0
16 3 0 0
16 9 0 0
17 5 0 0
17 3 0 0
17 10 0 0
17 13 0 0
18 9 0 0
18 12 0 0
18 11 0 0
18 7 0 0
19 9 0 0
19 6 0 0
19 10 0 0
19 8 0 0
0 18 0 0
0 8 0 0
0 11 0 0
0 16 0 0
1 9 0 0
1 18 0 0
1 10 0 0
1 11 0 0
2 14 0 0
2 10 0 0
2 11 0 0
2 17 0 0
3 10 0 0
3 11 0 0
3 9 0 0
3 12 0 0
24 20 1 1
24 23 1 1
24 22 1 1
24 21 1 1
25 22 1 1
25 20 1 1
25 24 1 1
25 23 1 1
26 21 1 1
26 23 1 1
26 24 1 1
26 25 1 1
27 20 1 1
27 24 1 1
27 21 1 1
27 22 1 1
28 21 1 1
28 24 1 1
28 26 1 1
28 22 1 1
29 28 1 1
29 26 1 1
29 21 1 1
29 23 1 1
30 27 1 1
30 29 1 1
30 23 1 1
30 28 1 1
31 26 1 1
31 23 1 1
31 20 1 1
31 22 1 1
32 24 1 1
32 28 1 1
32 29 1 1
32 26 1 1
33 30 1 1
33 26 1 1
33 28 1 1
33 29 1 1
34 28 1 1
34 31 1 1
34 26 1 1
34 32 1 1
35 26 1 1
35 29 1 1
35 28 1 1
35 30 1 1
36 35 1 1
36 29 1 1
36 25 1 1
36 20 1 1
37 36 1 1
37 20 1 1
37 28 1 1
37 22 1 1
38 26 1 1
38 28 1 1
38 31 1 1
38 34 1 1
39 28 1 1
39 32 1 1
39 38 1 1
39 26 1 1
20 32 1 1
20 30 1 1
20 34 1 1
20 29 1 1
21 38 1 1
21 30 1 1
21 25 1 1
21 32 1 1
22 29 1 1
22 36 1 1
22 32 1 1
22 35 1 1
23 36 1 1
23 27 1 1
23 38 1 1
23 35 1 1
44 41 2 2
44 43 2 2
44 40 2 2
44 42 2 2
45 40 2 2
45 42 2 2
45 44 2 2
45 43 2 2
46 45 2 2
46 43 2 2
46 44 2 2
46 41 2 2
47 43 2 2
47 42 2 2
47 45 2 2
47 41 2 2
48 43 2 2
48 44 2 2
48 41 2 2
48 40 2 2
49 43 2 2
49 44 2 2
49 40 2 2
49 41 2 2
50 47 2 2
50 40 2 2
50 45 2 2
50 42 2 2
51 46 2 2
51 45 2 2
51 42 2 2
51 44 2 2
52 51 2 2
52 42 2 2
52 45 2 2
52 50 2 2
53 51 2 2
53 47 2 2
53 43 2 2
53 50 2 2
54 43 2 2
54 41 2 2
54 49 2 2
54 48 2 2
55 47 2 2
55 42 2 2
55 45 2 2
55 41 2 2
56 48 2 2
56 45 2 2
56 44 2 2
56 46 2 2
57 47 2 2
57 42 2 2
57 44 2 2
57 51 2 2
58 55 2 2
58 42 2 2
58 48 2 2
58 54 2 2
59 47 2 2
59 42 2 2
59 41 2 2
59 43 2 2
40 56 2 2
40 51 2 2
40 58 2 2
40 46 2 2
41 56 2 2
41 50 2 2
41 58 2 2
41 53 2 2
42 48 2 2
42 54 2 2
42 56 2 2
42 49 2 2
43 56 2 2
43 55 2 2
43 58 2 2
43 51 2 2
64 61 3 3
64 60 3 3
64 63 3 3
64 62 3 3
65 62 3 3
65 63 3 3
65 60 3 3
65 61 3 3
66 60 3 3
66 65 3 3
66 63 3 3
66 61 3 3
67 63 3 3
67 66 3 3
67 65 3 3
67 62 3 3
68 61 3 3
68 67 3 3
68 66 3 3
68 62 3 3
69 68 3 3
69 63 3 3
69 61 3 3
69 67 3 3
70 67 3 3
70 62 3 3
70 65 3 3
70 63 3 3
71 63 3 3
71 66 3 3
71 67 3 3
71 70 3 3
72 60 3 3
72 64 3 3
72 62 3 3
72 68 3 3
73 65 3 3
73 69 3 3
73 70 3 3
73 67 3 3
74 73 3 3
74 65 3 3
74 61 3 3
74 69 3 3
75 68 3 3
75 62 3 3
75 60 3 3
75 61 3 3
76 68 3 3
76 69 3 3
76 72 3 3
76 71 3 3
77 73 3 3
77 74 3 3
77 76 3 3
77 70 3 3
78 63 3 3
78 77 3 3
78 67 3 3
78 72 3 3
79 64 3 3
79 67 3 3
79 61 3 3
79 74 3 3
60 71 3 3
60 78 3 3
60 74 3 3
60 79 3 3
61 71 3 3
61 78 3 3
61 77 3 3
61 67 3 3
62 79 3 3
62 73 3 3
62 71 3 3
62 69 3 3
63 74 3 3
63 77 3 3
63 75 3 3
63 76 3 3
84 82 4 4
84 80 4 4
84 81 4 4
84 83 4 4
85 84 4 4
85 83 4 4
85 82 4 4
85 80 4 4
86 83 4 4
86 81 4 4
86 84 4 4
86 85 4 4
87 80 4 4
87 82 4 4
87 83 4 4
87 84 4 4
88 80 4 4
88 84 4 4
88 81 4 4
88 82 4 4
89 86 4 4
89 81 4 4
89 88 4 4
89 87 4 4
90 80 4 4
90 83 4 4
90 85 4 4
90 81 4 4
91 80 4 4
91 88 4 4
91 89 4 4
91 83 4 4
92 88 4 4
92 86 4 4
92 85 4 4
92 87 4 4
93 86 4 4
93 85 4 4
93 88 4 4
93 83 4 4
94 86 4 4
94 83 4 4
94 92 4 4
94 88 4 4
95 86 4 4
95 80 4 4
95 92 4 4
95 87 4 4
96 83 4 4
96 90 4 4
96 85 4 4
96 94 4 4
97 89 4 4
97 88 4 4
97 82 4 4
97 93 4 4
98 80 4 4
98 91 4 4
98 96 4 4
98 90 4 4
99 96 4 4
99 84 4 4
99 98 4 4
99 94 4 4
80 96 4 4
80 97 4 4
80 93 4 4
80 92 4 4
81 85 4 4
81 94 4 4
81 92 4 4
81 97 4 4
82 91 4 4
82 98 4 4
82 99 4 4
82 93 4 4
83 92 4 4
83 95 4 4
83 98 4 4
83 89 4 4
104 101 5 5
104 100 5 5
104 103 5 5
104 102 5 5
105 101 5 5
105 103 5 5
105 100 5 5
105 104 5 5
106 103 5 5
106 100 5 5
106 102 5 5
106 105 5 5
107 102 5 5
107 105 5 5
107 100 5 5
107 104 5 5
108 102 5 5
108 107 5 5
108 106 5 5
108 100 5 5
109 108 5 5
109 103 5 5
109 102 5 5
109 106 5 5
110 106 5 5
110 103 5 5
110 108 5 5
110 109 5 5
111 102 5 5
111 104 5 5
111 109 5 5
111 101 5 5
112 107 5 5
112 109 5 5
112 105 5 5
112 108 5 5
113 109 5 5
113 105 5 5
113 111 5 5
113 101 5 5
114 108 5 5
114 113 5 5
114 107 5 5
114 109 5 5
115 106 5 5
115 103 5 5
115 100 5 5
115 110 5 5
116 115 5 5
116 109 5 5
116 101 5 5
116 102 5 5
117 109 5 5
117 103 5 5
117 105 5 5
117 114 5 5
118 115 5 5
118 113 5 5
118 102 5 5
118 111 5 5
119 101 5 5
119 110 5 5
119 108 5 5
119 105 5 5
100 118 5 5
100 117 5 5
100 113 5 5
100 109 5 5
101 117 5 5
101 112 5 5
101 106 5 5
101 108 5 5
102 115 5 5
102 110 5 5
102 105 5 5
102 112 5 5
103 116 5 5
103 108 5 5
103 111 5 5
103 113 5 5
124 123 6 6
124 120 6 6
124 121 6 6
124 122 6 6
125 120 6 6
125 122 6 6
125 123 6 6
125 124 6 6
126 124 6 6
126 123 6 6
126 125 6 6
126 120 6 6
127 120 6 6
127 126 6 6
127 122 6 6
127 121 6 6
128 120 6 6
128 125 6 6
128 127 6 6
128 123 6 6
129 123 6 6
129 126 6 6
129 128 6 6
129 120 6 6
130 121 6 6
130 123 6 6
130 127 6 6
130 126 6 6
131 128 6 6
131 123 6 6
131 129 6 6
131 120 6 6
132 129 6 6
132 127 6 6
132 123 6 6
132 126 6 6
133 128 6 6
133 129 6 6
133 121 6 6
133 120 6 6
134 132 6 6
134 131 6 6
134 127 6 6
134 125 6 6
135 121 6 6
135 134 6 6
135 124 6 6
135 129 6 6
136 133 6 6
136 120 6 6
136 130 6 6
136 135 6 6
137 132 6 6
137 130 6 6
137 121 6 6
137 136 6 6
138 124 6 6
138 131 6 6
138 137 6 6
138 133 6 6
139 126 6 6
139 123 6 6
139 132 6 6
139 129 6 6
120 130 6 6
120 132 6 6
120 135 6 6
120 134 6 6
121 139 6 6
121 134 6 6
121 132 6 6
121 129 6 6
122 135 6 6
122 129 6 6
122 131 6 6
122 133 6 6
123 138 6 6
123 135 6 6
123 137 6 6
123 127 6 6
144 143 7 7
144 141 7 7
144 142 7 7
144 140 7 7
145 142 7 7
145 141 7 7
145 140 7 7
145 143 7 7
146 140 7 7
146 145 7 7
146 144 7 7
146 141 7 7
147 144 7 7
147 143 7 7
147 140 7 7
147 142 7 7
148 144 7 7
148 145 7 7
148 141 7 7
148 140 7 7
149 146 7 7
149 147 7 7
149 144 7 7
149 143 7 7
150 148 7 7
150 145 7 7
150 140 7 7
150 144 7 7
151 149 7 7
151 140 7 7
151 150 7 7
151 141 7 7
152 151 7 7
152 140 7 7
152 147 7 7
152 146 7 7
153 151 7 7
153 152 7 7
153 142 7 7
153 146 7 7
154 150 7 7
154 145 7 7
154 146 7 7
154 140 7 7
155 146 7 7
155 148 7 7
155 140 7 7
155 141 7 7
156 154 7 7
156 152 7 7
156 140 7 7
156 153 7 7
157 142 7 7
157 151 7 7
157 156 7 7
157 145 7 7
158 144 7 7
158 152 7 7
158 142 7 7
158 148 7 7
159 141 7 7
159 140 7 7
159 150 7 7
159 157 7 7
140 158 7 7
140 153 7 7
140 149 7 7
140 157 7 7
141 150 7 7
141 157 7 7
141 152 7 7
141 154 7 7
142 149 7 7
142 159 7 7
142 155 7 7
142 150 7 7
143 158 7 7
143 151 7 7
143 156 7 7
143 154 7 7
164 162 8 8
164 161 8 8
164 163 8 8
164 160 8 8
165 163 8 8
165 161 8 8
165 160 8 8
165 164 8 8
166 163 8 8
166 160 8 8
166 162 8 8
166 161 8 8
167 162 8 8
167 161 8 8
167 165 8 8
167 163 8 8
168 163 8 8
168 161 8 8
168 160 8 8
168 166 8 8
169 165 8 8
169 161 8 8
169 167 8 8
169 164 8 8
170 161 8 8
170 165 8 8
170 167 8 8
170 166 8 8
171 165 8 8
171 166 8 8
171 167 8 8
171 168 8 8
172 167 8 8
172 165 8 8
172 170 8 8
172 168 8 8
173 160 8 8
173 167 8 8
173 165 8 8
173 166 8 8
174 163 8 8
174 169 8 8
174 165 8 8
174 164 8 8
175 172 8 8
175 169 8 8
175 161 8 8
175 163 8 8
176 162 8 8
176 171 8 8
176 166 8 8
176 173 8 8
177 163 8 8
177 166 8 8
177 170 8 8
177 167 8 8
178 167 8 8
178 176 8 8
178 169 8 8
178 171 8 8
179 178 8 8
179 177 8 8
179 168 8 8
179 176 8 8
160 177 8 8
160 175 8 8
160 171 8 8
160 167 8 8
161 174 8 8
161 176 8 8
161 171 8 8
161 173 8 8
162 171 8 8
162 177 8 8
162 175 8 8
162 179 8 8
163 179 8 8
163 169 8 8
163 172 8 8
163 170 8 8
184 183 9 9
184 182 9 9
184 181 9 9
184 180 9 9
185 182 9 9
185 180 9 9
185 183 9 9
185 181 9 9
186 182 9 9
186 183 9 9
186 180 9 9
186 181 9 9
187 184 9 9
187 183 9 9
187 180 9 9
187 181 9 9
188 187 9 9
188 185 9 9
188 186 9 9
188 183 9 9
189 186 9 9
189 183 9 9
189 182 9 9
189 180 9 9
190 183 9 9
190 188 9 9
190 187 9 9
190 189 9 9
191 188 9 9
191 184 9 9
191 185 9 9
191 189 9 9
192 181 9 9
192 186 9 9
192 187 9 9
192 189 9 9
193 188 9 9
193 189 9 9
193 187 9 9
193 191 9 9
194 184 9 9
194 185 9 9
194 183 9 9
194 191 9 9
195 191 9 9
195 193 9 9
195 182 9 9
195 180 9 9
196 187 9 9
196 191 9 9
196 193 9 9
196 182 9 9
197 188 9 9
197 183 9 9
197 187 9 9
197 195 9 9
198 186 9 9
198 192 9 9
198 181 9 9
198 196 9 9
199 184 9 9
199 181 9 9
199 183 9 9
199 193 9 9
180 192 9 9
180 199 9 9
180 191 9 9
180 197 9 9
181 189 9 9
181 191 9 9
181 196 9 9
181 193 9 9
182 198 9 9
182 190 9 9
182 191 9 9
182 192 9 9
183 193 9 9
183 191 9 9
183 195 9 9
183 196 9 9
204 203 10 10
204 202 10 10
204 201 10 10
204 200 10 10
205 200 10 10
205 203 10 10
205 201 10 10
205 204 10 10
206 202 10 10
206 203 10 10
206 200 10 10
206 204 10 10
207 200 10 10
207 203 10 10
207 205 10 10
207 201 10 10
208 201 10 10
208 204 10 10
208 205 10 10
208 207 10 10
209 204 10 10
209 201 10 10
209 202 10 10
209 200 10 10
210 204 10 10
210 206 10 10
210 201 10 10
210 203 10 10
211 210 10 10
211 203 10 10
211 209 10 10
211 202 10 10
212 200 10 10
212 209 10 10
212 204 10 10
212 201 10 10
213 202 10 10
213 200 10 10
213 203 10 10
213 208 10 10
214 205 10 10
214 202 10 10
214 213 10 10
214 203 10 10
215 212 10 10
215 206 10 10
215 201 10 10
215 200 10 10
216 201 10 10
216 200 10 10
216 203 10 10
216 205 10 10
217 210 10 10
217 206 10 10
217 214 10 10
217 213 10 10
218 204 10 10
218 217 10 10
218 214 10 10
218 206 10 10
219 208 10 10
219 201 10 10
219 213 10 10
219 214 10 10
200 211 10 10
200 208 10 10
200 217 10 10
200 218 10 10
201 217 10 10
201 211 10 10
201 206 10 10
201 218 10 10
202 212 10 10
202 215 10 10
202 217 10 10
202 210 10 10
203 215 10 10
203 217 10 10
203 209 10 10
203 212 10 10
224 222 11 11
224 223 11 11
224 221 11 11
224 220 11 11
225 222 11 11
225 223 11 11
225 221 11 11
225 224 11 11
226 220 11 11
226 221 11 11
226 222 11 11
226 223 11 11
227 225 11 11
227 224 11 11
227 223 11 11
227 226 11 11
228 222 11 11
228 227 11 11
228 224 11 11
228 221 11 11
229 226 11 11
229 222 11 11
229 225 11 11
229 224 11 11
230 227 11 11
230 223 11 11
230 225 11 11
230 220 11 11
231 227 11 11
231 225 11 11
231 226 11 11
231 230 11 11
232 226 11 11
232 221 11 11
232 229 11 11
232 228 11 11
233 231 11 11
233 230 11 11
233 226 11 11
233 222 11 11
234 221 11 11
234 226 11 11
234 220 11 11
234 229 11 11
235 232 11 11
235 228 11 11
235 222 11 11
235 229 11 11
236 230 11 11
236 229 11 11
236 221 11 11
236 224 11 11
237 226 11 11
237 220 11 11
237 231 11 11
237 229 11 11
238 229 11 11
238 224 11 11
238 235 11 11
238 228 11 11
239 230 11 11
239 232 11 11
239 228 11 11
239 234 11 11
220 236 11 11
220 227 11 11
220 229 11 11
220 232 11 11
221 229 11 11
221 237 11 11
221 231 11 11
221 233 11 11
222 238 11 11
222 231 11 11
222 236 11 11
222 234 11 11
223 233 11 11
223 234 11 11
223 231 11 11
223 237 11 11
244 242 12 12
244 241 12 12
244 243 12 12
244 240 12 12
245 242 12 12
245 241 12 12
245 244 12 12
245 240 12 12
246 245 12 12
246 244 12 12
246 242 12 12
246 240 12 12
247 243 12 12
247 241 12 12
247 240 12 12
247 245 12 12
248 242 12 12
248 241 12 12
248 244 12 12
248 247 12 12
249 240 12 12
249 244 12 12
249 242 12 12
249 246 12 12
250 248 12 12
250 246 12 12
250 242 12 12
250 249 12 12
251 249 12 12
251 244 12 12
251 245 12 12
251 242 12 12
252 242 12 12
252 245 12 12
252 246 12 12
252 250 12 12
253 248 12 12
253 241 12 12
253 247 12 12
253 243 12 12
254 248 12 12
254 244 12 12
254 251 12 12
254 246 12 12
255 251 12 12
255 242 12 12
255 247 12 12
255 244 12 12
256 241 12 12
256 255 12 12
256 248 12 12
256 253 12 12
257 240 12 12
257 250 12 12
257 248 12 12
257 242 12 12
258 257 12 12
258 254 12 12
258 240 12 12
258 248 12 12
259 244 12 12
259 245 12 12
259 252 12 12
259 250 12 12
240 252 12 12
240 254 12 12
240 248 12 12
240 250 12 12
241 257 12 12
241 249 12 12
241 250 12 12
241 255 12 12
242 259 12 12
242 254 12 12
242 258 12 12
242 253 12 12
243 257 12 12
243 258 12 12
243 256 12 12
243 248 12 12
264 260 13 13
264 262 13 13
264 263 13 13
264 261 13 13
265 262 13 13
265 263 13 13
265 261 13 13
265 260 13 13
266 265 13 13
266 262 13 13
266 261 13 13
266 263 13 13
267 263 13 13
267 261 13 13
267 262 13 13
267 264 13 13
268 264 13 13
268 262 13 13
268 267 13 13
268 263 13 13
269 264 13 13
269 260 13 13
269 265 13 13
269 267 13 13
270 262 13 13
270 267 13 13
270 268 13 13
270 260 13 13
271 261 13 13
271 262 13 13
271 270 13 13
271 265 13 13
272 271 13 13
272 265 13 13
272 263 13 13
272 266 13 13
273 266 13 13
273 261 13 13
273 260 13 13
273 264 13 13
274 262 13 13
274 271 13 13
274 264 13 13
274 261 13 13
275 269 13 13
275 272 13 13
275 260 13 13
275 274 13 13
276 269 13 13
276 273 13 13
276 263 13 13
276 264 13 13
277 272 13 13
277 263 13 13
277 265 13 13
277 271 13 13
278 271 13 13
278 267 13 13
278 274 13 13
278 269 13 13
279 268 13 13
279 267 13 13
279 269 13 13
279 278 13 13
260 272 13 13
260 277 13 13
260 267 13 13
260 274 13 13
261 279 13 13
261 277 13 13
261 272 13 13
261 275 13 13
262 277 13 13
262 272 13 13
262 278 13 13
262 273 13 13
263 274 13 13
263 271 13 13
263 275 13 13
263 269 13 13
284 283 14 14
284 281 14 14
284 280 14 14
284 282 14 14
285 284 14 14
285 281 14 14
285 283 14 14
285 282 14 14
286 281 14 14
286 282 14 14
286 280 14 14
286 284 14 14
287 286 14 14
287 280 14 14
287 282 14 14
287 281 14 14
288 284 14 14
288 282 14 14
288 285 14 14
288 281 14 14
289 284 14 14
289 288 14 14
289 285 14 14
289 283 14 14
290 285 14 14
290 280 14 14
290 286 14 14
290 282 14 14
291 283 14 14
291 290 14 14
291 287 14 14
291 282 14 14
292 289 14 14
292 282 14 14
292 286 14 14
292 280 14 14
293 282 14 14
293 281 14 14
293 292 14 14
293 287 14 14
294 282 14 14
294 283 14 14
294 291 14 14
294 287 14 14
295 280 14 14
295 289 14 14
295 281 14 14
295 294 14 14
296 290 14 14
296 283 14 14
296 293 14 14
296 281 14 14
297 296 14 14
297 283 14 14
297 281 14 14
297 295 14 14
298 280 14 14
298 282 14 14
298 281 14 14
298 293 14 14
299 284 14 14
299 297 14 14
299 285 14 14
299 288 14 14
280 297 14 14
280 296 14 14
280 291 14 14
280 288 14 14
281 294 14 14
281 290 14 14
281 292 14 14
281 289 14 14
282 299 14 14
282 297 14 14
282 295 14 14
282 289 14 14
283 287 14 14
283 298 14 14
283 288 14 14
283 295 14 14
304 301 15 15
304 303 15 15
304 302 15 15
304 300 15 15
305 302 15 15
305 301 15 15
305 303 15 15
305 304 15 15
306 300 15 15
306 303 15 15
306 304 15 15
306 302 15 15
307 303 15 15
307 302 15 15
307 305 15 15
307 300 15 15
308 300 15 15
308 304 15 15
308 302 15 15
308 303 15 15
309 306 15 15
309 307 15 15
309 304 15 15
309 300 15 15
310 309 15 15
310 308 15 15
310 300 15 15
310 307 15 15
311 309 15 15
311 304 15 15
311 302 15 15
311 307 15 15
312 301 15 15
312 309 15 15
312 302 15 15
312 305 15 15
313 300 15 15
313 312 15 15
313 307 15 15
313 309 15 15
314 300 15 15
314 313 15 15
314 308 15 15
314 310 15 15
315 302 15 15
315 309 15 15
315 311 15 15
315 313 15 15
316 306 15 15
316 311 15 15
316 300 15 15
316 307 15 15
317 305 15 15
317 313 15 15
317 308 15 15
317 304 15 15
318 314 15 15
318 307 15 15
318 310 15 15
318 313 15 15
319 314 15 15
319 308 15 15
319 309 15 15
319 302 15 15
300 318 15 15
300 305 15 15
300 319 15 15
300 312 15 15
301 311 15 15
301 306 15 15
301 313 15 15
301 308 15 15
302 309 15 15
302 317 15 15
302 314 15 15
302 313 15 15
303 313 15 15
303 310 15 15
303 314 15 15
303 309 15 15
84 5 4 0
94 44 4 2
82 78 4 3
92 28 4 1
100 89 5 4
106 58 5 2
118 17 5 0
109 27 5 1
128 78 6 3
137 86 6 4
133 31 6 1
134 114 6 5
159 79 7 3
142 57 7 2
142 87 7 4
151 16 7 0
165 36 8 1
174 108 8 5
160 99 8 4
174 155 8 7
198 175 9 8
199 8 9 0
198 118 9 5
191 90 9 4
205 163 10 8
211 51 10 2
206 191 10 9
208 148 10 7
230 84 11 4
229 176 11 8
231 190 11 9
234 219 11 10
249 72 12 3
255 20 12 1
243 110 12 5
250 145 12 7
270 174 13 8
264 123 13 6
264 40 13 2
273 201 13 10
287 237 14 11
290 62 14 3
281 81 14 4
287 279 14 13
305 56 15 2
313 77 15 3
311 177 15 8
306 155 15 7
18 258 0 12
15 317 0 15
9 133 0 6
12 296 0 14
25 189 1 9
20 213 1 10
35 146 1 7
28 226 1 11
59 256 2 12
57 294 2 14
53 121 2 6
57 169 2 8
63 278 3 13
65 162 3 8
69 113 3 5
62 235 3 11
