swNum = 320
edgeNum = 1343

0 0
1 0
2 0
3 0
4 0
5 0
6 0
7 0
8 0
9 0
10 0
11 0
12 0
13 0
14 0
15 0
16 0
17 0
18 0
19 0
20 1
21 1
22 1
23 1
24 1
25 1
26 1
27 1
28 1
29 1
30 1
31 1
32 1
33 1
34 1
35 1
36 1
37 1
38 1
39 1
40 2
41 2
42 2
43 2
44 2
45 2
46 2
47 2
48 2
49 2
50 2
51 2
52 2
53 2
54 2
55 2
56 2
57 2
58 2
59 2
60 3
61 3
62 3
63 3
64 3
65 3
66 3
67 3
68 3
69 3
70 3
71 3
72 3
73 3
74 3
75 3
76 3
77 3
78 3
79 3
80 4
81 4
82 4
83 4
84 4
85 4
86 4
87 4
88 4
89 4
90 4
91 4
92 4
93 4
94 4
95 4
96 4
97 4
98 4
99 4
100 5
101 5
102 5
103 5
104 5
105 5
106 5
107 5
108 5
109 5
110 5
111 5
112 5
113 5
114 5
115 5
116 5
117 5
118 5
119 5
120 6
121 6
122 6
123 6
124 6
125 6
126 6
127 6
128 6
129 6
130 6
131 6
132 6
133 6
134 6
135 6
136 6
137 6
138 6
139 6
140 7
141 7
142 7
143 7
144 7
145 7
146 7
147 7
148 7
149 7
150 7
151 7
152 7
153 7
154 7
155 7
156 7
157 7
158 7
159 7
160 8
161 8
162 8
163 8
164 8
165 8
166 8
167 8
168 8
169 8
170 8
171 8
172 8
173 8
174 8
175 8
176 8
177 8
178 8
179 8
180 9
181 9
182 9
183 9
184 9
185 9
186 9
187 9
188 9
189 9
190 9
191 9
192 9
193 9
194 9
195 9
196 9
197 9
198 9
199 9
200 10
201 10
202 10
203 10
204 10
205 10
206 10
207 10
208 10
209 10
210 10
211 10
212 10
213 10
214 10
215 10
216 10
217 10
218 10
219 10
220 11
221 11
222 11
223 11
224 11
225 11
226 11
227 11
228 11
229 11
230 11
231 11
232 11
233 11
234 11
235 11
236 11
237 11
238 11
239 11
240 12
241 12
242 12
243 12
244 12
245 12
246 12
247 12
248 12
249 12
250 12
251 12
252 12
253 12
254 12
255 12
256 12
257 12
258 12
259 12
260 13
261 13
262 13
263 13
264 13
265 13
266 13
267 13
268 13
269 13
270 13
271 13
272 13
273 13
274 13
275 13
276 13
277 13
278 13
279 13
280 14
281 14
282 14
283 14
284 14
285 14
286 14
287 14
288 14
289 14
290 14
291 14
292 14
293 14
294 14
295 14
296 14
297 14
298 14
299 14
300 15
301 15
302 15
303 15
304 15
305 15
306 15
307 15
308 15
309 15
310 15
311 15
312 15
313 15
314 15
315 15
316 15
317 15
318 15
319 15

4 0 0 0
4 1 0 0
4 3 0 0
4 2 0 0
5 4 0 0
5 1 0 0
5 2 0 0
5 3 0 0
6 1 0 0
6 2 0 0
6 5 0 0
6 4 0 0
7 6 0 0
7 2 0 0
7 4 0 0
7 3 0 0
8 6 0 0
8 1 0 0
8 4 0 0
8 3 0 0
9 5 0 0
9 0 0 0
9 2 0 0
9 4 0 0
10 2 0 0
10 4 0 0
10 6 0 0
10 7 0 0
11 0 0 0
11 8 0 0
11 9 0 0
11 3 0 0
12 7 0 0
12 9 0 0
12 11 0 0
12 5 0 0
13 0 0 0
13 5 0 0
13 1 0 0
13 4 0 0
14 6 0 0
14 1 0 0
14 13 0 0
14 8 0 0
15 0 0 0
15 4 0 0
15 6 0 0
15 11 0 0
16 2 0 0
16 10 0 0
16 12 0 0
16 3 0 0
17 5 0 0
17 13 0 0
17 8 0 0
17 1 0 0
18 13 0 0
18 15 0 0
18 9 0 0
18 11 0 0
19 0 0 0
19 6 0 0
19 2 0 0
19 9 0 0
0 12 0 0
0 5 0 0
0 18 0 0
0 16 0 0
1 18 0 0
1 11 0 0
1 15 0 0
1 16 0 0
2 13 0 0
2 8 0 0
2 18 0 0
2 17 0 0
3 10 0 0
3 13 0 0
3 19 0 0
3 14 0 0
24 22 1 1
24 21 1 1
24 23 1 1
24 20 1 1
25 22 1 1
25 20 1 1
25 23 1 1
25 24 1 1
26 20 1 1
26 25 1 1
26 22 1 1
26 23 1 1
27 26 1 1
27 22 1 1
27 25 1 1
27 24 1 1
28 26 1 1
28 23 1 1
28 25 1 1
28 20 1 1
29 24 1 1
29 20 1 1
29 27 1 1
29 28 1 1
30 22 1 1
30 26 1 1
30 20 1 1
30 23 1 1
31 29 1 1
31 27 1 1
31 25 1 1
31 23 1 1
32 24 1 1
32 29 1 1
32 21 1 1
32 22 1 1
33 20 1 1
33 25 1 1
33 23 1 1
33 28 1 1
34 23 1 1
34 22 1 1
34 28 1 1
34 32 1 1
35 31 1 1
35 26 1 1
35 27 1 1
35 34 1 1
36 23 1 1
36 33 1 1
36 31 1 1
36 29 1 1
37 21 1 1
37 22 1 1
37 24 1 1
37 29 1 1
38 32 1 1
38 36 1 1
38 29 1 1
38 24 1 1
39 37 1 1
39 32 1 1
39 25 1 1
39 34 1 1
20 31 1 1
20 27 1 1
20 36 1 1
20 37 1 1
21 39 1 1
21 34 1 1
21 30 1 1
21 31 1 1
22 29 1 1
22 31 1 1
22 36 1 1
22 33 1 1
23 27 1 1
23 35 1 1
23 32 1 1
23 29 1 1
44 40 2 2
44 41 2 2
44 42 2 2
44 43 2 2
45 41 2 2
45 44 2 2
45 42 2 2
45 40 2 2
46 42 2 2
46 41 2 2
46 40 2 2
46 45 2 2
47 43 2 2
47 45 2 2
47 44 2 2
47 46 2 2
48 45 2 2
48 41 2 2
48 40 2 2
48 46 2 2
49 41 2 2
49 45 2 2
49 42 2 2
49 48 2 2
50 40 2 2
50 41 2 2
50 45 2 2
50 43 2 2
51 50 2 2
51 47 2 2
51 42 2 2
51 40 2 2
52 48 2 2
52 41 2 2
52 45 2 2
52 49 2 2
53 46 2 2
53 49 2 2
53 51 2 2
53 48 2 2
54 40 2 2
54 46 2 2
54 45 2 2
54 52 2 2
55 53 2 2
55 51 2 2
55 41 2 2
55 45 2 2
56 42 2 2
56 49 2 2
56 47 2 2
56 51 2 2
57 48 2 2
57 52 2 2
57 56 2 2
57 51 2 2
58 46 2 2
58 53 2 2
58 54 2 2
58 52 2 2
59 44 2 2
59 45 2 2
59 58 2 2
59 48 2 2
40 53 2 2
40 57 2 2
40 59 2 2
40 58 2 2
41 54 2 2
41 47 2 2
41 59 2 2
41 57 2 2
42 59 2 2
42 53 2 2
42 55 2 2
42 47 2 2
43 51 2 2
43 46 2 2
43 54 2 2
43 45 2 2
64 61 3 3
64 63 3 3
64 60 3 3
64 62 3 3
65 64 3 3
65 61 3 3
65 60 3 3
65 62 3 3
66 65 3 3
66 62 3 3
66 61 3 3
66 60 3 3
67 62 3 3
67 65 3 3
67 64 3 3
67 60 3 3
68 67 3 3
68 63 3 3
68 65 3 3
68 60 3 3
69 65 3 3
69 66 3 3
69 61 3 3
69 63 3 3
70 66 3 3
70 63 3 3
70 61 3 3
70 65 3 3
71 60 3 3
71 68 3 3
71 64 3 3
71 62 3 3
72 71 3 3
72 68 3 3
72 64 3 3
72 62 3 3
73 70 3 3
73 71 3 3
73 67 3 3
73 68 3 3
74 67 3 3
74 71 3 3
74 63 3 3
74 72 3 3
75 60 3 3
75 62 3 3
75 71 3 3
75 65 3 3
76 69 3 3
76 65 3 3
76 70 3 3
76 68 3 3
77 64 3 3
77 63 3 3
77 68 3 3
77 73 3 3
78 63 3 3
78 68 3 3
78 71 3 3
78 72 3 3
79 70 3 3
79 64 3 3
79 67 3 3
79 76 3 3
60 70 3 3
60 74 3 3
60 77 3 3
60 79 3 3
61 67 3 3
61 76 3 3
61 71 3 3
61 79 3 3
62 68 3 3
62 76 3 3
62 73 3 3
62 69 3 3
63 71 3 3
63 72 3 3
63 79 3 3
63 75 3 3
84 83 4 4
84 80 4 4
84 82 4 4
84 81 4 4
85 83 4 4
85 84 4 4
85 80 4 4
85 82 4 4
86 85 4 4
86 82 4 4
86 81 4 4
86 83 4 4
87 80 4 4
87 83 4 4
87 84 4 4
87 81 4 4
88 85 4 4
88 83 4 4
88 82 4 4
88 87 4 4
89 83 4 4
89 80 4 4
89 81 4 4
89 82 4 4
90 80 4 4
90 89 4 4
90 83 4 4
90 87 4 4
91 80 4 4
91 84 4 4
91 88 4 4
91 90 4 4
92 85 4 4
92 89 4 4
92 87 4 4
92 84 4 4
93 88 4 4
93 91 4 4
93 90 4 4
93 86 4 4
94 86 4 4
94 87 4 4
94 85 4 4
94 88 4 4
95 81 4 4
95 89 4 4
95 86 4 4
95 90 4 4
96 81 4 4
96 80 4 4
96 95 4 4
96 86 4 4
97 81 4 4
97 95 4 4
97 96 4 4
97 93 4 4
98 88 4 4
98 92 4 4
98 97 4 4
98 82 4 4
99 88 4 4
99 87 4 4
99 83 4 4
99 92 4 4
80 92 4 4
80 99 4 4
80 94 4 4
80 98 4 4
81 94 4 4
81 93 4 4
81 98 4 4
81 91 4 4
82 97 4 4
82 93 4 4
82 96 4 4
82 95 4 4
83 95 4 4
83 94 4 4
83 91 4 4
83 98 4 4
104 102 5 5
104 103 5 5
104 101 5 5
104 100 5 5
105 101 5 5
105 103 5 5
105 104 5 5
105 102 5 5
106 104 5 5
106 103 5 5
106 102 5 5
106 101 5 5
107 103 5 5
107 101 5 5
107 104 5 5
107 102 5 5
108 102 5 5
108 105 5 5
108 103 5 5
108 106 5 5
109 108 5 5
109 104 5 5
109 101 5 5
109 105 5 5
110 100 5 5
110 105 5 5
110 102 5 5
110 101 5 5
111 109 5 5
111 103 5 5
111 105 5 5
111 108 5 5
112 105 5 5
112 111 5 5
112 101 5 5
112 100 5 5
113 101 5 5
113 105 5 5
113 107 5 5
113 102 5 5
114 104 5 5
114 111 5 5
114 101 5 5
114 102 5 5
115 102 5 5
115 105 5 5
115 114 5 5
115 113 5 5
116 109 5 5
116 110 5 5
116 107 5 5
116 100 5 5
117 112 5 5
117 109 5 5
117 101 5 5
117 108 5 5
118 112 5 5
118 106 5 5
118 110 5 5
118 103 5 5
119 103 5 5
119 102 5 5
119 114 5 5
119 107 5 5
100 107 5 5
100 114 5 5
100 113 5 5
100 106 5 5
101 115 5 5
101 111 5 5
101 108 5 5
101 118 5 5
102 116 5 5
102 117 5 5
102 111 5 5
102 118 5 5
103 115 5 5
103 113 5 5
103 110 5 5
103 109 5 5
124 121 6 6
124 122 6 6
124 120 6 6
124 123 6 6
125 124 6 6
125 123 6 6
125 120 6 6
125 122 6 6
126 120 6 6
126 123 6 6
126 125 6 6
126 124 6 6
127 122 6 6
127 124 6 6
127 123 6 6
127 126 6 6
128 124 6 6
128 126 6 6
128 121 6 6
128 120 6 6
129 123 6 6
129 127 6 6
129 124 6 6
129 122 6 6
130 127 6 6
130 121 6 6
130 122 6 6
130 120 6 6
131 121 6 6
131 125 6 6
131 120 6 6
131 124 6 6
132 130 6 6
132 120 6 6
132 122 6 6
132 128 6 6
133 131 6 6
133 127 6 6
133 122 6 6
133 130 6 6
134 132 6 6
134 127 6 6
134 130 6 6
134 120 6 6
135 123 6 6
135 126 6 6
135 122 6 6
135 132 6 6
136 122 6 6
136 120 6 6
136 134 6 6
136 127 6 6
137 127 6 6
137 125 6 6
137 130 6 6
137 133 6 6
138 122 6 6
138 121 6 6
138 128 6 6
138 123 6 6
139 125 6 6
139 121 6 6
139 123 6 6
139 133 6 6
120 138 6 6
120 139 6 6
120 133 6 6
120 135 6 6
121 125 6 6
121 137 6 6
121 134 6 6
121 132 6 6
122 137 6 6
122 126 6 6
122 128 6 6
122 131 6 6
123 130 6 6
123 132 6 6
123 128 6 6
123 136 6 6
144 141 7 7
144 143 7 7
144 140 7 7
144 142 7 7
145 140 7 7
145 143 7 7
145 144 7 7
145 141 7 7
146 140 7 7
146 141 7 7
146 145 7 7
146 143 7 7
147 144 7 7
147 146 7 7
147 143 7 7
147 145 7 7
148 142 7 7
148 141 7 7
148 147 7 7
148 143 7 7
149 143 7 7
149 147 7 7
149 145 7 7
149 141 7 7
150 144 7 7
150 142 7 7
150 148 7 7
150 149 7 7
151 144 7 7
151 146 7 7
151 147 7 7
151 143 7 7
152 140 7 7
152 144 7 7
152 151 7 7
152 148 7 7
153 149 7 7
153 152 7 7
153 141 7 7
153 143 7 7
154 152 7 7
154 150 7 7
154 141 7 7
154 144 7 7
155 147 7 7
155 150 7 7
155 153 7 7
155 151 7 7
156 155 7 7
156 140 7 7
156 146 7 7
156 152 7 7
157 150 7 7
157 148 7 7
157 152 7 7
157 143 7 7
158 143 7 7
158 153 7 7
158 148 7 7
158 152 7 7
159 150 7 7
159 155 7 7
159 147 7 7
159 148 7 7
140 151 7 7
140 153 7 7
140 148 7 7
140 147 7 7
141 152 7 7
141 158 7 7
141 157 7 7
141 151 7 7
142 149 7 7
142 151 7 7
142 153 7 7
142 147 7 7
143 156 7 7
143 155 7 7
143 152 7 7
143 154 7 7
164 162 8 8
164 161 8 8
164 160 8 8
164 163 8 8
165 163 8 8
165 160 8 8
165 161 8 8
165 164 8 8
166 160 8 8
166 165 8 8
166 163 8 8
166 164 8 8
167 164 8 8
167 165 8 8
167 163 8 8
167 160 8 8
168 164 8 8
168 161 8 8
168 167 8 8
168 166 8 8
169 162 8 8
169 161 8 8
169 167 8 8
169 164 8 8
170 163 8 8
170 167 8 8
170 160 8 8
170 165 8 8
171 166 8 8
171 163 8 8
171 160 8 8
171 165 8 8
172 167 8 8
172 164 8 8
172 169 8 8
172 161 8 8
173 160 8 8
173 167 8 8
173 165 8 8
173 164 8 8
174 164 8 8
174 171 8 8
174 167 8 8
174 173 8 8
175 167 8 8
175 160 8 8
175 166 8 8
175 172 8 8
176 163 8 8
176 162 8 8
176 168 8 8
176 174 8 8
177 172 8 8
177 168 8 8
177 162 8 8
177 174 8 8
178 171 8 8
178 160 8 8
178 166 8 8
178 170 8 8
179 172 8 8
179 171 8 8
179 175 8 8
179 160 8 8
160 172 8 8
160 177 8 8
160 168 8 8
160 176 8 8
161 176 8 8
161 177 8 8
161 166 8 8
161 178 8 8
162 168 8 8
162 172 8 8
162 174 8 8
162 167 8 8
163 172 8 8
163 173 8 8
163 175 8 8
163 178 8 8
184 181 9 9
184 182 9 9
184 180 9 9
184 183 9 9
185 182 9 9
185 183 9 9
185 181 9 9
185 180 9 9
186 181 9 9
186 183 9 9
186 180 9 9
186 184 9 9
187 180 9 9
187 181 9 9
187 186 9 9
187 182 9 9
188 186 9 9
188 182 9 9
188 180 9 9
188 181 9 9
189 188 9 9
189 180 9 9
189 186 9 9
189 181 9 9
190 189 9 9
190 182 9 9
190 181 9 9
190 184 9 9
191 185 9 9
191 189 9 9
191 180 9 9
191 181 9 9
192 181 9 9
192 186 9 9
192 189 9 9
192 190 9 9
193 184 9 9
193 191 9 9
193 182 9 9
193 181 9 9
194 193 9 9
194 181 9 9
194 184 9 9
194 182 9 9
195 180 9 9
195 191 9 9
195 189 9 9
195 187 9 9
196 195 9 9
196 183 9 9
196 182 9 9
196 180 9 9
197 184 9 9
197 188 9 9
197 181 9 9
197 193 9 9
198 187 9 9
198 181 9 9
198 195 9 9
198 190 9 9
199 183 9 9
199 182 9 9
199 194 9 9
199 197 9 9
180 190 9 9
180 193 9 9
180 198 9 9
180 192 9 9
181 196 9 9
181 195 9 9
181 199 9 9
182 197 9 9
182 198 9 9
182 191 9 9
182 195 9 9
183 193 9 9
183 189 9 9
183 191 9 9
183 197 9 9
204 202 10 10
204 200 10 10
204 203 10 10
204 201 10 10
205 204 10 10
205 200 10 10
205 202 10 10
205 201 10 10
206 203 10 10
206 202 10 10
206 200 10 10
206 201 10 10
207 201 10 10
207 204 10 10
207 200 10 10
207 202 10 10
208 201 10 10
208 207 10 10
208 204 10 10
208 200 10 10
209 206 10 10
209 203 10 10
209 207 10 10
209 201 10 10
210 207 10 10
210 203 10 10
210 206 10 10
210 208 10 10
211 208 10 10
211 209 10 10
211 210 10 10
211 201 10 10
212 209 10 10
212 205 10 10
212 206 10 10
212 203 10 10
213 210 10 10
213 208 10 10
213 204 10 10
213 202 10 10
214 204 10 10
214 202 10 10
214 206 10 10
214 207 10 10
215 202 10 10
215 205 10 10
215 210 10 10
215 213 10 10
216 214 10 10
216 202 10 10
216 207 10 10
216 212 10 10
217 214 10 10
217 213 10 10
217 209 10 10
217 207 10 10
218 215 10 10
218 202 10 10
218 216 10 10
218 207 10 10
219 201 10 10
219 206 10 10
219 213 10 10
219 209 10 10
200 218 10 10
200 211 10 10
200 219 10 10
200 213 10 10
201 212 10 10
201 210 10 10
201 213 10 10
201 216 10 10
202 209 10 10
202 208 10 10
202 217 10 10
202 212 10 10
203 219 10 10
203 215 10 10
203 205 10 10
203 208 10 10
224 223 11 11
224 220 11 11
224 221 11 11
224 222 11 11
225 223 11 11
225 221 11 11
225 224 11 11
225 222 11 11
226 225 11 11
226 224 11 11
226 221 11 11
226 222 11 11
227 225 11 11
227 221 11 11
227 226 11 11
227 224 11 11
228 226 11 11
228 225 11 11
228 227 11 11
228 221 11 11
229 221 11 11
229 227 11 11
229 226 11 11
229 224 11 11
230 224 11 11
230 222 11 11
230 220 11 11
230 225 11 11
231 220 11 11
231 222 11 11
231 230 11 11
231 228 11 11
232 227 11 11
232 222 11 11
232 228 11 11
232 225 11 11
233 220 11 11
233 224 11 11
233 227 11 11
233 225 11 11
234 224 11 11
234 231 11 11
234 228 11 11
234 225 11 11
235 232 11 11
235 221 11 11
235 220 11 11
235 230 11 11
236 229 11 11
236 231 11 11
236 226 11 11
236 222 11 11
237 230 11 11
237 225 11 11
237 220 11 11
237 229 11 11
238 234 11 11
238 237 11 11
238 221 11 11
238 233 11 11
239 229 11 11
239 222 11 11
239 225 11 11
239 228 11 11
220 238 11 11
220 227 11 11
220 229 11 11
220 226 11 11
221 239 11 11
221 234 11 11
221 233 11 11
221 230 11 11
222 227 11 11
222 235 11 11
222 228 11 11
222 234 11 11
223 226 11 11
223 229 11 11
223 238 11 11
223 233 11 11
244 241 12 12
244 240 12 12
244 242 12 12
244 243 12 12
245 243 12 12
245 242 12 12
245 241 12 12
245 240 12 12
246 243 12 12
246 240 12 12
246 244 12 12
246 241 12 12
247 241 12 12
247 245 12 12
247 243 12 12
247 242 12 12
248 241 12 12
248 240 12 12
248 246 12 12
248 244 12 12
249 246 12 12
249 248 12 12
249 244 12 12
249 241 12 12
250 244 12 12
250 248 12 12
250 240 12 12
250 245 12 12
251 243 12 12
251 245 12 12
251 248 12 12
251 242 12 12
252 251 12 12
252 242 12 12
252 240 12 12
252 246 12 12
253 250 12 12
253 249 12 12
253 248 12 12
253 246 12 12
254 242 12 12
254 246 12 12
254 243 12 12
254 253 12 12
255 241 12 12
255 247 12 12
255 245 12 12
255 249 12 12
256 251 12 12
256 240 12 12
256 248 12 12
256 249 12 12
257 244 12 12
257 253 12 12
257 247 12 12
257 249 12 12
258 253 12 12
258 250 12 12
258 255 12 12
258 245 12 12
259 258 12 12
259 250 12 12
259 251 12 12
259 255 12 12
240 259 12 12
240 258 12 12
240 253 12 12
240 254 12 12
241 258 12 12
241 257 12 12
241 250 12 12
241 259 12 12
242 246 12 12
242 257 12 12
242 256 12 12
242 250 12 12
243 256 12 12
243 250 12 12
243 249 12 12
243 248 12 12
264 263 13 13
264 260 13 13
264 262 13 13
264 261 13 13
265 264 13 13
265 260 13 13
265 262 13 13
265 263 13 13
266 262 13 13
266 261 13 13
266 260 13 13
266 265 13 13
267 263 13 13
267 265 13 13
267 264 13 13
267 262 13 13
268 266 13 13
268 262 13 13
268 267 13 13
268 260 13 13
269 264 13 13
269 260 13 13
269 266 13 13
269 265 13 13
270 262 13 13
270 268 13 13
270 269 13 13
270 266 13 13
271 265 13 13
271 264 13 13
271 261 13 13
271 270 13 13
272 262 13 13
272 271 13 13
272 269 13 13
272 265 13 13
273 272 13 13
273 269 13 13
273 266 13 13
273 267 13 13
274 260 13 13
274 273 13 13
274 271 13 13
274 265 13 13
275 263 13 13
275 260 13 13
275 267 13 13
275 264 13 13
276 265 13 13
276 264 13 13
276 261 13 13
276 263 13 13
277 274 13 13
277 260 13 13
277 269 13 13
277 261 13 13
278 265 13 13
278 277 13 13
278 275 13 13
278 266 13 13
279 275 13 13
279 260 13 13
279 264 13 13
279 262 13 13
260 276 13 13
260 271 13 13
260 273 13 13
260 267 13 13
261 269 13 13
261 265 13 13
261 272 13 13
261 267 13 13
262 278 13 13
262 271 13 13
262 277 13 13
262 275 13 13
263 273 13 13
263 268 13 13
263 279 13 13
263 271 13 13
284 280 14 14
284 281 14 14
284 282 14 14
284 283 14 14
285 281 14 14
285 280 14 14
285 284 14 14
285 283 14 14
286 280 14 14
286 283 14 14
286 285 14 14
286 281 14 14
287 283 14 14
287 282 14 14
287 284 14 14
287 286 14 14
288 283 14 14
288 280 14 14
288 287 14 14
288 281 14 14
289 286 14 14
289 282 14 14
289 285 14 14
289 284 14 14
290 280 14 14
290 289 14 14
290 287 14 14
290 288 14 14
291 284 14 14
291 285 14 14
291 289 14 14
291 290 14 14
292 283 14 14
292 291 14 14
292 282 14 14
292 284 14 14
293 285 14 14
293 282 14 14
293 286 14 14
293 281 14 14
294 283 14 14
294 284 14 14
294 285 14 14
294 289 14 14
295 284 14 14
295 290 14 14
295 283 14 14
295 294 14 14
296 294 14 14
296 287 14 14
296 292 14 14
296 289 14 14
297 292 14 14
297 285 14 14
297 290 14 14
297 293 14 14
298 290 14 14
298 284 14 14
298 286 14 14
298 288 14 14
299 285 14 14
299 297 14 14
299 289 14 14
299 286 14 14
280 299 14 14
280 287 14 14
280 292 14 14
280 295 14 14
281 299 14 14
281 291 14 14
281 296 14 14
281 287 14 14
282 294 14 14
282 296 14 14
282 299 14 14
282 290 14 14
283 293 14 14
283 290 14 14
283 296 14 14
283 299 14 14
304 301 15 15
304 302 15 15
304 300 15 15
304 303 15 15
305 302 15 15
305 303 15 15
305 304 15 15
305 301 15 15
306 303 15 15
306 301 15 15
306 302 15 15
306 300 15 15
307 305 15 15
307 304 15 15
307 300 15 15
307 302 15 15
308 301 15 15
308 302 15 15
308 300 15 15
308 306 15 15
309 301 15 15
309 302 15 15
309 306 15 15
309 300 15 15
310 304 15 15
310 300 15 15
310 303 15 15
310 302 15 15
311 304 15 15
311 307 15 15
311 300 15 15
311 305 15 15
312 307 15 15
312 311 15 15
312 304 15 15
312 310 15 15
313 309 15 15
313 302 15 15
313 310 15 15
313 311 15 15
314 311 15 15
314 303 15 15
314 312 15 15
314 313 15 15
315 309 15 15
315 313 15 15
315 302 15 15
315 301 15 15
316 307 15 15
316 313 15 15
316 305 15 15
316 302 15 15
317 313 15 15
317 311 15 15
317 309 15 15
317 314 15 15
318 304 15 15
318 301 15 15
318 310 15 15
318 312 15 15
319 314 15 15
319 318 15 15
319 304 15 15
319 300 15 15
300 317 15 15
300 318 15 15
300 313 15 15
300 305 15 15
301 314 15 15
301 311 15 15
301 312 15 15
301 310 15 15
302 319 15 15
302 314 15 15
302 317 15 15
302 318 15 15
303 317 15 15
303 318 15 15
303 319 15 15
303 309 15 15
81 25 4 1
88 53 4 2
87 11 4 0
99 77 4 3
108 4 5 0
111 20 5 1
111 41 5 2
107 86 5 4
124 52 6 2
121 17 6 0
139 88 6 4
133 67 6 3
149 76 7 3
144 20 7 1
158 137 7 6
156 104 7 5
177 84 8 4
165 109 8 5
168 136 8 6
161 27 8 1
194 41 9 2
191 121 9 6
195 35 9 1
185 67 9 3
214 43 10 2
213 117 10 5
203 81 10 4
205 1 10 0
236 62 11 3
234 127 11 6
232 155 11 7
221 116 11 5
241 180 12 9
258 203 12 10
249 49 12 2
254 2 12 0
263 91 13 4
267 163 13 8
270 258 13 12
275 11 13 0
282 240 14 12
297 123 14 6
284 178 14 8
298 116 14 5
307 89 15 4
306 52 15 2
300 60 15 3
309 3 15 0
15 284 0 14
9 144 0 7
10 169 0 8
19 190 0 9
22 212 1 10
24 313 1 15
27 265 1 13
38 280 1 14
59 267 2 13
48 141 2 7
51 167 2 8
48 296 2 14
71 297 3 14
62 217 3 10
71 268 3 13
66 101 3 5
