swNum = 320
edgeNum = 1343

0 0
1 0
2 0
3 0
4 0
5 0
6 0
7 0
8 0
9 0
10 0
11 0
12 0
13 0
14 0
15 0
16 0
17 0
18 0
19 0
20 1
21 1
22 1
23 1
24 1
25 1
26 1
27 1
28 1
29 1
30 1
31 1
32 1
33 1
34 1
35 1
36 1
37 1
38 1
39 1
40 2
41 2
42 2
43 2
44 2
45 2
46 2
47 2
48 2
49 2
50 2
51 2
52 2
53 2
54 2
55 2
56 2
57 2
58 2
59 2
60 3
61 3
62 3
63 3
64 3
65 3
66 3
67 3
68 3
69 3
70 3
71 3
72 3
73 3
74 3
75 3
76 3
77 3
78 3
79 3
80 4
81 4
82 4
83 4
84 4
85 4
86 4
87 4
88 4
89 4
90 4
91 4
92 4
93 4
94 4
95 4
96 4
97 4
98 4
99 4
100 5
101 5
102 5
103 5
104 5
105 5
106 5
107 5
108 5
109 5
110 5
111 5
112 5
113 5
114 5
115 5
116 5
117 5
118 5
119 5
120 6
121 6
122 6
123 6
124 6
125 6
126 6
127 6
128 6
129 6
130 6
131 6
132 6
133 6
134 6
135 6
136 6
137 6
138 6
139 6
140 7
141 7
142 7
143 7
144 7
145 7
146 7
147 7
148 7
149 7
150 7
151 7
152 7
153 7
154 7
155 7
156 7
157 7
158 7
159 7
160 8
161 8
162 8
163 8
164 8
165 8
166 8
167 8
168 8
169 8
170 8
171 8
172 8
173 8
174 8
175 8
176 8
177 8
178 8
179 8
180 9
181 9
182 9
183 9
184 9
185 9
186 9
187 9
188 9
189 9
190 9
191 9
192 9
193 9
194 9
195 9
196 9
197 9
198 9
199 9
200 10
201 10
202 10
203 10
204 10
205 10
206 10
207 10
208 10
209 10
210 10
211 10
212 10
213 10
214 10
215 10
216 10
217 10
218 10
219 10
220 11
221 11
222 11
223 11
224 11
225 11
226 11
227 11
228 11
229 11
230 11
231 11
232 11
233 11
234 11
235 11
236 11
237 11
238 11
239 11
240 12
241 12
242 12
243 12
244 12
245 12
246 12
247 12
248 12
249 12
250 12
251 12
252 12
253 12
254 12
255 12
256 12
257 12
258 12
259 12
260 13
261 13
262 13
263 13
264 13
265 13
266 13
267 13
268 13
269 13
270 13
271 13
272 13
273 13
274 13
275 13
276 13
277 13
278 13
279 13
280 14
281 14
282 14
283 14
284 14
285 14
286 14
287 14
288 14
289 14
290 14
291 14
292 14
293 14
294 14
295 14
296 14
297 14
298 14
299 14
300 15
301 15
302 15
303 15
304 15
305 15
306 15
307 15
308 15
309 15
310 15
311 15
312 15
313 15
314 15
315 15
316 15
317 15
318 15
319 15

4 2 0 0
4 1 0 0
4 3 0 0
4 0 0 0
5 1 0 0
5 4 0 0
5 2 0 0
5 3 0 0
6 5 0 0
6 1 0 0
6 4 0 0
6 0 0 0
7 3 0 0
7 2 0 0
7 1 0 0
7 5 0 0
8 2 0 0
8 4 0 0
8 3 0 0
8 1 0 0
9 8 0 0
9 7 0 0
9 3 0 0
9 4 0 0
10 8 0 0
10 4 0 0
10 1 0 0
10 5 0 0
11 7 0 0
11 3 0 0
11 2 0 0
11 0 0 0
12 3 0 0
12 10 0 0
12 1 0 0
12 9 0 0
13 10 0 0
13 11 0 0
13 7 0 0
13 4 0 0
14 6 0 0
14 13 0 0
14 0 0 0
14 4 0 0
15 9 0 0
15 8 0 0
15 7 0 0
15 13 0 0
16 11 0 0
16 7 0 0
16 10 0 0
16 6 0 0
17 5 0 0
17 12 0 0
17 11 0 0
17 9 0 0
18 4 0 0
18 17 0 0
18 12 0 0
18 14 0 0
19 14 0 0
19 1 0 0
19 17 0 0
19 12 0 0
0 12 0 0
0 13 0 0
0 9 0 0
0 8 0 0
1 9 0 0
1 13 0 0
1 18 0 0
1 15 0 0
2 18 0 0
2 9 0 0
2 13 0 0
2 14 0 0
3 19 0 0
3 6 0 0
3 17 0 0
3 14 0 0
24 23 1 1
24 21 1 1
24 22 1 1
24 20 1 1
25 22 1 1
25 20 1 1
25 23 1 1
25 21 1 1
26 21 1 1
26 23 1 1
26 24 1 1
26 25 1 1
27 23 1 1
27 25 1 1
27 26 1 1
27 24 1 1
28 26 1 1
28 27 1 1
28 22 1 1
28 24 1 1
29 25 1 1
29 20 1 1
29 27 1 1
29 22 1 1
30 24 1 1
30 28 1 1
30 22 1 1
30 20 1 1
31 30 1 1
31 28 1 1
31 21 1 1
31 24 1 1
32 21 1 1
32 25 1 1
32 20 1 1
32 22 1 1
33 24 1 1
33 20 1 1
33 21 1 1
33 27 1 1
34 26 1 1
34 28 1 1
34 27 1 1
34 22 1 1
35 26 1 1
35 28 1 1
35 33 1 1
35 23 1 1
36 33 1 1
36 32 1 1
36 22 1 1
36 26 1 1
37 33 1 1
37 20 1 1
37 23 1 1
37 30 1 1
38 21 1 1
38 22 1 1
38 31 1 1
38 28 1 1
39 30 1 1
39 36 1 1
39 27 1 1
39 33 1 1
20 35 1 1
20 39 1 1
20 38 1 1
20 36 1 1
21 39 1 1
21 35 1 1
21 34 1 1
21 27 1 1
22 33 1 1
22 27 1 1
22 37 1 1
22 39 1 1
23 33 1 1
23 31 1 1
23 36 1 1
23 38 1 1
44 42 2 2
44 40 2 2
44 43 2 2
44 41 2 2
45 41 2 2
45 40 2 2
45 43 2 2
45 42 2 2
46 45 2 2
46 41 2 2
46 43 2 2
46 40 2 2
47 40 2 2
47 43 2 2
47 41 2 2
47 42 2 2
48 43 2 2
48 42 2 2
48 44 2 2
48 40 2 2
49 42 2 2
49 48 2 2
49 44 2 2
49 43 2 2
50 42 2 2
50 43 2 2
50 40 2 2
50 49 2 2
51 42 2 2
51 49 2 2
51 48 2 2
51 40 2 2
52 41 2 2
52 42 2 2
52 45 2 2
52 47 2 2
53 50 2 2
53 47 2 2
53 43 2 2
53 52 2 2
54 53 2 2
54 52 2 2
54 40 2 2
54 48 2 2
55 41 2 2
55 45 2 2
55 52 2 2
55 54 2 2
56 42 2 2
56 50 2 2
56 49 2 2
56 43 2 2
57 47 2 2
57 51 2 2
57 44 2 2
57 48 2 2
58 46 2 2
58 47 2 2
58 40 2 2
58 54 2 2
59 47 2 2
59 50 2 2
59 44 2 2
59 57 2 2
40 56 2 2
40 49 2 2
40 57 2 2
40 55 2 2
41 54 2 2
41 56 2 2
41 50 2 2
41 53 2 2
42 53 2 2
42 55 2 2
42 46 2 2
42 59 2 2
43 57 2 2
43 51 2 2
43 55 2 2
43 59 2 2
64 62 3 3
64 63 3 3
64 60 3 3
64 61 3 3
65 63 3 3
65 60 3 3
65 61 3 3
65 62 3 3
66 61 3 3
66 64 3 3
66 63 3 3
66 62 3 3
67 63 3 3
67 60 3 3
67 64 3 3
67 65 3 3
68 61 3 3
68 64 3 3
68 62 3 3
68 60 3 3
69 66 3 3
69 67 3 3
69 68 3 3
69 63 3 3
70 64 3 3
70 66 3 3
70 61 3 3
70 62 3 3
71 69 3 3
71 62 3 3
71 63 3 3
71 70 3 3
72 65 3 3
72 62 3 3
72 70 3 3
72 68 3 3
73 64 3 3
73 72 3 3
73 61 3 3
73 67 3 3
74 63 3 3
74 68 3 3
74 69 3 3
74 73 3 3
75 64 3 3
75 63 3 3
75 66 3 3
75 60 3 3
76 75 3 3
76 63 3 3
76 69 3 3
76 66 3 3
77 75 3 3
77 69 3 3
77 73 3 3
77 68 3 3
78 74 3 3
78 77 3 3
78 76 3 3
78 60 3 3
79 61 3 3
79 65 3 3
79 72 3 3
79 60 3 3
60 76 3 3
60 74 3 3
60 73 3 3
60 66 3 3
61 67 3 3
61 72 3 3
61 78 3 3
61 75 3 3
62 73 3 3
62 76 3 3
62 77 3 3
62 74 3 3
63 68 3 3
63 77 3 3
63 78 3 3
63 73 3 3
84 81 4 4
84 80 4 4
84 82 4 4
84 83 4 4
85 80 4 4
85 83 4 4
85 81 4 4
85 84 4 4
86 81 4 4
86 80 4 4
86 83 4 4
86 85 4 4
87 80 4 4
87 82 4 4
87 81 4 4
87 83 4 4
88 81 4 4
88 86 4 4
88 87 4 4
88 85 4 4
89 83 4 4
89 86 4 4
89 84 4 4
89 80 4 4
90 82 4 4
90 84 4 4
90 87 4 4
90 80 4 4
91 89 4 4
91 80 4 4
91 81 4 4
91 82 4 4
92 86 4 4
92 83 4 4
92 85 4 4
92 80 4 4
93 86 4 4
93 89 4 4
93 84 4 4
93 92 4 4
94 88 4 4
94 93 4 4
94 87 4 4
94 90 4 4
95 86 4 4
95 88 4 4
95 91 4 4
95 85 4 4
96 90 4 4
96 93 4 4
96 80 4 4
96 94 4 4
97 93 4 4
97 83 4 4
97 88 4 4
97 92 4 4
98 80 4 4
98 85 4 4
98 82 4 4
98 87 4 4
99 96 4 4
99 92 4 4
99 83 4 4
99 93 4 4
80 97 4 4
80 99 4 4
80 93 4 4
80 95 4 4
81 97 4 4
81 92 4 4
81 95 4 4
81 90 4 4
82 94 4 4
82 93 4 4
82 89 4 4
82 86 4 4
83 90 4 4
83 96 4 4
83 88 4 4
83 93 4 4
104 101 5 5
104 102 5 5
104 100 5 5
104 103 5 5
105 100 5 5
105 101 5 5
105 102 5 5
105 104 5 5
106 105 5 5
106 101 5 5
106 103 5 5
106 104 5 5
107 105 5 5
107 106 5 5
107 104 5 5
107 102 5 5
108 102 5 5
108 101 5 5
108 104 5 5
108 103 5 5
109 103 5 5
109 108 5 5
109 101 5 5
109 106 5 5
110 107 5 5
110 104 5 5
110 101 5 5
110 106 5 5
111 103 5 5
111 106 5 5
111 104 5 5
111 109 5 5
112 107 5 5
112 104 5 5
112 102 5 5
112 100 5 5
113 103 5 5
113 112 5 5
113 111 5 5
113 107 5 5
114 102 5 5
114 101 5 5
114 110 5 5
114 105 5 5
115 114 5 5
115 110 5 5
115 111 5 5
115 103 5 5
116 105 5 5
116 110 5 5
116 114 5 5
116 104 5 5
117 111 5 5
117 109 5 5
117 102 5 5
117 106 5 5
118 103 5 5
118 112 5 5
118 107 5 5
118 111 5 5
119 108 5 5
119 111 5 5
119 112 5 5
119 102 5 5
100 117 5 5
100 109 5 5
100 118 5 5
100 113 5 5
101 111 5 5
101 116 5 5
101 112 5 5
101 115 5 5
102 111 5 5
102 106 5 5
102 116 5 5
102 109 5 5
103 112 5 5
103 119 5 5
103 116 5 5
103 117 5 5
124 122 6 6
124 123 6 6
124 120 6 6
124 121 6 6
125 120 6 6
125 124 6 6
125 122 6 6
125 121 6 6
126 125 6 6
126 122 6 6
126 121 6 6
126 120 6 6
127 126 6 6
127 125 6 6
127 123 6 6
127 122 6 6
128 127 6 6
128 124 6 6
128 125 6 6
128 121 6 6
129 121 6 6
129 122 6 6
129 125 6 6
129 120 6 6
130 123 6 6
130 127 6 6
130 122 6 6
130 120 6 6
131 124 6 6
131 123 6 6
131 121 6 6
131 126 6 6
132 120 6 6
132 131 6 6
132 121 6 6
132 127 6 6
133 129 6 6
133 125 6 6
133 127 6 6
133 130 6 6
134 128 6 6
134 131 6 6
134 130 6 6
134 124 6 6
135 134 6 6
135 122 6 6
135 120 6 6
135 129 6 6
136 131 6 6
136 120 6 6
136 130 6 6
136 123 6 6
137 128 6 6
137 121 6 6
137 133 6 6
137 135 6 6
138 125 6 6
138 130 6 6
138 128 6 6
138 124 6 6
139 137 6 6
139 134 6 6
139 138 6 6
139 126 6 6
120 138 6 6
120 137 6 6
120 128 6 6
120 133 6 6
121 138 6 6
121 133 6 6
121 134 6 6
121 130 6 6
122 133 6 6
122 136 6 6
122 132 6 6
122 137 6 6
123 132 6 6
123 134 6 6
123 128 6 6
123 137 6 6
144 140 7 7
144 142 7 7
144 141 7 7
144 143 7 7
145 144 7 7
145 141 7 7
145 143 7 7
145 142 7 7
146 145 7 7
146 140 7 7
146 144 7 7
146 141 7 7
147 146 7 7
147 140 7 7
147 145 7 7
147 144 7 7
148 140 7 7
148 146 7 7
148 147 7 7
148 145 7 7
149 140 7 7
149 142 7 7
149 141 7 7
149 144 7 7
150 142 7 7
150 146 7 7
150 149 7 7
150 145 7 7
151 146 7 7
151 147 7 7
151 148 7 7
151 150 7 7
152 146 7 7
152 144 7 7
152 145 7 7
152 140 7 7
153 146 7 7
153 147 7 7
153 151 7 7
153 148 7 7
154 144 7 7
154 143 7 7
154 153 7 7
154 147 7 7
155 150 7 7
155 147 7 7
155 141 7 7
155 151 7 7
156 150 7 7
156 143 7 7
156 141 7 7
156 151 7 7
157 143 7 7
157 149 7 7
157 154 7 7
157 144 7 7
158 153 7 7
158 148 7 7
158 151 7 7
158 152 7 7
159 147 7 7
159 146 7 7
159 142 7 7
159 149 7 7
140 154 7 7
140 153 7 7
140 159 7 7
140 156 7 7
141 152 7 7
141 147 7 7
141 150 7 7
141 151 7 7
142 158 7 7
142 156 7 7
142 155 7 7
142 146 7 7
143 155 7 7
143 146 7 7
143 159 7 7
143 148 7 7
164 160 8 8
164 163 8 8
164 161 8 8
164 162 8 8
165 163 8 8
165 160 8 8
165 161 8 8
165 164 8 8
166 162 8 8
166 164 8 8
166 163 8 8
166 161 8 8
167 160 8 8
167 161 8 8
167 164 8 8
167 166 8 8
168 165 8 8
168 164 8 8
168 161 8 8
168 167 8 8
169 168 8 8
169 167 8 8
169 161 8 8
169 165 8 8
170 164 8 8
170 160 8 8
170 161 8 8
170 163 8 8
171 164 8 8
171 170 8 8
171 162 8 8
171 160 8 8
172 168 8 8
172 169 8 8
172 165 8 8
172 167 8 8
173 170 8 8
173 165 8 8
173 166 8 8
173 163 8 8
174 173 8 8
174 171 8 8
174 170 8 8
174 162 8 8
175 173 8 8
175 166 8 8
175 168 8 8
175 167 8 8
176 171 8 8
176 164 8 8
176 172 8 8
176 165 8 8
177 165 8 8
177 176 8 8
177 169 8 8
177 168 8 8
178 171 8 8
178 172 8 8
178 168 8 8
178 177 8 8
179 167 8 8
179 164 8 8
179 175 8 8
179 173 8 8
160 174 8 8
160 179 8 8
160 172 8 8
160 168 8 8
161 171 8 8
161 175 8 8
161 178 8 8
161 172 8 8
162 172 8 8
162 167 8 8
162 169 8 8
162 170 8 8
163 174 8 8
163 167 8 8
163 179 8 8
163 176 8 8
184 180 9 9
184 183 9 9
184 181 9 9
184 182 9 9
185 183 9 9
185 181 9 9
185 184 9 9
185 180 9 9
186 184 9 9
186 181 9 9
186 185 9 9
186 183 9 9
187 185 9 9
187 186 9 9
187 180 9 9
187 183 9 9
188 185 9 9
188 184 9 9
188 181 9 9
188 182 9 9
189 180 9 9
189 181 9 9
189 182 9 9
189 185 9 9
190 189 9 9
190 182 9 9
190 187 9 9
190 184 9 9
191 181 9 9
191 186 9 9
191 180 9 9
191 185 9 9
192 190 9 9
192 185 9 9
192 188 9 9
192 184 9 9
193 186 9 9
193 183 9 9
193 182 9 9
193 188 9 9
194 181 9 9
194 185 9 9
194 186 9 9
194 180 9 9
195 190 9 9
195 194 9 9
195 185 9 9
195 183 9 9
196 182 9 9
196 183 9 9
196 190 9 9
196 181 9 9
197 182 9 9
197 189 9 9
197 184 9 9
197 190 9 9
198 186 9 9
198 197 9 9
198 189 9 9
198 195 9 9
199 182 9 9
199 186 9 9
199 193 9 9
199 195 9 9
180 188 9 9
180 197 9 9
180 199 9 9
180 190 9 9
181 187 9 9
181 197 9 9
181 192 9 9
181 193 9 9
182 191 9 9
182 185 9 9
182 194 9 9
182 186 9 9
183 194 9 9
183 197 9 9
183 191 9 9
183 199 9 9
204 203 10 10
204 201 10 10
204 200 10 10
204 202 10 10
205 200 10 10
205 202 10 10
205 201 10 10
205 204 10 10
206 205 10 10
206 203 10 10
206 200 10 10
206 204 10 10
207 204 10 10
207 201 10 10
207 206 10 10
207 203 10 10
208 202 10 10
208 200 10 10
208 207 10 10
208 203 10 10
209 205 10 10
209 202 10 10
209 201 10 10
209 203 10 10
210 204 10 10
210 201 10 10
210 203 10 10
210 208 10 10
211 209 10 10
211 200 10 10
211 208 10 10
211 210 10 10
212 204 10 10
212 210 10 10
212 201 10 10
212 203 10 10
213 209 10 10
213 200 10 10
213 202 10 10
213 204 10 10
214 203 10 10
214 209 10 10
214 205 10 10
214 211 10 10
215 211 10 10
215 213 10 10
215 208 10 10
215 202 10 10
216 200 10 10
216 206 10 10
216 203 10 10
216 213 10 10
217 201 10 10
217 204 10 10
217 216 10 10
217 203 10 10
218 206 10 10
218 205 10 10
218 214 10 10
218 209 10 10
219 212 10 10
219 203 10 10
219 208 10 10
219 204 10 10
200 215 10 10
200 218 10 10
200 209 10 10
200 217 10 10
201 216 10 10
201 219 10 10
201 218 10 10
201 211 10 10
202 216 10 10
202 214 10 10
202 218 10 10
202 211 10 10
203 211 10 10
203 205 10 10
203 218 10 10
203 213 10 10
224 221 11 11
224 222 11 11
224 220 11 11
224 223 11 11
225 220 11 11
225 223 11 11
225 224 11 11
225 221 11 11
226 225 11 11
226 224 11 11
226 223 11 11
226 220 11 11
227 226 11 11
227 223 11 11
227 225 11 11
227 224 11 11
228 220 11 11
228 222 11 11
228 221 11 11
228 227 11 11
229 220 11 11
229 226 11 11
229 227 11 11
229 225 11 11
230 221 11 11
230 220 11 11
230 228 11 11
230 224 11 11
231 221 11 11
231 226 11 11
231 225 11 11
231 223 11 11
232 224 11 11
232 227 11 11
232 229 11 11
232 225 11 11
233 232 11 11
233 225 11 11
233 223 11 11
233 230 11 11
234 226 11 11
234 223 11 11
234 227 11 11
234 231 11 11
235 234 11 11
235 222 11 11
235 221 11 11
235 232 11 11
236 232 11 11
236 221 11 11
236 222 11 11
236 234 11 11
237 221 11 11
237 232 11 11
237 229 11 11
237 224 11 11
238 236 11 11
238 228 11 11
238 229 11 11
238 232 11 11
239 221 11 11
239 232 11 11
239 238 11 11
239 227 11 11
220 238 11 11
220 239 11 11
220 227 11 11
220 237 11 11
221 238 11 11
221 226 11 11
221 234 11 11
221 229 11 11
222 238 11 11
222 233 11 11
222 230 11 11
222 239 11 11
223 230 11 11
223 238 11 11
223 229 11 11
223 228 11 11
244 240 12 12
244 241 12 12
244 242 12 12
244 243 12 12
245 244 12 12
245 242 12 12
245 241 12 12
245 240 12 12
246 241 12 12
246 243 12 12
246 240 12 12
246 244 12 12
247 241 12 12
247 244 12 12
247 245 12 12
247 240 12 12
248 242 12 12
248 247 12 12
248 244 12 12
248 245 12 12
249 240 12 12
249 246 12 12
249 247 12 12
249 241 12 12
250 241 12 12
250 246 12 12
250 243 12 12
250 242 12 12
251 247 12 12
251 244 12 12
251 242 12 12
251 246 12 12
252 240 12 12
252 242 12 12
252 250 12 12
252 245 12 12
253 249 12 12
253 251 12 12
253 244 12 12
253 248 12 12
254 245 12 12
254 253 12 12
254 248 12 12
254 246 12 12
255 252 12 12
255 246 12 12
255 241 12 12
255 251 12 12
256 249 12 12
256 251 12 12
256 245 12 12
256 255 12 12
257 253 12 12
257 248 12 12
257 243 12 12
257 250 12 12
258 257 12 12
258 246 12 12
258 253 12 12
258 255 12 12
259 258 12 12
259 253 12 12
259 250 12 12
259 248 12 12
240 254 12 12
240 248 12 12
240 257 12 12
240 255 12 12
241 254 12 12
241 253 12 12
241 248 12 12
241 258 12 12
242 249 12 12
242 255 12 12
242 247 12 12
242 257 12 12
243 253 12 12
243 251 12 12
243 256 12 12
243 258 12 12
264 262 13 13
264 260 13 13
264 261 13 13
264 263 13 13
265 262 13 13
265 264 13 13
265 261 13 13
265 263 13 13
266 263 13 13
266 261 13 13
266 264 13 13
266 265 13 13
267 266 13 13
267 262 13 13
267 264 13 13
267 261 13 13
268 261 13 13
268 263 13 13
268 264 13 13
268 266 13 13
269 263 13 13
269 262 13 13
269 267 13 13
269 265 13 13
270 264 13 13
270 267 13 13
270 263 13 13
270 262 13 13
271 264 13 13
271 267 13 13
271 261 13 13
271 260 13 13
272 264 13 13
272 266 13 13
272 261 13 13
272 271 13 13
273 266 13 13
273 268 13 13
273 264 13 13
273 261 13 13
274 261 13 13
274 272 13 13
274 266 13 13
274 263 13 13
275 262 13 13
275 271 13 13
275 272 13 13
275 264 13 13
276 270 13 13
276 263 13 13
276 266 13 13
276 264 13 13
277 274 13 13
277 268 13 13
277 270 13 13
277 275 13 13
278 277 13 13
278 273 13 13
278 271 13 13
278 260 13 13
279 276 13 13
279 265 13 13
279 263 13 13
279 275 13 13
260 279 13 13
260 267 13 13
260 275 13 13
260 272 13 13
261 275 13 13
261 278 13 13
261 276 13 13
261 279 13 13
262 271 13 13
262 277 13 13
262 278 13 13
262 268 13 13
263 277 13 13
263 273 13 13
263 278 13 13
263 271 13 13
284 282 14 14
284 283 14 14
284 280 14 14
284 281 14 14
285 281 14 14
285 280 14 14
285 282 14 14
285 283 14 14
286 283 14 14
286 281 14 14
286 280 14 14
286 285 14 14
287 285 14 14
287 281 14 14
287 282 14 14
287 283 14 14
288 287 14 14
288 286 14 14
288 280 14 14
288 281 14 14
289 285 14 14
289 280 14 14
289 286 14 14
289 288 14 14
290 282 14 14
290 286 14 14
290 284 14 14
290 283 14 14
291 284 14 14
291 290 14 14
291 288 14 14
291 282 14 14
292 281 14 14
292 280 14 14
292 286 14 14
292 288 14 14
293 283 14 14
293 284 14 14
293 288 14 14
293 291 14 14
294 286 14 14
294 283 14 14
294 284 14 14
294 280 14 14
295 281 14 14
295 294 14 14
295 289 14 14
295 280 14 14
296 294 14 14
296 280 14 14
296 288 14 14
296 284 14 14
297 281 14 14
297 296 14 14
297 295 14 14
297 294 14 14
298 294 14 14
298 297 14 14
298 280 14 14
298 286 14 14
299 292 14 14
299 298 14 14
299 283 14 14
299 294 14 14
280 287 14 14
280 299 14 14
280 290 14 14
280 291 14 14
281 289 14 14
281 291 14 14
281 293 14 14
281 294 14 14
282 296 14 14
282 293 14 14
282 298 14 14
282 289 14 14
283 289 14 14
283 288 14 14
283 296 14 14
283 298 14 14
304 301 15 15
304 302 15 15
304 303 15 15
304 300 15 15
305 300 15 15
305 303 15 15
305 304 15 15
305 301 15 15
306 301 15 15
306 304 15 15
306 302 15 15
306 305 15 15
307 305 15 15
307 303 15 15
307 302 15 15
307 300 15 15
308 304 15 15
308 303 15 15
308 300 15 15
308 302 15 15
309 304 15 15
309 300 15 15
309 303 15 15
309 306 15 15
310 303 15 15
310 306 15 15
310 309 15 15
310 300 15 15
311 305 15 15
311 306 15 15
311 309 15 15
311 303 15 15
312 308 15 15
312 303 15 15
312 310 15 15
312 309 15 15
313 303 15 15
313 310 15 15
313 302 15 15
313 306 15 15
314 310 15 15
314 311 15 15
314 306 15 15
314 312 15 15
315 308 15 15
315 314 15 15
315 313 15 15
315 301 15 15
316 304 15 15
316 307 15 15
316 311 15 15
316 301 15 15
317 301 15 15
317 311 15 15
317 309 15 15
317 314 15 15
318 306 15 15
318 311 15 15
318 307 15 15
318 314 15 15
319 309 15 15
319 317 15 15
319 314 15 15
319 306 15 15
300 318 15 15
300 312 15 15
300 317 15 15
300 313 15 15
301 318 15 15
301 314 15 15
301 309 15 15
301 308 15 15
302 316 15 15
302 319 15 15
302 317 15 15
302 312 15 15
303 306 15 15
303 319 15 15
303 314 15 15
303 315 15 15
96 32 4 1
91 69 4 3
96 18 4 0
92 58 4 2
114 96 5 4
108 66 5 3
115 35 5 1
111 4 5 0
139 68 6 3
138 34 6 1
124 86 6 4
138 59 6 2
151 105 7 5
151 63 7 3
151 38 7 1
146 122 7 6
168 64 8 3
163 130 8 6
178 144 8 7
162 20 8 1
180 117 9 5
186 143 9 7
192 174 9 8
195 71 9 3
204 33 10 1
211 9 10 0
212 196 10 9
210 150 10 7
223 152 11 7
233 25 11 1
224 183 11 9
228 111 11 5
253 94 12 4
247 51 12 2
245 17 12 0
245 102 12 5
269 74 13 3
279 55 13 2
263 25 13 1
277 13 13 0
284 278 14 13
284 136 14 6
299 223 14 11
296 65 14 3
317 195 15 9
312 223 15 11
300 74 15 3
310 8 15 0
3 196 0 9
0 137 0 6
19 289 0 14
3 175 0 8
22 244 1 12
25 281 1 14
33 196 1 9
31 303 1 15
40 311 2 15
51 185 2 9
46 201 2 10
43 223 2 11
65 252 3 12
67 224 3 11
62 202 3 10
