swNum = 320
edgeNum = 1343

0 0
1 0
2 0
3 0
4 0
5 0
6 0
7 0
8 0
9 0
10 0
11 0
12 0
13 0
14 0
15 0
16 0
17 0
18 0
19 0
20 1
21 1
22 1
23 1
24 1
25 1
26 1
27 1
28 1
29 1
30 1
31 1
32 1
33 1
34 1
35 1
36 1
37 1
38 1
39 1
40 2
41 2
42 2
43 2
44 2
45 2
46 2
47 2
48 2
49 2
50 2
51 2
52 2
53 2
54 2
55 2
56 2
57 2
58 2
59 2
60 3
61 3
62 3
63 3
64 3
65 3
66 3
67 3
68 3
69 3
70 3
71 3
72 3
73 3
74 3
75 3
76 3
77 3
78 3
79 3
80 4
81 4
82 4
83 4
84 4
85 4
86 4
87 4
88 4
89 4
90 4
91 4
92 4
93 4
94 4
95 4
96 4
97 4
98 4
99 4
100 5
101 5
102 5
103 5
104 5
105 5
106 5
107 5
108 5
109 5
110 5
111 5
112 5
113 5
114 5
115 5
116 5
117 5
118 5
119 5
120 6
121 6
122 6
123 6
124 6
125 6
126 6
127 6
128 6
129 6
130 6
131 6
132 6
133 6
134 6
135 6
136 6
137 6
138 6
139 6
140 7
141 7
142 7
143 7
144 7
145 7
146 7
147 7
148 7
149 7
150 7
151 7
152 7
153 7
154 7
155 7
156 7
157 7
158 7
159 7
160 8
161 8
162 8
163 8
164 8
165 8
166 8
167 8
168 8
169 8
170 8
171 8
172 8
173 8
174 8
175 8
176 8
177 8
178 8
179 8
180 9
181 9
182 9
183 9
184 9
185 9
186 9
187 9
188 9
189 9
190 9
191 9
192 9
193 9
194 9
195 9
196 9
197 9
198 9
199 9
200 10
201 10
202 10
203 10
204 10
205 10
206 10
207 10
208 10
209 10
210 10
211 10
212 10
213 10
214 10
215 10
216 10
217 10
218 10
219 10
220 11
221 11
222 11
223 11
224 11
225 11
226 11
227 11
228 11
229 11
230 11
231 11
232 11
233 11
234 11
235 11
236 11
237 11
238 11
239 11
240 12
241 12
242 12
243 12
244 12
245 12
246 12
247 12
248 12
249 12
250 12
251 12
252 12
253 12
254 12
255 12
256 12
257 12
258 12
259 12
260 13
261 13
262 13
263 13
264 13
265 13
266 13
267 13
268 13
269 13
270 13
271 13
272 13
273 13
274 13
275 13
276 13
277 13
278 13
279 13
280 14
281 14
282 14
283 14
284 14
285 14
286 14
287 14
288 14
289 14
290 14
291 14
292 14
293 14
294 14
295 14
296 14
297 14
298 14
299 14
300 15
301 15
302 15
303 15
304 15
305 15
306 15
307 15
308 15
309 15
310 15
311 15
312 15
313 15
314 15
315 15
316 15
317 15
318 15
319 15

4 0 0 0
4 2 0 0
4 1 0 0
4 3 0 0
5 3 0 0
5 4 0 0
5 1 0 0
5 2 0 0
6 0 0 0
6 4 0 0
6 1 0 0
6 3 0 0
7 2 0 0
7 4 0 0
7 3 0 0
7 6 0 0
8 5 0 0
8 1 0 0
8 6 0 0
8 3 0 0
9 2 0 0
9 1 0 0
9 4 0 0
9 0 0 0
10 1 0 0
10 9 0 0
10 8 0 0
10 5 0 0
11 6 0 0
11 5 0 0
11 10 0 0
11 4 0 0
12 3 0 0
12 7 0 0
12 9 0 0
12 6 0 0
13 6 0 0
13 9 0 0
13 2 0 0
13 7 0 0
14 3 0 0
14 6 0 0
14 4 0 0
14 2 0 0
15 4 0 0
15 10 0 0
15 11 0 0
15 13 0 0
16 4 0 0
16 13 0 0
16 7 0 0
16 2 0 0
17 6 0 0
17 2 0 0
17 16 0 0
17 0 0 0
18 0 0 0
18 7 0 0
18 5 0 0
18 1 0 0
19 14 0 0
19 6 0 0
19 4 0 0
19 5 0 0
0 13 0 0
0 16 0 0
0 12 0 0
0 14 0 0
1 11 0 0
1 7 0 0
1 13 0 0
1 19 0 0
2 15 0 0
2 6 0 0
2 19 0 0
2 18 0 0
3 11 0 0
3 9 0 0
3 13 0 0
3 15 0 0
24 21 1 1
24 20 1 1
24 23 1 1
24 22 1 1
25 21 1 1
25 24 1 1
25 20 1 1
25 22 1 1
26 21 1 1
26 22 1 1
26 24 1 1
26 20 1 1
27 24 1 1
27 21 1 1
27 26 1 1
27 23 1 1
28 26 1 1
28 24 1 1
28 27 1 1
28 23 1 1
29 24 1 1
29 26 1 1
29 28 1 1
29 20 1 1
30 20 1 1
30 24 1 1
30 21 1 1
30 22 1 1
31 26 1 1
31 30 1 1
31 24 1 1
31 20 1 1
32 28 1 1
32 23 1 1
32 24 1 1
32 27 1 1
33 31 1 1
33 30 1 1
33 27 1 1
33 32 1 1
34 26 1 1
34 20 1 1
34 29 1 1
34 31 1 1
35 26 1 1
35 31 1 1
35 21 1 1
35 22 1 1
36 24 1 1
36 25 1 1
36 32 1 1
36 26 1 1
37 31 1 1
37 20 1 1
37 29 1 1
37 36 1 1
38 28 1 1
38 26 1 1
38 33 1 1
38 36 1 1
39 21 1 1
39 27 1 1
39 32 1 1
39 24 1 1
20 28 1 1
20 27 1 1
20 39 1 1
20 33 1 1
21 34 1 1
21 33 1 1
21 28 1 1
21 31 1 1
22 39 1 1
22 28 1 1
22 37 1 1
22 34 1 1
23 36 1 1
23 38 1 1
23 33 1 1
23 30 1 1
44 40 2 2
44 43 2 2
44 42 2 2
44 41 2 2
45 40 2 2
45 44 2 2
45 41 2 2
45 42 2 2
46 40 2 2
46 45 2 2
46 44 2 2
46 41 2 2
47 41 2 2
47 40 2 2
47 42 2 2
47 43 2 2
48 43 2 2
48 47 2 2
48 44 2 2
48 42 2 2
49 47 2 2
49 45 2 2
49 41 2 2
49 43 2 2
50 40 2 2
50 47 2 2
50 46 2 2
50 49 2 2
51 40 2 2
51 44 2 2
51 46 2 2
51 48 2 2
52 47 2 2
52 44 2 2
52 42 2 2
52 49 2 2
53 45 2 2
53 46 2 2
53 51 2 2
53 40 2 2
54 45 2 2
54 43 2 2
54 49 2 2
54 41 2 2
55 41 2 2
55 45 2 2
55 47 2 2
55 46 2 2
56 45 2 2
56 46 2 2
56 54 2 2
56 50 2 2
57 42 2 2
57 49 2 2
57 50 2 2
57 53 2 2
58 56 2 2
58 48 2 2
58 44 2 2
58 51 2 2
59 54 2 2
59 50 2 2
59 53 2 2
59 44 2 2
40 56 2 2
40 59 2 2
40 54 2 2
40 58 2 2
41 52 2 2
41 57 2 2
41 53 2 2
41 50 2 2
42 49 2 2
42 55 2 2
42 50 2 2
42 53 2 2
43 52 2 2
43 51 2 2
43 50 2 2
43 46 2 2
64 60 3 3
64 61 3 3
64 62 3 3
64 63 3 3
65 62 3 3
65 64 3 3
65 61 3 3
65 60 3 3
66 62 3 3
66 61 3 3
66 64 3 3
66 65 3 3
67 64 3 3
67 61 3 3
67 66 3 3
67 62 3 3
68 61 3 3
68 64 3 3
68 60 3 3
68 62 3 3
69 65 3 3
69 68 3 3
69 66 3 3
69 64 3 3
70 62 3 3
70 66 3 3
70 60 3 3
70 67 3 3
71 65 3 3
71 67 3 3
71 68 3 3
71 64 3 3
72 61 3 3
72 67 3 3
72 66 3 3
72 71 3 3
73 71 3 3
73 70 3 3
73 60 3 3
73 64 3 3
74 72 3 3
74 60 3 3
74 62 3 3
74 63 3 3
75 73 3 3
75 66 3 3
75 72 3 3
75 64 3 3
76 68 3 3
76 61 3 3
76 64 3 3
76 66 3 3
77 60 3 3
77 63 3 3
77 68 3 3
77 73 3 3
78 71 3 3
78 72 3 3
78 69 3 3
78 65 3 3
79 62 3 3
79 63 3 3
79 64 3 3
79 76 3 3
60 79 3 3
60 75 3 3
60 66 3 3
60 76 3 3
61 78 3 3
61 75 3 3
61 71 3 3
61 73 3 3
62 78 3 3
62 76 3 3
62 75 3 3
62 71 3 3
63 78 3 3
63 69 3 3
63 68 3 3
63 75 3 3
84 82 4 4
84 81 4 4
84 83 4 4
84 80 4 4
85 82 4 4
85 80 4 4
85 83 4 4
85 84 4 4
86 80 4 4
86 81 4 4
86 84 4 4
86 82 4 4
87 80 4 4
87 86 4 4
87 83 4 4
87 81 4 4
88 82 4 4
88 86 4 4
88 84 4 4
88 85 4 4
89 85 4 4
89 80 4 4
89 84 4 4
89 81 4 4
90 85 4 4
90 84 4 4
90 83 4 4
90 80 4 4
91 88 4 4
91 81 4 4
91 84 4 4
91 80 4 4
92 80 4 4
92 89 4 4
92 83 4 4
92 87 4 4
93 84 4 4
93 85 4 4
93 91 4 4
93 86 4 4
94 86 4 4
94 80 4 4
94 89 4 4
94 92 4 4
95 93 4 4
95 82 4 4
95 81 4 4
95 94 4 4
96 90 4 4
96 81 4 4
96 84 4 4
96 88 4 4
97 82 4 4
97 85 4 4
97 96 4 4
97 91 4 4
98 93 4 4
98 89 4 4
98 85 4 4
98 94 4 4
99 89 4 4
99 93 4 4
99 95 4 4
99 94 4 4
80 95 4 4
80 96 4 4
80 98 4 4
80 99 4 4
81 94 4 4
81 99 4 4
81 98 4 4
81 93 4 4
82 93 4 4
82 92 4 4
82 99 4 4
82 94 4 4
83 94 4 4
83 89 4 4
83 98 4 4
83 97 4 4
104 101 5 5
104 100 5 5
104 102 5 5
104 103 5 5
105 104 5 5
105 101 5 5
105 100 5 5
105 103 5 5
106 105 5 5
106 100 5 5
106 104 5 5
106 101 5 5
107 102 5 5
107 106 5 5
107 105 5 5
107 101 5 5
108 105 5 5
108 104 5 5
108 107 5 5
108 102 5 5
109 102 5 5
109 107 5 5
109 108 5 5
109 104 5 5
110 101 5 5
110 103 5 5
110 106 5 5
110 100 5 5
111 108 5 5
111 105 5 5
111 110 5 5
111 109 5 5
112 111 5 5
112 102 5 5
112 109 5 5
112 101 5 5
113 105 5 5
113 107 5 5
113 110 5 5
113 109 5 5
114 107 5 5
114 106 5 5
114 108 5 5
114 105 5 5
115 101 5 5
115 110 5 5
115 105 5 5
115 106 5 5
116 104 5 5
116 111 5 5
116 113 5 5
116 109 5 5
117 108 5 5
117 112 5 5
117 116 5 5
117 110 5 5
118 105 5 5
118 111 5 5
118 114 5 5
118 106 5 5
119 109 5 5
119 113 5 5
119 115 5 5
119 101 5 5
100 115 5 5
100 117 5 5
100 114 5 5
100 119 5 5
101 117 5 5
101 116 5 5
101 108 5 5
101 114 5 5
102 115 5 5
102 105 5 5
102 111 5 5
102 116 5 5
103 106 5 5
103 119 5 5
103 115 5 5
103 118 5 5
124 121 6 6
124 120 6 6
124 122 6 6
124 123 6 6
125 121 6 6
125 120 6 6
125 122 6 6
125 124 6 6
126 120 6 6
126 125 6 6
126 122 6 6
126 123 6 6
127 120 6 6
127 126 6 6
127 124 6 6
127 123 6 6
128 120 6 6
128 125 6 6
128 127 6 6
128 126 6 6
129 122 6 6
129 125 6 6
129 127 6 6
129 120 6 6
130 121 6 6
130 123 6 6
130 129 6 6
130 125 6 6
131 128 6 6
131 126 6 6
131 122 6 6
131 120 6 6
132 122 6 6
132 126 6 6
132 120 6 6
132 121 6 6
133 122 6 6
133 126 6 6
133 125 6 6
133 129 6 6
134 120 6 6
134 130 6 6
134 122 6 6
134 121 6 6
135 133 6 6
135 121 6 6
135 123 6 6
135 129 6 6
136 125 6 6
136 129 6 6
136 135 6 6
136 133 6 6
137 125 6 6
137 134 6 6
137 127 6 6
137 136 6 6
138 127 6 6
138 125 6 6
138 121 6 6
138 124 6 6
139 125 6 6
139 127 6 6
139 138 6 6
139 134 6 6
120 139 6 6
120 137 6 6
120 130 6 6
120 138 6 6
121 131 6 6
121 127 6 6
121 136 6 6
121 128 6 6
122 130 6 6
122 136 6 6
122 128 6 6
122 135 6 6
123 133 6 6
123 138 6 6
123 131 6 6
123 129 6 6
144 140 7 7
144 143 7 7
144 141 7 7
144 142 7 7
145 142 7 7
145 143 7 7
145 140 7 7
145 144 7 7
146 143 7 7
146 141 7 7
146 140 7 7
146 142 7 7
147 141 7 7
147 145 7 7
147 143 7 7
147 142 7 7
148 147 7 7
148 141 7 7
148 146 7 7
148 145 7 7
149 145 7 7
149 144 7 7
149 143 7 7
149 146 7 7
150 144 7 7
150 146 7 7
150 149 7 7
150 147 7 7
151 150 7 7
151 143 7 7
151 146 7 7
151 147 7 7
152 144 7 7
152 148 7 7
152 145 7 7
152 147 7 7
153 150 7 7
153 149 7 7
153 140 7 7
153 152 7 7
154 145 7 7
154 150 7 7
154 148 7 7
154 140 7 7
155 146 7 7
155 150 7 7
155 151 7 7
155 147 7 7
156 144 7 7
156 154 7 7
156 149 7 7
156 143 7 7
157 147 7 7
157 143 7 7
157 155 7 7
157 145 7 7
158 153 7 7
158 141 7 7
158 147 7 7
158 152 7 7
159 144 7 7
159 152 7 7
159 141 7 7
159 156 7 7
140 159 7 7
140 156 7 7
140 152 7 7
140 147 7 7
141 152 7 7
141 149 7 7
141 153 7 7
141 154 7 7
142 158 7 7
142 154 7 7
142 157 7 7
142 148 7 7
143 158 7 7
143 153 7 7
143 154 7 7
143 148 7 7
164 161 8 8
164 162 8 8
164 163 8 8
164 160 8 8
165 162 8 8
165 161 8 8
165 163 8 8
165 164 8 8
166 161 8 8
166 165 8 8
166 160 8 8
166 163 8 8
167 164 8 8
167 163 8 8
167 166 8 8
167 165 8 8
168 162 8 8
168 161 8 8
168 163 8 8
168 167 8 8
169 163 8 8
169 168 8 8
169 167 8 8
169 161 8 8
170 168 8 8
170 164 8 8
170 161 8 8
170 169 8 8
171 167 8 8
171 168 8 8
171 170 8 8
171 166 8 8
172 161 8 8
172 163 8 8
172 162 8 8
172 165 8 8
173 167 8 8
173 166 8 8
173 168 8 8
173 162 8 8
174 163 8 8
174 171 8 8
174 173 8 8
174 161 8 8
175 164 8 8
175 167 8 8
175 163 8 8
175 173 8 8
176 173 8 8
176 162 8 8
176 164 8 8
176 166 8 8
177 167 8 8
177 173 8 8
177 163 8 8
177 170 8 8
178 165 8 8
178 161 8 8
178 164 8 8
178 172 8 8
179 163 8 8
179 172 8 8
179 162 8 8
179 174 8 8
160 172 8 8
160 168 8 8
160 171 8 8
160 170 8 8
161 176 8 8
161 179 8 8
161 173 8 8
161 167 8 8
162 170 8 8
162 166 8 8
162 178 8 8
162 167 8 8
163 171 8 8
163 173 8 8
163 176 8 8
163 178 8 8
184 182 9 9
184 183 9 9
184 180 9 9
184 181 9 9
185 182 9 9
185 181 9 9
185 183 9 9
185 180 9 9
186 185 9 9
186 181 9 9
186 183 9 9
186 180 9 9
187 184 9 9
187 186 9 9
187 183 9 9
187 180 9 9
188 187 9 9
188 180 9 9
188 182 9 9
188 185 9 9
189 181 9 9
189 183 9 9
189 180 9 9
189 185 9 9
190 183 9 9
190 187 9 9
190 186 9 9
190 185 9 9
191 182 9 9
191 180 9 9
191 189 9 9
191 184 9 9
192 186 9 9
192 190 9 9
192 184 9 9
192 187 9 9
193 186 9 9
193 181 9 9
193 185 9 9
193 188 9 9
194 183 9 9
194 189 9 9
194 193 9 9
194 182 9 9
195 189 9 9
195 183 9 9
195 185 9 9
195 194 9 9
196 188 9 9
196 195 9 9
196 185 9 9
196 182 9 9
197 182 9 9
197 193 9 9
197 183 9 9
197 196 9 9
198 193 9 9
198 184 9 9
198 197 9 9
198 194 9 9
199 197 9 9
199 184 9 9
199 186 9 9
199 189 9 9
180 194 9 9
180 197 9 9
180 193 9 9
180 199 9 9
181 199 9 9
181 198 9 9
181 195 9 9
181 191 9 9
182 193 9 9
182 198 9 9
182 187 9 9
182 199 9 9
183 198 9 9
183 199 9 9
183 191 9 9
183 193 9 9
204 200 10 10
204 202 10 10
204 201 10 10
204 203 10 10
205 201 10 10
205 202 10 10
205 203 10 10
205 200 10 10
206 200 10 10
206 205 10 10
206 202 10 10
206 201 10 10
207 200 10 10
207 201 10 10
207 202 10 10
207 206 10 10
208 205 10 10
208 203 10 10
208 200 10 10
208 206 10 10
209 201 10 10
209 205 10 10
209 202 10 10
209 204 10 10
210 204 10 10
210 201 10 10
210 208 10 10
210 209 10 10
211 201 10 10
211 202 10 10
211 209 10 10
211 205 10 10
212 206 10 10
212 210 10 10
212 211 10 10
212 207 10 10
213 210 10 10
213 203 10 10
213 211 10 10
213 212 10 10
214 207 10 10
214 203 10 10
214 208 10 10
214 201 10 10
215 212 10 10
215 214 10 10
215 200 10 10
215 203 10 10
216 210 10 10
216 203 10 10
216 208 10 10
216 204 10 10
217 202 10 10
217 209 10 10
217 216 10 10
217 205 10 10
218 206 10 10
218 212 10 10
218 210 10 10
218 203 10 10
219 203 10 10
219 210 10 10
219 204 10 10
219 213 10 10
200 212 10 10
200 214 10 10
200 213 10 10
200 217 10 10
201 219 10 10
201 215 10 10
201 212 10 10
201 208 10 10
202 219 10 10
202 218 10 10
202 216 10 10
202 214 10 10
203 206 10 10
203 212 10 10
203 207 10 10
203 209 10 10
224 223 11 11
224 222 11 11
224 220 11 11
224 221 11 11
225 224 11 11
225 223 11 11
225 222 11 11
225 220 11 11
226 222 11 11
226 223 11 11
226 221 11 11
226 225 11 11
227 222 11 11
227 223 11 11
227 225 11 11
227 226 11 11
228 221 11 11
228 225 11 11
228 226 11 11
228 227 11 11
229 227 11 11
229 220 11 11
229 224 11 11
229 223 11 11
230 223 11 11
230 225 11 11
230 224 11 11
230 227 11 11
231 226 11 11
231 221 11 11
231 228 11 11
231 220 11 11
232 225 11 11
232 221 11 11
232 223 11 11
232 227 11 11
233 224 11 11
233 228 11 11
233 226 11 11
233 230 11 11
234 222 11 11
234 229 11 11
234 223 11 11
234 224 11 11
235 232 11 11
235 220 11 11
235 229 11 11
235 234 11 11
236 235 11 11
236 226 11 11
236 220 11 11
236 229 11 11
237 223 11 11
237 222 11 11
237 224 11 11
237 233 11 11
238 221 11 11
238 226 11 11
238 235 11 11
238 222 11 11
239 228 11 11
239 236 11 11
239 233 11 11
239 227 11 11
220 227 11 11
220 233 11 11
220 237 11 11
220 230 11 11
221 237 11 11
221 235 11 11
221 239 11 11
221 233 11 11
222 233 11 11
222 232 11 11
222 235 11 11
222 230 11 11
223 239 11 11
223 233 11 11
223 228 11 11
223 236 11 11
244 241 12 12
244 243 12 12
244 242 12 12
244 240 12 12
245 241 12 12
245 244 12 12
245 243 12 12
245 242 12 12
246 243 12 12
246 241 12 12
246 242 12 12
246 244 12 12
247 242 12 12
247 245 12 12
247 243 12 12
247 241 12 12
248 240 12 12
248 245 12 12
248 247 12 12
248 242 12 12
249 247 12 12
249 248 12 12
249 245 12 12
249 242 12 12
250 249 12 12
250 240 12 12
250 247 12 12
250 248 12 12
251 241 12 12
251 244 12 12
251 246 12 12
251 242 12 12
252 249 12 12
252 241 12 12
252 242 12 12
252 245 12 12
253 248 12 12
253 249 12 12
253 243 12 12
253 247 12 12
254 240 12 12
254 252 12 12
254 249 12 12
254 250 12 12
255 252 12 12
255 243 12 12
255 247 12 12
255 242 12 12
256 250 12 12
256 249 12 12
256 246 12 12
256 247 12 12
257 249 12 12
257 241 12 12
257 254 12 12
257 240 12 12
258 257 12 12
258 255 12 12
258 254 12 12
258 240 12 12
259 253 12 12
259 246 12 12
259 241 12 12
259 247 12 12
240 249 12 12
240 252 12 12
240 255 12 12
240 259 12 12
241 255 12 12
241 248 12 12
241 254 12 12
241 258 12 12
242 256 12 12
242 257 12 12
242 259 12 12
242 254 12 12
243 249 12 12
243 259 12 12
243 252 12 12
243 254 12 12
264 260 13 13
264 261 13 13
264 263 13 13
264 262 13 13
265 261 13 13
265 263 13 13
265 260 13 13
265 264 13 13
266 261 13 13
266 265 13 13
266 264 13 13
266 263 13 13
267 262 13 13
267 260 13 13
267 265 13 13
267 264 13 13
268 267 13 13
268 262 13 13
268 264 13 13
268 260 13 13
269 262 13 13
269 261 13 13
269 264 13 13
269 265 13 13
270 264 13 13
270 269 13 13
270 265 13 13
270 260 13 13
271 262 13 13
271 260 13 13
271 265 13 13
271 263 13 13
272 266 13 13
272 263 13 13
272 261 13 13
272 267 13 13
273 269 13 13
273 268 13 13
273 262 13 13
273 272 13 13
274 262 13 13
274 269 13 13
274 260 13 13
274 267 13 13
275 260 13 13
275 262 13 13
275 264 13 13
275 267 13 13
276 275 13 13
276 274 13 13
276 267 13 13
276 268 13 13
277 260 13 13
277 262 13 13
277 275 13 13
277 274 13 13
278 269 13 13
278 265 13 13
278 262 13 13
278 266 13 13
279 265 13 13
279 262 13 13
279 266 13 13
279 276 13 13
260 278 13 13
260 276 13 13
260 269 13 13
260 279 13 13
261 279 13 13
261 278 13 13
261 276 13 13
261 270 13 13
262 266 13 13
262 276 13 13
262 272 13 13
262 265 13 13
263 279 13 13
263 270 13 13
263 277 13 13
263 278 13 13
284 280 14 14
284 282 14 14
284 283 14 14
284 281 14 14
285 284 14 14
285 283 14 14
285 280 14 14
285 282 14 14
286 285 14 14
286 283 14 14
286 284 14 14
286 281 14 14
287 285 14 14
287 281 14 14
287 282 14 14
287 284 14 14
288 287 14 14
288 280 14 14
288 283 14 14
288 286 14 14
289 281 14 14
289 282 14 14
289 280 14 14
289 283 14 14
290 283 14 14
290 286 14 14
290 288 14 14
290 284 14 14
291 289 14 14
291 283 14 14
291 280 14 14
291 288 14 14
292 282 14 14
292 283 14 14
292 289 14 14
292 291 14 14
293 291 14 14
293 283 14 14
293 285 14 14
293 287 14 14
294 289 14 14
294 282 14 14
294 293 14 14
294 292 14 14
295 283 14 14
295 293 14 14
295 294 14 14
295 290 14 14
296 289 14 14
296 281 14 14
296 291 14 14
296 294 14 14
297 296 14 14
297 288 14 14
297 289 14 14
297 282 14 14
298 289 14 14
298 293 14 14
298 285 14 14
298 280 14 14
299 294 14 14
299 287 14 14
299 295 14 14
299 290 14 14
280 293 14 14
280 299 14 14
280 297 14 14
280 295 14 14
281 294 14 14
281 291 14 14
281 297 14 14
281 285 14 14
282 295 14 14
282 299 14 14
282 296 14 14
282 290 14 14
283 298 14 14
283 294 14 14
283 297 14 14
283 296 14 14
304 303 15 15
304 302 15 15
304 300 15 15
304 301 15 15
305 303 15 15
305 301 15 15
305 300 15 15
305 304 15 15
306 302 15 15
306 304 15 15
306 301 15 15
306 305 15 15
307 303 15 15
307 300 15 15
307 302 15 15
307 301 15 15
308 301 15 15
308 307 15 15
308 303 15 15
308 304 15 15
309 304 15 15
309 300 15 15
309 301 15 15
309 307 15 15
310 303 15 15
310 308 15 15
310 302 15 15
310 307 15 15
311 308 15 15
311 304 15 15
311 303 15 15
311 307 15 15
312 300 15 15
312 305 15 15
312 311 15 15
312 309 15 15
313 302 15 15
313 303 15 15
313 304 15 15
313 301 15 15
314 310 15 15
314 313 15 15
314 307 15 15
314 311 15 15
315 310 15 15
315 304 15 15
315 301 15 15
315 308 15 15
316 312 15 15
316 306 15 15
316 313 15 15
316 307 15 15
317 304 15 15
317 310 15 15
317 309 15 15
317 302 15 15
318 312 15 15
318 317 15 15
318 310 15 15
318 306 15 15
319 300 15 15
319 303 15 15
319 307 15 15
319 317 15 15
300 311 15 15
300 315 15 15
300 308 15 15
300 314 15 15
301 318 15 15
301 317 15 15
301 311 15 15
301 312 15 15
302 309 15 15
302 312 15 15
302 316 15 15
302 315 15 15
303 315 15 15
303 306 15 15
303 312 15 15
303 314 15 15
81 73 4 3
99 40 4 2
98 22 4 1
90 4 4 0
102 26 5 1
104 49 5 2
118 11 5 0
118 82 5 4
120 37 6 1
138 57 6 2
123 67 6 3
125 101 6 5
156 18 7 0
141 59 7 2
140 23 7 1
140 131 7 6
163 66 8 3
172 3 8 0
174 47 8 2
177 140 8 7
193 18 9 0
180 52 9 2
189 161 9 8
184 142 9 7
219 152 10 7
203 50 10 2
216 176 10 8
201 108 10 5
230 65 11 3
232 119 11 5
231 135 11 6
221 213 11 10
255 149 12 7
258 178 12 8
241 213 12 10
251 87 12 4
260 144 13 7
260 52 13 2
262 253 13 12
265 128 13 6
299 6 14 0
289 194 14 9
291 89 14 4
297 202 14 10
309 43 15 2
310 37 15 1
311 130 15 6
300 214 15 10
16 205 0 10
0 276 0 13
17 124 0 6
13 319 0 15
33 296 1 14
38 227 1 11
24 201 1 10
37 245 1 12
47 293 2 14
47 231 2 11
50 247 2 12
62 184 3 9
61 105 3 5
65 302 3 15
76 154 3 7
