swNum = 320
edgeNum = 1344

0 0
1 0
2 0
3 0
4 0
5 0
6 0
7 0
8 0
9 0
10 0
11 0
12 0
13 0
14 0
15 0
16 0
17 0
18 0
19 0
20 1
21 1
22 1
23 1
24 1
25 1
26 1
27 1
28 1
29 1
30 1
31 1
32 1
33 1
34 1
35 1
36 1
37 1
38 1
39 1
40 2
41 2
42 2
43 2
44 2
45 2
46 2
47 2
48 2
49 2
50 2
51 2
52 2
53 2
54 2
55 2
56 2
57 2
58 2
59 2
60 3
61 3
62 3
63 3
64 3
65 3
66 3
67 3
68 3
69 3
70 3
71 3
72 3
73 3
74 3
75 3
76 3
77 3
78 3
79 3
80 4
81 4
82 4
83 4
84 4
85 4
86 4
87 4
88 4
89 4
90 4
91 4
92 4
93 4
94 4
95 4
96 4
97 4
98 4
99 4
100 5
101 5
102 5
103 5
104 5
105 5
106 5
107 5
108 5
109 5
110 5
111 5
112 5
113 5
114 5
115 5
116 5
117 5
118 5
119 5
120 6
121 6
122 6
123 6
124 6
125 6
126 6
127 6
128 6
129 6
130 6
131 6
132 6
133 6
134 6
135 6
136 6
137 6
138 6
139 6
140 7
141 7
142 7
143 7
144 7
145 7
146 7
147 7
148 7
149 7
150 7
151 7
152 7
153 7
154 7
155 7
156 7
157 7
158 7
159 7
160 8
161 8
162 8
163 8
164 8
165 8
166 8
167 8
168 8
169 8
170 8
171 8
172 8
173 8
174 8
175 8
176 8
177 8
178 8
179 8
180 9
181 9
182 9
183 9
184 9
185 9
186 9
187 9
188 9
189 9
190 9
191 9
192 9
193 9
194 9
195 9
196 9
197 9
198 9
199 9
200 10
201 10
202 10
203 10
204 10
205 10
206 10
207 10
208 10
209 10
210 10
211 10
212 10
213 10
214 10
215 10
216 10
217 10
218 10
219 10
220 11
221 11
222 11
223 11
224 11
225 11
226 11
227 11
228 11
229 11
230 11
231 11
232 11
233 11
234 11
235 11
236 11
237 11
238 11
239 11
240 12
241 12
242 12
243 12
244 12
245 12
246 12
247 12
248 12
249 12
250 12
251 12
252 12
253 12
254 12
255 12
256 12
257 12
258 12
259 12
260 13
261 13
262 13
263 13
264 13
265 13
266 13
267 13
268 13
269 13
270 13
271 13
272 13
273 13
274 13
275 13
276 13
277 13
278 13
279 13
280 14
281 14
282 14
283 14
284 14
285 14
286 14
287 14
288 14
289 14
290 14
291 14
292 14
293 14
294 14
295 14
296 14
297 14
298 14
299 14
300 15
301 15
302 15
303 15
304 15
305 15
306 15
307 15
308 15
309 15
310 15
311 15
312 15
313 15
314 15
315 15
316 15
317 15
318 15
319 15

4 0 0 0
4 1 0 0
4 2 0 0
4 3 0 0
5 1 0 0
5 0 0 0
5 3 0 0
5 2 0 0
6 5 0 0
6 1 0 0
6 0 0 0
6 4 0 0
7 6 0 0
7 1 0 0
7 4 0 0
7 5 0 0
8 2 0 0
8 5 0 0
8 6 0 0
8 1 0 0
9 5 0 0
9 7 0 0
9 2 0 0
9 4 0 0
10 8 0 0
10 2 0 0
10 4 0 0
10 9 0 0
11 2 0 0
11 8 0 0
11 5 0 0
11 4 0 0
12 0 0 0
12 7 0 0
12 5 0 0
12 9 0 0
13 4 0 0
13 10 0 0
13 1 0 0
13 3 0 0
14 12 0 0
14 0 0 0
14 2 0 0
14 7 0 0
15 7 0 0
15 0 0 0
15 9 0 0
15 1 0 0
16 14 0 0
16 1 0 0
16 5 0 0
16 11 0 0
17 8 0 0
17 14 0 0
17 5 0 0
17 0 0 0
18 2 0 0
18 14 0 0
18 4 0 0
18 0 0 0
19 2 0 0
19 12 0 0
19 7 0 0
19 14 0 0
0 10 0 0
0 16 0 0
0 13 0 0
0 7 0 0
1 18 0 0
1 14 0 0
1 17 0 0
1 9 0 0
2 16 0 0
2 17 0 0
2 15 0 0
2 7 0 0
3 16 0 0
3 19 0 0
3 14 0 0
3 11 0 0
24 22 1 1
24 20 1 1
24 21 1 1
24 23 1 1
25 24 1 1
25 21 1 1
25 20 1 1
25 22 1 1
26 23 1 1
26 20 1 1
26 22 1 1
26 21 1 1
27 23 1 1
27 26 1 1
27 20 1 1
27 22 1 1
28 24 1 1
28 21 1 1
28 25 1 1
28 22 1 1
29 24 1 1
29 22 1 1
29 28 1 1
29 27 1 1
30 28 1 1
30 24 1 1
30 22 1 1
30 20 1 1
31 25 1 1
31 22 1 1
31 26 1 1
31 24 1 1
32 20 1 1
32 31 1 1
32 25 1 1
32 24 1 1
33 30 1 1
33 32 1 1
33 25 1 1
33 23 1 1
34 22 1 1
34 27 1 1
34 24 1 1
34 31 1 1
35 34 1 1
35 22 1 1
35 28 1 1
35 26 1 1
36 25 1 1
36 30 1 1
36 28 1 1
36 21 1 1
37 29 1 1
37 35 1 1
37 32 1 1
37 34 1 1
38 29 1 1
38 22 1 1
38 23 1 1
38 27 1 1
39 35 1 1
39 24 1 1
39 21 1 1
39 34 1 1
20 37 1 1
20 39 1 1
20 38 1 1
20 33 1 1
21 37 1 1
21 33 1 1
21 38 1 1
21 32 1 1
22 39 1 1
22 37 1 1
22 33 1 1
22 36 1 1
23 25 1 1
23 35 1 1
23 34 1 1
23 29 1 1
44 42 2 2
44 43 2 2
44 40 2 2
44 41 2 2
45 40 2 2
45 43 2 2
45 44 2 2
45 42 2 2
46 45 2 2
46 41 2 2
46 44 2 2
46 43 2 2
47 42 2 2
47 40 2 2
47 45 2 2
47 43 2 2
48 44 2 2
48 42 2 2
48 41 2 2
48 43 2 2
49 41 2 2
49 45 2 2
49 40 2 2
49 42 2 2
50 41 2 2
50 40 2 2
50 46 2 2
50 47 2 2
51 42 2 2
51 49 2 2
51 43 2 2
51 45 2 2
52 44 2 2
52 45 2 2
52 43 2 2
52 50 2 2
53 52 2 2
53 47 2 2
53 40 2 2
53 50 2 2
54 45 2 2
54 49 2 2
54 51 2 2
54 50 2 2
55 52 2 2
55 42 2 2
55 48 2 2
55 45 2 2
56 50 2 2
56 48 2 2
56 45 2 2
56 41 2 2
57 44 2 2
57 43 2 2
57 54 2 2
57 56 2 2
58 54 2 2
58 56 2 2
58 50 2 2
58 40 2 2
59 45 2 2
59 52 2 2
59 51 2 2
59 47 2 2
40 51 2 2
40 52 2 2
40 57 2 2
40 46 2 2
41 52 2 2
41 47 2 2
41 53 2 2
41 57 2 2
42 53 2 2
42 46 2 2
42 59 2 2
42 57 2 2
43 49 2 2
43 59 2 2
43 55 2 2
43 56 2 2
64 63 3 3
64 62 3 3
64 60 3 3
64 61 3 3
65 60 3 3
65 61 3 3
65 62 3 3
65 63 3 3
66 62 3 3
66 63 3 3
66 60 3 3
66 64 3 3
67 62 3 3
67 64 3 3
67 60 3 3
67 63 3 3
68 65 3 3
68 64 3 3
68 60 3 3
68 67 3 3
69 60 3 3
69 68 3 3
69 62 3 3
69 67 3 3
70 64 3 3
70 68 3 3
70 60 3 3
70 67 3 3
71 60 3 3
71 61 3 3
71 66 3 3
71 65 3 3
72 61 3 3
72 64 3 3
72 66 3 3
72 65 3 3
73 64 3 3
73 63 3 3
73 68 3 3
73 69 3 3
74 60 3 3
74 69 3 3
74 72 3 3
74 61 3 3
75 73 3 3
75 60 3 3
75 70 3 3
75 69 3 3
76 65 3 3
76 74 3 3
76 68 3 3
76 70 3 3
77 61 3 3
77 69 3 3
77 73 3 3
77 66 3 3
78 73 3 3
78 72 3 3
78 63 3 3
78 65 3 3
79 74 3 3
79 65 3 3
79 60 3 3
79 68 3 3
60 78 3 3
60 73 3 3
60 76 3 3
60 72 3 3
61 78 3 3
61 68 3 3
61 73 3 3
61 79 3 3
62 75 3 3
62 73 3 3
62 68 3 3
62 71 3 3
63 68 3 3
63 69 3 3
63 77 3 3
63 72 3 3
84 80 4 4
84 83 4 4
84 82 4 4
84 81 4 4
85 83 4 4
85 82 4 4
85 84 4 4
85 81 4 4
86 85 4 4
86 84 4 4
86 80 4 4
86 81 4 4
87 85 4 4
87 86 4 4
87 82 4 4
87 80 4 4
88 84 4 4
88 83 4 4
88 82 4 4
88 86 4 4
89 85 4 4
89 87 4 4
89 80 4 4
89 84 4 4
90 81 4 4
90 82 4 4
90 85 4 4
90 86 4 4
91 84 4 4
91 90 4 4
91 82 4 4
91 89 4 4
92 82 4 4
92 90 4 4
92 85 4 4
92 87 4 4
93 86 4 4
93 85 4 4
93 91 4 4
93 81 4 4
94 89 4 4
94 91 4 4
94 86 4 4
94 82 4 4
95 93 4 4
95 92 4 4
95 94 4 4
95 90 4 4
96 83 4 4
96 90 4 4
96 87 4 4
96 95 4 4
97 86 4 4
97 90 4 4
97 91 4 4
97 85 4 4
98 95 4 4
98 86 4 4
98 87 4 4
98 94 4 4
99 92 4 4
99 96 4 4
99 81 4 4
99 95 4 4
80 88 4 4
80 91 4 4
80 98 4 4
80 94 4 4
81 92 4 4
81 87 4 4
81 94 4 4
81 89 4 4
82 98 4 4
82 93 4 4
82 99 4 4
82 97 4 4
83 98 4 4
83 86 4 4
83 91 4 4
83 94 4 4
104 101 5 5
104 100 5 5
104 102 5 5
104 103 5 5
105 100 5 5
105 102 5 5
105 101 5 5
105 103 5 5
106 100 5 5
106 103 5 5
106 105 5 5
106 104 5 5
107 100 5 5
107 101 5 5
107 102 5 5
107 104 5 5
108 102 5 5
108 101 5 5
108 106 5 5
108 107 5 5
109 107 5 5
109 101 5 5
109 104 5 5
109 106 5 5
110 108 5 5
110 105 5 5
110 103 5 5
110 109 5 5
111 105 5 5
111 100 5 5
111 104 5 5
111 101 5 5
112 103 5 5
112 104 5 5
112 111 5 5
112 108 5 5
113 105 5 5
113 110 5 5
113 103 5 5
113 107 5 5
114 109 5 5
114 100 5 5
114 113 5 5
114 106 5 5
115 109 5 5
115 100 5 5
115 112 5 5
115 107 5 5
116 111 5 5
116 106 5 5
116 100 5 5
116 108 5 5
117 101 5 5
117 111 5 5
117 113 5 5
117 116 5 5
118 106 5 5
118 105 5 5
118 101 5 5
118 114 5 5
119 109 5 5
119 108 5 5
119 103 5 5
119 112 5 5
100 109 5 5
100 118 5 5
100 117 5 5
100 108 5 5
101 115 5 5
101 106 5 5
101 114 5 5
101 112 5 5
102 114 5 5
102 106 5 5
102 115 5 5
102 109 5 5
103 115 5 5
103 117 5 5
103 116 5 5
103 118 5 5
124 122 6 6
124 123 6 6
124 121 6 6
124 120 6 6
125 124 6 6
125 123 6 6
125 121 6 6
125 122 6 6
126 121 6 6
126 124 6 6
126 125 6 6
126 120 6 6
127 121 6 6
127 120 6 6
127 122 6 6
127 124 6 6
128 127 6 6
128 124 6 6
128 120 6 6
128 126 6 6
129 127 6 6
129 128 6 6
129 126 6 6
129 122 6 6
130 127 6 6
130 126 6 6
130 124 6 6
130 128 6 6
131 125 6 6
131 121 6 6
131 129 6 6
131 127 6 6
132 131 6 6
132 128 6 6
132 127 6 6
132 124 6 6
133 131 6 6
133 124 6 6
133 129 6 6
133 130 6 6
134 125 6 6
134 122 6 6
134 133 6 6
134 121 6 6
135 131 6 6
135 133 6 6
135 126 6 6
135 125 6 6
136 127 6 6
136 133 6 6
136 124 6 6
136 135 6 6
137 124 6 6
137 129 6 6
137 135 6 6
137 132 6 6
138 131 6 6
138 129 6 6
138 128 6 6
138 137 6 6
139 135 6 6
139 130 6 6
139 127 6 6
139 138 6 6
120 130 6 6
120 134 6 6
120 131 6 6
120 136 6 6
121 137 6 6
121 132 6 6
121 135 6 6
121 139 6 6
122 135 6 6
122 128 6 6
122 137 6 6
122 138 6 6
123 134 6 6
123 130 6 6
123 137 6 6
123 139 6 6
144 140 7 7
144 141 7 7
144 143 7 7
144 142 7 7
145 140 7 7
145 142 7 7
145 143 7 7
145 141 7 7
146 145 7 7
146 142 7 7
146 143 7 7
146 140 7 7
147 140 7 7
147 143 7 7
147 144 7 7
147 141 7 7
148 143 7 7
148 142 7 7
148 145 7 7
148 140 7 7
149 146 7 7
149 144 7 7
149 142 7 7
149 143 7 7
150 143 7 7
150 140 7 7
150 146 7 7
150 148 7 7
151 150 7 7
151 149 7 7
151 143 7 7
151 146 7 7
152 143 7 7
152 151 7 7
152 150 7 7
152 145 7 7
153 144 7 7
153 148 7 7
153 147 7 7
153 142 7 7
154 143 7 7
154 141 7 7
154 152 7 7
154 144 7 7
155 152 7 7
155 146 7 7
155 149 7 7
155 141 7 7
156 146 7 7
156 145 7 7
156 151 7 7
156 153 7 7
157 143 7 7
157 153 7 7
157 151 7 7
157 156 7 7
158 144 7 7
158 149 7 7
158 157 7 7
158 146 7 7
159 150 7 7
159 147 7 7
159 149 7 7
159 153 7 7
140 158 7 7
140 159 7 7
140 157 7 7
140 156 7 7
141 152 7 7
141 153 7 7
141 149 7 7
141 157 7 7
142 150 7 7
142 152 7 7
142 158 7 7
142 159 7 7
143 153 7 7
143 159 7 7
143 158 7 7
143 155 7 7
164 162 8 8
164 160 8 8
164 163 8 8
164 161 8 8
165 160 8 8
165 162 8 8
165 164 8 8
165 161 8 8
166 163 8 8
166 161 8 8
166 160 8 8
166 162 8 8
167 165 8 8
167 160 8 8
167 163 8 8
167 162 8 8
168 166 8 8
168 165 8 8
168 162 8 8
168 163 8 8
169 163 8 8
169 168 8 8
169 166 8 8
169 165 8 8
170 168 8 8
170 160 8 8
170 162 8 8
170 166 8 8
171 167 8 8
171 166 8 8
171 162 8 8
171 165 8 8
172 168 8 8
172 170 8 8
172 162 8 8
172 163 8 8
173 162 8 8
173 160 8 8
173 168 8 8
173 169 8 8
174 166 8 8
174 167 8 8
174 171 8 8
174 160 8 8
175 164 8 8
175 165 8 8
175 174 8 8
175 162 8 8
176 164 8 8
176 173 8 8
176 161 8 8
176 166 8 8
177 162 8 8
177 173 8 8
177 160 8 8
177 176 8 8
178 168 8 8
178 163 8 8
178 174 8 8
178 173 8 8
179 176 8 8
179 164 8 8
179 178 8 8
179 171 8 8
160 176 8 8
160 179 8 8
160 169 8 8
160 175 8 8
161 177 8 8
161 173 8 8
161 168 8 8
161 170 8 8
162 176 8 8
162 174 8 8
162 178 8 8
162 179 8 8
163 176 8 8
163 174 8 8
163 170 8 8
163 173 8 8
184 183 9 9
184 181 9 9
184 180 9 9
184 182 9 9
185 184 9 9
185 180 9 9
185 183 9 9
185 182 9 9
186 182 9 9
186 180 9 9
186 183 9 9
186 181 9 9
187 183 9 9
187 184 9 9
187 186 9 9
187 180 9 9
188 187 9 9
188 180 9 9
188 183 9 9
188 186 9 9
189 182 9 9
189 186 9 9
189 180 9 9
189 183 9 9
190 185 9 9
190 184 9 9
190 182 9 9
190 188 9 9
191 186 9 9
191 182 9 9
191 180 9 9
191 189 9 9
192 188 9 9
192 186 9 9
192 182 9 9
192 183 9 9
193 187 9 9
193 184 9 9
193 188 9 9
193 192 9 9
194 190 9 9
194 184 9 9
194 189 9 9
194 191 9 9
195 186 9 9
195 185 9 9
195 190 9 9
195 193 9 9
196 192 9 9
196 181 9 9
196 184 9 9
196 185 9 9
197 192 9 9
197 195 9 9
197 183 9 9
197 196 9 9
198 185 9 9
198 193 9 9
198 187 9 9
198 196 9 9
199 190 9 9
199 180 9 9
199 185 9 9
199 198 9 9
180 196 9 9
180 195 9 9
180 194 9 9
180 193 9 9
181 193 9 9
181 189 9 9
181 191 9 9
181 188 9 9
182 196 9 9
182 188 9 9
182 197 9 9
182 195 9 9
183 193 9 9
183 198 9 9
183 190 9 9
183 196 9 9
204 200 10 10
204 202 10 10
204 201 10 10
204 203 10 10
205 200 10 10
205 204 10 10
205 201 10 10
205 203 10 10
206 201 10 10
206 203 10 10
206 205 10 10
206 200 10 10
207 200 10 10
207 201 10 10
207 204 10 10
207 203 10 10
208 206 10 10
208 203 10 10
208 200 10 10
208 202 10 10
209 201 10 10
209 207 10 10
209 204 10 10
209 202 10 10
210 204 10 10
210 201 10 10
210 207 10 10
210 208 10 10
211 210 10 10
211 201 10 10
211 202 10 10
211 209 10 10
212 200 10 10
212 211 10 10
212 204 10 10
212 210 10 10
213 209 10 10
213 200 10 10
213 201 10 10
213 204 10 10
214 203 10 10
214 208 10 10
214 206 10 10
214 205 10 10
215 202 10 10
215 205 10 10
215 208 10 10
215 211 10 10
216 215 10 10
216 200 10 10
216 206 10 10
216 202 10 10
217 201 10 10
217 208 10 10
217 214 10 10
217 207 10 10
218 207 10 10
218 212 10 10
218 206 10 10
218 205 10 10
219 218 10 10
219 206 10 10
219 200 10 10
219 207 10 10
200 211 10 10
200 210 10 10
200 218 10 10
200 209 10 10
201 208 10 10
201 218 10 10
201 215 10 10
201 214 10 10
202 214 10 10
202 212 10 10
202 205 10 10
202 219 10 10
203 210 10 10
203 213 10 10
203 212 10 10
203 219 10 10
224 221 11 11
224 223 11 11
224 222 11 11
224 220 11 11
225 220 11 11
225 223 11 11
225 222 11 11
225 224 11 11
226 223 11 11
226 220 11 11
226 225 11 11
226 222 11 11
227 222 11 11
227 220 11 11
227 224 11 11
227 225 11 11
228 222 11 11
228 224 11 11
228 227 11 11
228 221 11 11
229 225 11 11
229 220 11 11
229 226 11 11
229 223 11 11
230 228 11 11
230 223 11 11
230 222 11 11
230 224 11 11
231 225 11 11
231 227 11 11
231 226 11 11
231 228 11 11
232 228 11 11
232 229 11 11
232 220 11 11
232 223 11 11
233 224 11 11
233 232 11 11
233 228 11 11
233 227 11 11
234 229 11 11
234 231 11 11
234 225 11 11
234 221 11 11
235 227 11 11
235 230 11 11
235 226 11 11
235 222 11 11
236 230 11 11
236 233 11 11
236 224 11 11
236 228 11 11
237 220 11 11
237 222 11 11
237 234 11 11
237 225 11 11
238 220 11 11
238 237 11 11
238 231 11 11
238 227 11 11
239 226 11 11
239 227 11 11
239 235 11 11
239 237 11 11
220 231 11 11
220 234 11 11
220 228 11 11
220 236 11 11
221 232 11 11
221 230 11 11
221 236 11 11
221 229 11 11
222 233 11 11
222 229 11 11
222 236 11 11
222 238 11 11
223 237 11 11
223 234 11 11
223 233 11 11
223 227 11 11
244 243 12 12
244 242 12 12
244 240 12 12
244 241 12 12
245 243 12 12
245 242 12 12
245 240 12 12
245 244 12 12
246 242 12 12
246 243 12 12
246 245 12 12
246 244 12 12
247 244 12 12
247 240 12 12
247 246 12 12
247 242 12 12
248 245 12 12
248 247 12 12
248 242 12 12
248 244 12 12
249 240 12 12
249 243 12 12
249 245 12 12
249 247 12 12
250 247 12 12
250 240 12 12
250 242 12 12
250 248 12 12
251 250 12 12
251 248 12 12
251 242 12 12
251 240 12 12
252 240 12 12
252 247 12 12
252 248 12 12
252 249 12 12
253 247 12 12
253 249 12 12
253 246 12 12
253 248 12 12
254 247 12 12
254 248 12 12
254 241 12 12
254 250 12 12
255 247 12 12
255 245 12 12
255 254 12 12
255 249 12 12
256 251 12 12
256 245 12 12
256 249 12 12
256 243 12 12
257 248 12 12
257 252 12 12
257 245 12 12
257 256 12 12
258 256 12 12
258 243 12 12
258 257 12 12
258 246 12 12
259 240 12 12
259 248 12 12
259 257 12 12
259 247 12 12
240 248 12 12
240 253 12 12
240 254 12 12
240 257 12 12
241 247 12 12
241 248 12 12
241 253 12 12
241 258 12 12
242 252 12 12
242 258 12 12
242 259 12 12
242 257 12 12
243 253 12 12
243 248 12 12
243 252 12 12
243 255 12 12
264 261 13 13
264 263 13 13
264 260 13 13
264 262 13 13
265 260 13 13
265 261 13 13
265 263 13 13
265 264 13 13
266 262 13 13
266 261 13 13
266 263 13 13
266 264 13 13
267 261 13 13
267 266 13 13
267 264 13 13
267 263 13 13
268 260 13 13
268 264 13 13
268 266 13 13
268 263 13 13
269 263 13 13
269 261 13 13
269 262 13 13
269 265 13 13
270 265 13 13
270 269 13 13
270 260 13 13
270 264 13 13
271 266 13 13
271 265 13 13
271 262 13 13
271 267 13 13
272 270 13 13
272 267 13 13
272 271 13 13
272 269 13 13
273 271 13 13
273 260 13 13
273 272 13 13
273 261 13 13
274 260 13 13
274 273 13 13
274 270 13 13
274 265 13 13
275 268 13 13
275 264 13 13
275 263 13 13
275 269 13 13
276 272 13 13
276 275 13 13
276 264 13 13
276 260 13 13
277 260 13 13
277 270 13 13
277 264 13 13
277 268 13 13
278 270 13 13
278 276 13 13
278 265 13 13
278 273 13 13
279 274 13 13
279 273 13 13
279 278 13 13
279 265 13 13
260 279 13 13
260 278 13 13
260 272 13 13
260 266 13 13
261 268 13 13
261 275 13 13
261 270 13 13
261 271 13 13
262 278 13 13
262 275 13 13
262 272 13 13
262 276 13 13
263 272 13 13
263 271 13 13
263 278 13 13
263 276 13 13
284 281 14 14
284 283 14 14
284 282 14 14
284 280 14 14
285 282 14 14
285 280 14 14
285 281 14 14
285 284 14 14
286 283 14 14
286 285 14 14
286 284 14 14
286 282 14 14
287 286 14 14
287 284 14 14
287 283 14 14
287 281 14 14
288 283 14 14
288 284 14 14
288 286 14 14
288 282 14 14
289 287 14 14
289 283 14 14
289 284 14 14
289 285 14 14
290 289 14 14
290 288 14 14
290 285 14 14
290 287 14 14
291 288 14 14
291 283 14 14
291 285 14 14
291 286 14 14
292 290 14 14
292 283 14 14
292 291 14 14
292 289 14 14
293 282 14 14
293 287 14 14
293 292 14 14
293 280 14 14
294 291 14 14
294 288 14 14
294 283 14 14
294 290 14 14
295 293 14 14
295 286 14 14
295 291 14 14
295 294 14 14
296 287 14 14
296 289 14 14
296 290 14 14
296 285 14 14
297 281 14 14
297 288 14 14
297 290 14 14
297 289 14 14
298 281 14 14
298 285 14 14
298 292 14 14
298 289 14 14
299 290 14 14
299 297 14 14
299 293 14 14
299 298 14 14
280 289 14 14
280 290 14 14
280 295 14 14
280 296 14 14
281 296 14 14
281 289 14 14
281 293 14 14
281 299 14 14
282 291 14 14
282 296 14 14
282 287 14 14
282 289 14 14
283 297 14 14
283 285 14 14
283 290 14 14
283 296 14 14
304 303 15 15
304 302 15 15
304 301 15 15
304 300 15 15
305 300 15 15
305 303 15 15
305 304 15 15
305 302 15 15
306 300 15 15
306 303 15 15
306 305 15 15
306 302 15 15
307 305 15 15
307 303 15 15
307 301 15 15
307 302 15 15
308 301 15 15
308 300 15 15
308 302 15 15
308 303 15 15
309 301 15 15
309 302 15 15
309 305 15 15
309 303 15 15
310 309 15 15
310 308 15 15
310 303 15 15
310 306 15 15
311 302 15 15
311 308 15 15
311 309 15 15
311 307 15 15
312 310 15 15
312 305 15 15
312 307 15 15
312 306 15 15
313 306 15 15
313 305 15 15
313 308 15 15
313 312 15 15
314 308 15 15
314 303 15 15
314 313 15 15
314 304 15 15
315 311 15 15
315 302 15 15
315 307 15 15
315 305 15 15
316 308 15 15
316 309 15 15
316 305 15 15
316 315 15 15
317 305 15 15
317 315 15 15
317 316 15 15
317 310 15 15
318 303 15 15
318 309 15 15
318 311 15 15
318 302 15 15
319 317 15 15
319 300 15 15
319 303 15 15
319 302 15 15
300 310 15 15
300 318 15 15
300 313 15 15
300 309 15 15
301 313 15 15
301 312 15 15
301 311 15 15
301 316 15 15
302 316 15 15
302 310 15 15
302 314 15 15
302 317 15 15
303 313 15 15
303 312 15 15
303 317 15 15
303 315 15 15
99 70 4 3
98 47 4 2
96 16 4 0
99 20 4 1
118 86 5 4
101 55 5 2
101 73 5 3
107 4 5 0
127 107 6 5
131 89 6 4
136 49 6 2
131 18 6 0
156 68 7 3
144 105 7 5
141 6 7 0
140 136 7 6
175 149 8 7
177 108 8 5
178 97 8 4
161 65 8 3
193 176 9 8
194 76 9 3
190 38 9 1
195 159 9 7
209 197 10 9
203 44 10 2
214 88 10 4
203 126 10 6
233 1 11 0
223 131 11 6
229 79 11 3
222 217 11 10
253 45 12 2
243 182 12 9
242 90 12 4
244 13 12 0
265 210 13 10
265 236 13 11
264 37 13 1
273 256 13 12
291 132 14 6
285 7 14 0
282 34 14 1
287 271 14 13
315 180 15 9
307 73 15 3
304 179 15 8
318 223 15 11
5 270 0 13
15 218 0 10
7 310 0 15
7 195 0 9
33 253 1 12
33 231 1 11
23 159 1 7
31 311 1 15
54 307 2 15
45 264 2 13
50 232 2 11
55 152 2 7
63 128 3 6
64 268 3 13
62 295 3 14
77 250 3 12
