swNum = 320
edgeNum = 1343

0 0
1 0
2 0
3 0
4 0
5 0
6 0
7 0
8 0
9 0
10 0
11 0
12 0
13 0
14 0
15 0
16 0
17 0
18 0
19 0
20 1
21 1
22 1
23 1
24 1
25 1
26 1
27 1
28 1
29 1
30 1
31 1
32 1
33 1
34 1
35 1
36 1
37 1
38 1
39 1
40 2
41 2
42 2
43 2
44 2
45 2
46 2
47 2
48 2
49 2
50 2
51 2
52 2
53 2
54 2
55 2
56 2
57 2
58 2
59 2
60 3
61 3
62 3
63 3
64 3
65 3
66 3
67 3
68 3
69 3
70 3
71 3
72 3
73 3
74 3
75 3
76 3
77 3
78 3
79 3
80 4
81 4
82 4
83 4
84 4
85 4
86 4
87 4
88 4
89 4
90 4
91 4
92 4
93 4
94 4
95 4
96 4
97 4
98 4
99 4
100 5
101 5
102 5
103 5
104 5
105 5
106 5
107 5
108 5
109 5
110 5
111 5
112 5
113 5
114 5
115 5
116 5
117 5
118 5
119 5
120 6
121 6
122 6
123 6
124 6
125 6
126 6
127 6
128 6
129 6
130 6
131 6
132 6
133 6
134 6
135 6
136 6
137 6
138 6
139 6
140 7
141 7
142 7
143 7
144 7
145 7
146 7
147 7
148 7
149 7
150 7
151 7
152 7
153 7
154 7
155 7
156 7
157 7
158 7
159 7
160 8
161 8
162 8
163 8
164 8
165 8
166 8
167 8
168 8
169 8
170 8
171 8
172 8
173 8
174 8
175 8
176 8
177 8
178 8
179 8
180 9
181 9
182 9
183 9
184 9
185 9
186 9
187 9
188 9
189 9
190 9
191 9
192 9
193 9
194 9
195 9
196 9
197 9
198 9
199 9
200 10
201 10
202 10
203 10
204 10
205 10
206 10
207 10
208 10
209 10
210 10
211 10
212 10
213 10
214 10
215 10
216 10
217 10
218 10
219 10
220 11
221 11
222 11
223 11
224 11
225 11
226 11
227 11
228 11
229 11
230 11
231 11
232 11
233 11
234 11
235 11
236 11
237 11
238 11
239 11
240 12
241 12
242 12
243 12
244 12
245 12
246 12
247 12
248 12
249 12
250 12
251 12
252 12
253 12
254 12
255 12
256 12
257 12
258 12
259 12
260 13
261 13
262 13
263 13
264 13
265 13
266 13
267 13
268 13
269 13
270 13
271 13
272 13
273 13
274 13
275 13
276 13
277 13
278 13
279 13
280 14
281 14
282 14
283 14
284 14
285 14
286 14
287 14
288 14
289 14
290 14
291 14
292 14
293 14
294 14
295 14
296 14
297 14
298 14
299 14
300 15
301 15
302 15
303 15
304 15
305 15
306 15
307 15
308 15
309 15
310 15
311 15
312 15
313 15
314 15
315 15
316 15
317 15
318 15
319 15

4 2 0 0
4 3 0 0
4 1 0 0
4 0 0 0
5 0 0 0
5 1 0 0
5 4 0 0
5 3 0 0
6 3 0 0
6 2 0 0
6 4 0 0
6 5 0 0
7 6 0 0
7 1 0 0
7 3 0 0
7 4 0 0
8 7 0 0
8 1 0 0
8 3 0 0
8 5 0 0
9 4 0 0
9 7 0 0
9 1 0 0
9 3 0 0
10 4 0 0
10 2 0 0
10 9 0 0
10 6 0 0
11 4 0 0
11 7 0 0
11 6 0 0
11 3 0 0
12 11 0 0
12 7 0 0
12 2 0 0
12 9 0 0
13 9 0 0
13 3 0 0
13 7 0 0
13 2 0 0
14 9 0 0
14 1 0 0
14 0 0 0
14 13 0 0
15 13 0 0
15 0 0 0
15 3 0 0
15 7 0 0
16 15 0 0
16 1 0 0
16 9 0 0
16 7 0 0
17 3 0 0
17 6 0 0
17 12 0 0
17 9 0 0
18 10 0 0
18 6 0 0
18 7 0 0
18 17 0 0
19 5 0 0
19 13 0 0
19 3 0 0
19 2 0 0
0 16 0 0
0 18 0 0
0 12 0 0
0 7 0 0
1 11 0 0
1 12 0 0
1 13 0 0
1 6 0 0
2 17 0 0
2 8 0 0
2 16 0 0
2 11 0 0
3 12 0 0
3 14 0 0
3 10 0 0
3 18 0 0
24 23 1 1
24 22 1 1
24 20 1 1
24 21 1 1
25 21 1 1
25 20 1 1
25 22 1 1
25 23 1 1
26 23 1 1
26 24 1 1
26 20 1 1
26 21 1 1
27 21 1 1
27 20 1 1
27 26 1 1
27 24 1 1
28 20 1 1
28 26 1 1
28 27 1 1
28 22 1 1
29 28 1 1
29 24 1 1
29 21 1 1
29 20 1 1
30 27 1 1
30 20 1 1
30 24 1 1
30 28 1 1
31 28 1 1
31 27 1 1
31 23 1 1
31 20 1 1
32 23 1 1
32 28 1 1
32 25 1 1
32 31 1 1
33 22 1 1
33 28 1 1
33 26 1 1
33 31 1 1
34 22 1 1
34 32 1 1
34 23 1 1
34 30 1 1
35 32 1 1
35 24 1 1
35 20 1 1
35 22 1 1
36 31 1 1
36 29 1 1
36 22 1 1
36 33 1 1
37 33 1 1
37 24 1 1
37 30 1 1
37 31 1 1
38 29 1 1
38 36 1 1
38 25 1 1
38 20 1 1
39 22 1 1
39 21 1 1
39 36 1 1
39 33 1 1
20 32 1 1
20 37 1 1
20 39 1 1
20 33 1 1
21 38 1 1
21 33 1 1
21 32 1 1
21 30 1 1
22 30 1 1
22 31 1 1
22 37 1 1
22 29 1 1
23 35 1 1
23 37 1 1
23 33 1 1
23 27 1 1
44 43 2 2
44 41 2 2
44 40 2 2
44 42 2 2
45 41 2 2
45 43 2 2
45 40 2 2
45 44 2 2
46 42 2 2
46 40 2 2
46 45 2 2
46 43 2 2
47 46 2 2
47 42 2 2
47 43 2 2
47 40 2 2
48 44 2 2
48 46 2 2
48 42 2 2
48 45 2 2
49 45 2 2
49 44 2 2
49 48 2 2
49 40 2 2
50 42 2 2
50 46 2 2
50 48 2 2
50 49 2 2
51 44 2 2
51 43 2 2
51 45 2 2
51 40 2 2
52 46 2 2
52 41 2 2
52 48 2 2
52 43 2 2
53 44 2 2
53 42 2 2
53 40 2 2
53 48 2 2
54 46 2 2
54 47 2 2
54 52 2 2
54 40 2 2
55 48 2 2
55 44 2 2
55 43 2 2
55 47 2 2
56 40 2 2
56 49 2 2
56 51 2 2
56 53 2 2
57 43 2 2
57 51 2 2
57 53 2 2
57 40 2 2
58 44 2 2
58 53 2 2
58 45 2 2
58 50 2 2
59 57 2 2
59 40 2 2
59 44 2 2
59 50 2 2
40 52 2 2
40 50 2 2
40 48 2 2
40 58 2 2
41 51 2 2
41 56 2 2
41 53 2 2
41 47 2 2
42 54 2 2
42 57 2 2
42 59 2 2
42 51 2 2
43 59 2 2
43 58 2 2
43 54 2 2
43 53 2 2
64 63 3 3
64 62 3 3
64 60 3 3
64 61 3 3
65 62 3 3
65 60 3 3
65 64 3 3
65 63 3 3
66 60 3 3
66 64 3 3
66 63 3 3
66 62 3 3
67 60 3 3
67 61 3 3
67 65 3 3
67 62 3 3
68 67 3 3
68 60 3 3
68 63 3 3
68 65 3 3
69 61 3 3
69 67 3 3
69 62 3 3
69 66 3 3
70 68 3 3
70 63 3 3
70 69 3 3
70 60 3 3
71 67 3 3
71 64 3 3
71 68 3 3
71 63 3 3
72 67 3 3
72 71 3 3
72 66 3 3
72 62 3 3
73 64 3 3
73 67 3 3
73 70 3 3
73 63 3 3
74 61 3 3
74 67 3 3
74 60 3 3
74 72 3 3
75 66 3 3
75 71 3 3
75 63 3 3
75 72 3 3
76 67 3 3
76 60 3 3
76 69 3 3
76 75 3 3
77 60 3 3
77 67 3 3
77 71 3 3
77 62 3 3
78 71 3 3
78 67 3 3
78 65 3 3
78 60 3 3
79 78 3 3
79 60 3 3
79 61 3 3
79 75 3 3
60 71 3 3
60 72 3 3
60 69 3 3
60 75 3 3
61 71 3 3
61 78 3 3
61 65 3 3
61 76 3 3
62 79 3 3
62 75 3 3
62 78 3 3
62 76 3 3
63 79 3 3
63 77 3 3
63 76 3 3
63 72 3 3
84 83 4 4
84 80 4 4
84 82 4 4
84 81 4 4
85 83 4 4
85 81 4 4
85 80 4 4
85 82 4 4
86 81 4 4
86 83 4 4
86 85 4 4
86 80 4 4
87 84 4 4
87 80 4 4
87 86 4 4
87 81 4 4
88 87 4 4
88 80 4 4
88 85 4 4
88 86 4 4
89 87 4 4
89 81 4 4
89 82 4 4
89 80 4 4
90 87 4 4
90 88 4 4
90 82 4 4
90 81 4 4
91 85 4 4
91 83 4 4
91 80 4 4
91 90 4 4
92 87 4 4
92 81 4 4
92 88 4 4
92 90 4 4
93 82 4 4
93 80 4 4
93 91 4 4
93 83 4 4
94 83 4 4
94 92 4 4
94 90 4 4
94 80 4 4
95 88 4 4
95 94 4 4
95 91 4 4
95 87 4 4
96 95 4 4
96 94 4 4
96 88 4 4
96 81 4 4
97 86 4 4
97 81 4 4
97 96 4 4
97 93 4 4
98 84 4 4
98 87 4 4
98 85 4 4
98 88 4 4
99 94 4 4
99 81 4 4
99 91 4 4
99 80 4 4
80 97 4 4
80 98 4 4
80 95 4 4
80 96 4 4
81 94 4 4
81 93 4 4
81 88 4 4
81 91 4 4
82 88 4 4
82 95 4 4
82 87 4 4
82 92 4 4
83 97 4 4
83 92 4 4
83 95 4 4
83 99 4 4
104 100 5 5
104 102 5 5
104 101 5 5
104 103 5 5
105 104 5 5
105 102 5 5
105 101 5 5
105 100 5 5
106 104 5 5
106 101 5 5
106 100 5 5
106 105 5 5
107 102 5 5
107 106 5 5
107 101 5 5
107 105 5 5
108 100 5 5
108 103 5 5
108 104 5 5
108 101 5 5
109 106 5 5
109 107 5 5
109 105 5 5
109 108 5 5
110 109 5 5
110 105 5 5
110 108 5 5
110 101 5 5
111 103 5 5
111 100 5 5
111 106 5 5
111 108 5 5
112 111 5 5
112 102 5 5
112 106 5 5
112 104 5 5
113 108 5 5
113 100 5 5
113 110 5 5
113 103 5 5
114 112 5 5
114 113 5 5
114 103 5 5
114 108 5 5
115 114 5 5
115 109 5 5
115 108 5 5
115 113 5 5
116 112 5 5
116 103 5 5
116 102 5 5
116 105 5 5
117 103 5 5
117 114 5 5
117 116 5 5
117 104 5 5
118 108 5 5
118 114 5 5
118 111 5 5
118 106 5 5
119 118 5 5
119 108 5 5
119 110 5 5
119 104 5 5
100 112 5 5
100 110 5 5
100 116 5 5
100 109 5 5
101 114 5 5
101 111 5 5
101 119 5 5
101 112 5 5
102 106 5 5
102 110 5 5
102 111 5 5
102 113 5 5
103 107 5 5
103 118 5 5
103 109 5 5
103 106 5 5
124 121 6 6
124 123 6 6
124 120 6 6
124 122 6 6
125 121 6 6
125 124 6 6
125 122 6 6
125 123 6 6
126 124 6 6
126 122 6 6
126 121 6 6
126 123 6 6
127 122 6 6
127 123 6 6
127 126 6 6
127 120 6 6
128 120 6 6
128 123 6 6
128 127 6 6
128 122 6 6
129 124 6 6
129 126 6 6
129 125 6 6
129 122 6 6
130 129 6 6
130 124 6 6
130 125 6 6
130 122 6 6
131 123 6 6
131 120 6 6
131 122 6 6
131 130 6 6
132 122 6 6
132 123 6 6
132 127 6 6
132 126 6 6
133 122 6 6
133 127 6 6
133 132 6 6
133 131 6 6
134 127 6 6
134 131 6 6
134 123 6 6
134 126 6 6
135 127 6 6
135 125 6 6
135 120 6 6
135 122 6 6
136 122 6 6
136 134 6 6
136 123 6 6
136 121 6 6
137 124 6 6
137 126 6 6
137 128 6 6
137 123 6 6
138 134 6 6
138 126 6 6
138 137 6 6
138 121 6 6
139 122 6 6
139 128 6 6
139 135 6 6
139 121 6 6
120 134 6 6
120 126 6 6
120 132 6 6
120 133 6 6
121 134 6 6
121 137 6 6
121 133 6 6
121 129 6 6
122 137 6 6
122 134 6 6
122 138 6 6
123 139 6 6
123 135 6 6
123 133 6 6
123 130 6 6
144 143 7 7
144 142 7 7
144 140 7 7
144 141 7 7
145 144 7 7
145 143 7 7
145 141 7 7
145 142 7 7
146 142 7 7
146 140 7 7
146 141 7 7
146 144 7 7
147 146 7 7
147 141 7 7
147 142 7 7
147 140 7 7
148 146 7 7
148 147 7 7
148 142 7 7
148 143 7 7
149 142 7 7
149 141 7 7
149 144 7 7
149 146 7 7
150 140 7 7
150 145 7 7
150 142 7 7
150 147 7 7
151 145 7 7
151 142 7 7
151 140 7 7
151 148 7 7
152 140 7 7
152 150 7 7
152 142 7 7
152 145 7 7
153 148 7 7
153 140 7 7
153 151 7 7
153 147 7 7
154 147 7 7
154 153 7 7
154 148 7 7
154 140 7 7
155 153 7 7
155 151 7 7
155 154 7 7
155 140 7 7
156 147 7 7
156 146 7 7
156 148 7 7
156 149 7 7
157 151 7 7
157 142 7 7
157 140 7 7
157 145 7 7
158 148 7 7
158 153 7 7
158 155 7 7
158 156 7 7
159 149 7 7
159 148 7 7
159 147 7 7
159 142 7 7
140 156 7 7
140 148 7 7
140 158 7 7
140 159 7 7
141 157 7 7
141 154 7 7
141 150 7 7
141 148 7 7
142 154 7 7
142 153 7 7
142 155 7 7
142 156 7 7
143 157 7 7
143 152 7 7
143 151 7 7
143 150 7 7
164 162 8 8
164 161 8 8
164 160 8 8
164 163 8 8
165 164 8 8
165 162 8 8
165 161 8 8
165 160 8 8
166 161 8 8
166 162 8 8
166 160 8 8
166 164 8 8
167 165 8 8
167 160 8 8
167 162 8 8
167 164 8 8
168 166 8 8
168 165 8 8
168 160 8 8
168 167 8 8
169 167 8 8
169 160 8 8
169 166 8 8
169 164 8 8
170 166 8 8
170 162 8 8
170 167 8 8
170 165 8 8
171 166 8 8
171 170 8 8
171 162 8 8
171 161 8 8
172 171 8 8
172 170 8 8
172 163 8 8
172 160 8 8
173 165 8 8
173 169 8 8
173 168 8 8
173 164 8 8
174 160 8 8
174 166 8 8
174 169 8 8
174 162 8 8
175 168 8 8
175 172 8 8
175 162 8 8
175 171 8 8
176 164 8 8
176 175 8 8
176 166 8 8
176 174 8 8
177 166 8 8
177 170 8 8
177 161 8 8
177 175 8 8
178 164 8 8
178 174 8 8
178 176 8 8
178 166 8 8
179 174 8 8
179 178 8 8
179 176 8 8
179 167 8 8
160 176 8 8
160 173 8 8
160 177 8 8
160 178 8 8
161 172 8 8
161 175 8 8
161 169 8 8
161 178 8 8
162 176 8 8
162 168 8 8
162 172 8 8
162 169 8 8
163 166 8 8
163 170 8 8
163 178 8 8
163 169 8 8
184 180 9 9
184 183 9 9
184 182 9 9
184 181 9 9
185 181 9 9
185 183 9 9
185 182 9 9
185 180 9 9
186 185 9 9
186 181 9 9
186 182 9 9
186 183 9 9
187 186 9 9
187 183 9 9
187 180 9 9
187 181 9 9
188 182 9 9
188 183 9 9
188 185 9 9
188 180 9 9
189 183 9 9
189 180 9 9
189 188 9 9
189 186 9 9
190 180 9 9
190 182 9 9
190 181 9 9
190 188 9 9
191 180 9 9
191 182 9 9
191 186 9 9
191 187 9 9
192 190 9 9
192 187 9 9
192 180 9 9
192 183 9 9
193 191 9 9
193 189 9 9
193 185 9 9
193 186 9 9
194 189 9 9
194 184 9 9
194 188 9 9
194 182 9 9
195 185 9 9
195 186 9 9
195 183 9 9
195 182 9 9
196 185 9 9
196 187 9 9
196 195 9 9
196 194 9 9
197 183 9 9
197 186 9 9
197 195 9 9
197 187 9 9
198 184 9 9
198 182 9 9
198 191 9 9
198 194 9 9
199 193 9 9
199 188 9 9
199 194 9 9
199 187 9 9
180 197 9 9
180 195 9 9
180 193 9 9
180 186 9 9
181 196 9 9
181 191 9 9
181 194 9 9
181 193 9 9
182 196 9 9
182 199 9 9
182 189 9 9
182 192 9 9
183 191 9 9
183 193 9 9
183 199 9 9
183 190 9 9
204 203 10 10
204 201 10 10
204 200 10 10
204 202 10 10
205 201 10 10
205 200 10 10
205 203 10 10
205 204 10 10
206 202 10 10
206 205 10 10
206 200 10 10
206 203 10 10
207 203 10 10
207 202 10 10
207 201 10 10
207 205 10 10
208 201 10 10
208 202 10 10
208 206 10 10
208 204 10 10
209 205 10 10
209 208 10 10
209 201 10 10
209 200 10 10
210 205 10 10
210 209 10 10
210 200 10 10
210 204 10 10
211 206 10 10
211 203 10 10
211 204 10 10
211 207 10 10
212 205 10 10
212 210 10 10
212 204 10 10
212 201 10 10
213 204 10 10
213 201 10 10
213 210 10 10
213 209 10 10
214 201 10 10
214 210 10 10
214 211 10 10
214 202 10 10
215 205 10 10
215 214 10 10
215 209 10 10
215 210 10 10
216 214 10 10
216 211 10 10
216 209 10 10
216 200 10 10
217 212 10 10
217 209 10 10
217 203 10 10
217 216 10 10
218 215 10 10
218 206 10 10
218 202 10 10
218 207 10 10
219 215 10 10
219 214 10 10
219 201 10 10
219 209 10 10
200 214 10 10
200 207 10 10
200 211 10 10
200 219 10 10
201 216 10 10
201 211 10 10
201 215 10 10
201 217 10 10
202 219 10 10
202 209 10 10
202 215 10 10
202 211 10 10
203 209 10 10
203 213 10 10
203 210 10 10
203 219 10 10
224 221 11 11
224 220 11 11
224 222 11 11
224 223 11 11
225 223 11 11
225 224 11 11
225 220 11 11
225 222 11 11
226 225 11 11
226 223 11 11
226 224 11 11
226 220 11 11
227 221 11 11
227 225 11 11
227 222 11 11
227 224 11 11
228 223 11 11
228 224 11 11
228 220 11 11
228 225 11 11
229 222 11 11
229 228 11 11
229 225 11 11
229 220 11 11
230 229 11 11
230 224 11 11
230 223 11 11
230 226 11 11
231 229 11 11
231 226 11 11
231 222 11 11
231 225 11 11
232 220 11 11
232 229 11 11
232 221 11 11
232 230 11 11
233 232 11 11
233 221 11 11
233 225 11 11
233 223 11 11
234 226 11 11
234 225 11 11
234 220 11 11
234 224 11 11
235 228 11 11
235 222 11 11
235 221 11 11
235 227 11 11
236 220 11 11
236 226 11 11
236 232 11 11
236 233 11 11
237 229 11 11
237 226 11 11
237 221 11 11
237 220 11 11
238 233 11 11
238 237 11 11
238 229 11 11
238 232 11 11
239 222 11 11
239 233 11 11
239 224 11 11
239 229 11 11
220 227 11 11
220 238 11 11
220 231 11 11
220 235 11 11
221 236 11 11
221 226 11 11
221 229 11 11
221 228 11 11
222 226 11 11
222 236 11 11
222 234 11 11
222 237 11 11
223 237 11 11
223 236 11 11
223 232 11 11
223 238 11 11
244 241 12 12
244 242 12 12
244 240 12 12
244 243 12 12
245 241 12 12
245 242 12 12
245 244 12 12
245 240 12 12
246 242 12 12
246 244 12 12
246 240 12 12
246 241 12 12
247 243 12 12
247 246 12 12
247 241 12 12
247 245 12 12
248 247 12 12
248 245 12 12
248 244 12 12
248 240 12 12
249 242 12 12
249 247 12 12
249 240 12 12
249 243 12 12
250 247 12 12
250 243 12 12
250 240 12 12
250 242 12 12
251 240 12 12
251 241 12 12
251 249 12 12
251 250 12 12
252 242 12 12
252 240 12 12
252 241 12 12
252 249 12 12
253 243 12 12
253 241 12 12
253 251 12 12
253 247 12 12
254 241 12 12
254 244 12 12
254 247 12 12
254 245 12 12
255 244 12 12
255 252 12 12
255 241 12 12
255 248 12 12
256 244 12 12
256 243 12 12
256 253 12 12
256 240 12 12
257 241 12 12
257 255 12 12
257 243 12 12
257 249 12 12
258 254 12 12
258 248 12 12
258 240 12 12
258 256 12 12
259 250 12 12
259 247 12 12
259 252 12 12
259 240 12 12
240 247 12 12
240 257 12 12
240 254 12 12
240 255 12 12
241 256 12 12
241 249 12 12
241 259 12 12
241 248 12 12
242 255 12 12
242 253 12 12
242 251 12 12
242 247 12 12
243 246 12 12
243 259 12 12
243 252 12 12
243 245 12 12
264 261 13 13
264 260 13 13
264 262 13 13
264 263 13 13
265 263 13 13
265 260 13 13
265 261 13 13
265 262 13 13
266 265 13 13
266 260 13 13
266 262 13 13
266 263 13 13
267 266 13 13
267 262 13 13
267 263 13 13
267 265 13 13
268 262 13 13
268 261 13 13
268 260 13 13
268 264 13 13
269 261 13 13
269 268 13 13
269 265 13 13
269 266 13 13
270 266 13 13
270 267 13 13
270 260 13 13
270 262 13 13
271 268 13 13
271 269 13 13
271 264 13 13
271 270 13 13
272 269 13 13
272 268 13 13
272 264 13 13
272 266 13 13
273 265 13 13
273 272 13 13
273 262 13 13
273 260 13 13
274 262 13 13
274 261 13 13
274 270 13 13
274 264 13 13
275 272 13 13
275 262 13 13
275 270 13 13
275 266 13 13
276 265 13 13
276 260 13 13
276 270 13 13
276 262 13 13
277 271 13 13
277 272 13 13
277 263 13 13
277 269 13 13
278 276 13 13
278 264 13 13
278 271 13 13
278 273 13 13
279 275 13 13
279 273 13 13
279 260 13 13
279 267 13 13
260 271 13 13
260 269 13 13
260 272 13 13
260 267 13 13
261 270 13 13
261 273 13 13
261 276 13 13
261 278 13 13
262 272 13 13
262 279 13 13
262 271 13 13
262 269 13 13
263 272 13 13
263 276 13 13
263 270 13 13
263 273 13 13
284 283 14 14
284 282 14 14
284 280 14 14
284 281 14 14
285 280 14 14
285 283 14 14
285 281 14 14
285 282 14 14
286 285 14 14
286 280 14 14
286 284 14 14
286 282 14 14
287 281 14 14
287 285 14 14
287 284 14 14
287 286 14 14
288 287 14 14
288 282 14 14
288 284 14 14
288 283 14 14
289 282 14 14
289 283 14 14
289 287 14 14
289 280 14 14
290 287 14 14
290 284 14 14
290 280 14 14
290 288 14 14
291 284 14 14
291 282 14 14
291 286 14 14
291 288 14 14
292 284 14 14
292 286 14 14
292 290 14 14
292 285 14 14
293 284 14 14
293 281 14 14
293 285 14 14
293 292 14 14
294 283 14 14
294 282 14 14
294 285 14 14
294 293 14 14
295 285 14 14
295 283 14 14
295 280 14 14
295 294 14 14
296 284 14 14
296 285 14 14
296 281 14 14
296 286 14 14
297 288 14 14
297 285 14 14
297 282 14 14
297 281 14 14
298 288 14 14
298 287 14 14
298 285 14 14
298 296 14 14
299 297 14 14
299 295 14 14
299 288 14 14
299 280 14 14
280 297 14 14
280 287 14 14
280 298 14 14
280 296 14 14
281 288 14 14
281 290 14 14
281 289 14 14
281 294 14 14
282 290 14 14
282 299 14 14
282 293 14 14
282 287 14 14
283 298 14 14
283 286 14 14
283 287 14 14
283 299 14 14
304 302 15 15
304 301 15 15
304 300 15 15
304 303 15 15
305 304 15 15
305 301 15 15
305 300 15 15
305 302 15 15
306 302 15 15
306 301 15 15
306 303 15 15
306 305 15 15
307 305 15 15
307 304 15 15
307 302 15 15
307 306 15 15
308 301 15 15
308 306 15 15
308 300 15 15
308 303 15 15
309 306 15 15
309 302 15 15
309 300 15 15
309 308 15 15
310 306 15 15
310 308 15 15
310 300 15 15
310 307 15 15
311 302 15 15
311 309 15 15
311 306 15 15
311 304 15 15
312 303 15 15
312 309 15 15
312 308 15 15
312 305 15 15
313 308 15 15
313 304 15 15
313 311 15 15
313 307 15 15
314 303 15 15
314 313 15 15
314 311 15 15
314 310 15 15
315 301 15 15
315 313 15 15
315 307 15 15
315 302 15 15
316 308 15 15
316 302 15 15
316 305 15 15
316 315 15 15
317 308 15 15
317 312 15 15
317 314 15 15
317 303 15 15
318 315 15 15
318 302 15 15
318 307 15 15
318 305 15 15
319 314 15 15
319 310 15 15
319 301 15 15
319 313 15 15
300 314 15 15
300 311 15 15
300 306 15 15
300 313 15 15
301 311 15 15
301 318 15 15
301 317 15 15
301 310 15 15
302 312 15 15
302 308 15 15
302 313 15 15
302 314 15 15
303 309 15 15
303 311 15 15
303 315 15 15
303 319 15 15
81 49 4 2
94 64 4 3
82 24 4 1
98 2 4 0
104 54 5 2
119 86 5 4
100 30 5 1
100 77 5 3
136 77 6 3
136 29 6 1
128 3 6 0
124 99 6 4
158 101 7 5
144 28 7 1
158 89 7 4
151 0 7 0
165 147 8 7
174 125 8 6
164 60 8 3
171 90 8 4
199 141 9 7
196 173 9 8
196 117 9 5
180 139 9 6
217 162 10 8
206 155 10 7
207 196 10 9
215 96 10 4
229 166 11 8
227 209 11 10
239 191 11 9
234 44 11 2
240 91 12 4
259 169 12 8
247 221 12 11
242 108 12 5
265 192 13 9
266 144 13 7
276 124 13 6
265 247 13 12
299 169 14 8
287 212 14 10
289 258 14 12
283 101 14 5
300 235 15 11
309 41 15 2
306 158 15 7
315 189 15 9
17 286 0 14
9 108 0 5
16 279 0 13
7 167 0 8
35 248 1 12
34 188 1 9
39 280 1 14
24 265 1 13
45 282 2 14
59 248 2 12
49 168 2 8
53 123 2 6
73 238 3 11
71 240 3 12
73 267 3 13
68 142 3 7
