swNum = 320
edgeNum = 1344

0 0
1 0
2 0
3 0
4 0
5 0
6 0
7 0
8 0
9 0
10 0
11 0
12 0
13 0
14 0
15 0
16 0
17 0
18 0
19 0
20 1
21 1
22 1
23 1
24 1
25 1
26 1
27 1
28 1
29 1
30 1
31 1
32 1
33 1
34 1
35 1
36 1
37 1
38 1
39 1
40 2
41 2
42 2
43 2
44 2
45 2
46 2
47 2
48 2
49 2
50 2
51 2
52 2
53 2
54 2
55 2
56 2
57 2
58 2
59 2
60 3
61 3
62 3
63 3
64 3
65 3
66 3
67 3
68 3
69 3
70 3
71 3
72 3
73 3
74 3
75 3
76 3
77 3
78 3
79 3
80 4
81 4
82 4
83 4
84 4
85 4
86 4
87 4
88 4
89 4
90 4
91 4
92 4
93 4
94 4
95 4
96 4
97 4
98 4
99 4
100 5
101 5
102 5
103 5
104 5
105 5
106 5
107 5
108 5
109 5
110 5
111 5
112 5
113 5
114 5
115 5
116 5
117 5
118 5
119 5
120 6
121 6
122 6
123 6
124 6
125 6
126 6
127 6
128 6
129 6
130 6
131 6
132 6
133 6
134 6
135 6
136 6
137 6
138 6
139 6
140 7
141 7
142 7
143 7
144 7
145 7
146 7
147 7
148 7
149 7
150 7
151 7
152 7
153 7
154 7
155 7
156 7
157 7
158 7
159 7
160 8
161 8
162 8
163 8
164 8
165 8
166 8
167 8
168 8
169 8
170 8
171 8
172 8
173 8
174 8
175 8
176 8
177 8
178 8
179 8
180 9
181 9
182 9
183 9
184 9
185 9
186 9
187 9
188 9
189 9
190 9
191 9
192 9
193 9
194 9
195 9
196 9
197 9
198 9
199 9
200 10
201 10
202 10
203 10
204 10
205 10
206 10
207 10
208 10
209 10
210 10
211 10
212 10
213 10
214 10
215 10
216 10
217 10
218 10
219 10
220 11
221 11
222 11
223 11
224 11
225 11
226 11
227 11
228 11
229 11
230 11
231 11
232 11
233 11
234 11
235 11
236 11
237 11
238 11
239 11
240 12
241 12
242 12
243 12
244 12
245 12
246 12
247 12
248 12
249 12
250 12
251 12
252 12
253 12
254 12
255 12
256 12
257 12
258 12
259 12
260 13
261 13
262 13
263 13
264 13
265 13
266 13
267 13
268 13
269 13
270 13
271 13
272 13
273 13
274 13
275 13
276 13
277 13
278 13
279 13
280 14
281 14
282 14
283 14
284 14
285 14
286 14
287 14
288 14
289 14
290 14
291 14
292 14
293 14
294 14
295 14
296 14
297 14
298 14
299 14
300 15
301 15
302 15
303 15
304 15
305 15
306 15
307 15
308 15
309 15
310 15
311 15
312 15
313 15
314 15
315 15
316 15
317 15
318 15
319 15

4 2 0 0
4 0 0 0
4 3 0 0
4 1 0 0
5 2 0 0
5 3 0 0
5 4 0 0
5 0 0 0
6 5 0 0
6 2 0 0
6 4 0 0
6 1 0 0
7 0 0 0
7 3 0 0
7 1 0 0
7 5 0 0
8 7 0 0
8 3 0 0
8 2 0 0
8 5 0 0
9 2 0 0
9 4 0 0
9 1 0 0
9 5 0 0
10 0 0 0
10 2 0 0
10 6 0 0
10 7 0 0
11 0 0 0
11 3 0 0
11 1 0 0
11 4 0 0
12 7 0 0
12 3 0 0
12 0 0 0
12 10 0 0
13 3 0 0
13 9 0 0
13 5 0 0
13 10 0 0
14 0 0 0
14 10 0 0
14 13 0 0
14 4 0 0
15 10 0 0
15 7 0 0
15 8 0 0
15 0 0 0
16 12 0 0
16 0 0 0
16 14 0 0
16 1 0 0
17 3 0 0
17 12 0 0
17 8 0 0
17 5 0 0
18 7 0 0
18 16 0 0
18 17 0 0
18 12 0 0
19 14 0 0
19 18 0 0
19 1 0 0
19 3 0 0
0 13 0 0
0 9 0 0
0 19 0 0
0 8 0 0
1 12 0 0
1 15 0 0
1 14 0 0
1 5 0 0
2 19 0 0
2 17 0 0
2 7 0 0
2 13 0 0
3 9 0 0
3 6 0 0
3 14 0 0
3 18 0 0
24 22 1 1
24 20 1 1
24 23 1 1
24 21 1 1
25 23 1 1
25 20 1 1
25 21 1 1
25 22 1 1
26 21 1 1
26 22 1 1
26 23 1 1
26 20 1 1
27 24 1 1
27 20 1 1
27 26 1 1
27 23 1 1
28 27 1 1
28 25 1 1
28 23 1 1
28 20 1 1
29 28 1 1
29 23 1 1
29 26 1 1
29 22 1 1
30 25 1 1
30 21 1 1
30 24 1 1
30 27 1 1
31 23 1 1
31 25 1 1
31 30 1 1
31 20 1 1
32 27 1 1
32 29 1 1
32 21 1 1
32 28 1 1
33 22 1 1
33 28 1 1
33 20 1 1
33 31 1 1
34 20 1 1
34 21 1 1
34 33 1 1
34 28 1 1
35 28 1 1
35 25 1 1
35 32 1 1
35 34 1 1
36 28 1 1
36 26 1 1
36 24 1 1
36 21 1 1
37 36 1 1
37 20 1 1
37 25 1 1
37 31 1 1
38 26 1 1
38 37 1 1
38 30 1 1
38 22 1 1
39 35 1 1
39 22 1 1
39 20 1 1
39 31 1 1
20 36 1 1
20 29 1 1
20 38 1 1
20 35 1 1
21 28 1 1
21 38 1 1
21 31 1 1
21 33 1 1
22 36 1 1
22 37 1 1
22 35 1 1
22 30 1 1
23 37 1 1
23 35 1 1
23 39 1 1
23 34 1 1
44 40 2 2
44 43 2 2
44 42 2 2
44 41 2 2
45 41 2 2
45 42 2 2
45 44 2 2
45 43 2 2
46 45 2 2
46 40 2 2
46 43 2 2
46 44 2 2
47 43 2 2
47 41 2 2
47 45 2 2
47 42 2 2
48 41 2 2
48 43 2 2
48 42 2 2
48 47 2 2
49 44 2 2
49 40 2 2
49 47 2 2
49 43 2 2
50 44 2 2
50 43 2 2
50 48 2 2
50 47 2 2
51 45 2 2
51 42 2 2
51 43 2 2
51 44 2 2
52 43 2 2
52 41 2 2
52 46 2 2
52 48 2 2
53 49 2 2
53 51 2 2
53 44 2 2
53 40 2 2
54 53 2 2
54 40 2 2
54 50 2 2
54 44 2 2
55 40 2 2
55 48 2 2
55 46 2 2
55 43 2 2
56 45 2 2
56 48 2 2
56 42 2 2
56 47 2 2
57 53 2 2
57 44 2 2
57 50 2 2
57 55 2 2
58 56 2 2
58 47 2 2
58 46 2 2
58 41 2 2
59 43 2 2
59 58 2 2
59 50 2 2
59 55 2 2
40 56 2 2
40 50 2 2
40 52 2 2
40 57 2 2
41 49 2 2
41 55 2 2
41 51 2 2
41 46 2 2
42 58 2 2
42 53 2 2
42 50 2 2
42 57 2 2
43 56 2 2
43 54 2 2
43 57 2 2
43 58 2 2
64 62 3 3
64 63 3 3
64 61 3 3
64 60 3 3
65 64 3 3
65 62 3 3
65 63 3 3
65 61 3 3
66 64 3 3
66 62 3 3
66 61 3 3
66 60 3 3
67 62 3 3
67 64 3 3
67 66 3 3
67 60 3 3
68 67 3 3
68 61 3 3
68 60 3 3
68 64 3 3
69 67 3 3
69 68 3 3
69 64 3 3
69 62 3 3
70 64 3 3
70 63 3 3
70 61 3 3
70 62 3 3
71 65 3 3
71 62 3 3
71 63 3 3
71 61 3 3
72 60 3 3
72 63 3 3
72 61 3 3
72 64 3 3
73 65 3 3
73 68 3 3
73 71 3 3
73 67 3 3
74 73 3 3
74 66 3 3
74 70 3 3
74 72 3 3
75 68 3 3
75 61 3 3
75 69 3 3
75 72 3 3
76 65 3 3
76 70 3 3
76 74 3 3
76 75 3 3
77 70 3 3
77 68 3 3
77 60 3 3
77 74 3 3
78 73 3 3
78 69 3 3
78 61 3 3
78 68 3 3
79 74 3 3
79 77 3 3
79 70 3 3
79 69 3 3
60 79 3 3
60 69 3 3
60 78 3 3
60 70 3 3
61 76 3 3
61 79 3 3
61 74 3 3
61 77 3 3
62 68 3 3
62 74 3 3
62 73 3 3
62 78 3 3
63 76 3 3
63 68 3 3
63 66 3 3
63 74 3 3
84 83 4 4
84 82 4 4
84 80 4 4
84 81 4 4
85 83 4 4
85 81 4 4
85 84 4 4
85 80 4 4
86 81 4 4
86 84 4 4
86 82 4 4
86 80 4 4
87 85 4 4
87 86 4 4
87 80 4 4
87 81 4 4
88 84 4 4
88 82 4 4
88 83 4 4
88 86 4 4
89 87 4 4
89 86 4 4
89 81 4 4
89 85 4 4
90 81 4 4
90 89 4 4
90 82 4 4
90 80 4 4
91 85 4 4
91 80 4 4
91 86 4 4
91 89 4 4
92 91 4 4
92 80 4 4
92 85 4 4
92 86 4 4
93 80 4 4
93 86 4 4
93 89 4 4
93 92 4 4
94 81 4 4
94 89 4 4
94 90 4 4
94 83 4 4
95 93 4 4
95 90 4 4
95 80 4 4
95 94 4 4
96 89 4 4
96 93 4 4
96 87 4 4
96 85 4 4
97 85 4 4
97 96 4 4
97 84 4 4
97 93 4 4
98 93 4 4
98 85 4 4
98 96 4 4
98 95 4 4
99 82 4 4
99 89 4 4
99 80 4 4
99 96 4 4
80 88 4 4
80 96 4 4
80 97 4 4
80 94 4 4
81 95 4 4
81 93 4 4
81 97 4 4
81 98 4 4
82 96 4 4
82 97 4 4
82 89 4 4
82 85 4 4
83 91 4 4
83 97 4 4
83 86 4 4
83 99 4 4
104 101 5 5
104 100 5 5
104 103 5 5
104 102 5 5
105 101 5 5
105 102 5 5
105 103 5 5
105 104 5 5
106 104 5 5
106 101 5 5
106 102 5 5
106 103 5 5
107 103 5 5
107 101 5 5
107 105 5 5
107 100 5 5
108 105 5 5
108 107 5 5
108 106 5 5
108 103 5 5
109 100 5 5
109 102 5 5
109 103 5 5
109 106 5 5
110 100 5 5
110 102 5 5
110 108 5 5
110 101 5 5
111 104 5 5
111 109 5 5
111 106 5 5
111 103 5 5
112 109 5 5
112 100 5 5
112 104 5 5
112 103 5 5
113 104 5 5
113 112 5 5
113 100 5 5
113 111 5 5
114 107 5 5
114 105 5 5
114 103 5 5
114 106 5 5
115 111 5 5
115 103 5 5
115 104 5 5
115 106 5 5
116 102 5 5
116 101 5 5
116 104 5 5
116 115 5 5
117 104 5 5
117 106 5 5
117 116 5 5
117 113 5 5
118 108 5 5
118 107 5 5
118 114 5 5
118 113 5 5
119 104 5 5
119 109 5 5
119 101 5 5
119 113 5 5
100 108 5 5
100 111 5 5
100 118 5 5
100 119 5 5
101 113 5 5
101 115 5 5
101 111 5 5
101 109 5 5
102 119 5 5
102 113 5 5
102 107 5 5
102 112 5 5
103 116 5 5
103 117 5 5
103 119 5 5
103 110 5 5
124 122 6 6
124 120 6 6
124 123 6 6
124 121 6 6
125 124 6 6
125 122 6 6
125 123 6 6
125 121 6 6
126 125 6 6
126 124 6 6
126 123 6 6
126 120 6 6
127 126 6 6
127 124 6 6
127 122 6 6
127 120 6 6
128 123 6 6
128 124 6 6
128 122 6 6
128 125 6 6
129 123 6 6
129 122 6 6
129 128 6 6
129 127 6 6
130 128 6 6
130 122 6 6
130 125 6 6
130 123 6 6
131 129 6 6
131 121 6 6
131 126 6 6
131 127 6 6
132 123 6 6
132 131 6 6
132 124 6 6
132 125 6 6
133 128 6 6
133 122 6 6
133 129 6 6
133 123 6 6
134 133 6 6
134 125 6 6
134 124 6 6
134 122 6 6
135 120 6 6
135 126 6 6
135 123 6 6
135 130 6 6
136 133 6 6
136 125 6 6
136 127 6 6
136 123 6 6
137 129 6 6
137 134 6 6
137 123 6 6
137 136 6 6
138 124 6 6
138 126 6 6
138 135 6 6
138 128 6 6
139 120 6 6
139 137 6 6
139 129 6 6
139 136 6 6
120 137 6 6
120 130 6 6
120 138 6 6
120 134 6 6
121 132 6 6
121 134 6 6
121 127 6 6
121 130 6 6
122 135 6 6
122 131 6 6
122 137 6 6
122 132 6 6
123 127 6 6
123 134 6 6
123 131 6 6
123 138 6 6
144 143 7 7
144 142 7 7
144 141 7 7
144 140 7 7
145 140 7 7
145 143 7 7
145 142 7 7
145 141 7 7
146 144 7 7
146 142 7 7
146 141 7 7
146 143 7 7
147 140 7 7
147 145 7 7
147 144 7 7
147 141 7 7
148 145 7 7
148 144 7 7
148 143 7 7
148 140 7 7
149 140 7 7
149 145 7 7
149 147 7 7
149 143 7 7
150 142 7 7
150 144 7 7
150 146 7 7
150 141 7 7
151 140 7 7
151 145 7 7
151 148 7 7
151 147 7 7
152 149 7 7
152 143 7 7
152 151 7 7
152 148 7 7
153 142 7 7
153 147 7 7
153 151 7 7
153 145 7 7
154 148 7 7
154 146 7 7
154 152 7 7
154 147 7 7
155 143 7 7
155 150 7 7
155 145 7 7
155 141 7 7
156 146 7 7
156 155 7 7
156 149 7 7
156 153 7 7
157 145 7 7
157 152 7 7
157 147 7 7
157 150 7 7
158 153 7 7
158 148 7 7
158 140 7 7
158 149 7 7
159 148 7 7
159 154 7 7
159 149 7 7
159 144 7 7
140 154 7 7
140 159 7 7
140 155 7 7
140 157 7 7
141 156 7 7
141 157 7 7
141 153 7 7
141 159 7 7
142 157 7 7
142 156 7 7
142 149 7 7
142 158 7 7
143 158 7 7
143 153 7 7
143 156 7 7
143 157 7 7
164 160 8 8
164 162 8 8
164 161 8 8
164 163 8 8
165 163 8 8
165 160 8 8
165 162 8 8
165 161 8 8
166 164 8 8
166 162 8 8
166 160 8 8
166 165 8 8
167 166 8 8
167 164 8 8
167 160 8 8
167 161 8 8
168 166 8 8
168 163 8 8
168 162 8 8
168 161 8 8
169 160 8 8
169 166 8 8
169 161 8 8
169 163 8 8
170 166 8 8
170 169 8 8
170 167 8 8
170 162 8 8
171 164 8 8
171 166 8 8
171 160 8 8
171 168 8 8
172 167 8 8
172 171 8 8
172 161 8 8
172 160 8 8
173 170 8 8
173 167 8 8
173 166 8 8
173 164 8 8
174 164 8 8
174 167 8 8
174 161 8 8
174 165 8 8
175 166 8 8
175 174 8 8
175 164 8 8
175 173 8 8
176 174 8 8
176 164 8 8
176 167 8 8
176 162 8 8
177 160 8 8
177 175 8 8
177 161 8 8
177 168 8 8
178 161 8 8
178 176 8 8
178 168 8 8
178 169 8 8
179 176 8 8
179 173 8 8
179 170 8 8
179 164 8 8
160 174 8 8
160 168 8 8
160 176 8 8
160 175 8 8
161 176 8 8
161 179 8 8
161 171 8 8
161 166 8 8
162 169 8 8
162 172 8 8
162 173 8 8
162 171 8 8
163 166 8 8
163 171 8 8
163 177 8 8
163 178 8 8
184 183 9 9
184 182 9 9
184 180 9 9
184 181 9 9
185 184 9 9
185 183 9 9
185 181 9 9
185 180 9 9
186 180 9 9
186 182 9 9
186 181 9 9
186 184 9 9
187 185 9 9
187 181 9 9
187 183 9 9
187 186 9 9
188 185 9 9
188 180 9 9
188 184 9 9
188 186 9 9
189 185 9 9
189 184 9 9
189 188 9 9
189 183 9 9
190 189 9 9
190 184 9 9
190 182 9 9
190 185 9 9
191 181 9 9
191 182 9 9
191 183 9 9
191 186 9 9
192 188 9 9
192 190 9 9
192 184 9 9
192 181 9 9
193 180 9 9
193 192 9 9
193 189 9 9
193 188 9 9
194 186 9 9
194 180 9 9
194 188 9 9
194 193 9 9
195 188 9 9
195 182 9 9
195 185 9 9
195 189 9 9
196 193 9 9
196 186 9 9
196 195 9 9
196 189 9 9
197 180 9 9
197 185 9 9
197 181 9 9
197 194 9 9
198 186 9 9
198 197 9 9
198 195 9 9
198 180 9 9
199 189 9 9
199 197 9 9
199 182 9 9
199 192 9 9
180 192 9 9
180 199 9 9
180 196 9 9
180 189 9 9
181 198 9 9
181 189 9 9
181 193 9 9
181 195 9 9
182 185 9 9
182 198 9 9
182 197 9 9
182 187 9 9
183 190 9 9
183 198 9 9
183 188 9 9
183 199 9 9
204 201 10 10
204 202 10 10
204 203 10 10
204 200 10 10
205 201 10 10
205 200 10 10
205 202 10 10
205 203 10 10
206 201 10 10
206 202 10 10
206 203 10 10
206 204 10 10
207 205 10 10
207 206 10 10
207 201 10 10
207 204 10 10
208 200 10 10
208 205 10 10
208 204 10 10
208 202 10 10
209 206 10 10
209 208 10 10
209 205 10 10
209 200 10 10
210 204 10 10
210 209 10 10
210 203 10 10
210 202 10 10
211 210 10 10
211 209 10 10
211 203 10 10
211 207 10 10
212 210 10 10
212 204 10 10
212 211 10 10
212 203 10 10
213 202 10 10
213 205 10 10
213 211 10 10
213 208 10 10
214 213 10 10
214 212 10 10
214 203 10 10
214 202 10 10
215 206 10 10
215 209 10 10
215 205 10 10
215 204 10 10
216 202 10 10
216 214 10 10
216 209 10 10
216 215 10 10
217 214 10 10
217 204 10 10
217 211 10 10
217 203 10 10
218 214 10 10
218 213 10 10
218 200 10 10
218 212 10 10
219 217 10 10
219 208 10 10
219 200 10 10
219 213 10 10
200 213 10 10
200 214 10 10
200 210 10 10
200 215 10 10
201 215 10 10
201 218 10 10
201 213 10 10
201 208 10 10
202 209 10 10
202 211 10 10
202 218 10 10
202 207 10 10
203 207 10 10
203 216 10 10
203 218 10 10
203 213 10 10
224 220 11 11
224 222 11 11
224 223 11 11
224 221 11 11
225 220 11 11
225 223 11 11
225 224 11 11
225 222 11 11
226 225 11 11
226 220 11 11
226 224 11 11
226 222 11 11
227 225 11 11
227 223 11 11
227 220 11 11
227 224 11 11
228 223 11 11
228 226 11 11
228 227 11 11
228 224 11 11
229 224 11 11
229 227 11 11
229 223 11 11
229 225 11 11
230 228 11 11
230 222 11 11
230 224 11 11
230 226 11 11
231 223 11 11
231 222 11 11
231 229 11 11
231 225 11 11
232 231 11 11
232 229 11 11
232 225 11 11
232 221 11 11
233 224 11 11
233 231 11 11
233 220 11 11
233 227 11 11
234 227 11 11
234 233 11 11
234 224 11 11
234 221 11 11
235 226 11 11
235 232 11 11
235 228 11 11
235 230 11 11
236 220 11 11
236 233 11 11
236 225 11 11
236 235 11 11
237 235 11 11
237 226 11 11
237 228 11 11
237 220 11 11
238 227 11 11
238 233 11 11
238 236 11 11
238 229 11 11
239 220 11 11
239 225 11 11
239 231 11 11
239 229 11 11
220 228 11 11
220 231 11 11
220 232 11 11
220 235 11 11
221 230 11 11
221 237 11 11
221 225 11 11
221 231 11 11
222 236 11 11
222 237 11 11
222 227 11 11
222 234 11 11
223 232 11 11
223 238 11 11
223 234 11 11
223 236 11 11
244 240 12 12
244 243 12 12
244 241 12 12
244 242 12 12
245 241 12 12
245 244 12 12
245 242 12 12
245 240 12 12
246 240 12 12
246 241 12 12
246 243 12 12
246 242 12 12
247 246 12 12
247 241 12 12
247 245 12 12
247 242 12 12
248 240 12 12
248 241 12 12
248 244 12 12
248 243 12 12
249 243 12 12
249 244 12 12
249 242 12 12
249 240 12 12
250 249 12 12
250 244 12 12
250 243 12 12
250 248 12 12
251 246 12 12
251 247 12 12
251 244 12 12
251 250 12 12
252 251 12 12
252 245 12 12
252 246 12 12
252 247 12 12
253 240 12 12
253 248 12 12
253 244 12 12
253 250 12 12
254 241 12 12
254 246 12 12
254 251 12 12
254 253 12 12
255 251 12 12
255 246 12 12
255 252 12 12
255 242 12 12
256 247 12 12
256 242 12 12
256 249 12 12
256 254 12 12
257 245 12 12
257 240 12 12
257 241 12 12
257 244 12 12
258 255 12 12
258 247 12 12
258 245 12 12
258 241 12 12
259 254 12 12
259 240 12 12
259 244 12 12
259 249 12 12
240 252 12 12
240 250 12 12
240 254 12 12
240 247 12 12
241 250 12 12
241 256 12 12
241 249 12 12
241 259 12 12
242 248 12 12
242 258 12 12
242 250 12 12
242 259 12 12
243 258 12 12
243 256 12 12
243 247 12 12
243 253 12 12
264 260 13 13
264 263 13 13
264 261 13 13
264 262 13 13
265 262 13 13
265 264 13 13
265 260 13 13
265 263 13 13
266 262 13 13
266 265 13 13
266 260 13 13
266 263 13 13
267 262 13 13
267 260 13 13
267 265 13 13
267 261 13 13
268 264 13 13
268 263 13 13
268 267 13 13
268 266 13 13
269 263 13 13
269 261 13 13
269 266 13 13
269 262 13 13
270 269 13 13
270 265 13 13
270 267 13 13
270 264 13 13
271 260 13 13
271 265 13 13
271 267 13 13
271 268 13 13
272 268 13 13
272 266 13 13
272 262 13 13
272 267 13 13
273 269 13 13
273 263 13 13
273 261 13 13
273 270 13 13
274 273 13 13
274 264 13 13
274 265 13 13
274 268 13 13
275 268 13 13
275 269 13 13
275 261 13 13
275 263 13 13
276 261 13 13
276 272 13 13
276 273 13 13
276 268 13 13
277 274 13 13
277 268 13 13
277 260 13 13
277 262 13 13
278 264 13 13
278 260 13 13
278 265 13 13
278 269 13 13
279 260 13 13
279 262 13 13
279 278 13 13
279 274 13 13
260 274 13 13
260 275 13 13
260 268 13 13
260 270 13 13
261 271 13 13
261 266 13 13
261 274 13 13
261 272 13 13
262 270 13 13
262 268 13 13
262 271 13 13
262 278 13 13
263 267 13 13
263 276 13 13
263 270 13 13
263 277 13 13
284 282 14 14
284 281 14 14
284 280 14 14
284 283 14 14
285 281 14 14
285 280 14 14
285 283 14 14
285 284 14 14
286 283 14 14
286 285 14 14
286 282 14 14
286 280 14 14
287 286 14 14
287 283 14 14
287 280 14 14
287 282 14 14
288 286 14 14
288 285 14 14
288 281 14 14
288 282 14 14
289 287 14 14
289 281 14 14
289 282 14 14
289 285 14 14
290 284 14 14
290 281 14 14
290 280 14 14
290 287 14 14
291 287 14 14
291 282 14 14
291 289 14 14
291 284 14 14
292 286 14 14
292 281 14 14
292 291 14 14
292 284 14 14
293 281 14 14
293 292 14 14
293 284 14 14
293 282 14 14
294 284 14 14
294 289 14 14
294 287 14 14
294 290 14 14
295 281 14 14
295 294 14 14
295 290 14 14
295 280 14 14
296 282 14 14
296 280 14 14
296 294 14 14
296 283 14 14
297 281 14 14
297 288 14 14
297 287 14 14
297 280 14 14
298 292 14 14
298 283 14 14
298 286 14 14
298 291 14 14
299 281 14 14
299 282 14 14
299 280 14 14
299 286 14 14
280 293 14 14
280 289 14 14
280 294 14 14
280 292 14 14
281 294 14 14
281 296 14 14
281 298 14 14
281 291 14 14
282 298 14 14
282 292 14 14
282 290 14 14
282 285 14 14
283 289 14 14
283 299 14 14
283 292 14 14
283 295 14 14
304 302 15 15
304 300 15 15
304 303 15 15
304 301 15 15
305 304 15 15
305 303 15 15
305 300 15 15
305 301 15 15
306 302 15 15
306 301 15 15
306 300 15 15
306 304 15 15
307 303 15 15
307 305 15 15
307 304 15 15
307 300 15 15
308 307 15 15
308 306 15 15
308 302 15 15
308 301 15 15
309 304 15 15
309 307 15 15
309 305 15 15
309 303 15 15
310 302 15 15
310 300 15 15
310 307 15 15
310 309 15 15
311 301 15 15
311 305 15 15
311 304 15 15
311 309 15 15
312 304 15 15
312 309 15 15
312 307 15 15
312 303 15 15
313 310 15 15
313 300 15 15
313 305 15 15
313 303 15 15
314 311 15 15
314 309 15 15
314 307 15 15
314 306 15 15
315 314 15 15
315 309 15 15
315 302 15 15
315 312 15 15
316 312 15 15
316 304 15 15
316 315 15 15
316 300 15 15
317 307 15 15
317 309 15 15
317 316 15 15
317 304 15 15
318 311 15 15
318 301 15 15
318 309 15 15
318 308 15 15
319 310 15 15
319 309 15 15
319 315 15 15
319 303 15 15
300 317 15 15
300 314 15 15
300 309 15 15
300 319 15 15
301 307 15 15
301 314 15 15
301 316 15 15
301 309 15 15
302 312 15 15
302 313 15 15
302 317 15 15
302 316 15 15
303 315 15 15
303 310 15 15
303 318 15 15
303 317 15 15
86 50 4 2
90 61 4 3
99 4 4 0
86 39 4 1
112 49 5 2
112 68 5 3
110 94 5 4
115 37 5 1
128 79 6 3
135 58 6 2
134 111 6 5
139 96 6 4
153 53 7 2
146 128 7 6
156 84 7 4
151 29 7 1
175 74 8 3
172 27 8 1
173 116 8 5
166 136 8 6
184 52 9 2
184 150 9 7
186 16 9 0
184 64 9 3
218 192 10 9
206 14 10 0
219 114 10 5
207 159 10 7
234 189 11 9
225 116 11 5
222 44 11 2
226 171 11 8
258 82 12 4
255 112 12 5
250 120 12 6
244 155 12 7
261 96 13 4
268 119 13 5
260 243 13 12
263 147 13 7
295 118 14 5
282 190 14 9
287 221 14 11
283 43 14 2
306 171 15 8
315 114 15 5
305 99 15 4
307 186 15 9
18 264 0 13
6 305 0 15
13 179 0 8
13 248 0 12
32 127 1 6
20 206 1 10
26 272 1 13
36 182 1 9
45 207 2 10
52 276 2 13
55 172 2 8
50 315 2 15
73 213 3 10
71 308 3 15
65 288 3 14
73 142 3 7
