swNum = 320
edgeNum = 1344

0 0
1 0
2 0
3 0
4 0
5 0
6 0
7 0
8 0
9 0
10 0
11 0
12 0
13 0
14 0
15 0
16 0
17 0
18 0
19 0
20 1
21 1
22 1
23 1
24 1
25 1
26 1
27 1
28 1
29 1
30 1
31 1
32 1
33 1
34 1
35 1
36 1
37 1
38 1
39 1
40 2
41 2
42 2
43 2
44 2
45 2
46 2
47 2
48 2
49 2
50 2
51 2
52 2
53 2
54 2
55 2
56 2
57 2
58 2
59 2
60 3
61 3
62 3
63 3
64 3
65 3
66 3
67 3
68 3
69 3
70 3
71 3
72 3
73 3
74 3
75 3
76 3
77 3
78 3
79 3
80 4
81 4
82 4
83 4
84 4
85 4
86 4
87 4
88 4
89 4
90 4
91 4
92 4
93 4
94 4
95 4
96 4
97 4
98 4
99 4
100 5
101 5
102 5
103 5
104 5
105 5
106 5
107 5
108 5
109 5
110 5
111 5
112 5
113 5
114 5
115 5
116 5
117 5
118 5
119 5
120 6
121 6
122 6
123 6
124 6
125 6
126 6
127 6
128 6
129 6
130 6
131 6
132 6
133 6
134 6
135 6
136 6
137 6
138 6
139 6
140 7
141 7
142 7
143 7
144 7
145 7
146 7
147 7
148 7
149 7
150 7
151 7
152 7
153 7
154 7
155 7
156 7
157 7
158 7
159 7
160 8
161 8
162 8
163 8
164 8
165 8
166 8
167 8
168 8
169 8
170 8
171 8
172 8
173 8
174 8
175 8
176 8
177 8
178 8
179 8
180 9
181 9
182 9
183 9
184 9
185 9
186 9
187 9
188 9
189 9
190 9
191 9
192 9
193 9
194 9
195 9
196 9
197 9
198 9
199 9
200 10
201 10
202 10
203 10
204 10
205 10
206 10
207 10
208 10
209 10
210 10
211 10
212 10
213 10
214 10
215 10
216 10
217 10
218 10
219 10
220 11
221 11
222 11
223 11
224 11
225 11
226 11
227 11
228 11
229 11
230 11
231 11
232 11
233 11
234 11
235 11
236 11
237 11
238 11
239 11
240 12
241 12
242 12
243 12
244 12
245 12
246 12
247 12
248 12
249 12
250 12
251 12
252 12
253 12
254 12
255 12
256 12
257 12
258 12
259 12
260 13
261 13
262 13
263 13
264 13
265 13
266 13
267 13
268 13
269 13
270 13
271 13
272 13
273 13
274 13
275 13
276 13
277 13
278 13
279 13
280 14
281 14
282 14
283 14
284 14
285 14
286 14
287 14
288 14
289 14
290 14
291 14
292 14
293 14
294 14
295 14
296 14
297 14
298 14
299 14
300 15
301 15
302 15
303 15
304 15
305 15
306 15
307 15
308 15
309 15
310 15
311 15
312 15
313 15
314 15
315 15
316 15
317 15
318 15
319 15

4 2 0 0
4 1 0 0
4 0 0 0
4 3 0 0
5 0 0 0
5 2 0 0
5 4 0 0
5 3 0 0
6 3 0 0
6 2 0 0
6 4 0 0
6 0 0 0
7 2 0 0
7 0 0 0
7 4 0 0
7 3 0 0
8 4 0 0
8 5 0 0
8 7 0 0
8 2 0 0
9 2 0 0
9 6 0 0
9 0 0 0
9 5 0 0
10 6 0 0
10 5 0 0
10 0 0 0
10 4 0 0
11 9 0 0
11 0 0 0
11 3 0 0
11 5 0 0
12 6 0 0
12 2 0 0
12 9 0 0
12 4 0 0
13 8 0 0
13 6 0 0
13 0 0 0
13 5 0 0
14 2 0 0
14 5 0 0
14 10 0 0
14 6 0 0
15 2 0 0
15 13 0 0
15 14 0 0
15 5 0 0
16 12 0 0
16 6 0 0
16 0 0 0
16 13 0 0
17 7 0 0
17 5 0 0
17 13 0 0
17 16 0 0
18 8 0 0
18 0 0 0
18 15 0 0
18 5 0 0
19 7 0 0
19 9 0 0
19 12 0 0
19 13 0 0
0 12 0 0
0 8 0 0
0 17 0 0
0 15 0 0
1 15 0 0
1 10 0 0
1 18 0 0
1 19 0 0
2 18 0 0
2 13 0 0
2 19 0 0
2 16 0 0
3 8 0 0
3 19 0 0
3 16 0 0
3 13 0 0
24 20 1 1
24 21 1 1
24 23 1 1
24 22 1 1
25 20 1 1
25 23 1 1
25 21 1 1
25 24 1 1
26 23 1 1
26 20 1 1
26 22 1 1
26 24 1 1
27 26 1 1
27 23 1 1
27 24 1 1
27 25 1 1
28 20 1 1
28 26 1 1
28 23 1 1
28 25 1 1
29 28 1 1
29 27 1 1
29 25 1 1
29 20 1 1
30 28 1 1
30 24 1 1
30 21 1 1
30 26 1 1
31 21 1 1
31 20 1 1
31 29 1 1
31 28 1 1
32 20 1 1
32 27 1 1
32 26 1 1
32 29 1 1
33 25 1 1
33 31 1 1
33 27 1 1
33 23 1 1
34 26 1 1
34 24 1 1
34 23 1 1
34 28 1 1
35 28 1 1
35 27 1 1
35 31 1 1
35 21 1 1
36 35 1 1
36 28 1 1
36 20 1 1
36 21 1 1
37 30 1 1
37 25 1 1
37 20 1 1
37 26 1 1
38 29 1 1
38 33 1 1
38 36 1 1
38 20 1 1
39 38 1 1
39 32 1 1
39 33 1 1
39 24 1 1
20 39 1 1
20 30 1 1
20 27 1 1
20 33 1 1
21 26 1 1
21 28 1 1
21 27 1 1
21 32 1 1
22 38 1 1
22 35 1 1
22 36 1 1
22 39 1 1
23 29 1 1
23 38 1 1
23 31 1 1
23 37 1 1
44 40 2 2
44 41 2 2
44 42 2 2
44 43 2 2
45 44 2 2
45 40 2 2
45 41 2 2
45 43 2 2
46 41 2 2
46 45 2 2
46 42 2 2
46 44 2 2
47 41 2 2
47 42 2 2
47 44 2 2
47 46 2 2
48 45 2 2
48 44 2 2
48 47 2 2
48 43 2 2
49 46 2 2
49 45 2 2
49 47 2 2
49 42 2 2
50 48 2 2
50 45 2 2
50 46 2 2
50 40 2 2
51 40 2 2
51 41 2 2
51 47 2 2
51 48 2 2
52 47 2 2
52 48 2 2
52 42 2 2
52 46 2 2
53 42 2 2
53 50 2 2
53 48 2 2
53 43 2 2
54 47 2 2
54 50 2 2
54 42 2 2
54 46 2 2
55 47 2 2
55 53 2 2
55 40 2 2
55 52 2 2
56 47 2 2
56 46 2 2
56 41 2 2
56 51 2 2
57 47 2 2
57 40 2 2
57 49 2 2
57 43 2 2
58 46 2 2
58 42 2 2
58 57 2 2
58 51 2 2
59 49 2 2
59 46 2 2
59 40 2 2
59 55 2 2
40 58 2 2
40 52 2 2
40 54 2 2
40 49 2 2
41 54 2 2
41 59 2 2
41 50 2 2
41 58 2 2
42 56 2 2
42 55 2 2
42 57 2 2
42 59 2 2
43 55 2 2
43 46 2 2
43 52 2 2
43 56 2 2
64 60 3 3
64 61 3 3
64 63 3 3
64 62 3 3
65 61 3 3
65 60 3 3
65 64 3 3
65 62 3 3
66 62 3 3
66 65 3 3
66 64 3 3
66 63 3 3
67 66 3 3
67 64 3 3
67 61 3 3
67 62 3 3
68 60 3 3
68 67 3 3
68 64 3 3
68 65 3 3
69 66 3 3
69 68 3 3
69 64 3 3
69 61 3 3
70 62 3 3
70 64 3 3
70 61 3 3
70 63 3 3
71 70 3 3
71 64 3 3
71 62 3 3
71 65 3 3
72 64 3 3
72 66 3 3
72 69 3 3
72 65 3 3
73 61 3 3
73 66 3 3
73 65 3 3
73 62 3 3
74 60 3 3
74 61 3 3
74 73 3 3
74 67 3 3
75 64 3 3
75 65 3 3
75 62 3 3
75 63 3 3
76 71 3 3
76 65 3 3
76 70 3 3
76 66 3 3
77 66 3 3
77 73 3 3
77 62 3 3
77 69 3 3
78 60 3 3
78 61 3 3
78 77 3 3
78 76 3 3
79 75 3 3
79 76 3 3
79 70 3 3
79 62 3 3
60 67 3 3
60 75 3 3
60 70 3 3
60 79 3 3
61 79 3 3
61 66 3 3
61 75 3 3
61 76 3 3
62 76 3 3
62 78 3 3
62 69 3 3
62 74 3 3
63 73 3 3
63 79 3 3
63 72 3 3
63 67 3 3
84 81 4 4
84 80 4 4
84 83 4 4
84 82 4 4
85 83 4 4
85 82 4 4
85 81 4 4
85 84 4 4
86 81 4 4
86 80 4 4
86 84 4 4
86 85 4 4
87 84 4 4
87 85 4 4
87 86 4 4
87 81 4 4
88 87 4 4
88 82 4 4
88 84 4 4
88 85 4 4
89 84 4 4
89 81 4 4
89 88 4 4
89 86 4 4
90 86 4 4
90 87 4 4
90 82 4 4
90 84 4 4
91 88 4 4
91 90 4 4
91 87 4 4
91 80 4 4
92 81 4 4
92 88 4 4
92 89 4 4
92 90 4 4
93 82 4 4
93 88 4 4
93 89 4 4
93 81 4 4
94 87 4 4
94 84 4 4
94 80 4 4
94 91 4 4
95 91 4 4
95 87 4 4
95 84 4 4
95 80 4 4
96 84 4 4
96 86 4 4
96 89 4 4
96 95 4 4
97 88 4 4
97 89 4 4
97 92 4 4
97 90 4 4
98 92 4 4
98 87 4 4
98 90 4 4
98 85 4 4
99 94 4 4
99 96 4 4
99 95 4 4
99 98 4 4
80 88 4 4
80 87 4 4
80 85 4 4
80 90 4 4
81 88 4 4
81 98 4 4
81 97 4 4
81 91 4 4
82 86 4 4
82 98 4 4
82 99 4 4
82 97 4 4
83 94 4 4
83 95 4 4
83 96 4 4
83 97 4 4
104 103 5 5
104 102 5 5
104 100 5 5
104 101 5 5
105 104 5 5
105 101 5 5
105 103 5 5
105 102 5 5
106 103 5 5
106 100 5 5
106 102 5 5
106 101 5 5
107 104 5 5
107 100 5 5
107 103 5 5
107 102 5 5
108 101 5 5
108 102 5 5
108 107 5 5
108 104 5 5
109 108 5 5
109 101 5 5
109 102 5 5
109 104 5 5
110 108 5 5
110 109 5 5
110 102 5 5
110 103 5 5
111 103 5 5
111 106 5 5
111 108 5 5
111 110 5 5
112 103 5 5
112 111 5 5
112 100 5 5
112 108 5 5
113 107 5 5
113 111 5 5
113 102 5 5
113 108 5 5
114 101 5 5
114 112 5 5
114 110 5 5
114 111 5 5
115 102 5 5
115 110 5 5
115 108 5 5
115 107 5 5
116 108 5 5
116 107 5 5
116 111 5 5
116 113 5 5
117 109 5 5
117 102 5 5
117 114 5 5
117 101 5 5
118 107 5 5
118 116 5 5
118 115 5 5
118 110 5 5
119 107 5 5
119 102 5 5
119 113 5 5
119 115 5 5
100 118 5 5
100 114 5 5
100 111 5 5
100 108 5 5
101 107 5 5
101 111 5 5
101 116 5 5
101 115 5 5
102 118 5 5
102 114 5 5
102 116 5 5
102 111 5 5
103 114 5 5
103 115 5 5
103 119 5 5
103 117 5 5
124 121 6 6
124 120 6 6
124 122 6 6
124 123 6 6
125 122 6 6
125 123 6 6
125 124 6 6
125 121 6 6
126 121 6 6
126 120 6 6
126 124 6 6
126 122 6 6
127 121 6 6
127 126 6 6
127 125 6 6
127 122 6 6
128 120 6 6
128 125 6 6
128 121 6 6
128 122 6 6
129 128 6 6
129 127 6 6
129 120 6 6
129 126 6 6
130 120 6 6
130 128 6 6
130 125 6 6
130 126 6 6
131 126 6 6
131 121 6 6
131 129 6 6
131 130 6 6
132 131 6 6
132 126 6 6
132 124 6 6
132 122 6 6
133 130 6 6
133 120 6 6
133 132 6 6
133 131 6 6
134 131 6 6
134 121 6 6
134 128 6 6
134 126 6 6
135 127 6 6
135 124 6 6
135 132 6 6
135 126 6 6
136 126 6 6
136 125 6 6
136 133 6 6
136 129 6 6
137 122 6 6
137 128 6 6
137 129 6 6
137 130 6 6
138 134 6 6
138 135 6 6
138 123 6 6
138 128 6 6
139 126 6 6
139 133 6 6
139 122 6 6
139 137 6 6
120 132 6 6
120 127 6 6
120 135 6 6
120 131 6 6
121 130 6 6
121 135 6 6
121 132 6 6
121 138 6 6
122 129 6 6
122 130 6 6
122 135 6 6
122 134 6 6
123 134 6 6
123 129 6 6
123 135 6 6
123 139 6 6
144 141 7 7
144 143 7 7
144 140 7 7
144 142 7 7
145 141 7 7
145 140 7 7
145 142 7 7
145 144 7 7
146 140 7 7
146 141 7 7
146 145 7 7
146 144 7 7
147 146 7 7
147 140 7 7
147 144 7 7
147 145 7 7
148 146 7 7
148 143 7 7
148 141 7 7
148 140 7 7
149 141 7 7
149 146 7 7
149 147 7 7
149 145 7 7
150 144 7 7
150 149 7 7
150 147 7 7
150 140 7 7
151 149 7 7
151 146 7 7
151 141 7 7
151 140 7 7
152 145 7 7
152 148 7 7
152 149 7 7
152 151 7 7
153 142 7 7
153 140 7 7
153 143 7 7
153 149 7 7
154 143 7 7
154 142 7 7
154 145 7 7
154 153 7 7
155 150 7 7
155 144 7 7
155 147 7 7
155 140 7 7
156 142 7 7
156 146 7 7
156 154 7 7
156 153 7 7
157 146 7 7
157 147 7 7
157 151 7 7
157 153 7 7
158 145 7 7
158 142 7 7
158 156 7 7
158 141 7 7
159 143 7 7
159 142 7 7
159 145 7 7
159 153 7 7
140 156 7 7
140 158 7 7
140 152 7 7
140 159 7 7
141 154 7 7
141 159 7 7
141 147 7 7
141 156 7 7
142 152 7 7
142 149 7 7
142 151 7 7
142 150 7 7
143 156 7 7
143 150 7 7
143 145 7 7
143 146 7 7
164 160 8 8
164 163 8 8
164 162 8 8
164 161 8 8
165 163 8 8
165 160 8 8
165 164 8 8
165 162 8 8
166 163 8 8
166 164 8 8
166 165 8 8
166 162 8 8
167 162 8 8
167 166 8 8
167 165 8 8
167 164 8 8
168 165 8 8
168 167 8 8
168 161 8 8
168 163 8 8
169 160 8 8
169 164 8 8
169 167 8 8
169 168 8 8
170 167 8 8
170 160 8 8
170 166 8 8
170 162 8 8
171 170 8 8
171 163 8 8
171 167 8 8
171 169 8 8
172 167 8 8
172 161 8 8
172 164 8 8
172 163 8 8
173 164 8 8
173 165 8 8
173 163 8 8
173 160 8 8
174 164 8 8
174 162 8 8
174 161 8 8
174 163 8 8
175 160 8 8
175 167 8 8
175 168 8 8
175 163 8 8
176 170 8 8
176 171 8 8
176 174 8 8
176 166 8 8
177 161 8 8
177 162 8 8
177 175 8 8
177 172 8 8
178 170 8 8
178 166 8 8
178 168 8 8
178 162 8 8
179 165 8 8
179 160 8 8
179 164 8 8
179 168 8 8
160 178 8 8
160 174 8 8
160 176 8 8
160 172 8 8
161 169 8 8
161 176 8 8
161 171 8 8
161 175 8 8
162 173 8 8
162 179 8 8
162 175 8 8
162 168 8 8
163 177 8 8
163 170 8 8
163 178 8 8
163 179 8 8
184 180 9 9
184 183 9 9
184 181 9 9
184 182 9 9
185 184 9 9
185 181 9 9
185 180 9 9
185 182 9 9
186 183 9 9
186 184 9 9
186 181 9 9
186 182 9 9
187 182 9 9
187 184 9 9
187 185 9 9
187 180 9 9
188 186 9 9
188 181 9 9
188 187 9 9
188 182 9 9
189 183 9 9
189 182 9 9
189 185 9 9
189 188 9 9
190 183 9 9
190 184 9 9
190 185 9 9
190 181 9 9
191 188 9 9
191 182 9 9
191 187 9 9
191 190 9 9
192 183 9 9
192 190 9 9
192 184 9 9
192 186 9 9
193 186 9 9
193 191 9 9
193 187 9 9
193 182 9 9
194 181 9 9
194 180 9 9
194 188 9 9
194 184 9 9
195 188 9 9
195 191 9 9
195 181 9 9
195 187 9 9
196 186 9 9
196 185 9 9
196 192 9 9
196 190 9 9
197 190 9 9
197 184 9 9
197 189 9 9
197 192 9 9
198 180 9 9
198 190 9 9
198 197 9 9
198 192 9 9
199 190 9 9
199 180 9 9
199 185 9 9
199 183 9 9
180 188 9 9
180 195 9 9
180 197 9 9
180 186 9 9
181 193 9 9
181 191 9 9
181 196 9 9
181 198 9 9
182 195 9 9
182 199 9 9
182 194 9 9
182 190 9 9
183 193 9 9
183 188 9 9
183 196 9 9
183 195 9 9
204 201 10 10
204 203 10 10
204 200 10 10
204 202 10 10
205 201 10 10
205 200 10 10
205 202 10 10
205 203 10 10
206 200 10 10
206 204 10 10
206 201 10 10
206 205 10 10
207 206 10 10
207 205 10 10
207 201 10 10
207 204 10 10
208 207 10 10
208 206 10 10
208 204 10 10
208 201 10 10
209 204 10 10
209 208 10 10
209 206 10 10
209 202 10 10
210 207 10 10
210 204 10 10
210 206 10 10
210 209 10 10
211 210 10 10
211 209 10 10
211 202 10 10
211 208 10 10
212 205 10 10
212 211 10 10
212 203 10 10
212 204 10 10
213 200 10 10
213 203 10 10
213 201 10 10
213 205 10 10
214 208 10 10
214 207 10 10
214 200 10 10
214 206 10 10
215 204 10 10
215 206 10 10
215 205 10 10
215 208 10 10
216 200 10 10
216 207 10 10
216 202 10 10
216 213 10 10
217 212 10 10
217 203 10 10
217 209 10 10
217 214 10 10
218 217 10 10
218 201 10 10
218 216 10 10
218 212 10 10
219 217 10 10
219 213 10 10
219 200 10 10
219 202 10 10
200 218 10 10
200 212 10 10
200 207 10 10
200 217 10 10
201 214 10 10
201 211 10 10
201 217 10 10
201 216 10 10
202 218 10 10
202 210 10 10
202 206 10 10
202 212 10 10
203 218 10 10
203 219 10 10
203 211 10 10
203 215 10 10
224 223 11 11
224 221 11 11
224 222 11 11
224 220 11 11
225 224 11 11
225 223 11 11
225 222 11 11
225 220 11 11
226 221 11 11
226 222 11 11
226 225 11 11
226 220 11 11
227 221 11 11
227 226 11 11
227 224 11 11
227 222 11 11
228 227 11 11
228 221 11 11
228 220 11 11
228 222 11 11
229 226 11 11
229 222 11 11
229 225 11 11
229 227 11 11
230 229 11 11
230 226 11 11
230 224 11 11
230 228 11 11
231 224 11 11
231 223 11 11
231 220 11 11
231 221 11 11
232 226 11 11
232 224 11 11
232 229 11 11
232 222 11 11
233 232 11 11
233 228 11 11
233 229 11 11
233 225 11 11
234 223 11 11
234 231 11 11
234 225 11 11
234 224 11 11
235 229 11 11
235 228 11 11
235 226 11 11
235 230 11 11
236 220 11 11
236 224 11 11
236 231 11 11
236 223 11 11
237 225 11 11
237 232 11 11
237 236 11 11
237 230 11 11
238 221 11 11
238 231 11 11
238 224 11 11
238 228 11 11
239 238 11 11
239 220 11 11
239 226 11 11
239 227 11 11
220 238 11 11
220 237 11 11
220 234 11 11
220 227 11 11
221 236 11 11
221 239 11 11
221 234 11 11
221 235 11 11
222 234 11 11
222 230 11 11
222 239 11 11
222 237 11 11
223 237 11 11
223 232 11 11
223 226 11 11
223 238 11 11
244 240 12 12
244 242 12 12
244 241 12 12
244 243 12 12
245 244 12 12
245 243 12 12
245 240 12 12
245 241 12 12
246 240 12 12
246 244 12 12
246 241 12 12
246 245 12 12
247 242 12 12
247 241 12 12
247 240 12 12
247 245 12 12
248 243 12 12
248 246 12 12
248 240 12 12
248 247 12 12
249 243 12 12
249 248 12 12
249 241 12 12
249 242 12 12
250 244 12 12
250 240 12 12
250 248 12 12
250 247 12 12
251 245 12 12
251 250 12 12
251 247 12 12
251 241 12 12
252 240 12 12
252 241 12 12
252 251 12 12
252 242 12 12
253 250 12 12
253 249 12 12
253 251 12 12
253 241 12 12
254 248 12 12
254 244 12 12
254 241 12 12
254 252 12 12
255 241 12 12
255 251 12 12
255 250 12 12
255 247 12 12
256 242 12 12
256 251 12 12
256 248 12 12
256 250 12 12
257 245 12 12
257 252 12 12
257 240 12 12
257 249 12 12
258 243 12 12
258 245 12 12
258 256 12 12
258 253 12 12
259 240 12 12
259 249 12 12
259 245 12 12
259 248 12 12
240 254 12 12
240 253 12 12
240 251 12 12
240 249 12 12
241 250 12 12
241 259 12 12
241 248 12 12
241 256 12 12
242 248 12 12
242 253 12 12
242 251 12 12
242 250 12 12
243 254 12 12
243 257 12 12
243 251 12 12
243 256 12 12
264 261 13 13
264 263 13 13
264 262 13 13
264 260 13 13
265 263 13 13
265 264 13 13
265 262 13 13
265 261 13 13
266 264 13 13
266 265 13 13
266 260 13 13
266 263 13 13
267 266 13 13
267 261 13 13
267 264 13 13
267 260 13 13
268 263 13 13
268 266 13 13
268 260 13 13
268 264 13 13
269 264 13 13
269 261 13 13
269 266 13 13
269 267 13 13
270 269 13 13
270 266 13 13
270 263 13 13
270 268 13 13
271 266 13 13
271 265 13 13
271 267 13 13
271 264 13 13
272 264 13 13
272 267 13 13
272 266 13 13
272 271 13 13
273 269 13 13
273 263 13 13
273 271 13 13
273 266 13 13
274 261 13 13
274 271 13 13
274 265 13 13
274 269 13 13
275 269 13 13
275 273 13 13
275 265 13 13
275 270 13 13
276 271 13 13
276 264 13 13
276 268 13 13
276 260 13 13
277 270 13 13
277 267 13 13
277 276 13 13
277 266 13 13
278 274 13 13
278 264 13 13
278 261 13 13
278 270 13 13
279 271 13 13
279 270 13 13
279 278 13 13
279 275 13 13
260 275 13 13
260 271 13 13
260 274 13 13
260 265 13 13
261 268 13 13
261 276 13 13
261 271 13 13
261 272 13 13
262 270 13 13
262 274 13 13
262 278 13 13
262 271 13 13
263 279 13 13
263 275 13 13
263 274 13 13
263 269 13 13
284 283 14 14
284 281 14 14
284 282 14 14
284 280 14 14
285 280 14 14
285 284 14 14
285 282 14 14
285 283 14 14
286 284 14 14
286 285 14 14
286 281 14 14
286 280 14 14
287 281 14 14
287 284 14 14
287 283 14 14
287 280 14 14
288 283 14 14
288 287 14 14
288 284 14 14
288 286 14 14
289 280 14 14
289 285 14 14
289 286 14 14
289 281 14 14
290 288 14 14
290 284 14 14
290 281 14 14
290 287 14 14
291 281 14 14
291 286 14 14
291 287 14 14
291 285 14 14
292 285 14 14
292 282 14 14
292 280 14 14
292 284 14 14
293 286 14 14
293 291 14 14
293 285 14 14
293 289 14 14
294 283 14 14
294 284 14 14
294 281 14 14
294 288 14 14
295 292 14 14
295 294 14 14
295 282 14 14
295 280 14 14
296 286 14 14
296 292 14 14
296 288 14 14
296 282 14 14
297 294 14 14
297 296 14 14
297 288 14 14
297 290 14 14
298 283 14 14
298 284 14 14
298 297 14 14
298 294 14 14
299 290 14 14
299 293 14 14
299 295 14 14
299 291 14 14
280 297 14 14
280 296 14 14
280 293 14 14
280 291 14 14
281 295 14 14
281 299 14 14
281 288 14 14
281 297 14 14
282 289 14 14
282 286 14 14
282 297 14 14
282 287 14 14
283 291 14 14
283 297 14 14
283 286 14 14
283 299 14 14
304 302 15 15
304 300 15 15
304 303 15 15
304 301 15 15
305 302 15 15
305 300 15 15
305 303 15 15
305 301 15 15
306 305 15 15
306 300 15 15
306 304 15 15
306 302 15 15
307 305 15 15
307 302 15 15
307 301 15 15
307 306 15 15
308 306 15 15
308 301 15 15
308 302 15 15
308 303 15 15
309 302 15 15
309 305 15 15
309 301 15 15
309 303 15 15
310 305 15 15
310 307 15 15
310 302 15 15
310 306 15 15
311 300 15 15
311 305 15 15
311 306 15 15
311 310 15 15
312 302 15 15
312 308 15 15
312 310 15 15
312 311 15 15
313 303 15 15
313 308 15 15
313 301 15 15
313 305 15 15
314 307 15 15
314 309 15 15
314 310 15 15
314 312 15 15
315 306 15 15
315 311 15 15
315 305 15 15
315 304 15 15
316 314 15 15
316 301 15 15
316 311 15 15
316 315 15 15
317 301 15 15
317 304 15 15
317 303 15 15
317 306 15 15
318 309 15 15
318 304 15 15
318 317 15 15
318 314 15 15
319 314 15 15
319 306 15 15
319 308 15 15
319 316 15 15
300 316 15 15
300 318 15 15
300 319 15 15
300 315 15 15
301 314 15 15
301 306 15 15
301 311 15 15
301 310 15 15
302 315 15 15
302 316 15 15
302 311 15 15
302 314 15 15
303 314 15 15
303 316 15 15
303 311 15 15
303 307 15 15
87 1 4 0
82 57 4 2
89 70 4 3
92 22 4 1
102 0 5 0
109 42 5 2
110 81 5 4
110 78 5 3
127 116 6 5
134 62 6 3
129 0 6 0
138 92 6 4
157 42 7 2
151 139 7 6
157 91 7 4
146 14 7 0
176 4 8 0
170 31 8 1
167 149 8 7
162 54 8 2
185 34 9 1
187 54 9 2
187 166 9 8
190 8 9 0
217 150 10 7
217 171 10 8
206 43 10 2
201 28 10 1
224 161 11 8
233 219 11 10
236 198 11 9
233 21 11 1
246 17 12 0
250 149 12 7
242 42 12 2
241 94 12 4
268 7 13 0
279 199 13 9
270 84 13 4
271 202 13 10
289 33 14 1
291 74 14 3
285 248 14 12
298 205 14 10
301 244 15 12
313 238 15 11
304 264 15 13
306 56 15 2
6 237 0 11
9 310 0 15
15 291 0 14
1 217 0 10
38 272 1 13
22 251 1 12
23 148 1 7
38 300 1 15
43 139 2 6
43 275 2 13
47 295 2 14
57 231 2 11
79 233 3 11
76 169 3 8
60 265 3 13
79 148 3 7
