swNum = 320
edgeNum = 1342

0 0
1 0
2 0
3 0
4 0
5 0
6 0
7 0
8 0
9 0
10 0
11 0
12 0
13 0
14 0
15 0
16 0
17 0
18 0
19 0
20 1
21 1
22 1
23 1
24 1
25 1
26 1
27 1
28 1
29 1
30 1
31 1
32 1
33 1
34 1
35 1
36 1
37 1
38 1
39 1
40 2
41 2
42 2
43 2
44 2
45 2
46 2
47 2
48 2
49 2
50 2
51 2
52 2
53 2
54 2
55 2
56 2
57 2
58 2
59 2
60 3
61 3
62 3
63 3
64 3
65 3
66 3
67 3
68 3
69 3
70 3
71 3
72 3
73 3
74 3
75 3
76 3
77 3
78 3
79 3
80 4
81 4
82 4
83 4
84 4
85 4
86 4
87 4
88 4
89 4
90 4
91 4
92 4
93 4
94 4
95 4
96 4
97 4
98 4
99 4
100 5
101 5
102 5
103 5
104 5
105 5
106 5
107 5
108 5
109 5
110 5
111 5
112 5
113 5
114 5
115 5
116 5
117 5
118 5
119 5
120 6
121 6
122 6
123 6
124 6
125 6
126 6
127 6
128 6
129 6
130 6
131 6
132 6
133 6
134 6
135 6
136 6
137 6
138 6
139 6
140 7
141 7
142 7
143 7
144 7
145 7
146 7
147 7
148 7
149 7
150 7
151 7
152 7
153 7
154 7
155 7
156 7
157 7
158 7
159 7
160 8
161 8
162 8
163 8
164 8
165 8
166 8
167 8
168 8
169 8
170 8
171 8
172 8
173 8
174 8
175 8
176 8
177 8
178 8
179 8
180 9
181 9
182 9
183 9
184 9
185 9
186 9
187 9
188 9
189 9
190 9
191 9
192 9
193 9
194 9
195 9
196 9
197 9
198 9
199 9
200 10
201 10
202 10
203 10
204 10
205 10
206 10
207 10
208 10
209 10
210 10
211 10
212 10
213 10
214 10
215 10
216 10
217 10
218 10
219 10
220 11
221 11
222 11
223 11
224 11
225 11
226 11
227 11
228 11
229 11
230 11
231 11
232 11
233 11
234 11
235 11
236 11
237 11
238 11
239 11
240 12
241 12
242 12
243 12
244 12
245 12
246 12
247 12
248 12
249 12
250 12
251 12
252 12
253 12
254 12
255 12
256 12
257 12
258 12
259 12
260 13
261 13
262 13
263 13
264 13
265 13
266 13
267 13
268 13
269 13
270 13
271 13
272 13
273 13
274 13
275 13
276 13
277 13
278 13
279 13
280 14
281 14
282 14
283 14
284 14
285 14
286 14
287 14
288 14
289 14
290 14
291 14
292 14
293 14
294 14
295 14
296 14
297 14
298 14
299 14
300 15
301 15
302 15
303 15
304 15
305 15
306 15
307 15
308 15
309 15
310 15
311 15
312 15
313 15
314 15
315 15
316 15
317 15
318 15
319 15

4 3 0 0
4 0 0 0
4 2 0 0
4 1 0 0
5 4 0 0
5 2 0 0
5 1 0 0
5 0 0 0
6 4 0 0
6 3 0 0
6 2 0 0
6 0 0 0
7 4 0 0
7 3 0 0
7 6 0 0
7 1 0 0
8 4 0 0
8 7 0 0
8 0 0 0
8 3 0 0
9 7 0 0
9 2 0 0
9 8 0 0
9 3 0 0
10 6 0 0
10 9 0 0
10 5 0 0
10 3 0 0
11 7 0 0
11 0 0 0
11 2 0 0
11 6 0 0
12 2 0 0
12 8 0 0
12 0 0 0
12 9 0 0
13 5 0 0
13 8 0 0
13 1 0 0
13 4 0 0
14 0 0 0
14 7 0 0
14 5 0 0
14 6 0 0
15 9 0 0
15 12 0 0
15 0 0 0
15 8 0 0
16 14 0 0
16 1 0 0
16 13 0 0
16 11 0 0
17 14 0 0
17 7 0 0
17 12 0 0
17 8 0 0
18 8 0 0
18 14 0 0
18 1 0 0
18 3 0 0
19 13 0 0
19 17 0 0
19 5 0 0
19 3 0 0
0 9 0 0
0 13 0 0
0 10 0 0
0 17 0 0
1 6 0 0
1 19 0 0
1 15 0 0
1 17 0 0
2 18 0 0
2 15 0 0
2 19 0 0
2 8 0 0
3 13 0 0
3 17 0 0
3 15 0 0
3 5 0 0
24 23 1 1
24 21 1 1
24 22 1 1
24 20 1 1
25 20 1 1
25 22 1 1
25 24 1 1
25 23 1 1
26 25 1 1
26 20 1 1
26 22 1 1
26 21 1 1
27 22 1 1
27 23 1 1
27 21 1 1
27 25 1 1
28 23 1 1
28 25 1 1
28 27 1 1
28 21 1 1
29 21 1 1
29 22 1 1
29 28 1 1
29 27 1 1
30 22 1 1
30 25 1 1
30 21 1 1
30 20 1 1
31 23 1 1
31 28 1 1
31 22 1 1
31 30 1 1
32 27 1 1
32 30 1 1
32 23 1 1
32 21 1 1
33 30 1 1
33 26 1 1
33 21 1 1
33 32 1 1
34 28 1 1
34 31 1 1
34 29 1 1
34 30 1 1
35 24 1 1
35 20 1 1
35 21 1 1
35 29 1 1
36 34 1 1
36 23 1 1
36 21 1 1
36 27 1 1
37 23 1 1
37 36 1 1
37 27 1 1
37 21 1 1
38 21 1 1
38 27 1 1
38 23 1 1
38 31 1 1
39 31 1 1
39 27 1 1
39 21 1 1
39 26 1 1
20 34 1 1
20 37 1 1
20 29 1 1
20 33 1 1
21 31 1 1
21 25 1 1
21 34 1 1
22 36 1 1
22 38 1 1
22 34 1 1
22 33 1 1
23 29 1 1
23 33 1 1
23 39 1 1
23 34 1 1
44 43 2 2
44 42 2 2
44 40 2 2
44 41 2 2
45 40 2 2
45 41 2 2
45 44 2 2
45 42 2 2
46 45 2 2
46 43 2 2
46 41 2 2
46 42 2 2
47 41 2 2
47 42 2 2
47 46 2 2
47 45 2 2
48 47 2 2
48 41 2 2
48 45 2 2
48 44 2 2
49 44 2 2
49 42 2 2
49 41 2 2
49 45 2 2
50 42 2 2
50 48 2 2
50 41 2 2
50 46 2 2
51 48 2 2
51 45 2 2
51 50 2 2
51 42 2 2
52 51 2 2
52 49 2 2
52 40 2 2
52 46 2 2
53 44 2 2
53 51 2 2
53 40 2 2
53 43 2 2
54 51 2 2
54 49 2 2
54 50 2 2
54 40 2 2
55 44 2 2
55 52 2 2
55 54 2 2
55 50 2 2
56 48 2 2
56 47 2 2
56 50 2 2
56 54 2 2
57 42 2 2
57 41 2 2
57 54 2 2
57 48 2 2
58 50 2 2
58 41 2 2
58 43 2 2
58 40 2 2
59 56 2 2
59 51 2 2
59 45 2 2
59 48 2 2
40 51 2 2
40 56 2 2
40 46 2 2
40 48 2 2
41 52 2 2
41 59 2 2
41 51 2 2
41 55 2 2
42 55 2 2
42 54 2 2
42 58 2 2
42 48 2 2
43 45 2 2
43 48 2 2
43 59 2 2
43 52 2 2
64 63 3 3
64 62 3 3
64 60 3 3
64 61 3 3
65 64 3 3
65 63 3 3
65 60 3 3
65 61 3 3
66 65 3 3
66 64 3 3
66 60 3 3
66 61 3 3
67 65 3 3
67 64 3 3
67 66 3 3
67 63 3 3
68 66 3 3
68 60 3 3
68 65 3 3
68 67 3 3
69 63 3 3
69 61 3 3
69 67 3 3
69 65 3 3
70 62 3 3
70 64 3 3
70 63 3 3
70 60 3 3
71 66 3 3
71 64 3 3
71 63 3 3
71 60 3 3
72 67 3 3
72 61 3 3
72 64 3 3
72 69 3 3
73 71 3 3
73 70 3 3
73 69 3 3
73 62 3 3
74 61 3 3
74 60 3 3
74 71 3 3
74 62 3 3
75 71 3 3
75 65 3 3
75 61 3 3
75 63 3 3
76 61 3 3
76 69 3 3
76 72 3 3
76 62 3 3
77 63 3 3
77 74 3 3
77 76 3 3
77 72 3 3
78 66 3 3
78 69 3 3
78 65 3 3
78 64 3 3
79 77 3 3
79 66 3 3
79 67 3 3
79 78 3 3
60 75 3 3
60 73 3 3
60 79 3 3
60 78 3 3
61 71 3 3
61 73 3 3
61 77 3 3
61 68 3 3
62 71 3 3
62 75 3 3
62 72 3 3
62 66 3 3
63 66 3 3
63 68 3 3
63 74 3 3
63 73 3 3
84 81 4 4
84 80 4 4
84 82 4 4
84 83 4 4
85 81 4 4
85 82 4 4
85 83 4 4
85 80 4 4
86 80 4 4
86 84 4 4
86 85 4 4
86 83 4 4
87 84 4 4
87 83 4 4
87 80 4 4
87 82 4 4
88 87 4 4
88 86 4 4
88 84 4 4
88 82 4 4
89 84 4 4
89 83 4 4
89 86 4 4
89 82 4 4
90 87 4 4
90 80 4 4
90 85 4 4
90 88 4 4
91 86 4 4
91 89 4 4
91 80 4 4
91 84 4 4
92 91 4 4
92 89 4 4
92 87 4 4
92 80 4 4
93 84 4 4
93 82 4 4
93 90 4 4
93 85 4 4
94 81 4 4
94 85 4 4
94 82 4 4
94 92 4 4
95 94 4 4
95 92 4 4
95 88 4 4
95 81 4 4
96 85 4 4
96 80 4 4
96 82 4 4
96 93 4 4
97 90 4 4
97 93 4 4
97 86 4 4
97 80 4 4
98 96 4 4
98 92 4 4
98 97 4 4
98 85 4 4
99 88 4 4
99 94 4 4
99 80 4 4
99 89 4 4
80 94 4 4
80 88 4 4
80 93 4 4
80 89 4 4
81 93 4 4
81 96 4 4
81 86 4 4
81 87 4 4
82 98 4 4
82 92 4 4
82 95 4 4
82 97 4 4
83 94 4 4
83 90 4 4
83 93 4 4
83 98 4 4
104 103 5 5
104 101 5 5
104 100 5 5
104 102 5 5
105 100 5 5
105 101 5 5
105 103 5 5
105 102 5 5
106 101 5 5
106 104 5 5
106 102 5 5
106 105 5 5
107 103 5 5
107 101 5 5
107 100 5 5
107 104 5 5
108 104 5 5
108 106 5 5
108 100 5 5
108 101 5 5
109 104 5 5
109 101 5 5
109 100 5 5
109 103 5 5
110 109 5 5
110 103 5 5
110 102 5 5
110 106 5 5
111 105 5 5
111 101 5 5
111 102 5 5
111 103 5 5
112 100 5 5
112 103 5 5
112 105 5 5
112 101 5 5
113 100 5 5
113 112 5 5
113 105 5 5
113 101 5 5
114 105 5 5
114 106 5 5
114 101 5 5
114 103 5 5
115 100 5 5
115 101 5 5
115 112 5 5
115 109 5 5
116 110 5 5
116 113 5 5
116 111 5 5
116 101 5 5
117 101 5 5
117 115 5 5
117 106 5 5
117 102 5 5
118 109 5 5
118 112 5 5
118 104 5 5
118 113 5 5
119 118 5 5
119 104 5 5
119 102 5 5
119 107 5 5
100 118 5 5
100 114 5 5
100 119 5 5
100 106 5 5
101 119 5 5
101 110 5 5
101 118 5 5
102 115 5 5
102 118 5 5
102 113 5 5
102 112 5 5
103 115 5 5
103 116 5 5
103 117 5 5
103 113 5 5
124 123 6 6
124 121 6 6
124 120 6 6
124 122 6 6
125 123 6 6
125 122 6 6
125 124 6 6
125 121 6 6
126 125 6 6
126 123 6 6
126 122 6 6
126 120 6 6
127 124 6 6
127 123 6 6
127 121 6 6
127 120 6 6
128 121 6 6
128 122 6 6
128 123 6 6
128 127 6 6
129 127 6 6
129 128 6 6
129 124 6 6
129 120 6 6
130 121 6 6
130 124 6 6
130 123 6 6
130 120 6 6
131 122 6 6
131 120 6 6
131 126 6 6
131 129 6 6
132 130 6 6
132 131 6 6
132 124 6 6
132 129 6 6
133 125 6 6
133 123 6 6
133 126 6 6
133 124 6 6
134 123 6 6
134 133 6 6
134 127 6 6
134 122 6 6
135 128 6 6
135 129 6 6
135 121 6 6
135 124 6 6
136 126 6 6
136 122 6 6
136 131 6 6
136 121 6 6
137 123 6 6
137 128 6 6
137 121 6 6
137 120 6 6
138 125 6 6
138 121 6 6
138 134 6 6
138 128 6 6
139 122 6 6
139 126 6 6
139 124 6 6
139 137 6 6
120 128 6 6
120 135 6 6
120 132 6 6
120 125 6 6
121 134 6 6
121 129 6 6
121 139 6 6
121 132 6 6
122 127 6 6
122 130 6 6
122 137 6 6
122 133 6 6
123 131 6 6
123 129 6 6
123 132 6 6
123 138 6 6
144 140 7 7
144 142 7 7
144 143 7 7
144 141 7 7
145 140 7 7
145 141 7 7
145 143 7 7
145 142 7 7
146 144 7 7
146 142 7 7
146 143 7 7
146 140 7 7
147 142 7 7
147 141 7 7
147 146 7 7
147 143 7 7
148 146 7 7
148 145 7 7
148 140 7 7
148 141 7 7
149 141 7 7
149 140 7 7
149 147 7 7
149 145 7 7
150 140 7 7
150 142 7 7
150 149 7 7
150 144 7 7
151 148 7 7
151 143 7 7
151 142 7 7
151 146 7 7
152 140 7 7
152 142 7 7
152 144 7 7
152 149 7 7
153 151 7 7
153 143 7 7
153 149 7 7
153 145 7 7
154 150 7 7
154 144 7 7
154 140 7 7
154 149 7 7
155 154 7 7
155 140 7 7
155 142 7 7
155 147 7 7
156 151 7 7
156 142 7 7
156 148 7 7
156 149 7 7
157 143 7 7
157 156 7 7
157 147 7 7
157 150 7 7
158 154 7 7
158 151 7 7
158 152 7 7
158 153 7 7
159 148 7 7
159 145 7 7
159 151 7 7
159 156 7 7
140 147 7 7
140 159 7 7
140 158 7 7
140 157 7 7
141 150 7 7
141 153 7 7
141 155 7 7
141 157 7 7
142 154 7 7
142 157 7 7
142 148 7 7
142 153 7 7
143 149 7 7
143 156 7 7
143 150 7 7
143 154 7 7
164 162 8 8
164 161 8 8
164 160 8 8
164 163 8 8
165 164 8 8
165 161 8 8
165 160 8 8
165 162 8 8
166 164 8 8
166 163 8 8
166 162 8 8
166 160 8 8
167 166 8 8
167 160 8 8
167 164 8 8
167 162 8 8
168 164 8 8
168 166 8 8
168 160 8 8
168 161 8 8
169 161 8 8
169 163 8 8
169 167 8 8
169 164 8 8
170 161 8 8
170 160 8 8
170 165 8 8
170 164 8 8
171 168 8 8
171 165 8 8
171 167 8 8
171 160 8 8
172 169 8 8
172 168 8 8
172 166 8 8
172 170 8 8
173 169 8 8
173 170 8 8
173 162 8 8
173 167 8 8
174 167 8 8
174 165 8 8
174 166 8 8
174 161 8 8
175 166 8 8
175 165 8 8
175 164 8 8
175 174 8 8
176 164 8 8
176 162 8 8
176 166 8 8
176 168 8 8
177 164 8 8
177 167 8 8
177 165 8 8
177 160 8 8
178 165 8 8
178 161 8 8
178 177 8 8
178 171 8 8
179 164 8 8
179 167 8 8
179 178 8 8
179 175 8 8
160 176 8 8
160 178 8 8
160 174 8 8
160 179 8 8
161 171 8 8
161 177 8 8
161 175 8 8
161 172 8 8
162 177 8 8
162 170 8 8
162 172 8 8
162 178 8 8
163 173 8 8
163 178 8 8
163 172 8 8
163 171 8 8
184 183 9 9
184 182 9 9
184 181 9 9
184 180 9 9
185 181 9 9
185 184 9 9
185 180 9 9
185 183 9 9
186 182 9 9
186 185 9 9
186 183 9 9
186 184 9 9
187 185 9 9
187 181 9 9
187 180 9 9
187 186 9 9
188 182 9 9
188 180 9 9
188 186 9 9
188 185 9 9
189 187 9 9
189 186 9 9
189 180 9 9
189 185 9 9
190 182 9 9
190 183 9 9
190 185 9 9
190 181 9 9
191 187 9 9
191 188 9 9
191 190 9 9
191 189 9 9
192 182 9 9
192 191 9 9
192 190 9 9
192 185 9 9
193 181 9 9
193 191 9 9
193 183 9 9
193 186 9 9
194 190 9 9
194 189 9 9
194 185 9 9
194 187 9 9
195 186 9 9
195 185 9 9
195 194 9 9
195 181 9 9
196 181 9 9
196 183 9 9
196 188 9 9
196 192 9 9
197 192 9 9
197 180 9 9
197 185 9 9
197 187 9 9
198 180 9 9
198 186 9 9
198 182 9 9
198 192 9 9
199 183 9 9
199 194 9 9
199 186 9 9
199 193 9 9
180 199 9 9
180 186 9 9
180 190 9 9
180 194 9 9
181 194 9 9
181 198 9 9
181 199 9 9
181 191 9 9
182 189 9 9
182 185 9 9
182 194 9 9
182 199 9 9
183 194 9 9
183 195 9 9
183 187 9 9
183 188 9 9
204 203 10 10
204 200 10 10
204 201 10 10
204 202 10 10
205 201 10 10
205 204 10 10
205 202 10 10
205 203 10 10
206 201 10 10
206 202 10 10
206 204 10 10
206 203 10 10
207 206 10 10
207 203 10 10
207 204 10 10
207 205 10 10
208 201 10 10
208 206 10 10
208 204 10 10
208 207 10 10
209 200 10 10
209 202 10 10
209 207 10 10
209 201 10 10
210 201 10 10
210 205 10 10
210 200 10 10
210 204 10 10
211 202 10 10
211 210 10 10
211 209 10 10
211 208 10 10
212 210 10 10
212 200 10 10
212 211 10 10
212 205 10 10
213 209 10 10
213 207 10 10
213 211 10 10
213 210 10 10
214 210 10 10
214 204 10 10
214 203 10 10
214 205 10 10
215 207 10 10
215 214 10 10
215 212 10 10
215 203 10 10
216 215 10 10
216 209 10 10
216 211 10 10
216 204 10 10
217 216 10 10
217 206 10 10
217 203 10 10
217 202 10 10
218 213 10 10
218 215 10 10
218 206 10 10
218 207 10 10
219 215 10 10
219 208 10 10
219 201 10 10
219 205 10 10
200 219 10 10
200 211 10 10
200 205 10 10
200 216 10 10
201 211 10 10
201 213 10 10
201 218 10 10
201 212 10 10
202 215 10 10
202 207 10 10
202 219 10 10
202 216 10 10
203 216 10 10
203 211 10 10
203 210 10 10
203 209 10 10
224 223 11 11
224 220 11 11
224 222 11 11
224 221 11 11
225 223 11 11
225 220 11 11
225 224 11 11
225 221 11 11
226 220 11 11
226 225 11 11
226 224 11 11
226 223 11 11
227 224 11 11
227 223 11 11
227 221 11 11
227 225 11 11
228 225 11 11
228 224 11 11
228 223 11 11
228 220 11 11
229 220 11 11
229 226 11 11
229 228 11 11
229 223 11 11
230 228 11 11
230 220 11 11
230 221 11 11
230 227 11 11
231 221 11 11
231 227 11 11
231 224 11 11
231 228 11 11
232 228 11 11
232 221 11 11
232 229 11 11
232 227 11 11
233 225 11 11
233 224 11 11
233 232 11 11
233 228 11 11
234 231 11 11
234 227 11 11
234 233 11 11
234 224 11 11
235 224 11 11
235 226 11 11
235 228 11 11
235 229 11 11
236 224 11 11
236 235 11 11
236 233 11 11
236 234 11 11
237 224 11 11
237 228 11 11
237 225 11 11
237 221 11 11
238 224 11 11
238 225 11 11
238 233 11 11
238 228 11 11
239 238 11 11
239 235 11 11
239 236 11 11
239 224 11 11
220 233 11 11
220 238 11 11
220 239 11 11
220 236 11 11
221 234 11 11
221 233 11 11
221 236 11 11
221 229 11 11
222 234 11 11
222 228 11 11
222 237 11 11
222 232 11 11
223 239 11 11
223 236 11 11
223 232 11 11
223 235 11 11
244 242 12 12
244 240 12 12
244 243 12 12
244 241 12 12
245 244 12 12
245 240 12 12
245 242 12 12
245 241 12 12
246 240 12 12
246 245 12 12
246 242 12 12
246 241 12 12
247 240 12 12
247 243 12 12
247 246 12 12
247 245 12 12
248 241 12 12
248 247 12 12
248 246 12 12
248 245 12 12
249 241 12 12
249 242 12 12
249 246 12 12
249 243 12 12
250 249 12 12
250 247 12 12
250 241 12 12
250 248 12 12
251 240 12 12
251 241 12 12
251 244 12 12
251 248 12 12
252 242 12 12
252 245 12 12
252 240 12 12
252 251 12 12
253 243 12 12
253 248 12 12
253 252 12 12
253 247 12 12
254 246 12 12
254 241 12 12
254 244 12 12
254 253 12 12
255 250 12 12
255 252 12 12
255 249 12 12
255 243 12 12
256 243 12 12
256 255 12 12
256 250 12 12
256 251 12 12
257 252 12 12
257 254 12 12
257 248 12 12
257 242 12 12
258 253 12 12
258 257 12 12
258 254 12 12
258 245 12 12
259 252 12 12
259 247 12 12
259 246 12 12
259 251 12 12
240 250 12 12
240 258 12 12
240 253 12 12
240 248 12 12
241 247 12 12
241 257 12 12
241 253 12 12
241 258 12 12
242 258 12 12
242 247 12 12
242 248 12 12
242 250 12 12
243 250 12 12
243 251 12 12
243 258 12 12
243 248 12 12
264 262 13 13
264 261 13 13
264 260 13 13
264 263 13 13
265 262 13 13
265 263 13 13
265 261 13 13
265 260 13 13
266 260 13 13
266 264 13 13
266 261 13 13
266 263 13 13
267 266 13 13
267 260 13 13
267 263 13 13
267 262 13 13
268 265 13 13
268 266 13 13
268 260 13 13
268 263 13 13
269 261 13 13
269 266 13 13
269 265 13 13
269 262 13 13
270 260 13 13
270 264 13 13
270 263 13 13
270 265 13 13
271 265 13 13
271 261 13 13
271 262 13 13
271 269 13 13
272 262 13 13
272 264 13 13
272 263 13 13
272 267 13 13
273 262 13 13
273 265 13 13
273 264 13 13
273 267 13 13
274 267 13 13
274 270 13 13
274 260 13 13
274 272 13 13
275 274 13 13
275 260 13 13
275 270 13 13
275 269 13 13
276 268 13 13
276 261 13 13
276 263 13 13
276 271 13 13
277 265 13 13
277 276 13 13
277 261 13 13
277 262 13 13
278 273 13 13
278 272 13 13
278 276 13 13
278 277 13 13
279 276 13 13
279 271 13 13
279 265 13 13
279 270 13 13
260 279 13 13
260 269 13 13
260 276 13 13
260 272 13 13
261 268 13 13
261 278 13 13
261 270 13 13
261 267 13 13
262 276 13 13
262 268 13 13
262 266 13 13
262 274 13 13
263 269 13 13
263 271 13 13
263 279 13 13
263 277 13 13
284 282 14 14
284 283 14 14
284 281 14 14
284 280 14 14
285 282 14 14
285 283 14 14
285 280 14 14
285 281 14 14
286 283 14 14
286 281 14 14
286 282 14 14
286 284 14 14
287 283 14 14
287 280 14 14
287 282 14 14
287 285 14 14
288 282 14 14
288 287 14 14
288 285 14 14
288 286 14 14
289 282 14 14
289 288 14 14
289 281 14 14
289 280 14 14
290 281 14 14
290 286 14 14
290 289 14 14
290 287 14 14
291 284 14 14
291 290 14 14
291 289 14 14
291 281 14 14
292 291 14 14
292 283 14 14
292 284 14 14
292 285 14 14
293 283 14 14
293 292 14 14
293 287 14 14
293 286 14 14
294 288 14 14
294 287 14 14
294 292 14 14
294 291 14 14
295 286 14 14
295 284 14 14
295 288 14 14
295 285 14 14
296 281 14 14
296 282 14 14
296 289 14 14
296 294 14 14
297 286 14 14
297 290 14 14
297 282 14 14
297 294 14 14
298 295 14 14
298 293 14 14
298 288 14 14
298 281 14 14
299 296 14 14
299 289 14 14
299 282 14 14
299 286 14 14
280 299 14 14
280 294 14 14
280 286 14 14
280 297 14 14
281 299 14 14
281 288 14 14
281 292 14 14
281 294 14 14
282 294 14 14
282 292 14 14
282 290 14 14
282 293 14 14
283 291 14 14
283 289 14 14
283 299 14 14
283 295 14 14
304 301 15 15
304 302 15 15
304 303 15 15
304 300 15 15
305 302 15 15
305 301 15 15
305 304 15 15
305 303 15 15
306 300 15 15
306 301 15 15
306 305 15 15
306 304 15 15
307 305 15 15
307 301 15 15
307 300 15 15
307 306 15 15
308 304 15 15
308 301 15 15
308 300 15 15
308 306 15 15
309 306 15 15
309 308 15 15
309 302 15 15
309 307 15 15
310 301 15 15
310 302 15 15
310 308 15 15
310 300 15 15
311 306 15 15
311 303 15 15
311 309 15 15
311 300 15 15
312 303 15 15
312 300 15 15
312 306 15 15
312 310 15 15
313 300 15 15
313 310 15 15
313 301 15 15
313 307 15 15
314 309 15 15
314 303 15 15
314 311 15 15
314 313 15 15
315 311 15 15
315 309 15 15
315 314 15 15
315 313 15 15
316 301 15 15
316 313 15 15
316 300 15 15
316 315 15 15
317 308 15 15
317 312 15 15
317 300 15 15
317 301 15 15
318 311 15 15
318 302 15 15
318 303 15 15
318 307 15 15
319 306 15 15
319 300 15 15
319 316 15 15
319 314 15 15
300 314 15 15
300 315 15 15
300 305 15 15
300 318 15 15
301 319 15 15
301 311 15 15
301 312 15 15
301 309 15 15
302 312 15 15
302 306 15 15
302 313 15 15
302 316 15 15
303 307 15 15
303 306 15 15
303 315 15 15
303 316 15 15
92 12 4 0
87 71 4 3
89 52 4 2
99 21 4 1
107 10 5 0
110 41 5 2
115 95 5 4
119 73 5 3
122 51 6 2
124 99 6 4
122 102 6 5
123 70 6 3
142 59 7 2
150 70 7 3
157 91 7 4
149 19 7 0
162 5 8 0
169 109 8 5
178 136 8 6
175 54 8 2
182 36 9 1
198 133 9 6
196 159 9 7
198 94 9 4
210 0 10 0
204 60 10 3
201 106 10 5
214 134 10 6
220 198 11 9
233 39 11 1
230 94 11 4
227 48 11 2
241 222 12 11
252 85 12 4
251 178 12 8
252 49 12 2
275 55 13 2
274 21 13 1
274 138 13 6
277 233 13 11
288 93 14 4
294 239 14 11
298 145 14 7
294 131 14 6
314 253 15 12
300 78 15 3
306 120 15 6
301 30 15 1
9 188 0 9
2 240 0 12
7 303 0 15
4 265 0 13
22 297 1 14
28 248 1 12
34 156 1 7
37 167 1 8
50 285 2 14
52 310 2 15
57 208 2 10
44 192 2 9
77 187 3 9
73 221 3 11
60 281 3 14
68 266 3 13
