swNum = 320
edgeNum = 1342

0 0
1 0
2 0
3 0
4 0
5 0
6 0
7 0
8 0
9 0
10 0
11 0
12 0
13 0
14 0
15 0
16 0
17 0
18 0
19 0
20 1
21 1
22 1
23 1
24 1
25 1
26 1
27 1
28 1
29 1
30 1
31 1
32 1
33 1
34 1
35 1
36 1
37 1
38 1
39 1
40 2
41 2
42 2
43 2
44 2
45 2
46 2
47 2
48 2
49 2
50 2
51 2
52 2
53 2
54 2
55 2
56 2
57 2
58 2
59 2
60 3
61 3
62 3
63 3
64 3
65 3
66 3
67 3
68 3
69 3
70 3
71 3
72 3
73 3
74 3
75 3
76 3
77 3
78 3
79 3
80 4
81 4
82 4
83 4
84 4
85 4
86 4
87 4
88 4
89 4
90 4
91 4
92 4
93 4
94 4
95 4
96 4
97 4
98 4
99 4
100 5
101 5
102 5
103 5
104 5
105 5
106 5
107 5
108 5
109 5
110 5
111 5
112 5
113 5
114 5
115 5
116 5
117 5
118 5
119 5
120 6
121 6
122 6
123 6
124 6
125 6
126 6
127 6
128 6
129 6
130 6
131 6
132 6
133 6
134 6
135 6
136 6
137 6
138 6
139 6
140 7
141 7
142 7
143 7
144 7
145 7
146 7
147 7
148 7
149 7
150 7
151 7
152 7
153 7
154 7
155 7
156 7
157 7
158 7
159 7
160 8
161 8
162 8
163 8
164 8
165 8
166 8
167 8
168 8
169 8
170 8
171 8
172 8
173 8
174 8
175 8
176 8
177 8
178 8
179 8
180 9
181 9
182 9
183 9
184 9
185 9
186 9
187 9
188 9
189 9
190 9
191 9
192 9
193 9
194 9
195 9
196 9
197 9
198 9
199 9
200 10
201 10
202 10
203 10
204 10
205 10
206 10
207 10
208 10
209 10
210 10
211 10
212 10
213 10
214 10
215 10
216 10
217 10
218 10
219 10
220 11
221 11
222 11
223 11
224 11
225 11
226 11
227 11
228 11
229 11
230 11
231 11
232 11
233 11
234 11
235 11
236 11
237 11
238 11
239 11
240 12
241 12
242 12
243 12
244 12
245 12
246 12
247 12
248 12
249 12
250 12
251 12
252 12
253 12
254 12
255 12
256 12
257 12
258 12
259 12
260 13
261 13
262 13
263 13
264 13
265 13
266 13
267 13
268 13
269 13
270 13
271 13
272 13
273 13
274 13
275 13
276 13
277 13
278 13
279 13
280 14
281 14
282 14
283 14
284 14
285 14
286 14
287 14
288 14
289 14
290 14
291 14
292 14
293 14
294 14
295 14
296 14
297 14
298 14
299 14
300 15
301 15
302 15
303 15
304 15
305 15
306 15
307 15
308 15
309 15
310 15
311 15
312 15
313 15
314 15
315 15
316 15
317 15
318 15
319 15

4 2 0 0
4 1 0 0
4 3 0 0
4 0 0 0
5 4 0 0
5 3 0 0
5 2 0 0
5 0 0 0
6 5 0 0
6 3 0 0
6 4 0 0
6 2 0 0
7 6 0 0
7 5 0 0
7 3 0 0
7 1 0 0
8 1 0 0
8 4 0 0
8 2 0 0
8 3 0 0
9 3 0 0
9 8 0 0
9 6 0 0
9 5 0 0
10 2 0 0
10 7 0 0
10 1 0 0
10 4 0 0
11 1 0 0
11 2 0 0
11 9 0 0
11 0 0 0
12 1 0 0
12 8 0 0
12 2 0 0
12 5 0 0
13 12 0 0
13 9 0 0
13 8 0 0
13 10 0 0
14 13 0 0
14 2 0 0
14 1 0 0
14 3 0 0
15 0 0 0
15 3 0 0
15 11 0 0
15 13 0 0
16 13 0 0
16 14 0 0
16 0 0 0
16 10 0 0
17 6 0 0
17 7 0 0
17 5 0 0
17 4 0 0
18 6 0 0
18 0 0 0
18 16 0 0
18 8 0 0
19 14 0 0
19 8 0 0
19 5 0 0
19 0 0 0
0 9 0 0
0 10 0 0
0 13 0 0
0 14 0 0
1 9 0 0
1 15 0 0
1 19 0 0
1 18 0 0
2 19 0 0
2 9 0 0
2 15 0 0
2 18 0 0
3 19 0 0
3 10 0 0
3 11 0 0
3 16 0 0
24 22 1 1
24 21 1 1
24 20 1 1
24 23 1 1
25 22 1 1
25 20 1 1
25 21 1 1
25 24 1 1
26 25 1 1
26 24 1 1
26 21 1 1
26 22 1 1
27 25 1 1
27 23 1 1
27 22 1 1
27 21 1 1
28 26 1 1
28 24 1 1
28 25 1 1
28 22 1 1
29 20 1 1
29 21 1 1
29 22 1 1
29 24 1 1
30 28 1 1
30 23 1 1
30 26 1 1
30 27 1 1
31 30 1 1
31 21 1 1
31 26 1 1
31 23 1 1
32 26 1 1
32 24 1 1
32 25 1 1
32 30 1 1
33 23 1 1
33 29 1 1
33 31 1 1
33 27 1 1
34 27 1 1
34 26 1 1
34 33 1 1
34 31 1 1
35 22 1 1
35 25 1 1
35 31 1 1
35 33 1 1
36 28 1 1
36 23 1 1
36 34 1 1
36 35 1 1
37 35 1 1
37 28 1 1
37 29 1 1
37 20 1 1
38 20 1 1
38 28 1 1
38 30 1 1
38 36 1 1
39 34 1 1
39 27 1 1
39 21 1 1
39 22 1 1
20 35 1 1
20 32 1 1
20 27 1 1
20 30 1 1
21 35 1 1
21 28 1 1
21 38 1 1
21 37 1 1
22 37 1 1
22 34 1 1
22 38 1 1
22 36 1 1
23 29 1 1
23 28 1 1
23 25 1 1
23 26 1 1
44 41 2 2
44 40 2 2
44 43 2 2
44 42 2 2
45 44 2 2
45 41 2 2
45 40 2 2
45 43 2 2
46 42 2 2
46 44 2 2
46 41 2 2
46 40 2 2
47 41 2 2
47 46 2 2
47 42 2 2
47 44 2 2
48 47 2 2
48 41 2 2
48 46 2 2
48 40 2 2
49 43 2 2
49 41 2 2
49 42 2 2
49 46 2 2
50 44 2 2
50 49 2 2
50 45 2 2
50 41 2 2
51 44 2 2
51 49 2 2
51 43 2 2
51 42 2 2
52 44 2 2
52 47 2 2
52 46 2 2
52 50 2 2
53 50 2 2
53 40 2 2
53 46 2 2
53 41 2 2
54 52 2 2
54 40 2 2
54 48 2 2
54 45 2 2
55 49 2 2
55 53 2 2
55 46 2 2
55 48 2 2
56 47 2 2
56 43 2 2
56 49 2 2
56 42 2 2
57 56 2 2
57 40 2 2
57 54 2 2
57 45 2 2
58 44 2 2
58 55 2 2
58 45 2 2
58 57 2 2
59 58 2 2
59 41 2 2
59 53 2 2
59 57 2 2
40 50 2 2
40 55 2 2
40 59 2 2
40 56 2 2
41 56 2 2
41 52 2 2
41 51 2 2
41 55 2 2
42 55 2 2
42 48 2 2
42 50 2 2
42 53 2 2
43 59 2 2
43 57 2 2
43 46 2 2
43 54 2 2
64 61 3 3
64 60 3 3
64 62 3 3
64 63 3 3
65 62 3 3
65 61 3 3
65 60 3 3
65 63 3 3
66 64 3 3
66 65 3 3
66 61 3 3
66 62 3 3
67 65 3 3
67 62 3 3
67 63 3 3
67 66 3 3
68 62 3 3
68 63 3 3
68 65 3 3
68 67 3 3
69 68 3 3
69 62 3 3
69 63 3 3
69 60 3 3
70 64 3 3
70 67 3 3
70 69 3 3
70 62 3 3
71 64 3 3
71 69 3 3
71 60 3 3
71 70 3 3
72 70 3 3
72 65 3 3
72 66 3 3
72 60 3 3
73 62 3 3
73 66 3 3
73 70 3 3
73 72 3 3
74 65 3 3
74 72 3 3
74 62 3 3
74 61 3 3
75 70 3 3
75 74 3 3
75 73 3 3
75 61 3 3
76 60 3 3
76 74 3 3
76 61 3 3
76 67 3 3
77 68 3 3
77 76 3 3
77 72 3 3
77 65 3 3
78 68 3 3
78 63 3 3
78 69 3 3
78 60 3 3
79 74 3 3
79 67 3 3
79 77 3 3
79 68 3 3
60 68 3 3
60 74 3 3
60 73 3 3
60 79 3 3
61 73 3 3
61 67 3 3
61 72 3 3
61 70 3 3
62 76 3 3
62 79 3 3
62 78 3 3
62 77 3 3
63 74 3 3
63 79 3 3
63 70 3 3
63 77 3 3
84 80 4 4
84 81 4 4
84 83 4 4
84 82 4 4
85 84 4 4
85 81 4 4
85 80 4 4
85 83 4 4
86 82 4 4
86 80 4 4
86 81 4 4
86 84 4 4
87 82 4 4
87 86 4 4
87 85 4 4
87 81 4 4
88 85 4 4
88 84 4 4
88 83 4 4
88 81 4 4
89 81 4 4
89 80 4 4
89 83 4 4
89 84 4 4
90 82 4 4
90 84 4 4
90 86 4 4
90 87 4 4
91 88 4 4
91 90 4 4
91 84 4 4
91 86 4 4
92 87 4 4
92 89 4 4
92 86 4 4
92 91 4 4
93 81 4 4
93 82 4 4
93 80 4 4
93 89 4 4
94 82 4 4
94 87 4 4
94 89 4 4
94 83 4 4
95 84 4 4
95 85 4 4
95 92 4 4
95 81 4 4
96 89 4 4
96 86 4 4
96 93 4 4
96 80 4 4
97 95 4 4
97 92 4 4
97 81 4 4
97 88 4 4
98 83 4 4
98 86 4 4
98 81 4 4
98 95 4 4
99 89 4 4
99 84 4 4
99 97 4 4
99 80 4 4
80 98 4 4
80 95 4 4
80 94 4 4
80 92 4 4
81 92 4 4
81 96 4 4
81 99 4 4
81 94 4 4
82 95 4 4
82 97 4 4
82 89 4 4
82 96 4 4
83 99 4 4
83 92 4 4
83 93 4 4
83 96 4 4
104 103 5 5
104 102 5 5
104 100 5 5
104 101 5 5
105 100 5 5
105 104 5 5
105 103 5 5
105 101 5 5
106 102 5 5
106 103 5 5
106 104 5 5
106 100 5 5
107 104 5 5
107 102 5 5
107 100 5 5
107 103 5 5
108 104 5 5
108 106 5 5
108 103 5 5
108 107 5 5
109 106 5 5
109 103 5 5
109 108 5 5
109 101 5 5
110 106 5 5
110 105 5 5
110 104 5 5
110 108 5 5
111 102 5 5
111 103 5 5
111 109 5 5
111 110 5 5
112 109 5 5
112 108 5 5
112 106 5 5
112 111 5 5
113 104 5 5
113 112 5 5
113 105 5 5
113 110 5 5
114 108 5 5
114 100 5 5
114 110 5 5
114 104 5 5
115 105 5 5
115 104 5 5
115 106 5 5
115 100 5 5
116 113 5 5
116 110 5 5
116 104 5 5
116 108 5 5
117 112 5 5
117 102 5 5
117 111 5 5
117 104 5 5
118 115 5 5
118 100 5 5
118 116 5 5
118 102 5 5
119 117 5 5
119 106 5 5
119 108 5 5
119 109 5 5
100 109 5 5
100 111 5 5
100 112 5 5
100 113 5 5
101 117 5 5
101 111 5 5
101 107 5 5
101 119 5 5
102 109 5 5
102 108 5 5
102 112 5 5
102 105 5 5
103 116 5 5
103 117 5 5
103 119 5 5
103 114 5 5
124 120 6 6
124 121 6 6
124 122 6 6
124 123 6 6
125 124 6 6
125 121 6 6
125 123 6 6
125 122 6 6
126 120 6 6
126 125 6 6
126 121 6 6
126 122 6 6
127 120 6 6
127 121 6 6
127 122 6 6
127 126 6 6
128 122 6 6
128 125 6 6
128 121 6 6
128 127 6 6
129 122 6 6
129 123 6 6
129 124 6 6
129 120 6 6
130 123 6 6
130 126 6 6
130 121 6 6
130 125 6 6
131 123 6 6
131 125 6 6
131 127 6 6
131 128 6 6
132 121 6 6
132 122 6 6
132 127 6 6
132 130 6 6
133 131 6 6
133 130 6 6
133 128 6 6
133 123 6 6
134 130 6 6
134 124 6 6
134 122 6 6
134 126 6 6
135 127 6 6
135 131 6 6
135 128 6 6
135 122 6 6
136 124 6 6
136 120 6 6
136 133 6 6
136 135 6 6
137 133 6 6
137 127 6 6
137 122 6 6
137 128 6 6
138 135 6 6
138 131 6 6
138 126 6 6
138 125 6 6
139 130 6 6
139 125 6 6
139 127 6 6
139 121 6 6
120 137 6 6
120 133 6 6
120 132 6 6
120 134 6 6
121 138 6 6
121 135 6 6
121 134 6 6
121 133 6 6
122 131 6 6
122 136 6 6
122 133 6 6
122 130 6 6
123 126 6 6
123 136 6 6
123 139 6 6
123 137 6 6
144 141 7 7
144 143 7 7
144 142 7 7
144 140 7 7
145 143 7 7
145 142 7 7
145 140 7 7
145 141 7 7
146 145 7 7
146 140 7 7
146 143 7 7
146 141 7 7
147 145 7 7
147 146 7 7
147 143 7 7
147 140 7 7
148 147 7 7
148 145 7 7
148 140 7 7
148 142 7 7
149 147 7 7
149 145 7 7
149 141 7 7
149 143 7 7
150 142 7 7
150 140 7 7
150 146 7 7
150 141 7 7
151 141 7 7
151 144 7 7
151 142 7 7
151 150 7 7
152 145 7 7
152 142 7 7
152 146 7 7
152 147 7 7
153 145 7 7
153 147 7 7
153 148 7 7
153 143 7 7
154 151 7 7
154 150 7 7
154 149 7 7
154 144 7 7
155 141 7 7
155 151 7 7
155 148 7 7
155 142 7 7
156 151 7 7
156 154 7 7
156 147 7 7
156 144 7 7
157 151 7 7
157 148 7 7
157 150 7 7
157 153 7 7
158 152 7 7
158 151 7 7
158 142 7 7
158 146 7 7
159 156 7 7
159 154 7 7
159 155 7 7
159 144 7 7
140 155 7 7
140 153 7 7
140 152 7 7
140 158 7 7
141 148 7 7
141 159 7 7
141 156 7 7
141 153 7 7
142 157 7 7
142 147 7 7
142 146 7 7
142 153 7 7
143 154 7 7
143 152 7 7
143 148 7 7
143 158 7 7
164 160 8 8
164 163 8 8
164 162 8 8
164 161 8 8
165 160 8 8
165 164 8 8
165 163 8 8
165 161 8 8
166 160 8 8
166 165 8 8
166 162 8 8
166 161 8 8
167 166 8 8
167 163 8 8
167 160 8 8
167 161 8 8
168 160 8 8
168 162 8 8
168 161 8 8
168 163 8 8
169 162 8 8
169 164 8 8
169 166 8 8
169 167 8 8
170 169 8 8
170 168 8 8
170 166 8 8
170 162 8 8
171 163 8 8
171 160 8 8
171 165 8 8
171 161 8 8
172 161 8 8
172 165 8 8
172 164 8 8
172 168 8 8
173 163 8 8
173 161 8 8
173 162 8 8
173 167 8 8
174 165 8 8
174 162 8 8
174 164 8 8
174 166 8 8
175 171 8 8
175 166 8 8
175 174 8 8
175 172 8 8
176 175 8 8
176 169 8 8
176 172 8 8
176 166 8 8
177 172 8 8
177 164 8 8
177 174 8 8
177 166 8 8
178 169 8 8
178 164 8 8
178 166 8 8
178 162 8 8
179 178 8 8
179 177 8 8
179 173 8 8
179 174 8 8
160 178 8 8
160 169 8 8
160 176 8 8
160 175 8 8
161 175 8 8
161 176 8 8
161 174 8 8
161 177 8 8
162 176 8 8
162 175 8 8
162 179 8 8
162 171 8 8
163 176 8 8
163 166 8 8
163 178 8 8
163 170 8 8
184 183 9 9
184 180 9 9
184 181 9 9
184 182 9 9
185 182 9 9
185 180 9 9
185 184 9 9
185 183 9 9
186 182 9 9
186 181 9 9
186 180 9 9
186 185 9 9
187 186 9 9
187 184 9 9
187 182 9 9
187 181 9 9
188 181 9 9
188 186 9 9
188 185 9 9
188 183 9 9
189 188 9 9
189 185 9 9
189 184 9 9
189 180 9 9
190 184 9 9
190 183 9 9
190 185 9 9
190 187 9 9
191 182 9 9
191 185 9 9
191 183 9 9
191 189 9 9
192 191 9 9
192 184 9 9
192 183 9 9
192 188 9 9
193 186 9 9
193 190 9 9
193 187 9 9
193 181 9 9
194 181 9 9
194 188 9 9
194 190 9 9
194 186 9 9
195 194 9 9
195 193 9 9
195 180 9 9
195 192 9 9
196 190 9 9
196 192 9 9
196 183 9 9
196 191 9 9
197 186 9 9
197 188 9 9
197 194 9 9
197 193 9 9
198 189 9 9
198 191 9 9
198 183 9 9
198 197 9 9
199 188 9 9
199 185 9 9
199 189 9 9
199 192 9 9
180 190 9 9
180 187 9 9
180 194 9 9
180 196 9 9
181 198 9 9
181 192 9 9
181 197 9 9
181 195 9 9
182 188 9 9
182 195 9 9
182 197 9 9
182 193 9 9
183 199 9 9
183 197 9 9
183 195 9 9
183 189 9 9
204 202 10 10
204 203 10 10
204 201 10 10
204 200 10 10
205 203 10 10
205 200 10 10
205 204 10 10
205 201 10 10
206 201 10 10
206 205 10 10
206 200 10 10
206 202 10 10
207 204 10 10
207 202 10 10
207 205 10 10
207 206 10 10
208 205 10 10
208 206 10 10
208 201 10 10
208 202 10 10
209 207 10 10
209 200 10 10
209 202 10 10
209 201 10 10
210 207 10 10
210 200 10 10
210 202 10 10
210 203 10 10
211 208 10 10
211 209 10 10
211 201 10 10
211 205 10 10
212 210 10 10
212 205 10 10
212 208 10 10
212 207 10 10
213 209 10 10
213 200 10 10
213 205 10 10
213 203 10 10
214 201 10 10
214 211 10 10
214 210 10 10
214 203 10 10
215 209 10 10
215 207 10 10
215 205 10 10
215 202 10 10
216 204 10 10
216 212 10 10
216 213 10 10
216 208 10 10
217 213 10 10
217 215 10 10
217 207 10 10
217 210 10 10
218 214 10 10
218 210 10 10
218 213 10 10
218 203 10 10
219 203 10 10
219 205 10 10
219 208 10 10
219 211 10 10
200 218 10 10
200 216 10 10
200 208 10 10
200 215 10 10
201 219 10 10
201 216 10 10
201 213 10 10
201 215 10 10
202 218 10 10
202 212 10 10
202 211 10 10
202 214 10 10
203 216 10 10
203 209 10 10
203 215 10 10
203 211 10 10
224 220 11 11
224 222 11 11
224 221 11 11
224 223 11 11
225 220 11 11
225 224 11 11
225 222 11 11
225 223 11 11
226 220 11 11
226 225 11 11
226 224 11 11
226 223 11 11
227 225 11 11
227 223 11 11
227 226 11 11
227 220 11 11
228 220 11 11
228 222 11 11
228 223 11 11
228 227 11 11
229 226 11 11
229 224 11 11
229 225 11 11
229 220 11 11
230 221 11 11
230 223 11 11
230 222 11 11
230 228 11 11
231 224 11 11
231 229 11 11
231 227 11 11
231 225 11 11
232 227 11 11
232 228 11 11
232 224 11 11
232 222 11 11
233 227 11 11
233 220 11 11
233 225 11 11
233 223 11 11
234 220 11 11
234 225 11 11
234 228 11 11
234 230 11 11
235 233 11 11
235 220 11 11
235 223 11 11
235 224 11 11
236 225 11 11
236 221 11 11
236 235 11 11
236 233 11 11
237 226 11 11
237 236 11 11
237 230 11 11
237 225 11 11
238 228 11 11
238 236 11 11
238 224 11 11
238 225 11 11
239 230 11 11
239 220 11 11
239 221 11 11
239 235 11 11
220 231 11 11
220 232 11 11
220 237 11 11
220 230 11 11
221 234 11 11
221 235 11 11
221 237 11 11
221 233 11 11
222 237 11 11
222 234 11 11
222 239 11 11
222 235 11 11
223 234 11 11
223 239 11 11
223 237 11 11
223 236 11 11
244 243 12 12
244 240 12 12
244 241 12 12
244 242 12 12
245 243 12 12
245 240 12 12
245 242 12 12
245 244 12 12
246 244 12 12
246 245 12 12
246 243 12 12
246 241 12 12
247 240 12 12
247 241 12 12
247 242 12 12
247 245 12 12
248 242 12 12
248 241 12 12
248 245 12 12
248 247 12 12
249 248 12 12
249 242 12 12
249 247 12 12
249 240 12 12
250 244 12 12
250 245 12 12
250 241 12 12
250 246 12 12
251 246 12 12
251 241 12 12
251 247 12 12
251 248 12 12
252 243 12 12
252 249 12 12
252 244 12 12
252 240 12 12
253 241 12 12
253 246 12 12
253 244 12 12
253 245 12 12
254 250 12 12
254 249 12 12
254 243 12 12
254 252 12 12
255 251 12 12
255 242 12 12
255 249 12 12
255 241 12 12
256 242 12 12
256 241 12 12
256 252 12 12
256 245 12 12
257 249 12 12
257 255 12 12
257 253 12 12
257 241 12 12
258 249 12 12
258 253 12 12
258 252 12 12
258 245 12 12
259 246 12 12
259 254 12 12
259 258 12 12
259 244 12 12
240 253 12 12
240 248 12 12
240 257 12 12
240 255 12 12
241 252 12 12
241 254 12 12
241 258 12 12
241 249 12 12
242 251 12 12
242 257 12 12
242 259 12 12
242 246 12 12
243 247 12 12
243 258 12 12
243 256 12 12
243 248 12 12
264 260 13 13
264 263 13 13
264 261 13 13
264 262 13 13
265 260 13 13
265 263 13 13
265 262 13 13
265 264 13 13
266 260 13 13
266 263 13 13
266 264 13 13
266 262 13 13
267 262 13 13
267 266 13 13
267 265 13 13
267 264 13 13
268 260 13 13
268 266 13 13
268 263 13 13
268 261 13 13
269 268 13 13
269 265 13 13
269 262 13 13
269 263 13 13
270 267 13 13
270 264 13 13
270 260 13 13
270 266 13 13
271 266 13 13
271 270 13 13
271 267 13 13
271 264 13 13
272 267 13 13
272 270 13 13
272 260 13 13
272 268 13 13
273 271 13 13
273 270 13 13
273 265 13 13
273 267 13 13
274 273 13 13
274 269 13 13
274 266 13 13
274 265 13 13
275 266 13 13
275 268 13 13
275 260 13 13
275 264 13 13
276 267 13 13
276 272 13 13
276 271 13 13
276 275 13 13
277 268 13 13
277 260 13 13
277 266 13 13
277 276 13 13
278 270 13 13
278 272 13 13
278 275 13 13
278 262 13 13
279 263 13 13
279 266 13 13
279 270 13 13
279 269 13 13
260 276 13 13
260 274 13 13
260 271 13 13
260 279 13 13
261 276 13 13
261 279 13 13
261 271 13 13
261 275 13 13
262 279 13 13
262 277 13 13
262 268 13 13
262 274 13 13
263 277 13 13
263 275 13 13
263 267 13 13
263 276 13 13
284 283 14 14
284 281 14 14
284 280 14 14
284 282 14 14
285 283 14 14
285 280 14 14
285 281 14 14
285 284 14 14
286 282 14 14
286 284 14 14
286 285 14 14
286 283 14 14
287 283 14 14
287 286 14 14
287 280 14 14
287 285 14 14
288 280 14 14
288 284 14 14
288 283 14 14
288 285 14 14
289 285 14 14
289 281 14 14
289 284 14 14
289 283 14 14
290 285 14 14
290 284 14 14
290 288 14 14
290 287 14 14
291 290 14 14
291 282 14 14
291 283 14 14
291 289 14 14
292 291 14 14
292 282 14 14
292 284 14 14
292 287 14 14
293 292 14 14
293 283 14 14
293 291 14 14
293 284 14 14
294 292 14 14
294 293 14 14
294 280 14 14
294 283 14 14
295 292 14 14
295 293 14 14
295 289 14 14
295 287 14 14
296 288 14 14
296 286 14 14
296 284 14 14
296 295 14 14
297 283 14 14
297 295 14 14
297 286 14 14
297 294 14 14
298 290 14 14
298 281 14 14
298 283 14 14
298 280 14 14
299 283 14 14
299 280 14 14
299 291 14 14
299 298 14 14
280 292 14 14
280 289 14 14
280 297 14 14
280 291 14 14
281 294 14 14
281 290 14 14
281 287 14 14
281 288 14 14
282 294 14 14
282 289 14 14
282 293 14 14
282 295 14 14
283 295 14 14
283 290 14 14
283 292 14 14
283 296 14 14
304 303 15 15
304 301 15 15
304 300 15 15
304 302 15 15
305 300 15 15
305 301 15 15
305 304 15 15
305 302 15 15
306 302 15 15
306 303 15 15
306 305 15 15
306 300 15 15
307 303 15 15
307 301 15 15
307 304 15 15
307 305 15 15
308 301 15 15
308 307 15 15
308 305 15 15
308 300 15 15
309 304 15 15
309 303 15 15
309 301 15 15
309 302 15 15
310 308 15 15
310 301 15 15
310 305 15 15
310 307 15 15
311 304 15 15
311 309 15 15
311 307 15 15
311 301 15 15
312 311 15 15
312 307 15 15
312 308 15 15
312 310 15 15
313 307 15 15
313 304 15 15
313 310 15 15
313 300 15 15
314 305 15 15
314 307 15 15
314 308 15 15
314 301 15 15
315 312 15 15
315 310 15 15
315 307 15 15
315 304 15 15
316 307 15 15
316 312 15 15
316 301 15 15
316 308 15 15
317 300 15 15
317 315 15 15
317 308 15 15
317 302 15 15
318 302 15 15
318 301 15 15
318 313 15 15
318 304 15 15
319 309 15 15
319 305 15 15
319 301 15 15
319 306 15 15
300 312 15 15
300 314 15 15
300 318 15 15
300 310 15 15
301 315 15 15
301 313 15 15
301 312 15 15
301 317 15 15
302 310 15 15
302 313 15 15
302 311 15 15
302 314 15 15
303 311 15 15
303 318 15 15
303 317 15 15
303 308 15 15
83 12 4 0
82 62 4 3
90 26 4 1
89 44 4 2
119 37 5 1
117 52 5 2
107 70 5 3
114 1 5 0
129 60 6 3
136 54 6 2
127 33 6 1
122 108 6 5
143 17 7 0
143 29 7 1
159 132 7 6
158 78 7 3
163 14 8 0
174 87 8 4
179 75 8 3
176 145 8 7
191 17 9 0
195 150 9 7
186 78 9 3
194 96 9 4
208 148 10 7
213 6 10 0
211 199 10 9
204 99 10 4
225 6 11 0
227 106 11 5
234 63 11 3
224 165 11 8
240 163 12 8
243 215 12 10
259 143 12 7
245 90 12 4
268 136 13 6
261 85 13 4
277 251 13 12
279 3 13 0
290 185 14 9
290 66 14 3
290 219 14 10
290 4 14 0
314 234 15 11
308 298 15 14
305 180 15 9
308 66 15 3
17 244 0 12
13 319 0 15
16 135 0 6
26 193 1 9
20 305 1 15
26 229 1 11
20 200 1 10
55 254 2 12
44 219 2 10
40 159 2 7
51 180 2 9
72 272 3 13
63 202 3 10
73 246 3 12
