swNum = 320
edgeNum = 1344

0 0
1 0
2 0
3 0
4 0
5 0
6 0
7 0
8 0
9 0
10 0
11 0
12 0
13 0
14 0
15 0
16 0
17 0
18 0
19 0
20 1
21 1
22 1
23 1
24 1
25 1
26 1
27 1
28 1
29 1
30 1
31 1
32 1
33 1
34 1
35 1
36 1
37 1
38 1
39 1
40 2
41 2
42 2
43 2
44 2
45 2
46 2
47 2
48 2
49 2
50 2
51 2
52 2
53 2
54 2
55 2
56 2
57 2
58 2
59 2
60 3
61 3
62 3
63 3
64 3
65 3
66 3
67 3
68 3
69 3
70 3
71 3
72 3
73 3
74 3
75 3
76 3
77 3
78 3
79 3
80 4
81 4
82 4
83 4
84 4
85 4
86 4
87 4
88 4
89 4
90 4
91 4
92 4
93 4
94 4
95 4
96 4
97 4
98 4
99 4
100 5
101 5
102 5
103 5
104 5
105 5
106 5
107 5
108 5
109 5
110 5
111 5
112 5
113 5
114 5
115 5
116 5
117 5
118 5
119 5
120 6
121 6
122 6
123 6
124 6
125 6
126 6
127 6
128 6
129 6
130 6
131 6
132 6
133 6
134 6
135 6
136 6
137 6
138 6
139 6
140 7
141 7
142 7
143 7
144 7
145 7
146 7
147 7
148 7
149 7
150 7
151 7
152 7
153 7
154 7
155 7
156 7
157 7
158 7
159 7
160 8
161 8
162 8
163 8
164 8
165 8
166 8
167 8
168 8
169 8
170 8
171 8
172 8
173 8
174 8
175 8
176 8
177 8
178 8
179 8
180 9
181 9
182 9
183 9
184 9
185 9
186 9
187 9
188 9
189 9
190 9
191 9
192 9
193 9
194 9
195 9
196 9
197 9
198 9
199 9
200 10
201 10
202 10
203 10
204 10
205 10
206 10
207 10
208 10
209 10
210 10
211 10
212 10
213 10
214 10
215 10
216 10
217 10
218 10
219 10
220 11
221 11
222 11
223 11
224 11
225 11
226 11
227 11
228 11
229 11
230 11
231 11
232 11
233 11
234 11
235 11
236 11
237 11
238 11
239 11
240 12
241 12
242 12
243 12
244 12
245 12
246 12
247 12
248 12
249 12
250 12
251 12
252 12
253 12
254 12
255 12
256 12
257 12
258 12
259 12
260 13
261 13
262 13
263 13
264 13
265 13
266 13
267 13
268 13
269 13
270 13
271 13
272 13
273 13
274 13
275 13
276 13
277 13
278 13
279 13
280 14
281 14
282 14
283 14
284 14
285 14
286 14
287 14
288 14
289 14
290 14
291 14
292 14
293 14
294 14
295 14
296 14
297 14
298 14
299 14
300 15
301 15
302 15
303 15
304 15
305 15
306 15
307 15
308 15
309 15
310 15
311 15
312 15
313 15
314 15
315 15
316 15
317 15
318 15
319 15

4 3 0 0
4 1 0 0
4 0 0 0
4 2 0 0
5 4 0 0
5 0 0 0
5 2 0 0
5 3 0 0
6 1 0 0
6 0 0 0
6 4 0 0
6 3 0 0
7 0 0 0
7 2 0 0
7 6 0 0
7 1 0 0
8 2 0 0
8 7 0 0
8 6 0 0
8 1 0 0
9 1 0 0
9 2 0 0
9 7 0 0
9 3 0 0
10 8 0 0
10 2 0 0
10 1 0 0
10 4 0 0
11 5 0 0
11 0 0 0
11 3 0 0
11 8 0 0
12 11 0 0
12 7 0 0
12 0 0 0
12 10 0 0
13 9 0 0
13 7 0 0
13 12 0 0
13 6 0 0
14 13 0 0
14 6 0 0
14 1 0 0
14 7 0 0
15 6 0 0
15 2 0 0
15 9 0 0
15 4 0 0
16 11 0 0
16 0 0 0
16 3 0 0
16 10 0 0
17 14 0 0
17 0 0 0
17 10 0 0
17 12 0 0
18 11 0 0
18 15 0 0
18 16 0 0
18 0 0 0
19 2 0 0
19 4 0 0
19 5 0 0
19 0 0 0
0 8 0 0
0 14 0 0
0 15 0 0
0 10 0 0
1 13 0 0
1 19 0 0
1 17 0 0
1 18 0 0
2 14 0 0
2 6 0 0
2 12 0 0
2 13 0 0
3 19 0 0
3 12 0 0
3 18 0 0
3 17 0 0
24 23 1 1
24 20 1 1
24 22 1 1
24 21 1 1
25 22 1 1
25 23 1 1
25 21 1 1
25 24 1 1
26 20 1 1
26 22 1 1
26 23 1 1
26 25 1 1
27 26 1 1
27 25 1 1
27 22 1 1
27 23 1 1
28 21 1 1
28 23 1 1
28 22 1 1
28 24 1 1
29 27 1 1
29 28 1 1
29 21 1 1
29 23 1 1
30 26 1 1
30 27 1 1
30 20 1 1
30 24 1 1
31 24 1 1
31 20 1 1
31 23 1 1
31 29 1 1
32 20 1 1
32 23 1 1
32 24 1 1
32 22 1 1
33 28 1 1
33 29 1 1
33 23 1 1
33 21 1 1
34 26 1 1
34 33 1 1
34 20 1 1
34 21 1 1
35 28 1 1
35 26 1 1
35 27 1 1
35 22 1 1
36 20 1 1
36 26 1 1
36 28 1 1
36 29 1 1
37 32 1 1
37 24 1 1
37 35 1 1
37 31 1 1
38 22 1 1
38 27 1 1
38 28 1 1
38 37 1 1
39 32 1 1
39 28 1 1
39 29 1 1
39 38 1 1
20 27 1 1
20 38 1 1
20 39 1 1
20 35 1 1
21 32 1 1
21 26 1 1
21 36 1 1
21 38 1 1
22 31 1 1
22 29 1 1
22 30 1 1
22 37 1 1
23 34 1 1
23 35 1 1
23 30 1 1
23 38 1 1
44 43 2 2
44 41 2 2
44 40 2 2
44 42 2 2
45 41 2 2
45 40 2 2
45 44 2 2
45 43 2 2
46 40 2 2
46 41 2 2
46 43 2 2
46 45 2 2
47 40 2 2
47 42 2 2
47 45 2 2
47 43 2 2
48 42 2 2
48 43 2 2
48 40 2 2
48 47 2 2
49 46 2 2
49 41 2 2
49 40 2 2
49 42 2 2
50 47 2 2
50 49 2 2
50 46 2 2
50 44 2 2
51 46 2 2
51 49 2 2
51 41 2 2
51 45 2 2
52 46 2 2
52 40 2 2
52 49 2 2
52 41 2 2
53 41 2 2
53 44 2 2
53 47 2 2
53 43 2 2
54 48 2 2
54 52 2 2
54 42 2 2
54 49 2 2
55 46 2 2
55 49 2 2
55 52 2 2
55 54 2 2
56 43 2 2
56 45 2 2
56 41 2 2
56 55 2 2
57 47 2 2
57 51 2 2
57 42 2 2
57 44 2 2
58 51 2 2
58 52 2 2
58 41 2 2
58 42 2 2
59 55 2 2
59 57 2 2
59 56 2 2
59 43 2 2
40 51 2 2
40 55 2 2
40 59 2 2
40 56 2 2
41 55 2 2
41 50 2 2
41 57 2 2
41 48 2 2
42 51 2 2
42 56 2 2
42 50 2 2
42 46 2 2
43 54 2 2
43 58 2 2
43 55 2 2
43 51 2 2
64 63 3 3
64 62 3 3
64 60 3 3
64 61 3 3
65 63 3 3
65 64 3 3
65 60 3 3
65 61 3 3
66 65 3 3
66 64 3 3
66 62 3 3
66 63 3 3
67 63 3 3
67 65 3 3
67 64 3 3
67 66 3 3
68 60 3 3
68 61 3 3
68 62 3 3
68 64 3 3
69 67 3 3
69 60 3 3
69 66 3 3
69 63 3 3
70 60 3 3
70 61 3 3
70 69 3 3
70 64 3 3
71 62 3 3
71 66 3 3
71 65 3 3
71 64 3 3
72 67 3 3
72 62 3 3
72 66 3 3
72 64 3 3
73 62 3 3
73 67 3 3
73 71 3 3
73 72 3 3
74 60 3 3
74 71 3 3
74 68 3 3
74 70 3 3
75 74 3 3
75 69 3 3
75 62 3 3
75 66 3 3
76 67 3 3
76 64 3 3
76 73 3 3
76 68 3 3
77 75 3 3
77 62 3 3
77 67 3 3
77 76 3 3
78 68 3 3
78 73 3 3
78 75 3 3
78 77 3 3
79 78 3 3
79 75 3 3
79 62 3 3
79 72 3 3
60 76 3 3
60 75 3 3
60 71 3 3
60 66 3 3
61 69 3 3
61 67 3 3
61 71 3 3
61 79 3 3
62 67 3 3
62 70 3 3
62 78 3 3
62 65 3 3
63 72 3 3
63 75 3 3
63 78 3 3
63 76 3 3
84 83 4 4
84 80 4 4
84 82 4 4
84 81 4 4
85 84 4 4
85 81 4 4
85 82 4 4
85 83 4 4
86 85 4 4
86 80 4 4
86 81 4 4
86 84 4 4
87 85 4 4
87 81 4 4
87 82 4 4
87 84 4 4
88 86 4 4
88 85 4 4
88 84 4 4
88 82 4 4
89 88 4 4
89 85 4 4
89 82 4 4
89 84 4 4
90 88 4 4
90 86 4 4
90 84 4 4
90 82 4 4
91 82 4 4
91 88 4 4
91 89 4 4
91 90 4 4
92 88 4 4
92 83 4 4
92 82 4 4
92 86 4 4
93 82 4 4
93 86 4 4
93 92 4 4
93 88 4 4
94 86 4 4
94 91 4 4
94 92 4 4
94 93 4 4
95 91 4 4
95 93 4 4
95 82 4 4
95 90 4 4
96 86 4 4
96 87 4 4
96 81 4 4
96 94 4 4
97 84 4 4
97 86 4 4
97 80 4 4
97 87 4 4
98 86 4 4
98 81 4 4
98 96 4 4
98 87 4 4
99 95 4 4
99 81 4 4
99 83 4 4
99 91 4 4
80 92 4 4
80 85 4 4
80 89 4 4
80 98 4 4
81 92 4 4
81 89 4 4
81 88 4 4
81 93 4 4
82 99 4 4
82 97 4 4
82 86 4 4
82 98 4 4
83 86 4 4
83 88 4 4
83 95 4 4
83 97 4 4
104 100 5 5
104 102 5 5
104 101 5 5
104 103 5 5
105 101 5 5
105 103 5 5
105 102 5 5
105 104 5 5
106 102 5 5
106 105 5 5
106 103 5 5
106 101 5 5
107 101 5 5
107 104 5 5
107 105 5 5
107 106 5 5
108 104 5 5
108 106 5 5
108 100 5 5
108 107 5 5
109 106 5 5
109 105 5 5
109 101 5 5
109 103 5 5
110 104 5 5
110 107 5 5
110 105 5 5
110 101 5 5
111 109 5 5
111 105 5 5
111 101 5 5
111 103 5 5
112 101 5 5
112 103 5 5
112 104 5 5
112 109 5 5
113 103 5 5
113 111 5 5
113 101 5 5
113 105 5 5
114 103 5 5
114 106 5 5
114 113 5 5
114 101 5 5
115 105 5 5
115 109 5 5
115 111 5 5
115 102 5 5
116 104 5 5
116 100 5 5
116 113 5 5
116 112 5 5
117 101 5 5
117 102 5 5
117 106 5 5
117 105 5 5
118 100 5 5
118 102 5 5
118 112 5 5
118 114 5 5
119 102 5 5
119 112 5 5
119 114 5 5
119 109 5 5
100 106 5 5
100 113 5 5
100 115 5 5
100 117 5 5
101 116 5 5
101 118 5 5
101 108 5 5
101 119 5 5
102 113 5 5
102 114 5 5
102 107 5 5
102 108 5 5
103 117 5 5
103 119 5 5
103 115 5 5
103 108 5 5
124 123 6 6
124 122 6 6
124 121 6 6
124 120 6 6
125 124 6 6
125 120 6 6
125 123 6 6
125 122 6 6
126 123 6 6
126 120 6 6
126 125 6 6
126 122 6 6
127 124 6 6
127 122 6 6
127 121 6 6
127 125 6 6
128 127 6 6
128 124 6 6
128 123 6 6
128 120 6 6
129 121 6 6
129 123 6 6
129 122 6 6
129 124 6 6
130 124 6 6
130 121 6 6
130 128 6 6
130 127 6 6
131 122 6 6
131 127 6 6
131 121 6 6
131 120 6 6
132 125 6 6
132 124 6 6
132 126 6 6
132 130 6 6
133 121 6 6
133 130 6 6
133 124 6 6
133 120 6 6
134 132 6 6
134 124 6 6
134 127 6 6
134 130 6 6
135 121 6 6
135 134 6 6
135 130 6 6
135 133 6 6
136 133 6 6
136 128 6 6
136 135 6 6
136 127 6 6
137 136 6 6
137 121 6 6
137 126 6 6
137 133 6 6
138 135 6 6
138 134 6 6
138 132 6 6
138 128 6 6
139 129 6 6
139 126 6 6
139 135 6 6
139 137 6 6
120 139 6 6
120 130 6 6
120 129 6 6
120 138 6 6
121 138 6 6
121 134 6 6
121 126 6 6
121 132 6 6
122 132 6 6
122 128 6 6
122 134 6 6
122 133 6 6
123 132 6 6
123 139 6 6
123 131 6 6
123 136 6 6
144 142 7 7
144 141 7 7
144 143 7 7
144 140 7 7
145 144 7 7
145 143 7 7
145 140 7 7
145 142 7 7
146 140 7 7
146 145 7 7
146 141 7 7
146 143 7 7
147 146 7 7
147 143 7 7
147 140 7 7
147 142 7 7
148 141 7 7
148 146 7 7
148 147 7 7
148 142 7 7
149 148 7 7
149 142 7 7
149 144 7 7
149 143 7 7
150 142 7 7
150 146 7 7
150 143 7 7
150 147 7 7
151 147 7 7
151 140 7 7
151 146 7 7
151 141 7 7
152 147 7 7
152 151 7 7
152 141 7 7
152 140 7 7
153 143 7 7
153 147 7 7
153 140 7 7
153 145 7 7
154 145 7 7
154 140 7 7
154 151 7 7
154 152 7 7
155 154 7 7
155 150 7 7
155 152 7 7
155 149 7 7
156 141 7 7
156 150 7 7
156 142 7 7
156 148 7 7
157 147 7 7
157 142 7 7
157 148 7 7
157 154 7 7
158 140 7 7
158 153 7 7
158 147 7 7
158 146 7 7
159 149 7 7
159 155 7 7
159 140 7 7
159 152 7 7
140 150 7 7
140 157 7 7
140 148 7 7
140 155 7 7
141 147 7 7
141 149 7 7
141 150 7 7
141 155 7 7
142 154 7 7
142 158 7 7
142 155 7 7
142 151 7 7
143 151 7 7
143 155 7 7
143 152 7 7
143 157 7 7
164 162 8 8
164 163 8 8
164 161 8 8
164 160 8 8
165 161 8 8
165 163 8 8
165 162 8 8
165 164 8 8
166 164 8 8
166 162 8 8
166 165 8 8
166 161 8 8
167 162 8 8
167 164 8 8
167 166 8 8
167 163 8 8
168 161 8 8
168 165 8 8
168 166 8 8
168 162 8 8
169 165 8 8
169 163 8 8
169 167 8 8
169 161 8 8
170 165 8 8
170 168 8 8
170 169 8 8
170 160 8 8
171 169 8 8
171 167 8 8
171 166 8 8
171 162 8 8
172 163 8 8
172 168 8 8
172 160 8 8
172 165 8 8
173 171 8 8
173 164 8 8
173 165 8 8
173 163 8 8
174 162 8 8
174 169 8 8
174 166 8 8
174 170 8 8
175 170 8 8
175 173 8 8
175 174 8 8
175 172 8 8
176 168 8 8
176 172 8 8
176 163 8 8
176 170 8 8
177 163 8 8
177 167 8 8
177 166 8 8
177 169 8 8
178 170 8 8
178 168 8 8
178 165 8 8
178 169 8 8
179 163 8 8
179 177 8 8
179 173 8 8
179 169 8 8
160 168 8 8
160 179 8 8
160 171 8 8
160 166 8 8
161 175 8 8
161 178 8 8
161 173 8 8
161 177 8 8
162 179 8 8
162 177 8 8
162 169 8 8
162 178 8 8
163 171 8 8
163 175 8 8
163 168 8 8
163 170 8 8
184 182 9 9
184 181 9 9
184 180 9 9
184 183 9 9
185 183 9 9
185 182 9 9
185 181 9 9
185 180 9 9
186 180 9 9
186 185 9 9
186 181 9 9
186 182 9 9
187 185 9 9
187 184 9 9
187 186 9 9
187 180 9 9
188 181 9 9
188 183 9 9
188 182 9 9
188 185 9 9
189 180 9 9
189 184 9 9
189 188 9 9
189 183 9 9
190 189 9 9
190 185 9 9
190 183 9 9
190 187 9 9
191 189 9 9
191 182 9 9
191 181 9 9
191 186 9 9
192 185 9 9
192 187 9 9
192 190 9 9
192 189 9 9
193 181 9 9
193 188 9 9
193 184 9 9
193 192 9 9
194 187 9 9
194 181 9 9
194 189 9 9
194 183 9 9
195 184 9 9
195 186 9 9
195 191 9 9
195 190 9 9
196 194 9 9
196 187 9 9
196 195 9 9
196 192 9 9
197 191 9 9
197 192 9 9
197 193 9 9
197 194 9 9
198 195 9 9
198 183 9 9
198 196 9 9
198 192 9 9
199 191 9 9
199 197 9 9
199 189 9 9
199 194 9 9
180 190 9 9
180 199 9 9
180 198 9 9
180 194 9 9
181 192 9 9
181 189 9 9
181 199 9 9
181 187 9 9
182 197 9 9
182 187 9 9
182 198 9 9
182 194 9 9
183 197 9 9
183 187 9 9
183 192 9 9
183 191 9 9
204 201 10 10
204 203 10 10
204 200 10 10
204 202 10 10
205 203 10 10
205 204 10 10
205 200 10 10
205 202 10 10
206 201 10 10
206 204 10 10
206 202 10 10
206 205 10 10
207 201 10 10
207 202 10 10
207 203 10 10
207 204 10 10
208 205 10 10
208 202 10 10
208 201 10 10
208 203 10 10
209 200 10 10
209 202 10 10
209 206 10 10
209 203 10 10
210 207 10 10
210 205 10 10
210 200 10 10
210 208 10 10
211 209 10 10
211 210 10 10
211 207 10 10
211 203 10 10
212 202 10 10
212 204 10 10
212 206 10 10
212 205 10 10
213 202 10 10
213 211 10 10
213 201 10 10
213 212 10 10
214 210 10 10
214 203 10 10
214 204 10 10
214 212 10 10
215 206 10 10
215 201 10 10
215 205 10 10
215 214 10 10
216 206 10 10
216 205 10 10
216 214 10 10
216 200 10 10
217 208 10 10
217 203 10 10
217 202 10 10
217 204 10 10
218 205 10 10
218 201 10 10
218 213 10 10
218 200 10 10
219 201 10 10
219 217 10 10
219 209 10 10
219 202 10 10
200 212 10 10
200 208 10 10
200 213 10 10
200 206 10 10
201 212 10 10
201 217 10 10
201 209 10 10
201 216 10 10
202 218 10 10
202 215 10 10
202 210 10 10
202 211 10 10
203 215 10 10
203 216 10 10
203 206 10 10
203 210 10 10
224 220 11 11
224 221 11 11
224 222 11 11
224 223 11 11
225 222 11 11
225 220 11 11
225 223 11 11
225 224 11 11
226 223 11 11
226 220 11 11
226 221 11 11
226 224 11 11
227 222 11 11
227 223 11 11
227 225 11 11
227 224 11 11
228 222 11 11
228 225 11 11
228 223 11 11
228 227 11 11
229 220 11 11
229 227 11 11
229 226 11 11
229 223 11 11
230 226 11 11
230 222 11 11
230 229 11 11
230 224 11 11
231 223 11 11
231 222 11 11
231 228 11 11
231 225 11 11
232 228 11 11
232 226 11 11
232 221 11 11
232 222 11 11
233 220 11 11
233 224 11 11
233 222 11 11
233 226 11 11
234 220 11 11
234 230 11 11
234 221 11 11
234 222 11 11
235 224 11 11
235 222 11 11
235 233 11 11
235 223 11 11
236 233 11 11
236 223 11 11
236 230 11 11
236 225 11 11
237 220 11 11
237 232 11 11
237 226 11 11
237 227 11 11
238 227 11 11
238 222 11 11
238 234 11 11
238 223 11 11
239 230 11 11
239 221 11 11
239 231 11 11
239 224 11 11
220 236 11 11
220 232 11 11
220 227 11 11
220 239 11 11
221 227 11 11
221 225 11 11
221 233 11 11
221 236 11 11
222 239 11 11
222 236 11 11
222 226 11 11
222 237 11 11
223 234 11 11
223 237 11 11
223 232 11 11
223 230 11 11
244 243 12 12
244 242 12 12
244 240 12 12
244 241 12 12
245 242 12 12
245 243 12 12
245 240 12 12
245 244 12 12
246 242 12 12
246 244 12 12
246 240 12 12
246 243 12 12
247 241 12 12
247 244 12 12
247 246 12 12
247 245 12 12
248 247 12 12
248 244 12 12
248 246 12 12
248 240 12 12
249 242 12 12
249 243 12 12
249 246 12 12
249 245 12 12
250 245 12 12
250 242 12 12
250 246 12 12
250 249 12 12
251 250 12 12
251 241 12 12
251 248 12 12
251 242 12 12
252 250 12 12
252 251 12 12
252 242 12 12
252 249 12 12
253 246 12 12
253 242 12 12
253 249 12 12
253 243 12 12
254 240 12 12
254 247 12 12
254 245 12 12
254 244 12 12
255 249 12 12
255 253 12 12
255 252 12 12
255 246 12 12
256 249 12 12
256 250 12 12
256 245 12 12
256 252 12 12
257 253 12 12
257 250 12 12
257 256 12 12
257 254 12 12
258 252 12 12
258 245 12 12
258 254 12 12
258 244 12 12
259 245 12 12
259 257 12 12
259 242 12 12
259 248 12 12
240 259 12 12
240 249 12 12
240 247 12 12
240 257 12 12
241 256 12 12
241 250 12 12
241 253 12 12
241 252 12 12
242 258 12 12
242 254 12 12
242 248 12 12
242 247 12 12
243 247 12 12
243 252 12 12
243 248 12 12
243 257 12 12
264 260 13 13
264 262 13 13
264 261 13 13
264 263 13 13
265 264 13 13
265 262 13 13
265 263 13 13
265 261 13 13
266 261 13 13
266 260 13 13
266 263 13 13
266 264 13 13
267 264 13 13
267 266 13 13
267 260 13 13
267 263 13 13
268 267 13 13
268 261 13 13
268 260 13 13
268 266 13 13
269 264 13 13
269 260 13 13
269 266 13 13
269 261 13 13
270 265 13 13
270 262 13 13
270 269 13 13
270 261 13 13
271 262 13 13
271 266 13 13
271 260 13 13
271 264 13 13
272 263 13 13
272 265 13 13
272 262 13 13
272 264 13 13
273 260 13 13
273 268 13 13
273 272 13 13
273 267 13 13
274 273 13 13
274 261 13 13
274 265 13 13
274 268 13 13
275 274 13 13
275 264 13 13
275 266 13 13
275 268 13 13
276 261 13 13
276 275 13 13
276 268 13 13
276 271 13 13
277 270 13 13
277 264 13 13
277 260 13 13
277 263 13 13
278 276 13 13
278 266 13 13
278 272 13 13
278 263 13 13
279 269 13 13
279 277 13 13
279 273 13 13
279 270 13 13
260 276 13 13
260 272 13 13
260 265 13 13
260 274 13 13
261 279 13 13
261 277 13 13
261 275 13 13
261 271 13 13
262 278 13 13
262 266 13 13
262 279 13 13
262 269 13 13
263 269 13 13
263 274 13 13
263 271 13 13
263 273 13 13
284 280 14 14
284 281 14 14
284 282 14 14
284 283 14 14
285 283 14 14
285 280 14 14
285 281 14 14
285 282 14 14
286 281 14 14
286 280 14 14
286 283 14 14
286 284 14 14
287 280 14 14
287 286 14 14
287 282 14 14
287 283 14 14
288 285 14 14
288 283 14 14
288 284 14 14
288 280 14 14
289 281 14 14
289 285 14 14
289 283 14 14
289 280 14 14
290 289 14 14
290 285 14 14
290 288 14 14
290 283 14 14
291 284 14 14
291 280 14 14
291 281 14 14
291 286 14 14
292 283 14 14
292 287 14 14
292 291 14 14
292 286 14 14
293 291 14 14
293 285 14 14
293 284 14 14
293 283 14 14
294 281 14 14
294 282 14 14
294 285 14 14
294 291 14 14
295 282 14 14
295 281 14 14
295 284 14 14
295 283 14 14
296 294 14 14
296 284 14 14
296 295 14 14
296 293 14 14
297 295 14 14
297 291 14 14
297 281 14 14
297 280 14 14
298 290 14 14
298 285 14 14
298 286 14 14
298 281 14 14
299 289 14 14
299 292 14 14
299 290 14 14
299 283 14 14
280 299 14 14
280 290 14 14
280 293 14 14
280 292 14 14
281 287 14 14
281 292 14 14
281 296 14 14
281 290 14 14
282 296 14 14
282 297 14 14
282 286 14 14
282 291 14 14
283 291 14 14
283 298 14 14
283 296 14 14
283 297 14 14
304 302 15 15
304 301 15 15
304 300 15 15
304 303 15 15
305 303 15 15
305 304 15 15
305 300 15 15
305 302 15 15
306 305 15 15
306 302 15 15
306 300 15 15
306 304 15 15
307 302 15 15
307 305 15 15
307 306 15 15
307 304 15 15
308 303 15 15
308 307 15 15
308 304 15 15
308 300 15 15
309 307 15 15
309 305 15 15
309 306 15 15
309 308 15 15
310 308 15 15
310 303 15 15
310 306 15 15
310 302 15 15
311 309 15 15
311 305 15 15
311 306 15 15
311 300 15 15
312 305 15 15
312 309 15 15
312 311 15 15
312 310 15 15
313 302 15 15
313 304 15 15
313 311 15 15
313 310 15 15
314 311 15 15
314 301 15 15
314 304 15 15
314 303 15 15
315 311 15 15
315 302 15 15
315 309 15 15
315 306 15 15
316 303 15 15
316 309 15 15
316 305 15 15
316 300 15 15
317 312 15 15
317 315 15 15
317 309 15 15
317 313 15 15
318 315 15 15
318 312 15 15
318 317 15 15
318 306 15 15
319 313 15 15
319 307 15 15
319 309 15 15
319 300 15 15
300 310 15 15
300 309 15 15
300 307 15 15
300 315 15 15
301 313 15 15
301 311 15 15
301 306 15 15
301 319 15 15
302 308 15 15
302 311 15 15
302 314 15 15
302 316 15 15
303 309 15 15
303 312 15 15
303 319 15 15
303 313 15 15
99 0 4 0
96 71 4 3
99 24 4 1
89 56 4 2
103 69 5 3
118 17 5 0
114 26 5 1
104 85 5 4
121 41 6 2
129 115 6 5
139 38 6 1
137 84 6 4
159 137 7 6
150 51 7 2
147 73 7 3
147 35 7 1
174 154 8 7
163 139 8 6
165 84 8 4
178 51 8 2
182 29 9 1
198 4 9 0
185 73 9 3
180 114 9 5
214 98 10 4
207 194 10 9
213 56 10 2
212 14 10 0
221 161 11 8
225 41 11 2
229 36 11 1
233 144 11 7
254 34 12 1
258 211 12 10
243 195 12 9
247 49 12 2
263 25 13 1
269 197 13 9
268 204 13 10
276 13 13 0
299 123 14 6
297 165 14 8
294 239 14 11
296 0 14 0
318 227 15 11
304 158 15 7
303 293 15 14
304 218 15 10
8 167 0 8
7 253 0 12
4 309 0 15
9 239 0 11
21 308 1 15
21 176 1 8
33 284 1 14
30 215 1 10
59 189 2 9
55 303 2 15
41 116 2 5
51 262 2 13
61 245 3 12
78 226 3 11
62 294 3 14
67 205 3 10
