swNum = 320
edgeNum = 1343

0 0
1 0
2 0
3 0
4 0
5 0
6 0
7 0
8 0
9 0
10 0
11 0
12 0
13 0
14 0
15 0
16 0
17 0
18 0
19 0
20 1
21 1
22 1
23 1
24 1
25 1
26 1
27 1
28 1
29 1
30 1
31 1
32 1
33 1
34 1
35 1
36 1
37 1
38 1
39 1
40 2
41 2
42 2
43 2
44 2
45 2
46 2
47 2
48 2
49 2
50 2
51 2
52 2
53 2
54 2
55 2
56 2
57 2
58 2
59 2
60 3
61 3
62 3
63 3
64 3
65 3
66 3
67 3
68 3
69 3
70 3
71 3
72 3
73 3
74 3
75 3
76 3
77 3
78 3
79 3
80 4
81 4
82 4
83 4
84 4
85 4
86 4
87 4
88 4
89 4
90 4
91 4
92 4
93 4
94 4
95 4
96 4
97 4
98 4
99 4
100 5
101 5
102 5
103 5
104 5
105 5
106 5
107 5
108 5
109 5
110 5
111 5
112 5
113 5
114 5
115 5
116 5
117 5
118 5
119 5
120 6
121 6
122 6
123 6
124 6
125 6
126 6
127 6
128 6
129 6
130 6
131 6
132 6
133 6
134 6
135 6
136 6
137 6
138 6
139 6
140 7
141 7
142 7
143 7
144 7
145 7
146 7
147 7
148 7
149 7
150 7
151 7
152 7
153 7
154 7
155 7
156 7
157 7
158 7
159 7
160 8
161 8
162 8
163 8
164 8
165 8
166 8
167 8
168 8
169 8
170 8
171 8
172 8
173 8
174 8
175 8
176 8
177 8
178 8
179 8
180 9
181 9
182 9
183 9
184 9
185 9
186 9
187 9
188 9
189 9
190 9
191 9
192 9
193 9
194 9
195 9
196 9
197 9
198 9
199 9
200 10
201 10
202 10
203 10
204 10
205 10
206 10
207 10
208 10
209 10
210 10
211 10
212 10
213 10
214 10
215 10
216 10
217 10
218 10
219 10
220 11
221 11
222 11
223 11
224 11
225 11
226 11
227 11
228 11
229 11
230 11
231 11
232 11
233 11
234 11
235 11
236 11
237 11
238 11
239 11
240 12
241 12
242 12
243 12
244 12
245 12
246 12
247 12
248 12
249 12
250 12
251 12
252 12
253 12
254 12
255 12
256 12
257 12
258 12
259 12
260 13
261 13
262 13
263 13
264 13
265 13
266 13
267 13
268 13
269 13
270 13
271 13
272 13
273 13
274 13
275 13
276 13
277 13
278 13
279 13
280 14
281 14
282 14
283 14
284 14
285 14
286 14
287 14
288 14
289 14
290 14
291 14
292 14
293 14
294 14
295 14
296 14
297 14
298 14
299 14
300 15
301 15
302 15
303 15
304 15
305 15
306 15
307 15
308 15
309 15
310 15
311 15
312 15
313 15
314 15
315 15
316 15
317 15
318 15
319 15

4 1 0 0
4 2 0 0
4 0 0 0
4 3 0 0
5 0 0 0
5 1 0 0
5 2 0 0
5 4 0 0
6 1 0 0
6 0 0 0
6 3 0 0
6 4 0 0
7 3 0 0
7 4 0 0
7 0 0 0
7 1 0 0
8 1 0 0
8 7 0 0
8 6 0 0
8 0 0 0
9 0 0 0
9 3 0 0
9 8 0 0
9 1 0 0
10 6 0 0
10 7 0 0
10 8 0 0
10 5 0 0
11 0 0 0
11 6 0 0
11 9 0 0
11 7 0 0
12 11 0 0
12 4 0 0
12 3 0 0
12 2 0 0
13 12 0 0
13 0 0 0
13 3 0 0
13 2 0 0
14 0 0 0
14 3 0 0
14 13 0 0
14 12 0 0
15 2 0 0
15 8 0 0
15 6 0 0
15 12 0 0
16 3 0 0
16 14 0 0
16 11 0 0
16 7 0 0
17 1 0 0
17 4 0 0
17 14 0 0
17 2 0 0
18 0 0 0
18 8 0 0
18 17 0 0
18 7 0 0
19 17 0 0
19 16 0 0
19 18 0 0
19 14 0 0
0 19 0 0
0 12 0 0
0 16 0 0
0 15 0 0
1 19 0 0
1 15 0 0
1 14 0 0
1 11 0 0
2 7 0 0
2 19 0 0
2 6 0 0
2 18 0 0
3 8 0 0
3 11 0 0
3 10 0 0
3 19 0 0
24 22 1 1
24 21 1 1
24 20 1 1
24 23 1 1
25 23 1 1
25 22 1 1
25 20 1 1
25 24 1 1
26 20 1 1
26 22 1 1
26 24 1 1
26 25 1 1
27 21 1 1
27 26 1 1
27 23 1 1
27 20 1 1
28 20 1 1
28 25 1 1
28 27 1 1
28 23 1 1
29 21 1 1
29 22 1 1
29 26 1 1
29 20 1 1
30 28 1 1
30 22 1 1
30 20 1 1
30 29 1 1
31 20 1 1
31 27 1 1
31 28 1 1
31 23 1 1
32 31 1 1
32 20 1 1
32 25 1 1
32 30 1 1
33 28 1 1
33 29 1 1
33 21 1 1
33 27 1 1
34 25 1 1
34 28 1 1
34 23 1 1
34 20 1 1
35 30 1 1
35 28 1 1
35 25 1 1
35 29 1 1
36 20 1 1
36 22 1 1
36 35 1 1
36 24 1 1
37 36 1 1
37 33 1 1
37 31 1 1
37 23 1 1
38 37 1 1
38 32 1 1
38 23 1 1
38 25 1 1
39 20 1 1
39 36 1 1
39 33 1 1
39 30 1 1
20 37 1 1
20 38 1 1
20 33 1 1
20 35 1 1
21 34 1 1
21 35 1 1
21 37 1 1
21 30 1 1
22 27 1 1
22 37 1 1
22 31 1 1
22 32 1 1
23 35 1 1
23 36 1 1
23 33 1 1
23 39 1 1
44 43 2 2
44 40 2 2
44 41 2 2
44 42 2 2
45 41 2 2
45 44 2 2
45 40 2 2
45 43 2 2
46 40 2 2
46 42 2 2
46 43 2 2
46 41 2 2
47 44 2 2
47 42 2 2
47 40 2 2
47 45 2 2
48 45 2 2
48 42 2 2
48 47 2 2
48 41 2 2
49 40 2 2
49 45 2 2
49 42 2 2
49 46 2 2
50 49 2 2
50 42 2 2
50 40 2 2
50 46 2 2
51 49 2 2
51 44 2 2
51 43 2 2
51 41 2 2
52 41 2 2
52 45 2 2
52 44 2 2
52 51 2 2
53 51 2 2
53 50 2 2
53 40 2 2
53 48 2 2
54 47 2 2
54 42 2 2
54 43 2 2
54 52 2 2
55 44 2 2
55 48 2 2
55 47 2 2
55 42 2 2
56 47 2 2
56 45 2 2
56 43 2 2
56 41 2 2
57 52 2 2
57 49 2 2
57 51 2 2
57 54 2 2
58 55 2 2
58 44 2 2
58 49 2 2
58 40 2 2
59 55 2 2
59 58 2 2
59 54 2 2
59 48 2 2
40 51 2 2
40 57 2 2
40 54 2 2
40 48 2 2
41 55 2 2
41 47 2 2
41 49 2 2
41 58 2 2
42 58 2 2
42 51 2 2
42 53 2 2
42 57 2 2
43 52 2 2
43 50 2 2
43 55 2 2
43 59 2 2
64 63 3 3
64 62 3 3
64 61 3 3
64 60 3 3
65 62 3 3
65 64 3 3
65 61 3 3
65 60 3 3
66 60 3 3
66 63 3 3
66 64 3 3
66 61 3 3
67 61 3 3
67 60 3 3
67 62 3 3
67 65 3 3
68 60 3 3
68 63 3 3
68 66 3 3
68 61 3 3
69 65 3 3
69 62 3 3
69 64 3 3
69 67 3 3
70 68 3 3
70 64 3 3
70 60 3 3
70 65 3 3
71 67 3 3
71 61 3 3
71 68 3 3
71 63 3 3
72 64 3 3
72 62 3 3
72 65 3 3
72 69 3 3
73 64 3 3
73 72 3 3
73 69 3 3
73 65 3 3
74 67 3 3
74 72 3 3
74 60 3 3
74 63 3 3
75 68 3 3
75 66 3 3
75 62 3 3
75 67 3 3
76 66 3 3
76 71 3 3
76 68 3 3
76 74 3 3
77 62 3 3
77 64 3 3
77 69 3 3
77 70 3 3
78 76 3 3
78 75 3 3
78 60 3 3
78 74 3 3
79 70 3 3
79 67 3 3
79 68 3 3
79 60 3 3
60 71 3 3
60 75 3 3
60 76 3 3
60 77 3 3
61 72 3 3
61 75 3 3
61 79 3 3
61 77 3 3
62 73 3 3
62 74 3 3
62 79 3 3
62 71 3 3
63 75 3 3
63 67 3 3
63 65 3 3
63 73 3 3
84 80 4 4
84 83 4 4
84 81 4 4
84 82 4 4
85 82 4 4
85 81 4 4
85 84 4 4
85 83 4 4
86 83 4 4
86 82 4 4
86 80 4 4
86 84 4 4
87 83 4 4
87 86 4 4
87 82 4 4
87 80 4 4
88 85 4 4
88 80 4 4
88 84 4 4
88 81 4 4
89 81 4 4
89 85 4 4
89 84 4 4
89 87 4 4
90 88 4 4
90 86 4 4
90 81 4 4
90 89 4 4
91 81 4 4
91 86 4 4
91 83 4 4
91 89 4 4
92 87 4 4
92 80 4 4
92 81 4 4
92 86 4 4
93 89 4 4
93 88 4 4
93 84 4 4
93 86 4 4
94 93 4 4
94 80 4 4
94 91 4 4
94 88 4 4
95 81 4 4
95 80 4 4
95 93 4 4
95 89 4 4
96 90 4 4
96 91 4 4
96 88 4 4
96 94 4 4
97 90 4 4
97 85 4 4
97 89 4 4
97 91 4 4
98 86 4 4
98 91 4 4
98 89 4 4
98 97 4 4
99 94 4 4
99 97 4 4
99 96 4 4
99 86 4 4
80 89 4 4
80 85 4 4
80 97 4 4
80 98 4 4
81 97 4 4
81 94 4 4
81 86 4 4
81 93 4 4
82 89 4 4
82 95 4 4
82 92 4 4
82 91 4 4
83 98 4 4
83 92 4 4
83 94 4 4
83 95 4 4
104 102 5 5
104 100 5 5
104 103 5 5
104 101 5 5
105 100 5 5
105 102 5 5
105 101 5 5
105 104 5 5
106 105 5 5
106 102 5 5
106 100 5 5
106 101 5 5
107 106 5 5
107 101 5 5
107 104 5 5
107 105 5 5
108 103 5 5
108 105 5 5
108 104 5 5
108 100 5 5
109 104 5 5
109 105 5 5
109 106 5 5
109 103 5 5
110 103 5 5
110 102 5 5
110 104 5 5
110 109 5 5
111 109 5 5
111 102 5 5
111 104 5 5
111 100 5 5
112 108 5 5
112 110 5 5
112 107 5 5
112 102 5 5
113 106 5 5
113 105 5 5
113 100 5 5
113 112 5 5
114 112 5 5
114 113 5 5
114 101 5 5
114 108 5 5
115 100 5 5
115 110 5 5
115 109 5 5
115 106 5 5
116 107 5 5
116 106 5 5
116 100 5 5
116 102 5 5
117 105 5 5
117 107 5 5
117 116 5 5
117 113 5 5
118 100 5 5
118 102 5 5
118 110 5 5
118 115 5 5
119 110 5 5
119 117 5 5
119 107 5 5
119 105 5 5
100 119 5 5
100 110 5 5
100 109 5 5
100 117 5 5
101 108 5 5
101 113 5 5
101 112 5 5
101 117 5 5
102 115 5 5
102 109 5 5
102 117 5 5
102 113 5 5
103 118 5 5
103 116 5 5
103 115 5 5
103 107 5 5
124 123 6 6
124 121 6 6
124 122 6 6
124 120 6 6
125 120 6 6
125 121 6 6
125 122 6 6
125 124 6 6
126 124 6 6
126 122 6 6
126 125 6 6
126 120 6 6
127 124 6 6
127 125 6 6
127 126 6 6
127 122 6 6
128 127 6 6
128 123 6 6
128 124 6 6
128 125 6 6
129 124 6 6
129 128 6 6
129 127 6 6
129 123 6 6
130 122 6 6
130 126 6 6
130 127 6 6
130 121 6 6
131 124 6 6
131 125 6 6
131 121 6 6
131 122 6 6
132 120 6 6
132 125 6 6
132 131 6 6
132 124 6 6
133 125 6 6
133 121 6 6
133 126 6 6
133 131 6 6
134 130 6 6
134 129 6 6
134 120 6 6
134 128 6 6
135 134 6 6
135 127 6 6
135 121 6 6
135 128 6 6
136 122 6 6
136 132 6 6
136 131 6 6
136 130 6 6
137 133 6 6
137 126 6 6
137 130 6 6
137 132 6 6
138 128 6 6
138 129 6 6
138 134 6 6
138 135 6 6
139 120 6 6
139 124 6 6
139 130 6 6
139 136 6 6
120 137 6 6
120 133 6 6
120 135 6 6
120 130 6 6
121 137 6 6
121 128 6 6
121 126 6 6
121 132 6 6
122 135 6 6
122 137 6 6
122 134 6 6
122 133 6 6
123 126 6 6
123 131 6 6
123 130 6 6
123 135 6 6
144 141 7 7
144 143 7 7
144 140 7 7
144 142 7 7
145 142 7 7
145 143 7 7
145 144 7 7
145 141 7 7
146 141 7 7
146 144 7 7
146 145 7 7
146 143 7 7
147 146 7 7
147 145 7 7
147 143 7 7
147 144 7 7
148 145 7 7
148 146 7 7
148 143 7 7
148 144 7 7
149 141 7 7
149 148 7 7
149 140 7 7
149 143 7 7
150 143 7 7
150 146 7 7
150 145 7 7
150 141 7 7
151 149 7 7
151 141 7 7
151 142 7 7
151 147 7 7
152 148 7 7
152 143 7 7
152 142 7 7
152 150 7 7
153 141 7 7
153 145 7 7
153 144 7 7
153 151 7 7
154 152 7 7
154 143 7 7
154 142 7 7
154 150 7 7
155 141 7 7
155 140 7 7
155 145 7 7
155 150 7 7
156 153 7 7
156 147 7 7
156 151 7 7
156 149 7 7
157 145 7 7
157 156 7 7
157 146 7 7
157 141 7 7
158 142 7 7
158 153 7 7
158 140 7 7
158 150 7 7
159 142 7 7
159 151 7 7
159 150 7 7
159 155 7 7
140 157 7 7
140 153 7 7
140 152 7 7
140 146 7 7
141 159 7 7
141 148 7 7
141 156 7 7
141 158 7 7
142 153 7 7
142 147 7 7
142 150 7 7
142 157 7 7
143 158 7 7
143 157 7 7
143 153 7 7
143 156 7 7
164 162 8 8
164 160 8 8
164 161 8 8
164 163 8 8
165 162 8 8
165 164 8 8
165 161 8 8
165 160 8 8
166 163 8 8
166 160 8 8
166 165 8 8
166 161 8 8
167 161 8 8
167 165 8 8
167 164 8 8
167 163 8 8
168 164 8 8
168 165 8 8
168 161 8 8
168 167 8 8
169 160 8 8
169 164 8 8
169 161 8 8
169 167 8 8
170 160 8 8
170 168 8 8
170 164 8 8
170 169 8 8
171 166 8 8
171 160 8 8
171 161 8 8
171 167 8 8
172 168 8 8
172 161 8 8
172 169 8 8
172 167 8 8
173 170 8 8
173 165 8 8
173 169 8 8
173 168 8 8
174 168 8 8
174 162 8 8
174 170 8 8
174 169 8 8
175 160 8 8
175 162 8 8
175 164 8 8
175 174 8 8
176 165 8 8
176 161 8 8
176 163 8 8
176 175 8 8
177 164 8 8
177 174 8 8
177 161 8 8
177 170 8 8
178 175 8 8
178 174 8 8
178 163 8 8
178 167 8 8
179 170 8 8
179 160 8 8
179 166 8 8
179 175 8 8
160 167 8 8
160 173 8 8
160 172 8 8
160 176 8 8
161 178 8 8
161 173 8 8
161 175 8 8
161 170 8 8
162 177 8 8
162 173 8 8
162 178 8 8
162 176 8 8
163 172 8 8
163 165 8 8
163 171 8 8
163 175 8 8
184 180 9 9
184 181 9 9
184 183 9 9
184 182 9 9
185 180 9 9
185 181 9 9
185 184 9 9
185 183 9 9
186 185 9 9
186 182 9 9
186 181 9 9
186 180 9 9
187 185 9 9
187 180 9 9
187 184 9 9
187 183 9 9
188 180 9 9
188 184 9 9
188 183 9 9
188 186 9 9
189 184 9 9
189 181 9 9
189 186 9 9
189 185 9 9
190 188 9 9
190 181 9 9
190 184 9 9
190 183 9 9
191 186 9 9
191 183 9 9
191 180 9 9
191 181 9 9
192 182 9 9
192 181 9 9
192 188 9 9
192 190 9 9
193 181 9 9
193 183 9 9
193 182 9 9
193 185 9 9
194 191 9 9
194 193 9 9
194 182 9 9
194 187 9 9
195 183 9 9
195 181 9 9
195 193 9 9
195 187 9 9
196 181 9 9
196 183 9 9
196 186 9 9
196 185 9 9
197 195 9 9
197 190 9 9
197 187 9 9
197 185 9 9
198 187 9 9
198 185 9 9
198 195 9 9
198 186 9 9
199 188 9 9
199 192 9 9
199 194 9 9
199 186 9 9
180 195 9 9
180 199 9 9
180 196 9 9
180 198 9 9
181 198 9 9
181 197 9 9
181 194 9 9
181 188 9 9
182 188 9 9
182 198 9 9
182 199 9 9
182 195 9 9
183 198 9 9
183 197 9 9
183 189 9 9
183 186 9 9
204 200 10 10
204 203 10 10
204 202 10 10
204 201 10 10
205 200 10 10
205 202 10 10
205 203 10 10
205 204 10 10
206 205 10 10
206 200 10 10
206 201 10 10
206 202 10 10
207 201 10 10
207 204 10 10
207 203 10 10
207 202 10 10
208 202 10 10
208 200 10 10
208 204 10 10
208 206 10 10
209 208 10 10
209 205 10 10
209 203 10 10
209 207 10 10
210 207 10 10
210 204 10 10
210 208 10 10
210 203 10 10
211 202 10 10
211 206 10 10
211 209 10 10
211 201 10 10
212 209 10 10
212 211 10 10
212 201 10 10
212 208 10 10
213 201 10 10
213 208 10 10
213 205 10 10
213 210 10 10
214 209 10 10
214 203 10 10
214 204 10 10
214 205 10 10
215 211 10 10
215 202 10 10
215 214 10 10
215 206 10 10
216 200 10 10
216 213 10 10
216 204 10 10
216 205 10 10
217 208 10 10
217 204 10 10
217 209 10 10
217 207 10 10
218 206 10 10
218 212 10 10
218 215 10 10
218 214 10 10
219 213 10 10
219 214 10 10
219 209 10 10
219 215 10 10
200 217 10 10
200 209 10 10
200 207 10 10
200 210 10 10
201 217 10 10
201 219 10 10
201 209 10 10
201 210 10 10
202 209 10 10
202 219 10 10
202 218 10 10
202 217 10 10
203 215 10 10
203 218 10 10
203 211 10 10
203 212 10 10
224 222 11 11
224 221 11 11
224 223 11 11
224 220 11 11
225 220 11 11
225 224 11 11
225 221 11 11
225 222 11 11
226 225 11 11
226 221 11 11
226 222 11 11
226 224 11 11
227 226 11 11
227 225 11 11
227 221 11 11
227 220 11 11
228 221 11 11
228 220 11 11
228 225 11 11
228 227 11 11
229 226 11 11
229 222 11 11
229 224 11 11
229 220 11 11
230 223 11 11
230 226 11 11
230 227 11 11
230 220 11 11
231 222 11 11
231 230 11 11
231 226 11 11
231 220 11 11
232 224 11 11
232 222 11 11
232 225 11 11
232 231 11 11
233 227 11 11
233 229 11 11
233 224 11 11
233 221 11 11
234 228 11 11
234 230 11 11
234 223 11 11
234 220 11 11
235 220 11 11
235 233 11 11
235 234 11 11
235 230 11 11
236 228 11 11
236 235 11 11
236 234 11 11
236 227 11 11
237 229 11 11
237 230 11 11
237 220 11 11
237 226 11 11
238 220 11 11
238 224 11 11
238 222 11 11
238 221 11 11
239 235 11 11
239 236 11 11
239 221 11 11
239 231 11 11
220 236 11 11
220 239 11 11
220 233 11 11
220 226 11 11
221 237 11 11
221 236 11 11
221 235 11 11
221 229 11 11
222 237 11 11
222 230 11 11
222 233 11 11
222 227 11 11
223 239 11 11
223 232 11 11
223 228 11 11
223 227 11 11
244 243 12 12
244 241 12 12
244 240 12 12
244 242 12 12
245 241 12 12
245 240 12 12
245 243 12 12
245 244 12 12
246 242 12 12
246 244 12 12
246 243 12 12
246 240 12 12
247 243 12 12
247 240 12 12
247 241 12 12
247 246 12 12
248 245 12 12
248 242 12 12
248 240 12 12
248 241 12 12
249 242 12 12
249 243 12 12
249 246 12 12
249 240 12 12
250 248 12 12
250 245 12 12
250 240 12 12
250 241 12 12
251 247 12 12
251 246 12 12
251 243 12 12
251 241 12 12
252 242 12 12
252 246 12 12
252 245 12 12
252 244 12 12
253 241 12 12
253 248 12 12
253 244 12 12
253 251 12 12
254 252 12 12
254 241 12 12
254 240 12 12
254 249 12 12
255 254 12 12
255 251 12 12
255 250 12 12
255 247 12 12
256 243 12 12
256 252 12 12
256 249 12 12
256 244 12 12
257 250 12 12
257 248 12 12
257 253 12 12
257 249 12 12
258 253 12 12
258 257 12 12
258 248 12 12
258 244 12 12
259 248 12 12
259 252 12 12
259 247 12 12
259 253 12 12
240 259 12 12
240 256 12 12
240 252 12 12
240 251 12 12
241 258 12 12
241 257 12 12
241 259 12 12
241 252 12 12
242 255 12 12
242 251 12 12
242 247 12 12
242 257 12 12
243 259 12 12
243 255 12 12
243 252 12 12
243 258 12 12
264 261 13 13
264 260 13 13
264 263 13 13
264 262 13 13
265 263 13 13
265 261 13 13
265 260 13 13
265 264 13 13
266 264 13 13
266 262 13 13
266 261 13 13
266 265 13 13
267 262 13 13
267 264 13 13
267 260 13 13
267 261 13 13
268 264 13 13
268 261 13 13
268 260 13 13
268 265 13 13
269 265 13 13
269 260 13 13
269 261 13 13
269 262 13 13
270 261 13 13
270 262 13 13
270 266 13 13
270 269 13 13
271 263 13 13
271 264 13 13
271 265 13 13
271 261 13 13
272 262 13 13
272 265 13 13
272 267 13 13
272 264 13 13
273 261 13 13
273 263 13 13
273 268 13 13
273 265 13 13
274 270 13 13
274 262 13 13
274 266 13 13
274 269 13 13
275 273 13 13
275 272 13 13
275 263 13 13
275 268 13 13
276 271 13 13
276 260 13 13
276 272 13 13
276 269 13 13
277 260 13 13
277 270 13 13
277 275 13 13
277 271 13 13
278 261 13 13
278 269 13 13
278 271 13 13
278 277 13 13
279 269 13 13
279 273 13 13
279 260 13 13
279 274 13 13
260 275 13 13
260 272 13 13
260 278 13 13
260 266 13 13
261 272 13 13
261 275 13 13
261 279 13 13
261 274 13 13
262 271 13 13
262 265 13 13
262 273 13 13
262 279 13 13
263 268 13 13
263 278 13 13
263 276 13 13
263 267 13 13
284 280 14 14
284 282 14 14
284 281 14 14
284 283 14 14
285 283 14 14
285 280 14 14
285 284 14 14
285 282 14 14
286 282 14 14
286 281 14 14
286 284 14 14
286 280 14 14
287 284 14 14
287 282 14 14
287 286 14 14
287 281 14 14
288 282 14 14
288 285 14 14
288 280 14 14
288 283 14 14
289 281 14 14
289 280 14 14
289 282 14 14
289 286 14 14
290 285 14 14
290 283 14 14
290 289 14 14
290 282 14 14
291 284 14 14
291 282 14 14
291 280 14 14
291 290 14 14
292 286 14 14
292 281 14 14
292 282 14 14
292 287 14 14
293 282 14 14
293 284 14 14
293 287 14 14
293 292 14 14
294 280 14 14
294 290 14 14
294 284 14 14
294 291 14 14
295 290 14 14
295 283 14 14
295 289 14 14
295 280 14 14
296 280 14 14
296 281 14 14
296 285 14 14
296 287 14 14
297 294 14 14
297 291 14 14
297 284 14 14
297 295 14 14
298 287 14 14
298 296 14 14
298 292 14 14
298 293 14 14
299 296 14 14
299 292 14 14
299 295 14 14
299 298 14 14
280 293 14 14
280 297 14 14
280 287 14 14
280 299 14 14
281 290 14 14
281 298 14 14
281 294 14 14
281 293 14 14
282 299 14 14
282 298 14 14
282 297 14 14
282 296 14 14
283 289 14 14
283 286 14 14
283 296 14 14
283 291 14 14
304 301 15 15
304 302 15 15
304 300 15 15
304 303 15 15
305 301 15 15
305 304 15 15
305 302 15 15
305 303 15 15
306 304 15 15
306 305 15 15
306 301 15 15
306 303 15 15
307 303 15 15
307 302 15 15
307 300 15 15
307 304 15 15
308 307 15 15
308 304 15 15
308 302 15 15
308 305 15 15
309 306 15 15
309 301 15 15
309 305 15 15
309 304 15 15
310 301 15 15
310 305 15 15
310 309 15 15
310 306 15 15
311 309 15 15
311 310 15 15
311 307 15 15
311 301 15 15
312 305 15 15
312 303 15 15
312 310 15 15
312 304 15 15
313 309 15 15
313 304 15 15
313 305 15 15
313 302 15 15
314 307 15 15
314 302 15 15
314 300 15 15
314 305 15 15
315 303 15 15
315 306 15 15
315 311 15 15
315 314 15 15
316 301 15 15
316 305 15 15
316 314 15 15
316 302 15 15
317 302 15 15
317 310 15 15
317 305 15 15
317 304 15 15
318 310 15 15
318 301 15 15
318 317 15 15
318 314 15 15
319 301 15 15
319 316 15 15
319 302 15 15
319 305 15 15
300 306 15 15
300 316 15 15
300 318 15 15
300 315 15 15
301 313 15 15
301 314 15 15
301 308 15 15
301 312 15 15
302 310 15 15
302 306 15 15
302 315 15 15
302 311 15 15
303 316 15 15
303 308 15 15
303 317 15 15
303 311 15 15
88 11 4 0
97 45 4 2
81 38 4 1
88 77 4 3
112 60 5 3
109 0 5 0
106 37 5 1
100 99 5 4
135 18 6 0
121 48 6 2
124 21 6 1
132 88 6 4
148 117 7 5
140 15 7 0
144 74 7 3
145 48 7 2
167 56 8 2
164 36 8 1
179 14 8 0
160 81 8 4
182 102 9 5
191 9 9 0
199 157 9 7
188 29 9 1
201 139 10 6
213 191 10 9
219 17 10 0
216 86 10 4
238 196 11 9
228 215 11 10
228 115 11 5
229 0 11 0
243 0 12 0
242 111 12 5
249 69 12 3
255 177 12 8
260 182 13 9
260 64 13 3
266 93 13 4
271 251 13 12
290 251 14 12
297 160 14 8
287 48 14 2
281 70 14 3
306 140 15 7
317 114 15 5
316 72 15 3
302 222 15 11
14 267 0 13
15 299 0 14
8 305 0 15
29 261 1 13
34 241 1 12
39 142 1 7
22 222 1 11
48 222 2 11
42 207 2 10
51 246 2 12
46 273 2 13
65 172 3 8
61 234 3 11
63 219 3 10
72 195 3 9
