swNum = 320
edgeNum = 1344

0 0
1 0
2 0
3 0
4 0
5 0
6 0
7 0
8 0
9 0
10 0
11 0
12 0
13 0
14 0
15 0
16 0
17 0
18 0
19 0
20 1
21 1
22 1
23 1
24 1
25 1
26 1
27 1
28 1
29 1
30 1
31 1
32 1
33 1
34 1
35 1
36 1
37 1
38 1
39 1
40 2
41 2
42 2
43 2
44 2
45 2
46 2
47 2
48 2
49 2
50 2
51 2
52 2
53 2
54 2
55 2
56 2
57 2
58 2
59 2
60 3
61 3
62 3
63 3
64 3
65 3
66 3
67 3
68 3
69 3
70 3
71 3
72 3
73 3
74 3
75 3
76 3
77 3
78 3
79 3
80 4
81 4
82 4
83 4
84 4
85 4
86 4
87 4
88 4
89 4
90 4
91 4
92 4
93 4
94 4
95 4
96 4
97 4
98 4
99 4
100 5
101 5
102 5
103 5
104 5
105 5
106 5
107 5
108 5
109 5
110 5
111 5
112 5
113 5
114 5
115 5
116 5
117 5
118 5
119 5
120 6
121 6
122 6
123 6
124 6
125 6
126 6
127 6
128 6
129 6
130 6
131 6
132 6
133 6
134 6
135 6
136 6
137 6
138 6
139 6
140 7
141 7
142 7
143 7
144 7
145 7
146 7
147 7
148 7
149 7
150 7
151 7
152 7
153 7
154 7
155 7
156 7
157 7
158 7
159 7
160 8
161 8
162 8
163 8
164 8
165 8
166 8
167 8
168 8
169 8
170 8
171 8
172 8
173 8
174 8
175 8
176 8
177 8
178 8
179 8
180 9
181 9
182 9
183 9
184 9
185 9
186 9
187 9
188 9
189 9
190 9
191 9
192 9
193 9
194 9
195 9
196 9
197 9
198 9
199 9
200 10
201 10
202 10
203 10
204 10
205 10
206 10
207 10
208 10
209 10
210 10
211 10
212 10
213 10
214 10
215 10
216 10
217 10
218 10
219 10
220 11
221 11
222 11
223 11
224 11
225 11
226 11
227 11
228 11
229 11
230 11
231 11
232 11
233 11
234 11
235 11
236 11
237 11
238 11
239 11
240 12
241 12
242 12
243 12
244 12
245 12
246 12
247 12
248 12
249 12
250 12
251 12
252 12
253 12
254 12
255 12
256 12
257 12
258 12
259 12
260 13
261 13
262 13
263 13
264 13
265 13
266 13
267 13
268 13
269 13
270 13
271 13
272 13
273 13
274 13
275 13
276 13
277 13
278 13
279 13
280 14
281 14
282 14
283 14
284 14
285 14
286 14
287 14
288 14
289 14
290 14
291 14
292 14
293 14
294 14
295 14
296 14
297 14
298 14
299 14
300 15
301 15
302 15
303 15
304 15
305 15
306 15
307 15
308 15
309 15
310 15
311 15
312 15
313 15
314 15
315 15
316 15
317 15
318 15
319 15

4 2 0 0
4 0 0 0
4 3 0 0
4 1 0 0
5 0 0 0
5 1 0 0
5 2 0 0
5 3 0 0
6 0 0 0
6 4 0 0
6 3 0 0
6 5 0 0
7 4 0 0
7 0 0 0
7 6 0 0
7 2 0 0
8 0 0 0
8 3 0 0
8 4 0 0
8 7 0 0
9 8 0 0
9 4 0 0
9 2 0 0
9 6 0 0
10 5 0 0
10 1 0 0
10 0 0 0
10 7 0 0
11 0 0 0
11 5 0 0
11 8 0 0
11 2 0 0
12 4 0 0
12 1 0 0
12 10 0 0
12 0 0 0
13 10 0 0
13 1 0 0
13 12 0 0
13 8 0 0
14 0 0 0
14 3 0 0
14 13 0 0
14 6 0 0
15 11 0 0
15 0 0 0
15 5 0 0
15 6 0 0
16 15 0 0
16 0 0 0
16 4 0 0
16 7 0 0
17 10 0 0
17 16 0 0
17 11 0 0
17 1 0 0
18 6 0 0
18 3 0 0
18 7 0 0
18 13 0 0
19 11 0 0
19 0 0 0
19 8 0 0
19 6 0 0
0 18 0 0
0 9 0 0
0 17 0 0
0 13 0 0
1 15 0 0
1 11 0 0
1 16 0 0
1 6 0 0
2 13 0 0
2 6 0 0
2 16 0 0
2 14 0 0
3 12 0 0
3 7 0 0
3 9 0 0
3 19 0 0
24 23 1 1
24 21 1 1
24 22 1 1
24 20 1 1
25 21 1 1
25 24 1 1
25 23 1 1
25 22 1 1
26 22 1 1
26 25 1 1
26 23 1 1
26 24 1 1
27 21 1 1
27 26 1 1
27 20 1 1
27 24 1 1
28 25 1 1
28 24 1 1
28 22 1 1
28 26 1 1
29 27 1 1
29 24 1 1
29 25 1 1
29 23 1 1
30 28 1 1
30 29 1 1
30 24 1 1
30 25 1 1
31 23 1 1
31 20 1 1
31 30 1 1
31 28 1 1
32 22 1 1
32 29 1 1
32 24 1 1
32 21 1 1
33 29 1 1
33 32 1 1
33 24 1 1
33 21 1 1
34 24 1 1
34 29 1 1
34 30 1 1
34 31 1 1
35 26 1 1
35 30 1 1
35 24 1 1
35 28 1 1
36 34 1 1
36 27 1 1
36 33 1 1
36 29 1 1
37 20 1 1
37 28 1 1
37 25 1 1
37 22 1 1
38 34 1 1
38 36 1 1
38 28 1 1
38 27 1 1
39 32 1 1
39 30 1 1
39 27 1 1
39 34 1 1
20 33 1 1
20 32 1 1
20 39 1 1
20 28 1 1
21 39 1 1
21 36 1 1
21 29 1 1
21 31 1 1
22 38 1 1
22 35 1 1
22 30 1 1
22 34 1 1
23 27 1 1
23 38 1 1
23 32 1 1
23 39 1 1
44 41 2 2
44 40 2 2
44 43 2 2
44 42 2 2
45 40 2 2
45 43 2 2
45 44 2 2
45 42 2 2
46 42 2 2
46 41 2 2
46 44 2 2
46 40 2 2
47 40 2 2
47 42 2 2
47 41 2 2
47 44 2 2
48 44 2 2
48 40 2 2
48 41 2 2
48 42 2 2
49 41 2 2
49 43 2 2
49 48 2 2
49 44 2 2
50 46 2 2
50 47 2 2
50 49 2 2
50 44 2 2
51 49 2 2
51 41 2 2
51 44 2 2
51 50 2 2
52 42 2 2
52 49 2 2
52 47 2 2
52 43 2 2
53 51 2 2
53 49 2 2
53 44 2 2
53 52 2 2
54 52 2 2
54 47 2 2
54 45 2 2
54 40 2 2
55 41 2 2
55 54 2 2
55 42 2 2
55 51 2 2
56 45 2 2
56 50 2 2
56 40 2 2
56 49 2 2
57 44 2 2
57 50 2 2
57 55 2 2
57 54 2 2
58 43 2 2
58 49 2 2
58 51 2 2
58 50 2 2
59 49 2 2
59 41 2 2
59 40 2 2
59 42 2 2
40 57 2 2
40 52 2 2
40 58 2 2
40 50 2 2
41 50 2 2
41 53 2 2
41 52 2 2
41 57 2 2
42 53 2 2
42 54 2 2
42 51 2 2
42 49 2 2
43 46 2 2
43 48 2 2
43 55 2 2
43 57 2 2
64 62 3 3
64 60 3 3
64 61 3 3
64 63 3 3
65 64 3 3
65 62 3 3
65 61 3 3
65 60 3 3
66 60 3 3
66 61 3 3
66 64 3 3
66 62 3 3
67 62 3 3
67 66 3 3
67 65 3 3
67 61 3 3
68 67 3 3
68 63 3 3
68 65 3 3
68 66 3 3
69 64 3 3
69 60 3 3
69 66 3 3
69 68 3 3
70 61 3 3
70 69 3 3
70 64 3 3
70 62 3 3
71 70 3 3
71 66 3 3
71 60 3 3
71 69 3 3
72 62 3 3
72 61 3 3
72 69 3 3
72 68 3 3
73 72 3 3
73 63 3 3
73 68 3 3
73 60 3 3
74 64 3 3
74 73 3 3
74 66 3 3
74 69 3 3
75 61 3 3
75 69 3 3
75 73 3 3
75 70 3 3
76 74 3 3
76 65 3 3
76 72 3 3
76 62 3 3
77 72 3 3
77 75 3 3
77 70 3 3
77 61 3 3
78 62 3 3
78 76 3 3
78 60 3 3
78 69 3 3
79 62 3 3
79 72 3 3
79 65 3 3
79 68 3 3
60 74 3 3
60 75 3 3
60 70 3 3
60 72 3 3
61 78 3 3
61 74 3 3
61 73 3 3
61 69 3 3
62 68 3 3
62 77 3 3
62 74 3 3
62 69 3 3
63 69 3 3
63 75 3 3
63 72 3 3
63 78 3 3
84 81 4 4
84 83 4 4
84 80 4 4
84 82 4 4
85 84 4 4
85 83 4 4
85 82 4 4
85 81 4 4
86 83 4 4
86 80 4 4
86 82 4 4
86 84 4 4
87 83 4 4
87 85 4 4
87 84 4 4
87 82 4 4
88 84 4 4
88 86 4 4
88 83 4 4
88 87 4 4
89 88 4 4
89 83 4 4
89 86 4 4
89 85 4 4
90 87 4 4
90 80 4 4
90 85 4 4
90 83 4 4
91 87 4 4
91 84 4 4
91 83 4 4
91 89 4 4
92 90 4 4
92 81 4 4
92 82 4 4
92 87 4 4
93 89 4 4
93 84 4 4
93 91 4 4
93 83 4 4
94 91 4 4
94 89 4 4
94 93 4 4
94 80 4 4
95 89 4 4
95 88 4 4
95 94 4 4
95 91 4 4
96 92 4 4
96 86 4 4
96 80 4 4
96 88 4 4
97 89 4 4
97 91 4 4
97 86 4 4
97 83 4 4
98 91 4 4
98 83 4 4
98 88 4 4
98 93 4 4
99 85 4 4
99 93 4 4
99 81 4 4
99 97 4 4
80 99 4 4
80 97 4 4
80 88 4 4
80 89 4 4
81 90 4 4
81 97 4 4
81 96 4 4
81 86 4 4
82 88 4 4
82 97 4 4
82 99 4 4
82 90 4 4
83 94 4 4
83 96 4 4
83 95 4 4
83 92 4 4
104 103 5 5
104 102 5 5
104 101 5 5
104 100 5 5
105 100 5 5
105 102 5 5
105 104 5 5
105 101 5 5
106 103 5 5
106 102 5 5
106 101 5 5
106 105 5 5
107 100 5 5
107 106 5 5
107 101 5 5
107 102 5 5
108 107 5 5
108 106 5 5
108 102 5 5
108 105 5 5
109 106 5 5
109 108 5 5
109 107 5 5
109 102 5 5
110 103 5 5
110 105 5 5
110 100 5 5
110 101 5 5
111 103 5 5
111 107 5 5
111 102 5 5
111 106 5 5
112 111 5 5
112 102 5 5
112 101 5 5
112 110 5 5
113 101 5 5
113 106 5 5
113 107 5 5
113 100 5 5
114 108 5 5
114 103 5 5
114 105 5 5
114 112 5 5
115 113 5 5
115 106 5 5
115 100 5 5
115 107 5 5
116 102 5 5
116 103 5 5
116 101 5 5
116 105 5 5
117 112 5 5
117 102 5 5
117 106 5 5
117 116 5 5
118 100 5 5
118 113 5 5
118 109 5 5
118 115 5 5
119 106 5 5
119 101 5 5
119 103 5 5
119 100 5 5
100 111 5 5
100 112 5 5
100 116 5 5
100 106 5 5
101 111 5 5
101 109 5 5
101 114 5 5
101 117 5 5
102 114 5 5
102 110 5 5
102 113 5 5
102 118 5 5
103 117 5 5
103 112 5 5
103 113 5 5
103 118 5 5
124 121 6 6
124 122 6 6
124 120 6 6
124 123 6 6
125 124 6 6
125 121 6 6
125 123 6 6
125 122 6 6
126 121 6 6
126 120 6 6
126 123 6 6
126 122 6 6
127 122 6 6
127 125 6 6
127 124 6 6
127 123 6 6
128 125 6 6
128 123 6 6
128 121 6 6
128 120 6 6
129 123 6 6
129 120 6 6
129 122 6 6
129 126 6 6
130 124 6 6
130 129 6 6
130 125 6 6
130 122 6 6
131 123 6 6
131 120 6 6
131 126 6 6
131 121 6 6
132 124 6 6
132 123 6 6
132 125 6 6
132 129 6 6
133 129 6 6
133 121 6 6
133 123 6 6
133 122 6 6
134 133 6 6
134 131 6 6
134 124 6 6
134 127 6 6
135 125 6 6
135 124 6 6
135 129 6 6
135 122 6 6
136 124 6 6
136 127 6 6
136 133 6 6
136 134 6 6
137 121 6 6
137 126 6 6
137 130 6 6
137 129 6 6
138 124 6 6
138 127 6 6
138 136 6 6
138 134 6 6
139 126 6 6
139 123 6 6
139 135 6 6
139 132 6 6
120 137 6 6
120 125 6 6
120 133 6 6
120 136 6 6
121 135 6 6
121 129 6 6
121 139 6 6
121 130 6 6
122 137 6 6
122 132 6 6
122 139 6 6
122 131 6 6
123 135 6 6
123 130 6 6
123 134 6 6
123 136 6 6
144 141 7 7
144 140 7 7
144 143 7 7
144 142 7 7
145 143 7 7
145 140 7 7
145 144 7 7
145 142 7 7
146 142 7 7
146 140 7 7
146 144 7 7
146 143 7 7
147 143 7 7
147 142 7 7
147 141 7 7
147 140 7 7
148 143 7 7
148 142 7 7
148 140 7 7
148 146 7 7
149 141 7 7
149 146 7 7
149 144 7 7
149 142 7 7
150 140 7 7
150 141 7 7
150 146 7 7
150 147 7 7
151 149 7 7
151 148 7 7
151 140 7 7
151 142 7 7
152 144 7 7
152 141 7 7
152 140 7 7
152 146 7 7
153 146 7 7
153 141 7 7
153 144 7 7
153 152 7 7
154 142 7 7
154 148 7 7
154 143 7 7
154 140 7 7
155 151 7 7
155 148 7 7
155 152 7 7
155 141 7 7
156 140 7 7
156 146 7 7
156 147 7 7
156 151 7 7
157 150 7 7
157 151 7 7
157 149 7 7
157 152 7 7
158 149 7 7
158 148 7 7
158 156 7 7
158 154 7 7
159 148 7 7
159 156 7 7
159 155 7 7
159 147 7 7
140 158 7 7
140 153 7 7
140 157 7 7
140 159 7 7
141 146 7 7
141 158 7 7
141 156 7 7
141 145 7 7
142 156 7 7
142 152 7 7
142 153 7 7
142 159 7 7
143 150 7 7
143 149 7 7
143 151 7 7
143 156 7 7
164 161 8 8
164 160 8 8
164 162 8 8
164 163 8 8
165 161 8 8
165 160 8 8
165 162 8 8
165 163 8 8
166 162 8 8
166 161 8 8
166 160 8 8
166 164 8 8
167 161 8 8
167 164 8 8
167 163 8 8
167 160 8 8
168 166 8 8
168 163 8 8
168 164 8 8
168 167 8 8
169 168 8 8
169 160 8 8
169 161 8 8
169 165 8 8
170 169 8 8
170 164 8 8
170 168 8 8
170 167 8 8
171 170 8 8
171 162 8 8
171 167 8 8
171 160 8 8
172 165 8 8
172 171 8 8
172 168 8 8
172 167 8 8
173 163 8 8
173 171 8 8
173 172 8 8
173 168 8 8
174 167 8 8
174 165 8 8
174 162 8 8
174 160 8 8
175 169 8 8
175 168 8 8
175 173 8 8
175 171 8 8
176 168 8 8
176 166 8 8
176 167 8 8
176 175 8 8
177 168 8 8
177 172 8 8
177 175 8 8
177 176 8 8
178 163 8 8
178 173 8 8
178 176 8 8
178 177 8 8
179 162 8 8
179 176 8 8
179 171 8 8
179 177 8 8
160 177 8 8
160 173 8 8
160 172 8 8
160 168 8 8
161 171 8 8
161 174 8 8
161 177 8 8
161 172 8 8
162 178 8 8
162 172 8 8
162 175 8 8
162 173 8 8
163 170 8 8
163 174 8 8
163 171 8 8
163 177 8 8
184 182 9 9
184 181 9 9
184 183 9 9
184 180 9 9
185 181 9 9
185 180 9 9
185 182 9 9
185 184 9 9
186 183 9 9
186 182 9 9
186 180 9 9
186 184 9 9
187 182 9 9
187 184 9 9
187 183 9 9
187 181 9 9
188 181 9 9
188 183 9 9
188 185 9 9
188 180 9 9
189 188 9 9
189 182 9 9
189 183 9 9
189 181 9 9
190 180 9 9
190 186 9 9
190 182 9 9
190 181 9 9
191 187 9 9
191 181 9 9
191 186 9 9
191 190 9 9
192 186 9 9
192 187 9 9
192 191 9 9
192 182 9 9
193 189 9 9
193 190 9 9
193 183 9 9
193 192 9 9
194 192 9 9
194 193 9 9
194 191 9 9
194 190 9 9
195 188 9 9
195 185 9 9
195 186 9 9
195 181 9 9
196 192 9 9
196 194 9 9
196 183 9 9
196 181 9 9
197 195 9 9
197 190 9 9
197 185 9 9
197 188 9 9
198 183 9 9
198 193 9 9
198 191 9 9
198 186 9 9
199 184 9 9
199 193 9 9
199 191 9 9
199 190 9 9
180 189 9 9
180 198 9 9
180 194 9 9
180 191 9 9
181 193 9 9
181 197 9 9
181 199 9 9
181 186 9 9
182 188 9 9
182 197 9 9
182 193 9 9
182 196 9 9
183 190 9 9
183 197 9 9
183 194 9 9
183 191 9 9
204 202 10 10
204 201 10 10
204 200 10 10
204 203 10 10
205 200 10 10
205 204 10 10
205 202 10 10
205 201 10 10
206 203 10 10
206 202 10 10
206 204 10 10
206 200 10 10
207 205 10 10
207 203 10 10
207 202 10 10
207 200 10 10
208 207 10 10
208 200 10 10
208 203 10 10
208 202 10 10
209 208 10 10
209 204 10 10
209 201 10 10
209 202 10 10
210 209 10 10
210 200 10 10
210 208 10 10
210 201 10 10
211 201 10 10
211 206 10 10
211 204 10 10
211 209 10 10
212 207 10 10
212 208 10 10
212 202 10 10
212 211 10 10
213 204 10 10
213 208 10 10
213 207 10 10
213 202 10 10
214 200 10 10
214 213 10 10
214 204 10 10
214 208 10 10
215 205 10 10
215 204 10 10
215 206 10 10
215 207 10 10
216 211 10 10
216 204 10 10
216 208 10 10
216 203 10 10
217 208 10 10
217 216 10 10
217 210 10 10
217 202 10 10
218 204 10 10
218 216 10 10
218 201 10 10
218 210 10 10
219 209 10 10
219 208 10 10
219 203 10 10
219 211 10 10
200 217 10 10
200 212 10 10
200 213 10 10
200 216 10 10
201 217 10 10
201 212 10 10
201 208 10 10
201 206 10 10
202 216 10 10
202 211 10 10
202 219 10 10
202 210 10 10
203 214 10 10
203 209 10 10
203 218 10 10
203 212 10 10
224 221 11 11
224 223 11 11
224 222 11 11
224 220 11 11
225 220 11 11
225 222 11 11
225 221 11 11
225 223 11 11
226 222 11 11
226 221 11 11
226 223 11 11
226 224 11 11
227 224 11 11
227 221 11 11
227 226 11 11
227 222 11 11
228 227 11 11
228 222 11 11
228 224 11 11
228 225 11 11
229 225 11 11
229 224 11 11
229 222 11 11
229 223 11 11
230 229 11 11
230 221 11 11
230 225 11 11
230 228 11 11
231 225 11 11
231 223 11 11
231 221 11 11
231 220 11 11
232 227 11 11
232 224 11 11
232 231 11 11
232 229 11 11
233 232 11 11
233 225 11 11
233 227 11 11
233 222 11 11
234 222 11 11
234 229 11 11
234 230 11 11
234 228 11 11
235 221 11 11
235 225 11 11
235 230 11 11
235 231 11 11
236 222 11 11
236 234 11 11
236 220 11 11
236 235 11 11
237 233 11 11
237 234 11 11
237 225 11 11
237 227 11 11
238 234 11 11
238 229 11 11
238 223 11 11
238 230 11 11
239 233 11 11
239 228 11 11
239 225 11 11
239 221 11 11
220 230 11 11
220 237 11 11
220 234 11 11
220 239 11 11
221 228 11 11
221 237 11 11
221 233 11 11
221 234 11 11
222 238 11 11
222 239 11 11
222 235 11 11
222 230 11 11
223 235 11 11
223 227 11 11
223 233 11 11
223 234 11 11
244 242 12 12
244 243 12 12
244 241 12 12
244 240 12 12
245 243 12 12
245 244 12 12
245 240 12 12
245 242 12 12
246 243 12 12
246 242 12 12
246 245 12 12
246 241 12 12
247 244 12 12
247 242 12 12
247 245 12 12
247 246 12 12
248 243 12 12
248 244 12 12
248 245 12 12
248 246 12 12
249 243 12 12
249 247 12 12
249 248 12 12
249 242 12 12
250 245 12 12
250 243 12 12
250 248 12 12
250 240 12 12
251 250 12 12
251 242 12 12
251 249 12 12
251 240 12 12
252 242 12 12
252 248 12 12
252 244 12 12
252 249 12 12
253 247 12 12
253 241 12 12
253 249 12 12
253 248 12 12
254 252 12 12
254 243 12 12
254 250 12 12
254 253 12 12
255 244 12 12
255 252 12 12
255 250 12 12
255 246 12 12
256 253 12 12
256 255 12 12
256 245 12 12
256 247 12 12
257 254 12 12
257 250 12 12
257 245 12 12
257 253 12 12
258 244 12 12
258 245 12 12
258 248 12 12
258 255 12 12
259 241 12 12
259 256 12 12
259 251 12 12
259 255 12 12
240 253 12 12
240 248 12 12
240 246 12 12
240 252 12 12
241 251 12 12
241 249 12 12
241 254 12 12
241 250 12 12
242 248 12 12
242 259 12 12
242 255 12 12
242 258 12 12
243 256 12 12
243 252 12 12
243 251 12 12
243 258 12 12
264 262 13 13
264 261 13 13
264 263 13 13
264 260 13 13
265 262 13 13
265 260 13 13
265 261 13 13
265 264 13 13
266 260 13 13
266 263 13 13
266 262 13 13
266 261 13 13
267 266 13 13
267 261 13 13
267 265 13 13
267 260 13 13
268 260 13 13
268 265 13 13
268 267 13 13
268 261 13 13
269 267 13 13
269 261 13 13
269 260 13 13
269 268 13 13
270 261 13 13
270 265 13 13
270 264 13 13
270 263 13 13
271 270 13 13
271 266 13 13
271 265 13 13
271 261 13 13
272 268 13 13
272 270 13 13
272 261 13 13
272 265 13 13
273 270 13 13
273 261 13 13
273 265 13 13
273 264 13 13
274 262 13 13
274 267 13 13
274 260 13 13
274 270 13 13
275 267 13 13
275 265 13 13
275 262 13 13
275 266 13 13
276 264 13 13
276 265 13 13
276 268 13 13
276 273 13 13
277 270 13 13
277 272 13 13
277 268 13 13
277 271 13 13
278 272 13 13
278 262 13 13
278 265 13 13
278 261 13 13
279 275 13 13
279 261 13 13
279 272 13 13
279 260 13 13
260 278 13 13
260 275 13 13
260 273 13 13
260 272 13 13
261 274 13 13
261 276 13 13
261 275 13 13
261 277 13 13
262 269 13 13
262 273 13 13
262 268 13 13
262 279 13 13
263 277 13 13
263 265 13 13
263 267 13 13
263 279 13 13
284 281 14 14
284 283 14 14
284 280 14 14
284 282 14 14
285 283 14 14
285 284 14 14
285 281 14 14
285 282 14 14
286 282 14 14
286 281 14 14
286 285 14 14
286 280 14 14
287 280 14 14
287 286 14 14
287 283 14 14
287 285 14 14
288 287 14 14
288 284 14 14
288 285 14 14
288 280 14 14
289 286 14 14
289 287 14 14
289 285 14 14
289 281 14 14
290 280 14 14
290 284 14 14
290 286 14 14
290 282 14 14
291 289 14 14
291 290 14 14
291 285 14 14
291 282 14 14
292 289 14 14
292 284 14 14
292 286 14 14
292 283 14 14
293 281 14 14
293 284 14 14
293 286 14 14
293 292 14 14
294 282 14 14
294 286 14 14
294 285 14 14
294 283 14 14
295 284 14 14
295 292 14 14
295 282 14 14
295 289 14 14
296 284 14 14
296 281 14 14
296 288 14 14
296 291 14 14
297 281 14 14
297 296 14 14
297 294 14 14
297 292 14 14
298 289 14 14
298 291 14 14
298 281 14 14
298 290 14 14
299 285 14 14
299 292 14 14
299 287 14 14
299 288 14 14
280 299 14 14
280 297 14 14
280 291 14 14
280 296 14 14
281 290 14 14
281 299 14 14
281 294 14 14
281 295 14 14
282 288 14 14
282 293 14 14
282 292 14 14
282 297 14 14
283 291 14 14
283 293 14 14
283 296 14 14
283 289 14 14
304 301 15 15
304 300 15 15
304 303 15 15
304 302 15 15
305 301 15 15
305 302 15 15
305 303 15 15
305 300 15 15
306 301 15 15
306 305 15 15
306 300 15 15
306 303 15 15
307 305 15 15
307 302 15 15
307 306 15 15
307 301 15 15
308 301 15 15
308 302 15 15
308 307 15 15
308 304 15 15
309 303 15 15
309 301 15 15
309 308 15 15
309 304 15 15
310 303 15 15
310 305 15 15
310 309 15 15
310 301 15 15
311 304 15 15
311 300 15 15
311 306 15 15
311 303 15 15
312 305 15 15
312 302 15 15
312 307 15 15
312 306 15 15
313 310 15 15
313 301 15 15
313 312 15 15
313 307 15 15
314 308 15 15
314 309 15 15
314 305 15 15
314 304 15 15
315 309 15 15
315 300 15 15
315 305 15 15
315 301 15 15
316 314 15 15
316 311 15 15
316 302 15 15
316 304 15 15
317 315 15 15
317 300 15 15
317 302 15 15
317 308 15 15
318 308 15 15
318 309 15 15
318 301 15 15
318 315 15 15
319 306 15 15
319 313 15 15
319 312 15 15
319 301 15 15
300 310 15 15
300 319 15 15
300 314 15 15
300 318 15 15
301 314 15 15
301 316 15 15
301 317 15 15
301 311 15 15
302 314 15 15
302 318 15 15
302 306 15 15
302 315 15 15
303 316 15 15
303 317 15 15
303 315 15 15
303 318 15 15
92 0 4 0
99 58 4 2
98 39 4 1
87 69 4 3
114 27 5 1
102 43 5 2
112 87 5 4
107 12 5 0
132 52 6 2
131 16 6 0
138 39 6 1
120 70 6 3
156 6 7 0
145 88 7 4
143 53 7 2
155 38 7 1
176 137 8 6
179 47 8 2
173 33 8 1
171 4 8 0
182 177 9 8
183 132 9 6
197 93 9 4
184 76 9 3
211 88 10 4
202 64 10 3
217 129 10 6
207 181 10 9
228 116 11 5
234 65 11 3
221 58 11 2
221 141 11 7
254 20 12 1
243 184 12 9
252 225 12 11
244 70 12 3
260 87 13 4
266 106 13 5
263 43 13 2
263 16 13 0
284 187 14 9
283 279 14 13
293 218 14 10
295 230 14 11
319 244 15 12
317 299 15 14
319 270 15 13
301 216 15 10
4 240 0 12
11 318 0 15
10 238 0 11
0 210 0 10
26 308 1 15
20 279 1 13
28 202 1 10
25 293 1 14
57 256 2 12
40 314 2 15
41 297 2 14
52 186 2 9
65 282 3 14
76 307 3 15
76 279 3 13
77 173 3 8
