swNum = 320
edgeNum = 1344

0 0
1 0
2 0
3 0
4 0
5 0
6 0
7 0
8 0
9 0
10 0
11 0
12 0
13 0
14 0
15 0
16 0
17 0
18 0
19 0
20 1
21 1
22 1
23 1
24 1
25 1
26 1
27 1
28 1
29 1
30 1
31 1
32 1
33 1
34 1
35 1
36 1
37 1
38 1
39 1
40 2
41 2
42 2
43 2
44 2
45 2
46 2
47 2
48 2
49 2
50 2
51 2
52 2
53 2
54 2
55 2
56 2
57 2
58 2
59 2
60 3
61 3
62 3
63 3
64 3
65 3
66 3
67 3
68 3
69 3
70 3
71 3
72 3
73 3
74 3
75 3
76 3
77 3
78 3
79 3
80 4
81 4
82 4
83 4
84 4
85 4
86 4
87 4
88 4
89 4
90 4
91 4
92 4
93 4
94 4
95 4
96 4
97 4
98 4
99 4
100 5
101 5
102 5
103 5
104 5
105 5
106 5
107 5
108 5
109 5
110 5
111 5
112 5
113 5
114 5
115 5
116 5
117 5
118 5
119 5
120 6
121 6
122 6
123 6
124 6
125 6
126 6
127 6
128 6
129 6
130 6
131 6
132 6
133 6
134 6
135 6
136 6
137 6
138 6
139 6
140 7
141 7
142 7
143 7
144 7
145 7
146 7
147 7
148 7
149 7
150 7
151 7
152 7
153 7
154 7
155 7
156 7
157 7
158 7
159 7
160 8
161 8
162 8
163 8
164 8
165 8
166 8
167 8
168 8
169 8
170 8
171 8
172 8
173 8
174 8
175 8
176 8
177 8
178 8
179 8
180 9
181 9
182 9
183 9
184 9
185 9
186 9
187 9
188 9
189 9
190 9
191 9
192 9
193 9
194 9
195 9
196 9
197 9
198 9
199 9
200 10
201 10
202 10
203 10
204 10
205 10
206 10
207 10
208 10
209 10
210 10
211 10
212 10
213 10
214 10
215 10
216 10
217 10
218 10
219 10
220 11
221 11
222 11
223 11
224 11
225 11
226 11
227 11
228 11
229 11
230 11
231 11
232 11
233 11
234 11
235 11
236 11
237 11
238 11
239 11
240 12
241 12
242 12
243 12
244 12
245 12
246 12
247 12
248 12
249 12
250 12
251 12
252 12
253 12
254 12
255 12
256 12
257 12
258 12
259 12
260 13
261 13
262 13
263 13
264 13
265 13
266 13
267 13
268 13
269 13
270 13
271 13
272 13
273 13
274 13
275 13
276 13
277 13
278 13
279 13
280 14
281 14
282 14
283 14
284 14
285 14
286 14
287 14
288 14
289 14
290 14
291 14
292 14
293 14
294 14
295 14
296 14
297 14
298 14
299 14
300 15
301 15
302 15
303 15
304 15
305 15
306 15
307 15
308 15
309 15
310 15
311 15
312 15
313 15
314 15
315 15
316 15
317 15
318 15
319 15

4 3 0 0
4 1 0 0
4 0 0 0
4 2 0 0
5 0 0 0
5 1 0 0
5 4 0 0
5 3 0 0
6 5 0 0
6 4 0 0
6 0 0 0
6 1 0 0
7 1 0 0
7 3 0 0
7 2 0 0
7 4 0 0
8 4 0 0
8 1 0 0
8 5 0 0
8 0 0 0
9 7 0 0
9 3 0 0
9 8 0 0
9 4 0 0
10 0 0 0
10 7 0 0
10 2 0 0
10 9 0 0
11 1 0 0
11 10 0 0
11 2 0 0
11 7 0 0
12 10 0 0
12 11 0 0
12 3 0 0
12 2 0 0
13 7 0 0
13 6 0 0
13 4 0 0
13 0 0 0
14 9 0 0
14 4 0 0
14 7 0 0
14 13 0 0
15 12 0 0
15 0 0 0
15 8 0 0
15 7 0 0
16 13 0 0
16 8 0 0
16 1 0 0
16 14 0 0
17 16 0 0
17 2 0 0
17 7 0 0
17 12 0 0
18 11 0 0
18 7 0 0
18 12 0 0
18 1 0 0
19 14 0 0
19 16 0 0
19 15 0 0
19 0 0 0
0 9 0 0
0 17 0 0
0 14 0 0
0 12 0 0
1 19 0 0
1 10 0 0
1 12 0 0
1 14 0 0
2 18 0 0
2 9 0 0
2 15 0 0
2 5 0 0
3 18 0 0
3 19 0 0
3 16 0 0
3 8 0 0
24 20 1 1
24 21 1 1
24 23 1 1
24 22 1 1
25 20 1 1
25 24 1 1
25 21 1 1
25 22 1 1
26 25 1 1
26 23 1 1
26 24 1 1
26 22 1 1
27 23 1 1
27 21 1 1
27 22 1 1
27 24 1 1
28 22 1 1
28 26 1 1
28 20 1 1
28 24 1 1
29 23 1 1
29 27 1 1
29 22 1 1
29 24 1 1
30 24 1 1
30 20 1 1
30 28 1 1
30 21 1 1
31 29 1 1
31 23 1 1
31 27 1 1
31 22 1 1
32 20 1 1
32 21 1 1
32 27 1 1
32 30 1 1
33 23 1 1
33 27 1 1
33 28 1 1
33 31 1 1
34 33 1 1
34 25 1 1
34 26 1 1
34 30 1 1
35 24 1 1
35 21 1 1
35 32 1 1
35 20 1 1
36 30 1 1
36 35 1 1
36 25 1 1
36 20 1 1
37 32 1 1
37 27 1 1
37 31 1 1
37 33 1 1
38 22 1 1
38 32 1 1
38 35 1 1
38 23 1 1
39 20 1 1
39 34 1 1
39 36 1 1
39 28 1 1
20 38 1 1
20 33 1 1
20 37 1 1
20 31 1 1
21 26 1 1
21 36 1 1
21 38 1 1
21 39 1 1
22 32 1 1
22 36 1 1
22 30 1 1
22 37 1 1
23 34 1 1
23 30 1 1
23 36 1 1
23 37 1 1
44 42 2 2
44 43 2 2
44 41 2 2
44 40 2 2
45 43 2 2
45 44 2 2
45 41 2 2
45 42 2 2
46 43 2 2
46 40 2 2
46 41 2 2
46 44 2 2
47 46 2 2
47 40 2 2
47 42 2 2
47 45 2 2
48 45 2 2
48 43 2 2
48 44 2 2
48 41 2 2
49 45 2 2
49 47 2 2
49 46 2 2
49 41 2 2
50 45 2 2
50 42 2 2
50 41 2 2
50 48 2 2
51 49 2 2
51 42 2 2
51 43 2 2
51 45 2 2
52 41 2 2
52 40 2 2
52 50 2 2
52 51 2 2
53 40 2 2
53 43 2 2
53 51 2 2
53 47 2 2
54 45 2 2
54 52 2 2
54 40 2 2
54 48 2 2
55 41 2 2
55 52 2 2
55 54 2 2
55 40 2 2
56 47 2 2
56 46 2 2
56 51 2 2
56 50 2 2
57 49 2 2
57 40 2 2
57 41 2 2
57 53 2 2
58 47 2 2
58 51 2 2
58 44 2 2
58 48 2 2
59 47 2 2
59 53 2 2
59 40 2 2
59 46 2 2
40 49 2 2
40 56 2 2
40 45 2 2
40 58 2 2
41 47 2 2
41 59 2 2
41 54 2 2
41 53 2 2
42 48 2 2
42 46 2 2
42 49 2 2
42 59 2 2
43 50 2 2
43 59 2 2
43 56 2 2
43 58 2 2
64 63 3 3
64 61 3 3
64 60 3 3
64 62 3 3
65 61 3 3
65 63 3 3
65 64 3 3
65 62 3 3
66 61 3 3
66 60 3 3
66 64 3 3
66 65 3 3
67 66 3 3
67 60 3 3
67 64 3 3
67 62 3 3
68 64 3 3
68 61 3 3
68 62 3 3
68 63 3 3
69 63 3 3
69 60 3 3
69 62 3 3
69 64 3 3
70 60 3 3
70 64 3 3
70 65 3 3
70 63 3 3
71 68 3 3
71 63 3 3
71 60 3 3
71 62 3 3
72 63 3 3
72 62 3 3
72 61 3 3
72 71 3 3
73 69 3 3
73 66 3 3
73 71 3 3
73 67 3 3
74 70 3 3
74 61 3 3
74 64 3 3
74 63 3 3
75 60 3 3
75 66 3 3
75 73 3 3
75 69 3 3
76 63 3 3
76 67 3 3
76 69 3 3
76 73 3 3
77 75 3 3
77 72 3 3
77 60 3 3
77 61 3 3
78 65 3 3
78 77 3 3
78 73 3 3
78 61 3 3
79 76 3 3
79 75 3 3
79 63 3 3
79 73 3 3
60 73 3 3
60 76 3 3
60 79 3 3
60 78 3 3
61 71 3 3
61 69 3 3
61 70 3 3
61 67 3 3
62 70 3 3
62 77 3 3
62 79 3 3
62 78 3 3
63 75 3 3
63 67 3 3
63 78 3 3
63 66 3 3
84 82 4 4
84 80 4 4
84 81 4 4
84 83 4 4
85 82 4 4
85 84 4 4
85 80 4 4
85 83 4 4
86 83 4 4
86 81 4 4
86 80 4 4
86 85 4 4
87 81 4 4
87 83 4 4
87 86 4 4
87 85 4 4
88 83 4 4
88 87 4 4
88 86 4 4
88 80 4 4
89 80 4 4
89 87 4 4
89 85 4 4
89 83 4 4
90 80 4 4
90 82 4 4
90 84 4 4
90 85 4 4
91 85 4 4
91 83 4 4
91 84 4 4
91 80 4 4
92 88 4 4
92 83 4 4
92 91 4 4
92 89 4 4
93 91 4 4
93 83 4 4
93 90 4 4
93 92 4 4
94 92 4 4
94 93 4 4
94 85 4 4
94 80 4 4
95 81 4 4
95 89 4 4
95 90 4 4
95 92 4 4
96 95 4 4
96 82 4 4
96 80 4 4
96 90 4 4
97 87 4 4
97 96 4 4
97 84 4 4
97 91 4 4
98 90 4 4
98 82 4 4
98 95 4 4
98 96 4 4
99 86 4 4
99 89 4 4
99 88 4 4
99 92 4 4
80 98 4 4
80 95 4 4
80 97 4 4
80 99 4 4
81 94 4 4
81 85 4 4
81 96 4 4
81 98 4 4
82 97 4 4
82 89 4 4
82 93 4 4
82 94 4 4
83 99 4 4
83 95 4 4
83 98 4 4
83 96 4 4
104 101 5 5
104 103 5 5
104 100 5 5
104 102 5 5
105 104 5 5
105 100 5 5
105 103 5 5
105 102 5 5
106 101 5 5
106 105 5 5
106 103 5 5
106 100 5 5
107 103 5 5
107 101 5 5
107 104 5 5
107 106 5 5
108 106 5 5
108 103 5 5
108 105 5 5
108 101 5 5
109 106 5 5
109 102 5 5
109 104 5 5
109 108 5 5
110 103 5 5
110 102 5 5
110 107 5 5
110 105 5 5
111 109 5 5
111 106 5 5
111 107 5 5
111 110 5 5
112 110 5 5
112 101 5 5
112 103 5 5
112 106 5 5
113 104 5 5
113 101 5 5
113 110 5 5
113 111 5 5
114 111 5 5
114 112 5 5
114 104 5 5
114 105 5 5
115 108 5 5
115 103 5 5
115 106 5 5
115 114 5 5
116 105 5 5
116 114 5 5
116 100 5 5
116 101 5 5
117 111 5 5
117 113 5 5
117 110 5 5
117 100 5 5
118 116 5 5
118 106 5 5
118 113 5 5
118 105 5 5
119 101 5 5
119 110 5 5
119 106 5 5
119 113 5 5
100 112 5 5
100 108 5 5
100 114 5 5
100 118 5 5
101 118 5 5
101 105 5 5
101 110 5 5
101 111 5 5
102 114 5 5
102 118 5 5
102 115 5 5
102 117 5 5
103 119 5 5
103 117 5 5
103 118 5 5
103 114 5 5
124 121 6 6
124 123 6 6
124 120 6 6
124 122 6 6
125 120 6 6
125 122 6 6
125 121 6 6
125 124 6 6
126 122 6 6
126 121 6 6
126 123 6 6
126 124 6 6
127 123 6 6
127 125 6 6
127 122 6 6
127 126 6 6
128 122 6 6
128 127 6 6
128 125 6 6
128 124 6 6
129 126 6 6
129 121 6 6
129 127 6 6
129 124 6 6
130 122 6 6
130 123 6 6
130 121 6 6
130 127 6 6
131 123 6 6
131 121 6 6
131 120 6 6
131 124 6 6
132 121 6 6
132 127 6 6
132 123 6 6
132 126 6 6
133 122 6 6
133 125 6 6
133 126 6 6
133 128 6 6
134 127 6 6
134 122 6 6
134 124 6 6
134 131 6 6
135 131 6 6
135 126 6 6
135 123 6 6
135 121 6 6
136 124 6 6
136 132 6 6
136 125 6 6
136 134 6 6
137 135 6 6
137 136 6 6
137 134 6 6
137 126 6 6
138 132 6 6
138 124 6 6
138 136 6 6
138 135 6 6
139 131 6 6
139 136 6 6
139 127 6 6
139 138 6 6
120 129 6 6
120 137 6 6
120 127 6 6
120 133 6 6
121 133 6 6
121 136 6 6
121 139 6 6
121 137 6 6
122 131 6 6
122 132 6 6
122 135 6 6
122 136 6 6
123 129 6 6
123 133 6 6
123 139 6 6
123 137 6 6
144 142 7 7
144 140 7 7
144 141 7 7
144 143 7 7
145 141 7 7
145 142 7 7
145 144 7 7
145 140 7 7
146 140 7 7
146 144 7 7
146 145 7 7
146 141 7 7
147 144 7 7
147 143 7 7
147 140 7 7
147 145 7 7
148 144 7 7
148 147 7 7
148 146 7 7
148 141 7 7
149 142 7 7
149 140 7 7
149 144 7 7
149 141 7 7
150 144 7 7
150 148 7 7
150 146 7 7
150 145 7 7
151 149 7 7
151 140 7 7
151 141 7 7
151 146 7 7
152 142 7 7
152 149 7 7
152 144 7 7
152 151 7 7
153 151 7 7
153 143 7 7
153 147 7 7
153 145 7 7
154 148 7 7
154 140 7 7
154 153 7 7
154 143 7 7
155 143 7 7
155 140 7 7
155 144 7 7
155 146 7 7
156 143 7 7
156 153 7 7
156 148 7 7
156 145 7 7
157 147 7 7
157 155 7 7
157 148 7 7
157 143 7 7
158 154 7 7
158 156 7 7
158 144 7 7
158 145 7 7
159 150 7 7
159 158 7 7
159 147 7 7
159 146 7 7
140 156 7 7
140 158 7 7
140 159 7 7
140 153 7 7
141 152 7 7
141 153 7 7
141 155 7 7
141 159 7 7
142 153 7 7
142 158 7 7
142 151 7 7
142 154 7 7
143 148 7 7
143 151 7 7
143 146 7 7
143 159 7 7
164 160 8 8
164 161 8 8
164 163 8 8
164 162 8 8
165 163 8 8
165 164 8 8
165 160 8 8
165 161 8 8
166 161 8 8
166 164 8 8
166 162 8 8
166 160 8 8
167 163 8 8
167 165 8 8
167 166 8 8
167 160 8 8
168 161 8 8
168 166 8 8
168 160 8 8
168 167 8 8
169 160 8 8
169 167 8 8
169 168 8 8
169 164 8 8
170 161 8 8
170 160 8 8
170 166 8 8
170 169 8 8
171 160 8 8
171 168 8 8
171 161 8 8
171 164 8 8
172 160 8 8
172 165 8 8
172 161 8 8
172 171 8 8
173 166 8 8
173 172 8 8
173 162 8 8
173 160 8 8
174 171 8 8
174 166 8 8
174 168 8 8
174 169 8 8
175 168 8 8
175 172 8 8
175 174 8 8
175 166 8 8
176 172 8 8
176 165 8 8
176 169 8 8
176 163 8 8
177 174 8 8
177 175 8 8
177 173 8 8
177 168 8 8
178 161 8 8
178 162 8 8
178 167 8 8
178 176 8 8
179 164 8 8
179 171 8 8
179 165 8 8
179 166 8 8
160 176 8 8
160 178 8 8
160 177 8 8
160 175 8 8
161 179 8 8
161 169 8 8
161 173 8 8
161 167 8 8
162 175 8 8
162 170 8 8
162 177 8 8
162 167 8 8
163 178 8 8
163 175 8 8
163 179 8 8
163 171 8 8
184 180 9 9
184 181 9 9
184 182 9 9
184 183 9 9
185 182 9 9
185 183 9 9
185 180 9 9
185 181 9 9
186 185 9 9
186 183 9 9
186 182 9 9
186 180 9 9
187 185 9 9
187 180 9 9
187 181 9 9
187 186 9 9
188 185 9 9
188 186 9 9
188 182 9 9
188 187 9 9
189 182 9 9
189 184 9 9
189 180 9 9
189 186 9 9
190 184 9 9
190 186 9 9
190 188 9 9
190 185 9 9
191 189 9 9
191 183 9 9
191 185 9 9
191 186 9 9
192 189 9 9
192 184 9 9
192 188 9 9
192 191 9 9
193 186 9 9
193 190 9 9
193 188 9 9
193 184 9 9
194 182 9 9
194 186 9 9
194 185 9 9
194 181 9 9
195 194 9 9
195 181 9 9
195 182 9 9
195 188 9 9
196 194 9 9
196 184 9 9
196 187 9 9
196 181 9 9
197 190 9 9
197 185 9 9
197 187 9 9
197 196 9 9
198 192 9 9
198 189 9 9
198 185 9 9
198 182 9 9
199 187 9 9
199 182 9 9
199 198 9 9
199 196 9 9
180 195 9 9
180 191 9 9
180 192 9 9
180 188 9 9
181 198 9 9
181 192 9 9
181 189 9 9
181 197 9 9
182 191 9 9
182 196 9 9
182 193 9 9
182 197 9 9
183 198 9 9
183 192 9 9
183 188 9 9
183 190 9 9
204 200 10 10
204 202 10 10
204 203 10 10
204 201 10 10
205 200 10 10
205 202 10 10
205 201 10 10
205 204 10 10
206 204 10 10
206 200 10 10
206 201 10 10
206 205 10 10
207 206 10 10
207 203 10 10
207 204 10 10
207 202 10 10
208 202 10 10
208 201 10 10
208 200 10 10
208 205 10 10
209 202 10 10
209 208 10 10
209 203 10 10
209 206 10 10
210 205 10 10
210 206 10 10
210 201 10 10
210 208 10 10
211 201 10 10
211 203 10 10
211 205 10 10
211 207 10 10
212 205 10 10
212 207 10 10
212 204 10 10
212 211 10 10
213 200 10 10
213 206 10 10
213 209 10 10
213 205 10 10
214 209 10 10
214 210 10 10
214 206 10 10
214 213 10 10
215 207 10 10
215 200 10 10
215 205 10 10
215 212 10 10
216 212 10 10
216 209 10 10
216 206 10 10
216 205 10 10
217 215 10 10
217 216 10 10
217 200 10 10
217 212 10 10
218 217 10 10
218 216 10 10
218 211 10 10
218 203 10 10
219 208 10 10
219 206 10 10
219 209 10 10
219 214 10 10
200 214 10 10
200 210 10 10
200 209 10 10
200 218 10 10
201 212 10 10
201 213 10 10
201 219 10 10
201 209 10 10
202 213 10 10
202 212 10 10
202 210 10 10
202 206 10 10
203 213 10 10
203 212 10 10
203 215 10 10
203 217 10 10
224 223 11 11
224 220 11 11
224 221 11 11
224 222 11 11
225 223 11 11
225 224 11 11
225 221 11 11
225 220 11 11
226 222 11 11
226 225 11 11
226 223 11 11
226 224 11 11
227 224 11 11
227 220 11 11
227 223 11 11
227 225 11 11
228 224 11 11
228 226 11 11
228 222 11 11
228 223 11 11
229 220 11 11
229 226 11 11
229 221 11 11
229 225 11 11
230 222 11 11
230 221 11 11
230 220 11 11
230 227 11 11
231 223 11 11
231 229 11 11
231 226 11 11
231 221 11 11
232 220 11 11
232 231 11 11
232 229 11 11
232 223 11 11
233 225 11 11
233 226 11 11
233 224 11 11
233 229 11 11
234 232 11 11
234 231 11 11
234 229 11 11
234 225 11 11
235 224 11 11
235 226 11 11
235 220 11 11
235 228 11 11
236 228 11 11
236 220 11 11
236 226 11 11
236 221 11 11
237 220 11 11
237 234 11 11
237 231 11 11
237 236 11 11
238 224 11 11
238 228 11 11
238 235 11 11
238 221 11 11
239 226 11 11
239 221 11 11
239 234 11 11
239 228 11 11
220 231 11 11
220 239 11 11
220 226 11 11
220 233 11 11
221 233 11 11
221 232 11 11
221 237 11 11
221 227 11 11
222 231 11 11
222 238 11 11
222 227 11 11
222 235 11 11
223 238 11 11
223 236 11 11
223 239 11 11
223 229 11 11
244 242 12 12
244 241 12 12
244 243 12 12
244 240 12 12
245 240 12 12
245 241 12 12
245 244 12 12
245 243 12 12
246 241 12 12
246 242 12 12
246 243 12 12
246 244 12 12
247 242 12 12
247 240 12 12
247 243 12 12
247 241 12 12
248 241 12 12
248 240 12 12
248 244 12 12
248 245 12 12
249 248 12 12
249 245 12 12
249 241 12 12
249 247 12 12
250 241 12 12
250 246 12 12
250 247 12 12
250 243 12 12
251 245 12 12
251 249 12 12
251 240 12 12
251 248 12 12
252 241 12 12
252 245 12 12
252 249 12 12
252 248 12 12
253 251 12 12
253 242 12 12
253 250 12 12
253 244 12 12
254 252 12 12
254 251 12 12
254 240 12 12
254 247 12 12
255 241 12 12
255 254 12 12
255 246 12 12
255 243 12 12
256 250 12 12
256 243 12 12
256 240 12 12
256 242 12 12
257 253 12 12
257 250 12 12
257 242 12 12
257 244 12 12
258 253 12 12
258 251 12 12
258 255 12 12
258 244 12 12
259 249 12 12
259 247 12 12
259 240 12 12
259 244 12 12
240 249 12 12
240 253 12 12
240 252 12 12
240 257 12 12
241 253 12 12
241 259 12 12
241 254 12 12
241 258 12 12
242 249 12 12
242 251 12 12
242 248 12 12
242 245 12 12
243 254 12 12
243 253 12 12
243 257 12 12
243 248 12 12
264 262 13 13
264 260 13 13
264 263 13 13
264 261 13 13
265 263 13 13
265 261 13 13
265 260 13 13
265 262 13 13
266 265 13 13
266 261 13 13
266 260 13 13
266 264 13 13
267 262 13 13
267 261 13 13
267 260 13 13
267 266 13 13
268 264 13 13
268 262 13 13
268 263 13 13
268 267 13 13
269 268 13 13
269 262 13 13
269 264 13 13
269 263 13 13
270 265 13 13
270 266 13 13
270 261 13 13
270 260 13 13
271 269 13 13
271 262 13 13
271 268 13 13
271 265 13 13
272 264 13 13
272 268 13 13
272 265 13 13
272 267 13 13
273 261 13 13
273 267 13 13
273 260 13 13
273 270 13 13
274 261 13 13
274 264 13 13
274 263 13 13
274 268 13 13
275 265 13 13
275 262 13 13
275 268 13 13
275 271 13 13
276 261 13 13
276 260 13 13
276 273 13 13
276 266 13 13
277 272 13 13
277 275 13 13
277 268 13 13
277 263 13 13
278 260 13 13
278 270 13 13
278 274 13 13
278 273 13 13
279 276 13 13
279 266 13 13
279 267 13 13
279 278 13 13
260 272 13 13
260 279 13 13
260 271 13 13
260 275 13 13
261 272 13 13
261 277 13 13
261 269 13 13
261 271 13 13
262 272 13 13
262 273 13 13
262 279 13 13
262 274 13 13
263 278 13 13
263 266 13 13
263 272 13 13
263 267 13 13
284 282 14 14
284 283 14 14
284 280 14 14
284 281 14 14
285 281 14 14
285 283 14 14
285 282 14 14
285 284 14 14
286 283 14 14
286 284 14 14
286 281 14 14
286 280 14 14
287 283 14 14
287 284 14 14
287 285 14 14
287 282 14 14
288 283 14 14
288 280 14 14
288 286 14 14
288 282 14 14
289 283 14 14
289 287 14 14
289 282 14 14
289 286 14 14
290 289 14 14
290 281 14 14
290 282 14 14
290 285 14 14
291 282 14 14
291 288 14 14
291 290 14 14
291 289 14 14
292 280 14 14
292 284 14 14
292 283 14 14
292 282 14 14
293 290 14 14
293 285 14 14
293 282 14 14
293 289 14 14
294 285 14 14
294 284 14 14
294 288 14 14
294 281 14 14
295 290 14 14
295 284 14 14
295 280 14 14
295 283 14 14
296 291 14 14
296 285 14 14
296 288 14 14
296 294 14 14
297 286 14 14
297 295 14 14
297 296 14 14
297 291 14 14
298 282 14 14
298 281 14 14
298 291 14 14
298 286 14 14
299 297 14 14
299 291 14 14
299 288 14 14
299 280 14 14
280 287 14 14
280 291 14 14
280 293 14 14
280 285 14 14
281 295 14 14
281 288 14 14
281 287 14 14
281 289 14 14
282 295 14 14
282 299 14 14
282 286 14 14
282 297 14 14
283 293 14 14
283 290 14 14
283 296 14 14
283 291 14 14
304 302 15 15
304 300 15 15
304 303 15 15
304 301 15 15
305 303 15 15
305 302 15 15
305 300 15 15
305 304 15 15
306 304 15 15
306 305 15 15
306 303 15 15
306 302 15 15
307 302 15 15
307 306 15 15
307 304 15 15
307 301 15 15
308 300 15 15
308 304 15 15
308 305 15 15
308 302 15 15
309 300 15 15
309 305 15 15
309 304 15 15
309 308 15 15
310 308 15 15
310 306 15 15
310 305 15 15
310 307 15 15
311 301 15 15
311 307 15 15
311 309 15 15
311 306 15 15
312 311 15 15
312 300 15 15
312 303 15 15
312 305 15 15
313 312 15 15
313 300 15 15
313 308 15 15
313 306 15 15
314 309 15 15
314 306 15 15
314 313 15 15
314 300 15 15
315 310 15 15
315 305 15 15
315 306 15 15
315 313 15 15
316 301 15 15
316 313 15 15
316 308 15 15
316 307 15 15
317 312 15 15
317 301 15 15
317 300 15 15
317 306 15 15
318 304 15 15
318 317 15 15
318 307 15 15
318 300 15 15
319 306 15 15
319 314 15 15
319 303 15 15
319 310 15 15
300 316 15 15
300 307 15 15
300 319 15 15
300 310 15 15
301 306 15 15
301 305 15 15
301 319 15 15
301 314 15 15
302 314 15 15
302 319 15 15
302 318 15 15
302 317 15 15
303 314 15 15
303 307 15 15
303 310 15 15
303 313 15 15
87 7 4 0
95 74 4 3
85 45 4 2
87 32 4 1
116 30 5 1
109 50 5 2
119 64 5 3
108 4 5 0
134 71 6 3
128 40 6 2
132 20 6 1
122 114 6 5
146 1 7 0
155 23 7 1
153 98 7 4
157 59 7 2
173 109 8 5
166 123 8 6
166 146 8 7
176 70 8 3
192 54 9 2
199 153 9 7
190 91 9 4
181 25 9 1
208 5 10 0
209 46 10 2
205 25 10 1
218 130 10 6
239 155 11 7
229 74 11 3
231 219 11 10
230 126 11 6
245 15 12 0
244 220 12 11
244 66 12 3
257 136 12 6
266 128 13 6
269 3 13 0
262 143 13 7
276 219 13 10
299 253 14 12
285 170 14 8
284 224 14 11
286 100 14 5
311 110 15 5
308 82 15 4
319 58 15 2
305 257 15 12
16 172 0 8
4 189 0 9
5 133 0 6
18 315 0 15
25 312 1 15
31 164 1 8
25 246 1 12
26 293 1 14
58 253 2 12
48 292 2 14
43 229 2 11
55 270 2 13
65 291 3 14
60 301 3 15
76 180 3 9
63 211 3 10
