swNum = 320
edgeNum = 1344

0 0
1 0
2 0
3 0
4 0
5 0
6 0
7 0
8 0
9 0
10 0
11 0
12 0
13 0
14 0
15 0
16 0
17 0
18 0
19 0
20 1
21 1
22 1
23 1
24 1
25 1
26 1
27 1
28 1
29 1
30 1
31 1
32 1
33 1
34 1
35 1
36 1
37 1
38 1
39 1
40 2
41 2
42 2
43 2
44 2
45 2
46 2
47 2
48 2
49 2
50 2
51 2
52 2
53 2
54 2
55 2
56 2
57 2
58 2
59 2
60 3
61 3
62 3
63 3
64 3
65 3
66 3
67 3
68 3
69 3
70 3
71 3
72 3
73 3
74 3
75 3
76 3
77 3
78 3
79 3
80 4
81 4
82 4
83 4
84 4
85 4
86 4
87 4
88 4
89 4
90 4
91 4
92 4
93 4
94 4
95 4
96 4
97 4
98 4
99 4
100 5
101 5
102 5
103 5
104 5
105 5
106 5
107 5
108 5
109 5
110 5
111 5
112 5
113 5
114 5
115 5
116 5
117 5
118 5
119 5
120 6
121 6
122 6
123 6
124 6
125 6
126 6
127 6
128 6
129 6
130 6
131 6
132 6
133 6
134 6
135 6
136 6
137 6
138 6
139 6
140 7
141 7
142 7
143 7
144 7
145 7
146 7
147 7
148 7
149 7
150 7
151 7
152 7
153 7
154 7
155 7
156 7
157 7
158 7
159 7
160 8
161 8
162 8
163 8
164 8
165 8
166 8
167 8
168 8
169 8
170 8
171 8
172 8
173 8
174 8
175 8
176 8
177 8
178 8
179 8
180 9
181 9
182 9
183 9
184 9
185 9
186 9
187 9
188 9
189 9
190 9
191 9
192 9
193 9
194 9
195 9
196 9
197 9
198 9
199 9
200 10
201 10
202 10
203 10
204 10
205 10
206 10
207 10
208 10
209 10
210 10
211 10
212 10
213 10
214 10
215 10
216 10
217 10
218 10
219 10
220 11
221 11
222 11
223 11
224 11
225 11
226 11
227 11
228 11
229 11
230 11
231 11
232 11
233 11
234 11
235 11
236 11
237 11
238 11
239 11
240 12
241 12
242 12
243 12
244 12
245 12
246 12
247 12
248 12
249 12
250 12
251 12
252 12
253 12
254 12
255 12
256 12
257 12
258 12
259 12
260 13
261 13
262 13
263 13
264 13
265 13
266 13
267 13
268 13
269 13
270 13
271 13
272 13
273 13
274 13
275 13
276 13
277 13
278 13
279 13
280 14
281 14
282 14
283 14
284 14
285 14
286 14
287 14
288 14
289 14
290 14
291 14
292 14
293 14
294 14
295 14
296 14
297 14
298 14
299 14
300 15
301 15
302 15
303 15
304 15
305 15
306 15
307 15
308 15
309 15
310 15
311 15
312 15
313 15
314 15
315 15
316 15
317 15
318 15
319 15

4 1 0 0
4 2 0 0
4 0 0 0
4 3 0 0
5 0 0 0
5 1 0 0
5 4 0 0
5 3 0 0
6 5 0 0
6 0 0 0
6 1 0 0
6 4 0 0
7 6 0 0
7 2 0 0
7 5 0 0
7 4 0 0
8 4 0 0
8 1 0 0
8 3 0 0
8 2 0 0
9 6 0 0
9 1 0 0
9 3 0 0
9 0 0 0
10 3 0 0
10 2 0 0
10 4 0 0
10 7 0 0
11 6 0 0
11 10 0 0
11 8 0 0
11 0 0 0
12 10 0 0
12 5 0 0
12 3 0 0
12 1 0 0
13 5 0 0
13 11 0 0
13 2 0 0
13 6 0 0
14 2 0 0
14 9 0 0
14 11 0 0
14 12 0 0
15 4 0 0
15 10 0 0
15 13 0 0
15 0 0 0
16 15 0 0
16 2 0 0
16 4 0 0
16 13 0 0
17 6 0 0
17 12 0 0
17 5 0 0
17 9 0 0
18 6 0 0
18 11 0 0
18 13 0 0
18 5 0 0
19 5 0 0
19 13 0 0
19 14 0 0
19 2 0 0
0 18 0 0
0 12 0 0
0 13 0 0
0 17 0 0
1 17 0 0
1 19 0 0
1 14 0 0
1 13 0 0
2 11 0 0
2 9 0 0
2 15 0 0
2 12 0 0
3 7 0 0
3 13 0 0
3 19 0 0
3 14 0 0
24 23 1 1
24 20 1 1
24 22 1 1
24 21 1 1
25 23 1 1
25 20 1 1
25 24 1 1
25 22 1 1
26 23 1 1
26 22 1 1
26 24 1 1
26 20 1 1
27 26 1 1
27 24 1 1
27 22 1 1
27 20 1 1
28 25 1 1
28 24 1 1
28 26 1 1
28 21 1 1
29 22 1 1
29 26 1 1
29 20 1 1
29 21 1 1
30 27 1 1
30 23 1 1
30 28 1 1
30 22 1 1
31 27 1 1
31 25 1 1
31 21 1 1
31 30 1 1
32 26 1 1
32 23 1 1
32 22 1 1
32 21 1 1
33 21 1 1
33 24 1 1
33 23 1 1
33 25 1 1
34 30 1 1
34 29 1 1
34 33 1 1
34 26 1 1
35 24 1 1
35 34 1 1
35 29 1 1
35 23 1 1
36 28 1 1
36 27 1 1
36 33 1 1
36 25 1 1
37 23 1 1
37 33 1 1
37 27 1 1
37 28 1 1
38 27 1 1
38 35 1 1
38 22 1 1
38 37 1 1
39 37 1 1
39 32 1 1
39 21 1 1
39 31 1 1
20 39 1 1
20 30 1 1
20 34 1 1
20 37 1 1
21 36 1 1
21 35 1 1
21 34 1 1
21 37 1 1
22 28 1 1
22 35 1 1
22 34 1 1
22 33 1 1
23 31 1 1
23 27 1 1
23 29 1 1
23 38 1 1
44 43 2 2
44 41 2 2
44 42 2 2
44 40 2 2
45 44 2 2
45 43 2 2
45 42 2 2
45 41 2 2
46 40 2 2
46 42 2 2
46 41 2 2
46 43 2 2
47 42 2 2
47 40 2 2
47 45 2 2
47 46 2 2
48 44 2 2
48 43 2 2
48 45 2 2
48 40 2 2
49 45 2 2
49 46 2 2
49 42 2 2
49 47 2 2
50 42 2 2
50 45 2 2
50 48 2 2
50 49 2 2
51 47 2 2
51 49 2 2
51 42 2 2
51 46 2 2
52 44 2 2
52 43 2 2
52 50 2 2
52 45 2 2
53 47 2 2
53 46 2 2
53 50 2 2
53 49 2 2
54 46 2 2
54 45 2 2
54 50 2 2
54 41 2 2
55 54 2 2
55 52 2 2
55 48 2 2
55 41 2 2
56 43 2 2
56 45 2 2
56 55 2 2
56 47 2 2
57 40 2 2
57 45 2 2
57 42 2 2
57 49 2 2
58 47 2 2
58 51 2 2
58 44 2 2
58 46 2 2
59 40 2 2
59 42 2 2
59 52 2 2
59 51 2 2
40 49 2 2
40 51 2 2
40 53 2 2
40 58 2 2
41 56 2 2
41 48 2 2
41 59 2 2
41 49 2 2
42 48 2 2
42 54 2 2
42 58 2 2
42 53 2 2
43 54 2 2
43 57 2 2
43 49 2 2
43 59 2 2
64 60 3 3
64 62 3 3
64 63 3 3
64 61 3 3
65 63 3 3
65 64 3 3
65 62 3 3
65 61 3 3
66 65 3 3
66 61 3 3
66 62 3 3
66 60 3 3
67 61 3 3
67 60 3 3
67 63 3 3
67 65 3 3
68 66 3 3
68 60 3 3
68 64 3 3
68 63 3 3
69 67 3 3
69 66 3 3
69 63 3 3
69 62 3 3
70 69 3 3
70 68 3 3
70 66 3 3
70 62 3 3
71 70 3 3
71 65 3 3
71 69 3 3
71 66 3 3
72 66 3 3
72 69 3 3
72 71 3 3
72 62 3 3
73 63 3 3
73 64 3 3
73 72 3 3
73 68 3 3
74 67 3 3
74 65 3 3
74 60 3 3
74 69 3 3
75 74 3 3
75 64 3 3
75 63 3 3
75 67 3 3
76 66 3 3
76 68 3 3
76 70 3 3
76 67 3 3
77 70 3 3
77 60 3 3
77 75 3 3
77 67 3 3
78 62 3 3
78 71 3 3
78 63 3 3
78 75 3 3
79 70 3 3
79 61 3 3
79 65 3 3
79 66 3 3
60 78 3 3
60 76 3 3
60 75 3 3
60 70 3 3
61 74 3 3
61 71 3 3
61 68 3 3
61 75 3 3
62 74 3 3
62 79 3 3
62 73 3 3
62 71 3 3
63 71 3 3
63 77 3 3
63 72 3 3
63 79 3 3
84 81 4 4
84 80 4 4
84 82 4 4
84 83 4 4
85 81 4 4
85 83 4 4
85 80 4 4
85 82 4 4
86 80 4 4
86 84 4 4
86 83 4 4
86 82 4 4
87 85 4 4
87 81 4 4
87 83 4 4
87 82 4 4
88 81 4 4
88 87 4 4
88 80 4 4
88 83 4 4
89 82 4 4
89 80 4 4
89 88 4 4
89 81 4 4
90 84 4 4
90 86 4 4
90 82 4 4
90 80 4 4
91 88 4 4
91 85 4 4
91 86 4 4
91 80 4 4
92 88 4 4
92 84 4 4
92 87 4 4
92 81 4 4
93 89 4 4
93 81 4 4
93 88 4 4
93 83 4 4
94 92 4 4
94 85 4 4
94 82 4 4
94 87 4 4
95 80 4 4
95 84 4 4
95 85 4 4
95 92 4 4
96 86 4 4
96 80 4 4
96 87 4 4
96 88 4 4
97 90 4 4
97 91 4 4
97 93 4 4
97 89 4 4
98 85 4 4
98 97 4 4
98 91 4 4
98 88 4 4
99 92 4 4
99 82 4 4
99 94 4 4
99 95 4 4
80 92 4 4
80 93 4 4
80 94 4 4
80 97 4 4
81 97 4 4
81 94 4 4
81 99 4 4
81 95 4 4
82 92 4 4
82 96 4 4
82 91 4 4
82 98 4 4
83 97 4 4
83 89 4 4
83 96 4 4
83 91 4 4
104 100 5 5
104 102 5 5
104 101 5 5
104 103 5 5
105 104 5 5
105 102 5 5
105 100 5 5
105 101 5 5
106 100 5 5
106 105 5 5
106 101 5 5
106 103 5 5
107 100 5 5
107 105 5 5
107 101 5 5
107 106 5 5
108 105 5 5
108 107 5 5
108 103 5 5
108 106 5 5
109 101 5 5
109 105 5 5
109 106 5 5
109 100 5 5
110 104 5 5
110 102 5 5
110 101 5 5
110 106 5 5
111 110 5 5
111 105 5 5
111 107 5 5
111 108 5 5
112 111 5 5
112 110 5 5
112 104 5 5
112 108 5 5
113 111 5 5
113 112 5 5
113 106 5 5
113 109 5 5
114 103 5 5
114 100 5 5
114 108 5 5
114 109 5 5
115 107 5 5
115 101 5 5
115 113 5 5
115 114 5 5
116 109 5 5
116 103 5 5
116 100 5 5
116 101 5 5
117 107 5 5
117 108 5 5
117 110 5 5
117 105 5 5
118 101 5 5
118 106 5 5
118 113 5 5
118 117 5 5
119 110 5 5
119 107 5 5
119 116 5 5
119 111 5 5
100 113 5 5
100 118 5 5
100 111 5 5
100 117 5 5
101 108 5 5
101 114 5 5
101 113 5 5
101 111 5 5
102 108 5 5
102 119 5 5
102 117 5 5
102 114 5 5
103 110 5 5
103 112 5 5
103 107 5 5
103 109 5 5
124 121 6 6
124 120 6 6
124 123 6 6
124 122 6 6
125 120 6 6
125 122 6 6
125 121 6 6
125 124 6 6
126 120 6 6
126 125 6 6
126 123 6 6
126 122 6 6
127 126 6 6
127 121 6 6
127 124 6 6
127 122 6 6
128 123 6 6
128 122 6 6
128 125 6 6
128 124 6 6
129 125 6 6
129 124 6 6
129 128 6 6
129 120 6 6
130 127 6 6
130 124 6 6
130 121 6 6
130 126 6 6
131 125 6 6
131 120 6 6
131 123 6 6
131 129 6 6
132 124 6 6
132 122 6 6
132 128 6 6
132 131 6 6
133 129 6 6
133 125 6 6
133 131 6 6
133 128 6 6
134 123 6 6
134 121 6 6
134 128 6 6
134 131 6 6
135 131 6 6
135 120 6 6
135 129 6 6
135 125 6 6
136 124 6 6
136 131 6 6
136 132 6 6
136 133 6 6
137 123 6 6
137 122 6 6
137 129 6 6
137 128 6 6
138 135 6 6
138 120 6 6
138 132 6 6
138 126 6 6
139 137 6 6
139 138 6 6
139 131 6 6
139 122 6 6
120 139 6 6
120 137 6 6
120 132 6 6
120 133 6 6
121 132 6 6
121 136 6 6
121 128 6 6
121 131 6 6
122 134 6 6
122 133 6 6
122 136 6 6
122 138 6 6
123 127 6 6
123 138 6 6
123 132 6 6
123 133 6 6
144 140 7 7
144 142 7 7
144 141 7 7
144 143 7 7
145 142 7 7
145 140 7 7
145 141 7 7
145 144 7 7
146 142 7 7
146 140 7 7
146 145 7 7
146 141 7 7
147 144 7 7
147 140 7 7
147 146 7 7
147 143 7 7
148 140 7 7
148 146 7 7
148 142 7 7
148 145 7 7
149 148 7 7
149 144 7 7
149 147 7 7
149 145 7 7
150 142 7 7
150 148 7 7
150 146 7 7
150 147 7 7
151 140 7 7
151 144 7 7
151 145 7 7
151 148 7 7
152 149 7 7
152 144 7 7
152 140 7 7
152 141 7 7
153 144 7 7
153 140 7 7
153 149 7 7
153 152 7 7
154 151 7 7
154 141 7 7
154 144 7 7
154 143 7 7
155 146 7 7
155 147 7 7
155 141 7 7
155 143 7 7
156 140 7 7
156 149 7 7
156 144 7 7
156 154 7 7
157 152 7 7
157 149 7 7
157 156 7 7
157 151 7 7
158 144 7 7
158 140 7 7
158 155 7 7
158 145 7 7
159 144 7 7
159 155 7 7
159 149 7 7
159 158 7 7
140 157 7 7
140 159 7 7
140 155 7 7
140 149 7 7
141 148 7 7
141 147 7 7
141 151 7 7
141 157 7 7
142 153 7 7
142 152 7 7
142 155 7 7
142 158 7 7
143 156 7 7
143 159 7 7
143 151 7 7
143 153 7 7
164 163 8 8
164 161 8 8
164 160 8 8
164 162 8 8
165 161 8 8
165 163 8 8
165 164 8 8
165 162 8 8
166 163 8 8
166 161 8 8
166 162 8 8
166 160 8 8
167 162 8 8
167 163 8 8
167 166 8 8
167 160 8 8
168 166 8 8
168 162 8 8
168 164 8 8
168 163 8 8
169 167 8 8
169 160 8 8
169 164 8 8
169 166 8 8
170 168 8 8
170 164 8 8
170 167 8 8
170 160 8 8
171 161 8 8
171 162 8 8
171 167 8 8
171 170 8 8
172 163 8 8
172 169 8 8
172 164 8 8
172 162 8 8
173 165 8 8
173 170 8 8
173 171 8 8
173 164 8 8
174 168 8 8
174 161 8 8
174 169 8 8
174 172 8 8
175 164 8 8
175 161 8 8
175 174 8 8
175 173 8 8
176 166 8 8
176 172 8 8
176 163 8 8
176 173 8 8
177 173 8 8
177 175 8 8
177 164 8 8
177 167 8 8
178 169 8 8
178 177 8 8
178 168 8 8
178 176 8 8
179 167 8 8
179 178 8 8
179 160 8 8
179 162 8 8
160 165 8 8
160 171 8 8
160 172 8 8
160 168 8 8
161 178 8 8
161 172 8 8
161 169 8 8
161 177 8 8
162 175 8 8
162 174 8 8
162 178 8 8
162 170 8 8
163 178 8 8
163 170 8 8
163 169 8 8
163 179 8 8
184 180 9 9
184 183 9 9
184 181 9 9
184 182 9 9
185 181 9 9
185 182 9 9
185 184 9 9
185 180 9 9
186 180 9 9
186 185 9 9
186 182 9 9
186 183 9 9
187 183 9 9
187 185 9 9
187 186 9 9
187 180 9 9
188 185 9 9
188 187 9 9
188 184 9 9
188 182 9 9
189 188 9 9
189 185 9 9
189 183 9 9
189 180 9 9
190 181 9 9
190 184 9 9
190 189 9 9
190 186 9 9
191 183 9 9
191 182 9 9
191 185 9 9
191 187 9 9
192 182 9 9
192 180 9 9
192 181 9 9
192 189 9 9
193 181 9 9
193 190 9 9
193 185 9 9
193 184 9 9
194 186 9 9
194 187 9 9
194 192 9 9
194 183 9 9
195 188 9 9
195 187 9 9
195 189 9 9
195 186 9 9
196 192 9 9
196 183 9 9
196 187 9 9
196 186 9 9
197 184 9 9
197 194 9 9
197 195 9 9
197 192 9 9
198 182 9 9
198 193 9 9
198 194 9 9
198 197 9 9
199 198 9 9
199 190 9 9
199 181 9 9
199 187 9 9
180 196 9 9
180 194 9 9
180 191 9 9
180 193 9 9
181 198 9 9
181 194 9 9
181 188 9 9
181 197 9 9
182 189 9 9
182 187 9 9
182 190 9 9
182 197 9 9
183 198 9 9
183 193 9 9
183 192 9 9
183 188 9 9
204 201 10 10
204 203 10 10
204 202 10 10
204 200 10 10
205 204 10 10
205 202 10 10
205 201 10 10
205 203 10 10
206 203 10 10
206 204 10 10
206 201 10 10
206 202 10 10
207 203 10 10
207 205 10 10
207 204 10 10
207 202 10 10
208 203 10 10
208 206 10 10
208 201 10 10
208 205 10 10
209 208 10 10
209 204 10 10
209 201 10 10
209 206 10 10
210 207 10 10
210 201 10 10
210 203 10 10
210 202 10 10
211 208 10 10
211 210 10 10
211 203 10 10
211 205 10 10
212 209 10 10
212 207 10 10
212 206 10 10
212 208 10 10
213 206 10 10
213 208 10 10
213 203 10 10
213 205 10 10
214 208 10 10
214 207 10 10
214 212 10 10
214 205 10 10
215 213 10 10
215 207 10 10
215 212 10 10
215 206 10 10
216 202 10 10
216 211 10 10
216 213 10 10
216 201 10 10
217 201 10 10
217 211 10 10
217 200 10 10
217 204 10 10
218 208 10 10
218 201 10 10
218 203 10 10
218 213 10 10
219 214 10 10
219 208 10 10
219 212 10 10
219 215 10 10
200 205 10 10
200 206 10 10
200 208 10 10
200 213 10 10
201 207 10 10
201 213 10 10
201 214 10 10
201 211 10 10
202 217 10 10
202 215 10 10
202 219 10 10
202 209 10 10
203 219 10 10
203 215 10 10
203 216 10 10
203 217 10 10
224 223 11 11
224 220 11 11
224 222 11 11
224 221 11 11
225 224 11 11
225 223 11 11
225 221 11 11
225 222 11 11
226 223 11 11
226 222 11 11
226 225 11 11
226 220 11 11
227 223 11 11
227 222 11 11
227 225 11 11
227 224 11 11
228 223 11 11
228 225 11 11
228 227 11 11
228 226 11 11
229 227 11 11
229 220 11 11
229 223 11 11
229 228 11 11
230 227 11 11
230 228 11 11
230 224 11 11
230 223 11 11
231 226 11 11
231 222 11 11
231 227 11 11
231 223 11 11
232 226 11 11
232 227 11 11
232 223 11 11
232 222 11 11
233 223 11 11
233 227 11 11
233 229 11 11
233 222 11 11
234 232 11 11
234 224 11 11
234 220 11 11
234 228 11 11
235 224 11 11
235 223 11 11
235 234 11 11
235 220 11 11
236 227 11 11
236 221 11 11
236 231 11 11
236 228 11 11
237 233 11 11
237 231 11 11
237 226 11 11
237 223 11 11
238 222 11 11
238 233 11 11
238 229 11 11
238 237 11 11
239 232 11 11
239 231 11 11
239 226 11 11
239 237 11 11
220 231 11 11
220 230 11 11
220 228 11 11
220 233 11 11
221 231 11 11
221 228 11 11
221 234 11 11
221 230 11 11
222 229 11 11
222 236 11 11
222 237 11 11
222 234 11 11
223 239 11 11
223 234 11 11
223 236 11 11
223 238 11 11
244 241 12 12
244 243 12 12
244 242 12 12
244 240 12 12
245 240 12 12
245 243 12 12
245 242 12 12
245 244 12 12
246 243 12 12
246 242 12 12
246 244 12 12
246 245 12 12
247 243 12 12
247 240 12 12
247 241 12 12
247 242 12 12
248 246 12 12
248 243 12 12
248 242 12 12
248 244 12 12
249 242 12 12
249 243 12 12
249 248 12 12
249 244 12 12
250 242 12 12
250 247 12 12
250 246 12 12
250 245 12 12
251 242 12 12
251 248 12 12
251 250 12 12
251 246 12 12
252 246 12 12
252 251 12 12
252 242 12 12
252 241 12 12
253 247 12 12
253 250 12 12
253 240 12 12
253 251 12 12
254 242 12 12
254 247 12 12
254 243 12 12
254 248 12 12
255 249 12 12
255 248 12 12
255 247 12 12
255 253 12 12
256 248 12 12
256 246 12 12
256 253 12 12
256 244 12 12
257 251 12 12
257 256 12 12
257 253 12 12
257 245 12 12
258 253 12 12
258 248 12 12
258 255 12 12
258 249 12 12
259 253 12 12
259 252 12 12
259 258 12 12
259 255 12 12
240 246 12 12
240 248 12 12
240 254 12 12
240 257 12 12
241 255 12 12
241 248 12 12
241 250 12 12
241 256 12 12
242 257 12 12
242 253 12 12
242 259 12 12
242 256 12 12
243 255 12 12
243 256 12 12
243 251 12 12
243 259 12 12
264 261 13 13
264 263 13 13
264 262 13 13
264 260 13 13
265 260 13 13
265 264 13 13
265 263 13 13
265 261 13 13
266 260 13 13
266 265 13 13
266 264 13 13
266 263 13 13
267 260 13 13
267 263 13 13
267 266 13 13
267 265 13 13
268 267 13 13
268 266 13 13
268 260 13 13
268 262 13 13
269 263 13 13
269 267 13 13
269 261 13 13
269 265 13 13
270 261 13 13
270 267 13 13
270 260 13 13
270 264 13 13
271 264 13 13
271 265 13 13
271 263 13 13
271 260 13 13
272 270 13 13
272 262 13 13
272 271 13 13
272 267 13 13
273 263 13 13
273 264 13 13
273 262 13 13
273 261 13 13
274 268 13 13
274 272 13 13
274 270 13 13
274 266 13 13
275 271 13 13
275 264 13 13
275 270 13 13
275 261 13 13
276 265 13 13
276 269 13 13
276 272 13 13
276 264 13 13
277 274 13 13
277 261 13 13
277 273 13 13
277 275 13 13
278 262 13 13
278 272 13 13
278 273 13 13
278 269 13 13
279 267 13 13
279 262 13 13
279 271 13 13
279 270 13 13
260 275 13 13
260 279 13 13
260 272 13 13
260 277 13 13
261 279 13 13
261 278 13 13
261 271 13 13
261 276 13 13
262 269 13 13
262 277 13 13
262 274 13 13
262 265 13 13
263 272 13 13
263 270 13 13
263 274 13 13
263 278 13 13
284 283 14 14
284 282 14 14
284 280 14 14
284 281 14 14
285 284 14 14
285 280 14 14
285 282 14 14
285 281 14 14
286 280 14 14
286 284 14 14
286 285 14 14
286 281 14 14
287 280 14 14
287 284 14 14
287 282 14 14
287 283 14 14
288 286 14 14
288 285 14 14
288 280 14 14
288 284 14 14
289 285 14 14
289 280 14 14
289 282 14 14
289 288 14 14
290 289 14 14
290 285 14 14
290 288 14 14
290 281 14 14
291 289 14 14
291 288 14 14
291 286 14 14
291 283 14 14
292 281 14 14
292 283 14 14
292 285 14 14
292 280 14 14
293 283 14 14
293 292 14 14
293 284 14 14
293 281 14 14
294 286 14 14
294 292 14 14
294 288 14 14
294 282 14 14
295 284 14 14
295 292 14 14
295 293 14 14
295 288 14 14
296 286 14 14
296 281 14 14
296 284 14 14
296 288 14 14
297 288 14 14
297 295 14 14
297 289 14 14
297 284 14 14
298 288 14 14
298 285 14 14
298 290 14 14
298 291 14 14
299 295 14 14
299 284 14 14
299 281 14 14
299 282 14 14
280 294 14 14
280 290 14 14
280 296 14 14
280 291 14 14
281 291 14 14
281 294 14 14
281 289 14 14
281 288 14 14
282 297 14 14
282 291 14 14
282 286 14 14
282 292 14 14
283 294 14 14
283 295 14 14
283 288 14 14
283 286 14 14
304 303 15 15
304 302 15 15
304 301 15 15
304 300 15 15
305 304 15 15
305 301 15 15
305 302 15 15
305 303 15 15
306 304 15 15
306 303 15 15
306 301 15 15
306 302 15 15
307 302 15 15
307 305 15 15
307 306 15 15
307 300 15 15
308 301 15 15
308 304 15 15
308 302 15 15
308 306 15 15
309 304 15 15
309 308 15 15
309 302 15 15
309 306 15 15
310 309 15 15
310 301 15 15
310 300 15 15
310 303 15 15
311 302 15 15
311 303 15 15
311 301 15 15
311 306 15 15
312 302 15 15
312 300 15 15
312 311 15 15
312 303 15 15
313 301 15 15
313 306 15 15
313 310 15 15
313 308 15 15
314 311 15 15
314 312 15 15
314 303 15 15
314 306 15 15
315 305 15 15
315 303 15 15
315 302 15 15
315 314 15 15
316 309 15 15
316 303 15 15
316 300 15 15
316 312 15 15
317 306 15 15
317 303 15 15
317 307 15 15
317 311 15 15
318 316 15 15
318 306 15 15
318 305 15 15
318 308 15 15
319 317 15 15
319 309 15 15
319 313 15 15
319 303 15 15
300 308 15 15
300 306 15 15
300 313 15 15
300 319 15 15
301 319 15 15
301 315 15 15
301 309 15 15
301 316 15 15
302 318 15 15
302 319 15 15
302 316 15 15
302 313 15 15
303 308 15 15
303 307 15 15
303 309 15 15
303 313 15 15
96 57 4 2
86 10 4 0
94 60 4 3
83 24 4 1
104 72 5 3
118 97 5 4
110 9 5 0
100 55 5 2
132 90 6 4
120 77 6 3
120 114 6 5
122 47 6 2
153 136 7 6
142 0 7 0
143 65 7 3
145 41 7 2
162 14 8 0
164 122 8 6
176 95 8 4
163 157 8 7
194 30 9 1
189 65 9 3
192 120 9 6
196 168 9 8
206 175 10 8
214 181 10 9
208 7 10 0
214 154 10 7
221 51 11 2
237 94 11 4
233 133 11 6
226 113 11 5
257 35 12 1
242 46 12 2
257 7 12 0
250 218 12 10
260 156 13 7
264 198 13 9
278 166 13 8
262 17 13 0
285 63 14 3
287 124 14 6
294 214 14 10
299 46 14 2
310 180 15 9
318 27 15 1
318 147 15 7
316 215 15 10
18 301 0 15
16 197 0 9
4 139 0 6
10 289 0 14
31 167 1 8
34 155 1 7
28 205 1 10
24 123 1 6
46 202 2 10
57 161 2 8
40 198 2 9
58 317 2 15
60 215 3 10
60 223 3 11
77 271 3 13
70 160 3 8
