swNum = 320
edgeNum = 1343

0 0
1 0
2 0
3 0
4 0
5 0
6 0
7 0
8 0
9 0
10 0
11 0
12 0
13 0
14 0
15 0
16 0
17 0
18 0
19 0
20 1
21 1
22 1
23 1
24 1
25 1
26 1
27 1
28 1
29 1
30 1
31 1
32 1
33 1
34 1
35 1
36 1
37 1
38 1
39 1
40 2
41 2
42 2
43 2
44 2
45 2
46 2
47 2
48 2
49 2
50 2
51 2
52 2
53 2
54 2
55 2
56 2
57 2
58 2
59 2
60 3
61 3
62 3
63 3
64 3
65 3
66 3
67 3
68 3
69 3
70 3
71 3
72 3
73 3
74 3
75 3
76 3
77 3
78 3
79 3
80 4
81 4
82 4
83 4
84 4
85 4
86 4
87 4
88 4
89 4
90 4
91 4
92 4
93 4
94 4
95 4
96 4
97 4
98 4
99 4
100 5
101 5
102 5
103 5
104 5
105 5
106 5
107 5
108 5
109 5
110 5
111 5
112 5
113 5
114 5
115 5
116 5
117 5
118 5
119 5
120 6
121 6
122 6
123 6
124 6
125 6
126 6
127 6
128 6
129 6
130 6
131 6
132 6
133 6
134 6
135 6
136 6
137 6
138 6
139 6
140 7
141 7
142 7
143 7
144 7
145 7
146 7
147 7
148 7
149 7
150 7
151 7
152 7
153 7
154 7
155 7
156 7
157 7
158 7
159 7
160 8
161 8
162 8
163 8
164 8
165 8
166 8
167 8
168 8
169 8
170 8
171 8
172 8
173 8
174 8
175 8
176 8
177 8
178 8
179 8
180 9
181 9
182 9
183 9
184 9
185 9
186 9
187 9
188 9
189 9
190 9
191 9
192 9
193 9
194 9
195 9
196 9
197 9
198 9
199 9
200 10
201 10
202 10
203 10
204 10
205 10
206 10
207 10
208 10
209 10
210 10
211 10
212 10
213 10
214 10
215 10
216 10
217 10
218 10
219 10
220 11
221 11
222 11
223 11
224 11
225 11
226 11
227 11
228 11
229 11
230 11
231 11
232 11
233 11
234 11
235 11
236 11
237 11
238 11
239 11
240 12
241 12
242 12
243 12
244 12
245 12
246 12
247 12
248 12
249 12
250 12
251 12
252 12
253 12
254 12
255 12
256 12
257 12
258 12
259 12
260 13
261 13
262 13
263 13
264 13
265 13
266 13
267 13
268 13
269 13
270 13
271 13
272 13
273 13
274 13
275 13
276 13
277 13
278 13
279 13
280 14
281 14
282 14
283 14
284 14
285 14
286 14
287 14
288 14
289 14
290 14
291 14
292 14
293 14
294 14
295 14
296 14
297 14
298 14
299 14
300 15
301 15
302 15
303 15
304 15
305 15
306 15
307 15
308 15
309 15
310 15
311 15
312 15
313 15
314 15
315 15
316 15
317 15
318 15
319 15

4 3 0 0
4 1 0 0
4 0 0 0
4 2 0 0
5 0 0 0
5 2 0 0
5 4 0 0
5 1 0 0
6 4 0 0
6 1 0 0
6 0 0 0
6 3 0 0
7 1 0 0
7 6 0 0
7 0 0 0
7 4 0 0
8 5 0 0
8 6 0 0
8 2 0 0
8 7 0 0
9 7 0 0
9 0 0 0
9 8 0 0
9 5 0 0
10 2 0 0
10 9 0 0
10 1 0 0
10 0 0 0
11 0 0 0
11 1 0 0
11 2 0 0
11 5 0 0
12 2 0 0
12 5 0 0
12 1 0 0
12 9 0 0
13 6 0 0
13 8 0 0
13 4 0 0
13 12 0 0
14 4 0 0
14 13 0 0
14 8 0 0
14 0 0 0
15 12 0 0
15 13 0 0
15 3 0 0
15 2 0 0
16 10 0 0
16 13 0 0
16 9 0 0
16 6 0 0
17 6 0 0
17 1 0 0
17 4 0 0
17 10 0 0
18 2 0 0
18 0 0 0
18 11 0 0
18 12 0 0
19 8 0 0
19 13 0 0
19 0 0 0
19 2 0 0
0 12 0 0
0 16 0 0
0 13 0 0
0 8 0 0
1 16 0 0
1 15 0 0
1 14 0 0
1 13 0 0
2 9 0 0
2 14 0 0
2 7 0 0
2 6 0 0
3 13 0 0
3 12 0 0
3 7 0 0
3 14 0 0
24 22 1 1
24 23 1 1
24 21 1 1
24 20 1 1
25 23 1 1
25 22 1 1
25 21 1 1
25 20 1 1
26 25 1 1
26 20 1 1
26 21 1 1
26 23 1 1
27 24 1 1
27 22 1 1
27 23 1 1
27 26 1 1
28 25 1 1
28 23 1 1
28 20 1 1
28 21 1 1
29 23 1 1
29 25 1 1
29 26 1 1
29 27 1 1
30 26 1 1
30 24 1 1
30 23 1 1
30 20 1 1
31 28 1 1
31 20 1 1
31 23 1 1
31 26 1 1
32 24 1 1
32 23 1 1
32 30 1 1
32 26 1 1
33 24 1 1
33 23 1 1
33 20 1 1
33 31 1 1
34 25 1 1
34 24 1 1
34 32 1 1
34 20 1 1
35 32 1 1
35 27 1 1
35 26 1 1
35 25 1 1
36 33 1 1
36 27 1 1
36 34 1 1
36 21 1 1
37 24 1 1
37 28 1 1
37 34 1 1
37 30 1 1
38 21 1 1
38 35 1 1
38 27 1 1
38 30 1 1
39 21 1 1
39 22 1 1
39 34 1 1
39 23 1 1
20 37 1 1
20 29 1 1
20 32 1 1
20 36 1 1
21 37 1 1
21 33 1 1
21 34 1 1
21 31 1 1
22 34 1 1
22 36 1 1
22 29 1 1
22 35 1 1
23 36 1 1
23 38 1 1
23 37 1 1
23 34 1 1
44 41 2 2
44 40 2 2
44 43 2 2
44 42 2 2
45 42 2 2
45 40 2 2
45 44 2 2
45 43 2 2
46 41 2 2
46 44 2 2
46 45 2 2
46 43 2 2
47 42 2 2
47 40 2 2
47 43 2 2
47 46 2 2
48 40 2 2
48 47 2 2
48 42 2 2
48 46 2 2
49 41 2 2
49 46 2 2
49 40 2 2
49 48 2 2
50 41 2 2
50 44 2 2
50 48 2 2
50 43 2 2
51 48 2 2
51 41 2 2
51 42 2 2
51 45 2 2
52 49 2 2
52 46 2 2
52 44 2 2
52 47 2 2
53 52 2 2
53 44 2 2
53 46 2 2
53 41 2 2
54 51 2 2
54 43 2 2
54 47 2 2
54 44 2 2
55 48 2 2
55 40 2 2
55 41 2 2
55 45 2 2
56 43 2 2
56 45 2 2
56 47 2 2
56 50 2 2
57 42 2 2
57 49 2 2
57 47 2 2
57 48 2 2
58 52 2 2
58 45 2 2
58 48 2 2
58 46 2 2
59 52 2 2
59 58 2 2
59 49 2 2
59 48 2 2
40 46 2 2
40 59 2 2
40 53 2 2
40 51 2 2
41 58 2 2
41 54 2 2
41 48 2 2
41 47 2 2
42 54 2 2
42 50 2 2
42 52 2 2
42 56 2 2
43 51 2 2
43 55 2 2
43 48 2 2
43 57 2 2
64 63 3 3
64 60 3 3
64 62 3 3
64 61 3 3
65 60 3 3
65 64 3 3
65 62 3 3
65 63 3 3
66 61 3 3
66 62 3 3
66 63 3 3
66 60 3 3
67 62 3 3
67 66 3 3
67 61 3 3
67 63 3 3
68 62 3 3
68 67 3 3
68 61 3 3
68 66 3 3
69 68 3 3
69 66 3 3
69 61 3 3
69 65 3 3
70 60 3 3
70 64 3 3
70 65 3 3
70 68 3 3
71 66 3 3
71 61 3 3
71 60 3 3
71 67 3 3
72 68 3 3
72 66 3 3
72 64 3 3
72 60 3 3
73 65 3 3
73 60 3 3
73 70 3 3
73 64 3 3
74 73 3 3
74 71 3 3
74 72 3 3
74 66 3 3
75 61 3 3
75 65 3 3
75 60 3 3
75 70 3 3
76 74 3 3
76 73 3 3
76 64 3 3
76 61 3 3
77 68 3 3
77 62 3 3
77 61 3 3
77 67 3 3
78 62 3 3
78 61 3 3
78 71 3 3
78 69 3 3
79 77 3 3
79 62 3 3
79 68 3 3
79 78 3 3
60 74 3 3
60 79 3 3
60 76 3 3
60 77 3 3
61 73 3 3
61 74 3 3
61 72 3 3
61 79 3 3
62 74 3 3
62 71 3 3
62 69 3 3
62 75 3 3
63 77 3 3
63 75 3 3
63 70 3 3
63 71 3 3
84 80 4 4
84 81 4 4
84 82 4 4
84 83 4 4
85 80 4 4
85 83 4 4
85 82 4 4
85 84 4 4
86 85 4 4
86 83 4 4
86 81 4 4
86 82 4 4
87 85 4 4
87 84 4 4
87 81 4 4
87 86 4 4
88 87 4 4
88 81 4 4
88 83 4 4
88 84 4 4
89 86 4 4
89 87 4 4
89 84 4 4
89 81 4 4
90 84 4 4
90 82 4 4
90 81 4 4
90 86 4 4
91 89 4 4
91 90 4 4
91 87 4 4
91 80 4 4
92 84 4 4
92 83 4 4
92 82 4 4
92 80 4 4
93 85 4 4
93 92 4 4
93 91 4 4
93 90 4 4
94 92 4 4
94 88 4 4
94 87 4 4
94 86 4 4
95 83 4 4
95 90 4 4
95 93 4 4
95 85 4 4
96 86 4 4
96 85 4 4
96 90 4 4
96 80 4 4
97 82 4 4
97 85 4 4
97 92 4 4
97 84 4 4
98 85 4 4
98 86 4 4
98 87 4 4
98 83 4 4
99 87 4 4
99 91 4 4
99 89 4 4
99 98 4 4
80 89 4 4
80 90 4 4
80 97 4 4
80 98 4 4
81 92 4 4
81 96 4 4
81 91 4 4
81 97 4 4
82 96 4 4
82 91 4 4
82 88 4 4
82 93 4 4
83 96 4 4
83 87 4 4
83 90 4 4
83 99 4 4
104 100 5 5
104 103 5 5
104 101 5 5
104 102 5 5
105 100 5 5
105 104 5 5
105 103 5 5
105 101 5 5
106 101 5 5
106 105 5 5
106 104 5 5
106 102 5 5
107 106 5 5
107 103 5 5
107 100 5 5
107 101 5 5
108 107 5 5
108 103 5 5
108 100 5 5
108 101 5 5
109 108 5 5
109 103 5 5
109 104 5 5
109 101 5 5
110 103 5 5
110 109 5 5
110 107 5 5
110 102 5 5
111 102 5 5
111 106 5 5
111 110 5 5
111 101 5 5
112 105 5 5
112 103 5 5
112 108 5 5
112 107 5 5
113 104 5 5
113 101 5 5
113 102 5 5
113 110 5 5
114 101 5 5
114 106 5 5
114 111 5 5
114 100 5 5
115 110 5 5
115 100 5 5
115 113 5 5
115 112 5 5
116 110 5 5
116 108 5 5
116 101 5 5
116 109 5 5
117 115 5 5
117 105 5 5
117 116 5 5
117 102 5 5
118 105 5 5
118 115 5 5
118 113 5 5
118 108 5 5
119 103 5 5
119 108 5 5
119 105 5 5
119 106 5 5
100 118 5 5
100 119 5 5
100 106 5 5
100 112 5 5
101 112 5 5
101 115 5 5
101 117 5 5
101 110 5 5
102 115 5 5
102 114 5 5
102 116 5 5
102 118 5 5
103 117 5 5
103 115 5 5
103 113 5 5
103 116 5 5
124 121 6 6
124 120 6 6
124 123 6 6
124 122 6 6
125 122 6 6
125 124 6 6
125 123 6 6
125 121 6 6
126 124 6 6
126 120 6 6
126 125 6 6
126 122 6 6
127 121 6 6
127 122 6 6
127 124 6 6
127 123 6 6
128 122 6 6
128 125 6 6
128 121 6 6
128 120 6 6
129 123 6 6
129 126 6 6
129 124 6 6
129 125 6 6
130 124 6 6
130 129 6 6
130 126 6 6
130 128 6 6
131 129 6 6
131 120 6 6
131 126 6 6
131 128 6 6
132 125 6 6
132 127 6 6
132 120 6 6
132 121 6 6
133 124 6 6
133 125 6 6
133 131 6 6
133 132 6 6
134 128 6 6
134 120 6 6
134 131 6 6
134 122 6 6
135 127 6 6
135 134 6 6
135 132 6 6
135 123 6 6
136 132 6 6
136 121 6 6
136 122 6 6
136 135 6 6
137 134 6 6
137 124 6 6
137 128 6 6
137 127 6 6
138 128 6 6
138 135 6 6
138 134 6 6
138 136 6 6
139 123 6 6
139 124 6 6
139 133 6 6
139 138 6 6
120 130 6 6
120 139 6 6
120 133 6 6
120 129 6 6
121 130 6 6
121 134 6 6
121 137 6 6
121 131 6 6
122 138 6 6
122 137 6 6
122 135 6 6
122 132 6 6
123 133 6 6
123 130 6 6
123 126 6 6
123 132 6 6
144 142 7 7
144 140 7 7
144 143 7 7
144 141 7 7
145 142 7 7
145 144 7 7
145 143 7 7
145 140 7 7
146 142 7 7
146 141 7 7
146 140 7 7
146 143 7 7
147 144 7 7
147 143 7 7
147 146 7 7
147 142 7 7
148 142 7 7
148 141 7 7
148 140 7 7
148 145 7 7
149 143 7 7
149 141 7 7
149 140 7 7
149 147 7 7
150 145 7 7
150 146 7 7
150 147 7 7
150 142 7 7
151 148 7 7
151 147 7 7
151 150 7 7
151 144 7 7
152 147 7 7
152 144 7 7
152 148 7 7
152 150 7 7
153 140 7 7
153 147 7 7
153 142 7 7
153 152 7 7
154 147 7 7
154 152 7 7
154 151 7 7
154 150 7 7
155 151 7 7
155 153 7 7
155 150 7 7
155 144 7 7
156 147 7 7
156 150 7 7
156 152 7 7
156 154 7 7
157 141 7 7
157 149 7 7
157 143 7 7
157 153 7 7
158 150 7 7
158 152 7 7
158 147 7 7
158 146 7 7
159 143 7 7
159 155 7 7
159 142 7 7
159 154 7 7
140 150 7 7
140 147 7 7
140 158 7 7
140 155 7 7
141 147 7 7
141 153 7 7
141 150 7 7
141 156 7 7
142 158 7 7
142 156 7 7
142 154 7 7
142 151 7 7
143 156 7 7
143 153 7 7
143 150 7 7
143 148 7 7
164 162 8 8
164 160 8 8
164 163 8 8
164 161 8 8
165 164 8 8
165 161 8 8
165 160 8 8
165 163 8 8
166 164 8 8
166 160 8 8
166 161 8 8
166 162 8 8
167 165 8 8
167 166 8 8
167 164 8 8
167 160 8 8
168 164 8 8
168 161 8 8
168 166 8 8
168 162 8 8
169 164 8 8
169 165 8 8
169 168 8 8
169 161 8 8
170 161 8 8
170 169 8 8
170 167 8 8
170 165 8 8
171 168 8 8
171 160 8 8
171 164 8 8
171 162 8 8
172 161 8 8
172 170 8 8
172 169 8 8
172 162 8 8
173 169 8 8
173 170 8 8
173 171 8 8
173 163 8 8
174 162 8 8
174 168 8 8
174 164 8 8
174 167 8 8
175 162 8 8
175 174 8 8
175 160 8 8
175 166 8 8
176 163 8 8
176 172 8 8
176 170 8 8
176 160 8 8
177 162 8 8
177 161 8 8
177 164 8 8
177 165 8 8
178 161 8 8
178 173 8 8
178 168 8 8
178 170 8 8
179 178 8 8
179 163 8 8
179 170 8 8
179 174 8 8
160 174 8 8
160 172 8 8
160 177 8 8
160 179 8 8
161 167 8 8
161 174 8 8
161 171 8 8
161 173 8 8
162 167 8 8
162 170 8 8
162 165 8 8
162 176 8 8
163 167 8 8
163 169 8 8
163 177 8 8
163 166 8 8
184 182 9 9
184 183 9 9
184 181 9 9
184 180 9 9
185 180 9 9
185 183 9 9
185 184 9 9
185 182 9 9
186 184 9 9
186 185 9 9
186 180 9 9
186 182 9 9
187 183 9 9
187 181 9 9
187 184 9 9
187 186 9 9
188 187 9 9
188 184 9 9
188 183 9 9
188 181 9 9
189 181 9 9
189 185 9 9
189 184 9 9
189 182 9 9
190 186 9 9
190 182 9 9
190 181 9 9
190 180 9 9
191 183 9 9
191 180 9 9
191 188 9 9
191 184 9 9
192 183 9 9
192 181 9 9
192 190 9 9
192 182 9 9
193 182 9 9
193 188 9 9
193 181 9 9
193 187 9 9
194 192 9 9
194 184 9 9
194 183 9 9
194 188 9 9
195 194 9 9
195 188 9 9
195 191 9 9
195 192 9 9
196 186 9 9
196 182 9 9
196 184 9 9
196 193 9 9
197 195 9 9
197 184 9 9
197 183 9 9
197 194 9 9
198 194 9 9
198 188 9 9
198 195 9 9
198 182 9 9
199 192 9 9
199 195 9 9
199 196 9 9
199 187 9 9
180 196 9 9
180 197 9 9
180 194 9 9
180 195 9 9
181 185 9 9
181 199 9 9
181 197 9 9
181 198 9 9
182 199 9 9
182 194 9 9
182 195 9 9
182 191 9 9
183 193 9 9
183 198 9 9
183 196 9 9
183 190 9 9
204 201 10 10
204 203 10 10
204 200 10 10
204 202 10 10
205 203 10 10
205 202 10 10
205 204 10 10
205 200 10 10
206 201 10 10
206 203 10 10
206 205 10 10
206 202 10 10
207 206 10 10
207 205 10 10
207 203 10 10
207 204 10 10
208 207 10 10
208 203 10 10
208 206 10 10
208 204 10 10
209 203 10 10
209 206 10 10
209 208 10 10
209 200 10 10
210 205 10 10
210 200 10 10
210 207 10 10
210 208 10 10
211 203 10 10
211 209 10 10
211 205 10 10
211 207 10 10
212 209 10 10
212 205 10 10
212 201 10 10
212 200 10 10
213 202 10 10
213 207 10 10
213 204 10 10
213 210 10 10
214 208 10 10
214 211 10 10
214 202 10 10
214 209 10 10
215 206 10 10
215 209 10 10
215 208 10 10
215 203 10 10
216 211 10 10
216 208 10 10
216 206 10 10
216 215 10 10
217 209 10 10
217 214 10 10
217 207 10 10
217 212 10 10
218 209 10 10
218 217 10 10
218 205 10 10
218 212 10 10
219 217 10 10
219 212 10 10
219 200 10 10
219 213 10 10
200 213 10 10
200 218 10 10
200 217 10 10
200 215 10 10
201 215 10 10
201 216 10 10
201 214 10 10
201 209 10 10
202 218 10 10
202 212 10 10
202 209 10 10
202 219 10 10
203 216 10 10
203 219 10 10
203 212 10 10
203 217 10 10
224 221 11 11
224 222 11 11
224 223 11 11
224 220 11 11
225 222 11 11
225 224 11 11
225 220 11 11
225 221 11 11
226 225 11 11
226 222 11 11
226 220 11 11
226 221 11 11
227 223 11 11
227 222 11 11
227 224 11 11
227 220 11 11
228 220 11 11
228 223 11 11
228 226 11 11
228 221 11 11
229 220 11 11
229 225 11 11
229 226 11 11
229 221 11 11
230 227 11 11
230 226 11 11
230 223 11 11
230 228 11 11
231 227 11 11
231 225 11 11
231 223 11 11
231 228 11 11
232 222 11 11
232 221 11 11
232 226 11 11
232 225 11 11
233 231 11 11
233 221 11 11
233 230 11 11
233 220 11 11
234 227 11 11
234 224 11 11
234 226 11 11
234 225 11 11
235 234 11 11
235 226 11 11
235 221 11 11
235 222 11 11
236 223 11 11
236 232 11 11
236 220 11 11
236 226 11 11
237 227 11 11
237 221 11 11
237 223 11 11
237 232 11 11
238 223 11 11
238 228 11 11
238 227 11 11
238 222 11 11
239 238 11 11
239 226 11 11
239 221 11 11
239 232 11 11
220 235 11 11
220 234 11 11
220 238 11 11
220 232 11 11
221 227 11 11
221 236 11 11
221 234 11 11
221 238 11 11
222 230 11 11
222 229 11 11
222 239 11 11
222 234 11 11
223 232 11 11
223 233 11 11
223 239 11 11
223 235 11 11
244 242 12 12
244 243 12 12
244 241 12 12
244 240 12 12
245 240 12 12
245 242 12 12
245 241 12 12
245 243 12 12
246 242 12 12
246 241 12 12
246 243 12 12
246 240 12 12
247 242 12 12
247 243 12 12
247 240 12 12
247 246 12 12
248 242 12 12
248 243 12 12
248 246 12 12
248 241 12 12
249 244 12 12
249 241 12 12
249 248 12 12
249 246 12 12
250 249 12 12
250 240 12 12
250 241 12 12
250 248 12 12
251 241 12 12
251 246 12 12
251 250 12 12
251 240 12 12
252 242 12 12
252 241 12 12
252 250 12 12
252 246 12 12
253 251 12 12
253 247 12 12
253 246 12 12
253 249 12 12
254 251 12 12
254 246 12 12
254 247 12 12
254 244 12 12
255 250 12 12
255 253 12 12
255 249 12 12
255 252 12 12
256 240 12 12
256 254 12 12
256 242 12 12
256 248 12 12
257 256 12 12
257 240 12 12
257 255 12 12
257 247 12 12
258 243 12 12
258 253 12 12
258 257 12 12
258 240 12 12
259 249 12 12
259 241 12 12
259 252 12 12
259 251 12 12
240 253 12 12
240 254 12 12
240 248 12 12
240 255 12 12
241 254 12 12
241 255 12 12
241 258 12 12
241 256 12 12
242 259 12 12
242 249 12 12
242 255 12 12
242 253 12 12
243 252 12 12
243 249 12 12
243 259 12 12
243 256 12 12
264 260 13 13
264 262 13 13
264 261 13 13
264 263 13 13
265 260 13 13
265 262 13 13
265 264 13 13
265 263 13 13
266 265 13 13
266 262 13 13
266 264 13 13
266 263 13 13
267 262 13 13
267 265 13 13
267 264 13 13
267 260 13 13
268 265 13 13
268 267 13 13
268 264 13 13
268 263 13 13
269 261 13 13
269 263 13 13
269 260 13 13
269 266 13 13
270 261 13 13
270 263 13 13
270 269 13 13
270 260 13 13
271 263 13 13
271 260 13 13
271 264 13 13
271 270 13 13
272 264 13 13
272 263 13 13
272 260 13 13
272 269 13 13
273 264 13 13
273 268 13 13
273 267 13 13
273 262 13 13
274 263 13 13
274 268 13 13
274 269 13 13
274 270 13 13
275 274 13 13
275 262 13 13
275 265 13 13
275 267 13 13
276 267 13 13
276 275 13 13
276 270 13 13
276 260 13 13
277 275 13 13
277 273 13 13
277 260 13 13
277 266 13 13
278 261 13 13
278 276 13 13
278 275 13 13
278 265 13 13
279 278 13 13
279 275 13 13
279 274 13 13
279 272 13 13
260 274 13 13
260 273 13 13
260 278 13 13
260 279 13 13
261 274 13 13
261 272 13 13
261 273 13 13
261 271 13 13
262 278 13 13
262 272 13 13
262 277 13 13
262 271 13 13
263 278 13 13
263 267 13 13
263 275 13 13
263 279 13 13
284 283 14 14
284 282 14 14
284 281 14 14
284 280 14 14
285 281 14 14
285 282 14 14
285 283 14 14
285 280 14 14
286 282 14 14
286 283 14 14
286 281 14 14
286 280 14 14
287 283 14 14
287 285 14 14
287 280 14 14
287 281 14 14
288 285 14 14
288 281 14 14
288 287 14 14
288 283 14 14
289 284 14 14
289 286 14 14
289 280 14 14
289 283 14 14
290 285 14 14
290 283 14 14
290 280 14 14
290 286 14 14
291 286 14 14
291 288 14 14
291 280 14 14
291 285 14 14
292 286 14 14
292 289 14 14
292 284 14 14
292 288 14 14
293 290 14 14
293 286 14 14
293 283 14 14
293 280 14 14
294 290 14 14
294 287 14 14
294 291 14 14
294 293 14 14
295 287 14 14
295 285 14 14
295 291 14 14
295 290 14 14
296 283 14 14
296 293 14 14
296 290 14 14
296 285 14 14
297 287 14 14
297 285 14 14
297 291 14 14
297 293 14 14
298 280 14 14
298 283 14 14
298 296 14 14
298 290 14 14
299 283 14 14
299 293 14 14
299 297 14 14
299 289 14 14
280 288 14 14
280 295 14 14
280 296 14 14
280 297 14 14
281 295 14 14
281 291 14 14
281 298 14 14
281 290 14 14
282 292 14 14
282 296 14 14
282 289 14 14
282 299 14 14
283 297 14 14
283 295 14 14
283 292 14 14
283 294 14 14
304 300 15 15
304 303 15 15
304 302 15 15
304 301 15 15
305 300 15 15
305 303 15 15
305 304 15 15
305 301 15 15
306 301 15 15
306 304 15 15
306 300 15 15
306 303 15 15
307 303 15 15
307 302 15 15
307 305 15 15
307 304 15 15
308 303 15 15
308 302 15 15
308 304 15 15
308 305 15 15
309 307 15 15
309 300 15 15
309 308 15 15
309 303 15 15
310 307 15 15
310 306 15 15
310 302 15 15
310 304 15 15
311 305 15 15
311 309 15 15
311 303 15 15
311 307 15 15
312 300 15 15
312 304 15 15
312 305 15 15
312 303 15 15
313 304 15 15
313 311 15 15
313 305 15 15
313 300 15 15
314 307 15 15
314 302 15 15
314 306 15 15
314 301 15 15
315 309 15 15
315 304 15 15
315 307 15 15
315 303 15 15
316 315 15 15
316 307 15 15
316 303 15 15
316 312 15 15
317 306 15 15
317 302 15 15
317 316 15 15
317 314 15 15
318 305 15 15
318 315 15 15
318 316 15 15
318 302 15 15
319 318 15 15
319 316 15 15
319 308 15 15
319 300 15 15
300 311 15 15
300 307 15 15
300 310 15 15
300 315 15 15
301 315 15 15
301 311 15 15
301 308 15 15
301 317 15 15
302 319 15 15
302 306 15 15
302 305 15 15
302 316 15 15
303 313 15 15
303 310 15 15
303 314 15 15
303 318 15 15
90 2 4 0
80 24 4 1
99 59 4 2
92 77 4 3
105 15 5 0
107 99 5 4
104 51 5 2
103 22 5 1
122 48 6 2
139 98 6 4
135 2 6 0
131 34 6 1
156 8 7 0
145 126 7 6
147 89 7 4
159 70 7 3
179 141 8 7
168 117 8 5
178 54 8 2
161 37 8 1
199 165 9 8
186 105 9 5
184 55 9 2
180 28 9 1
203 199 10 9
205 74 10 3
210 19 10 0
208 172 10 8
234 19 11 0
223 170 11 8
228 217 11 10
230 189 11 9
246 97 12 4
242 188 12 9
254 43 12 2
241 103 12 5
272 258 13 12
273 0 13 0
278 165 13 8
278 54 13 2
281 92 14 4
298 195 14 9
280 25 14 1
280 58 14 2
300 101 15 5
317 199 15 9
308 47 15 2
316 242 15 12
19 162 0 8
10 182 0 9
10 289 0 14
17 310 0 15
25 209 1 10
37 305 1 15
29 225 1 11
21 256 1 12
42 140 2 7
47 229 2 11
52 218 2 10
68 239 3 11
66 181 3 9
63 249 3 12
74 125 3 6
