swNum = 320
edgeNum = 1344

0 0
1 0
2 0
3 0
4 0
5 0
6 0
7 0
8 0
9 0
10 0
11 0
12 0
13 0
14 0
15 0
16 0
17 0
18 0
19 0
20 1
21 1
22 1
23 1
24 1
25 1
26 1
27 1
28 1
29 1
30 1
31 1
32 1
33 1
34 1
35 1
36 1
37 1
38 1
39 1
40 2
41 2
42 2
43 2
44 2
45 2
46 2
47 2
48 2
49 2
50 2
51 2
52 2
53 2
54 2
55 2
56 2
57 2
58 2
59 2
60 3
61 3
62 3
63 3
64 3
65 3
66 3
67 3
68 3
69 3
70 3
71 3
72 3
73 3
74 3
75 3
76 3
77 3
78 3
79 3
80 4
81 4
82 4
83 4
84 4
85 4
86 4
87 4
88 4
89 4
90 4
91 4
92 4
93 4
94 4
95 4
96 4
97 4
98 4
99 4
100 5
101 5
102 5
103 5
104 5
105 5
106 5
107 5
108 5
109 5
110 5
111 5
112 5
113 5
114 5
115 5
116 5
117 5
118 5
119 5
120 6
121 6
122 6
123 6
124 6
125 6
126 6
127 6
128 6
129 6
130 6
131 6
132 6
133 6
134 6
135 6
136 6
137 6
138 6
139 6
140 7
141 7
142 7
143 7
144 7
145 7
146 7
147 7
148 7
149 7
150 7
151 7
152 7
153 7
154 7
155 7
156 7
157 7
158 7
159 7
160 8
161 8
162 8
163 8
164 8
165 8
166 8
167 8
168 8
169 8
170 8
171 8
172 8
173 8
174 8
175 8
176 8
177 8
178 8
179 8
180 9
181 9
182 9
183 9
184 9
185 9
186 9
187 9
188 9
189 9
190 9
191 9
192 9
193 9
194 9
195 9
196 9
197 9
198 9
199 9
200 10
201 10
202 10
203 10
204 10
205 10
206 10
207 10
208 10
209 10
210 10
211 10
212 10
213 10
214 10
215 10
216 10
217 10
218 10
219 10
220 11
221 11
222 11
223 11
224 11
225 11
226 11
227 11
228 11
229 11
230 11
231 11
232 11
233 11
234 11
235 11
236 11
237 11
238 11
239 11
240 12
241 12
242 12
243 12
244 12
245 12
246 12
247 12
248 12
249 12
250 12
251 12
252 12
253 12
254 12
255 12
256 12
257 12
258 12
259 12
260 13
261 13
262 13
263 13
264 13
265 13
266 13
267 13
268 13
269 13
270 13
271 13
272 13
273 13
274 13
275 13
276 13
277 13
278 13
279 13
280 14
281 14
282 14
283 14
284 14
285 14
286 14
287 14
288 14
289 14
290 14
291 14
292 14
293 14
294 14
295 14
296 14
297 14
298 14
299 14
300 15
301 15
302 15
303 15
304 15
305 15
306 15
307 15
308 15
309 15
310 15
311 15
312 15
313 15
314 15
315 15
316 15
317 15
318 15
319 15

4 2 0 0
4 0 0 0
4 1 0 0
4 3 0 0
5 3 0 0
5 0 0 0
5 1 0 0
5 2 0 0
6 5 0 0
6 4 0 0
6 2 0 0
6 1 0 0
7 4 0 0
7 6 0 0
7 3 0 0
7 2 0 0
8 5 0 0
8 1 0 0
8 0 0 0
8 6 0 0
9 2 0 0
9 3 0 0
9 0 0 0
9 6 0 0
10 2 0 0
10 4 0 0
10 6 0 0
10 8 0 0
11 8 0 0
11 1 0 0
11 9 0 0
11 5 0 0
12 11 0 0
12 10 0 0
12 2 0 0
12 7 0 0
13 3 0 0
13 8 0 0
13 1 0 0
13 11 0 0
14 6 0 0
14 3 0 0
14 2 0 0
14 12 0 0
15 0 0 0
15 4 0 0
15 5 0 0
15 2 0 0
16 8 0 0
16 13 0 0
16 2 0 0
16 7 0 0
17 6 0 0
17 10 0 0
17 15 0 0
17 7 0 0
18 11 0 0
18 12 0 0
18 17 0 0
18 1 0 0
19 18 0 0
19 8 0 0
19 5 0 0
19 14 0 0
0 11 0 0
0 14 0 0
0 13 0 0
0 10 0 0
1 10 0 0
1 19 0 0
1 7 0 0
1 14 0 0
2 17 0 0
2 11 0 0
2 18 0 0
2 8 0 0
3 19 0 0
3 18 0 0
3 11 0 0
3 10 0 0
24 20 1 1
24 21 1 1
24 22 1 1
24 23 1 1
25 20 1 1
25 22 1 1
25 24 1 1
25 23 1 1
26 20 1 1
26 24 1 1
26 25 1 1
26 23 1 1
27 24 1 1
27 25 1 1
27 26 1 1
27 20 1 1
28 27 1 1
28 25 1 1
28 24 1 1
28 21 1 1
29 22 1 1
29 25 1 1
29 21 1 1
29 23 1 1
30 29 1 1
30 28 1 1
30 22 1 1
30 24 1 1
31 24 1 1
31 23 1 1
31 29 1 1
31 30 1 1
32 20 1 1
32 29 1 1
32 31 1 1
32 23 1 1
33 21 1 1
33 31 1 1
33 25 1 1
33 24 1 1
34 30 1 1
34 25 1 1
34 29 1 1
34 26 1 1
35 33 1 1
35 27 1 1
35 30 1 1
35 31 1 1
36 20 1 1
36 29 1 1
36 24 1 1
36 31 1 1
37 31 1 1
37 29 1 1
37 30 1 1
37 26 1 1
38 26 1 1
38 37 1 1
38 22 1 1
38 32 1 1
39 33 1 1
39 22 1 1
39 25 1 1
39 34 1 1
20 38 1 1
20 35 1 1
20 30 1 1
20 34 1 1
21 35 1 1
21 26 1 1
21 34 1 1
21 30 1 1
22 34 1 1
22 28 1 1
22 27 1 1
22 33 1 1
23 35 1 1
23 37 1 1
23 30 1 1
23 33 1 1
44 41 2 2
44 42 2 2
44 40 2 2
44 43 2 2
45 41 2 2
45 44 2 2
45 42 2 2
45 40 2 2
46 41 2 2
46 44 2 2
46 42 2 2
46 45 2 2
47 41 2 2
47 45 2 2
47 44 2 2
47 42 2 2
48 41 2 2
48 44 2 2
48 47 2 2
48 42 2 2
49 42 2 2
49 45 2 2
49 43 2 2
49 47 2 2
50 44 2 2
50 46 2 2
50 47 2 2
50 48 2 2
51 45 2 2
51 42 2 2
51 47 2 2
51 43 2 2
52 41 2 2
52 43 2 2
52 45 2 2
52 51 2 2
53 43 2 2
53 42 2 2
53 48 2 2
53 41 2 2
54 52 2 2
54 42 2 2
54 53 2 2
54 48 2 2
55 53 2 2
55 47 2 2
55 45 2 2
55 42 2 2
56 53 2 2
56 40 2 2
56 50 2 2
56 41 2 2
57 45 2 2
57 56 2 2
57 47 2 2
57 44 2 2
58 47 2 2
58 56 2 2
58 41 2 2
58 42 2 2
59 42 2 2
59 49 2 2
59 55 2 2
59 51 2 2
40 58 2 2
40 48 2 2
40 52 2 2
40 50 2 2
41 57 2 2
41 51 2 2
41 50 2 2
41 55 2 2
42 57 2 2
42 50 2 2
42 56 2 2
42 52 2 2
43 54 2 2
43 57 2 2
43 50 2 2
43 59 2 2
64 60 3 3
64 63 3 3
64 62 3 3
64 61 3 3
65 63 3 3
65 60 3 3
65 62 3 3
65 64 3 3
66 60 3 3
66 65 3 3
66 62 3 3
66 63 3 3
67 65 3 3
67 62 3 3
67 60 3 3
67 64 3 3
68 60 3 3
68 61 3 3
68 66 3 3
68 62 3 3
69 63 3 3
69 64 3 3
69 61 3 3
69 62 3 3
70 64 3 3
70 62 3 3
70 68 3 3
70 61 3 3
71 68 3 3
71 66 3 3
71 64 3 3
71 70 3 3
72 69 3 3
72 62 3 3
72 67 3 3
72 64 3 3
73 64 3 3
73 69 3 3
73 63 3 3
73 70 3 3
74 63 3 3
74 61 3 3
74 68 3 3
74 73 3 3
75 60 3 3
75 69 3 3
75 61 3 3
75 72 3 3
76 68 3 3
76 69 3 3
76 71 3 3
76 66 3 3
77 69 3 3
77 76 3 3
77 70 3 3
77 63 3 3
78 60 3 3
78 75 3 3
78 67 3 3
78 62 3 3
79 75 3 3
79 61 3 3
79 68 3 3
79 76 3 3
60 72 3 3
60 71 3 3
60 73 3 3
60 70 3 3
61 76 3 3
61 66 3 3
61 73 3 3
61 71 3 3
62 75 3 3
62 73 3 3
62 77 3 3
62 71 3 3
63 70 3 3
63 78 3 3
63 68 3 3
63 75 3 3
84 83 4 4
84 82 4 4
84 81 4 4
84 80 4 4
85 80 4 4
85 82 4 4
85 81 4 4
85 83 4 4
86 82 4 4
86 81 4 4
86 83 4 4
86 85 4 4
87 85 4 4
87 80 4 4
87 81 4 4
87 82 4 4
88 84 4 4
88 82 4 4
88 83 4 4
88 86 4 4
89 86 4 4
89 87 4 4
89 81 4 4
89 82 4 4
90 81 4 4
90 84 4 4
90 88 4 4
90 86 4 4
91 81 4 4
91 88 4 4
91 82 4 4
91 85 4 4
92 83 4 4
92 85 4 4
92 86 4 4
92 84 4 4
93 87 4 4
93 81 4 4
93 86 4 4
93 85 4 4
94 92 4 4
94 82 4 4
94 91 4 4
94 84 4 4
95 92 4 4
95 80 4 4
95 85 4 4
95 90 4 4
96 84 4 4
96 89 4 4
96 94 4 4
96 95 4 4
97 89 4 4
97 82 4 4
97 86 4 4
97 90 4 4
98 90 4 4
98 97 4 4
98 87 4 4
98 91 4 4
99 87 4 4
99 83 4 4
99 85 4 4
99 82 4 4
80 97 4 4
80 90 4 4
80 93 4 4
80 91 4 4
81 95 4 4
81 97 4 4
81 99 4 4
81 98 4 4
82 90 4 4
82 98 4 4
82 92 4 4
82 95 4 4
83 94 4 4
83 91 4 4
83 87 4 4
83 98 4 4
104 102 5 5
104 100 5 5
104 101 5 5
104 103 5 5
105 101 5 5
105 103 5 5
105 104 5 5
105 102 5 5
106 102 5 5
106 103 5 5
106 105 5 5
106 101 5 5
107 103 5 5
107 101 5 5
107 105 5 5
107 106 5 5
108 100 5 5
108 101 5 5
108 107 5 5
108 102 5 5
109 103 5 5
109 105 5 5
109 104 5 5
109 100 5 5
110 105 5 5
110 109 5 5
110 103 5 5
110 100 5 5
111 100 5 5
111 109 5 5
111 104 5 5
111 108 5 5
112 100 5 5
112 103 5 5
112 101 5 5
112 106 5 5
113 101 5 5
113 105 5 5
113 107 5 5
113 108 5 5
114 108 5 5
114 107 5 5
114 109 5 5
114 103 5 5
115 109 5 5
115 112 5 5
115 107 5 5
115 114 5 5
116 103 5 5
116 108 5 5
116 113 5 5
116 110 5 5
117 100 5 5
117 102 5 5
117 101 5 5
117 103 5 5
118 101 5 5
118 105 5 5
118 111 5 5
118 117 5 5
119 107 5 5
119 115 5 5
119 110 5 5
119 111 5 5
100 106 5 5
100 107 5 5
100 115 5 5
100 119 5 5
101 109 5 5
101 116 5 5
101 119 5 5
101 110 5 5
102 115 5 5
102 111 5 5
102 112 5 5
102 113 5 5
103 111 5 5
103 113 5 5
103 118 5 5
103 115 5 5
124 122 6 6
124 121 6 6
124 123 6 6
124 120 6 6
125 121 6 6
125 122 6 6
125 120 6 6
125 124 6 6
126 120 6 6
126 125 6 6
126 124 6 6
126 122 6 6
127 126 6 6
127 120 6 6
127 125 6 6
127 122 6 6
128 122 6 6
128 125 6 6
128 123 6 6
128 121 6 6
129 120 6 6
129 125 6 6
129 122 6 6
129 127 6 6
130 120 6 6
130 123 6 6
130 125 6 6
130 121 6 6
131 120 6 6
131 125 6 6
131 126 6 6
131 127 6 6
132 128 6 6
132 123 6 6
132 122 6 6
132 129 6 6
133 125 6 6
133 124 6 6
133 129 6 6
133 128 6 6
134 128 6 6
134 130 6 6
134 133 6 6
134 121 6 6
135 126 6 6
135 121 6 6
135 125 6 6
135 131 6 6
136 126 6 6
136 131 6 6
136 120 6 6
136 124 6 6
137 125 6 6
137 133 6 6
137 122 6 6
137 124 6 6
138 131 6 6
138 135 6 6
138 127 6 6
138 136 6 6
139 129 6 6
139 136 6 6
139 138 6 6
139 130 6 6
120 135 6 6
120 138 6 6
120 137 6 6
120 139 6 6
121 132 6 6
121 133 6 6
121 139 6 6
121 136 6 6
122 134 6 6
122 130 6 6
122 136 6 6
122 135 6 6
123 127 6 6
123 134 6 6
123 129 6 6
123 138 6 6
144 141 7 7
144 143 7 7
144 142 7 7
144 140 7 7
145 144 7 7
145 143 7 7
145 140 7 7
145 142 7 7
146 144 7 7
146 143 7 7
146 145 7 7
146 140 7 7
147 140 7 7
147 145 7 7
147 142 7 7
147 144 7 7
148 141 7 7
148 144 7 7
148 146 7 7
148 145 7 7
149 146 7 7
149 145 7 7
149 147 7 7
149 142 7 7
150 147 7 7
150 148 7 7
150 143 7 7
150 140 7 7
151 140 7 7
151 148 7 7
151 146 7 7
151 143 7 7
152 145 7 7
152 144 7 7
152 147 7 7
152 146 7 7
153 140 7 7
153 141 7 7
153 143 7 7
153 151 7 7
154 146 7 7
154 144 7 7
154 145 7 7
154 147 7 7
155 142 7 7
155 154 7 7
155 151 7 7
155 146 7 7
156 142 7 7
156 146 7 7
156 144 7 7
156 152 7 7
157 156 7 7
157 150 7 7
157 154 7 7
157 147 7 7
158 144 7 7
158 142 7 7
158 147 7 7
158 153 7 7
159 156 7 7
159 148 7 7
159 141 7 7
159 151 7 7
140 148 7 7
140 152 7 7
140 158 7 7
140 159 7 7
141 151 7 7
141 145 7 7
141 146 7 7
141 150 7 7
142 146 7 7
142 152 7 7
142 154 7 7
142 159 7 7
143 148 7 7
143 152 7 7
143 159 7 7
143 154 7 7
164 160 8 8
164 163 8 8
164 162 8 8
164 161 8 8
165 163 8 8
165 161 8 8
165 160 8 8
165 164 8 8
166 162 8 8
166 161 8 8
166 164 8 8
166 165 8 8
167 162 8 8
167 166 8 8
167 160 8 8
167 163 8 8
168 164 8 8
168 165 8 8
168 167 8 8
168 160 8 8
169 162 8 8
169 166 8 8
169 163 8 8
169 167 8 8
170 169 8 8
170 165 8 8
170 162 8 8
170 166 8 8
171 166 8 8
171 167 8 8
171 165 8 8
171 169 8 8
172 161 8 8
172 170 8 8
172 169 8 8
172 167 8 8
173 171 8 8
173 166 8 8
173 162 8 8
173 168 8 8
174 172 8 8
174 169 8 8
174 170 8 8
174 164 8 8
175 163 8 8
175 161 8 8
175 174 8 8
175 162 8 8
176 172 8 8
176 166 8 8
176 170 8 8
176 161 8 8
177 176 8 8
177 167 8 8
177 175 8 8
177 166 8 8
178 168 8 8
178 164 8 8
178 160 8 8
178 171 8 8
179 174 8 8
179 161 8 8
179 163 8 8
179 175 8 8
160 174 8 8
160 175 8 8
160 173 8 8
160 171 8 8
161 169 8 8
161 167 8 8
161 177 8 8
161 174 8 8
162 177 8 8
162 174 8 8
162 172 8 8
162 178 8 8
163 168 8 8
163 177 8 8
163 178 8 8
163 176 8 8
184 181 9 9
184 180 9 9
184 183 9 9
184 182 9 9
185 181 9 9
185 180 9 9
185 183 9 9
185 184 9 9
186 182 9 9
186 184 9 9
186 180 9 9
186 185 9 9
187 181 9 9
187 186 9 9
187 183 9 9
187 182 9 9
188 185 9 9
188 182 9 9
188 180 9 9
188 181 9 9
189 180 9 9
189 186 9 9
189 187 9 9
189 184 9 9
190 188 9 9
190 184 9 9
190 187 9 9
190 181 9 9
191 183 9 9
191 180 9 9
191 181 9 9
191 188 9 9
192 186 9 9
192 189 9 9
192 190 9 9
192 188 9 9
193 184 9 9
193 188 9 9
193 180 9 9
193 183 9 9
194 192 9 9
194 188 9 9
194 186 9 9
194 182 9 9
195 192 9 9
195 194 9 9
195 182 9 9
195 187 9 9
196 187 9 9
196 193 9 9
196 186 9 9
196 190 9 9
197 192 9 9
197 188 9 9
197 185 9 9
197 191 9 9
198 187 9 9
198 183 9 9
198 196 9 9
198 184 9 9
199 182 9 9
199 184 9 9
199 187 9 9
199 186 9 9
180 198 9 9
180 187 9 9
180 197 9 9
180 190 9 9
181 194 9 9
181 193 9 9
181 197 9 9
181 186 9 9
182 198 9 9
182 191 9 9
182 185 9 9
182 190 9 9
183 192 9 9
183 197 9 9
183 188 9 9
183 199 9 9
204 203 10 10
204 200 10 10
204 202 10 10
204 201 10 10
205 204 10 10
205 203 10 10
205 201 10 10
205 200 10 10
206 205 10 10
206 201 10 10
206 203 10 10
206 204 10 10
207 200 10 10
207 204 10 10
207 202 10 10
207 205 10 10
208 201 10 10
208 206 10 10
208 203 10 10
208 205 10 10
209 204 10 10
209 200 10 10
209 202 10 10
209 208 10 10
210 209 10 10
210 207 10 10
210 202 10 10
210 203 10 10
211 210 10 10
211 208 10 10
211 205 10 10
211 201 10 10
212 202 10 10
212 205 10 10
212 204 10 10
212 208 10 10
213 211 10 10
213 205 10 10
213 207 10 10
213 204 10 10
214 210 10 10
214 212 10 10
214 206 10 10
214 201 10 10
215 203 10 10
215 202 10 10
215 201 10 10
215 200 10 10
216 208 10 10
216 214 10 10
216 206 10 10
216 201 10 10
217 204 10 10
217 202 10 10
217 205 10 10
217 207 10 10
218 216 10 10
218 210 10 10
218 214 10 10
218 208 10 10
219 213 10 10
219 202 10 10
219 211 10 10
219 200 10 10
200 213 10 10
200 208 10 10
200 217 10 10
200 212 10 10
201 209 10 10
201 212 10 10
201 217 10 10
201 207 10 10
202 208 10 10
202 216 10 10
202 205 10 10
202 206 10 10
203 219 10 10
203 212 10 10
203 217 10 10
203 218 10 10
224 221 11 11
224 222 11 11
224 223 11 11
224 220 11 11
225 221 11 11
225 223 11 11
225 224 11 11
225 222 11 11
226 222 11 11
226 220 11 11
226 223 11 11
226 224 11 11
227 221 11 11
227 222 11 11
227 225 11 11
227 226 11 11
228 222 11 11
228 220 11 11
228 227 11 11
228 224 11 11
229 227 11 11
229 224 11 11
229 222 11 11
229 226 11 11
230 220 11 11
230 229 11 11
230 226 11 11
230 224 11 11
231 220 11 11
231 230 11 11
231 226 11 11
231 228 11 11
232 227 11 11
232 224 11 11
232 229 11 11
232 225 11 11
233 231 11 11
233 228 11 11
233 229 11 11
233 224 11 11
234 222 11 11
234 225 11 11
234 224 11 11
234 223 11 11
235 228 11 11
235 231 11 11
235 227 11 11
235 220 11 11
236 222 11 11
236 224 11 11
236 230 11 11
236 231 11 11
237 232 11 11
237 226 11 11
237 224 11 11
237 228 11 11
238 236 11 11
238 229 11 11
238 223 11 11
238 227 11 11
239 227 11 11
239 225 11 11
239 235 11 11
239 237 11 11
220 237 11 11
220 232 11 11
220 229 11 11
220 233 11 11
221 229 11 11
221 232 11 11
221 234 11 11
221 228 11 11
222 238 11 11
222 233 11 11
222 231 11 11
222 230 11 11
223 229 11 11
223 237 11 11
223 239 11 11
223 236 11 11
244 241 12 12
244 240 12 12
244 242 12 12
244 243 12 12
245 241 12 12
245 243 12 12
245 244 12 12
245 242 12 12
246 240 12 12
246 244 12 12
246 242 12 12
246 245 12 12
247 244 12 12
247 246 12 12
247 240 12 12
247 245 12 12
248 241 12 12
248 244 12 12
248 247 12 12
248 240 12 12
249 241 12 12
249 242 12 12
249 248 12 12
249 244 12 12
250 248 12 12
250 245 12 12
250 249 12 12
250 241 12 12
251 248 12 12
251 244 12 12
251 245 12 12
251 241 12 12
252 243 12 12
252 242 12 12
252 250 12 12
252 251 12 12
253 240 12 12
253 245 12 12
253 242 12 12
253 252 12 12
254 245 12 12
254 246 12 12
254 251 12 12
254 253 12 12
255 240 12 12
255 244 12 12
255 253 12 12
255 251 12 12
256 253 12 12
256 240 12 12
256 255 12 12
256 244 12 12
257 254 12 12
257 240 12 12
257 245 12 12
257 249 12 12
258 249 12 12
258 241 12 12
258 245 12 12
258 252 12 12
259 255 12 12
259 256 12 12
259 249 12 12
259 246 12 12
240 252 12 12
240 254 12 12
240 251 12 12
240 245 12 12
241 255 12 12
241 257 12 12
241 252 12 12
241 259 12 12
242 248 12 12
242 255 12 12
242 256 12 12
242 258 12 12
243 256 12 12
243 255 12 12
243 248 12 12
243 253 12 12
264 261 13 13
264 263 13 13
264 260 13 13
264 262 13 13
265 260 13 13
265 262 13 13
265 263 13 13
265 261 13 13
266 263 13 13
266 264 13 13
266 265 13 13
266 260 13 13
267 264 13 13
267 266 13 13
267 265 13 13
267 260 13 13
268 263 13 13
268 262 13 13
268 265 13 13
268 260 13 13
269 265 13 13
269 266 13 13
269 261 13 13
269 267 13 13
270 264 13 13
270 265 13 13
270 266 13 13
270 268 13 13
271 261 13 13
271 264 13 13
271 266 13 13
271 265 13 13
272 267 13 13
272 264 13 13
272 271 13 13
272 262 13 13
273 268 13 13
273 263 13 13
273 267 13 13
273 265 13 13
274 260 13 13
274 273 13 13
274 268 13 13
274 262 13 13
275 263 13 13
275 264 13 13
275 272 13 13
275 270 13 13
276 270 13 13
276 271 13 13
276 274 13 13
276 267 13 13
277 267 13 13
277 273 13 13
277 270 13 13
277 260 13 13
278 276 13 13
278 275 13 13
278 262 13 13
278 277 13 13
279 267 13 13
279 262 13 13
279 261 13 13
279 270 13 13
260 273 13 13
260 272 13 13
260 269 13 13
260 271 13 13
261 270 13 13
261 276 13 13
261 275 13 13
261 274 13 13
262 273 13 13
262 270 13 13
262 266 13 13
262 267 13 13
263 272 13 13
263 270 13 13
263 277 13 13
263 279 13 13
284 283 14 14
284 282 14 14
284 281 14 14
284 280 14 14
285 281 14 14
285 282 14 14
285 284 14 14
285 280 14 14
286 282 14 14
286 280 14 14
286 285 14 14
286 284 14 14
287 283 14 14
287 282 14 14
287 281 14 14
287 284 14 14
288 281 14 14
288 284 14 14
288 287 14 14
288 283 14 14
289 283 14 14
289 287 14 14
289 284 14 14
289 282 14 14
290 280 14 14
290 281 14 14
290 286 14 14
290 285 14 14
291 287 14 14
291 283 14 14
291 289 14 14
291 282 14 14
292 281 14 14
292 282 14 14
292 285 14 14
292 290 14 14
293 285 14 14
293 283 14 14
293 280 14 14
293 290 14 14
294 292 14 14
294 288 14 14
294 286 14 14
294 284 14 14
295 293 14 14
295 294 14 14
295 290 14 14
295 280 14 14
296 284 14 14
296 287 14 14
296 289 14 14
296 291 14 14
297 290 14 14
297 280 14 14
297 295 14 14
297 281 14 14
298 290 14 14
298 285 14 14
298 286 14 14
298 294 14 14
299 290 14 14
299 281 14 14
299 295 14 14
299 292 14 14
280 294 14 14
280 292 14 14
280 299 14 14
280 289 14 14
281 289 14 14
281 294 14 14
281 296 14 14
281 291 14 14
282 299 14 14
282 298 14 14
282 295 14 14
282 288 14 14
283 299 14 14
283 296 14 14
283 292 14 14
283 290 14 14
304 302 15 15
304 300 15 15
304 301 15 15
304 303 15 15
305 304 15 15
305 302 15 15
305 301 15 15
305 300 15 15
306 303 15 15
306 301 15 15
306 304 15 15
306 300 15 15
307 302 15 15
307 303 15 15
307 304 15 15
307 305 15 15
308 307 15 15
308 304 15 15
308 302 15 15
308 301 15 15
309 303 15 15
309 307 15 15
309 305 15 15
309 304 15 15
310 307 15 15
310 304 15 15
310 309 15 15
310 300 15 15
311 305 15 15
311 307 15 15
311 308 15 15
311 302 15 15
312 303 15 15
312 306 15 15
312 304 15 15
312 300 15 15
313 312 15 15
313 305 15 15
313 310 15 15
313 304 15 15
314 312 15 15
314 307 15 15
314 300 15 15
314 313 15 15
315 301 15 15
315 309 15 15
315 308 15 15
315 306 15 15
316 312 15 15
316 300 15 15
316 305 15 15
316 310 15 15
317 308 15 15
317 303 15 15
317 302 15 15
317 304 15 15
318 304 15 15
318 308 15 15
318 305 15 15
318 314 15 15
319 303 15 15
319 306 15 15
319 317 15 15
319 312 15 15
300 311 15 15
300 315 15 15
300 308 15 15
300 313 15 15
301 309 15 15
301 316 15 15
301 307 15 15
301 312 15 15
302 310 15 15
302 312 15 15
302 318 15 15
302 313 15 15
303 305 15 15
303 308 15 15
303 318 15 15
303 315 15 15
96 39 4 1
82 40 4 2
98 19 4 0
88 63 4 3
112 11 5 0
113 99 5 4
118 67 5 3
119 52 5 2
135 82 6 4
125 10 6 0
130 36 6 1
125 106 6 5
148 59 7 2
145 136 7 6
146 34 7 1
159 94 7 4
162 155 8 7
167 27 8 1
174 133 8 6
176 99 8 4
185 168 9 8
187 119 9 5
181 122 9 6
183 60 9 3
212 53 10 2
206 20 10 1
203 79 10 3
218 11 10 0
226 190 11 9
226 65 11 3
227 160 11 8
238 116 11 5
247 177 12 8
246 30 12 1
253 204 12 10
252 136 12 6
269 28 13 1
264 58 13 2
263 202 13 10
261 137 13 6
298 137 14 6
287 258 14 12
293 45 14 2
298 162 14 8
303 186 15 9
308 269 15 13
315 105 15 5
315 64 15 3
0 189 0 9
4 222 0 11
14 292 0 14
15 265 0 13
33 296 1 14
36 238 1 11
39 103 1 5
38 186 1 9
59 171 2 8
54 195 2 9
56 317 2 15
51 235 2 11
79 250 3 12
75 172 3 8
65 269 3 13
70 138 3 6
