swNum = 320
edgeNum = 1344

0 0
1 0
2 0
3 0
4 0
5 0
6 0
7 0
8 0
9 0
10 0
11 0
12 0
13 0
14 0
15 0
16 0
17 0
18 0
19 0
20 1
21 1
22 1
23 1
24 1
25 1
26 1
27 1
28 1
29 1
30 1
31 1
32 1
33 1
34 1
35 1
36 1
37 1
38 1
39 1
40 2
41 2
42 2
43 2
44 2
45 2
46 2
47 2
48 2
49 2
50 2
51 2
52 2
53 2
54 2
55 2
56 2
57 2
58 2
59 2
60 3
61 3
62 3
63 3
64 3
65 3
66 3
67 3
68 3
69 3
70 3
71 3
72 3
73 3
74 3
75 3
76 3
77 3
78 3
79 3
80 4
81 4
82 4
83 4
84 4
85 4
86 4
87 4
88 4
89 4
90 4
91 4
92 4
93 4
94 4
95 4
96 4
97 4
98 4
99 4
100 5
101 5
102 5
103 5
104 5
105 5
106 5
107 5
108 5
109 5
110 5
111 5
112 5
113 5
114 5
115 5
116 5
117 5
118 5
119 5
120 6
121 6
122 6
123 6
124 6
125 6
126 6
127 6
128 6
129 6
130 6
131 6
132 6
133 6
134 6
135 6
136 6
137 6
138 6
139 6
140 7
141 7
142 7
143 7
144 7
145 7
146 7
147 7
148 7
149 7
150 7
151 7
152 7
153 7
154 7
155 7
156 7
157 7
158 7
159 7
160 8
161 8
162 8
163 8
164 8
165 8
166 8
167 8
168 8
169 8
170 8
171 8
172 8
173 8
174 8
175 8
176 8
177 8
178 8
179 8
180 9
181 9
182 9
183 9
184 9
185 9
186 9
187 9
188 9
189 9
190 9
191 9
192 9
193 9
194 9
195 9
196 9
197 9
198 9
199 9
200 10
201 10
202 10
203 10
204 10
205 10
206 10
207 10
208 10
209 10
210 10
211 10
212 10
213 10
214 10
215 10
216 10
217 10
218 10
219 10
220 11
221 11
222 11
223 11
224 11
225 11
226 11
227 11
228 11
229 11
230 11
231 11
232 11
233 11
234 11
235 11
236 11
237 11
238 11
239 11
240 12
241 12
242 12
243 12
244 12
245 12
246 12
247 12
248 12
249 12
250 12
251 12
252 12
253 12
254 12
255 12
256 12
257 12
258 12
259 12
260 13
261 13
262 13
263 13
264 13
265 13
266 13
267 13
268 13
269 13
270 13
271 13
272 13
273 13
274 13
275 13
276 13
277 13
278 13
279 13
280 14
281 14
282 14
283 14
284 14
285 14
286 14
287 14
288 14
289 14
290 14
291 14
292 14
293 14
294 14
295 14
296 14
297 14
298 14
299 14
300 15
301 15
302 15
303 15
304 15
305 15
306 15
307 15
308 15
309 15
310 15
311 15
312 15
313 15
314 15
315 15
316 15
317 15
318 15
319 15

4 3 0 0
4 0 0 0
4 2 0 0
4 1 0 0
5 0 0 0
5 3 0 0
5 4 0 0
5 1 0 0
6 3 0 0
6 4 0 0
6 2 0 0
6 0 0 0
7 2 0 0
7 0 0 0
7 5 0 0
7 4 0 0
8 4 0 0
8 5 0 0
8 1 0 0
8 7 0 0
9 0 0 0
9 4 0 0
9 2 0 0
9 7 0 0
10 0 0 0
10 9 0 0
10 5 0 0
10 2 0 0
11 1 0 0
11 5 0 0
11 4 0 0
11 0 0 0
12 4 0 0
12 1 0 0
12 6 0 0
12 8 0 0
13 10 0 0
13 0 0 0
13 2 0 0
13 5 0 0
14 10 0 0
14 8 0 0
14 2 0 0
14 6 0 0
15 3 0 0
15 6 0 0
15 9 0 0
15 1 0 0
16 15 0 0
16 12 0 0
16 8 0 0
16 6 0 0
17 2 0 0
17 13 0 0
17 7 0 0
17 9 0 0
18 14 0 0
18 15 0 0
18 8 0 0
18 5 0 0
19 3 0 0
19 7 0 0
19 6 0 0
19 0 0 0
0 14 0 0
0 17 0 0
0 16 0 0
0 8 0 0
1 16 0 0
1 13 0 0
1 9 0 0
1 14 0 0
2 8 0 0
2 15 0 0
2 19 0 0
2 5 0 0
3 8 0 0
3 13 0 0
3 7 0 0
3 9 0 0
24 20 1 1
24 23 1 1
24 21 1 1
24 22 1 1
25 24 1 1
25 21 1 1
25 22 1 1
25 20 1 1
26 23 1 1
26 25 1 1
26 24 1 1
26 20 1 1
27 23 1 1
27 26 1 1
27 21 1 1
27 22 1 1
28 23 1 1
28 26 1 1
28 24 1 1
28 21 1 1
29 24 1 1
29 26 1 1
29 27 1 1
29 23 1 1
30 22 1 1
30 26 1 1
30 20 1 1
30 21 1 1
31 30 1 1
31 20 1 1
31 22 1 1
31 23 1 1
32 25 1 1
32 24 1 1
32 21 1 1
32 22 1 1
33 25 1 1
33 28 1 1
33 32 1 1
33 29 1 1
34 32 1 1
34 27 1 1
34 26 1 1
34 28 1 1
35 24 1 1
35 33 1 1
35 34 1 1
35 25 1 1
36 33 1 1
36 24 1 1
36 35 1 1
36 29 1 1
37 25 1 1
37 20 1 1
37 30 1 1
37 23 1 1
38 33 1 1
38 35 1 1
38 32 1 1
38 26 1 1
39 38 1 1
39 23 1 1
39 32 1 1
39 20 1 1
20 32 1 1
20 33 1 1
20 27 1 1
20 29 1 1
21 34 1 1
21 31 1 1
21 39 1 1
21 37 1 1
22 37 1 1
22 39 1 1
22 38 1 1
22 35 1 1
23 34 1 1
23 32 1 1
23 33 1 1
23 36 1 1
44 43 2 2
44 42 2 2
44 40 2 2
44 41 2 2
45 43 2 2
45 44 2 2
45 42 2 2
45 41 2 2
46 45 2 2
46 40 2 2
46 43 2 2
46 44 2 2
47 44 2 2
47 45 2 2
47 46 2 2
47 43 2 2
48 42 2 2
48 47 2 2
48 40 2 2
48 45 2 2
49 42 2 2
49 47 2 2
49 45 2 2
49 48 2 2
50 43 2 2
50 40 2 2
50 44 2 2
50 45 2 2
51 50 2 2
51 42 2 2
51 43 2 2
51 48 2 2
52 45 2 2
52 51 2 2
52 47 2 2
52 43 2 2
53 42 2 2
53 41 2 2
53 45 2 2
53 46 2 2
54 43 2 2
54 48 2 2
54 53 2 2
54 49 2 2
55 46 2 2
55 40 2 2
55 41 2 2
55 48 2 2
56 50 2 2
56 45 2 2
56 52 2 2
56 47 2 2
57 55 2 2
57 42 2 2
57 47 2 2
57 53 2 2
58 51 2 2
58 49 2 2
58 56 2 2
58 47 2 2
59 52 2 2
59 42 2 2
59 50 2 2
59 56 2 2
40 56 2 2
40 51 2 2
40 52 2 2
40 47 2 2
41 46 2 2
41 48 2 2
41 51 2 2
41 49 2 2
42 46 2 2
42 55 2 2
42 56 2 2
42 58 2 2
43 59 2 2
43 56 2 2
43 58 2 2
43 49 2 2
64 60 3 3
64 63 3 3
64 62 3 3
64 61 3 3
65 64 3 3
65 62 3 3
65 63 3 3
65 61 3 3
66 63 3 3
66 61 3 3
66 65 3 3
66 60 3 3
67 65 3 3
67 66 3 3
67 60 3 3
67 62 3 3
68 63 3 3
68 64 3 3
68 66 3 3
68 61 3 3
69 66 3 3
69 63 3 3
69 61 3 3
69 67 3 3
70 69 3 3
70 62 3 3
70 61 3 3
70 66 3 3
71 69 3 3
71 63 3 3
71 61 3 3
71 60 3 3
72 70 3 3
72 67 3 3
72 65 3 3
72 64 3 3
73 70 3 3
73 71 3 3
73 64 3 3
73 69 3 3
74 61 3 3
74 60 3 3
74 66 3 3
74 67 3 3
75 63 3 3
75 67 3 3
75 72 3 3
75 70 3 3
76 67 3 3
76 69 3 3
76 65 3 3
76 72 3 3
77 73 3 3
77 70 3 3
77 60 3 3
77 74 3 3
78 61 3 3
78 62 3 3
78 76 3 3
78 67 3 3
79 60 3 3
79 69 3 3
79 75 3 3
79 63 3 3
60 76 3 3
60 65 3 3
60 69 3 3
60 72 3 3
61 76 3 3
61 72 3 3
61 73 3 3
61 75 3 3
62 66 3 3
62 73 3 3
62 77 3 3
62 76 3 3
63 78 3 3
63 72 3 3
63 77 3 3
63 70 3 3
84 82 4 4
84 81 4 4
84 80 4 4
84 83 4 4
85 80 4 4
85 83 4 4
85 82 4 4
85 84 4 4
86 84 4 4
86 85 4 4
86 83 4 4
86 80 4 4
87 86 4 4
87 84 4 4
87 82 4 4
87 83 4 4
88 80 4 4
88 85 4 4
88 82 4 4
88 83 4 4
89 85 4 4
89 82 4 4
89 86 4 4
89 87 4 4
90 86 4 4
90 81 4 4
90 82 4 4
90 80 4 4
91 80 4 4
91 82 4 4
91 83 4 4
91 81 4 4
92 86 4 4
92 87 4 4
92 82 4 4
92 84 4 4
93 90 4 4
93 87 4 4
93 91 4 4
93 89 4 4
94 85 4 4
94 82 4 4
94 81 4 4
94 80 4 4
95 92 4 4
95 84 4 4
95 86 4 4
95 93 4 4
96 82 4 4
96 90 4 4
96 83 4 4
96 88 4 4
97 94 4 4
97 93 4 4
97 85 4 4
97 82 4 4
98 91 4 4
98 94 4 4
98 84 4 4
98 80 4 4
99 97 4 4
99 90 4 4
99 96 4 4
99 93 4 4
80 96 4 4
80 89 4 4
80 92 4 4
80 99 4 4
81 98 4 4
81 95 4 4
81 97 4 4
81 92 4 4
82 99 4 4
82 98 4 4
82 95 4 4
82 93 4 4
83 98 4 4
83 94 4 4
83 97 4 4
83 90 4 4
104 102 5 5
104 100 5 5
104 101 5 5
104 103 5 5
105 101 5 5
105 103 5 5
105 100 5 5
105 102 5 5
106 104 5 5
106 105 5 5
106 100 5 5
106 103 5 5
107 104 5 5
107 101 5 5
107 102 5 5
107 105 5 5
108 105 5 5
108 103 5 5
108 101 5 5
108 100 5 5
109 100 5 5
109 108 5 5
109 105 5 5
109 106 5 5
110 102 5 5
110 103 5 5
110 109 5 5
110 101 5 5
111 102 5 5
111 105 5 5
111 101 5 5
111 100 5 5
112 108 5 5
112 105 5 5
112 106 5 5
112 109 5 5
113 102 5 5
113 103 5 5
113 112 5 5
113 106 5 5
114 108 5 5
114 107 5 5
114 100 5 5
114 109 5 5
115 110 5 5
115 101 5 5
115 100 5 5
115 113 5 5
116 100 5 5
116 101 5 5
116 115 5 5
116 112 5 5
117 102 5 5
117 104 5 5
117 109 5 5
117 105 5 5
118 113 5 5
118 111 5 5
118 101 5 5
118 102 5 5
119 113 5 5
119 112 5 5
119 114 5 5
119 106 5 5
100 107 5 5
100 117 5 5
100 112 5 5
100 113 5 5
101 113 5 5
101 112 5 5
101 117 5 5
101 109 5 5
102 109 5 5
102 112 5 5
102 114 5 5
102 116 5 5
103 118 5 5
103 112 5 5
103 111 5 5
103 107 5 5
124 123 6 6
124 122 6 6
124 120 6 6
124 121 6 6
125 121 6 6
125 123 6 6
125 124 6 6
125 122 6 6
126 121 6 6
126 120 6 6
126 124 6 6
126 122 6 6
127 126 6 6
127 121 6 6
127 122 6 6
127 120 6 6
128 126 6 6
128 127 6 6
128 124 6 6
128 120 6 6
129 125 6 6
129 124 6 6
129 122 6 6
129 126 6 6
130 129 6 6
130 125 6 6
130 123 6 6
130 120 6 6
131 121 6 6
131 124 6 6
131 128 6 6
131 123 6 6
132 123 6 6
132 127 6 6
132 122 6 6
132 124 6 6
133 124 6 6
133 120 6 6
133 127 6 6
133 121 6 6
134 120 6 6
134 124 6 6
134 123 6 6
134 133 6 6
135 122 6 6
135 123 6 6
135 120 6 6
135 133 6 6
136 127 6 6
136 122 6 6
136 134 6 6
136 126 6 6
137 129 6 6
137 125 6 6
137 130 6 6
137 127 6 6
138 124 6 6
138 126 6 6
138 137 6 6
138 128 6 6
139 128 6 6
139 137 6 6
139 125 6 6
139 120 6 6
120 138 6 6
120 136 6 6
120 137 6 6
120 125 6 6
121 134 6 6
121 132 6 6
121 135 6 6
121 129 6 6
122 133 6 6
122 137 6 6
122 138 6 6
122 131 6 6
123 133 6 6
123 128 6 6
123 129 6 6
123 136 6 6
144 143 7 7
144 141 7 7
144 140 7 7
144 142 7 7
145 142 7 7
145 143 7 7
145 144 7 7
145 141 7 7
146 141 7 7
146 145 7 7
146 140 7 7
146 143 7 7
147 145 7 7
147 146 7 7
147 140 7 7
147 141 7 7
148 142 7 7
148 145 7 7
148 147 7 7
148 146 7 7
149 143 7 7
149 147 7 7
149 144 7 7
149 140 7 7
150 145 7 7
150 146 7 7
150 147 7 7
150 149 7 7
151 142 7 7
151 144 7 7
151 143 7 7
151 146 7 7
152 146 7 7
152 140 7 7
152 142 7 7
152 150 7 7
153 140 7 7
153 146 7 7
153 149 7 7
153 148 7 7
154 142 7 7
154 148 7 7
154 145 7 7
154 140 7 7
155 142 7 7
155 140 7 7
155 145 7 7
155 154 7 7
156 148 7 7
156 151 7 7
156 143 7 7
156 154 7 7
157 145 7 7
157 146 7 7
157 148 7 7
157 151 7 7
158 150 7 7
158 142 7 7
158 157 7 7
158 151 7 7
159 153 7 7
159 149 7 7
159 150 7 7
159 140 7 7
140 145 7 7
140 156 7 7
140 151 7 7
140 148 7 7
141 150 7 7
141 151 7 7
141 155 7 7
141 157 7 7
142 150 7 7
142 156 7 7
142 153 7 7
142 157 7 7
143 153 7 7
143 158 7 7
143 159 7 7
143 147 7 7
164 162 8 8
164 163 8 8
164 161 8 8
164 160 8 8
165 163 8 8
165 162 8 8
165 161 8 8
165 160 8 8
166 160 8 8
166 164 8 8
166 162 8 8
166 163 8 8
167 162 8 8
167 161 8 8
167 165 8 8
167 160 8 8
168 160 8 8
168 166 8 8
168 163 8 8
168 167 8 8
169 162 8 8
169 164 8 8
169 161 8 8
169 163 8 8
170 160 8 8
170 163 8 8
170 164 8 8
170 161 8 8
171 168 8 8
171 167 8 8
171 163 8 8
171 166 8 8
172 169 8 8
172 167 8 8
172 163 8 8
172 162 8 8
173 167 8 8
173 168 8 8
173 171 8 8
173 163 8 8
174 168 8 8
174 162 8 8
174 172 8 8
174 161 8 8
175 166 8 8
175 169 8 8
175 171 8 8
175 163 8 8
176 175 8 8
176 174 8 8
176 173 8 8
176 162 8 8
177 167 8 8
177 161 8 8
177 165 8 8
177 171 8 8
178 169 8 8
178 176 8 8
178 160 8 8
178 173 8 8
179 161 8 8
179 178 8 8
179 170 8 8
179 171 8 8
160 179 8 8
160 173 8 8
160 175 8 8
160 169 8 8
161 168 8 8
161 176 8 8
161 171 8 8
161 173 8 8
162 175 8 8
162 177 8 8
162 171 8 8
162 168 8 8
163 176 8 8
163 174 8 8
163 177 8 8
163 178 8 8
184 182 9 9
184 181 9 9
184 180 9 9
184 183 9 9
185 184 9 9
185 183 9 9
185 180 9 9
185 181 9 9
186 185 9 9
186 184 9 9
186 180 9 9
186 181 9 9
187 184 9 9
187 185 9 9
187 186 9 9
187 181 9 9
188 186 9 9
188 181 9 9
188 187 9 9
188 180 9 9
189 186 9 9
189 180 9 9
189 181 9 9
189 184 9 9
190 185 9 9
190 187 9 9
190 186 9 9
190 189 9 9
191 190 9 9
191 187 9 9
191 185 9 9
191 183 9 9
192 186 9 9
192 189 9 9
192 188 9 9
192 185 9 9
193 192 9 9
193 182 9 9
193 180 9 9
193 187 9 9
194 186 9 9
194 181 9 9
194 182 9 9
194 188 9 9
195 181 9 9
195 183 9 9
195 192 9 9
195 184 9 9
196 190 9 9
196 187 9 9
196 186 9 9
196 185 9 9
197 180 9 9
197 182 9 9
197 184 9 9
197 195 9 9
198 184 9 9
198 188 9 9
198 187 9 9
198 189 9 9
199 187 9 9
199 196 9 9
199 190 9 9
199 195 9 9
180 191 9 9
180 198 9 9
180 194 9 9
180 187 9 9
181 196 9 9
181 191 9 9
181 197 9 9
181 192 9 9
182 187 9 9
182 192 9 9
182 188 9 9
182 185 9 9
183 188 9 9
183 187 9 9
183 194 9 9
183 186 9 9
204 202 10 10
204 203 10 10
204 201 10 10
204 200 10 10
205 204 10 10
205 201 10 10
205 200 10 10
205 202 10 10
206 201 10 10
206 200 10 10
206 203 10 10
206 205 10 10
207 206 10 10
207 205 10 10
207 201 10 10
207 200 10 10
208 205 10 10
208 201 10 10
208 202 10 10
208 207 10 10
209 208 10 10
209 201 10 10
209 200 10 10
209 205 10 10
210 201 10 10
210 204 10 10
210 205 10 10
210 207 10 10
211 205 10 10
211 200 10 10
211 210 10 10
211 207 10 10
212 201 10 10
212 203 10 10
212 210 10 10
212 211 10 10
213 202 10 10
213 208 10 10
213 201 10 10
213 212 10 10
214 205 10 10
214 200 10 10
214 208 10 10
214 204 10 10
215 207 10 10
215 203 10 10
215 202 10 10
215 200 10 10
216 203 10 10
216 214 10 10
216 213 10 10
216 205 10 10
217 204 10 10
217 214 10 10
217 216 10 10
217 209 10 10
218 209 10 10
218 207 10 10
218 216 10 10
218 205 10 10
219 218 10 10
219 207 10 10
219 214 10 10
219 217 10 10
200 218 10 10
200 208 10 10
200 210 10 10
200 219 10 10
201 218 10 10
201 219 10 10
201 215 10 10
201 211 10 10
202 209 10 10
202 214 10 10
202 211 10 10
202 217 10 10
203 217 10 10
203 210 10 10
203 207 10 10
203 205 10 10
224 222 11 11
224 221 11 11
224 220 11 11
224 223 11 11
225 223 11 11
225 222 11 11
225 224 11 11
225 220 11 11
226 225 11 11
226 223 11 11
226 222 11 11
226 224 11 11
227 221 11 11
227 224 11 11
227 223 11 11
227 222 11 11
228 220 11 11
228 227 11 11
228 224 11 11
228 225 11 11
229 227 11 11
229 223 11 11
229 221 11 11
229 226 11 11
230 222 11 11
230 229 11 11
230 227 11 11
230 223 11 11
231 228 11 11
231 226 11 11
231 227 11 11
231 220 11 11
232 229 11 11
232 227 11 11
232 226 11 11
232 221 11 11
233 223 11 11
233 227 11 11
233 225 11 11
233 229 11 11
234 224 11 11
234 230 11 11
234 222 11 11
234 229 11 11
235 224 11 11
235 226 11 11
235 233 11 11
235 227 11 11
236 226 11 11
236 232 11 11
236 221 11 11
236 223 11 11
237 234 11 11
237 221 11 11
237 230 11 11
237 227 11 11
238 237 11 11
238 229 11 11
238 224 11 11
238 225 11 11
239 238 11 11
239 234 11 11
239 220 11 11
239 231 11 11
220 230 11 11
220 232 11 11
220 237 11 11
220 238 11 11
221 228 11 11
221 231 11 11
221 225 11 11
221 238 11 11
222 236 11 11
222 232 11 11
222 239 11 11
222 235 11 11
223 235 11 11
223 237 11 11
223 234 11 11
223 239 11 11
244 241 12 12
244 240 12 12
244 243 12 12
244 242 12 12
245 244 12 12
245 240 12 12
245 241 12 12
245 242 12 12
246 243 12 12
246 240 12 12
246 244 12 12
246 245 12 12
247 244 12 12
247 245 12 12
247 241 12 12
247 240 12 12
248 242 12 12
248 245 12 12
248 241 12 12
248 246 12 12
249 248 12 12
249 240 12 12
249 244 12 12
249 242 12 12
250 245 12 12
250 243 12 12
250 246 12 12
250 248 12 12
251 245 12 12
251 250 12 12
251 243 12 12
251 242 12 12
252 251 12 12
252 243 12 12
252 250 12 12
252 242 12 12
253 251 12 12
253 244 12 12
253 245 12 12
253 241 12 12
254 247 12 12
254 249 12 12
254 245 12 12
254 240 12 12
255 248 12 12
255 247 12 12
255 254 12 12
255 249 12 12
256 252 12 12
256 240 12 12
256 253 12 12
256 246 12 12
257 240 12 12
257 248 12 12
257 242 12 12
257 246 12 12
258 256 12 12
258 248 12 12
258 244 12 12
258 241 12 12
259 258 12 12
259 242 12 12
259 250 12 12
259 244 12 12
240 255 12 12
240 258 12 12
240 250 12 12
240 252 12 12
241 256 12 12
241 252 12 12
241 255 12 12
241 251 12 12
242 246 12 12
242 256 12 12
242 255 12 12
242 250 12 12
243 248 12 12
243 256 12 12
243 255 12 12
243 245 12 12
264 262 13 13
264 261 13 13
264 260 13 13
264 263 13 13
265 261 13 13
265 260 13 13
265 262 13 13
265 264 13 13
266 260 13 13
266 265 13 13
266 263 13 13
266 262 13 13
267 265 13 13
267 262 13 13
267 261 13 13
267 260 13 13
268 266 13 13
268 264 13 13
268 260 13 13
268 265 13 13
269 267 13 13
269 265 13 13
269 262 13 13
269 263 13 13
270 268 13 13
270 263 13 13
270 269 13 13
270 260 13 13
271 262 13 13
271 260 13 13
271 268 13 13
271 269 13 13
272 265 13 13
272 269 13 13
272 267 13 13
272 268 13 13
273 265 13 13
273 268 13 13
273 270 13 13
273 263 13 13
274 265 13 13
274 272 13 13
274 268 13 13
274 271 13 13
275 266 13 13
275 274 13 13
275 267 13 13
275 272 13 13
276 275 13 13
276 261 13 13
276 267 13 13
276 268 13 13
277 262 13 13
277 263 13 13
277 265 13 13
277 266 13 13
278 275 13 13
278 276 13 13
278 274 13 13
278 267 13 13
279 269 13 13
279 268 13 13
279 275 13 13
279 274 13 13
260 269 13 13
260 278 13 13
260 274 13 13
260 277 13 13
261 279 13 13
261 277 13 13
261 268 13 13
261 266 13 13
262 276 13 13
262 268 13 13
262 274 13 13
262 275 13 13
263 265 13 13
263 274 13 13
263 278 13 13
263 272 13 13
284 281 14 14
284 280 14 14
284 282 14 14
284 283 14 14
285 284 14 14
285 280 14 14
285 282 14 14
285 283 14 14
286 281 14 14
286 284 14 14
286 285 14 14
286 283 14 14
287 285 14 14
287 281 14 14
287 283 14 14
287 286 14 14
288 284 14 14
288 280 14 14
288 285 14 14
288 287 14 14
289 281 14 14
289 285 14 14
289 284 14 14
289 288 14 14
290 289 14 14
290 285 14 14
290 287 14 14
290 286 14 14
291 285 14 14
291 287 14 14
291 283 14 14
291 289 14 14
292 282 14 14
292 283 14 14
292 280 14 14
292 285 14 14
293 283 14 14
293 289 14 14
293 285 14 14
293 291 14 14
294 286 14 14
294 283 14 14
294 284 14 14
294 280 14 14
295 286 14 14
295 284 14 14
295 288 14 14
295 294 14 14
296 291 14 14
296 287 14 14
296 292 14 14
296 280 14 14
297 286 14 14
297 282 14 14
297 296 14 14
297 280 14 14
298 286 14 14
298 295 14 14
298 281 14 14
298 292 14 14
299 295 14 14
299 291 14 14
299 287 14 14
299 298 14 14
280 298 14 14
280 290 14 14
280 286 14 14
280 287 14 14
281 294 14 14
281 288 14 14
281 293 14 14
281 299 14 14
282 291 14 14
282 296 14 14
282 287 14 14
282 288 14 14
283 295 14 14
283 289 14 14
283 297 14 14
283 296 14 14
304 300 15 15
304 301 15 15
304 302 15 15
304 303 15 15
305 302 15 15
305 303 15 15
305 304 15 15
305 300 15 15
306 305 15 15
306 301 15 15
306 304 15 15
306 303 15 15
307 305 15 15
307 306 15 15
307 300 15 15
307 301 15 15
308 302 15 15
308 304 15 15
308 303 15 15
308 305 15 15
309 305 15 15
309 303 15 15
309 300 15 15
309 307 15 15
310 305 15 15
310 300 15 15
310 307 15 15
310 301 15 15
311 310 15 15
311 308 15 15
311 304 15 15
311 301 15 15
312 311 15 15
312 302 15 15
312 309 15 15
312 308 15 15
313 304 15 15
313 309 15 15
313 306 15 15
313 301 15 15
314 312 15 15
314 308 15 15
314 304 15 15
314 305 15 15
315 303 15 15
315 313 15 15
315 308 15 15
315 304 15 15
316 301 15 15
316 304 15 15
316 311 15 15
316 314 15 15
317 315 15 15
317 306 15 15
317 301 15 15
317 302 15 15
318 315 15 15
318 305 15 15
318 302 15 15
318 300 15 15
319 315 15 15
319 309 15 15
319 308 15 15
319 307 15 15
300 312 15 15
300 317 15 15
300 313 15 15
300 311 15 15
301 318 15 15
301 315 15 15
301 309 15 15
301 305 15 15
302 314 15 15
302 307 15 15
302 309 15 15
302 316 15 15
303 307 15 15
303 313 15 15
303 318 15 15
303 312 15 15
95 21 4 1
89 6 4 0
98 62 4 3
89 41 4 2
119 63 5 3
111 26 5 1
105 13 5 0
100 57 5 2
129 17 6 0
123 40 6 2
139 68 6 3
121 20 6 1
159 137 7 6
158 73 7 3
157 45 7 2
145 117 7 5
176 40 8 2
165 22 8 1
174 82 8 4
173 67 8 3
188 104 9 5
187 26 9 1
189 54 9 2
183 95 9 4
214 187 10 9
202 126 10 6
207 174 10 8
214 116 10 5
221 24 11 1
231 111 11 5
227 163 11 8
237 156 11 7
253 75 12 3
251 157 12 7
243 237 12 11
254 132 12 6
268 133 13 6
260 227 13 11
279 153 13 7
268 257 13 12
296 68 14 3
281 55 14 2
283 115 14 5
290 130 14 6
315 10 15 0
307 274 15 13
318 140 15 7
311 29 15 1
2 176 0 8
3 230 0 11
16 262 0 13
3 251 0 12
34 143 1 7
21 271 1 13
32 259 1 12
29 208 1 10
46 248 2 12
43 203 2 10
41 317 2 15
40 269 2 13
74 316 3 15
63 200 3 10
71 191 3 9
71 267 3 13
