swNum = 320
edgeNum = 1344

0 0
1 0
2 0
3 0
4 0
5 0
6 0
7 0
8 0
9 0
10 0
11 0
12 0
13 0
14 0
15 0
16 0
17 0
18 0
19 0
20 1
21 1
22 1
23 1
24 1
25 1
26 1
27 1
28 1
29 1
30 1
31 1
32 1
33 1
34 1
35 1
36 1
37 1
38 1
39 1
40 2
41 2
42 2
43 2
44 2
45 2
46 2
47 2
48 2
49 2
50 2
51 2
52 2
53 2
54 2
55 2
56 2
57 2
58 2
59 2
60 3
61 3
62 3
63 3
64 3
65 3
66 3
67 3
68 3
69 3
70 3
71 3
72 3
73 3
74 3
75 3
76 3
77 3
78 3
79 3
80 4
81 4
82 4
83 4
84 4
85 4
86 4
87 4
88 4
89 4
90 4
91 4
92 4
93 4
94 4
95 4
96 4
97 4
98 4
99 4
100 5
101 5
102 5
103 5
104 5
105 5
106 5
107 5
108 5
109 5
110 5
111 5
112 5
113 5
114 5
115 5
116 5
117 5
118 5
119 5
120 6
121 6
122 6
123 6
124 6
125 6
126 6
127 6
128 6
129 6
130 6
131 6
132 6
133 6
134 6
135 6
136 6
137 6
138 6
139 6
140 7
141 7
142 7
143 7
144 7
145 7
146 7
147 7
148 7
149 7
150 7
151 7
152 7
153 7
154 7
155 7
156 7
157 7
158 7
159 7
160 8
161 8
162 8
163 8
164 8
165 8
166 8
167 8
168 8
169 8
170 8
171 8
172 8
173 8
174 8
175 8
176 8
177 8
178 8
179 8
180 9
181 9
182 9
183 9
184 9
185 9
186 9
187 9
188 9
189 9
190 9
191 9
192 9
193 9
194 9
195 9
196 9
197 9
198 9
199 9
200 10
201 10
202 10
203 10
204 10
205 10
206 10
207 10
208 10
209 10
210 10
211 10
212 10
213 10
214 10
215 10
216 10
217 10
218 10
219 10
220 11
221 11
222 11
223 11
224 11
225 11
226 11
227 11
228 11
229 11
230 11
231 11
232 11
233 11
234 11
235 11
236 11
237 11
238 11
239 11
240 12
241 12
242 12
243 12
244 12
245 12
246 12
247 12
248 12
249 12
250 12
251 12
252 12
253 12
254 12
255 12
256 12
257 12
258 12
259 12
260 13
261 13
262 13
263 13
264 13
265 13
266 13
267 13
268 13
269 13
270 13
271 13
272 13
273 13
274 13
275 13
276 13
277 13
278 13
279 13
280 14
281 14
282 14
283 14
284 14
285 14
286 14
287 14
288 14
289 14
290 14
291 14
292 14
293 14
294 14
295 14
296 14
297 14
298 14
299 14
300 15
301 15
302 15
303 15
304 15
305 15
306 15
307 15
308 15
309 15
310 15
311 15
312 15
313 15
314 15
315 15
316 15
317 15
318 15
319 15

4 2 0 0
4 1 0 0
4 3 0 0
4 0 0 0
5 0 0 0
5 3 0 0
5 2 0 0
5 1 0 0
6 5 0 0
6 2 0 0
6 3 0 0
6 4 0 0
7 4 0 0
7 2 0 0
7 0 0 0
7 6 0 0
8 3 0 0
8 7 0 0
8 0 0 0
8 1 0 0
9 6 0 0
9 7 0 0
9 5 0 0
9 8 0 0
10 6 0 0
10 1 0 0
10 5 0 0
10 9 0 0
11 0 0 0
11 9 0 0
11 3 0 0
11 6 0 0
12 2 0 0
12 8 0 0
12 9 0 0
12 1 0 0
13 10 0 0
13 12 0 0
13 0 0 0
13 5 0 0
14 12 0 0
14 3 0 0
14 9 0 0
14 2 0 0
15 12 0 0
15 1 0 0
15 5 0 0
15 11 0 0
16 1 0 0
16 14 0 0
16 0 0 0
16 12 0 0
17 6 0 0
17 13 0 0
17 10 0 0
17 8 0 0
18 3 0 0
18 8 0 0
18 6 0 0
18 12 0 0
19 7 0 0
19 16 0 0
19 6 0 0
19 10 0 0
0 15 0 0
0 19 0 0
0 9 0 0
0 17 0 0
1 18 0 0
1 19 0 0
1 17 0 0
1 13 0 0
2 15 0 0
2 8 0 0
2 10 0 0
2 17 0 0
3 7 0 0
3 16 0 0
3 12 0 0
3 10 0 0
24 23 1 1
24 21 1 1
24 20 1 1
24 22 1 1
25 20 1 1
25 23 1 1
25 24 1 1
25 22 1 1
26 21 1 1
26 25 1 1
26 22 1 1
26 24 1 1
27 26 1 1
27 25 1 1
27 20 1 1
27 23 1 1
28 22 1 1
28 27 1 1
28 25 1 1
28 23 1 1
29 21 1 1
29 25 1 1
29 28 1 1
29 27 1 1
30 26 1 1
30 28 1 1
30 21 1 1
30 29 1 1
31 28 1 1
31 24 1 1
31 30 1 1
31 27 1 1
32 22 1 1
32 28 1 1
32 30 1 1
32 26 1 1
33 22 1 1
33 27 1 1
33 31 1 1
33 28 1 1
34 21 1 1
34 30 1 1
34 32 1 1
34 29 1 1
35 22 1 1
35 32 1 1
35 34 1 1
35 25 1 1
36 35 1 1
36 24 1 1
36 33 1 1
36 21 1 1
37 24 1 1
37 33 1 1
37 27 1 1
37 31 1 1
38 31 1 1
38 23 1 1
38 24 1 1
38 28 1 1
39 33 1 1
39 23 1 1
39 25 1 1
39 24 1 1
20 37 1 1
20 32 1 1
20 29 1 1
20 28 1 1
21 38 1 1
21 25 1 1
21 32 1 1
21 31 1 1
22 30 1 1
22 37 1 1
22 29 1 1
22 27 1 1
23 31 1 1
23 36 1 1
23 26 1 1
23 29 1 1
44 43 2 2
44 42 2 2
44 41 2 2
44 40 2 2
45 44 2 2
45 42 2 2
45 41 2 2
45 43 2 2
46 40 2 2
46 41 2 2
46 45 2 2
46 43 2 2
47 44 2 2
47 43 2 2
47 40 2 2
47 41 2 2
48 46 2 2
48 47 2 2
48 40 2 2
48 41 2 2
49 42 2 2
49 48 2 2
49 40 2 2
49 46 2 2
50 42 2 2
50 41 2 2
50 49 2 2
50 40 2 2
51 47 2 2
51 46 2 2
51 40 2 2
51 48 2 2
52 41 2 2
52 47 2 2
52 44 2 2
52 43 2 2
53 49 2 2
53 51 2 2
53 50 2 2
53 46 2 2
54 53 2 2
54 52 2 2
54 42 2 2
54 51 2 2
55 40 2 2
55 48 2 2
55 44 2 2
55 52 2 2
56 50 2 2
56 44 2 2
56 40 2 2
56 49 2 2
57 48 2 2
57 53 2 2
57 51 2 2
57 46 2 2
58 45 2 2
58 57 2 2
58 49 2 2
58 52 2 2
59 53 2 2
59 48 2 2
59 54 2 2
59 58 2 2
40 45 2 2
40 53 2 2
40 54 2 2
40 59 2 2
41 58 2 2
41 54 2 2
41 56 2 2
41 53 2 2
42 59 2 2
42 56 2 2
42 53 2 2
42 51 2 2
43 53 2 2
43 51 2 2
43 58 2 2
43 57 2 2
64 61 3 3
64 62 3 3
64 60 3 3
64 63 3 3
65 60 3 3
65 63 3 3
65 62 3 3
65 64 3 3
66 60 3 3
66 65 3 3
66 64 3 3
66 62 3 3
67 66 3 3
67 65 3 3
67 62 3 3
67 60 3 3
68 66 3 3
68 63 3 3
68 62 3 3
68 60 3 3
69 67 3 3
69 60 3 3
69 68 3 3
69 61 3 3
70 68 3 3
70 62 3 3
70 66 3 3
70 69 3 3
71 66 3 3
71 65 3 3
71 67 3 3
71 60 3 3
72 65 3 3
72 66 3 3
72 60 3 3
72 69 3 3
73 68 3 3
73 60 3 3
73 65 3 3
73 63 3 3
74 62 3 3
74 66 3 3
74 70 3 3
74 61 3 3
75 73 3 3
75 60 3 3
75 70 3 3
75 71 3 3
76 74 3 3
76 67 3 3
76 64 3 3
76 66 3 3
77 65 3 3
77 75 3 3
77 70 3 3
77 62 3 3
78 74 3 3
78 61 3 3
78 77 3 3
78 64 3 3
79 70 3 3
79 77 3 3
79 63 3 3
79 68 3 3
60 77 3 3
60 74 3 3
60 76 3 3
60 70 3 3
61 73 3 3
61 79 3 3
61 75 3 3
61 76 3 3
62 79 3 3
62 75 3 3
62 78 3 3
62 73 3 3
63 66 3 3
63 72 3 3
63 77 3 3
63 74 3 3
84 80 4 4
84 82 4 4
84 81 4 4
84 83 4 4
85 81 4 4
85 83 4 4
85 80 4 4
85 82 4 4
86 84 4 4
86 81 4 4
86 82 4 4
86 83 4 4
87 81 4 4
87 84 4 4
87 85 4 4
87 83 4 4
88 81 4 4
88 83 4 4
88 84 4 4
88 87 4 4
89 84 4 4
89 86 4 4
89 88 4 4
89 85 4 4
90 85 4 4
90 83 4 4
90 80 4 4
90 81 4 4
91 86 4 4
91 83 4 4
91 90 4 4
91 88 4 4
92 89 4 4
92 84 4 4
92 83 4 4
92 86 4 4
93 85 4 4
93 83 4 4
93 87 4 4
93 91 4 4
94 84 4 4
94 86 4 4
94 92 4 4
94 91 4 4
95 87 4 4
95 86 4 4
95 92 4 4
95 93 4 4
96 95 4 4
96 87 4 4
96 81 4 4
96 90 4 4
97 92 4 4
97 94 4 4
97 84 4 4
97 80 4 4
98 81 4 4
98 90 4 4
98 96 4 4
98 80 4 4
99 98 4 4
99 88 4 4
99 82 4 4
99 83 4 4
80 91 4 4
80 92 4 4
80 86 4 4
80 99 4 4
81 93 4 4
81 95 4 4
81 92 4 4
81 91 4 4
82 89 4 4
82 92 4 4
82 90 4 4
82 94 4 4
83 95 4 4
83 98 4 4
83 97 4 4
83 89 4 4
104 101 5 5
104 100 5 5
104 102 5 5
104 103 5 5
105 101 5 5
105 102 5 5
105 104 5 5
105 103 5 5
106 100 5 5
106 104 5 5
106 102 5 5
106 101 5 5
107 104 5 5
107 100 5 5
107 106 5 5
107 105 5 5
108 102 5 5
108 104 5 5
108 105 5 5
108 103 5 5
109 102 5 5
109 101 5 5
109 103 5 5
109 104 5 5
110 104 5 5
110 101 5 5
110 105 5 5
110 100 5 5
111 103 5 5
111 105 5 5
111 104 5 5
111 110 5 5
112 105 5 5
112 102 5 5
112 110 5 5
112 111 5 5
113 105 5 5
113 110 5 5
113 111 5 5
113 101 5 5
114 109 5 5
114 108 5 5
114 105 5 5
114 112 5 5
115 103 5 5
115 113 5 5
115 112 5 5
115 102 5 5
116 102 5 5
116 113 5 5
116 108 5 5
116 103 5 5
117 101 5 5
117 103 5 5
117 109 5 5
117 116 5 5
118 107 5 5
118 102 5 5
118 104 5 5
118 100 5 5
119 106 5 5
119 118 5 5
119 104 5 5
119 101 5 5
100 109 5 5
100 113 5 5
100 112 5 5
100 108 5 5
101 107 5 5
101 112 5 5
101 114 5 5
101 118 5 5
102 110 5 5
102 119 5 5
102 117 5 5
102 113 5 5
103 110 5 5
103 107 5 5
103 119 5 5
103 118 5 5
124 123 6 6
124 122 6 6
124 121 6 6
124 120 6 6
125 121 6 6
125 123 6 6
125 124 6 6
125 122 6 6
126 121 6 6
126 124 6 6
126 120 6 6
126 122 6 6
127 122 6 6
127 123 6 6
127 126 6 6
127 120 6 6
128 126 6 6
128 127 6 6
128 122 6 6
128 124 6 6
129 125 6 6
129 123 6 6
129 126 6 6
129 121 6 6
130 126 6 6
130 129 6 6
130 128 6 6
130 127 6 6
131 125 6 6
131 123 6 6
131 124 6 6
131 122 6 6
132 122 6 6
132 124 6 6
132 120 6 6
132 130 6 6
133 121 6 6
133 130 6 6
133 127 6 6
133 129 6 6
134 133 6 6
134 124 6 6
134 129 6 6
134 125 6 6
135 130 6 6
135 126 6 6
135 122 6 6
135 125 6 6
136 122 6 6
136 126 6 6
136 135 6 6
136 120 6 6
137 125 6 6
137 136 6 6
137 126 6 6
137 123 6 6
138 131 6 6
138 121 6 6
138 132 6 6
138 122 6 6
139 130 6 6
139 128 6 6
139 127 6 6
139 126 6 6
120 138 6 6
120 135 6 6
120 128 6 6
120 130 6 6
121 131 6 6
121 127 6 6
121 137 6 6
121 134 6 6
122 130 6 6
122 133 6 6
122 129 6 6
122 137 6 6
123 130 6 6
123 126 6 6
123 135 6 6
123 134 6 6
144 141 7 7
144 143 7 7
144 142 7 7
144 140 7 7
145 140 7 7
145 143 7 7
145 141 7 7
145 144 7 7
146 142 7 7
146 141 7 7
146 144 7 7
146 140 7 7
147 140 7 7
147 141 7 7
147 143 7 7
147 144 7 7
148 143 7 7
148 146 7 7
148 141 7 7
148 147 7 7
149 148 7 7
149 144 7 7
149 143 7 7
149 141 7 7
150 147 7 7
150 145 7 7
150 149 7 7
150 148 7 7
151 145 7 7
151 150 7 7
151 144 7 7
151 142 7 7
152 140 7 7
152 143 7 7
152 145 7 7
152 148 7 7
153 151 7 7
153 150 7 7
153 144 7 7
153 145 7 7
154 141 7 7
154 148 7 7
154 147 7 7
154 149 7 7
155 140 7 7
155 145 7 7
155 147 7 7
155 146 7 7
156 140 7 7
156 147 7 7
156 145 7 7
156 154 7 7
157 142 7 7
157 141 7 7
157 152 7 7
157 151 7 7
158 149 7 7
158 153 7 7
158 150 7 7
158 144 7 7
159 152 7 7
159 156 7 7
159 142 7 7
159 155 7 7
140 153 7 7
140 148 7 7
140 157 7 7
140 151 7 7
141 153 7 7
141 155 7 7
141 150 7 7
141 156 7 7
142 150 7 7
142 145 7 7
142 147 7 7
142 154 7 7
143 158 7 7
143 150 7 7
143 146 7 7
143 151 7 7
164 163 8 8
164 162 8 8
164 161 8 8
164 160 8 8
165 162 8 8
165 164 8 8
165 160 8 8
165 161 8 8
166 164 8 8
166 163 8 8
166 162 8 8
166 161 8 8
167 161 8 8
167 165 8 8
167 163 8 8
167 162 8 8
168 160 8 8
168 165 8 8
168 167 8 8
168 161 8 8
169 166 8 8
169 164 8 8
169 165 8 8
169 160 8 8
170 168 8 8
170 163 8 8
170 162 8 8
170 161 8 8
171 167 8 8
171 160 8 8
171 165 8 8
171 161 8 8
172 162 8 8
172 163 8 8
172 161 8 8
172 165 8 8
173 170 8 8
173 165 8 8
173 162 8 8
173 171 8 8
174 172 8 8
174 171 8 8
174 165 8 8
174 161 8 8
175 162 8 8
175 163 8 8
175 167 8 8
175 173 8 8
176 162 8 8
176 173 8 8
176 166 8 8
176 170 8 8
177 173 8 8
177 166 8 8
177 167 8 8
177 165 8 8
178 170 8 8
178 164 8 8
178 162 8 8
178 160 8 8
179 163 8 8
179 169 8 8
179 166 8 8
179 162 8 8
160 167 8 8
160 175 8 8
160 177 8 8
160 179 8 8
161 175 8 8
161 177 8 8
161 169 8 8
161 173 8 8
162 168 8 8
162 177 8 8
162 174 8 8
162 169 8 8
163 177 8 8
163 169 8 8
163 176 8 8
163 178 8 8
184 181 9 9
184 183 9 9
184 180 9 9
184 182 9 9
185 183 9 9
185 182 9 9
185 181 9 9
185 184 9 9
186 181 9 9
186 182 9 9
186 185 9 9
186 184 9 9
187 184 9 9
187 181 9 9
187 182 9 9
187 185 9 9
188 180 9 9
188 181 9 9
188 183 9 9
188 187 9 9
189 188 9 9
189 180 9 9
189 183 9 9
189 186 9 9
190 186 9 9
190 187 9 9
190 181 9 9
190 180 9 9
191 181 9 9
191 183 9 9
191 188 9 9
191 190 9 9
192 180 9 9
192 188 9 9
192 189 9 9
192 183 9 9
193 187 9 9
193 180 9 9
193 191 9 9
193 185 9 9
194 188 9 9
194 193 9 9
194 190 9 9
194 189 9 9
195 194 9 9
195 189 9 9
195 187 9 9
195 186 9 9
196 192 9 9
196 189 9 9
196 180 9 9
196 188 9 9
197 190 9 9
197 195 9 9
197 185 9 9
197 186 9 9
198 190 9 9
198 192 9 9
198 194 9 9
198 195 9 9
199 184 9 9
199 183 9 9
199 188 9 9
199 190 9 9
180 195 9 9
180 197 9 9
180 186 9 9
180 194 9 9
181 195 9 9
181 198 9 9
181 197 9 9
181 196 9 9
182 198 9 9
182 191 9 9
182 190 9 9
182 199 9 9
183 194 9 9
183 198 9 9
183 196 9 9
183 195 9 9
204 203 10 10
204 202 10 10
204 200 10 10
204 201 10 10
205 203 10 10
205 200 10 10
205 201 10 10
205 204 10 10
206 200 10 10
206 202 10 10
206 201 10 10
206 205 10 10
207 205 10 10
207 206 10 10
207 201 10 10
207 204 10 10
208 202 10 10
208 201 10 10
208 205 10 10
208 206 10 10
209 208 10 10
209 203 10 10
209 205 10 10
209 204 10 10
210 204 10 10
210 203 10 10
210 202 10 10
210 209 10 10
211 202 10 10
211 210 10 10
211 207 10 10
211 203 10 10
212 205 10 10
212 209 10 10
212 203 10 10
212 211 10 10
213 206 10 10
213 204 10 10
213 212 10 10
213 205 10 10
214 210 10 10
214 213 10 10
214 202 10 10
214 207 10 10
215 213 10 10
215 208 10 10
215 212 10 10
215 203 10 10
216 210 10 10
216 212 10 10
216 202 10 10
216 201 10 10
217 205 10 10
217 212 10 10
217 209 10 10
217 214 10 10
218 211 10 10
218 210 10 10
218 205 10 10
218 203 10 10
219 211 10 10
219 212 10 10
219 202 10 10
219 210 10 10
200 207 10 10
200 209 10 10
200 217 10 10
200 213 10 10
201 213 10 10
201 209 10 10
201 215 10 10
201 212 10 10
202 209 10 10
202 212 10 10
202 213 10 10
202 205 10 10
203 219 10 10
203 217 10 10
203 207 10 10
203 216 10 10
224 223 11 11
224 220 11 11
224 221 11 11
224 222 11 11
225 221 11 11
225 223 11 11
225 220 11 11
225 222 11 11
226 224 11 11
226 225 11 11
226 221 11 11
226 220 11 11
227 226 11 11
227 220 11 11
227 222 11 11
227 221 11 11
228 221 11 11
228 222 11 11
228 223 11 11
228 224 11 11
229 223 11 11
229 228 11 11
229 226 11 11
229 222 11 11
230 229 11 11
230 226 11 11
230 228 11 11
230 224 11 11
231 228 11 11
231 223 11 11
231 222 11 11
231 230 11 11
232 224 11 11
232 225 11 11
232 227 11 11
232 220 11 11
233 229 11 11
233 225 11 11
233 226 11 11
233 232 11 11
234 231 11 11
234 223 11 11
234 228 11 11
234 221 11 11
235 231 11 11
235 225 11 11
235 221 11 11
235 229 11 11
236 230 11 11
236 221 11 11
236 235 11 11
236 233 11 11
237 223 11 11
237 222 11 11
237 227 11 11
237 236 11 11
238 230 11 11
238 236 11 11
238 220 11 11
238 233 11 11
239 224 11 11
239 226 11 11
239 222 11 11
239 235 11 11
220 230 11 11
220 233 11 11
220 237 11 11
220 235 11 11
221 237 11 11
221 233 11 11
221 231 11 11
221 232 11 11
222 232 11 11
222 236 11 11
222 235 11 11
222 226 11 11
223 226 11 11
223 232 11 11
223 239 11 11
223 236 11 11
244 240 12 12
244 241 12 12
244 242 12 12
244 243 12 12
245 243 12 12
245 244 12 12
245 242 12 12
245 241 12 12
246 244 12 12
246 243 12 12
246 245 12 12
246 241 12 12
247 245 12 12
247 243 12 12
247 241 12 12
247 246 12 12
248 240 12 12
248 245 12 12
248 247 12 12
248 246 12 12
249 241 12 12
249 245 12 12
249 243 12 12
249 244 12 12
250 247 12 12
250 243 12 12
250 249 12 12
250 248 12 12
251 246 12 12
251 244 12 12
251 245 12 12
251 240 12 12
252 244 12 12
252 246 12 12
252 250 12 12
252 249 12 12
253 242 12 12
253 240 12 12
253 244 12 12
253 252 12 12
254 250 12 12
254 249 12 12
254 247 12 12
254 242 12 12
255 252 12 12
255 241 12 12
255 249 12 12
255 244 12 12
256 253 12 12
256 252 12 12
256 241 12 12
256 246 12 12
257 252 12 12
257 248 12 12
257 244 12 12
257 240 12 12
258 252 12 12
258 255 12 12
258 244 12 12
258 242 12 12
259 256 12 12
259 244 12 12
259 240 12 12
259 249 12 12
240 256 12 12
240 250 12 12
240 246 12 12
240 249 12 12
241 251 12 12
241 258 12 12
241 257 12 12
241 259 12 12
242 259 12 12
242 248 12 12
242 249 12 12
242 255 12 12
243 253 12 12
243 251 12 12
243 254 12 12
243 256 12 12
264 261 13 13
264 260 13 13
264 262 13 13
264 263 13 13
265 263 13 13
265 264 13 13
265 262 13 13
265 260 13 13
266 261 13 13
266 262 13 13
266 264 13 13
266 260 13 13
267 263 13 13
267 265 13 13
267 262 13 13
267 260 13 13
268 260 13 13
268 262 13 13
268 264 13 13
268 263 13 13
269 260 13 13
269 268 13 13
269 264 13 13
269 266 13 13
270 260 13 13
270 268 13 13
270 266 13 13
270 264 13 13
271 267 13 13
271 268 13 13
271 269 13 13
271 264 13 13
272 260 13 13
272 267 13 13
272 269 13 13
272 261 13 13
273 272 13 13
273 268 13 13
273 269 13 13
273 262 13 13
274 270 13 13
274 260 13 13
274 267 13 13
274 272 13 13
275 269 13 13
275 274 13 13
275 271 13 13
275 267 13 13
276 265 13 13
276 263 13 13
276 275 13 13
276 261 13 13
277 260 13 13
277 276 13 13
277 261 13 13
277 274 13 13
278 272 13 13
278 268 13 13
278 271 13 13
278 262 13 13
279 262 13 13
279 260 13 13
279 273 13 13
279 270 13 13
260 276 13 13
260 273 13 13
260 271 13 13
260 278 13 13
261 271 13 13
261 279 13 13
261 270 13 13
261 278 13 13
262 274 13 13
262 276 13 13
262 272 13 13
262 270 13 13
263 278 13 13
263 275 13 13
263 269 13 13
263 271 13 13
284 280 14 14
284 282 14 14
284 281 14 14
284 283 14 14
285 280 14 14
285 284 14 14
285 281 14 14
285 283 14 14
286 280 14 14
286 283 14 14
286 285 14 14
286 281 14 14
287 281 14 14
287 283 14 14
287 284 14 14
287 282 14 14
288 287 14 14
288 282 14 14
288 284 14 14
288 281 14 14
289 286 14 14
289 288 14 14
289 285 14 14
289 280 14 14
290 281 14 14
290 283 14 14
290 287 14 14
290 289 14 14
291 289 14 14
291 288 14 14
291 280 14 14
291 285 14 14
292 280 14 14
292 282 14 14
292 286 14 14
292 283 14 14
293 292 14 14
293 284 14 14
293 281 14 14
293 288 14 14
294 282 14 14
294 288 14 14
294 287 14 14
294 280 14 14
295 280 14 14
295 292 14 14
295 293 14 14
295 281 14 14
296 286 14 14
296 280 14 14
296 288 14 14
296 283 14 14
297 292 14 14
297 296 14 14
297 282 14 14
297 295 14 14
298 295 14 14
298 293 14 14
298 291 14 14
298 294 14 14
299 292 14 14
299 288 14 14
299 283 14 14
299 287 14 14
280 297 14 14
280 298 14 14
280 299 14 14
280 287 14 14
281 296 14 14
281 291 14 14
281 292 14 14
281 294 14 14
282 285 14 14
282 295 14 14
282 296 14 14
282 289 14 14
283 288 14 14
283 291 14 14
283 295 14 14
283 294 14 14
304 303 15 15
304 302 15 15
304 301 15 15
304 300 15 15
305 302 15 15
305 303 15 15
305 301 15 15
305 304 15 15
306 304 15 15
306 302 15 15
306 305 15 15
306 303 15 15
307 304 15 15
307 301 15 15
307 303 15 15
307 306 15 15
308 301 15 15
308 307 15 15
308 302 15 15
308 300 15 15
309 308 15 15
309 301 15 15
309 307 15 15
309 303 15 15
310 300 15 15
310 308 15 15
310 303 15 15
310 304 15 15
311 302 15 15
311 306 15 15
311 304 15 15
311 309 15 15
312 305 15 15
312 303 15 15
312 309 15 15
312 307 15 15
313 312 15 15
313 311 15 15
313 307 15 15
313 301 15 15
314 308 15 15
314 304 15 15
314 309 15 15
314 311 15 15
315 310 15 15
315 306 15 15
315 303 15 15
315 302 15 15
316 314 15 15
316 304 15 15
316 306 15 15
316 307 15 15
317 312 15 15
317 301 15 15
317 309 15 15
317 314 15 15
318 303 15 15
318 311 15 15
318 304 15 15
318 315 15 15
319 318 15 15
319 300 15 15
319 304 15 15
319 307 15 15
300 307 15 15
300 309 15 15
300 311 15 15
300 318 15 15
301 318 15 15
301 319 15 15
301 310 15 15
301 312 15 15
302 314 15 15
302 318 15 15
302 307 15 15
302 317 15 15
303 308 15 15
303 311 15 15
303 319 15 15
303 316 15 15
93 19 4 0
98 49 4 2
86 79 4 3
90 21 4 1
115 76 5 3
114 3 5 0
116 27 5 1
118 91 5 4
132 20 6 1
124 47 6 2
139 11 6 0
139 90 6 4
151 24 7 1
150 45 7 2
151 4 7 0
159 94 7 4
170 84 8 4
171 46 8 2
162 27 8 1
175 133 8 6
193 119 9 5
185 53 9 2
185 28 9 1
192 14 9 0
207 118 10 5
214 197 10 9
210 8 10 0
209 66 10 3
239 75 11 3
225 29 11 1
225 146 11 7
225 135 11 6
248 167 12 8
255 117 12 5
248 189 12 9
245 51 12 2
278 210 13 10
262 171 13 8
278 226 13 11
260 256 13 12
287 75 14 3
285 121 14 6
295 39 14 1
282 195 14 9
309 154 15 7
300 188 15 9
301 271 15 13
314 7 15 0
10 253 0 12
6 237 0 11
7 282 0 14
9 163 0 8
22 241 1 12
26 265 1 13
35 303 1 15
34 209 1 10
55 225 2 11
40 217 2 10
49 283 2 14
46 310 2 15
73 305 3 15
71 265 3 13
76 137 3 6
74 161 3 8
