swNum = 320
edgeNum = 1344

0 0
1 0
2 0
3 0
4 0
5 0
6 0
7 0
8 0
9 0
10 0
11 0
12 0
13 0
14 0
15 0
16 0
17 0
18 0
19 0
20 1
21 1
22 1
23 1
24 1
25 1
26 1
27 1
28 1
29 1
30 1
31 1
32 1
33 1
34 1
35 1
36 1
37 1
38 1
39 1
40 2
41 2
42 2
43 2
44 2
45 2
46 2
47 2
48 2
49 2
50 2
51 2
52 2
53 2
54 2
55 2
56 2
57 2
58 2
59 2
60 3
61 3
62 3
63 3
64 3
65 3
66 3
67 3
68 3
69 3
70 3
71 3
72 3
73 3
74 3
75 3
76 3
77 3
78 3
79 3
80 4
81 4
82 4
83 4
84 4
85 4
86 4
87 4
88 4
89 4
90 4
91 4
92 4
93 4
94 4
95 4
96 4
97 4
98 4
99 4
100 5
101 5
102 5
103 5
104 5
105 5
106 5
107 5
108 5
109 5
110 5
111 5
112 5
113 5
114 5
115 5
116 5
117 5
118 5
119 5
120 6
121 6
122 6
123 6
124 6
125 6
126 6
127 6
128 6
129 6
130 6
131 6
132 6
133 6
134 6
135 6
136 6
137 6
138 6
139 6
140 7
141 7
142 7
143 7
144 7
145 7
146 7
147 7
148 7
149 7
150 7
151 7
152 7
153 7
154 7
155 7
156 7
157 7
158 7
159 7
160 8
161 8
162 8
163 8
164 8
165 8
166 8
167 8
168 8
169 8
170 8
171 8
172 8
173 8
174 8
175 8
176 8
177 8
178 8
179 8
180 9
181 9
182 9
183 9
184 9
185 9
186 9
187 9
188 9
189 9
190 9
191 9
192 9
193 9
194 9
195 9
196 9
197 9
198 9
199 9
200 10
201 10
202 10
203 10
204 10
205 10
206 10
207 10
208 10
209 10
210 10
211 10
212 10
213 10
214 10
215 10
216 10
217 10
218 10
219 10
220 11
221 11
222 11
223 11
224 11
225 11
226 11
227 11
228 11
229 11
230 11
231 11
232 11
233 11
234 11
235 11
236 11
237 11
238 11
239 11
240 12
241 12
242 12
243 12
244 12
245 12
246 12
247 12
248 12
249 12
250 12
251 12
252 12
253 12
254 12
255 12
256 12
257 12
258 12
259 12
260 13
261 13
262 13
263 13
264 13
265 13
266 13
267 13
268 13
269 13
270 13
271 13
272 13
273 13
274 13
275 13
276 13
277 13
278 13
279 13
280 14
281 14
282 14
283 14
284 14
285 14
286 14
287 14
288 14
289 14
290 14
291 14
292 14
293 14
294 14
295 14
296 14
297 14
298 14
299 14
300 15
301 15
302 15
303 15
304 15
305 15
306 15
307 15
308 15
309 15
310 15
311 15
312 15
313 15
314 15
315 15
316 15
317 15
318 15
319 15

4 2 0 0
4 0 0 0
4 3 0 0
4 1 0 0
5 3 0 0
5 4 0 0
5 1 0 0
5 2 0 0
6 3 0 0
6 5 0 0
6 4 0 0
6 1 0 0
7 6 0 0
7 2 0 0
7 5 0 0
7 0 0 0
8 7 0 0
8 6 0 0
8 4 0 0
8 2 0 0
9 1 0 0
9 4 0 0
9 0 0 0
9 3 0 0
10 2 0 0
10 1 0 0
10 9 0 0
10 0 0 0
11 9 0 0
11 7 0 0
11 8 0 0
11 0 0 0
12 8 0 0
12 0 0 0
12 2 0 0
12 10 0 0
13 11 0 0
13 5 0 0
13 4 0 0
13 7 0 0
14 1 0 0
14 0 0 0
14 12 0 0
14 10 0 0
15 5 0 0
15 1 0 0
15 13 0 0
15 10 0 0
16 12 0 0
16 10 0 0
16 0 0 0
16 5 0 0
17 12 0 0
17 8 0 0
17 11 0 0
17 2 0 0
18 7 0 0
18 17 0 0
18 11 0 0
18 8 0 0
19 2 0 0
19 1 0 0
19 8 0 0
19 10 0 0
0 19 0 0
0 13 0 0
0 15 0 0
0 17 0 0
1 8 0 0
1 17 0 0
1 12 0 0
1 18 0 0
2 14 0 0
2 13 0 0
2 16 0 0
2 6 0 0
3 7 0 0
3 15 0 0
3 11 0 0
3 8 0 0
24 22 1 1
24 21 1 1
24 20 1 1
24 23 1 1
25 23 1 1
25 20 1 1
25 22 1 1
25 24 1 1
26 24 1 1
26 21 1 1
26 22 1 1
26 23 1 1
27 25 1 1
27 23 1 1
27 21 1 1
27 24 1 1
28 26 1 1
28 22 1 1
28 21 1 1
28 27 1 1
29 28 1 1
29 23 1 1
29 25 1 1
29 21 1 1
30 29 1 1
30 28 1 1
30 21 1 1
30 22 1 1
31 22 1 1
31 20 1 1
31 28 1 1
31 26 1 1
32 24 1 1
32 23 1 1
32 28 1 1
32 29 1 1
33 31 1 1
33 26 1 1
33 24 1 1
33 21 1 1
34 20 1 1
34 30 1 1
34 31 1 1
34 22 1 1
35 30 1 1
35 21 1 1
35 27 1 1
35 31 1 1
36 34 1 1
36 22 1 1
36 20 1 1
36 23 1 1
37 23 1 1
37 35 1 1
37 22 1 1
37 31 1 1
38 22 1 1
38 32 1 1
38 29 1 1
38 25 1 1
39 35 1 1
39 36 1 1
39 31 1 1
39 21 1 1
20 37 1 1
20 39 1 1
20 26 1 1
20 38 1 1
21 31 1 1
21 32 1 1
21 36 1 1
21 25 1 1
22 32 1 1
22 33 1 1
22 39 1 1
22 29 1 1
23 39 1 1
23 33 1 1
23 28 1 1
23 30 1 1
44 41 2 2
44 42 2 2
44 43 2 2
44 40 2 2
45 42 2 2
45 43 2 2
45 41 2 2
45 44 2 2
46 40 2 2
46 45 2 2
46 42 2 2
46 44 2 2
47 41 2 2
47 44 2 2
47 46 2 2
47 45 2 2
48 44 2 2
48 41 2 2
48 46 2 2
48 47 2 2
49 47 2 2
49 41 2 2
49 45 2 2
49 46 2 2
50 43 2 2
50 45 2 2
50 48 2 2
50 46 2 2
51 40 2 2
51 43 2 2
51 47 2 2
51 46 2 2
52 46 2 2
52 50 2 2
52 44 2 2
52 45 2 2
53 51 2 2
53 45 2 2
53 42 2 2
53 46 2 2
54 48 2 2
54 51 2 2
54 49 2 2
54 44 2 2
55 52 2 2
55 44 2 2
55 40 2 2
55 46 2 2
56 44 2 2
56 48 2 2
56 47 2 2
56 54 2 2
57 43 2 2
57 45 2 2
57 53 2 2
57 47 2 2
58 47 2 2
58 48 2 2
58 54 2 2
58 49 2 2
59 47 2 2
59 53 2 2
59 51 2 2
59 52 2 2
40 52 2 2
40 59 2 2
40 45 2 2
40 48 2 2
41 54 2 2
41 58 2 2
41 52 2 2
41 46 2 2
42 59 2 2
42 55 2 2
42 48 2 2
42 49 2 2
43 55 2 2
43 52 2 2
43 47 2 2
43 48 2 2
64 63 3 3
64 61 3 3
64 60 3 3
64 62 3 3
65 62 3 3
65 61 3 3
65 60 3 3
65 63 3 3
66 65 3 3
66 61 3 3
66 62 3 3
66 63 3 3
67 62 3 3
67 66 3 3
67 65 3 3
67 61 3 3
68 66 3 3
68 67 3 3
68 62 3 3
68 65 3 3
69 61 3 3
69 66 3 3
69 67 3 3
69 60 3 3
70 60 3 3
70 65 3 3
70 64 3 3
70 66 3 3
71 64 3 3
71 60 3 3
71 61 3 3
71 65 3 3
72 67 3 3
72 65 3 3
72 68 3 3
72 63 3 3
73 69 3 3
73 66 3 3
73 70 3 3
73 60 3 3
74 66 3 3
74 67 3 3
74 73 3 3
74 71 3 3
75 64 3 3
75 74 3 3
75 71 3 3
75 67 3 3
76 71 3 3
76 67 3 3
76 74 3 3
76 66 3 3
77 76 3 3
77 63 3 3
77 61 3 3
77 66 3 3
78 74 3 3
78 71 3 3
78 70 3 3
78 67 3 3
79 77 3 3
79 73 3 3
79 70 3 3
79 69 3 3
60 75 3 3
60 78 3 3
60 68 3 3
60 67 3 3
61 68 3 3
61 76 3 3
61 74 3 3
61 79 3 3
62 72 3 3
62 71 3 3
62 74 3 3
62 75 3 3
63 79 3 3
63 76 3 3
63 71 3 3
63 69 3 3
84 82 4 4
84 81 4 4
84 83 4 4
84 80 4 4
85 82 4 4
85 81 4 4
85 83 4 4
85 84 4 4
86 84 4 4
86 85 4 4
86 81 4 4
86 80 4 4
87 81 4 4
87 84 4 4
87 85 4 4
87 86 4 4
88 83 4 4
88 84 4 4
88 82 4 4
88 80 4 4
89 87 4 4
89 86 4 4
89 81 4 4
89 85 4 4
90 89 4 4
90 87 4 4
90 84 4 4
90 82 4 4
91 88 4 4
91 80 4 4
91 85 4 4
91 83 4 4
92 90 4 4
92 86 4 4
92 82 4 4
92 80 4 4
93 83 4 4
93 80 4 4
93 92 4 4
93 87 4 4
94 83 4 4
94 93 4 4
94 88 4 4
94 85 4 4
95 80 4 4
95 88 4 4
95 83 4 4
95 91 4 4
96 87 4 4
96 93 4 4
96 95 4 4
96 83 4 4
97 93 4 4
97 88 4 4
97 94 4 4
97 96 4 4
98 86 4 4
98 90 4 4
98 87 4 4
98 82 4 4
99 80 4 4
99 91 4 4
99 88 4 4
99 81 4 4
80 94 4 4
80 96 4 4
80 90 4 4
80 85 4 4
81 98 4 4
81 97 4 4
81 93 4 4
81 90 4 4
82 95 4 4
82 86 4 4
82 91 4 4
82 93 4 4
83 99 4 4
83 97 4 4
83 87 4 4
83 89 4 4
104 101 5 5
104 100 5 5
104 102 5 5
104 103 5 5
105 102 5 5
105 101 5 5
105 104 5 5
105 100 5 5
106 103 5 5
106 101 5 5
106 102 5 5
106 104 5 5
107 101 5 5
107 106 5 5
107 104 5 5
107 103 5 5
108 106 5 5
108 102 5 5
108 107 5 5
108 105 5 5
109 100 5 5
109 108 5 5
109 103 5 5
109 106 5 5
110 108 5 5
110 105 5 5
110 102 5 5
110 104 5 5
111 102 5 5
111 105 5 5
111 101 5 5
111 106 5 5
112 107 5 5
112 103 5 5
112 100 5 5
112 105 5 5
113 112 5 5
113 102 5 5
113 100 5 5
113 109 5 5
114 111 5 5
114 110 5 5
114 105 5 5
114 103 5 5
115 101 5 5
115 111 5 5
115 114 5 5
115 102 5 5
116 100 5 5
116 113 5 5
116 103 5 5
116 112 5 5
117 109 5 5
117 108 5 5
117 110 5 5
117 103 5 5
118 105 5 5
118 110 5 5
118 102 5 5
118 111 5 5
119 112 5 5
119 100 5 5
119 111 5 5
119 104 5 5
100 111 5 5
100 107 5 5
100 106 5 5
100 115 5 5
101 112 5 5
101 119 5 5
101 114 5 5
101 117 5 5
102 114 5 5
102 112 5 5
102 109 5 5
102 107 5 5
103 113 5 5
103 111 5 5
103 119 5 5
103 115 5 5
124 120 6 6
124 121 6 6
124 122 6 6
124 123 6 6
125 120 6 6
125 122 6 6
125 123 6 6
125 121 6 6
126 123 6 6
126 125 6 6
126 122 6 6
126 121 6 6
127 121 6 6
127 124 6 6
127 122 6 6
127 120 6 6
128 123 6 6
128 121 6 6
128 122 6 6
128 124 6 6
129 124 6 6
129 123 6 6
129 127 6 6
129 126 6 6
130 123 6 6
130 128 6 6
130 126 6 6
130 124 6 6
131 122 6 6
131 121 6 6
131 123 6 6
131 124 6 6
132 126 6 6
132 124 6 6
132 125 6 6
132 122 6 6
133 130 6 6
133 125 6 6
133 129 6 6
133 122 6 6
134 127 6 6
134 125 6 6
134 124 6 6
134 120 6 6
135 121 6 6
135 131 6 6
135 120 6 6
135 127 6 6
136 135 6 6
136 134 6 6
136 133 6 6
136 125 6 6
137 126 6 6
137 136 6 6
137 129 6 6
137 125 6 6
138 120 6 6
138 134 6 6
138 135 6 6
138 121 6 6
139 127 6 6
139 128 6 6
139 121 6 6
139 134 6 6
120 130 6 6
120 131 6 6
120 128 6 6
120 139 6 6
121 132 6 6
121 130 6 6
121 134 6 6
121 136 6 6
122 136 6 6
122 129 6 6
122 130 6 6
122 134 6 6
123 135 6 6
123 132 6 6
123 138 6 6
123 137 6 6
144 143 7 7
144 141 7 7
144 142 7 7
144 140 7 7
145 140 7 7
145 144 7 7
145 142 7 7
145 141 7 7
146 142 7 7
146 143 7 7
146 141 7 7
146 140 7 7
147 140 7 7
147 141 7 7
147 143 7 7
147 144 7 7
148 140 7 7
148 141 7 7
148 144 7 7
148 147 7 7
149 141 7 7
149 147 7 7
149 140 7 7
149 144 7 7
150 140 7 7
150 147 7 7
150 141 7 7
150 149 7 7
151 148 7 7
151 147 7 7
151 146 7 7
151 145 7 7
152 141 7 7
152 150 7 7
152 148 7 7
152 147 7 7
153 140 7 7
153 145 7 7
153 151 7 7
153 142 7 7
154 150 7 7
154 147 7 7
154 151 7 7
154 143 7 7
155 140 7 7
155 153 7 7
155 145 7 7
155 151 7 7
156 146 7 7
156 142 7 7
156 153 7 7
156 143 7 7
157 144 7 7
157 150 7 7
157 146 7 7
157 140 7 7
158 154 7 7
158 156 7 7
158 142 7 7
158 151 7 7
159 156 7 7
159 155 7 7
159 146 7 7
159 142 7 7
140 158 7 7
140 159 7 7
140 154 7 7
140 151 7 7
141 151 7 7
141 158 7 7
141 159 7 7
141 156 7 7
142 149 7 7
142 157 7 7
142 150 7 7
142 155 7 7
143 149 7 7
143 150 7 7
143 158 7 7
143 157 7 7
164 163 8 8
164 160 8 8
164 161 8 8
164 162 8 8
165 162 8 8
165 164 8 8
165 161 8 8
165 160 8 8
166 163 8 8
166 164 8 8
166 161 8 8
166 162 8 8
167 165 8 8
167 160 8 8
167 164 8 8
167 161 8 8
168 167 8 8
168 161 8 8
168 160 8 8
168 164 8 8
169 166 8 8
169 161 8 8
169 160 8 8
169 167 8 8
170 162 8 8
170 166 8 8
170 161 8 8
170 163 8 8
171 163 8 8
171 164 8 8
171 166 8 8
171 162 8 8
172 165 8 8
172 170 8 8
172 164 8 8
172 167 8 8
173 164 8 8
173 162 8 8
173 163 8 8
173 171 8 8
174 170 8 8
174 168 8 8
174 171 8 8
174 163 8 8
175 161 8 8
175 173 8 8
175 165 8 8
175 160 8 8
176 166 8 8
176 163 8 8
176 172 8 8
176 169 8 8
177 162 8 8
177 175 8 8
177 160 8 8
177 167 8 8
178 174 8 8
178 161 8 8
178 166 8 8
178 162 8 8
179 168 8 8
179 165 8 8
179 169 8 8
179 171 8 8
160 172 8 8
160 171 8 8
160 170 8 8
160 178 8 8
161 171 8 8
161 179 8 8
161 173 8 8
161 176 8 8
162 176 8 8
162 172 8 8
162 169 8 8
162 179 8 8
163 169 8 8
163 168 8 8
163 175 8 8
163 165 8 8
184 182 9 9
184 180 9 9
184 181 9 9
184 183 9 9
185 184 9 9
185 182 9 9
185 181 9 9
185 183 9 9
186 183 9 9
186 180 9 9
186 184 9 9
186 182 9 9
187 184 9 9
187 182 9 9
187 180 9 9
187 186 9 9
188 180 9 9
188 181 9 9
188 182 9 9
188 185 9 9
189 185 9 9
189 181 9 9
189 187 9 9
189 184 9 9
190 183 9 9
190 186 9 9
190 185 9 9
190 188 9 9
191 186 9 9
191 180 9 9
191 187 9 9
191 182 9 9
192 184 9 9
192 180 9 9
192 186 9 9
192 185 9 9
193 187 9 9
193 181 9 9
193 191 9 9
193 185 9 9
194 188 9 9
194 193 9 9
194 192 9 9
194 181 9 9
195 191 9 9
195 189 9 9
195 187 9 9
195 194 9 9
196 185 9 9
196 188 9 9
196 186 9 9
196 189 9 9
197 196 9 9
197 189 9 9
197 194 9 9
197 183 9 9
198 188 9 9
198 187 9 9
198 195 9 9
198 193 9 9
199 182 9 9
199 191 9 9
199 187 9 9
199 184 9 9
180 199 9 9
180 196 9 9
180 195 9 9
180 185 9 9
181 187 9 9
181 191 9 9
181 195 9 9
181 190 9 9
182 194 9 9
182 195 9 9
182 189 9 9
182 192 9 9
183 194 9 9
183 195 9 9
183 198 9 9
183 196 9 9
204 201 10 10
204 203 10 10
204 202 10 10
204 200 10 10
205 200 10 10
205 204 10 10
205 202 10 10
205 201 10 10
206 204 10 10
206 200 10 10
206 203 10 10
206 202 10 10
207 201 10 10
207 202 10 10
207 203 10 10
207 205 10 10
208 203 10 10
208 206 10 10
208 202 10 10
208 204 10 10
209 201 10 10
209 207 10 10
209 200 10 10
209 202 10 10
210 201 10 10
210 207 10 10
210 203 10 10
210 209 10 10
211 208 10 10
211 209 10 10
211 200 10 10
211 203 10 10
212 202 10 10
212 208 10 10
212 205 10 10
212 201 10 10
213 206 10 10
213 204 10 10
213 205 10 10
213 203 10 10
214 205 10 10
214 207 10 10
214 211 10 10
214 208 10 10
215 205 10 10
215 206 10 10
215 204 10 10
215 200 10 10
216 212 10 10
216 201 10 10
216 205 10 10
216 209 10 10
217 202 10 10
217 201 10 10
217 210 10 10
217 208 10 10
218 214 10 10
218 208 10 10
218 202 10 10
218 201 10 10
219 209 10 10
219 217 10 10
219 202 10 10
219 214 10 10
200 214 10 10
200 218 10 10
200 210 10 10
200 219 10 10
201 215 10 10
201 211 10 10
201 219 10 10
201 208 10 10
202 216 10 10
202 210 10 10
202 214 10 10
202 213 10 10
203 215 10 10
203 214 10 10
203 216 10 10
203 217 10 10
224 220 11 11
224 221 11 11
224 223 11 11
224 222 11 11
225 220 11 11
225 224 11 11
225 223 11 11
225 221 11 11
226 222 11 11
226 220 11 11
226 221 11 11
226 223 11 11
227 224 11 11
227 225 11 11
227 220 11 11
227 221 11 11
228 223 11 11
228 225 11 11
228 222 11 11
228 224 11 11
229 227 11 11
229 225 11 11
229 221 11 11
229 224 11 11
230 228 11 11
230 221 11 11
230 223 11 11
230 225 11 11
231 226 11 11
231 230 11 11
231 227 11 11
231 228 11 11
232 231 11 11
232 230 11 11
232 228 11 11
232 225 11 11
233 220 11 11
233 229 11 11
233 231 11 11
233 223 11 11
234 226 11 11
234 225 11 11
234 222 11 11
234 228 11 11
235 231 11 11
235 230 11 11
235 220 11 11
235 233 11 11
236 224 11 11
236 230 11 11
236 231 11 11
236 229 11 11
237 233 11 11
237 225 11 11
237 227 11 11
237 221 11 11
238 236 11 11
238 237 11 11
238 233 11 11
238 229 11 11
239 232 11 11
239 230 11 11
239 224 11 11
239 225 11 11
220 234 11 11
220 236 11 11
220 229 11 11
220 230 11 11
221 238 11 11
221 228 11 11
221 239 11 11
221 235 11 11
222 231 11 11
222 227 11 11
222 230 11 11
222 233 11 11
223 237 11 11
223 239 11 11
223 232 11 11
223 234 11 11
244 242 12 12
244 241 12 12
244 240 12 12
244 243 12 12
245 240 12 12
245 244 12 12
245 241 12 12
245 243 12 12
246 245 12 12
246 243 12 12
246 240 12 12
246 241 12 12
247 244 12 12
247 243 12 12
247 245 12 12
247 242 12 12
248 240 12 12
248 245 12 12
248 241 12 12
248 244 12 12
249 247 12 12
249 241 12 12
249 246 12 12
249 245 12 12
250 249 12 12
250 245 12 12
250 247 12 12
250 243 12 12
251 249 12 12
251 242 12 12
251 245 12 12
251 243 12 12
252 251 12 12
252 249 12 12
252 245 12 12
252 243 12 12
253 242 12 12
253 240 12 12
253 244 12 12
253 248 12 12
254 242 12 12
254 253 12 12
254 248 12 12
254 243 12 12
255 244 12 12
255 254 12 12
255 251 12 12
255 240 12 12
256 247 12 12
256 241 12 12
256 242 12 12
256 244 12 12
257 251 12 12
257 249 12 12
257 241 12 12
257 250 12 12
258 253 12 12
258 246 12 12
258 244 12 12
258 242 12 12
259 250 12 12
259 256 12 12
259 244 12 12
259 242 12 12
240 247 12 12
240 254 12 12
240 251 12 12
240 258 12 12
241 255 12 12
241 251 12 12
241 254 12 12
241 250 12 12
242 250 12 12
242 249 12 12
242 255 12 12
242 248 12 12
243 258 12 12
243 255 12 12
243 253 12 12
243 248 12 12
264 260 13 13
264 261 13 13
264 263 13 13
264 262 13 13
265 260 13 13
265 261 13 13
265 262 13 13
265 264 13 13
266 264 13 13
266 260 13 13
266 265 13 13
266 262 13 13
267 265 13 13
267 266 13 13
267 260 13 13
267 261 13 13
268 263 13 13
268 265 13 13
268 264 13 13
268 267 13 13
269 263 13 13
269 267 13 13
269 268 13 13
269 264 13 13
270 264 13 13
270 267 13 13
270 266 13 13
270 269 13 13
271 265 13 13
271 264 13 13
271 261 13 13
271 263 13 13
272 268 13 13
272 264 13 13
272 260 13 13
272 262 13 13
273 268 13 13
273 261 13 13
273 265 13 13
273 263 13 13
274 273 13 13
274 261 13 13
274 265 13 13
274 260 13 13
275 266 13 13
275 265 13 13
275 263 13 13
275 268 13 13
276 275 13 13
276 270 13 13
276 273 13 13
276 271 13 13
277 265 13 13
277 276 13 13
277 262 13 13
277 261 13 13
278 270 13 13
278 265 13 13
278 264 13 13
278 272 13 13
279 275 13 13
279 264 13 13
279 265 13 13
279 274 13 13
260 277 13 13
260 279 13 13
260 276 13 13
260 273 13 13
261 276 13 13
261 268 13 13
261 275 13 13
261 272 13 13
262 269 13 13
262 274 13 13
262 276 13 13
262 268 13 13
263 279 13 13
263 270 13 13
263 274 13 13
263 265 13 13
284 283 14 14
284 280 14 14
284 281 14 14
284 282 14 14
285 282 14 14
285 280 14 14
285 281 14 14
285 284 14 14
286 285 14 14
286 282 14 14
286 283 14 14
286 284 14 14
287 284 14 14
287 282 14 14
287 281 14 14
287 285 14 14
288 286 14 14
288 287 14 14
288 284 14 14
288 280 14 14
289 286 14 14
289 280 14 14
289 288 14 14
289 284 14 14
290 280 14 14
290 289 14 14
290 285 14 14
290 288 14 14
291 285 14 14
291 282 14 14
291 287 14 14
291 284 14 14
292 281 14 14
292 290 14 14
292 284 14 14
292 282 14 14
293 292 14 14
293 285 14 14
293 282 14 14
293 283 14 14
294 286 14 14
294 285 14 14
294 291 14 14
294 281 14 14
295 289 14 14
295 285 14 14
295 286 14 14
295 283 14 14
296 288 14 14
296 294 14 14
296 281 14 14
296 284 14 14
297 284 14 14
297 295 14 14
297 282 14 14
297 290 14 14
298 293 14 14
298 283 14 14
298 280 14 14
298 286 14 14
299 294 14 14
299 283 14 14
299 298 14 14
299 290 14 14
280 286 14 14
280 287 14 14
280 295 14 14
280 294 14 14
281 286 14 14
281 289 14 14
281 297 14 14
281 288 14 14
282 294 14 14
282 299 14 14
282 296 14 14
282 295 14 14
283 292 14 14
283 285 14 14
283 297 14 14
283 288 14 14
304 302 15 15
304 303 15 15
304 300 15 15
304 301 15 15
305 301 15 15
305 302 15 15
305 303 15 15
305 304 15 15
306 305 15 15
306 303 15 15
306 300 15 15
306 304 15 15
307 302 15 15
307 306 15 15
307 305 15 15
307 304 15 15
308 307 15 15
308 300 15 15
308 303 15 15
308 304 15 15
309 304 15 15
309 307 15 15
309 300 15 15
309 308 15 15
310 300 15 15
310 307 15 15
310 309 15 15
310 308 15 15
311 301 15 15
311 306 15 15
311 305 15 15
311 307 15 15
312 301 15 15
312 308 15 15
312 310 15 15
312 307 15 15
313 308 15 15
313 307 15 15
313 300 15 15
313 309 15 15
314 303 15 15
314 304 15 15
314 311 15 15
314 302 15 15
315 309 15 15
315 307 15 15
315 311 15 15
315 308 15 15
316 307 15 15
316 309 15 15
316 313 15 15
316 304 15 15
317 309 15 15
317 304 15 15
317 301 15 15
317 307 15 15
318 303 15 15
318 317 15 15
318 308 15 15
318 300 15 15
319 306 15 15
319 302 15 15
319 314 15 15
319 305 15 15
300 305 15 15
300 307 15 15
300 319 15 15
300 315 15 15
301 306 15 15
301 315 15 15
301 318 15 15
301 308 15 15
302 312 15 15
302 309 15 15
302 316 15 15
302 317 15 15
303 309 15 15
303 315 15 15
303 307 15 15
303 319 15 15
88 55 4 2
84 31 4 1
89 65 4 3
95 15 4 0
119 88 5 4
113 64 5 3
118 45 5 2
110 24 5 1
122 41 6 2
125 104 6 5
125 90 6 4
131 15 6 0
159 103 7 5
152 131 7 6
140 53 7 2
159 89 7 4
175 6 8 0
164 77 8 3
178 31 8 1
173 97 8 4
186 34 9 1
194 126 9 6
194 55 9 2
183 5 9 0
215 114 10 5
205 60 10 3
218 154 10 7
212 124 10 6
233 4 11 0
235 161 11 8
238 84 11 4
232 189 11 9
244 177 12 8
252 11 12 0
259 220 12 11
255 39 12 1
272 244 13 12
278 202 13 10
277 107 13 5
270 231 13 11
287 83 14 4
295 203 14 10
290 67 14 3
292 117 14 5
301 261 15 13
312 205 15 10
302 92 15 4
310 282 15 14
5 144 0 7
8 277 0 13
14 208 0 10
18 319 0 15
26 305 1 15
22 127 1 6
34 233 1 11
35 291 1 14
41 213 2 10
57 313 2 15
46 274 2 13
51 292 2 14
73 275 3 13
61 199 3 9
69 247 3 12
77 221 3 11
