swNum = 320
edgeNum = 1344

0 0
1 0
2 0
3 0
4 0
5 0
6 0
7 0
8 0
9 0
10 0
11 0
12 0
13 0
14 0
15 0
16 0
17 0
18 0
19 0
20 1
21 1
22 1
23 1
24 1
25 1
26 1
27 1
28 1
29 1
30 1
31 1
32 1
33 1
34 1
35 1
36 1
37 1
38 1
39 1
40 2
41 2
42 2
43 2
44 2
45 2
46 2
47 2
48 2
49 2
50 2
51 2
52 2
53 2
54 2
55 2
56 2
57 2
58 2
59 2
60 3
61 3
62 3
63 3
64 3
65 3
66 3
67 3
68 3
69 3
70 3
71 3
72 3
73 3
74 3
75 3
76 3
77 3
78 3
79 3
80 4
81 4
82 4
83 4
84 4
85 4
86 4
87 4
88 4
89 4
90 4
91 4
92 4
93 4
94 4
95 4
96 4
97 4
98 4
99 4
100 5
101 5
102 5
103 5
104 5
105 5
106 5
107 5
108 5
109 5
110 5
111 5
112 5
113 5
114 5
115 5
116 5
117 5
118 5
119 5
120 6
121 6
122 6
123 6
124 6
125 6
126 6
127 6
128 6
129 6
130 6
131 6
132 6
133 6
134 6
135 6
136 6
137 6
138 6
139 6
140 7
141 7
142 7
143 7
144 7
145 7
146 7
147 7
148 7
149 7
150 7
151 7
152 7
153 7
154 7
155 7
156 7
157 7
158 7
159 7
160 8
161 8
162 8
163 8
164 8
165 8
166 8
167 8
168 8
169 8
170 8
171 8
172 8
173 8
174 8
175 8
176 8
177 8
178 8
179 8
180 9
181 9
182 9
183 9
184 9
185 9
186 9
187 9
188 9
189 9
190 9
191 9
192 9
193 9
194 9
195 9
196 9
197 9
198 9
199 9
200 10
201 10
202 10
203 10
204 10
205 10
206 10
207 10
208 10
209 10
210 10
211 10
212 10
213 10
214 10
215 10
216 10
217 10
218 10
219 10
220 11
221 11
222 11
223 11
224 11
225 11
226 11
227 11
228 11
229 11
230 11
231 11
232 11
233 11
234 11
235 11
236 11
237 11
238 11
239 11
240 12
241 12
242 12
243 12
244 12
245 12
246 12
247 12
248 12
249 12
250 12
251 12
252 12
253 12
254 12
255 12
256 12
257 12
258 12
259 12
260 13
261 13
262 13
263 13
264 13
265 13
266 13
267 13
268 13
269 13
270 13
271 13
272 13
273 13
274 13
275 13
276 13
277 13
278 13
279 13
280 14
281 14
282 14
283 14
284 14
285 14
286 14
287 14
288 14
289 14
290 14
291 14
292 14
293 14
294 14
295 14
296 14
297 14
298 14
299 14
300 15
301 15
302 15
303 15
304 15
305 15
306 15
307 15
308 15
309 15
310 15
311 15
312 15
313 15
314 15
315 15
316 15
317 15
318 15
319 15

4 3 0 0
4 1 0 0
4 0 0 0
4 2 0 0
5 1 0 0
5 0 0 0
5 2 0 0
5 4 0 0
6 0 0 0
6 3 0 0
6 5 0 0
6 1 0 0
7 6 0 0
7 4 0 0
7 5 0 0
7 1 0 0
8 6 0 0
8 4 0 0
8 0 0 0
8 3 0 0
9 2 0 0
9 6 0 0
9 1 0 0
9 0 0 0
10 8 0 0
10 9 0 0
10 3 0 0
10 5 0 0
11 1 0 0
11 6 0 0
11 7 0 0
11 0 0 0
12 8 0 0
12 3 0 0
12 6 0 0
12 0 0 0
13 0 0 0
13 2 0 0
13 1 0 0
13 12 0 0
14 10 0 0
14 3 0 0
14 9 0 0
14 1 0 0
15 11 0 0
15 1 0 0
15 9 0 0
15 2 0 0
16 1 0 0
16 2 0 0
16 13 0 0
16 14 0 0
17 14 0 0
17 6 0 0
17 9 0 0
17 8 0 0
18 7 0 0
18 1 0 0
18 12 0 0
18 17 0 0
19 4 0 0
19 7 0 0
19 9 0 0
19 0 0 0
0 7 0 0
0 18 0 0
0 14 0 0
0 16 0 0
1 17 0 0
1 8 0 0
1 10 0 0
1 12 0 0
2 18 0 0
2 14 0 0
2 8 0 0
2 6 0 0
3 17 0 0
3 9 0 0
3 19 0 0
3 16 0 0
24 23 1 1
24 22 1 1
24 21 1 1
24 20 1 1
25 24 1 1
25 20 1 1
25 23 1 1
25 22 1 1
26 24 1 1
26 23 1 1
26 21 1 1
26 25 1 1
27 21 1 1
27 26 1 1
27 20 1 1
27 25 1 1
28 22 1 1
28 24 1 1
28 21 1 1
28 20 1 1
29 26 1 1
29 21 1 1
29 28 1 1
29 22 1 1
30 20 1 1
30 29 1 1
30 27 1 1
30 25 1 1
31 28 1 1
31 25 1 1
31 20 1 1
31 29 1 1
32 20 1 1
32 28 1 1
32 26 1 1
32 21 1 1
33 29 1 1
33 27 1 1
33 21 1 1
33 25 1 1
34 32 1 1
34 26 1 1
34 27 1 1
34 33 1 1
35 26 1 1
35 32 1 1
35 25 1 1
35 29 1 1
36 27 1 1
36 29 1 1
36 33 1 1
36 35 1 1
37 23 1 1
37 31 1 1
37 35 1 1
37 32 1 1
38 34 1 1
38 33 1 1
38 27 1 1
38 26 1 1
39 35 1 1
39 23 1 1
39 26 1 1
39 37 1 1
20 39 1 1
20 35 1 1
20 37 1 1
20 26 1 1
21 36 1 1
21 34 1 1
21 35 1 1
21 37 1 1
22 34 1 1
22 36 1 1
22 37 1 1
22 26 1 1
23 28 1 1
23 34 1 1
23 35 1 1
23 32 1 1
44 40 2 2
44 41 2 2
44 43 2 2
44 42 2 2
45 41 2 2
45 43 2 2
45 42 2 2
45 40 2 2
46 42 2 2
46 40 2 2
46 43 2 2
46 45 2 2
47 46 2 2
47 43 2 2
47 40 2 2
47 45 2 2
48 41 2 2
48 43 2 2
48 44 2 2
48 42 2 2
49 42 2 2
49 40 2 2
49 47 2 2
49 45 2 2
50 43 2 2
50 49 2 2
50 40 2 2
50 42 2 2
51 40 2 2
51 50 2 2
51 49 2 2
51 42 2 2
52 40 2 2
52 51 2 2
52 50 2 2
52 48 2 2
53 49 2 2
53 52 2 2
53 41 2 2
53 43 2 2
54 41 2 2
54 52 2 2
54 45 2 2
54 44 2 2
55 43 2 2
55 49 2 2
55 45 2 2
55 54 2 2
56 51 2 2
56 54 2 2
56 53 2 2
56 44 2 2
57 44 2 2
57 52 2 2
57 50 2 2
57 49 2 2
58 50 2 2
58 40 2 2
58 51 2 2
58 42 2 2
59 53 2 2
59 50 2 2
59 45 2 2
59 54 2 2
40 55 2 2
40 53 2 2
40 48 2 2
40 56 2 2
41 56 2 2
41 47 2 2
41 49 2 2
41 55 2 2
42 59 2 2
42 55 2 2
42 47 2 2
42 54 2 2
43 49 2 2
43 52 2 2
43 58 2 2
43 51 2 2
64 60 3 3
64 61 3 3
64 62 3 3
64 63 3 3
65 61 3 3
65 64 3 3
65 60 3 3
65 62 3 3
66 61 3 3
66 64 3 3
66 63 3 3
66 62 3 3
67 63 3 3
67 61 3 3
67 62 3 3
67 65 3 3
68 60 3 3
68 63 3 3
68 64 3 3
68 61 3 3
69 66 3 3
69 67 3 3
69 64 3 3
69 60 3 3
70 68 3 3
70 62 3 3
70 66 3 3
70 60 3 3
71 61 3 3
71 65 3 3
71 67 3 3
71 70 3 3
72 69 3 3
72 68 3 3
72 63 3 3
72 70 3 3
73 64 3 3
73 69 3 3
73 65 3 3
73 72 3 3
74 65 3 3
74 73 3 3
74 64 3 3
74 69 3 3
75 62 3 3
75 73 3 3
75 63 3 3
75 61 3 3
76 66 3 3
76 67 3 3
76 73 3 3
76 69 3 3
77 63 3 3
77 75 3 3
77 73 3 3
77 71 3 3
78 65 3 3
78 77 3 3
78 69 3 3
78 61 3 3
79 74 3 3
79 62 3 3
79 78 3 3
79 75 3 3
60 71 3 3
60 75 3 3
60 77 3 3
60 67 3 3
61 70 3 3
61 69 3 3
61 73 3 3
61 77 3 3
62 72 3 3
62 68 3 3
62 71 3 3
62 78 3 3
63 73 3 3
63 79 3 3
63 78 3 3
63 71 3 3
84 80 4 4
84 82 4 4
84 81 4 4
84 83 4 4
85 81 4 4
85 83 4 4
85 82 4 4
85 84 4 4
86 83 4 4
86 81 4 4
86 85 4 4
86 82 4 4
87 86 4 4
87 83 4 4
87 85 4 4
87 81 4 4
88 81 4 4
88 85 4 4
88 82 4 4
88 80 4 4
89 85 4 4
89 81 4 4
89 86 4 4
89 87 4 4
90 80 4 4
90 84 4 4
90 88 4 4
90 85 4 4
91 86 4 4
91 83 4 4
91 87 4 4
91 85 4 4
92 84 4 4
92 90 4 4
92 80 4 4
92 81 4 4
93 86 4 4
93 89 4 4
93 85 4 4
93 90 4 4
94 89 4 4
94 88 4 4
94 84 4 4
94 80 4 4
95 86 4 4
95 88 4 4
95 91 4 4
95 89 4 4
96 88 4 4
96 84 4 4
96 82 4 4
96 92 4 4
97 80 4 4
97 82 4 4
97 90 4 4
97 86 4 4
98 87 4 4
98 85 4 4
98 83 4 4
98 86 4 4
99 89 4 4
99 85 4 4
99 91 4 4
99 82 4 4
80 98 4 4
80 91 4 4
80 96 4 4
80 99 4 4
81 93 4 4
81 96 4 4
81 95 4 4
81 97 4 4
82 87 4 4
82 92 4 4
82 90 4 4
82 93 4 4
83 88 4 4
83 97 4 4
83 99 4 4
83 89 4 4
104 101 5 5
104 103 5 5
104 102 5 5
104 100 5 5
105 100 5 5
105 102 5 5
105 104 5 5
105 103 5 5
106 100 5 5
106 103 5 5
106 105 5 5
106 102 5 5
107 106 5 5
107 105 5 5
107 102 5 5
107 104 5 5
108 103 5 5
108 101 5 5
108 100 5 5
108 107 5 5
109 108 5 5
109 102 5 5
109 106 5 5
109 103 5 5
110 103 5 5
110 101 5 5
110 105 5 5
110 104 5 5
111 110 5 5
111 103 5 5
111 108 5 5
111 104 5 5
112 102 5 5
112 109 5 5
112 105 5 5
112 110 5 5
113 104 5 5
113 101 5 5
113 108 5 5
113 107 5 5
114 109 5 5
114 101 5 5
114 112 5 5
114 105 5 5
115 109 5 5
115 100 5 5
115 112 5 5
115 108 5 5
116 114 5 5
116 113 5 5
116 101 5 5
116 115 5 5
117 115 5 5
117 116 5 5
117 112 5 5
117 109 5 5
118 112 5 5
118 114 5 5
118 106 5 5
118 110 5 5
119 112 5 5
119 116 5 5
119 113 5 5
119 106 5 5
100 112 5 5
100 118 5 5
100 119 5 5
100 114 5 5
101 118 5 5
101 112 5 5
101 109 5 5
101 119 5 5
102 114 5 5
102 117 5 5
102 116 5 5
102 110 5 5
103 117 5 5
103 113 5 5
103 114 5 5
103 115 5 5
124 120 6 6
124 123 6 6
124 121 6 6
124 122 6 6
125 120 6 6
125 121 6 6
125 123 6 6
125 124 6 6
126 123 6 6
126 124 6 6
126 125 6 6
126 122 6 6
127 120 6 6
127 125 6 6
127 121 6 6
127 124 6 6
128 126 6 6
128 124 6 6
128 125 6 6
128 121 6 6
129 126 6 6
129 123 6 6
129 122 6 6
129 124 6 6
130 129 6 6
130 123 6 6
130 128 6 6
130 122 6 6
131 120 6 6
131 125 6 6
131 128 6 6
131 123 6 6
132 122 6 6
132 127 6 6
132 123 6 6
132 125 6 6
133 120 6 6
133 132 6 6
133 125 6 6
133 126 6 6
134 132 6 6
134 131 6 6
134 127 6 6
134 130 6 6
135 126 6 6
135 127 6 6
135 123 6 6
135 133 6 6
136 123 6 6
136 131 6 6
136 134 6 6
136 135 6 6
137 135 6 6
137 126 6 6
137 123 6 6
137 124 6 6
138 131 6 6
138 120 6 6
138 132 6 6
138 124 6 6
139 121 6 6
139 134 6 6
139 136 6 6
139 130 6 6
120 137 6 6
120 126 6 6
120 136 6 6
120 135 6 6
121 132 6 6
121 138 6 6
121 131 6 6
121 133 6 6
122 137 6 6
122 135 6 6
122 131 6 6
122 136 6 6
123 133 6 6
123 139 6 6
123 128 6 6
123 134 6 6
144 142 7 7
144 140 7 7
144 143 7 7
144 141 7 7
145 140 7 7
145 144 7 7
145 143 7 7
145 142 7 7
146 143 7 7
146 141 7 7
146 140 7 7
146 144 7 7
147 143 7 7
147 146 7 7
147 140 7 7
147 144 7 7
148 142 7 7
148 146 7 7
148 143 7 7
148 141 7 7
149 145 7 7
149 142 7 7
149 144 7 7
149 148 7 7
150 146 7 7
150 145 7 7
150 141 7 7
150 144 7 7
151 147 7 7
151 140 7 7
151 149 7 7
151 145 7 7
152 145 7 7
152 141 7 7
152 144 7 7
152 149 7 7
153 143 7 7
153 149 7 7
153 148 7 7
153 151 7 7
154 144 7 7
154 153 7 7
154 148 7 7
154 151 7 7
155 144 7 7
155 141 7 7
155 150 7 7
155 147 7 7
156 143 7 7
156 142 7 7
156 155 7 7
156 147 7 7
157 149 7 7
157 155 7 7
157 156 7 7
157 154 7 7
158 153 7 7
158 151 7 7
158 156 7 7
158 157 7 7
159 154 7 7
159 153 7 7
159 150 7 7
159 146 7 7
140 155 7 7
140 152 7 7
140 153 7 7
140 156 7 7
141 157 7 7
141 154 7 7
141 147 7 7
141 159 7 7
142 158 7 7
142 157 7 7
142 151 7 7
142 153 7 7
143 158 7 7
143 157 7 7
143 159 7 7
143 155 7 7
164 162 8 8
164 161 8 8
164 163 8 8
164 160 8 8
165 162 8 8
165 164 8 8
165 161 8 8
165 163 8 8
166 164 8 8
166 162 8 8
166 161 8 8
166 165 8 8
167 164 8 8
167 160 8 8
167 163 8 8
167 161 8 8
168 160 8 8
168 163 8 8
168 167 8 8
168 161 8 8
169 161 8 8
169 162 8 8
169 160 8 8
169 164 8 8
170 164 8 8
170 162 8 8
170 165 8 8
170 166 8 8
171 161 8 8
171 168 8 8
171 167 8 8
171 166 8 8
172 161 8 8
172 170 8 8
172 166 8 8
172 169 8 8
173 164 8 8
173 161 8 8
173 168 8 8
173 163 8 8
174 171 8 8
174 168 8 8
174 163 8 8
174 167 8 8
175 163 8 8
175 161 8 8
175 170 8 8
175 173 8 8
176 172 8 8
176 171 8 8
176 174 8 8
176 166 8 8
177 163 8 8
177 175 8 8
177 173 8 8
177 161 8 8
178 161 8 8
178 175 8 8
178 166 8 8
178 173 8 8
179 175 8 8
179 167 8 8
179 173 8 8
179 171 8 8
160 179 8 8
160 166 8 8
160 174 8 8
160 171 8 8
161 174 8 8
161 176 8 8
161 170 8 8
161 179 8 8
162 175 8 8
162 173 8 8
162 167 8 8
162 168 8 8
163 171 8 8
163 166 8 8
163 178 8 8
163 176 8 8
184 180 9 9
184 182 9 9
184 181 9 9
184 183 9 9
185 183 9 9
185 182 9 9
185 184 9 9
185 181 9 9
186 180 9 9
186 184 9 9
186 185 9 9
186 182 9 9
187 182 9 9
187 183 9 9
187 185 9 9
187 180 9 9
188 184 9 9
188 182 9 9
188 180 9 9
188 185 9 9
189 182 9 9
189 188 9 9
189 180 9 9
189 187 9 9
190 181 9 9
190 184 9 9
190 189 9 9
190 187 9 9
191 183 9 9
191 184 9 9
191 185 9 9
191 187 9 9
192 186 9 9
192 189 9 9
192 190 9 9
192 180 9 9
193 189 9 9
193 185 9 9
193 191 9 9
193 192 9 9
194 193 9 9
194 182 9 9
194 185 9 9
194 188 9 9
195 192 9 9
195 187 9 9
195 183 9 9
195 184 9 9
196 190 9 9
196 184 9 9
196 185 9 9
196 194 9 9
197 190 9 9
197 182 9 9
197 193 9 9
197 189 9 9
198 195 9 9
198 183 9 9
198 189 9 9
198 186 9 9
199 192 9 9
199 184 9 9
199 189 9 9
199 193 9 9
180 196 9 9
180 193 9 9
180 185 9 9
180 198 9 9
181 191 9 9
181 187 9 9
181 193 9 9
181 199 9 9
182 192 9 9
182 198 9 9
182 191 9 9
182 193 9 9
183 196 9 9
183 189 9 9
183 192 9 9
183 199 9 9
204 200 10 10
204 203 10 10
204 202 10 10
204 201 10 10
205 204 10 10
205 203 10 10
205 200 10 10
205 201 10 10
206 201 10 10
206 203 10 10
206 205 10 10
206 204 10 10
207 202 10 10
207 200 10 10
207 203 10 10
207 201 10 10
208 201 10 10
208 203 10 10
208 205 10 10
208 204 10 10
209 208 10 10
209 203 10 10
209 205 10 10
209 206 10 10
210 200 10 10
210 207 10 10
210 201 10 10
210 204 10 10
211 209 10 10
211 204 10 10
211 208 10 10
211 207 10 10
212 204 10 10
212 205 10 10
212 203 10 10
212 200 10 10
213 201 10 10
213 206 10 10
213 204 10 10
213 208 10 10
214 207 10 10
214 210 10 10
214 212 10 10
214 204 10 10
215 203 10 10
215 204 10 10
215 205 10 10
215 206 10 10
216 204 10 10
216 209 10 10
216 214 10 10
216 212 10 10
217 213 10 10
217 202 10 10
217 208 10 10
217 205 10 10
218 215 10 10
218 208 10 10
218 200 10 10
218 204 10 10
219 204 10 10
219 210 10 10
219 208 10 10
219 213 10 10
200 216 10 10
200 215 10 10
200 214 10 10
200 217 10 10
201 209 10 10
201 217 10 10
201 215 10 10
201 218 10 10
202 213 10 10
202 208 10 10
202 209 10 10
202 218 10 10
203 211 10 10
203 213 10 10
203 217 10 10
203 216 10 10
224 223 11 11
224 222 11 11
224 220 11 11
224 221 11 11
225 224 11 11
225 223 11 11
225 222 11 11
225 221 11 11
226 222 11 11
226 221 11 11
226 220 11 11
226 225 11 11
227 223 11 11
227 222 11 11
227 225 11 11
227 220 11 11
228 225 11 11
228 220 11 11
228 222 11 11
228 224 11 11
229 227 11 11
229 220 11 11
229 226 11 11
229 222 11 11
230 227 11 11
230 223 11 11
230 221 11 11
230 229 11 11
231 230 11 11
231 221 11 11
231 228 11 11
231 223 11 11
232 228 11 11
232 221 11 11
232 231 11 11
232 222 11 11
233 225 11 11
233 228 11 11
233 224 11 11
233 227 11 11
234 227 11 11
234 228 11 11
234 220 11 11
234 222 11 11
235 224 11 11
235 233 11 11
235 223 11 11
235 220 11 11
236 233 11 11
236 227 11 11
236 234 11 11
236 223 11 11
237 220 11 11
237 225 11 11
237 228 11 11
237 227 11 11
238 225 11 11
238 223 11 11
238 220 11 11
238 227 11 11
239 233 11 11
239 232 11 11
239 221 11 11
239 235 11 11
220 236 11 11
220 233 11 11
220 225 11 11
220 232 11 11
221 236 11 11
221 235 11 11
221 228 11 11
221 227 11 11
222 233 11 11
222 236 11 11
222 237 11 11
222 239 11 11
223 228 11 11
223 239 11 11
223 233 11 11
223 234 11 11
244 243 12 12
244 242 12 12
244 240 12 12
244 241 12 12
245 244 12 12
245 243 12 12
245 242 12 12
245 241 12 12
246 243 12 12
246 241 12 12
246 242 12 12
246 244 12 12
247 245 12 12
247 244 12 12
247 243 12 12
247 246 12 12
248 245 12 12
248 247 12 12
248 241 12 12
248 243 12 12
249 243 12 12
249 241 12 12
249 246 12 12
249 248 12 12
250 244 12 12
250 240 12 12
250 247 12 12
250 243 12 12
251 241 12 12
251 246 12 12
251 250 12 12
251 244 12 12
252 248 12 12
252 245 12 12
252 247 12 12
252 244 12 12
253 240 12 12
253 248 12 12
253 247 12 12
253 242 12 12
254 246 12 12
254 249 12 12
254 241 12 12
254 240 12 12
255 241 12 12
255 248 12 12
255 250 12 12
255 249 12 12
256 255 12 12
256 241 12 12
256 250 12 12
256 247 12 12
257 254 12 12
257 253 12 12
257 256 12 12
257 249 12 12
258 243 12 12
258 250 12 12
258 240 12 12
258 252 12 12
259 253 12 12
259 242 12 12
259 244 12 12
259 248 12 12
240 248 12 12
240 256 12 12
240 257 12 12
240 252 12 12
241 250 12 12
241 253 12 12
241 258 12 12
241 257 12 12
242 251 12 12
242 252 12 12
242 248 12 12
242 254 12 12
243 259 12 12
243 251 12 12
243 252 12 12
243 256 12 12
264 261 13 13
264 263 13 13
264 260 13 13
264 262 13 13
265 261 13 13
265 263 13 13
265 260 13 13
265 264 13 13
266 260 13 13
266 262 13 13
266 263 13 13
266 264 13 13
267 260 13 13
267 262 13 13
267 263 13 13
267 261 13 13
268 265 13 13
268 262 13 13
268 260 13 13
268 266 13 13
269 268 13 13
269 267 13 13
269 266 13 13
269 260 13 13
270 265 13 13
270 262 13 13
270 261 13 13
270 268 13 13
271 260 13 13
271 264 13 13
271 261 13 13
271 268 13 13
272 266 13 13
272 264 13 13
272 270 13 13
272 262 13 13
273 263 13 13
273 271 13 13
273 260 13 13
273 268 13 13
274 264 13 13
274 262 13 13
274 267 13 13
274 265 13 13
275 263 13 13
275 262 13 13
275 266 13 13
275 274 13 13
276 262 13 13
276 273 13 13
276 269 13 13
276 268 13 13
277 268 13 13
277 272 13 13
277 271 13 13
277 267 13 13
278 262 13 13
278 275 13 13
278 273 13 13
278 269 13 13
279 261 13 13
279 262 13 13
279 270 13 13
279 267 13 13
260 276 13 13
260 275 13 13
260 279 13 13
260 274 13 13
261 274 13 13
261 273 13 13
261 268 13 13
261 276 13 13
262 271 13 13
262 273 13 13
262 265 13 13
262 277 13 13
263 278 13 13
263 276 13 13
263 268 13 13
263 274 13 13
284 281 14 14
284 280 14 14
284 282 14 14
284 283 14 14
285 281 14 14
285 283 14 14
285 284 14 14
285 280 14 14
286 282 14 14
286 285 14 14
286 283 14 14
286 281 14 14
287 284 14 14
287 281 14 14
287 286 14 14
287 280 14 14
288 286 14 14
288 281 14 14
288 284 14 14
288 282 14 14
289 287 14 14
289 283 14 14
289 282 14 14
289 280 14 14
290 286 14 14
290 282 14 14
290 289 14 14
290 281 14 14
291 288 14 14
291 283 14 14
291 282 14 14
291 286 14 14
292 280 14 14
292 281 14 14
292 283 14 14
292 291 14 14
293 283 14 14
293 281 14 14
293 289 14 14
293 288 14 14
294 292 14 14
294 286 14 14
294 290 14 14
294 285 14 14
295 281 14 14
295 294 14 14
295 284 14 14
295 282 14 14
296 284 14 14
296 295 14 14
296 294 14 14
296 289 14 14
297 293 14 14
297 291 14 14
297 284 14 14
297 290 14 14
298 295 14 14
298 282 14 14
298 297 14 14
298 294 14 14
299 297 14 14
299 282 14 14
299 292 14 14
299 281 14 14
280 297 14 14
280 298 14 14
280 286 14 14
280 299 14 14
281 296 14 14
281 294 14 14
281 291 14 14
281 297 14 14
282 296 14 14
282 297 14 14
282 294 14 14
282 293 14 14
283 288 14 14
283 290 14 14
283 295 14 14
283 297 14 14
304 303 15 15
304 302 15 15
304 301 15 15
304 300 15 15
305 304 15 15
305 300 15 15
305 302 15 15
305 303 15 15
306 302 15 15
306 304 15 15
306 305 15 15
306 303 15 15
307 302 15 15
307 305 15 15
307 301 15 15
307 304 15 15
308 302 15 15
308 300 15 15
308 305 15 15
308 301 15 15
309 301 15 15
309 307 15 15
309 304 15 15
309 300 15 15
310 305 15 15
310 307 15 15
310 302 15 15
310 306 15 15
311 308 15 15
311 301 15 15
311 310 15 15
311 302 15 15
312 303 15 15
312 310 15 15
312 301 15 15
312 304 15 15
313 301 15 15
313 304 15 15
313 302 15 15
313 307 15 15
314 308 15 15
314 302 15 15
314 310 15 15
314 305 15 15
315 303 15 15
315 302 15 15
315 304 15 15
315 312 15 15
316 315 15 15
316 305 15 15
316 303 15 15
316 307 15 15
317 311 15 15
317 306 15 15
317 303 15 15
317 301 15 15
318 314 15 15
318 311 15 15
318 310 15 15
318 315 15 15
319 312 15 15
319 316 15 15
319 313 15 15
319 309 15 15
300 315 15 15
300 319 15 15
300 311 15 15
300 310 15 15
301 319 15 15
301 315 15 15
301 316 15 15
301 306 15 15
302 316 15 15
302 317 15 15
302 312 15 15
302 319 15 15
303 311 15 15
303 307 15 15
303 309 15 15
303 319 15 15
82 0 4 0
84 66 4 3
80 43 4 2
92 33 4 1
108 85 5 4
101 62 5 3
114 41 5 2
110 32 5 1
135 28 6 1
134 106 6 5
121 40 6 2
130 2 6 0
157 71 7 3
156 8 7 0
157 95 7 4
140 121 7 6
176 3 8 0
166 41 8 2
171 120 8 6
167 32 8 1
180 74 9 3
190 96 9 4
183 120 9 6
195 26 9 1
202 141 10 7
208 124 10 6
216 93 10 4
205 110 10 5
220 91 11 4
233 66 11 3
225 141 11 7
230 212 11 10
242 146 12 7
257 176 12 8
257 6 12 0
248 238 12 11
265 249 13 12
264 1 13 0
267 84 13 4
260 103 13 5
293 101 14 5
294 99 14 4
283 49 14 2
298 234 14 11
316 282 15 14
308 252 15 12
309 133 15 6
306 210 15 10
17 236 0 11
1 294 0 14
3 302 0 15
11 211 0 10
23 312 1 15
27 299 1 14
20 220 1 11
35 206 1 10
45 187 2 9
42 140 2 7
52 213 2 10
56 242 2 12
68 259 3 12
73 266 3 13
76 286 3 14
78 136 3 6
