swNum = 320
edgeNum = 1344

0 0
1 0
2 0
3 0
4 0
5 0
6 0
7 0
8 0
9 0
10 0
11 0
12 0
13 0
14 0
15 0
16 0
17 0
18 0
19 0
20 1
21 1
22 1
23 1
24 1
25 1
26 1
27 1
28 1
29 1
30 1
31 1
32 1
33 1
34 1
35 1
36 1
37 1
38 1
39 1
40 2
41 2
42 2
43 2
44 2
45 2
46 2
47 2
48 2
49 2
50 2
51 2
52 2
53 2
54 2
55 2
56 2
57 2
58 2
59 2
60 3
61 3
62 3
63 3
64 3
65 3
66 3
67 3
68 3
69 3
70 3
71 3
72 3
73 3
74 3
75 3
76 3
77 3
78 3
79 3
80 4
81 4
82 4
83 4
84 4
85 4
86 4
87 4
88 4
89 4
90 4
91 4
92 4
93 4
94 4
95 4
96 4
97 4
98 4
99 4
100 5
101 5
102 5
103 5
104 5
105 5
106 5
107 5
108 5
109 5
110 5
111 5
112 5
113 5
114 5
115 5
116 5
117 5
118 5
119 5
120 6
121 6
122 6
123 6
124 6
125 6
126 6
127 6
128 6
129 6
130 6
131 6
132 6
133 6
134 6
135 6
136 6
137 6
138 6
139 6
140 7
141 7
142 7
143 7
144 7
145 7
146 7
147 7
148 7
149 7
150 7
151 7
152 7
153 7
154 7
155 7
156 7
157 7
158 7
159 7
160 8
161 8
162 8
163 8
164 8
165 8
166 8
167 8
168 8
169 8
170 8
171 8
172 8
173 8
174 8
175 8
176 8
177 8
178 8
179 8
180 9
181 9
182 9
183 9
184 9
185 9
186 9
187 9
188 9
189 9
190 9
191 9
192 9
193 9
194 9
195 9
196 9
197 9
198 9
199 9
200 10
201 10
202 10
203 10
204 10
205 10
206 10
207 10
208 10
209 10
210 10
211 10
212 10
213 10
214 10
215 10
216 10
217 10
218 10
219 10
220 11
221 11
222 11
223 11
224 11
225 11
226 11
227 11
228 11
229 11
230 11
231 11
232 11
233 11
234 11
235 11
236 11
237 11
238 11
239 11
240 12
241 12
242 12
243 12
244 12
245 12
246 12
247 12
248 12
249 12
250 12
251 12
252 12
253 12
254 12
255 12
256 12
257 12
258 12
259 12
260 13
261 13
262 13
263 13
264 13
265 13
266 13
267 13
268 13
269 13
270 13
271 13
272 13
273 13
274 13
275 13
276 13
277 13
278 13
279 13
280 14
281 14
282 14
283 14
284 14
285 14
286 14
287 14
288 14
289 14
290 14
291 14
292 14
293 14
294 14
295 14
296 14
297 14
298 14
299 14
300 15
301 15
302 15
303 15
304 15
305 15
306 15
307 15
308 15
309 15
310 15
311 15
312 15
313 15
314 15
315 15
316 15
317 15
318 15
319 15

4 0 0 0
4 3 0 0
4 1 0 0
4 2 0 0
5 1 0 0
5 0 0 0
5 2 0 0
5 4 0 0
6 3 0 0
6 4 0 0
6 5 0 0
6 2 0 0
7 1 0 0
7 4 0 0
7 2 0 0
7 6 0 0
8 1 0 0
8 5 0 0
8 2 0 0
8 7 0 0
9 6 0 0
9 4 0 0
9 3 0 0
9 7 0 0
10 8 0 0
10 4 0 0
10 3 0 0
10 2 0 0
11 0 0 0
11 5 0 0
11 1 0 0
11 3 0 0
12 11 0 0
12 8 0 0
12 0 0 0
12 6 0 0
13 1 0 0
13 8 0 0
13 7 0 0
13 12 0 0
14 4 0 0
14 9 0 0
14 6 0 0
14 12 0 0
15 11 0 0
15 9 0 0
15 0 0 0
15 1 0 0
16 5 0 0
16 2 0 0
16 13 0 0
16 11 0 0
17 5 0 0
17 12 0 0
17 11 0 0
17 7 0 0
18 10 0 0
18 8 0 0
18 9 0 0
18 6 0 0
19 4 0 0
19 7 0 0
19 16 0 0
19 13 0 0
0 18 0 0
0 17 0 0
0 8 0 0
0 13 0 0
1 6 0 0
1 17 0 0
1 19 0 0
1 16 0 0
2 12 0 0
2 13 0 0
2 19 0 0
2 18 0 0
3 5 0 0
3 14 0 0
3 12 0 0
3 18 0 0
24 23 1 1
24 21 1 1
24 22 1 1
24 20 1 1
25 22 1 1
25 20 1 1
25 24 1 1
25 21 1 1
26 22 1 1
26 25 1 1
26 24 1 1
26 20 1 1
27 26 1 1
27 24 1 1
27 25 1 1
27 22 1 1
28 24 1 1
28 22 1 1
28 23 1 1
28 26 1 1
29 26 1 1
29 27 1 1
29 28 1 1
29 22 1 1
30 25 1 1
30 26 1 1
30 27 1 1
30 22 1 1
31 30 1 1
31 24 1 1
31 21 1 1
31 22 1 1
32 31 1 1
32 29 1 1
32 23 1 1
32 25 1 1
33 29 1 1
33 22 1 1
33 32 1 1
33 26 1 1
34 26 1 1
34 33 1 1
34 29 1 1
34 27 1 1
35 22 1 1
35 30 1 1
35 20 1 1
35 25 1 1
36 32 1 1
36 34 1 1
36 21 1 1
36 27 1 1
37 27 1 1
37 29 1 1
37 28 1 1
37 34 1 1
38 27 1 1
38 37 1 1
38 33 1 1
38 28 1 1
39 21 1 1
39 34 1 1
39 31 1 1
39 32 1 1
20 30 1 1
20 29 1 1
20 28 1 1
20 27 1 1
21 30 1 1
21 35 1 1
21 28 1 1
21 32 1 1
22 39 1 1
22 37 1 1
22 34 1 1
22 32 1 1
23 39 1 1
23 36 1 1
23 34 1 1
23 33 1 1
44 40 2 2
44 42 2 2
44 43 2 2
44 41 2 2
45 43 2 2
45 41 2 2
45 44 2 2
45 42 2 2
46 43 2 2
46 45 2 2
46 41 2 2
46 40 2 2
47 46 2 2
47 43 2 2
47 42 2 2
47 45 2 2
48 42 2 2
48 47 2 2
48 45 2 2
48 43 2 2
49 42 2 2
49 48 2 2
49 43 2 2
49 40 2 2
50 45 2 2
50 42 2 2
50 47 2 2
50 43 2 2
51 46 2 2
51 43 2 2
51 50 2 2
51 45 2 2
52 51 2 2
52 50 2 2
52 44 2 2
52 42 2 2
53 51 2 2
53 52 2 2
53 49 2 2
53 47 2 2
54 52 2 2
54 42 2 2
54 43 2 2
54 40 2 2
55 51 2 2
55 45 2 2
55 48 2 2
55 47 2 2
56 42 2 2
56 47 2 2
56 49 2 2
56 52 2 2
57 55 2 2
57 44 2 2
57 40 2 2
57 53 2 2
58 46 2 2
58 42 2 2
58 48 2 2
58 53 2 2
59 51 2 2
59 41 2 2
59 40 2 2
59 56 2 2
40 52 2 2
40 48 2 2
40 56 2 2
40 58 2 2
41 49 2 2
41 52 2 2
41 56 2 2
41 47 2 2
42 59 2 2
42 53 2 2
42 46 2 2
42 51 2 2
43 53 2 2
43 55 2 2
43 57 2 2
43 58 2 2
64 60 3 3
64 63 3 3
64 61 3 3
64 62 3 3
65 61 3 3
65 62 3 3
65 60 3 3
65 63 3 3
66 63 3 3
66 60 3 3
66 64 3 3
66 65 3 3
67 64 3 3
67 63 3 3
67 66 3 3
67 61 3 3
68 65 3 3
68 64 3 3
68 61 3 3
68 67 3 3
69 65 3 3
69 67 3 3
69 63 3 3
69 68 3 3
70 65 3 3
70 61 3 3
70 67 3 3
70 64 3 3
71 68 3 3
71 65 3 3
71 61 3 3
71 69 3 3
72 61 3 3
72 65 3 3
72 70 3 3
72 66 3 3
73 69 3 3
73 65 3 3
73 70 3 3
73 71 3 3
74 67 3 3
74 72 3 3
74 68 3 3
74 66 3 3
75 61 3 3
75 64 3 3
75 67 3 3
75 66 3 3
76 69 3 3
76 74 3 3
76 73 3 3
76 68 3 3
77 60 3 3
77 63 3 3
77 67 3 3
77 65 3 3
78 64 3 3
78 65 3 3
78 70 3 3
78 76 3 3
79 64 3 3
79 67 3 3
79 72 3 3
79 61 3 3
60 68 3 3
60 76 3 3
60 78 3 3
60 67 3 3
61 66 3 3
61 78 3 3
61 74 3 3
61 77 3 3
62 77 3 3
62 68 3 3
62 73 3 3
62 71 3 3
63 70 3 3
63 74 3 3
63 76 3 3
63 68 3 3
84 81 4 4
84 83 4 4
84 82 4 4
84 80 4 4
85 83 4 4
85 82 4 4
85 81 4 4
85 84 4 4
86 81 4 4
86 84 4 4
86 82 4 4
86 83 4 4
87 84 4 4
87 82 4 4
87 86 4 4
87 80 4 4
88 85 4 4
88 83 4 4
88 87 4 4
88 80 4 4
89 84 4 4
89 81 4 4
89 86 4 4
89 87 4 4
90 82 4 4
90 86 4 4
90 81 4 4
90 89 4 4
91 83 4 4
91 90 4 4
91 86 4 4
91 89 4 4
92 86 4 4
92 81 4 4
92 90 4 4
92 89 4 4
93 92 4 4
93 91 4 4
93 86 4 4
93 82 4 4
94 86 4 4
94 90 4 4
94 89 4 4
94 81 4 4
95 82 4 4
95 90 4 4
95 91 4 4
95 81 4 4
96 93 4 4
96 82 4 4
96 84 4 4
96 87 4 4
97 92 4 4
97 93 4 4
97 96 4 4
97 87 4 4
98 80 4 4
98 87 4 4
98 88 4 4
98 96 4 4
99 82 4 4
99 83 4 4
99 91 4 4
99 86 4 4
80 96 4 4
80 89 4 4
80 97 4 4
80 92 4 4
81 99 4 4
81 91 4 4
81 88 4 4
81 87 4 4
82 97 4 4
82 89 4 4
82 98 4 4
82 94 4 4
83 90 4 4
83 98 4 4
83 97 4 4
83 94 4 4
104 102 5 5
104 103 5 5
104 101 5 5
104 100 5 5
105 104 5 5
105 101 5 5
105 100 5 5
105 103 5 5
106 105 5 5
106 103 5 5
106 101 5 5
106 102 5 5
107 100 5 5
107 106 5 5
107 102 5 5
107 104 5 5
108 103 5 5
108 107 5 5
108 106 5 5
108 101 5 5
109 103 5 5
109 107 5 5
109 104 5 5
109 106 5 5
110 109 5 5
110 100 5 5
110 107 5 5
110 104 5 5
111 103 5 5
111 109 5 5
111 110 5 5
111 108 5 5
112 110 5 5
112 100 5 5
112 108 5 5
112 109 5 5
113 111 5 5
113 106 5 5
113 105 5 5
113 112 5 5
114 105 5 5
114 110 5 5
114 111 5 5
114 108 5 5
115 110 5 5
115 102 5 5
115 104 5 5
115 108 5 5
116 112 5 5
116 113 5 5
116 106 5 5
116 105 5 5
117 109 5 5
117 105 5 5
117 115 5 5
117 104 5 5
118 102 5 5
118 100 5 5
118 103 5 5
118 108 5 5
119 114 5 5
119 106 5 5
119 110 5 5
119 104 5 5
100 116 5 5
100 108 5 5
100 114 5 5
100 117 5 5
101 110 5 5
101 112 5 5
101 118 5 5
101 107 5 5
102 108 5 5
102 112 5 5
102 119 5 5
102 114 5 5
103 114 5 5
103 110 5 5
103 116 5 5
103 119 5 5
124 122 6 6
124 123 6 6
124 121 6 6
124 120 6 6
125 121 6 6
125 124 6 6
125 120 6 6
125 123 6 6
126 125 6 6
126 121 6 6
126 122 6 6
126 123 6 6
127 125 6 6
127 121 6 6
127 124 6 6
127 123 6 6
128 123 6 6
128 124 6 6
128 126 6 6
128 125 6 6
129 120 6 6
129 122 6 6
129 127 6 6
129 121 6 6
130 124 6 6
130 121 6 6
130 122 6 6
130 126 6 6
131 124 6 6
131 125 6 6
131 121 6 6
131 128 6 6
132 127 6 6
132 130 6 6
132 125 6 6
132 126 6 6
133 127 6 6
133 125 6 6
133 124 6 6
133 131 6 6
134 124 6 6
134 130 6 6
134 122 6 6
134 125 6 6
135 122 6 6
135 127 6 6
135 121 6 6
135 129 6 6
136 121 6 6
136 133 6 6
136 122 6 6
136 129 6 6
137 136 6 6
137 126 6 6
137 133 6 6
137 122 6 6
138 137 6 6
138 127 6 6
138 121 6 6
138 133 6 6
139 137 6 6
139 126 6 6
139 128 6 6
139 127 6 6
120 138 6 6
120 136 6 6
120 132 6 6
120 139 6 6
121 134 6 6
121 139 6 6
121 128 6 6
121 133 6 6
122 127 6 6
122 133 6 6
122 139 6 6
122 138 6 6
123 139 6 6
123 131 6 6
123 137 6 6
123 134 6 6
144 140 7 7
144 142 7 7
144 141 7 7
144 143 7 7
145 143 7 7
145 140 7 7
145 144 7 7
145 142 7 7
146 140 7 7
146 142 7 7
146 145 7 7
146 144 7 7
147 140 7 7
147 142 7 7
147 146 7 7
147 144 7 7
148 146 7 7
148 145 7 7
148 142 7 7
148 141 7 7
149 145 7 7
149 147 7 7
149 140 7 7
149 143 7 7
150 149 7 7
150 146 7 7
150 144 7 7
150 143 7 7
151 141 7 7
151 147 7 7
151 140 7 7
151 146 7 7
152 146 7 7
152 145 7 7
152 140 7 7
152 141 7 7
153 144 7 7
153 152 7 7
153 149 7 7
153 148 7 7
154 146 7 7
154 153 7 7
154 149 7 7
154 152 7 7
155 147 7 7
155 146 7 7
155 152 7 7
155 143 7 7
156 152 7 7
156 150 7 7
156 145 7 7
156 155 7 7
157 141 7 7
157 147 7 7
157 142 7 7
157 151 7 7
158 148 7 7
158 153 7 7
158 152 7 7
158 145 7 7
159 150 7 7
159 151 7 7
159 140 7 7
159 146 7 7
140 158 7 7
140 155 7 7
140 148 7 7
140 154 7 7
141 158 7 7
141 159 7 7
141 146 7 7
141 145 7 7
142 153 7 7
142 156 7 7
142 159 7 7
142 151 7 7
143 156 7 7
143 157 7 7
143 159 7 7
143 148 7 7
164 162 8 8
164 160 8 8
164 161 8 8
164 163 8 8
165 160 8 8
165 163 8 8
165 161 8 8
165 162 8 8
166 160 8 8
166 164 8 8
166 165 8 8
166 163 8 8
167 161 8 8
167 160 8 8
167 162 8 8
167 163 8 8
168 166 8 8
168 165 8 8
168 167 8 8
168 160 8 8
169 166 8 8
169 167 8 8
169 164 8 8
169 162 8 8
170 167 8 8
170 165 8 8
170 166 8 8
170 164 8 8
171 167 8 8
171 166 8 8
171 170 8 8
171 164 8 8
172 165 8 8
172 170 8 8
172 164 8 8
172 161 8 8
173 169 8 8
173 168 8 8
173 165 8 8
173 161 8 8
174 164 8 8
174 170 8 8
174 172 8 8
174 167 8 8
175 169 8 8
175 160 8 8
175 174 8 8
175 167 8 8
176 171 8 8
176 167 8 8
176 172 8 8
176 174 8 8
177 169 8 8
177 164 8 8
177 171 8 8
177 166 8 8
178 163 8 8
178 162 8 8
178 170 8 8
178 161 8 8
179 165 8 8
179 162 8 8
179 168 8 8
179 178 8 8
160 170 8 8
160 176 8 8
160 178 8 8
160 179 8 8
161 170 8 8
161 176 8 8
161 179 8 8
161 177 8 8
162 174 8 8
162 171 8 8
162 170 8 8
162 175 8 8
163 179 8 8
163 176 8 8
163 171 8 8
163 168 8 8
184 182 9 9
184 183 9 9
184 180 9 9
184 181 9 9
185 184 9 9
185 181 9 9
185 183 9 9
185 180 9 9
186 185 9 9
186 181 9 9
186 184 9 9
186 180 9 9
187 186 9 9
187 181 9 9
187 182 9 9
187 185 9 9
188 180 9 9
188 186 9 9
188 181 9 9
188 185 9 9
189 180 9 9
189 181 9 9
189 182 9 9
189 183 9 9
190 182 9 9
190 188 9 9
190 184 9 9
190 186 9 9
191 187 9 9
191 180 9 9
191 186 9 9
191 181 9 9
192 185 9 9
192 180 9 9
192 181 9 9
192 189 9 9
193 189 9 9
193 182 9 9
193 187 9 9
193 181 9 9
194 184 9 9
194 186 9 9
194 185 9 9
194 193 9 9
195 188 9 9
195 182 9 9
195 187 9 9
195 193 9 9
196 187 9 9
196 182 9 9
196 188 9 9
196 193 9 9
197 183 9 9
197 196 9 9
197 193 9 9
197 187 9 9
198 185 9 9
198 180 9 9
198 184 9 9
198 191 9 9
199 187 9 9
199 188 9 9
199 194 9 9
199 191 9 9
180 187 9 9
180 190 9 9
180 193 9 9
180 199 9 9
181 197 9 9
181 198 9 9
181 194 9 9
181 196 9 9
182 194 9 9
182 197 9 9
182 186 9 9
182 188 9 9
183 196 9 9
183 193 9 9
183 190 9 9
183 192 9 9
204 201 10 10
204 200 10 10
204 203 10 10
204 202 10 10
205 204 10 10
205 201 10 10
205 202 10 10
205 200 10 10
206 200 10 10
206 201 10 10
206 204 10 10
206 203 10 10
207 201 10 10
207 205 10 10
207 206 10 10
207 204 10 10
208 204 10 10
208 202 10 10
208 206 10 10
208 203 10 10
209 204 10 10
209 205 10 10
209 207 10 10
209 201 10 10
210 207 10 10
210 206 10 10
210 209 10 10
210 208 10 10
211 200 10 10
211 202 10 10
211 203 10 10
211 206 10 10
212 208 10 10
212 206 10 10
212 203 10 10
212 211 10 10
213 204 10 10
213 209 10 10
213 210 10 10
213 206 10 10
214 210 10 10
214 206 10 10
214 201 10 10
214 203 10 10
215 211 10 10
215 212 10 10
215 209 10 10
215 213 10 10
216 202 10 10
216 211 10 10
216 203 10 10
216 214 10 10
217 209 10 10
217 210 10 10
217 211 10 10
217 213 10 10
218 210 10 10
218 207 10 10
218 215 10 10
218 211 10 10
219 202 10 10
219 218 10 10
219 215 10 10
219 208 10 10
200 210 10 10
200 213 10 10
200 209 10 10
200 217 10 10
201 211 10 10
201 219 10 10
201 216 10 10
201 215 10 10
202 218 10 10
202 207 10 10
202 206 10 10
202 215 10 10
203 217 10 10
203 219 10 10
203 215 10 10
203 213 10 10
224 222 11 11
224 221 11 11
224 220 11 11
224 223 11 11
225 220 11 11
225 224 11 11
225 222 11 11
225 223 11 11
226 224 11 11
226 225 11 11
226 222 11 11
226 223 11 11
227 220 11 11
227 225 11 11
227 224 11 11
227 222 11 11
228 222 11 11
228 227 11 11
228 221 11 11
228 220 11 11
229 220 11 11
229 225 11 11
229 227 11 11
229 221 11 11
230 220 11 11
230 223 11 11
230 228 11 11
230 227 11 11
231 221 11 11
231 228 11 11
231 224 11 11
231 223 11 11
232 227 11 11
232 224 11 11
232 228 11 11
232 230 11 11
233 230 11 11
233 221 11 11
233 226 11 11
233 228 11 11
234 224 11 11
234 227 11 11
234 226 11 11
234 225 11 11
235 222 11 11
235 229 11 11
235 227 11 11
235 233 11 11
236 224 11 11
236 220 11 11
236 223 11 11
236 222 11 11
237 228 11 11
237 221 11 11
237 231 11 11
237 235 11 11
238 223 11 11
238 236 11 11
238 230 11 11
238 232 11 11
239 233 11 11
239 222 11 11
239 230 11 11
239 221 11 11
220 235 11 11
220 232 11 11
220 233 11 11
220 234 11 11
221 230 11 11
221 235 11 11
221 236 11 11
221 227 11 11
222 233 11 11
222 232 11 11
222 234 11 11
222 231 11 11
223 232 11 11
223 235 11 11
223 239 11 11
223 229 11 11
244 241 12 12
244 243 12 12
244 240 12 12
244 242 12 12
245 243 12 12
245 241 12 12
245 242 12 12
245 244 12 12
246 244 12 12
246 245 12 12
246 241 12 12
246 242 12 12
247 243 12 12
247 245 12 12
247 246 12 12
247 242 12 12
248 241 12 12
248 244 12 12
248 245 12 12
248 246 12 12
249 244 12 12
249 242 12 12
249 246 12 12
249 245 12 12
250 240 12 12
250 243 12 12
250 247 12 12
250 241 12 12
251 242 12 12
251 246 12 12
251 240 12 12
251 244 12 12
252 245 12 12
252 243 12 12
252 241 12 12
252 242 12 12
253 249 12 12
253 245 12 12
253 251 12 12
253 246 12 12
254 248 12 12
254 250 12 12
254 247 12 12
254 251 12 12
255 244 12 12
255 245 12 12
255 252 12 12
255 243 12 12
256 242 12 12
256 243 12 12
256 251 12 12
256 254 12 12
257 241 12 12
257 240 12 12
257 253 12 12
257 244 12 12
258 255 12 12
258 252 12 12
258 245 12 12
258 241 12 12
259 257 12 12
259 240 12 12
259 247 12 12
259 256 12 12
240 247 12 12
240 256 12 12
240 245 12 12
240 252 12 12
241 256 12 12
241 253 12 12
241 254 12 12
241 247 12 12
242 250 12 12
242 248 12 12
242 253 12 12
242 254 12 12
243 254 12 12
243 253 12 12
243 251 12 12
243 249 12 12
264 263 13 13
264 261 13 13
264 262 13 13
264 260 13 13
265 260 13 13
265 264 13 13
265 261 13 13
265 262 13 13
266 263 13 13
266 262 13 13
266 265 13 13
266 264 13 13
267 260 13 13
267 262 13 13
267 264 13 13
267 265 13 13
268 260 13 13
268 267 13 13
268 266 13 13
268 263 13 13
269 265 13 13
269 261 13 13
269 268 13 13
269 267 13 13
270 262 13 13
270 269 13 13
270 266 13 13
270 261 13 13
271 262 13 13
271 260 13 13
271 266 13 13
271 267 13 13
272 271 13 13
272 265 13 13
272 269 13 13
272 262 13 13
273 270 13 13
273 264 13 13
273 265 13 13
273 260 13 13
274 269 13 13
274 271 13 13
274 260 13 13
274 267 13 13
275 266 13 13
275 269 13 13
275 271 13 13
275 270 13 13
276 261 13 13
276 268 13 13
276 272 13 13
276 264 13 13
277 266 13 13
277 271 13 13
277 268 13 13
277 263 13 13
278 274 13 13
278 268 13 13
278 270 13 13
278 260 13 13
279 278 13 13
279 267 13 13
279 268 13 13
279 262 13 13
260 269 13 13
260 270 13 13
260 276 13 13
260 266 13 13
261 278 13 13
261 279 13 13
261 267 13 13
261 274 13 13
262 275 13 13
262 276 13 13
262 273 13 13
262 274 13 13
263 267 13 13
263 276 13 13
263 265 13 13
263 269 13 13
284 281 14 14
284 282 14 14
284 280 14 14
284 283 14 14
285 284 14 14
285 283 14 14
285 280 14 14
285 282 14 14
286 285 14 14
286 281 14 14
286 283 14 14
286 284 14 14
287 285 14 14
287 286 14 14
287 282 14 14
287 284 14 14
288 280 14 14
288 283 14 14
288 282 14 14
288 284 14 14
289 282 14 14
289 283 14 14
289 281 14 14
289 284 14 14
290 282 14 14
290 287 14 14
290 289 14 14
290 284 14 14
291 290 14 14
291 284 14 14
291 281 14 14
291 287 14 14
292 291 14 14
292 281 14 14
292 290 14 14
292 284 14 14
293 285 14 14
293 288 14 14
293 282 14 14
293 287 14 14
294 285 14 14
294 287 14 14
294 284 14 14
294 292 14 14
295 283 14 14
295 294 14 14
295 285 14 14
295 290 14 14
296 288 14 14
296 285 14 14
296 281 14 14
296 286 14 14
297 280 14 14
297 288 14 14
297 281 14 14
297 283 14 14
298 289 14 14
298 281 14 14
298 283 14 14
298 282 14 14
299 290 14 14
299 285 14 14
299 296 14 14
299 294 14 14
280 296 14 14
280 294 14 14
280 291 14 14
280 298 14 14
281 295 14 14
281 285 14 14
281 294 14 14
281 290 14 14
282 292 14 14
282 291 14 14
282 296 14 14
282 295 14 14
283 287 14 14
283 293 14 14
283 291 14 14
283 294 14 14
304 301 15 15
304 300 15 15
304 303 15 15
304 302 15 15
305 302 15 15
305 300 15 15
305 303 15 15
305 301 15 15
306 301 15 15
306 303 15 15
306 302 15 15
306 305 15 15
307 302 15 15
307 305 15 15
307 303 15 15
307 300 15 15
308 305 15 15
308 301 15 15
308 303 15 15
308 306 15 15
309 304 15 15
309 308 15 15
309 307 15 15
309 301 15 15
310 308 15 15
310 306 15 15
310 300 15 15
310 303 15 15
311 302 15 15
311 303 15 15
311 310 15 15
311 307 15 15
312 301 15 15
312 305 15 15
312 303 15 15
312 306 15 15
313 310 15 15
313 300 15 15
313 301 15 15
313 308 15 15
314 306 15 15
314 308 15 15
314 307 15 15
314 312 15 15
315 314 15 15
315 308 15 15
315 304 15 15
315 302 15 15
316 301 15 15
316 308 15 15
316 309 15 15
316 304 15 15
317 312 15 15
317 315 15 15
317 308 15 15
317 310 15 15
318 306 15 15
318 314 15 15
318 312 15 15
318 301 15 15
319 308 15 15
319 316 15 15
319 318 15 15
319 306 15 15
300 308 15 15
300 306 15 15
300 315 15 15
300 316 15 15
301 315 15 15
301 314 15 15
301 319 15 15
301 317 15 15
302 316 15 15
302 314 15 15
302 308 15 15
302 309 15 15
303 313 15 15
303 316 15 15
303 317 15 15
303 315 15 15
92 4 4 0
89 57 4 2
99 76 4 3
81 29 4 1
111 5 5 0
112 91 5 4
104 77 5 3
100 54 5 2
133 50 6 2
126 36 6 1
132 86 6 4
137 79 6 3
145 131 7 6
156 30 7 1
150 74 7 3
152 45 7 2
175 111 8 5
173 15 8 0
162 33 8 1
168 145 8 7
196 53 9 2
186 131 9 6
191 84 9 4
193 107 9 5
208 14 10 0
202 197 10 9
211 90 10 4
212 72 10 3
229 86 11 4
228 152 11 7
221 130 11 6
233 177 11 8
255 47 12 2
259 86 12 4
258 170 12 8
243 123 12 6
276 244 13 12
273 47 13 2
263 37 13 1
272 133 13 6
290 129 14 6
292 214 14 10
293 20 14 1
297 250 14 12
312 120 15 6
304 243 15 12
316 174 15 8
300 69 15 3
7 293 0 14
7 195 0 9
5 249 0 12
7 318 0 15
27 252 1 12
25 108 1 5
34 302 1 15
31 228 1 11
56 171 2 8
47 234 2 11
40 319 2 15
59 212 2 10
63 170 3 8
67 247 3 12
74 187 3 9
66 232 3 11
