swNum = 320
edgeNum = 1344

0 0
1 0
2 0
3 0
4 0
5 0
6 0
7 0
8 0
9 0
10 0
11 0
12 0
13 0
14 0
15 0
16 0
17 0
18 0
19 0
20 1
21 1
22 1
23 1
24 1
25 1
26 1
27 1
28 1
29 1
30 1
31 1
32 1
33 1
34 1
35 1
36 1
37 1
38 1
39 1
40 2
41 2
42 2
43 2
44 2
45 2
46 2
47 2
48 2
49 2
50 2
51 2
52 2
53 2
54 2
55 2
56 2
57 2
58 2
59 2
60 3
61 3
62 3
63 3
64 3
65 3
66 3
67 3
68 3
69 3
70 3
71 3
72 3
73 3
74 3
75 3
76 3
77 3
78 3
79 3
80 4
81 4
82 4
83 4
84 4
85 4
86 4
87 4
88 4
89 4
90 4
91 4
92 4
93 4
94 4
95 4
96 4
97 4
98 4
99 4
100 5
101 5
102 5
103 5
104 5
105 5
106 5
107 5
108 5
109 5
110 5
111 5
112 5
113 5
114 5
115 5
116 5
117 5
118 5
119 5
120 6
121 6
122 6
123 6
124 6
125 6
126 6
127 6
128 6
129 6
130 6
131 6
132 6
133 6
134 6
135 6
136 6
137 6
138 6
139 6
140 7
141 7
142 7
143 7
144 7
145 7
146 7
147 7
148 7
149 7
150 7
151 7
152 7
153 7
154 7
155 7
156 7
157 7
158 7
159 7
160 8
161 8
162 8
163 8
164 8
165 8
166 8
167 8
168 8
169 8
170 8
171 8
172 8
173 8
174 8
175 8
176 8
177 8
178 8
179 8
180 9
181 9
182 9
183 9
184 9
185 9
186 9
187 9
188 9
189 9
190 9
191 9
192 9
193 9
194 9
195 9
196 9
197 9
198 9
199 9
200 10
201 10
202 10
203 10
204 10
205 10
206 10
207 10
208 10
209 10
210 10
211 10
212 10
213 10
214 10
215 10
216 10
217 10
218 10
219 10
220 11
221 11
222 11
223 11
224 11
225 11
226 11
227 11
228 11
229 11
230 11
231 11
232 11
233 11
234 11
235 11
236 11
237 11
238 11
239 11
240 12
241 12
242 12
243 12
244 12
245 12
246 12
247 12
248 12
249 12
250 12
251 12
252 12
253 12
254 12
255 12
256 12
257 12
258 12
259 12
260 13
261 13
262 13
263 13
264 13
265 13
266 13
267 13
268 13
269 13
270 13
271 13
272 13
273 13
274 13
275 13
276 13
277 13
278 13
279 13
280 14
281 14
282 14
283 14
284 14
285 14
286 14
287 14
288 14
289 14
290 14
291 14
292 14
293 14
294 14
295 14
296 14
297 14
298 14
299 14
300 15
301 15
302 15
303 15
304 15
305 15
306 15
307 15
308 15
309 15
310 15
311 15
312 15
313 15
314 15
315 15
316 15
317 15
318 15
319 15

4 0 0 0
4 2 0 0
4 3 0 0
4 1 0 0
5 3 0 0
5 1 0 0
5 2 0 0
5 4 0 0
6 2 0 0
6 4 0 0
6 5 0 0
6 1 0 0
7 6 0 0
7 1 0 0
7 4 0 0
7 0 0 0
8 6 0 0
8 4 0 0
8 5 0 0
8 7 0 0
9 5 0 0
9 1 0 0
9 6 0 0
9 8 0 0
10 8 0 0
10 0 0 0
10 5 0 0
10 4 0 0
11 5 0 0
11 3 0 0
11 2 0 0
11 6 0 0
12 7 0 0
12 9 0 0
12 1 0 0
12 5 0 0
13 2 0 0
13 8 0 0
13 3 0 0
13 1 0 0
14 9 0 0
14 12 0 0
14 5 0 0
14 2 0 0
15 9 0 0
15 1 0 0
15 8 0 0
15 11 0 0
16 4 0 0
16 7 0 0
16 13 0 0
16 6 0 0
17 8 0 0
17 0 0 0
17 16 0 0
17 1 0 0
18 8 0 0
18 11 0 0
18 5 0 0
18 14 0 0
19 13 0 0
19 5 0 0
19 4 0 0
19 17 0 0
0 6 0 0
0 16 0 0
0 5 0 0
0 8 0 0
1 14 0 0
1 10 0 0
1 11 0 0
1 18 0 0
2 19 0 0
2 7 0 0
2 12 0 0
2 15 0 0
3 18 0 0
3 7 0 0
3 6 0 0
3 12 0 0
24 21 1 1
24 23 1 1
24 22 1 1
24 20 1 1
25 24 1 1
25 21 1 1
25 23 1 1
25 22 1 1
26 25 1 1
26 21 1 1
26 24 1 1
26 22 1 1
27 22 1 1
27 24 1 1
27 23 1 1
27 25 1 1
28 20 1 1
28 26 1 1
28 25 1 1
28 22 1 1
29 21 1 1
29 25 1 1
29 24 1 1
29 22 1 1
30 29 1 1
30 23 1 1
30 24 1 1
30 22 1 1
31 24 1 1
31 30 1 1
31 23 1 1
31 25 1 1
32 30 1 1
32 24 1 1
32 28 1 1
32 29 1 1
33 31 1 1
33 22 1 1
33 21 1 1
33 23 1 1
34 27 1 1
34 22 1 1
34 33 1 1
34 31 1 1
35 31 1 1
35 22 1 1
35 25 1 1
35 29 1 1
36 22 1 1
36 30 1 1
36 32 1 1
36 33 1 1
37 20 1 1
37 30 1 1
37 26 1 1
37 23 1 1
38 31 1 1
38 24 1 1
38 25 1 1
38 35 1 1
39 22 1 1
39 34 1 1
39 21 1 1
39 29 1 1
20 30 1 1
20 35 1 1
20 26 1 1
20 39 1 1
21 35 1 1
21 32 1 1
21 38 1 1
21 36 1 1
22 31 1 1
22 37 1 1
22 32 1 1
22 38 1 1
23 35 1 1
23 34 1 1
23 39 1 1
23 36 1 1
44 40 2 2
44 41 2 2
44 42 2 2
44 43 2 2
45 44 2 2
45 42 2 2
45 41 2 2
45 40 2 2
46 41 2 2
46 45 2 2
46 43 2 2
46 42 2 2
47 40 2 2
47 46 2 2
47 42 2 2
47 44 2 2
48 41 2 2
48 44 2 2
48 42 2 2
48 47 2 2
49 47 2 2
49 46 2 2
49 42 2 2
49 48 2 2
50 40 2 2
50 48 2 2
50 43 2 2
50 41 2 2
51 40 2 2
51 47 2 2
51 44 2 2
51 50 2 2
52 43 2 2
52 51 2 2
52 45 2 2
52 44 2 2
53 42 2 2
53 49 2 2
53 40 2 2
53 44 2 2
54 43 2 2
54 50 2 2
54 41 2 2
54 44 2 2
55 43 2 2
55 51 2 2
55 47 2 2
55 44 2 2
56 45 2 2
56 47 2 2
56 50 2 2
56 52 2 2
57 41 2 2
57 55 2 2
57 47 2 2
57 52 2 2
58 54 2 2
58 42 2 2
58 50 2 2
58 48 2 2
59 51 2 2
59 40 2 2
59 45 2 2
59 48 2 2
40 55 2 2
40 48 2 2
40 52 2 2
40 49 2 2
41 56 2 2
41 47 2 2
41 59 2 2
41 49 2 2
42 55 2 2
42 54 2 2
42 50 2 2
42 56 2 2
43 56 2 2
43 47 2 2
43 58 2 2
43 53 2 2
64 62 3 3
64 60 3 3
64 63 3 3
64 61 3 3
65 63 3 3
65 64 3 3
65 60 3 3
65 62 3 3
66 64 3 3
66 62 3 3
66 65 3 3
66 60 3 3
67 65 3 3
67 62 3 3
67 66 3 3
67 60 3 3
68 64 3 3
68 60 3 3
68 65 3 3
68 63 3 3
69 66 3 3
69 62 3 3
69 67 3 3
69 65 3 3
70 65 3 3
70 60 3 3
70 68 3 3
70 64 3 3
71 65 3 3
71 62 3 3
71 69 3 3
71 68 3 3
72 67 3 3
72 62 3 3
72 65 3 3
72 61 3 3
73 64 3 3
73 63 3 3
73 65 3 3
73 61 3 3
74 61 3 3
74 60 3 3
74 70 3 3
74 64 3 3
75 64 3 3
75 72 3 3
75 63 3 3
75 73 3 3
76 75 3 3
76 73 3 3
76 68 3 3
76 67 3 3
77 75 3 3
77 72 3 3
77 68 3 3
77 69 3 3
78 67 3 3
78 61 3 3
78 60 3 3
78 76 3 3
79 70 3 3
79 72 3 3
79 71 3 3
79 74 3 3
60 75 3 3
60 79 3 3
60 72 3 3
60 77 3 3
61 67 3 3
61 77 3 3
61 66 3 3
61 69 3 3
62 78 3 3
62 79 3 3
62 75 3 3
62 76 3 3
63 77 3 3
63 74 3 3
63 76 3 3
63 67 3 3
84 83 4 4
84 80 4 4
84 82 4 4
84 81 4 4
85 81 4 4
85 82 4 4
85 83 4 4
85 80 4 4
86 85 4 4
86 81 4 4
86 83 4 4
86 84 4 4
87 86 4 4
87 81 4 4
87 80 4 4
87 85 4 4
88 86 4 4
88 87 4 4
88 85 4 4
88 84 4 4
89 85 4 4
89 87 4 4
89 81 4 4
89 84 4 4
90 86 4 4
90 88 4 4
90 85 4 4
90 81 4 4
91 89 4 4
91 84 4 4
91 81 4 4
91 86 4 4
92 81 4 4
92 83 4 4
92 89 4 4
92 91 4 4
93 86 4 4
93 89 4 4
93 88 4 4
93 85 4 4
94 89 4 4
94 82 4 4
94 83 4 4
94 85 4 4
95 91 4 4
95 94 4 4
95 90 4 4
95 86 4 4
96 88 4 4
96 85 4 4
96 93 4 4
96 84 4 4
97 95 4 4
97 82 4 4
97 88 4 4
97 92 4 4
98 96 4 4
98 90 4 4
98 89 4 4
98 86 4 4
99 82 4 4
99 91 4 4
99 98 4 4
99 97 4 4
80 90 4 4
80 89 4 4
80 94 4 4
80 98 4 4
81 98 4 4
81 97 4 4
81 88 4 4
81 93 4 4
82 92 4 4
82 95 4 4
82 89 4 4
82 91 4 4
83 87 4 4
83 88 4 4
83 96 4 4
83 98 4 4
104 100 5 5
104 102 5 5
104 101 5 5
104 103 5 5
105 103 5 5
105 102 5 5
105 101 5 5
105 100 5 5
106 104 5 5
106 100 5 5
106 101 5 5
106 102 5 5
107 101 5 5
107 100 5 5
107 105 5 5
107 106 5 5
108 103 5 5
108 104 5 5
108 105 5 5
108 107 5 5
109 102 5 5
109 103 5 5
109 107 5 5
109 105 5 5
110 100 5 5
110 104 5 5
110 102 5 5
110 103 5 5
111 102 5 5
111 106 5 5
111 104 5 5
111 101 5 5
112 111 5 5
112 100 5 5
112 101 5 5
112 105 5 5
113 110 5 5
113 103 5 5
113 102 5 5
113 105 5 5
114 112 5 5
114 109 5 5
114 110 5 5
114 103 5 5
115 113 5 5
115 107 5 5
115 106 5 5
115 108 5 5
116 109 5 5
116 101 5 5
116 105 5 5
116 108 5 5
117 105 5 5
117 106 5 5
117 113 5 5
117 116 5 5
118 110 5 5
118 115 5 5
118 112 5 5
118 114 5 5
119 105 5 5
119 118 5 5
119 108 5 5
119 110 5 5
100 108 5 5
100 116 5 5
100 114 5 5
100 111 5 5
101 114 5 5
101 117 5 5
101 109 5 5
101 119 5 5
102 108 5 5
102 118 5 5
102 114 5 5
102 116 5 5
103 115 5 5
103 116 5 5
103 119 5 5
103 117 5 5
124 122 6 6
124 121 6 6
124 123 6 6
124 120 6 6
125 120 6 6
125 124 6 6
125 123 6 6
125 121 6 6
126 123 6 6
126 125 6 6
126 120 6 6
126 122 6 6
127 125 6 6
127 126 6 6
127 123 6 6
127 124 6 6
128 126 6 6
128 127 6 6
128 122 6 6
128 121 6 6
129 120 6 6
129 122 6 6
129 125 6 6
129 124 6 6
130 127 6 6
130 125 6 6
130 123 6 6
130 126 6 6
131 121 6 6
131 120 6 6
131 125 6 6
131 123 6 6
132 125 6 6
132 126 6 6
132 123 6 6
132 120 6 6
133 124 6 6
133 125 6 6
133 122 6 6
133 129 6 6
134 127 6 6
134 120 6 6
134 126 6 6
134 123 6 6
135 120 6 6
135 128 6 6
135 124 6 6
135 129 6 6
136 123 6 6
136 126 6 6
136 132 6 6
136 131 6 6
137 122 6 6
137 121 6 6
137 128 6 6
137 120 6 6
138 123 6 6
138 122 6 6
138 136 6 6
138 134 6 6
139 123 6 6
139 138 6 6
139 125 6 6
139 126 6 6
120 139 6 6
120 136 6 6
120 130 6 6
120 128 6 6
121 126 6 6
121 136 6 6
121 135 6 6
121 139 6 6
122 131 6 6
122 125 6 6
122 132 6 6
122 135 6 6
123 129 6 6
123 133 6 6
123 128 6 6
123 135 6 6
144 141 7 7
144 142 7 7
144 143 7 7
144 140 7 7
145 143 7 7
145 140 7 7
145 144 7 7
145 141 7 7
146 143 7 7
146 145 7 7
146 144 7 7
146 140 7 7
147 140 7 7
147 143 7 7
147 145 7 7
147 144 7 7
148 147 7 7
148 143 7 7
148 141 7 7
148 146 7 7
149 144 7 7
149 147 7 7
149 148 7 7
149 141 7 7
150 147 7 7
150 148 7 7
150 149 7 7
150 142 7 7
151 145 7 7
151 143 7 7
151 148 7 7
151 146 7 7
152 145 7 7
152 147 7 7
152 141 7 7
152 146 7 7
153 147 7 7
153 140 7 7
153 150 7 7
153 151 7 7
154 142 7 7
154 145 7 7
154 150 7 7
154 146 7 7
155 145 7 7
155 148 7 7
155 146 7 7
155 152 7 7
156 147 7 7
156 149 7 7
156 154 7 7
156 150 7 7
157 155 7 7
157 143 7 7
157 144 7 7
157 151 7 7
158 155 7 7
158 143 7 7
158 146 7 7
158 157 7 7
159 141 7 7
159 140 7 7
159 153 7 7
159 147 7 7
140 157 7 7
140 150 7 7
140 158 7 7
140 151 7 7
141 147 7 7
141 153 7 7
141 157 7 7
141 154 7 7
142 149 7 7
142 148 7 7
142 146 7 7
142 156 7 7
143 159 7 7
143 155 7 7
143 149 7 7
143 156 7 7
164 161 8 8
164 160 8 8
164 163 8 8
164 162 8 8
165 160 8 8
165 162 8 8
165 164 8 8
165 163 8 8
166 162 8 8
166 164 8 8
166 163 8 8
166 165 8 8
167 163 8 8
167 164 8 8
167 165 8 8
167 166 8 8
168 163 8 8
168 167 8 8
168 164 8 8
168 161 8 8
169 163 8 8
169 168 8 8
169 164 8 8
169 160 8 8
170 163 8 8
170 160 8 8
170 164 8 8
170 166 8 8
171 170 8 8
171 169 8 8
171 168 8 8
171 166 8 8
172 164 8 8
172 161 8 8
172 163 8 8
172 162 8 8
173 166 8 8
173 160 8 8
173 163 8 8
173 170 8 8
174 168 8 8
174 173 8 8
174 163 8 8
174 170 8 8
175 166 8 8
175 170 8 8
175 171 8 8
175 163 8 8
176 174 8 8
176 171 8 8
176 160 8 8
176 173 8 8
177 165 8 8
177 176 8 8
177 171 8 8
177 175 8 8
178 160 8 8
178 177 8 8
178 175 8 8
178 171 8 8
179 168 8 8
179 167 8 8
179 169 8 8
179 171 8 8
160 175 8 8
160 171 8 8
160 177 8 8
160 168 8 8
161 176 8 8
161 179 8 8
161 171 8 8
161 178 8 8
162 170 8 8
162 168 8 8
162 174 8 8
162 173 8 8
163 176 8 8
163 177 8 8
163 178 8 8
163 171 8 8
184 182 9 9
184 181 9 9
184 180 9 9
184 183 9 9
185 182 9 9
185 184 9 9
185 180 9 9
185 181 9 9
186 183 9 9
186 182 9 9
186 185 9 9
186 184 9 9
187 186 9 9
187 185 9 9
187 184 9 9
187 182 9 9
188 181 9 9
188 187 9 9
188 183 9 9
188 184 9 9
189 182 9 9
189 181 9 9
189 186 9 9
189 188 9 9
190 183 9 9
190 188 9 9
190 185 9 9
190 189 9 9
191 188 9 9
191 186 9 9
191 182 9 9
191 181 9 9
192 181 9 9
192 189 9 9
192 184 9 9
192 182 9 9
193 185 9 9
193 187 9 9
193 180 9 9
193 184 9 9
194 186 9 9
194 190 9 9
194 180 9 9
194 184 9 9
195 183 9 9
195 191 9 9
195 186 9 9
195 184 9 9
196 180 9 9
196 193 9 9
196 181 9 9
196 195 9 9
197 185 9 9
197 187 9 9
197 186 9 9
197 194 9 9
198 188 9 9
198 195 9 9
198 193 9 9
198 184 9 9
199 180 9 9
199 198 9 9
199 191 9 9
199 196 9 9
180 187 9 9
180 190 9 9
180 195 9 9
180 198 9 9
181 198 9 9
181 194 9 9
181 195 9 9
181 193 9 9
182 190 9 9
182 195 9 9
182 194 9 9
182 198 9 9
183 194 9 9
183 193 9 9
183 196 9 9
183 192 9 9
204 203 10 10
204 202 10 10
204 200 10 10
204 201 10 10
205 201 10 10
205 204 10 10
205 203 10 10
205 200 10 10
206 205 10 10
206 202 10 10
206 203 10 10
206 204 10 10
207 200 10 10
207 206 10 10
207 203 10 10
207 201 10 10
208 206 10 10
208 204 10 10
208 203 10 10
208 202 10 10
209 202 10 10
209 206 10 10
209 201 10 10
209 208 10 10
210 200 10 10
210 204 10 10
210 202 10 10
210 203 10 10
211 206 10 10
211 203 10 10
211 209 10 10
211 207 10 10
212 204 10 10
212 208 10 10
212 201 10 10
212 200 10 10
213 211 10 10
213 209 10 10
213 203 10 10
213 212 10 10
214 200 10 10
214 212 10 10
214 201 10 10
214 210 10 10
215 203 10 10
215 210 10 10
215 201 10 10
215 204 10 10
216 204 10 10
216 213 10 10
216 205 10 10
216 206 10 10
217 212 10 10
217 211 10 10
217 207 10 10
217 214 10 10
218 209 10 10
218 207 10 10
218 213 10 10
218 206 10 10
219 200 10 10
219 214 10 10
219 208 10 10
219 205 10 10
200 216 10 10
200 217 10 10
200 208 10 10
200 215 10 10
201 213 10 10
201 218 10 10
201 217 10 10
201 210 10 10
202 219 10 10
202 205 10 10
202 212 10 10
202 216 10 10
203 217 10 10
203 209 10 10
203 216 10 10
203 219 10 10
224 220 11 11
224 222 11 11
224 223 11 11
224 221 11 11
225 223 11 11
225 224 11 11
225 220 11 11
225 222 11 11
226 223 11 11
226 225 11 11
226 222 11 11
226 224 11 11
227 223 11 11
227 224 11 11
227 220 11 11
227 225 11 11
228 222 11 11
228 226 11 11
228 225 11 11
228 224 11 11
229 220 11 11
229 226 11 11
229 221 11 11
229 227 11 11
230 222 11 11
230 228 11 11
230 224 11 11
230 226 11 11
231 230 11 11
231 225 11 11
231 222 11 11
231 224 11 11
232 222 11 11
232 226 11 11
232 227 11 11
232 223 11 11
233 228 11 11
233 226 11 11
233 231 11 11
233 225 11 11
234 232 11 11
234 229 11 11
234 221 11 11
234 230 11 11
235 231 11 11
235 223 11 11
235 225 11 11
235 222 11 11
236 226 11 11
236 227 11 11
236 233 11 11
236 232 11 11
237 225 11 11
237 224 11 11
237 227 11 11
237 222 11 11
238 231 11 11
238 221 11 11
238 230 11 11
238 234 11 11
239 230 11 11
239 233 11 11
239 224 11 11
239 228 11 11
220 226 11 11
220 237 11 11
220 234 11 11
220 235 11 11
221 230 11 11
221 231 11 11
221 235 11 11
221 228 11 11
222 238 11 11
222 227 11 11
222 234 11 11
222 229 11 11
223 237 11 11
223 233 11 11
223 230 11 11
223 236 11 11
244 241 12 12
244 240 12 12
244 242 12 12
244 243 12 12
245 240 12 12
245 241 12 12
245 244 12 12
245 242 12 12
246 242 12 12
246 244 12 12
246 240 12 12
246 243 12 12
247 245 12 12
247 240 12 12
247 244 12 12
247 246 12 12
248 247 12 12
248 242 12 12
248 243 12 12
248 240 12 12
249 242 12 12
249 247 12 12
249 240 12 12
249 248 12 12
250 248 12 12
250 249 12 12
250 242 12 12
250 240 12 12
251 244 12 12
251 248 12 12
251 242 12 12
251 247 12 12
252 242 12 12
252 248 12 12
252 240 12 12
252 247 12 12
253 246 12 12
253 243 12 12
253 247 12 12
253 251 12 12
254 243 12 12
254 253 12 12
254 241 12 12
254 244 12 12
255 249 12 12
255 252 12 12
255 241 12 12
255 251 12 12
256 255 12 12
256 254 12 12
256 242 12 12
256 240 12 12
257 248 12 12
257 240 12 12
257 247 12 12
257 241 12 12
258 254 12 12
258 243 12 12
258 253 12 12
258 257 12 12
259 256 12 12
259 258 12 12
259 257 12 12
259 240 12 12
240 251 12 12
240 254 12 12
240 255 12 12
240 258 12 12
241 252 12 12
241 259 12 12
241 256 12 12
241 248 12 12
242 259 12 12
242 254 12 12
242 255 12 12
242 258 12 12
243 259 12 12
243 247 12 12
243 252 12 12
243 249 12 12
264 262 13 13
264 263 13 13
264 261 13 13
264 260 13 13
265 263 13 13
265 264 13 13
265 262 13 13
265 260 13 13
266 261 13 13
266 265 13 13
266 264 13 13
266 263 13 13
267 263 13 13
267 262 13 13
267 260 13 13
267 266 13 13
268 263 13 13
268 266 13 13
268 264 13 13
268 261 13 13
269 267 13 13
269 265 13 13
269 268 13 13
269 266 13 13
270 267 13 13
270 263 13 13
270 262 13 13
270 265 13 13
271 263 13 13
271 267 13 13
271 269 13 13
271 265 13 13
272 271 13 13
272 264 13 13
272 269 13 13
272 270 13 13
273 265 13 13
273 262 13 13
273 267 13 13
273 263 13 13
274 260 13 13
274 266 13 13
274 263 13 13
274 264 13 13
275 260 13 13
275 272 13 13
275 261 13 13
275 262 13 13
276 262 13 13
276 275 13 13
276 265 13 13
276 266 13 13
277 272 13 13
277 267 13 13
277 264 13 13
277 270 13 13
278 263 13 13
278 262 13 13
278 275 13 13
278 264 13 13
279 278 13 13
279 273 13 13
279 267 13 13
279 277 13 13
260 277 13 13
260 279 13 13
260 273 13 13
260 278 13 13
261 265 13 13
261 279 13 13
261 278 13 13
261 276 13 13
262 269 13 13
262 272 13 13
262 279 13 13
262 274 13 13
263 269 13 13
263 279 13 13
263 275 13 13
263 272 13 13
284 283 14 14
284 282 14 14
284 281 14 14
284 280 14 14
285 283 14 14
285 284 14 14
285 280 14 14
285 282 14 14
286 285 14 14
286 282 14 14
286 280 14 14
286 281 14 14
287 284 14 14
287 281 14 14
287 282 14 14
287 283 14 14
288 282 14 14
288 285 14 14
288 283 14 14
288 286 14 14
289 286 14 14
289 282 14 14
289 280 14 14
289 288 14 14
290 288 14 14
290 281 14 14
290 289 14 14
290 280 14 14
291 281 14 14
291 287 14 14
291 289 14 14
291 284 14 14
292 282 14 14
292 290 14 14
292 280 14 14
292 291 14 14
293 283 14 14
293 285 14 14
293 284 14 14
293 281 14 14
294 283 14 14
294 293 14 14
294 292 14 14
294 289 14 14
295 290 14 14
295 280 14 14
295 292 14 14
295 282 14 14
296 289 14 14
296 285 14 14
296 286 14 14
296 284 14 14
297 288 14 14
297 291 14 14
297 290 14 14
297 295 14 14
298 291 14 14
298 292 14 14
298 288 14 14
298 297 14 14
299 293 14 14
299 281 14 14
299 289 14 14
299 286 14 14
280 294 14 14
280 297 14 14
280 288 14 14
280 291 14 14
281 288 14 14
281 297 14 14
281 298 14 14
281 295 14 14
282 299 14 14
282 290 14 14
282 294 14 14
282 297 14 14
283 298 14 14
283 286 14 14
283 289 14 14
283 292 14 14
304 300 15 15
304 301 15 15
304 302 15 15
304 303 15 15
305 300 15 15
305 303 15 15
305 302 15 15
305 304 15 15
306 304 15 15
306 305 15 15
306 302 15 15
306 301 15 15
307 303 15 15
307 304 15 15
307 305 15 15
307 300 15 15
308 306 15 15
308 302 15 15
308 301 15 15
308 304 15 15
309 308 15 15
309 300 15 15
309 304 15 15
309 306 15 15
310 307 15 15
310 305 15 15
310 309 15 15
310 300 15 15
311 306 15 15
311 309 15 15
311 300 15 15
311 308 15 15
312 307 15 15
312 310 15 15
312 309 15 15
312 301 15 15
313 307 15 15
313 302 15 15
313 300 15 15
313 309 15 15
314 313 15 15
314 300 15 15
314 301 15 15
314 310 15 15
315 304 15 15
315 303 15 15
315 311 15 15
315 300 15 15
316 302 15 15
316 308 15 15
316 307 15 15
316 305 15 15
317 306 15 15
317 305 15 15
317 316 15 15
317 302 15 15
318 310 15 15
318 301 15 15
318 316 15 15
318 300 15 15
319 305 15 15
319 303 15 15
319 300 15 15
319 307 15 15
300 308 15 15
300 316 15 15
300 317 15 15
300 306 15 15
301 310 15 15
301 317 15 15
301 311 15 15
301 305 15 15
302 307 15 15
302 312 15 15
302 314 15 15
302 319 15 15
303 312 15 15
303 318 15 15
303 314 15 15
303 313 15 15
96 45 4 2
87 8 4 0
84 60 4 3
98 33 4 1
107 75 5 3
110 47 5 2
109 91 5 4
105 39 5 1
126 14 6 0
121 27 6 1
134 110 6 5
123 67 6 3
141 94 7 4
151 10 7 0
150 45 7 2
151 26 7 1
179 112 8 5
176 41 8 2
163 35 8 1
166 82 8 4
181 88 9 4
183 16 9 0
194 114 9 5
183 129 9 6
218 164 10 8
210 75 10 3
204 89 10 4
217 29 10 1
225 163 11 8
232 128 11 6
228 115 11 5
226 69 11 3
244 209 12 10
240 232 12 11
240 177 12 8
242 52 12 2
276 34 13 1
272 206 13 10
260 48 13 2
260 1 13 0
296 264 14 13
292 95 14 4
287 160 14 8
290 206 14 10
314 157 15 7
313 277 15 13
319 65 15 3
301 15 15 0
3 288 0 14
16 206 0 10
0 118 0 5
1 177 0 8
32 300 1 15
34 194 1 9
23 256 1 12
34 232 1 11
41 287 2 14
45 199 2 9
40 305 2 15
59 210 2 10
71 189 3 9
60 177 3 8
67 251 3 12
63 298 3 14
