swNum = 320
edgeNum = 1344

0 0
1 0
2 0
3 0
4 0
5 0
6 0
7 0
8 0
9 0
10 0
11 0
12 0
13 0
14 0
15 0
16 0
17 0
18 0
19 0
20 1
21 1
22 1
23 1
24 1
25 1
26 1
27 1
28 1
29 1
30 1
31 1
32 1
33 1
34 1
35 1
36 1
37 1
38 1
39 1
40 2
41 2
42 2
43 2
44 2
45 2
46 2
47 2
48 2
49 2
50 2
51 2
52 2
53 2
54 2
55 2
56 2
57 2
58 2
59 2
60 3
61 3
62 3
63 3
64 3
65 3
66 3
67 3
68 3
69 3
70 3
71 3
72 3
73 3
74 3
75 3
76 3
77 3
78 3
79 3
80 4
81 4
82 4
83 4
84 4
85 4
86 4
87 4
88 4
89 4
90 4
91 4
92 4
93 4
94 4
95 4
96 4
97 4
98 4
99 4
100 5
101 5
102 5
103 5
104 5
105 5
106 5
107 5
108 5
109 5
110 5
111 5
112 5
113 5
114 5
115 5
116 5
117 5
118 5
119 5
120 6
121 6
122 6
123 6
124 6
125 6
126 6
127 6
128 6
129 6
130 6
131 6
132 6
133 6
134 6
135 6
136 6
137 6
138 6
139 6
140 7
141 7
142 7
143 7
144 7
145 7
146 7
147 7
148 7
149 7
150 7
151 7
152 7
153 7
154 7
155 7
156 7
157 7
158 7
159 7
160 8
161 8
162 8
163 8
164 8
165 8
166 8
167 8
168 8
169 8
170 8
171 8
172 8
173 8
174 8
175 8
176 8
177 8
178 8
179 8
180 9
181 9
182 9
183 9
184 9
185 9
186 9
187 9
188 9
189 9
190 9
191 9
192 9
193 9
194 9
195 9
196 9
197 9
198 9
199 9
200 10
201 10
202 10
203 10
204 10
205 10
206 10
207 10
208 10
209 10
210 10
211 10
212 10
213 10
214 10
215 10
216 10
217 10
218 10
219 10
220 11
221 11
222 11
223 11
224 11
225 11
226 11
227 11
228 11
229 11
230 11
231 11
232 11
233 11
234 11
235 11
236 11
237 11
238 11
239 11
240 12
241 12
242 12
243 12
244 12
245 12
246 12
247 12
248 12
249 12
250 12
251 12
252 12
253 12
254 12
255 12
256 12
257 12
258 12
259 12
260 13
261 13
262 13
263 13
264 13
265 13
266 13
267 13
268 13
269 13
270 13
271 13
272 13
273 13
274 13
275 13
276 13
277 13
278 13
279 13
280 14
281 14
282 14
283 14
284 14
285 14
286 14
287 14
288 14
289 14
290 14
291 14
292 14
293 14
294 14
295 14
296 14
297 14
298 14
299 14
300 15
301 15
302 15
303 15
304 15
305 15
306 15
307 15
308 15
309 15
310 15
311 15
312 15
313 15
314 15
315 15
316 15
317 15
318 15
319 15

4 0 0 0
4 1 0 0
4 3 0 0
4 2 0 0
5 3 0 0
5 4 0 0
5 0 0 0
5 1 0 0
6 5 0 0
6 4 0 0
6 3 0 0
6 2 0 0
7 2 0 0
7 5 0 0
7 6 0 0
7 3 0 0
8 4 0 0
8 1 0 0
8 2 0 0
8 5 0 0
9 5 0 0
9 7 0 0
9 6 0 0
9 1 0 0
10 5 0 0
10 4 0 0
10 7 0 0
10 1 0 0
11 9 0 0
11 5 0 0
11 4 0 0
11 6 0 0
12 4 0 0
12 3 0 0
12 1 0 0
12 10 0 0
13 9 0 0
13 12 0 0
13 3 0 0
13 2 0 0
14 12 0 0
14 7 0 0
14 6 0 0
14 0 0 0
15 6 0 0
15 9 0 0
15 0 0 0
15 5 0 0
16 11 0 0
16 7 0 0
16 3 0 0
16 15 0 0
17 0 0 0
17 5 0 0
17 12 0 0
17 1 0 0
18 4 0 0
18 15 0 0
18 0 0 0
18 8 0 0
19 10 0 0
19 7 0 0
19 1 0 0
19 13 0 0
0 9 0 0
0 16 0 0
0 6 0 0
0 13 0 0
1 7 0 0
1 14 0 0
1 6 0 0
1 18 0 0
2 9 0 0
2 12 0 0
2 14 0 0
2 5 0 0
3 17 0 0
3 8 0 0
3 11 0 0
3 15 0 0
24 22 1 1
24 21 1 1
24 20 1 1
24 23 1 1
25 21 1 1
25 23 1 1
25 24 1 1
25 22 1 1
26 24 1 1
26 21 1 1
26 22 1 1
26 20 1 1
27 24 1 1
27 22 1 1
27 26 1 1
27 21 1 1
28 27 1 1
28 21 1 1
28 24 1 1
28 26 1 1
29 22 1 1
29 23 1 1
29 20 1 1
29 25 1 1
30 23 1 1
30 24 1 1
30 29 1 1
30 27 1 1
31 24 1 1
31 26 1 1
31 25 1 1
31 23 1 1
32 30 1 1
32 27 1 1
32 24 1 1
32 29 1 1
33 28 1 1
33 31 1 1
33 25 1 1
33 23 1 1
34 32 1 1
34 27 1 1
34 20 1 1
34 30 1 1
35 26 1 1
35 32 1 1
35 24 1 1
35 23 1 1
36 29 1 1
36 20 1 1
36 23 1 1
36 32 1 1
37 32 1 1
37 36 1 1
37 20 1 1
37 29 1 1
38 36 1 1
38 24 1 1
38 37 1 1
38 26 1 1
39 35 1 1
39 31 1 1
39 22 1 1
39 24 1 1
20 30 1 1
20 35 1 1
20 32 1 1
20 27 1 1
21 34 1 1
21 31 1 1
21 39 1 1
21 38 1 1
22 31 1 1
22 34 1 1
22 35 1 1
22 28 1 1
23 37 1 1
23 34 1 1
23 27 1 1
23 28 1 1
44 42 2 2
44 43 2 2
44 40 2 2
44 41 2 2
45 44 2 2
45 43 2 2
45 42 2 2
45 41 2 2
46 43 2 2
46 41 2 2
46 40 2 2
46 42 2 2
47 45 2 2
47 40 2 2
47 46 2 2
47 43 2 2
48 43 2 2
48 40 2 2
48 47 2 2
48 46 2 2
49 48 2 2
49 46 2 2
49 44 2 2
49 47 2 2
50 47 2 2
50 49 2 2
50 40 2 2
50 45 2 2
51 43 2 2
51 42 2 2
51 48 2 2
51 41 2 2
52 41 2 2
52 45 2 2
52 43 2 2
52 40 2 2
53 42 2 2
53 47 2 2
53 41 2 2
53 45 2 2
54 40 2 2
54 48 2 2
54 43 2 2
54 51 2 2
55 48 2 2
55 54 2 2
55 44 2 2
55 52 2 2
56 48 2 2
56 45 2 2
56 47 2 2
56 50 2 2
57 46 2 2
57 43 2 2
57 56 2 2
57 53 2 2
58 44 2 2
58 43 2 2
58 49 2 2
58 42 2 2
59 46 2 2
59 49 2 2
59 45 2 2
59 43 2 2
40 45 2 2
40 57 2 2
40 53 2 2
40 59 2 2
41 57 2 2
41 54 2 2
41 55 2 2
41 48 2 2
42 52 2 2
42 47 2 2
42 50 2 2
42 55 2 2
43 50 2 2
43 55 2 2
43 56 2 2
43 49 2 2
64 62 3 3
64 60 3 3
64 63 3 3
64 61 3 3
65 62 3 3
65 61 3 3
65 60 3 3
65 63 3 3
66 61 3 3
66 62 3 3
66 63 3 3
66 65 3 3
67 64 3 3
67 66 3 3
67 65 3 3
67 62 3 3
68 61 3 3
68 63 3 3
68 62 3 3
68 66 3 3
69 61 3 3
69 64 3 3
69 65 3 3
69 67 3 3
70 65 3 3
70 67 3 3
70 68 3 3
70 63 3 3
71 62 3 3
71 70 3 3
71 65 3 3
71 64 3 3
72 61 3 3
72 62 3 3
72 65 3 3
72 71 3 3
73 65 3 3
73 63 3 3
73 61 3 3
73 70 3 3
74 68 3 3
74 67 3 3
74 66 3 3
74 60 3 3
75 62 3 3
75 66 3 3
75 71 3 3
75 68 3 3
76 75 3 3
76 70 3 3
76 74 3 3
76 64 3 3
77 65 3 3
77 74 3 3
77 64 3 3
77 62 3 3
78 71 3 3
78 62 3 3
78 63 3 3
78 65 3 3
79 77 3 3
79 74 3 3
79 69 3 3
79 65 3 3
60 73 3 3
60 67 3 3
60 75 3 3
60 76 3 3
61 79 3 3
61 74 3 3
61 77 3 3
61 76 3 3
62 70 3 3
62 79 3 3
62 69 3 3
62 74 3 3
63 79 3 3
63 74 3 3
63 75 3 3
63 72 3 3
84 80 4 4
84 81 4 4
84 82 4 4
84 83 4 4
85 80 4 4
85 84 4 4
85 82 4 4
85 83 4 4
86 83 4 4
86 82 4 4
86 85 4 4
86 81 4 4
87 83 4 4
87 84 4 4
87 86 4 4
87 82 4 4
88 84 4 4
88 85 4 4
88 86 4 4
88 82 4 4
89 86 4 4
89 85 4 4
89 87 4 4
89 84 4 4
90 81 4 4
90 83 4 4
90 84 4 4
90 89 4 4
91 87 4 4
91 89 4 4
91 86 4 4
91 80 4 4
92 87 4 4
92 84 4 4
92 83 4 4
92 81 4 4
93 84 4 4
93 90 4 4
93 82 4 4
93 89 4 4
94 90 4 4
94 86 4 4
94 81 4 4
94 91 4 4
95 82 4 4
95 85 4 4
95 83 4 4
95 93 4 4
96 88 4 4
96 81 4 4
96 89 4 4
96 86 4 4
97 92 4 4
97 93 4 4
97 96 4 4
97 83 4 4
98 93 4 4
98 97 4 4
98 87 4 4
98 92 4 4
99 87 4 4
99 95 4 4
99 85 4 4
99 82 4 4
80 86 4 4
80 95 4 4
80 87 4 4
80 90 4 4
81 97 4 4
81 93 4 4
81 98 4 4
81 91 4 4
82 92 4 4
82 97 4 4
82 96 4 4
82 98 4 4
83 93 4 4
83 94 4 4
83 98 4 4
83 91 4 4
104 100 5 5
104 103 5 5
104 101 5 5
104 102 5 5
105 100 5 5
105 101 5 5
105 103 5 5
105 102 5 5
106 103 5 5
106 104 5 5
106 101 5 5
106 100 5 5
107 104 5 5
107 101 5 5
107 106 5 5
107 103 5 5
108 103 5 5
108 100 5 5
108 104 5 5
108 102 5 5
109 104 5 5
109 103 5 5
109 100 5 5
109 106 5 5
110 101 5 5
110 100 5 5
110 103 5 5
110 108 5 5
111 106 5 5
111 101 5 5
111 108 5 5
111 104 5 5
112 103 5 5
112 109 5 5
112 111 5 5
112 100 5 5
113 102 5 5
113 105 5 5
113 111 5 5
113 107 5 5
114 109 5 5
114 100 5 5
114 106 5 5
114 105 5 5
115 103 5 5
115 111 5 5
115 104 5 5
115 112 5 5
116 109 5 5
116 103 5 5
116 102 5 5
116 111 5 5
117 100 5 5
117 109 5 5
117 103 5 5
117 107 5 5
118 116 5 5
118 115 5 5
118 104 5 5
118 109 5 5
119 118 5 5
119 112 5 5
119 100 5 5
119 105 5 5
100 113 5 5
100 111 5 5
100 107 5 5
100 115 5 5
101 112 5 5
101 113 5 5
101 109 5 5
101 117 5 5
102 115 5 5
102 109 5 5
102 110 5 5
102 112 5 5
103 118 5 5
103 119 5 5
103 113 5 5
103 114 5 5
124 120 6 6
124 123 6 6
124 122 6 6
124 121 6 6
125 121 6 6
125 122 6 6
125 120 6 6
125 123 6 6
126 120 6 6
126 123 6 6
126 121 6 6
126 124 6 6
127 123 6 6
127 126 6 6
127 121 6 6
127 122 6 6
128 121 6 6
128 124 6 6
128 120 6 6
128 127 6 6
129 120 6 6
129 123 6 6
129 124 6 6
129 128 6 6
130 125 6 6
130 120 6 6
130 129 6 6
130 124 6 6
131 122 6 6
131 129 6 6
131 127 6 6
131 128 6 6
132 121 6 6
132 123 6 6
132 122 6 6
132 127 6 6
133 121 6 6
133 131 6 6
133 120 6 6
133 123 6 6
134 130 6 6
134 133 6 6
134 123 6 6
134 122 6 6
135 122 6 6
135 126 6 6
135 134 6 6
135 130 6 6
136 121 6 6
136 120 6 6
136 124 6 6
136 134 6 6
137 132 6 6
137 128 6 6
137 123 6 6
137 120 6 6
138 123 6 6
138 130 6 6
138 131 6 6
138 133 6 6
139 122 6 6
139 125 6 6
139 134 6 6
139 136 6 6
120 127 6 6
120 134 6 6
120 135 6 6
120 131 6 6
121 135 6 6
121 134 6 6
121 130 6 6
121 138 6 6
122 128 6 6
122 137 6 6
122 138 6 6
122 129 6 6
123 135 6 6
123 128 6 6
123 130 6 6
123 131 6 6
144 142 7 7
144 143 7 7
144 141 7 7
144 140 7 7
145 140 7 7
145 142 7 7
145 141 7 7
145 143 7 7
146 143 7 7
146 142 7 7
146 144 7 7
146 140 7 7
147 144 7 7
147 146 7 7
147 145 7 7
147 142 7 7
148 145 7 7
148 144 7 7
148 140 7 7
148 143 7 7
149 148 7 7
149 146 7 7
149 147 7 7
149 142 7 7
150 142 7 7
150 149 7 7
150 147 7 7
150 144 7 7
151 146 7 7
151 148 7 7
151 141 7 7
151 140 7 7
152 140 7 7
152 151 7 7
152 149 7 7
152 148 7 7
153 141 7 7
153 143 7 7
153 148 7 7
153 146 7 7
154 146 7 7
154 140 7 7
154 148 7 7
154 151 7 7
155 144 7 7
155 142 7 7
155 149 7 7
155 146 7 7
156 145 7 7
156 153 7 7
156 143 7 7
156 141 7 7
157 142 7 7
157 141 7 7
157 156 7 7
157 140 7 7
158 154 7 7
158 150 7 7
158 148 7 7
158 144 7 7
159 142 7 7
159 149 7 7
159 144 7 7
159 153 7 7
140 153 7 7
140 158 7 7
140 156 7 7
140 149 7 7
141 155 7 7
141 147 7 7
141 146 7 7
141 154 7 7
142 156 7 7
142 154 7 7
142 151 7 7
142 148 7 7
143 151 7 7
143 147 7 7
143 157 7 7
143 158 7 7
164 162 8 8
164 161 8 8
164 160 8 8
164 163 8 8
165 161 8 8
165 163 8 8
165 160 8 8
165 164 8 8
166 165 8 8
166 162 8 8
166 164 8 8
166 161 8 8
167 161 8 8
167 164 8 8
167 162 8 8
167 165 8 8
168 161 8 8
168 164 8 8
168 165 8 8
168 166 8 8
169 165 8 8
169 161 8 8
169 164 8 8
169 166 8 8
170 168 8 8
170 161 8 8
170 160 8 8
170 163 8 8
171 168 8 8
171 169 8 8
171 167 8 8
171 160 8 8
172 165 8 8
172 168 8 8
172 164 8 8
172 169 8 8
173 171 8 8
173 164 8 8
173 162 8 8
173 169 8 8
174 169 8 8
174 165 8 8
174 172 8 8
174 171 8 8
175 163 8 8
175 162 8 8
175 172 8 8
175 170 8 8
176 169 8 8
176 175 8 8
176 171 8 8
176 173 8 8
177 174 8 8
177 165 8 8
177 164 8 8
177 167 8 8
178 171 8 8
178 168 8 8
178 161 8 8
178 170 8 8
179 169 8 8
179 171 8 8
179 173 8 8
179 168 8 8
160 175 8 8
160 173 8 8
160 167 8 8
160 169 8 8
161 174 8 8
161 171 8 8
161 179 8 8
161 173 8 8
162 171 8 8
162 165 8 8
162 174 8 8
162 169 8 8
163 177 8 8
163 173 8 8
163 167 8 8
163 171 8 8
184 183 9 9
184 182 9 9
184 181 9 9
184 180 9 9
185 182 9 9
185 181 9 9
185 180 9 9
185 183 9 9
186 184 9 9
186 181 9 9
186 180 9 9
186 182 9 9
187 181 9 9
187 180 9 9
187 182 9 9
187 183 9 9
188 184 9 9
188 187 9 9
188 186 9 9
188 181 9 9
189 186 9 9
189 182 9 9
189 184 9 9
189 185 9 9
190 184 9 9
190 187 9 9
190 183 9 9
190 181 9 9
191 187 9 9
191 180 9 9
191 182 9 9
191 181 9 9
192 181 9 9
192 185 9 9
192 187 9 9
192 180 9 9
193 191 9 9
193 187 9 9
193 185 9 9
193 192 9 9
194 181 9 9
194 188 9 9
194 189 9 9
194 180 9 9
195 181 9 9
195 182 9 9
195 194 9 9
195 192 9 9
196 192 9 9
196 193 9 9
196 181 9 9
196 195 9 9
197 189 9 9
197 186 9 9
197 192 9 9
197 184 9 9
198 188 9 9
198 195 9 9
198 189 9 9
198 190 9 9
199 183 9 9
199 195 9 9
199 181 9 9
199 184 9 9
180 193 9 9
180 197 9 9
180 199 9 9
180 196 9 9
181 198 9 9
181 189 9 9
181 197 9 9
181 193 9 9
182 190 9 9
182 192 9 9
182 199 9 9
182 188 9 9
183 195 9 9
183 194 9 9
183 188 9 9
183 193 9 9
204 202 10 10
204 200 10 10
204 201 10 10
204 203 10 10
205 202 10 10
205 204 10 10
205 201 10 10
205 200 10 10
206 200 10 10
206 205 10 10
206 204 10 10
206 203 10 10
207 202 10 10
207 200 10 10
207 205 10 10
207 204 10 10
208 200 10 10
208 201 10 10
208 207 10 10
208 206 10 10
209 203 10 10
209 205 10 10
209 201 10 10
209 207 10 10
210 203 10 10
210 205 10 10
210 201 10 10
210 206 10 10
211 202 10 10
211 207 10 10
211 201 10 10
211 208 10 10
212 207 10 10
212 204 10 10
212 203 10 10
212 200 10 10
213 206 10 10
213 208 10 10
213 210 10 10
213 200 10 10
214 205 10 10
214 200 10 10
214 204 10 10
214 207 10 10
215 207 10 10
215 205 10 10
215 214 10 10
215 204 10 10
216 204 10 10
216 205 10 10
216 212 10 10
216 200 10 10
217 212 10 10
217 215 10 10
217 206 10 10
217 202 10 10
218 208 10 10
218 201 10 10
218 205 10 10
218 210 10 10
219 204 10 10
219 201 10 10
219 203 10 10
219 213 10 10
200 215 10 10
200 209 10 10
200 211 10 10
200 210 10 10
201 212 10 10
201 207 10 10
201 213 10 10
201 206 10 10
202 208 10 10
202 212 10 10
202 218 10 10
202 209 10 10
203 208 10 10
203 218 10 10
203 213 10 10
203 211 10 10
224 222 11 11
224 220 11 11
224 223 11 11
224 221 11 11
225 222 11 11
225 221 11 11
225 220 11 11
225 223 11 11
226 222 11 11
226 221 11 11
226 223 11 11
226 220 11 11
227 225 11 11
227 221 11 11
227 222 11 11
227 220 11 11
228 220 11 11
228 225 11 11
228 222 11 11
228 224 11 11
229 223 11 11
229 224 11 11
229 226 11 11
229 222 11 11
230 220 11 11
230 224 11 11
230 227 11 11
230 221 11 11
231 221 11 11
231 229 11 11
231 230 11 11
231 223 11 11
232 223 11 11
232 220 11 11
232 226 11 11
232 221 11 11
233 230 11 11
233 227 11 11
233 222 11 11
233 221 11 11
234 229 11 11
234 220 11 11
234 230 11 11
234 221 11 11
235 220 11 11
235 227 11 11
235 230 11 11
235 229 11 11
236 232 11 11
236 225 11 11
236 226 11 11
236 228 11 11
237 223 11 11
237 220 11 11
237 231 11 11
237 232 11 11
238 230 11 11
238 226 11 11
238 229 11 11
238 235 11 11
239 225 11 11
239 236 11 11
239 229 11 11
239 224 11 11
220 231 11 11
220 236 11 11
220 229 11 11
220 239 11 11
221 228 11 11
221 236 11 11
221 235 11 11
221 238 11 11
222 234 11 11
222 237 11 11
222 236 11 11
222 235 11 11
223 230 11 11
223 238 11 11
223 234 11 11
223 239 11 11
244 243 12 12
244 242 12 12
244 241 12 12
244 240 12 12
245 244 12 12
245 240 12 12
245 242 12 12
245 243 12 12
246 245 12 12
246 240 12 12
246 244 12 12
246 242 12 12
247 246 12 12
247 242 12 12
247 241 12 12
247 245 12 12
248 246 12 12
248 245 12 12
248 247 12 12
248 242 12 12
249 241 12 12
249 247 12 12
249 246 12 12
249 240 12 12
250 249 12 12
250 246 12 12
250 242 12 12
250 240 12 12
251 249 12 12
251 241 12 12
251 247 12 12
251 242 12 12
252 247 12 12
252 241 12 12
252 249 12 12
252 242 12 12
253 247 12 12
253 241 12 12
253 243 12 12
253 240 12 12
254 250 12 12
254 253 12 12
254 248 12 12
254 249 12 12
255 244 12 12
255 243 12 12
255 247 12 12
255 248 12 12
256 251 12 12
256 242 12 12
256 249 12 12
256 250 12 12
257 256 12 12
257 244 12 12
257 252 12 12
257 255 12 12
258 247 12 12
258 253 12 12
258 257 12 12
258 240 12 12
259 244 12 12
259 247 12 12
259 258 12 12
259 249 12 12
240 248 12 12
240 252 12 12
240 259 12 12
240 254 12 12
241 256 12 12
241 254 12 12
241 257 12 12
241 246 12 12
242 249 12 12
242 254 12 12
242 259 12 12
242 258 12 12
243 247 12 12
243 257 12 12
243 252 12 12
243 258 12 12
264 262 13 13
264 261 13 13
264 263 13 13
264 260 13 13
265 263 13 13
265 262 13 13
265 260 13 13
265 264 13 13
266 264 13 13
266 262 13 13
266 260 13 13
266 263 13 13
267 262 13 13
267 264 13 13
267 260 13 13
267 261 13 13
268 265 13 13
268 264 13 13
268 266 13 13
268 267 13 13
269 268 13 13
269 266 13 13
269 267 13 13
269 265 13 13
270 260 13 13
270 261 13 13
270 264 13 13
270 268 13 13
271 261 13 13
271 267 13 13
271 262 13 13
271 264 13 13
272 262 13 13
272 266 13 13
272 265 13 13
272 271 13 13
273 263 13 13
273 266 13 13
273 264 13 13
273 269 13 13
274 262 13 13
274 268 13 13
274 266 13 13
274 269 13 13
275 265 13 13
275 261 13 13
275 273 13 13
275 268 13 13
276 268 13 13
276 267 13 13
276 263 13 13
276 261 13 13
277 272 13 13
277 265 13 13
277 273 13 13
277 266 13 13
278 260 13 13
278 269 13 13
278 264 13 13
278 262 13 13
279 263 13 13
279 262 13 13
279 273 13 13
279 272 13 13
260 275 13 13
260 277 13 13
260 269 13 13
260 271 13 13
261 272 13 13
261 278 13 13
261 269 13 13
261 279 13 13
262 277 13 13
262 269 13 13
262 273 13 13
262 268 13 13
263 277 13 13
263 275 13 13
263 269 13 13
263 270 13 13
284 280 14 14
284 282 14 14
284 281 14 14
284 283 14 14
285 280 14 14
285 284 14 14
285 282 14 14
285 281 14 14
286 283 14 14
286 284 14 14
286 282 14 14
286 285 14 14
287 280 14 14
287 284 14 14
287 286 14 14
287 285 14 14
288 280 14 14
288 286 14 14
288 285 14 14
288 284 14 14
289 287 14 14
289 281 14 14
289 285 14 14
289 283 14 14
290 289 14 14
290 282 14 14
290 280 14 14
290 285 14 14
291 280 14 14
291 282 14 14
291 283 14 14
291 288 14 14
292 286 14 14
292 288 14 14
292 289 14 14
292 290 14 14
293 292 14 14
293 287 14 14
293 280 14 14
293 288 14 14
294 280 14 14
294 286 14 14
294 287 14 14
294 281 14 14
295 294 14 14
295 292 14 14
295 285 14 14
295 287 14 14
296 287 14 14
296 293 14 14
296 295 14 14
296 284 14 14
297 288 14 14
297 289 14 14
297 296 14 14
297 280 14 14
298 284 14 14
298 290 14 14
298 293 14 14
298 291 14 14
299 294 14 14
299 287 14 14
299 297 14 14
299 295 14 14
280 295 14 14
280 299 14 14
280 298 14 14
280 296 14 14
281 291 14 14
281 295 14 14
281 290 14 14
281 286 14 14
282 295 14 14
282 299 14 14
282 288 14 14
282 292 14 14
283 297 14 14
283 294 14 14
283 298 14 14
283 288 14 14
304 300 15 15
304 303 15 15
304 302 15 15
304 301 15 15
305 304 15 15
305 302 15 15
305 300 15 15
305 301 15 15
306 300 15 15
306 305 15 15
306 303 15 15
306 301 15 15
307 305 15 15
307 301 15 15
307 306 15 15
307 300 15 15
308 301 15 15
308 306 15 15
308 300 15 15
308 302 15 15
309 303 15 15
309 301 15 15
309 308 15 15
309 304 15 15
310 301 15 15
310 304 15 15
310 303 15 15
310 306 15 15
311 301 15 15
311 306 15 15
311 300 15 15
311 302 15 15
312 305 15 15
312 306 15 15
312 309 15 15
312 302 15 15
313 301 15 15
313 308 15 15
313 309 15 15
313 300 15 15
314 303 15 15
314 307 15 15
314 300 15 15
314 313 15 15
315 309 15 15
315 312 15 15
315 308 15 15
315 301 15 15
316 310 15 15
316 308 15 15
316 314 15 15
316 302 15 15
317 306 15 15
317 316 15 15
317 311 15 15
317 312 15 15
318 307 15 15
318 314 15 15
318 316 15 15
318 302 15 15
319 305 15 15
319 300 15 15
319 318 15 15
319 306 15 15
300 312 15 15
300 317 15 15
300 316 15 15
300 309 15 15
301 312 15 15
301 319 15 15
301 317 15 15
301 318 15 15
302 319 15 15
302 306 15 15
302 310 15 15
302 315 15 15
303 305 15 15
303 316 15 15
303 315 15 15
303 312 15 15
89 58 4 2
81 75 4 3
82 11 4 0
81 26 4 1
114 48 5 2
114 79 5 3
107 1 5 0
109 36 5 1
129 83 6 4
120 79 6 3
136 0 6 0
128 108 6 5
154 100 7 5
156 55 7 2
145 78 7 3
147 128 7 6
171 149 8 7
172 14 8 0
172 127 8 6
178 74 8 3
197 107 9 5
180 98 9 4
198 151 9 7
187 170 9 8
215 96 10 4
204 159 10 7
216 10 10 0
211 35 10 1
229 78 11 3
228 139 11 6
221 22 11 1
239 194 11 9
250 102 12 5
254 50 12 2
254 33 12 1
257 190 12 9
262 78 13 3
272 103 13 5
272 246 13 12
277 93 13 4
297 122 14 6
299 193 14 9
292 219 14 10
298 85 14 4
317 173 15 8
305 73 15 3
314 277 15 13
311 148 15 7
19 281 0 14
11 158 0 7
7 265 0 13
13 185 0 9
20 120 1 6
26 307 1 15
29 263 1 13
31 142 1 7
51 310 2 15
56 204 2 10
40 160 2 8
47 287 2 14
79 288 3 14
66 197 3 9
79 210 3 10
60 248 3 12
