swNum = 320
edgeNum = 1344

0 0
1 0
2 0
3 0
4 0
5 0
6 0
7 0
8 0
9 0
10 0
11 0
12 0
13 0
14 0
15 0
16 0
17 0
18 0
19 0
20 1
21 1
22 1
23 1
24 1
25 1
26 1
27 1
28 1
29 1
30 1
31 1
32 1
33 1
34 1
35 1
36 1
37 1
38 1
39 1
40 2
41 2
42 2
43 2
44 2
45 2
46 2
47 2
48 2
49 2
50 2
51 2
52 2
53 2
54 2
55 2
56 2
57 2
58 2
59 2
60 3
61 3
62 3
63 3
64 3
65 3
66 3
67 3
68 3
69 3
70 3
71 3
72 3
73 3
74 3
75 3
76 3
77 3
78 3
79 3
80 4
81 4
82 4
83 4
84 4
85 4
86 4
87 4
88 4
89 4
90 4
91 4
92 4
93 4
94 4
95 4
96 4
97 4
98 4
99 4
100 5
101 5
102 5
103 5
104 5
105 5
106 5
107 5
108 5
109 5
110 5
111 5
112 5
113 5
114 5
115 5
116 5
117 5
118 5
119 5
120 6
121 6
122 6
123 6
124 6
125 6
126 6
127 6
128 6
129 6
130 6
131 6
132 6
133 6
134 6
135 6
136 6
137 6
138 6
139 6
140 7
141 7
142 7
143 7
144 7
145 7
146 7
147 7
148 7
149 7
150 7
151 7
152 7
153 7
154 7
155 7
156 7
157 7
158 7
159 7
160 8
161 8
162 8
163 8
164 8
165 8
166 8
167 8
168 8
169 8
170 8
171 8
172 8
173 8
174 8
175 8
176 8
177 8
178 8
179 8
180 9
181 9
182 9
183 9
184 9
185 9
186 9
187 9
188 9
189 9
190 9
191 9
192 9
193 9
194 9
195 9
196 9
197 9
198 9
199 9
200 10
201 10
202 10
203 10
204 10
205 10
206 10
207 10
208 10
209 10
210 10
211 10
212 10
213 10
214 10
215 10
216 10
217 10
218 10
219 10
220 11
221 11
222 11
223 11
224 11
225 11
226 11
227 11
228 11
229 11
230 11
231 11
232 11
233 11
234 11
235 11
236 11
237 11
238 11
239 11
240 12
241 12
242 12
243 12
244 12
245 12
246 12
247 12
248 12
249 12
250 12
251 12
252 12
253 12
254 12
255 12
256 12
257 12
258 12
259 12
260 13
261 13
262 13
263 13
264 13
265 13
266 13
267 13
268 13
269 13
270 13
271 13
272 13
273 13
274 13
275 13
276 13
277 13
278 13
279 13
280 14
281 14
282 14
283 14
284 14
285 14
286 14
287 14
288 14
289 14
290 14
291 14
292 14
293 14
294 14
295 14
296 14
297 14
298 14
299 14
300 15
301 15
302 15
303 15
304 15
305 15
306 15
307 15
308 15
309 15
310 15
311 15
312 15
313 15
314 15
315 15
316 15
317 15
318 15
319 15

4 3 0 0
4 1 0 0
4 2 0 0
4 0 0 0
5 0 0 0
5 4 0 0
5 2 0 0
5 1 0 0
6 2 0 0
6 5 0 0
6 4 0 0
6 3 0 0
7 1 0 0
7 6 0 0
7 2 0 0
7 4 0 0
8 0 0 0
8 3 0 0
8 5 0 0
8 1 0 0
9 2 0 0
9 0 0 0
9 7 0 0
9 8 0 0
10 6 0 0
10 2 0 0
10 3 0 0
10 4 0 0
11 9 0 0
11 5 0 0
11 2 0 0
11 1 0 0
12 8 0 0
12 0 0 0
12 4 0 0
12 1 0 0
13 5 0 0
13 9 0 0
13 11 0 0
13 1 0 0
14 8 0 0
14 5 0 0
14 13 0 0
14 2 0 0
15 3 0 0
15 6 0 0
15 14 0 0
15 2 0 0
16 14 0 0
16 5 0 0
16 15 0 0
16 10 0 0
17 7 0 0
17 1 0 0
17 11 0 0
17 16 0 0
18 7 0 0
18 15 0 0
18 13 0 0
18 11 0 0
19 12 0 0
19 0 0 0
19 14 0 0
19 18 0 0
0 16 0 0
0 10 0 0
0 18 0 0
0 14 0 0
1 18 0 0
1 14 0 0
1 19 0 0
1 15 0 0
2 18 0 0
2 16 0 0
2 17 0 0
2 19 0 0
3 19 0 0
3 5 0 0
3 12 0 0
3 18 0 0
24 23 1 1
24 20 1 1
24 21 1 1
24 22 1 1
25 23 1 1
25 22 1 1
25 20 1 1
25 24 1 1
26 20 1 1
26 24 1 1
26 23 1 1
26 25 1 1
27 22 1 1
27 26 1 1
27 20 1 1
27 25 1 1
28 24 1 1
28 21 1 1
28 26 1 1
28 20 1 1
29 20 1 1
29 25 1 1
29 27 1 1
29 26 1 1
30 22 1 1
30 26 1 1
30 29 1 1
30 20 1 1
31 30 1 1
31 23 1 1
31 25 1 1
31 27 1 1
32 26 1 1
32 21 1 1
32 20 1 1
32 22 1 1
33 24 1 1
33 21 1 1
33 26 1 1
33 29 1 1
34 22 1 1
34 29 1 1
34 31 1 1
34 33 1 1
35 27 1 1
35 23 1 1
35 20 1 1
35 22 1 1
36 25 1 1
36 20 1 1
36 29 1 1
36 33 1 1
37 21 1 1
37 26 1 1
37 31 1 1
37 33 1 1
38 35 1 1
38 28 1 1
38 30 1 1
38 27 1 1
39 34 1 1
39 20 1 1
39 29 1 1
39 30 1 1
20 31 1 1
20 34 1 1
20 37 1 1
20 33 1 1
21 35 1 1
21 27 1 1
21 25 1 1
21 38 1 1
22 38 1 1
22 33 1 1
22 31 1 1
22 36 1 1
23 29 1 1
23 30 1 1
23 38 1 1
23 33 1 1
44 40 2 2
44 43 2 2
44 42 2 2
44 41 2 2
45 42 2 2
45 41 2 2
45 43 2 2
45 44 2 2
46 40 2 2
46 45 2 2
46 43 2 2
46 41 2 2
47 43 2 2
47 45 2 2
47 40 2 2
47 42 2 2
48 43 2 2
48 42 2 2
48 47 2 2
48 44 2 2
49 40 2 2
49 45 2 2
49 46 2 2
49 41 2 2
50 42 2 2
50 44 2 2
50 46 2 2
50 43 2 2
51 42 2 2
51 47 2 2
51 44 2 2
51 41 2 2
52 46 2 2
52 49 2 2
52 51 2 2
52 43 2 2
53 45 2 2
53 42 2 2
53 52 2 2
53 49 2 2
54 51 2 2
54 47 2 2
54 52 2 2
54 42 2 2
55 45 2 2
55 44 2 2
55 48 2 2
55 52 2 2
56 51 2 2
56 44 2 2
56 53 2 2
56 47 2 2
57 44 2 2
57 56 2 2
57 51 2 2
57 40 2 2
58 44 2 2
58 51 2 2
58 46 2 2
58 56 2 2
59 58 2 2
59 53 2 2
59 48 2 2
59 41 2 2
40 54 2 2
40 58 2 2
40 56 2 2
40 53 2 2
41 47 2 2
41 55 2 2
41 58 2 2
41 56 2 2
42 46 2 2
42 58 2 2
42 59 2 2
42 57 2 2
43 49 2 2
43 55 2 2
43 57 2 2
43 56 2 2
64 62 3 3
64 63 3 3
64 60 3 3
64 61 3 3
65 63 3 3
65 62 3 3
65 60 3 3
65 61 3 3
66 64 3 3
66 60 3 3
66 65 3 3
66 62 3 3
67 65 3 3
67 64 3 3
67 66 3 3
67 62 3 3
68 60 3 3
68 66 3 3
68 61 3 3
68 63 3 3
69 62 3 3
69 66 3 3
69 65 3 3
69 63 3 3
70 62 3 3
70 64 3 3
70 65 3 3
70 69 3 3
71 70 3 3
71 69 3 3
71 62 3 3
71 67 3 3
72 63 3 3
72 61 3 3
72 68 3 3
72 60 3 3
73 67 3 3
73 62 3 3
73 69 3 3
73 71 3 3
74 70 3 3
74 65 3 3
74 72 3 3
74 60 3 3
75 73 3 3
75 72 3 3
75 67 3 3
75 63 3 3
76 64 3 3
76 74 3 3
76 72 3 3
76 62 3 3
77 61 3 3
77 62 3 3
77 74 3 3
77 69 3 3
78 69 3 3
78 66 3 3
78 75 3 3
78 62 3 3
79 65 3 3
79 68 3 3
79 64 3 3
79 78 3 3
60 75 3 3
60 77 3 3
60 79 3 3
60 73 3 3
61 74 3 3
61 73 3 3
61 69 3 3
61 75 3 3
62 74 3 3
62 79 3 3
62 72 3 3
62 75 3 3
63 67 3 3
63 79 3 3
63 76 3 3
63 71 3 3
84 80 4 4
84 82 4 4
84 83 4 4
84 81 4 4
85 80 4 4
85 84 4 4
85 83 4 4
85 82 4 4
86 85 4 4
86 80 4 4
86 83 4 4
86 84 4 4
87 81 4 4
87 86 4 4
87 82 4 4
87 83 4 4
88 86 4 4
88 82 4 4
88 81 4 4
88 87 4 4
89 83 4 4
89 84 4 4
89 86 4 4
89 87 4 4
90 87 4 4
90 82 4 4
90 83 4 4
90 86 4 4
91 87 4 4
91 86 4 4
91 89 4 4
91 82 4 4
92 83 4 4
92 85 4 4
92 80 4 4
92 88 4 4
93 89 4 4
93 92 4 4
93 81 4 4
93 84 4 4
94 86 4 4
94 91 4 4
94 90 4 4
94 89 4 4
95 94 4 4
95 93 4 4
95 92 4 4
95 90 4 4
96 91 4 4
96 94 4 4
96 86 4 4
96 88 4 4
97 90 4 4
97 89 4 4
97 92 4 4
97 85 4 4
98 82 4 4
98 90 4 4
98 96 4 4
98 86 4 4
99 98 4 4
99 86 4 4
99 81 4 4
99 92 4 4
80 91 4 4
80 99 4 4
80 97 4 4
80 98 4 4
81 90 4 4
81 96 4 4
81 95 4 4
81 98 4 4
82 97 4 4
82 96 4 4
82 93 4 4
82 94 4 4
83 94 4 4
83 95 4 4
83 98 4 4
83 91 4 4
104 101 5 5
104 102 5 5
104 100 5 5
104 103 5 5
105 103 5 5
105 101 5 5
105 100 5 5
105 102 5 5
106 103 5 5
106 101 5 5
106 105 5 5
106 102 5 5
107 106 5 5
107 103 5 5
107 105 5 5
107 100 5 5
108 103 5 5
108 106 5 5
108 100 5 5
108 105 5 5
109 106 5 5
109 107 5 5
109 102 5 5
109 101 5 5
110 104 5 5
110 103 5 5
110 109 5 5
110 106 5 5
111 106 5 5
111 104 5 5
111 101 5 5
111 105 5 5
112 106 5 5
112 103 5 5
112 102 5 5
112 105 5 5
113 106 5 5
113 110 5 5
113 101 5 5
113 103 5 5
114 108 5 5
114 113 5 5
114 111 5 5
114 110 5 5
115 108 5 5
115 113 5 5
115 110 5 5
115 109 5 5
116 104 5 5
116 106 5 5
116 105 5 5
116 109 5 5
117 107 5 5
117 110 5 5
117 112 5 5
117 115 5 5
118 117 5 5
118 110 5 5
118 109 5 5
118 108 5 5
119 102 5 5
119 111 5 5
119 113 5 5
119 101 5 5
100 106 5 5
100 114 5 5
100 111 5 5
100 112 5 5
101 114 5 5
101 110 5 5
101 116 5 5
101 118 5 5
102 117 5 5
102 116 5 5
102 108 5 5
102 111 5 5
103 114 5 5
103 109 5 5
103 115 5 5
103 118 5 5
124 120 6 6
124 121 6 6
124 122 6 6
124 123 6 6
125 120 6 6
125 124 6 6
125 121 6 6
125 122 6 6
126 121 6 6
126 124 6 6
126 120 6 6
126 125 6 6
127 123 6 6
127 122 6 6
127 121 6 6
127 120 6 6
128 120 6 6
128 122 6 6
128 124 6 6
128 126 6 6
129 123 6 6
129 121 6 6
129 126 6 6
129 127 6 6
130 121 6 6
130 120 6 6
130 124 6 6
130 123 6 6
131 122 6 6
131 123 6 6
131 120 6 6
131 130 6 6
132 120 6 6
132 128 6 6
132 130 6 6
132 124 6 6
133 129 6 6
133 127 6 6
133 120 6 6
133 124 6 6
134 127 6 6
134 129 6 6
134 121 6 6
134 124 6 6
135 123 6 6
135 124 6 6
135 127 6 6
135 131 6 6
136 127 6 6
136 132 6 6
136 133 6 6
136 131 6 6
137 120 6 6
137 129 6 6
137 136 6 6
137 128 6 6
138 133 6 6
138 125 6 6
138 124 6 6
138 135 6 6
139 122 6 6
139 137 6 6
139 133 6 6
139 125 6 6
120 136 6 6
120 135 6 6
120 138 6 6
120 134 6 6
121 137 6 6
121 133 6 6
121 138 6 6
121 132 6 6
122 130 6 6
122 136 6 6
122 132 6 6
122 133 6 6
123 137 6 6
123 139 6 6
123 128 6 6
123 133 6 6
144 140 7 7
144 143 7 7
144 141 7 7
144 142 7 7
145 141 7 7
145 144 7 7
145 140 7 7
145 142 7 7
146 145 7 7
146 144 7 7
146 142 7 7
146 143 7 7
147 140 7 7
147 141 7 7
147 144 7 7
147 145 7 7
148 147 7 7
148 144 7 7
148 145 7 7
148 143 7 7
149 144 7 7
149 145 7 7
149 142 7 7
149 147 7 7
150 149 7 7
150 140 7 7
150 141 7 7
150 145 7 7
151 145 7 7
151 148 7 7
151 147 7 7
151 146 7 7
152 146 7 7
152 149 7 7
152 143 7 7
152 144 7 7
153 150 7 7
153 141 7 7
153 151 7 7
153 140 7 7
154 142 7 7
154 140 7 7
154 153 7 7
154 143 7 7
155 150 7 7
155 142 7 7
155 145 7 7
155 152 7 7
156 144 7 7
156 148 7 7
156 154 7 7
156 145 7 7
157 147 7 7
157 149 7 7
157 150 7 7
157 151 7 7
158 145 7 7
158 157 7 7
158 142 7 7
158 154 7 7
159 149 7 7
159 158 7 7
159 144 7 7
159 141 7 7
140 148 7 7
140 157 7 7
140 158 7 7
140 156 7 7
141 152 7 7
141 154 7 7
141 151 7 7
141 149 7 7
142 156 7 7
142 151 7 7
142 150 7 7
142 148 7 7
143 151 7 7
143 157 7 7
143 150 7 7
143 158 7 7
164 160 8 8
164 163 8 8
164 162 8 8
164 161 8 8
165 161 8 8
165 162 8 8
165 163 8 8
165 160 8 8
166 162 8 8
166 161 8 8
166 165 8 8
166 164 8 8
167 164 8 8
167 160 8 8
167 166 8 8
167 162 8 8
168 166 8 8
168 160 8 8
168 165 8 8
168 164 8 8
169 168 8 8
169 166 8 8
169 165 8 8
169 162 8 8
170 162 8 8
170 160 8 8
170 163 8 8
170 165 8 8
171 162 8 8
171 170 8 8
171 161 8 8
171 168 8 8
172 160 8 8
172 165 8 8
172 171 8 8
172 161 8 8
173 168 8 8
173 171 8 8
173 165 8 8
173 172 8 8
174 165 8 8
174 168 8 8
174 160 8 8
174 172 8 8
175 167 8 8
175 171 8 8
175 166 8 8
175 169 8 8
176 171 8 8
176 173 8 8
176 170 8 8
176 161 8 8
177 173 8 8
177 172 8 8
177 161 8 8
177 162 8 8
178 173 8 8
178 160 8 8
178 166 8 8
178 161 8 8
179 166 8 8
179 165 8 8
179 160 8 8
179 174 8 8
160 166 8 8
160 177 8 8
160 176 8 8
160 175 8 8
161 173 8 8
161 179 8 8
161 168 8 8
161 174 8 8
162 176 8 8
162 178 8 8
162 174 8 8
162 175 8 8
163 175 8 8
163 174 8 8
163 179 8 8
163 176 8 8
184 180 9 9
184 183 9 9
184 181 9 9
184 182 9 9
185 180 9 9
185 181 9 9
185 183 9 9
185 182 9 9
186 185 9 9
186 183 9 9
186 184 9 9
186 180 9 9
187 186 9 9
187 182 9 9
187 183 9 9
187 185 9 9
188 186 9 9
188 183 9 9
188 184 9 9
188 180 9 9
189 187 9 9
189 183 9 9
189 188 9 9
189 180 9 9
190 182 9 9
190 187 9 9
190 188 9 9
190 183 9 9
191 186 9 9
191 182 9 9
191 190 9 9
191 181 9 9
192 181 9 9
192 188 9 9
192 185 9 9
192 187 9 9
193 191 9 9
193 182 9 9
193 186 9 9
193 180 9 9
194 190 9 9
194 187 9 9
194 191 9 9
194 188 9 9
195 183 9 9
195 192 9 9
195 187 9 9
195 184 9 9
196 189 9 9
196 188 9 9
196 184 9 9
196 183 9 9
197 193 9 9
197 185 9 9
197 190 9 9
197 181 9 9
198 188 9 9
198 193 9 9
198 196 9 9
198 195 9 9
199 184 9 9
199 182 9 9
199 193 9 9
199 192 9 9
180 187 9 9
180 190 9 9
180 192 9 9
180 199 9 9
181 189 9 9
181 198 9 9
181 186 9 9
181 199 9 9
182 192 9 9
182 197 9 9
182 189 9 9
182 194 9 9
183 198 9 9
183 193 9 9
183 192 9 9
183 194 9 9
204 202 10 10
204 200 10 10
204 203 10 10
204 201 10 10
205 202 10 10
205 201 10 10
205 200 10 10
205 203 10 10
206 205 10 10
206 202 10 10
206 201 10 10
206 203 10 10
207 202 10 10
207 203 10 10
207 204 10 10
207 201 10 10
208 207 10 10
208 204 10 10
208 203 10 10
208 202 10 10
209 206 10 10
209 204 10 10
209 207 10 10
209 202 10 10
210 209 10 10
210 207 10 10
210 205 10 10
210 201 10 10
211 202 10 10
211 210 10 10
211 209 10 10
211 208 10 10
212 203 10 10
212 200 10 10
212 209 10 10
212 210 10 10
213 206 10 10
213 211 10 10
213 212 10 10
213 202 10 10
214 207 10 10
214 210 10 10
214 209 10 10
214 205 10 10
215 201 10 10
215 203 10 10
215 212 10 10
215 208 10 10
216 210 10 10
216 208 10 10
216 204 10 10
216 212 10 10
217 210 10 10
217 211 10 10
217 204 10 10
217 208 10 10
218 203 10 10
218 201 10 10
218 215 10 10
218 214 10 10
219 204 10 10
219 202 10 10
219 203 10 10
219 217 10 10
200 217 10 10
200 211 10 10
200 213 10 10
200 216 10 10
201 213 10 10
201 212 10 10
201 214 10 10
201 209 10 10
202 218 10 10
202 216 10 10
202 217 10 10
202 212 10 10
203 209 10 10
203 211 10 10
203 217 10 10
203 214 10 10
224 220 11 11
224 222 11 11
224 221 11 11
224 223 11 11
225 222 11 11
225 221 11 11
225 224 11 11
225 220 11 11
226 224 11 11
226 223 11 11
226 220 11 11
226 221 11 11
227 220 11 11
227 225 11 11
227 222 11 11
227 224 11 11
228 226 11 11
228 227 11 11
228 225 11 11
228 222 11 11
229 222 11 11
229 225 11 11
229 227 11 11
229 221 11 11
230 225 11 11
230 228 11 11
230 221 11 11
230 224 11 11
231 228 11 11
231 223 11 11
231 229 11 11
231 225 11 11
232 224 11 11
232 228 11 11
232 231 11 11
232 227 11 11
233 231 11 11
233 232 11 11
233 230 11 11
233 225 11 11
234 222 11 11
234 225 11 11
234 224 11 11
234 229 11 11
235 233 11 11
235 227 11 11
235 234 11 11
235 224 11 11
236 235 11 11
236 223 11 11
236 227 11 11
236 225 11 11
237 224 11 11
237 222 11 11
237 226 11 11
237 221 11 11
238 227 11 11
238 220 11 11
238 223 11 11
238 229 11 11
239 224 11 11
239 221 11 11
239 225 11 11
239 228 11 11
220 237 11 11
220 229 11 11
220 234 11 11
220 231 11 11
221 231 11 11
221 232 11 11
221 233 11 11
221 227 11 11
222 232 11 11
222 238 11 11
222 239 11 11
222 231 11 11
223 234 11 11
223 235 11 11
223 237 11 11
223 229 11 11
244 241 12 12
244 240 12 12
244 242 12 12
244 243 12 12
245 243 12 12
245 242 12 12
245 241 12 12
245 240 12 12
246 245 12 12
246 243 12 12
246 244 12 12
246 240 12 12
247 244 12 12
247 243 12 12
247 241 12 12
247 245 12 12
248 242 12 12
248 243 12 12
248 245 12 12
248 247 12 12
249 242 12 12
249 247 12 12
249 244 12 12
249 245 12 12
250 240 12 12
250 247 12 12
250 248 12 12
250 243 12 12
251 242 12 12
251 246 12 12
251 247 12 12
251 248 12 12
252 246 12 12
252 240 12 12
252 245 12 12
252 241 12 12
253 248 12 12
253 242 12 12
253 246 12 12
253 250 12 12
254 249 12 12
254 240 12 12
254 242 12 12
254 247 12 12
255 244 12 12
255 249 12 12
255 247 12 12
255 254 12 12
256 253 12 12
256 252 12 12
256 246 12 12
256 254 12 12
257 250 12 12
257 255 12 12
257 245 12 12
257 244 12 12
258 241 12 12
258 250 12 12
258 240 12 12
258 249 12 12
259 250 12 12
259 257 12 12
259 240 12 12
259 242 12 12
240 249 12 12
240 248 12 12
240 257 12 12
240 256 12 12
241 248 12 12
241 256 12 12
241 246 12 12
241 249 12 12
242 247 12 12
242 250 12 12
242 256 12 12
242 258 12 12
243 255 12 12
243 259 12 12
243 257 12 12
243 249 12 12
264 262 13 13
264 263 13 13
264 261 13 13
264 260 13 13
265 263 13 13
265 264 13 13
265 261 13 13
265 262 13 13
266 260 13 13
266 265 13 13
266 264 13 13
266 263 13 13
267 265 13 13
267 262 13 13
267 264 13 13
267 263 13 13
268 260 13 13
268 261 13 13
268 262 13 13
268 266 13 13
269 262 13 13
269 264 13 13
269 260 13 13
269 267 13 13
270 265 13 13
270 261 13 13
270 263 13 13
270 269 13 13
271 268 13 13
271 270 13 13
271 265 13 13
271 264 13 13
272 269 13 13
272 264 13 13
272 267 13 13
272 262 13 13
273 268 13 13
273 265 13 13
273 263 13 13
273 267 13 13
274 272 13 13
274 262 13 13
274 266 13 13
274 265 13 13
275 261 13 13
275 267 13 13
275 270 13 13
275 269 13 13
276 274 13 13
276 266 13 13
276 263 13 13
276 261 13 13
277 272 13 13
277 276 13 13
277 269 13 13
277 266 13 13
278 263 13 13
278 273 13 13
278 269 13 13
278 266 13 13
279 276 13 13
279 268 13 13
279 262 13 13
279 267 13 13
260 274 13 13
260 275 13 13
260 271 13 13
260 277 13 13
261 271 13 13
261 267 13 13
261 273 13 13
261 274 13 13
262 277 13 13
262 275 13 13
262 276 13 13
262 271 13 13
263 277 13 13
263 269 13 13
263 274 13 13
263 271 13 13
284 280 14 14
284 281 14 14
284 282 14 14
284 283 14 14
285 283 14 14
285 282 14 14
285 284 14 14
285 280 14 14
286 283 14 14
286 282 14 14
286 285 14 14
286 281 14 14
287 283 14 14
287 285 14 14
287 284 14 14
287 281 14 14
288 281 14 14
288 282 14 14
288 284 14 14
288 285 14 14
289 285 14 14
289 280 14 14
289 282 14 14
289 286 14 14
290 285 14 14
290 282 14 14
290 289 14 14
290 283 14 14
291 282 14 14
291 289 14 14
291 281 14 14
291 290 14 14
292 281 14 14
292 286 14 14
292 290 14 14
292 285 14 14
293 290 14 14
293 285 14 14
293 283 14 14
293 288 14 14
294 290 14 14
294 293 14 14
294 285 14 14
294 287 14 14
295 289 14 14
295 283 14 14
295 290 14 14
295 287 14 14
296 285 14 14
296 290 14 14
296 294 14 14
296 281 14 14
297 291 14 14
297 281 14 14
297 284 14 14
297 280 14 14
298 289 14 14
298 285 14 14
298 286 14 14
298 294 14 14
299 294 14 14
299 285 14 14
299 293 14 14
299 297 14 14
280 296 14 14
280 290 14 14
280 287 14 14
280 288 14 14
281 285 14 14
281 290 14 14
281 299 14 14
281 294 14 14
282 294 14 14
282 287 14 14
282 299 14 14
282 295 14 14
283 297 14 14
283 296 14 14
283 294 14 14
283 289 14 14
304 301 15 15
304 302 15 15
304 303 15 15
304 300 15 15
305 302 15 15
305 304 15 15
305 301 15 15
305 303 15 15
306 300 15 15
306 301 15 15
306 303 15 15
306 304 15 15
307 304 15 15
307 301 15 15
307 306 15 15
307 302 15 15
308 300 15 15
308 306 15 15
308 303 15 15
308 301 15 15
309 303 15 15
309 308 15 15
309 304 15 15
309 301 15 15
310 306 15 15
310 305 15 15
310 300 15 15
310 302 15 15
311 309 15 15
311 304 15 15
311 310 15 15
311 301 15 15
312 303 15 15
312 301 15 15
312 309 15 15
312 311 15 15
313 311 15 15
313 303 15 15
313 309 15 15
313 302 15 15
314 300 15 15
314 309 15 15
314 313 15 15
314 303 15 15
315 301 15 15
315 311 15 15
315 303 15 15
315 309 15 15
316 308 15 15
316 300 15 15
316 309 15 15
316 306 15 15
317 303 15 15
317 305 15 15
317 310 15 15
317 308 15 15
318 310 15 15
318 307 15 15
318 303 15 15
318 316 15 15
319 306 15 15
319 309 15 15
319 316 15 15
319 301 15 15
300 317 15 15
300 311 15 15
300 319 15 15
300 313 15 15
301 310 15 15
301 314 15 15
301 316 15 15
301 313 15 15
302 317 15 15
302 319 15 15
302 315 15 15
302 311 15 15
303 319 15 15
303 307 15 15
303 316 15 15
303 310 15 15
94 57 4 2
86 11 4 0
94 27 4 1
95 64 4 3
116 94 5 4
118 50 5 2
105 32 5 1
111 4 5 0
134 30 6 1
129 75 6 3
124 54 6 2
130 95 6 4
146 93 7 4
148 11 7 0
151 68 7 3
150 52 7 2
172 1 8 0
172 59 8 2
179 112 8 5
179 125 8 6
188 65 9 3
195 137 9 6
198 163 9 8
197 40 9 2
211 164 10 8
212 19 10 0
219 136 10 6
218 48 10 2
234 15 11 0
223 157 11 7
236 75 11 3
222 57 11 2
240 181 12 9
257 76 12 3
243 130 12 6
258 5 12 0
270 229 13 11
263 171 13 8
275 24 13 1
271 213 13 10
294 72 14 3
290 191 14 9
289 161 14 8
298 248 14 12
300 67 15 3
317 282 15 14
314 121 15 6
308 187 15 9
9 274 0 13
2 125 0 6
11 314 0 15
18 299 0 14
39 202 1 10
32 281 1 14
34 154 1 7
36 167 1 8
51 315 2 15
52 255 2 12
54 261 2 13
50 285 2 14
78 279 3 13
61 217 3 10
64 177 3 8
63 114 3 5
