swNum = 320
edgeNum = 1344

0 0
1 0
2 0
3 0
4 0
5 0
6 0
7 0
8 0
9 0
10 0
11 0
12 0
13 0
14 0
15 0
16 0
17 0
18 0
19 0
20 1
21 1
22 1
23 1
24 1
25 1
26 1
27 1
28 1
29 1
30 1
31 1
32 1
33 1
34 1
35 1
36 1
37 1
38 1
39 1
40 2
41 2
42 2
43 2
44 2
45 2
46 2
47 2
48 2
49 2
50 2
51 2
52 2
53 2
54 2
55 2
56 2
57 2
58 2
59 2
60 3
61 3
62 3
63 3
64 3
65 3
66 3
67 3
68 3
69 3
70 3
71 3
72 3
73 3
74 3
75 3
76 3
77 3
78 3
79 3
80 4
81 4
82 4
83 4
84 4
85 4
86 4
87 4
88 4
89 4
90 4
91 4
92 4
93 4
94 4
95 4
96 4
97 4
98 4
99 4
100 5
101 5
102 5
103 5
104 5
105 5
106 5
107 5
108 5
109 5
110 5
111 5
112 5
113 5
114 5
115 5
116 5
117 5
118 5
119 5
120 6
121 6
122 6
123 6
124 6
125 6
126 6
127 6
128 6
129 6
130 6
131 6
132 6
133 6
134 6
135 6
136 6
137 6
138 6
139 6
140 7
141 7
142 7
143 7
144 7
145 7
146 7
147 7
148 7
149 7
150 7
151 7
152 7
153 7
154 7
155 7
156 7
157 7
158 7
159 7
160 8
161 8
162 8
163 8
164 8
165 8
166 8
167 8
168 8
169 8
170 8
171 8
172 8
173 8
174 8
175 8
176 8
177 8
178 8
179 8
180 9
181 9
182 9
183 9
184 9
185 9
186 9
187 9
188 9
189 9
190 9
191 9
192 9
193 9
194 9
195 9
196 9
197 9
198 9
199 9
200 10
201 10
202 10
203 10
204 10
205 10
206 10
207 10
208 10
209 10
210 10
211 10
212 10
213 10
214 10
215 10
216 10
217 10
218 10
219 10
220 11
221 11
222 11
223 11
224 11
225 11
226 11
227 11
228 11
229 11
230 11
231 11
232 11
233 11
234 11
235 11
236 11
237 11
238 11
239 11
240 12
241 12
242 12
243 12
244 12
245 12
246 12
247 12
248 12
249 12
250 12
251 12
252 12
253 12
254 12
255 12
256 12
257 12
258 12
259 12
260 13
261 13
262 13
263 13
264 13
265 13
266 13
267 13
268 13
269 13
270 13
271 13
272 13
273 13
274 13
275 13
276 13
277 13
278 13
279 13
280 14
281 14
282 14
283 14
284 14
285 14
286 14
287 14
288 14
289 14
290 14
291 14
292 14
293 14
294 14
295 14
296 14
297 14
298 14
299 14
300 15
301 15
302 15
303 15
304 15
305 15
306 15
307 15
308 15
309 15
310 15
311 15
312 15
313 15
314 15
315 15
316 15
317 15
318 15
319 15

4 0 0 0
4 1 0 0
4 2 0 0
4 3 0 0
5 4 0 0
5 1 0 0
5 0 0 0
5 3 0 0
6 3 0 0
6 2 0 0
6 0 0 0
6 1 0 0
7 0 0 0
7 4 0 0
7 1 0 0
7 6 0 0
8 0 0 0
8 2 0 0
8 3 0 0
8 4 0 0
9 8 0 0
9 7 0 0
9 4 0 0
9 6 0 0
10 3 0 0
10 4 0 0
10 2 0 0
10 7 0 0
11 4 0 0
11 7 0 0
11 9 0 0
11 8 0 0
12 4 0 0
12 7 0 0
12 10 0 0
12 8 0 0
13 12 0 0
13 8 0 0
13 6 0 0
13 7 0 0
14 8 0 0
14 0 0 0
14 3 0 0
14 9 0 0
15 1 0 0
15 9 0 0
15 5 0 0
15 10 0 0
16 14 0 0
16 4 0 0
16 15 0 0
16 3 0 0
17 7 0 0
17 15 0 0
17 0 0 0
17 13 0 0
18 10 0 0
18 0 0 0
18 9 0 0
18 4 0 0
19 18 0 0
19 6 0 0
19 8 0 0
19 3 0 0
0 13 0 0
0 19 0 0
0 9 0 0
0 15 0 0
1 9 0 0
1 14 0 0
1 8 0 0
1 18 0 0
2 16 0 0
2 15 0 0
2 14 0 0
2 5 0 0
3 9 0 0
3 7 0 0
3 11 0 0
3 17 0 0
24 23 1 1
24 20 1 1
24 21 1 1
24 22 1 1
25 21 1 1
25 22 1 1
25 20 1 1
25 23 1 1
26 24 1 1
26 22 1 1
26 23 1 1
26 21 1 1
27 23 1 1
27 21 1 1
27 24 1 1
27 22 1 1
28 24 1 1
28 26 1 1
28 27 1 1
28 25 1 1
29 23 1 1
29 27 1 1
29 28 1 1
29 20 1 1
30 27 1 1
30 28 1 1
30 24 1 1
30 29 1 1
31 22 1 1
31 24 1 1
31 26 1 1
31 23 1 1
32 27 1 1
32 23 1 1
32 30 1 1
32 20 1 1
33 27 1 1
33 23 1 1
33 29 1 1
33 25 1 1
34 24 1 1
34 31 1 1
34 32 1 1
34 20 1 1
35 21 1 1
35 24 1 1
35 20 1 1
35 30 1 1
36 20 1 1
36 25 1 1
36 26 1 1
36 32 1 1
37 26 1 1
37 20 1 1
37 27 1 1
37 35 1 1
38 31 1 1
38 22 1 1
38 35 1 1
38 29 1 1
39 25 1 1
39 35 1 1
39 20 1 1
39 34 1 1
20 31 1 1
20 26 1 1
20 33 1 1
20 38 1 1
21 39 1 1
21 31 1 1
21 36 1 1
21 34 1 1
22 36 1 1
22 34 1 1
22 39 1 1
22 32 1 1
23 35 1 1
23 36 1 1
23 28 1 1
23 39 1 1
44 43 2 2
44 42 2 2
44 40 2 2
44 41 2 2
45 40 2 2
45 41 2 2
45 42 2 2
45 43 2 2
46 43 2 2
46 42 2 2
46 41 2 2
46 44 2 2
47 41 2 2
47 44 2 2
47 42 2 2
47 40 2 2
48 47 2 2
48 40 2 2
48 44 2 2
48 45 2 2
49 41 2 2
49 43 2 2
49 46 2 2
49 44 2 2
50 40 2 2
50 48 2 2
50 45 2 2
50 49 2 2
51 44 2 2
51 46 2 2
51 42 2 2
51 48 2 2
52 50 2 2
52 48 2 2
52 51 2 2
52 46 2 2
53 52 2 2
53 42 2 2
53 49 2 2
53 46 2 2
54 43 2 2
54 44 2 2
54 53 2 2
54 49 2 2
55 40 2 2
55 50 2 2
55 53 2 2
55 47 2 2
56 54 2 2
56 52 2 2
56 44 2 2
56 51 2 2
57 46 2 2
57 42 2 2
57 53 2 2
57 41 2 2
58 44 2 2
58 48 2 2
58 40 2 2
58 46 2 2
59 47 2 2
59 55 2 2
59 44 2 2
59 51 2 2
40 51 2 2
40 56 2 2
40 57 2 2
40 54 2 2
41 51 2 2
41 59 2 2
41 55 2 2
41 48 2 2
42 52 2 2
42 48 2 2
42 49 2 2
42 56 2 2
43 52 2 2
43 51 2 2
43 56 2 2
43 59 2 2
64 61 3 3
64 60 3 3
64 63 3 3
64 62 3 3
65 62 3 3
65 61 3 3
65 64 3 3
65 60 3 3
66 64 3 3
66 63 3 3
66 61 3 3
66 60 3 3
67 62 3 3
67 61 3 3
67 65 3 3
67 64 3 3
68 63 3 3
68 65 3 3
68 62 3 3
68 64 3 3
69 64 3 3
69 63 3 3
69 62 3 3
69 60 3 3
70 67 3 3
70 65 3 3
70 62 3 3
70 69 3 3
71 68 3 3
71 69 3 3
71 62 3 3
71 67 3 3
72 62 3 3
72 70 3 3
72 64 3 3
72 68 3 3
73 66 3 3
73 69 3 3
73 72 3 3
73 64 3 3
74 69 3 3
74 68 3 3
74 73 3 3
74 70 3 3
75 73 3 3
75 69 3 3
75 68 3 3
75 72 3 3
76 66 3 3
76 60 3 3
76 68 3 3
76 72 3 3
77 61 3 3
77 66 3 3
77 70 3 3
77 65 3 3
78 75 3 3
78 73 3 3
78 76 3 3
78 70 3 3
79 70 3 3
79 61 3 3
79 67 3 3
79 62 3 3
60 79 3 3
60 75 3 3
60 74 3 3
60 72 3 3
61 74 3 3
61 68 3 3
61 69 3 3
61 78 3 3
62 74 3 3
62 77 3 3
62 78 3 3
62 66 3 3
63 73 3 3
63 71 3 3
63 77 3 3
63 79 3 3
84 81 4 4
84 80 4 4
84 83 4 4
84 82 4 4
85 82 4 4
85 84 4 4
85 80 4 4
85 83 4 4
86 82 4 4
86 85 4 4
86 84 4 4
86 80 4 4
87 86 4 4
87 84 4 4
87 83 4 4
87 85 4 4
88 87 4 4
88 83 4 4
88 80 4 4
88 82 4 4
89 84 4 4
89 88 4 4
89 87 4 4
89 81 4 4
90 88 4 4
90 89 4 4
90 84 4 4
90 80 4 4
91 86 4 4
91 90 4 4
91 88 4 4
91 80 4 4
92 90 4 4
92 80 4 4
92 91 4 4
92 84 4 4
93 85 4 4
93 91 4 4
93 92 4 4
93 88 4 4
94 91 4 4
94 81 4 4
94 82 4 4
94 80 4 4
95 86 4 4
95 93 4 4
95 92 4 4
95 90 4 4
96 85 4 4
96 81 4 4
96 92 4 4
96 90 4 4
97 91 4 4
97 80 4 4
97 84 4 4
97 90 4 4
98 80 4 4
98 84 4 4
98 96 4 4
98 92 4 4
99 82 4 4
99 83 4 4
99 88 4 4
99 87 4 4
80 87 4 4
80 93 4 4
80 99 4 4
80 95 4 4
81 88 4 4
81 97 4 4
81 99 4 4
81 95 4 4
82 95 4 4
82 92 4 4
82 87 4 4
82 97 4 4
83 95 4 4
83 96 4 4
83 90 4 4
83 94 4 4
104 101 5 5
104 102 5 5
104 103 5 5
104 100 5 5
105 102 5 5
105 101 5 5
105 103 5 5
105 100 5 5
106 104 5 5
106 105 5 5
106 101 5 5
106 102 5 5
107 101 5 5
107 102 5 5
107 100 5 5
107 104 5 5
108 101 5 5
108 107 5 5
108 106 5 5
108 100 5 5
109 104 5 5
109 103 5 5
109 108 5 5
109 107 5 5
110 102 5 5
110 106 5 5
110 105 5 5
110 100 5 5
111 106 5 5
111 110 5 5
111 105 5 5
111 102 5 5
112 101 5 5
112 102 5 5
112 109 5 5
112 111 5 5
113 111 5 5
113 100 5 5
113 106 5 5
113 101 5 5
114 110 5 5
114 109 5 5
114 107 5 5
114 104 5 5
115 107 5 5
115 103 5 5
115 113 5 5
115 102 5 5
116 115 5 5
116 103 5 5
116 107 5 5
116 101 5 5
117 113 5 5
117 110 5 5
117 109 5 5
117 106 5 5
118 115 5 5
118 111 5 5
118 102 5 5
118 105 5 5
119 116 5 5
119 106 5 5
119 104 5 5
119 110 5 5
100 111 5 5
100 114 5 5
100 118 5 5
100 116 5 5
101 109 5 5
101 110 5 5
101 114 5 5
101 119 5 5
102 113 5 5
102 109 5 5
102 119 5 5
102 108 5 5
103 114 5 5
103 107 5 5
103 119 5 5
103 108 5 5
124 121 6 6
124 120 6 6
124 123 6 6
124 122 6 6
125 121 6 6
125 120 6 6
125 124 6 6
125 123 6 6
126 125 6 6
126 121 6 6
126 120 6 6
126 122 6 6
127 124 6 6
127 123 6 6
127 125 6 6
127 121 6 6
128 121 6 6
128 125 6 6
128 127 6 6
128 124 6 6
129 121 6 6
129 128 6 6
129 124 6 6
129 127 6 6
130 121 6 6
130 129 6 6
130 124 6 6
130 120 6 6
131 126 6 6
131 122 6 6
131 130 6 6
131 129 6 6
132 121 6 6
132 125 6 6
132 128 6 6
132 127 6 6
133 124 6 6
133 126 6 6
133 129 6 6
133 128 6 6
134 128 6 6
134 132 6 6
134 130 6 6
134 126 6 6
135 124 6 6
135 122 6 6
135 128 6 6
135 121 6 6
136 132 6 6
136 120 6 6
136 129 6 6
136 131 6 6
137 136 6 6
137 120 6 6
137 127 6 6
137 128 6 6
138 133 6 6
138 136 6 6
138 132 6 6
138 124 6 6
139 133 6 6
139 134 6 6
139 122 6 6
139 128 6 6
120 132 6 6
120 134 6 6
120 138 6 6
120 129 6 6
121 133 6 6
121 136 6 6
121 137 6 6
121 134 6 6
122 132 6 6
122 136 6 6
122 134 6 6
122 133 6 6
123 128 6 6
123 136 6 6
123 132 6 6
123 126 6 6
144 143 7 7
144 142 7 7
144 141 7 7
144 140 7 7
145 143 7 7
145 142 7 7
145 141 7 7
145 140 7 7
146 141 7 7
146 145 7 7
146 140 7 7
146 143 7 7
147 142 7 7
147 145 7 7
147 141 7 7
147 144 7 7
148 141 7 7
148 144 7 7
148 146 7 7
148 140 7 7
149 140 7 7
149 145 7 7
149 146 7 7
149 148 7 7
150 145 7 7
150 141 7 7
150 144 7 7
150 146 7 7
151 141 7 7
151 146 7 7
151 144 7 7
151 145 7 7
152 144 7 7
152 146 7 7
152 141 7 7
152 148 7 7
153 149 7 7
153 146 7 7
153 148 7 7
153 142 7 7
154 146 7 7
154 143 7 7
154 153 7 7
154 147 7 7
155 153 7 7
155 154 7 7
155 141 7 7
155 143 7 7
156 148 7 7
156 143 7 7
156 142 7 7
156 150 7 7
157 156 7 7
157 145 7 7
157 146 7 7
157 143 7 7
158 152 7 7
158 154 7 7
158 155 7 7
158 148 7 7
159 146 7 7
159 149 7 7
159 153 7 7
159 150 7 7
140 157 7 7
140 159 7 7
140 152 7 7
140 147 7 7
141 159 7 7
141 156 7 7
141 157 7 7
141 153 7 7
142 158 7 7
142 152 7 7
142 146 7 7
142 150 7 7
143 150 7 7
143 147 7 7
143 158 7 7
143 151 7 7
164 163 8 8
164 162 8 8
164 161 8 8
164 160 8 8
165 163 8 8
165 162 8 8
165 164 8 8
165 161 8 8
166 160 8 8
166 161 8 8
166 163 8 8
166 162 8 8
167 163 8 8
167 162 8 8
167 165 8 8
167 160 8 8
168 163 8 8
168 160 8 8
168 161 8 8
168 164 8 8
169 161 8 8
169 163 8 8
169 164 8 8
169 167 8 8
170 163 8 8
170 167 8 8
170 168 8 8
170 169 8 8
171 166 8 8
171 168 8 8
171 165 8 8
171 167 8 8
172 171 8 8
172 167 8 8
172 162 8 8
172 160 8 8
173 169 8 8
173 163 8 8
173 164 8 8
173 161 8 8
174 172 8 8
174 171 8 8
174 161 8 8
174 169 8 8
175 168 8 8
175 164 8 8
175 169 8 8
175 171 8 8
176 162 8 8
176 175 8 8
176 165 8 8
176 167 8 8
177 160 8 8
177 174 8 8
177 171 8 8
177 165 8 8
178 166 8 8
178 162 8 8
178 173 8 8
178 170 8 8
179 176 8 8
179 177 8 8
179 160 8 8
179 161 8 8
160 171 8 8
160 176 8 8
160 175 8 8
160 174 8 8
161 178 8 8
161 172 8 8
161 167 8 8
161 176 8 8
162 174 8 8
162 175 8 8
162 171 8 8
162 177 8 8
163 177 8 8
163 178 8 8
163 175 8 8
163 174 8 8
184 180 9 9
184 181 9 9
184 183 9 9
184 182 9 9
185 182 9 9
185 183 9 9
185 180 9 9
185 181 9 9
186 184 9 9
186 180 9 9
186 181 9 9
186 183 9 9
187 180 9 9
187 186 9 9
187 184 9 9
187 185 9 9
188 183 9 9
188 181 9 9
188 186 9 9
188 182 9 9
189 185 9 9
189 183 9 9
189 187 9 9
189 184 9 9
190 180 9 9
190 189 9 9
190 184 9 9
190 186 9 9
191 182 9 9
191 189 9 9
191 183 9 9
191 188 9 9
192 181 9 9
192 189 9 9
192 185 9 9
192 180 9 9
193 182 9 9
193 183 9 9
193 181 9 9
193 192 9 9
194 188 9 9
194 190 9 9
194 193 9 9
194 191 9 9
195 186 9 9
195 188 9 9
195 181 9 9
195 192 9 9
196 193 9 9
196 184 9 9
196 192 9 9
196 185 9 9
197 195 9 9
197 193 9 9
197 189 9 9
197 181 9 9
198 187 9 9
198 183 9 9
198 190 9 9
198 184 9 9
199 182 9 9
199 188 9 9
199 197 9 9
199 189 9 9
180 191 9 9
180 197 9 9
180 189 9 9
180 195 9 9
181 194 9 9
181 187 9 9
181 191 9 9
181 190 9 9
182 198 9 9
182 192 9 9
182 189 9 9
182 196 9 9
183 197 9 9
183 192 9 9
183 196 9 9
183 187 9 9
204 200 10 10
204 203 10 10
204 202 10 10
204 201 10 10
205 202 10 10
205 201 10 10
205 204 10 10
205 203 10 10
206 200 10 10
206 204 10 10
206 202 10 10
206 205 10 10
207 205 10 10
207 201 10 10
207 206 10 10
207 203 10 10
208 206 10 10
208 205 10 10
208 204 10 10
208 201 10 10
209 207 10 10
209 205 10 10
209 200 10 10
209 206 10 10
210 207 10 10
210 200 10 10
210 204 10 10
210 209 10 10
211 209 10 10
211 203 10 10
211 202 10 10
211 210 10 10
212 201 10 10
212 204 10 10
212 202 10 10
212 205 10 10
213 206 10 10
213 209 10 10
213 202 10 10
213 204 10 10
214 205 10 10
214 200 10 10
214 212 10 10
214 210 10 10
215 206 10 10
215 205 10 10
215 202 10 10
215 214 10 10
216 204 10 10
216 205 10 10
216 210 10 10
216 212 10 10
217 210 10 10
217 213 10 10
217 209 10 10
217 206 10 10
218 216 10 10
218 211 10 10
218 204 10 10
218 202 10 10
219 204 10 10
219 202 10 10
219 218 10 10
219 215 10 10
200 217 10 10
200 208 10 10
200 213 10 10
200 207 10 10
201 216 10 10
201 214 10 10
201 211 10 10
201 210 10 10
202 207 10 10
202 209 10 10
202 214 10 10
202 217 10 10
203 206 10 10
203 217 10 10
203 216 10 10
203 214 10 10
224 221 11 11
224 223 11 11
224 222 11 11
224 220 11 11
225 222 11 11
225 223 11 11
225 224 11 11
225 220 11 11
226 220 11 11
226 223 11 11
226 222 11 11
226 221 11 11
227 225 11 11
227 221 11 11
227 224 11 11
227 226 11 11
228 227 11 11
228 223 11 11
228 220 11 11
228 226 11 11
229 222 11 11
229 226 11 11
229 223 11 11
229 220 11 11
230 222 11 11
230 226 11 11
230 227 11 11
230 220 11 11
231 230 11 11
231 226 11 11
231 224 11 11
231 229 11 11
232 221 11 11
232 227 11 11
232 224 11 11
232 225 11 11
233 230 11 11
233 227 11 11
233 224 11 11
233 231 11 11
234 229 11 11
234 230 11 11
234 220 11 11
234 225 11 11
235 229 11 11
235 233 11 11
235 234 11 11
235 220 11 11
236 221 11 11
236 230 11 11
236 232 11 11
236 225 11 11
237 220 11 11
237 225 11 11
237 227 11 11
237 235 11 11
238 237 11 11
238 232 11 11
238 229 11 11
238 220 11 11
239 220 11 11
239 223 11 11
239 232 11 11
239 224 11 11
220 232 11 11
220 236 11 11
220 231 11 11
220 233 11 11
221 239 11 11
221 237 11 11
221 230 11 11
221 234 11 11
222 236 11 11
222 232 11 11
222 239 11 11
222 231 11 11
223 235 11 11
223 236 11 11
223 234 11 11
223 238 11 11
244 241 12 12
244 240 12 12
244 243 12 12
244 242 12 12
245 240 12 12
245 242 12 12
245 241 12 12
245 243 12 12
246 240 12 12
246 244 12 12
246 242 12 12
246 245 12 12
247 244 12 12
247 243 12 12
247 240 12 12
247 246 12 12
248 245 12 12
248 243 12 12
248 244 12 12
248 242 12 12
249 248 12 12
249 240 12 12
249 245 12 12
249 242 12 12
250 246 12 12
250 240 12 12
250 247 12 12
250 248 12 12
251 243 12 12
251 242 12 12
251 245 12 12
251 246 12 12
252 242 12 12
252 246 12 12
252 245 12 12
252 251 12 12
253 246 12 12
253 240 12 12
253 244 12 12
253 251 12 12
254 243 12 12
254 251 12 12
254 250 12 12
254 252 12 12
255 247 12 12
255 254 12 12
255 252 12 12
255 248 12 12
256 241 12 12
256 249 12 12
256 245 12 12
256 253 12 12
257 247 12 12
257 244 12 12
257 248 12 12
257 250 12 12
258 245 12 12
258 251 12 12
258 256 12 12
258 240 12 12
259 248 12 12
259 247 12 12
259 255 12 12
259 251 12 12
240 259 12 12
240 255 12 12
240 256 12 12
240 257 12 12
241 254 12 12
241 250 12 12
241 246 12 12
241 253 12 12
242 256 12 12
242 254 12 12
242 258 12 12
242 253 12 12
243 258 12 12
243 253 12 12
243 246 12 12
243 249 12 12
264 261 13 13
264 260 13 13
264 263 13 13
264 262 13 13
265 260 13 13
265 264 13 13
265 263 13 13
265 262 13 13
266 264 13 13
266 260 13 13
266 265 13 13
266 261 13 13
267 260 13 13
267 262 13 13
267 263 13 13
267 261 13 13
268 260 13 13
268 266 13 13
268 262 13 13
268 261 13 13
269 263 13 13
269 262 13 13
269 261 13 13
269 260 13 13
270 263 13 13
270 266 13 13
270 264 13 13
270 269 13 13
271 262 13 13
271 263 13 13
271 268 13 13
271 270 13 13
272 268 13 13
272 269 13 13
272 270 13 13
272 266 13 13
273 267 13 13
273 272 13 13
273 264 13 13
273 263 13 13
274 260 13 13
274 272 13 13
274 264 13 13
274 263 13 13
275 270 13 13
275 266 13 13
275 260 13 13
275 274 13 13
276 275 13 13
276 268 13 13
276 265 13 13
276 271 13 13
277 276 13 13
277 262 13 13
277 261 13 13
277 263 13 13
278 276 13 13
278 277 13 13
278 261 13 13
278 273 13 13
279 269 13 13
279 265 13 13
279 274 13 13
279 276 13 13
260 271 13 13
260 276 13 13
260 270 13 13
260 273 13 13
261 273 13 13
261 274 13 13
261 276 13 13
261 275 13 13
262 275 13 13
262 270 13 13
262 278 13 13
262 272 13 13
263 276 13 13
263 266 13 13
263 279 13 13
263 268 13 13
284 280 14 14
284 282 14 14
284 283 14 14
284 281 14 14
285 283 14 14
285 284 14 14
285 282 14 14
285 281 14 14
286 280 14 14
286 284 14 14
286 281 14 14
286 285 14 14
287 283 14 14
287 280 14 14
287 285 14 14
287 284 14 14
288 283 14 14
288 280 14 14
288 284 14 14
288 281 14 14
289 285 14 14
289 283 14 14
289 288 14 14
289 284 14 14
290 284 14 14
290 288 14 14
290 282 14 14
290 283 14 14
291 287 14 14
291 285 14 14
291 283 14 14
291 286 14 14
292 285 14 14
292 291 14 14
292 281 14 14
292 280 14 14
293 290 14 14
293 292 14 14
293 291 14 14
293 282 14 14
294 283 14 14
294 285 14 14
294 284 14 14
294 293 14 14
295 282 14 14
295 292 14 14
295 293 14 14
295 291 14 14
296 282 14 14
296 290 14 14
296 284 14 14
296 294 14 14
297 280 14 14
297 284 14 14
297 293 14 14
297 294 14 14
298 281 14 14
298 295 14 14
298 288 14 14
298 282 14 14
299 290 14 14
299 293 14 14
299 284 14 14
299 297 14 14
280 298 14 14
280 294 14 14
280 285 14 14
280 293 14 14
281 295 14 14
281 294 14 14
281 290 14 14
281 299 14 14
282 289 14 14
282 292 14 14
282 287 14 14
282 297 14 14
283 298 14 14
283 297 14 14
283 299 14 14
283 293 14 14
304 300 15 15
304 302 15 15
304 303 15 15
304 301 15 15
305 303 15 15
305 300 15 15
305 301 15 15
305 304 15 15
306 300 15 15
306 304 15 15
306 302 15 15
306 301 15 15
307 300 15 15
307 302 15 15
307 306 15 15
307 304 15 15
308 300 15 15
308 304 15 15
308 307 15 15
308 302 15 15
309 300 15 15
309 304 15 15
309 306 15 15
309 307 15 15
310 308 15 15
310 300 15 15
310 305 15 15
310 301 15 15
311 300 15 15
311 307 15 15
311 310 15 15
311 304 15 15
312 300 15 15
312 305 15 15
312 310 15 15
312 311 15 15
313 312 15 15
313 303 15 15
313 300 15 15
313 308 15 15
314 309 15 15
314 307 15 15
314 312 15 15
314 313 15 15
315 303 15 15
315 302 15 15
315 305 15 15
315 310 15 15
316 308 15 15
316 307 15 15
316 301 15 15
316 310 15 15
317 316 15 15
317 303 15 15
317 300 15 15
317 308 15 15
318 302 15 15
318 315 15 15
318 316 15 15
318 305 15 15
319 301 15 15
319 314 15 15
319 317 15 15
319 318 15 15
300 316 15 15
300 315 15 15
300 318 15 15
300 319 15 15
301 312 15 15
301 314 15 15
301 318 15 15
301 307 15 15
302 305 15 15
302 310 15 15
302 311 15 15
302 312 15 15
303 319 15 15
303 312 15 15
303 306 15 15
303 314 15 15
99 67 4 3
97 48 4 2
86 33 4 1
95 5 4 0
105 68 5 3
104 34 5 1
115 4 5 0
107 46 5 2
136 55 6 2
123 95 6 4
132 62 6 3
129 112 6 5
145 53 7 2
141 67 7 3
149 137 7 6
153 10 7 0
172 148 8 7
162 135 8 6
179 82 8 4
161 72 8 3
199 45 9 2
193 115 9 5
180 134 9 6
196 5 9 0
206 61 10 3
200 174 10 8
211 139 10 6
218 159 10 7
225 149 11 7
222 169 11 8
237 87 11 4
227 8 11 0
259 40 12 2
245 234 12 11
250 148 12 7
248 34 12 1
265 78 13 3
262 90 13 4
267 220 13 11
267 145 13 7
298 247 14 12
282 45 14 2
295 3 14 0
291 90 14 4
303 33 15 1
312 225 15 11
312 172 15 8
305 278 15 13
7 135 0 6
10 314 0 15
5 167 0 8
11 247 0 12
24 271 1 13
37 223 1 11
28 190 1 9
28 163 1 8
46 203 2 10
46 311 2 15
47 238 2 11
41 170 2 8
65 303 3 15
66 181 3 9
61 285 3 14
72 234 3 11
