swNum = 320
edgeNum = 1344

0 0
1 0
2 0
3 0
4 0
5 0
6 0
7 0
8 0
9 0
10 0
11 0
12 0
13 0
14 0
15 0
16 0
17 0
18 0
19 0
20 1
21 1
22 1
23 1
24 1
25 1
26 1
27 1
28 1
29 1
30 1
31 1
32 1
33 1
34 1
35 1
36 1
37 1
38 1
39 1
40 2
41 2
42 2
43 2
44 2
45 2
46 2
47 2
48 2
49 2
50 2
51 2
52 2
53 2
54 2
55 2
56 2
57 2
58 2
59 2
60 3
61 3
62 3
63 3
64 3
65 3
66 3
67 3
68 3
69 3
70 3
71 3
72 3
73 3
74 3
75 3
76 3
77 3
78 3
79 3
80 4
81 4
82 4
83 4
84 4
85 4
86 4
87 4
88 4
89 4
90 4
91 4
92 4
93 4
94 4
95 4
96 4
97 4
98 4
99 4
100 5
101 5
102 5
103 5
104 5
105 5
106 5
107 5
108 5
109 5
110 5
111 5
112 5
113 5
114 5
115 5
116 5
117 5
118 5
119 5
120 6
121 6
122 6
123 6
124 6
125 6
126 6
127 6
128 6
129 6
130 6
131 6
132 6
133 6
134 6
135 6
136 6
137 6
138 6
139 6
140 7
141 7
142 7
143 7
144 7
145 7
146 7
147 7
148 7
149 7
150 7
151 7
152 7
153 7
154 7
155 7
156 7
157 7
158 7
159 7
160 8
161 8
162 8
163 8
164 8
165 8
166 8
167 8
168 8
169 8
170 8
171 8
172 8
173 8
174 8
175 8
176 8
177 8
178 8
179 8
180 9
181 9
182 9
183 9
184 9
185 9
186 9
187 9
188 9
189 9
190 9
191 9
192 9
193 9
194 9
195 9
196 9
197 9
198 9
199 9
200 10
201 10
202 10
203 10
204 10
205 10
206 10
207 10
208 10
209 10
210 10
211 10
212 10
213 10
214 10
215 10
216 10
217 10
218 10
219 10
220 11
221 11
222 11
223 11
224 11
225 11
226 11
227 11
228 11
229 11
230 11
231 11
232 11
233 11
234 11
235 11
236 11
237 11
238 11
239 11
240 12
241 12
242 12
243 12
244 12
245 12
246 12
247 12
248 12
249 12
250 12
251 12
252 12
253 12
254 12
255 12
256 12
257 12
258 12
259 12
260 13
261 13
262 13
263 13
264 13
265 13
266 13
267 13
268 13
269 13
270 13
271 13
272 13
273 13
274 13
275 13
276 13
277 13
278 13
279 13
280 14
281 14
282 14
283 14
284 14
285 14
286 14
287 14
288 14
289 14
290 14
291 14
292 14
293 14
294 14
295 14
296 14
297 14
298 14
299 14
300 15
301 15
302 15
303 15
304 15
305 15
306 15
307 15
308 15
309 15
310 15
311 15
312 15
313 15
314 15
315 15
316 15
317 15
318 15
319 15

4 2 0 0
4 0 0 0
4 1 0 0
4 3 0 0
5 4 0 0
5 0 0 0
5 3 0 0
5 1 0 0
6 2 0 0
6 3 0 0
6 4 0 0
6 5 0 0
7 3 0 0
7 1 0 0
7 6 0 0
7 5 0 0
8 2 0 0
8 7 0 0
8 4 0 0
8 1 0 0
9 7 0 0
9 2 0 0
9 0 0 0
9 1 0 0
10 4 0 0
10 6 0 0
10 1 0 0
10 7 0 0
11 7 0 0
11 8 0 0
11 2 0 0
11 6 0 0
12 3 0 0
12 4 0 0
12 8 0 0
12 11 0 0
13 12 0 0
13 1 0 0
13 7 0 0
13 2 0 0
14 9 0 0
14 1 0 0
14 5 0 0
14 10 0 0
15 10 0 0
15 7 0 0
15 9 0 0
15 3 0 0
16 3 0 0
16 8 0 0
16 7 0 0
16 13 0 0
17 16 0 0
17 4 0 0
17 12 0 0
17 11 0 0
18 11 0 0
18 16 0 0
18 7 0 0
18 17 0 0
19 13 0 0
19 12 0 0
19 17 0 0
19 2 0 0
0 14 0 0
0 16 0 0
0 17 0 0
0 15 0 0
1 15 0 0
1 16 0 0
1 11 0 0
1 19 0 0
2 5 0 0
2 17 0 0
2 16 0 0
2 12 0 0
3 13 0 0
3 14 0 0
3 9 0 0
3 11 0 0
24 21 1 1
24 22 1 1
24 20 1 1
24 23 1 1
25 20 1 1
25 21 1 1
25 22 1 1
25 24 1 1
26 24 1 1
26 21 1 1
26 20 1 1
26 25 1 1
27 25 1 1
27 26 1 1
27 22 1 1
27 24 1 1
28 25 1 1
28 24 1 1
28 22 1 1
28 26 1 1
29 25 1 1
29 23 1 1
29 24 1 1
29 27 1 1
30 27 1 1
30 23 1 1
30 29 1 1
30 22 1 1
31 26 1 1
31 27 1 1
31 29 1 1
31 22 1 1
32 27 1 1
32 30 1 1
32 29 1 1
32 22 1 1
33 22 1 1
33 32 1 1
33 28 1 1
33 27 1 1
34 30 1 1
34 29 1 1
34 27 1 1
34 23 1 1
35 25 1 1
35 28 1 1
35 33 1 1
35 26 1 1
36 26 1 1
36 27 1 1
36 21 1 1
36 29 1 1
37 34 1 1
37 33 1 1
37 27 1 1
37 25 1 1
38 23 1 1
38 22 1 1
38 32 1 1
38 29 1 1
39 21 1 1
39 22 1 1
39 34 1 1
39 33 1 1
20 38 1 1
20 34 1 1
20 36 1 1
20 30 1 1
21 32 1 1
21 31 1 1
21 27 1 1
21 29 1 1
22 34 1 1
22 37 1 1
22 29 1 1
22 26 1 1
23 32 1 1
23 39 1 1
23 28 1 1
23 37 1 1
44 40 2 2
44 43 2 2
44 41 2 2
44 42 2 2
45 42 2 2
45 43 2 2
45 41 2 2
45 40 2 2
46 40 2 2
46 41 2 2
46 43 2 2
46 45 2 2
47 41 2 2
47 40 2 2
47 46 2 2
47 43 2 2
48 44 2 2
48 40 2 2
48 43 2 2
48 47 2 2
49 47 2 2
49 41 2 2
49 40 2 2
49 44 2 2
50 48 2 2
50 45 2 2
50 40 2 2
50 47 2 2
51 47 2 2
51 49 2 2
51 45 2 2
51 40 2 2
52 46 2 2
52 51 2 2
52 43 2 2
52 47 2 2
53 46 2 2
53 49 2 2
53 50 2 2
53 52 2 2
54 40 2 2
54 42 2 2
54 52 2 2
54 45 2 2
55 50 2 2
55 52 2 2
55 45 2 2
55 51 2 2
56 53 2 2
56 55 2 2
56 52 2 2
56 46 2 2
57 42 2 2
57 55 2 2
57 41 2 2
57 45 2 2
58 44 2 2
58 51 2 2
58 46 2 2
58 41 2 2
59 52 2 2
59 42 2 2
59 58 2 2
59 55 2 2
40 55 2 2
40 56 2 2
40 52 2 2
40 59 2 2
41 51 2 2
41 54 2 2
41 59 2 2
41 55 2 2
42 55 2 2
42 46 2 2
42 51 2 2
42 52 2 2
43 57 2 2
43 58 2 2
43 59 2 2
43 50 2 2
64 61 3 3
64 63 3 3
64 60 3 3
64 62 3 3
65 63 3 3
65 61 3 3
65 64 3 3
65 60 3 3
66 65 3 3
66 60 3 3
66 63 3 3
66 64 3 3
67 66 3 3
67 60 3 3
67 65 3 3
67 62 3 3
68 62 3 3
68 63 3 3
68 64 3 3
68 61 3 3
69 62 3 3
69 63 3 3
69 60 3 3
69 64 3 3
70 69 3 3
70 62 3 3
70 66 3 3
70 67 3 3
71 64 3 3
71 62 3 3
71 70 3 3
71 65 3 3
72 70 3 3
72 68 3 3
72 63 3 3
72 65 3 3
73 65 3 3
73 63 3 3
73 68 3 3
73 66 3 3
74 61 3 3
74 71 3 3
74 63 3 3
74 65 3 3
75 70 3 3
75 63 3 3
75 74 3 3
75 61 3 3
76 61 3 3
76 74 3 3
76 68 3 3
76 73 3 3
77 75 3 3
77 61 3 3
77 71 3 3
77 63 3 3
78 72 3 3
78 70 3 3
78 62 3 3
78 61 3 3
79 72 3 3
79 62 3 3
79 68 3 3
79 75 3 3
60 72 3 3
60 79 3 3
60 73 3 3
60 68 3 3
61 71 3 3
61 72 3 3
61 73 3 3
61 66 3 3
62 75 3 3
62 73 3 3
62 74 3 3
62 66 3 3
63 79 3 3
63 78 3 3
63 71 3 3
63 76 3 3
84 81 4 4
84 82 4 4
84 83 4 4
84 80 4 4
85 83 4 4
85 82 4 4
85 84 4 4
85 80 4 4
86 84 4 4
86 83 4 4
86 81 4 4
86 82 4 4
87 85 4 4
87 82 4 4
87 84 4 4
87 80 4 4
88 87 4 4
88 82 4 4
88 80 4 4
88 85 4 4
89 88 4 4
89 86 4 4
89 81 4 4
89 83 4 4
90 86 4 4
90 81 4 4
90 87 4 4
90 82 4 4
91 82 4 4
91 90 4 4
91 83 4 4
91 85 4 4
92 82 4 4
92 80 4 4
92 89 4 4
92 81 4 4
93 89 4 4
93 91 4 4
93 90 4 4
93 80 4 4
94 88 4 4
94 85 4 4
94 84 4 4
94 82 4 4
95 88 4 4
95 90 4 4
95 92 4 4
95 82 4 4
96 84 4 4
96 83 4 4
96 90 4 4
96 89 4 4
97 87 4 4
97 92 4 4
97 89 4 4
97 93 4 4
98 94 4 4
98 95 4 4
98 82 4 4
98 87 4 4
99 88 4 4
99 91 4 4
99 95 4 4
99 90 4 4
80 94 4 4
80 98 4 4
80 95 4 4
80 96 4 4
81 91 4 4
81 85 4 4
81 99 4 4
81 94 4 4
82 99 4 4
82 89 4 4
82 97 4 4
82 96 4 4
83 90 4 4
83 93 4 4
83 88 4 4
83 97 4 4
104 103 5 5
104 102 5 5
104 100 5 5
104 101 5 5
105 101 5 5
105 100 5 5
105 103 5 5
105 102 5 5
106 101 5 5
106 100 5 5
106 102 5 5
106 103 5 5
107 104 5 5
107 106 5 5
107 100 5 5
107 102 5 5
108 100 5 5
108 101 5 5
108 106 5 5
108 103 5 5
109 104 5 5
109 100 5 5
109 107 5 5
109 106 5 5
110 103 5 5
110 108 5 5
110 100 5 5
110 102 5 5
111 109 5 5
111 101 5 5
111 106 5 5
111 105 5 5
112 102 5 5
112 110 5 5
112 100 5 5
112 104 5 5
113 102 5 5
113 106 5 5
113 108 5 5
113 105 5 5
114 112 5 5
114 106 5 5
114 113 5 5
114 101 5 5
115 107 5 5
115 109 5 5
115 104 5 5
115 106 5 5
116 111 5 5
116 109 5 5
116 106 5 5
116 105 5 5
117 105 5 5
117 108 5 5
117 101 5 5
117 116 5 5
118 109 5 5
118 115 5 5
118 114 5 5
118 116 5 5
119 111 5 5
119 105 5 5
119 118 5 5
119 103 5 5
100 113 5 5
100 111 5 5
100 114 5 5
100 117 5 5
101 116 5 5
101 113 5 5
101 119 5 5
101 118 5 5
102 109 5 5
102 119 5 5
102 118 5 5
102 115 5 5
103 111 5 5
103 113 5 5
103 117 5 5
103 118 5 5
124 123 6 6
124 120 6 6
124 121 6 6
124 122 6 6
125 120 6 6
125 122 6 6
125 121 6 6
125 123 6 6
126 120 6 6
126 123 6 6
126 122 6 6
126 124 6 6
127 122 6 6
127 120 6 6
127 124 6 6
127 125 6 6
128 126 6 6
128 120 6 6
128 121 6 6
128 127 6 6
129 121 6 6
129 124 6 6
129 128 6 6
129 123 6 6
130 123 6 6
130 129 6 6
130 121 6 6
130 120 6 6
131 124 6 6
131 120 6 6
131 125 6 6
131 128 6 6
132 120 6 6
132 125 6 6
132 131 6 6
132 124 6 6
133 123 6 6
133 131 6 6
133 129 6 6
133 130 6 6
134 120 6 6
134 129 6 6
134 125 6 6
134 131 6 6
135 121 6 6
135 122 6 6
135 131 6 6
135 132 6 6
136 121 6 6
136 133 6 6
136 126 6 6
136 128 6 6
137 135 6 6
137 131 6 6
137 128 6 6
137 124 6 6
138 131 6 6
138 122 6 6
138 134 6 6
138 137 6 6
139 130 6 6
139 137 6 6
139 135 6 6
139 121 6 6
120 137 6 6
120 135 6 6
120 129 6 6
120 138 6 6
121 126 6 6
121 127 6 6
121 134 6 6
121 138 6 6
122 136 6 6
122 128 6 6
122 131 6 6
122 137 6 6
123 135 6 6
123 131 6 6
123 138 6 6
123 136 6 6
144 142 7 7
144 143 7 7
144 140 7 7
144 141 7 7
145 144 7 7
145 141 7 7
145 140 7 7
145 142 7 7
146 145 7 7
146 142 7 7
146 140 7 7
146 144 7 7
147 143 7 7
147 145 7 7
147 144 7 7
147 142 7 7
148 143 7 7
148 147 7 7
148 142 7 7
148 145 7 7
149 143 7 7
149 148 7 7
149 147 7 7
149 142 7 7
150 148 7 7
150 147 7 7
150 145 7 7
150 143 7 7
151 140 7 7
151 144 7 7
151 142 7 7
151 141 7 7
152 150 7 7
152 143 7 7
152 148 7 7
152 141 7 7
153 143 7 7
153 141 7 7
153 140 7 7
153 152 7 7
154 142 7 7
154 147 7 7
154 146 7 7
154 149 7 7
155 145 7 7
155 144 7 7
155 151 7 7
155 140 7 7
156 150 7 7
156 154 7 7
156 153 7 7
156 152 7 7
157 149 7 7
157 141 7 7
157 156 7 7
157 147 7 7
158 146 7 7
158 142 7 7
158 140 7 7
158 154 7 7
159 148 7 7
159 143 7 7
159 145 7 7
159 156 7 7
140 156 7 7
140 148 7 7
140 147 7 7
140 157 7 7
141 158 7 7
141 155 7 7
141 156 7 7
141 147 7 7
142 155 7 7
142 153 7 7
142 150 7 7
142 152 7 7
143 145 7 7
143 157 7 7
143 146 7 7
143 154 7 7
164 163 8 8
164 162 8 8
164 161 8 8
164 160 8 8
165 161 8 8
165 160 8 8
165 162 8 8
165 163 8 8
166 165 8 8
166 161 8 8
166 160 8 8
166 162 8 8
167 162 8 8
167 166 8 8
167 160 8 8
167 161 8 8
168 161 8 8
168 165 8 8
168 162 8 8
168 166 8 8
169 163 8 8
169 165 8 8
169 167 8 8
169 166 8 8
170 167 8 8
170 166 8 8
170 165 8 8
170 168 8 8
171 170 8 8
171 168 8 8
171 167 8 8
171 161 8 8
172 163 8 8
172 170 8 8
172 166 8 8
172 164 8 8
173 169 8 8
173 163 8 8
173 168 8 8
173 166 8 8
174 167 8 8
174 170 8 8
174 166 8 8
174 172 8 8
175 165 8 8
175 174 8 8
175 163 8 8
175 166 8 8
176 169 8 8
176 174 8 8
176 171 8 8
176 160 8 8
177 166 8 8
177 171 8 8
177 168 8 8
177 162 8 8
178 167 8 8
178 175 8 8
178 173 8 8
178 166 8 8
179 171 8 8
179 160 8 8
179 169 8 8
179 167 8 8
160 173 8 8
160 168 8 8
160 177 8 8
160 175 8 8
161 178 8 8
161 173 8 8
161 177 8 8
161 169 8 8
162 169 8 8
162 173 8 8
162 174 8 8
162 179 8 8
163 178 8 8
163 171 8 8
163 166 8 8
163 177 8 8
184 182 9 9
184 180 9 9
184 181 9 9
184 183 9 9
185 183 9 9
185 180 9 9
185 184 9 9
185 182 9 9
186 185 9 9
186 184 9 9
186 183 9 9
186 181 9 9
187 180 9 9
187 183 9 9
187 186 9 9
187 181 9 9
188 185 9 9
188 184 9 9
188 180 9 9
188 186 9 9
189 188 9 9
189 185 9 9
189 183 9 9
189 186 9 9
190 181 9 9
190 183 9 9
190 184 9 9
190 186 9 9
191 183 9 9
191 189 9 9
191 182 9 9
191 190 9 9
192 185 9 9
192 186 9 9
192 187 9 9
192 191 9 9
193 181 9 9
193 184 9 9
193 180 9 9
193 182 9 9
194 182 9 9
194 193 9 9
194 184 9 9
194 189 9 9
195 185 9 9
195 186 9 9
195 192 9 9
195 184 9 9
196 191 9 9
196 181 9 9
196 190 9 9
196 192 9 9
197 180 9 9
197 190 9 9
197 182 9 9
197 184 9 9
198 194 9 9
198 188 9 9
198 189 9 9
198 187 9 9
199 184 9 9
199 186 9 9
199 181 9 9
199 190 9 9
180 190 9 9
180 196 9 9
180 194 9 9
180 198 9 9
181 197 9 9
181 194 9 9
181 192 9 9
181 198 9 9
182 196 9 9
182 198 9 9
182 199 9 9
182 190 9 9
183 199 9 9
183 197 9 9
183 196 9 9
183 198 9 9
204 203 10 10
204 200 10 10
204 202 10 10
204 201 10 10
205 203 10 10
205 200 10 10
205 202 10 10
205 204 10 10
206 200 10 10
206 205 10 10
206 202 10 10
206 204 10 10
207 206 10 10
207 205 10 10
207 202 10 10
207 204 10 10
208 206 10 10
208 201 10 10
208 204 10 10
208 203 10 10
209 202 10 10
209 206 10 10
209 200 10 10
209 203 10 10
210 205 10 10
210 200 10 10
210 206 10 10
210 207 10 10
211 201 10 10
211 209 10 10
211 208 10 10
211 206 10 10
212 207 10 10
212 206 10 10
212 202 10 10
212 204 10 10
213 207 10 10
213 201 10 10
213 206 10 10
213 210 10 10
214 202 10 10
214 207 10 10
214 203 10 10
214 201 10 10
215 213 10 10
215 211 10 10
215 204 10 10
215 208 10 10
216 211 10 10
216 204 10 10
216 200 10 10
216 209 10 10
217 212 10 10
217 210 10 10
217 202 10 10
217 213 10 10
218 208 10 10
218 215 10 10
218 217 10 10
218 205 10 10
219 205 10 10
219 204 10 10
219 207 10 10
219 202 10 10
200 213 10 10
200 211 10 10
200 214 10 10
200 212 10 10
201 210 10 10
201 215 10 10
201 212 10 10
201 219 10 10
202 208 10 10
202 215 10 10
202 216 10 10
202 213 10 10
203 212 10 10
203 207 10 10
203 219 10 10
203 217 10 10
224 223 11 11
224 220 11 11
224 221 11 11
224 222 11 11
225 221 11 11
225 224 11 11
225 222 11 11
225 220 11 11
226 225 11 11
226 223 11 11
226 224 11 11
226 222 11 11
227 226 11 11
227 222 11 11
227 224 11 11
227 223 11 11
228 220 11 11
228 226 11 11
228 227 11 11
228 225 11 11
229 225 11 11
229 223 11 11
229 221 11 11
229 220 11 11
230 223 11 11
230 221 11 11
230 226 11 11
230 225 11 11
231 226 11 11
231 224 11 11
231 228 11 11
231 223 11 11
232 222 11 11
232 221 11 11
232 228 11 11
232 223 11 11
233 229 11 11
233 226 11 11
233 221 11 11
233 231 11 11
234 225 11 11
234 224 11 11
234 230 11 11
234 226 11 11
235 232 11 11
235 221 11 11
235 229 11 11
235 225 11 11
236 227 11 11
236 223 11 11
236 235 11 11
236 226 11 11
237 232 11 11
237 227 11 11
237 225 11 11
237 231 11 11
238 236 11 11
238 237 11 11
238 221 11 11
238 223 11 11
239 232 11 11
239 230 11 11
239 225 11 11
239 220 11 11
220 236 11 11
220 232 11 11
220 233 11 11
220 230 11 11
221 237 11 11
221 239 11 11
221 234 11 11
221 236 11 11
222 237 11 11
222 231 11 11
222 233 11 11
222 228 11 11
223 237 11 11
223 228 11 11
223 225 11 11
223 233 11 11
244 242 12 12
244 241 12 12
244 240 12 12
244 243 12 12
245 244 12 12
245 243 12 12
245 241 12 12
245 240 12 12
246 243 12 12
246 244 12 12
246 242 12 12
246 245 12 12
247 241 12 12
247 243 12 12
247 242 12 12
247 246 12 12
248 246 12 12
248 241 12 12
248 242 12 12
248 240 12 12
249 248 12 12
249 246 12 12
249 240 12 12
249 242 12 12
250 242 12 12
250 249 12 12
250 240 12 12
250 246 12 12
251 250 12 12
251 247 12 12
251 241 12 12
251 240 12 12
252 243 12 12
252 246 12 12
252 242 12 12
252 240 12 12
253 240 12 12
253 250 12 12
253 251 12 12
253 246 12 12
254 243 12 12
254 244 12 12
254 240 12 12
254 245 12 12
255 249 12 12
255 246 12 12
255 251 12 12
255 247 12 12
256 252 12 12
256 245 12 12
256 240 12 12
256 244 12 12
257 255 12 12
257 240 12 12
257 246 12 12
257 242 12 12
258 244 12 12
258 248 12 12
258 249 12 12
258 245 12 12
259 257 12 12
259 250 12 12
259 258 12 12
259 242 12 12
240 255 12 12
240 258 12 12
240 247 12 12
240 259 12 12
241 249 12 12
241 258 12 12
241 256 12 12
241 255 12 12
242 253 12 12
242 255 12 12
242 254 12 12
242 258 12 12
243 250 12 12
243 253 12 12
243 251 12 12
243 255 12 12
264 262 13 13
264 260 13 13
264 261 13 13
264 263 13 13
265 263 13 13
265 260 13 13
265 261 13 13
265 262 13 13
266 260 13 13
266 265 13 13
266 263 13 13
266 262 13 13
267 260 13 13
267 262 13 13
267 264 13 13
267 266 13 13
268 264 13 13
268 262 13 13
268 267 13 13
268 261 13 13
269 268 13 13
269 267 13 13
269 266 13 13
269 264 13 13
270 260 13 13
270 267 13 13
270 269 13 13
270 262 13 13
271 266 13 13
271 261 13 13
271 270 13 13
271 260 13 13
272 261 13 13
272 269 13 13
272 271 13 13
272 262 13 13
273 267 13 13
273 268 13 13
273 270 13 13
273 271 13 13
274 273 13 13
274 264 13 13
274 266 13 13
274 269 13 13
275 265 13 13
275 269 13 13
275 266 13 13
275 263 13 13
276 271 13 13
276 262 13 13
276 264 13 13
276 270 13 13
277 269 13 13
277 267 13 13
277 274 13 13
277 275 13 13
278 276 13 13
278 262 13 13
278 266 13 13
278 261 13 13
279 268 13 13
279 266 13 13
279 263 13 13
279 270 13 13
260 278 13 13
260 276 13 13
260 272 13 13
260 269 13 13
261 266 13 13
261 279 13 13
261 276 13 13
261 269 13 13
262 274 13 13
262 273 13 13
262 279 13 13
262 271 13 13
263 272 13 13
263 274 13 13
263 267 13 13
263 271 13 13
284 280 14 14
284 283 14 14
284 282 14 14
284 281 14 14
285 283 14 14
285 280 14 14
285 284 14 14
285 282 14 14
286 281 14 14
286 280 14 14
286 283 14 14
286 282 14 14
287 284 14 14
287 283 14 14
287 285 14 14
287 280 14 14
288 286 14 14
288 281 14 14
288 283 14 14
288 285 14 14
289 280 14 14
289 282 14 14
289 288 14 14
289 281 14 14
290 285 14 14
290 283 14 14
290 282 14 14
290 280 14 14
291 284 14 14
291 283 14 14
291 280 14 14
291 286 14 14
292 285 14 14
292 291 14 14
292 284 14 14
292 280 14 14
293 283 14 14
293 286 14 14
293 281 14 14
293 280 14 14
294 287 14 14
294 284 14 14
294 286 14 14
294 290 14 14
295 291 14 14
295 286 14 14
295 281 14 14
295 294 14 14
296 284 14 14
296 285 14 14
296 294 14 14
296 292 14 14
297 282 14 14
297 281 14 14
297 289 14 14
297 288 14 14
298 281 14 14
298 282 14 14
298 292 14 14
298 293 14 14
299 295 14 14
299 286 14 14
299 280 14 14
299 293 14 14
280 294 14 14
280 298 14 14
280 297 14 14
280 296 14 14
281 299 14 14
281 294 14 14
281 285 14 14
281 291 14 14
282 294 14 14
282 295 14 14
282 288 14 14
282 293 14 14
283 292 14 14
283 296 14 14
283 294 14 14
283 299 14 14
304 301 15 15
304 303 15 15
304 302 15 15
304 300 15 15
305 303 15 15
305 301 15 15
305 302 15 15
305 300 15 15
306 302 15 15
306 304 15 15
306 301 15 15
306 303 15 15
307 306 15 15
307 301 15 15
307 303 15 15
307 300 15 15
308 304 15 15
308 301 15 15
308 303 15 15
308 307 15 15
309 304 15 15
309 307 15 15
309 300 15 15
309 303 15 15
310 308 15 15
310 301 15 15
310 306 15 15
310 304 15 15
311 309 15 15
311 305 15 15
311 303 15 15
311 300 15 15
312 300 15 15
312 303 15 15
312 302 15 15
312 311 15 15
313 301 15 15
313 307 15 15
313 310 15 15
313 304 15 15
314 307 15 15
314 308 15 15
314 304 15 15
314 310 15 15
315 303 15 15
315 304 15 15
315 310 15 15
315 301 15 15
316 302 15 15
316 307 15 15
316 304 15 15
316 311 15 15
317 305 15 15
317 304 15 15
317 300 15 15
317 311 15 15
318 310 15 15
318 315 15 15
318 311 15 15
318 303 15 15
319 311 15 15
319 317 15 15
319 318 15 15
319 309 15 15
300 308 15 15
300 306 15 15
300 316 15 15
300 310 15 15
301 316 15 15
301 317 15 15
301 314 15 15
301 312 15 15
302 307 15 15
302 311 15 15
302 315 15 15
302 308 15 15
303 319 15 15
303 313 15 15
303 317 15 15
303 310 15 15
95 57 4 2
95 7 4 0
96 23 4 1
96 60 4 3
107 70 5 3
101 94 5 4
119 37 5 1
107 48 5 2
123 91 6 4
133 105 6 5
123 75 6 3
121 9 6 0
141 80 7 4
140 2 7 0
148 48 7 2
156 105 7 5
167 105 8 5
173 3 8 0
179 159 8 7
160 127 8 6
187 172 9 8
192 23 9 1
197 73 9 3
197 131 9 6
214 124 10 6
217 101 10 5
209 158 10 7
213 182 10 9
236 166 11 8
233 37 11 1
239 83 11 4
230 202 11 10
249 107 12 5
243 138 12 6
253 79 12 3
241 211 12 10
260 163 13 8
278 130 13 6
271 247 13 12
270 93 13 4
284 35 14 1
298 231 14 11
292 185 14 9
280 268 14 13
300 261 15 13
318 137 15 6
304 189 15 9
307 179 15 8
11 211 0 10
13 280 0 14
13 102 0 5
12 194 0 9
32 216 1 10
37 240 1 12
22 132 1 6
23 273 1 13
46 218 2 10
57 314 2 15
55 276 2 13
43 178 2 8
78 141 3 7
65 274 3 13
62 302 3 15
62 204 3 10
