swNum = 320
edgeNum = 1343

0 0
1 0
2 0
3 0
4 0
5 0
6 0
7 0
8 0
9 0
10 0
11 0
12 0
13 0
14 0
15 0
16 0
17 0
18 0
19 0
20 1
21 1
22 1
23 1
24 1
25 1
26 1
27 1
28 1
29 1
30 1
31 1
32 1
33 1
34 1
35 1
36 1
37 1
38 1
39 1
40 2
41 2
42 2
43 2
44 2
45 2
46 2
47 2
48 2
49 2
50 2
51 2
52 2
53 2
54 2
55 2
56 2
57 2
58 2
59 2
60 3
61 3
62 3
63 3
64 3
65 3
66 3
67 3
68 3
69 3
70 3
71 3
72 3
73 3
74 3
75 3
76 3
77 3
78 3
79 3
80 4
81 4
82 4
83 4
84 4
85 4
86 4
87 4
88 4
89 4
90 4
91 4
92 4
93 4
94 4
95 4
96 4
97 4
98 4
99 4
100 5
101 5
102 5
103 5
104 5
105 5
106 5
107 5
108 5
109 5
110 5
111 5
112 5
113 5
114 5
115 5
116 5
117 5
118 5
119 5
120 6
121 6
122 6
123 6
124 6
125 6
126 6
127 6
128 6
129 6
130 6
131 6
132 6
133 6
134 6
135 6
136 6
137 6
138 6
139 6
140 7
141 7
142 7
143 7
144 7
145 7
146 7
147 7
148 7
149 7
150 7
151 7
152 7
153 7
154 7
155 7
156 7
157 7
158 7
159 7
160 8
161 8
162 8
163 8
164 8
165 8
166 8
167 8
168 8
169 8
170 8
171 8
172 8
173 8
174 8
175 8
176 8
177 8
178 8
179 8
180 9
181 9
182 9
183 9
184 9
185 9
186 9
187 9
188 9
189 9
190 9
191 9
192 9
193 9
194 9
195 9
196 9
197 9
198 9
199 9
200 10
201 10
202 10
203 10
204 10
205 10
206 10
207 10
208 10
209 10
210 10
211 10
212 10
213 10
214 10
215 10
216 10
217 10
218 10
219 10
220 11
221 11
222 11
223 11
224 11
225 11
226 11
227 11
228 11
229 11
230 11
231 11
232 11
233 11
234 11
235 11
236 11
237 11
238 11
239 11
240 12
241 12
242 12
243 12
244 12
245 12
246 12
247 12
248 12
249 12
250 12
251 12
252 12
253 12
254 12
255 12
256 12
257 12
258 12
259 12
260 13
261 13
262 13
263 13
264 13
265 13
266 13
267 13
268 13
269 13
270 13
271 13
272 13
273 13
274 13
275 13
276 13
277 13
278 13
279 13
280 14
281 14
282 14
283 14
284 14
285 14
286 14
287 14
288 14
289 14
290 14
291 14
292 14
293 14
294 14
295 14
296 14
297 14
298 14
299 14
300 15
301 15
302 15
303 15
304 15
305 15
306 15
307 15
308 15
309 15
310 15
311 15
312 15
313 15
314 15
315 15
316 15
317 15
318 15
319 15

4 1 0 0
4 0 0 0
4 2 0 0
4 3 0 0
5 2 0 0
5 1 0 0
5 0 0 0
5 3 0 0
6 2 0 0
6 3 0 0
6 1 0 0
6 4 0 0
7 2 0 0
7 5 0 0
7 6 0 0
7 3 0 0
8 6 0 0
8 4 0 0
8 2 0 0
8 3 0 0
9 2 0 0
9 8 0 0
9 3 0 0
9 6 0 0
10 9 0 0
10 6 0 0
10 3 0 0
10 4 0 0
11 4 0 0
11 9 0 0
11 3 0 0
11 8 0 0
12 4 0 0
12 5 0 0
12 9 0 0
12 11 0 0
13 11 0 0
13 7 0 0
13 5 0 0
13 9 0 0
14 9 0 0
14 5 0 0
14 7 0 0
14 2 0 0
15 14 0 0
15 11 0 0
15 3 0 0
15 4 0 0
16 1 0 0
16 15 0 0
16 2 0 0
16 0 0 0
17 11 0 0
17 15 0 0
17 0 0 0
17 9 0 0
18 1 0 0
18 9 0 0
18 16 0 0
18 6 0 0
19 11 0 0
19 12 0 0
19 8 0 0
19 4 0 0
0 19 0 0
0 9 0 0
0 7 0 0
0 12 0 0
1 8 0 0
1 17 0 0
1 12 0 0
1 10 0 0
2 19 0 0
2 11 0 0
2 15 0 0
2 13 0 0
3 14 0 0
3 16 0 0
3 19 0 0
3 18 0 0
24 21 1 1
24 20 1 1
24 23 1 1
24 22 1 1
25 21 1 1
25 20 1 1
25 24 1 1
25 22 1 1
26 24 1 1
26 20 1 1
26 23 1 1
26 22 1 1
27 22 1 1
27 20 1 1
27 21 1 1
27 25 1 1
28 26 1 1
28 23 1 1
28 21 1 1
28 25 1 1
29 20 1 1
29 21 1 1
29 25 1 1
29 26 1 1
30 28 1 1
30 21 1 1
30 20 1 1
30 25 1 1
31 28 1 1
31 21 1 1
31 24 1 1
31 20 1 1
32 31 1 1
32 26 1 1
32 22 1 1
32 23 1 1
33 29 1 1
33 30 1 1
33 24 1 1
33 22 1 1
34 31 1 1
34 26 1 1
34 29 1 1
34 21 1 1
35 34 1 1
35 30 1 1
35 25 1 1
35 21 1 1
36 20 1 1
36 33 1 1
36 34 1 1
36 24 1 1
37 34 1 1
37 31 1 1
37 30 1 1
37 35 1 1
38 25 1 1
38 28 1 1
38 37 1 1
38 35 1 1
39 21 1 1
39 28 1 1
39 35 1 1
39 25 1 1
20 39 1 1
20 37 1 1
20 34 1 1
20 28 1 1
21 37 1 1
21 38 1 1
21 36 1 1
21 32 1 1
22 28 1 1
22 35 1 1
22 31 1 1
22 39 1 1
23 29 1 1
23 31 1 1
23 33 1 1
23 38 1 1
44 43 2 2
44 42 2 2
44 41 2 2
44 40 2 2
45 43 2 2
45 44 2 2
45 42 2 2
45 41 2 2
46 40 2 2
46 41 2 2
46 43 2 2
46 45 2 2
47 46 2 2
47 44 2 2
47 43 2 2
47 45 2 2
48 46 2 2
48 45 2 2
48 40 2 2
48 47 2 2
49 41 2 2
49 45 2 2
49 47 2 2
49 44 2 2
50 46 2 2
50 45 2 2
50 40 2 2
50 47 2 2
51 41 2 2
51 43 2 2
51 46 2 2
51 40 2 2
52 44 2 2
52 49 2 2
52 41 2 2
52 43 2 2
53 42 2 2
53 43 2 2
53 44 2 2
53 52 2 2
54 48 2 2
54 47 2 2
54 45 2 2
54 52 2 2
55 50 2 2
55 40 2 2
55 52 2 2
55 48 2 2
56 41 2 2
56 53 2 2
56 47 2 2
56 55 2 2
57 49 2 2
57 48 2 2
57 44 2 2
57 52 2 2
58 47 2 2
58 56 2 2
58 54 2 2
58 43 2 2
59 54 2 2
59 57 2 2
59 56 2 2
59 41 2 2
40 54 2 2
40 59 2 2
40 58 2 2
40 47 2 2
41 54 2 2
41 50 2 2
41 58 2 2
41 57 2 2
42 56 2 2
42 47 2 2
42 52 2 2
42 58 2 2
43 49 2 2
43 59 2 2
43 54 2 2
43 56 2 2
64 63 3 3
64 62 3 3
64 60 3 3
64 61 3 3
65 60 3 3
65 61 3 3
65 63 3 3
65 62 3 3
66 62 3 3
66 63 3 3
66 60 3 3
66 61 3 3
67 66 3 3
67 62 3 3
67 61 3 3
67 64 3 3
68 63 3 3
68 66 3 3
68 62 3 3
68 60 3 3
69 67 3 3
69 63 3 3
69 62 3 3
69 61 3 3
70 69 3 3
70 67 3 3
70 68 3 3
70 61 3 3
71 62 3 3
71 70 3 3
71 68 3 3
71 64 3 3
72 61 3 3
72 70 3 3
72 62 3 3
72 71 3 3
73 60 3 3
73 66 3 3
73 65 3 3
73 62 3 3
74 62 3 3
74 70 3 3
74 64 3 3
74 67 3 3
75 73 3 3
75 70 3 3
75 62 3 3
75 65 3 3
76 63 3 3
76 67 3 3
76 64 3 3
76 69 3 3
77 61 3 3
77 66 3 3
77 74 3 3
77 76 3 3
78 63 3 3
78 60 3 3
78 68 3 3
78 73 3 3
79 70 3 3
79 60 3 3
79 64 3 3
79 61 3 3
60 71 3 3
60 76 3 3
60 77 3 3
60 75 3 3
61 71 3 3
61 68 3 3
61 73 3 3
61 74 3 3
62 77 3 3
62 70 3 3
62 78 3 3
62 79 3 3
63 72 3 3
63 79 3 3
63 67 3 3
63 70 3 3
84 81 4 4
84 82 4 4
84 80 4 4
84 83 4 4
85 84 4 4
85 81 4 4
85 82 4 4
85 80 4 4
86 82 4 4
86 85 4 4
86 81 4 4
86 80 4 4
87 81 4 4
87 85 4 4
87 83 4 4
87 84 4 4
88 86 4 4
88 82 4 4
88 84 4 4
88 81 4 4
89 83 4 4
89 85 4 4
89 87 4 4
89 84 4 4
90 87 4 4
90 86 4 4
90 85 4 4
90 84 4 4
91 82 4 4
91 86 4 4
91 81 4 4
91 85 4 4
92 89 4 4
92 86 4 4
92 81 4 4
92 80 4 4
93 81 4 4
93 80 4 4
93 92 4 4
93 91 4 4
94 88 4 4
94 89 4 4
94 92 4 4
94 90 4 4
95 87 4 4
95 90 4 4
95 93 4 4
95 91 4 4
96 81 4 4
96 89 4 4
96 92 4 4
96 93 4 4
97 96 4 4
97 82 4 4
97 93 4 4
97 92 4 4
98 90 4 4
98 80 4 4
98 91 4 4
98 84 4 4
99 95 4 4
99 92 4 4
99 84 4 4
99 80 4 4
80 91 4 4
80 90 4 4
80 96 4 4
80 97 4 4
81 97 4 4
81 99 4 4
81 95 4 4
81 98 4 4
82 95 4 4
82 98 4 4
82 96 4 4
82 94 4 4
83 98 4 4
83 94 4 4
83 92 4 4
83 88 4 4
104 101 5 5
104 102 5 5
104 103 5 5
104 100 5 5
105 101 5 5
105 103 5 5
105 102 5 5
105 100 5 5
106 104 5 5
106 100 5 5
106 105 5 5
106 103 5 5
107 101 5 5
107 106 5 5
107 104 5 5
107 105 5 5
108 104 5 5
108 107 5 5
108 102 5 5
108 103 5 5
109 105 5 5
109 100 5 5
109 107 5 5
109 104 5 5
110 104 5 5
110 109 5 5
110 100 5 5
110 102 5 5
111 100 5 5
111 102 5 5
111 106 5 5
111 103 5 5
112 101 5 5
112 107 5 5
112 110 5 5
112 105 5 5
113 103 5 5
113 106 5 5
113 108 5 5
113 110 5 5
114 102 5 5
114 112 5 5
114 107 5 5
114 106 5 5
115 105 5 5
115 112 5 5
115 102 5 5
115 111 5 5
116 108 5 5
116 115 5 5
116 111 5 5
116 103 5 5
117 107 5 5
117 105 5 5
117 109 5 5
117 102 5 5
118 117 5 5
118 106 5 5
118 116 5 5
118 108 5 5
119 100 5 5
119 113 5 5
119 117 5 5
119 116 5 5
100 115 5 5
100 113 5 5
100 116 5 5
100 108 5 5
101 114 5 5
101 108 5 5
101 117 5 5
101 106 5 5
102 107 5 5
102 109 5 5
102 116 5 5
102 119 5 5
103 117 5 5
103 119 5 5
103 114 5 5
103 107 5 5
124 121 6 6
124 120 6 6
124 123 6 6
124 122 6 6
125 124 6 6
125 121 6 6
125 123 6 6
125 120 6 6
126 121 6 6
126 123 6 6
126 122 6 6
126 125 6 6
127 124 6 6
127 121 6 6
127 122 6 6
127 126 6 6
128 121 6 6
128 120 6 6
128 124 6 6
128 123 6 6
129 120 6 6
129 128 6 6
129 127 6 6
129 121 6 6
130 126 6 6
130 122 6 6
130 128 6 6
130 125 6 6
131 126 6 6
131 129 6 6
131 123 6 6
131 130 6 6
132 124 6 6
132 123 6 6
132 128 6 6
132 130 6 6
133 126 6 6
133 131 6 6
133 122 6 6
133 124 6 6
134 128 6 6
134 130 6 6
134 121 6 6
134 132 6 6
135 123 6 6
135 129 6 6
135 125 6 6
135 134 6 6
136 120 6 6
136 127 6 6
136 121 6 6
136 126 6 6
137 131 6 6
137 133 6 6
137 136 6 6
137 125 6 6
138 122 6 6
138 134 6 6
138 133 6 6
138 128 6 6
139 132 6 6
139 126 6 6
139 125 6 6
139 135 6 6
120 130 6 6
120 131 6 6
120 138 6 6
120 134 6 6
121 139 6 6
121 138 6 6
121 130 6 6
121 135 6 6
122 131 6 6
122 132 6 6
122 135 6 6
122 128 6 6
123 137 6 6
123 130 6 6
123 138 6 6
123 136 6 6
144 143 7 7
144 142 7 7
144 141 7 7
144 140 7 7
145 144 7 7
145 142 7 7
145 141 7 7
145 140 7 7
146 140 7 7
146 142 7 7
146 141 7 7
146 143 7 7
147 145 7 7
147 144 7 7
147 143 7 7
147 140 7 7
148 142 7 7
148 140 7 7
148 143 7 7
148 141 7 7
149 148 7 7
149 141 7 7
149 143 7 7
149 142 7 7
150 144 7 7
150 148 7 7
150 142 7 7
150 147 7 7
151 141 7 7
151 149 7 7
151 146 7 7
151 145 7 7
152 141 7 7
152 140 7 7
152 151 7 7
152 149 7 7
153 147 7 7
153 142 7 7
153 145 7 7
153 144 7 7
154 151 7 7
154 140 7 7
154 141 7 7
154 145 7 7
155 151 7 7
155 140 7 7
155 150 7 7
155 144 7 7
156 152 7 7
156 148 7 7
156 149 7 7
156 146 7 7
157 154 7 7
157 147 7 7
157 148 7 7
157 150 7 7
158 148 7 7
158 144 7 7
158 155 7 7
158 150 7 7
159 148 7 7
159 152 7 7
159 143 7 7
159 157 7 7
140 157 7 7
140 150 7 7
140 159 7 7
140 153 7 7
141 158 7 7
141 155 7 7
141 150 7 7
141 159 7 7
142 155 7 7
142 158 7 7
142 156 7 7
142 151 7 7
143 152 7 7
143 155 7 7
143 157 7 7
143 154 7 7
164 163 8 8
164 160 8 8
164 161 8 8
164 162 8 8
165 161 8 8
165 164 8 8
165 162 8 8
165 160 8 8
166 162 8 8
166 163 8 8
166 165 8 8
166 164 8 8
167 160 8 8
167 164 8 8
167 165 8 8
167 162 8 8
168 160 8 8
168 167 8 8
168 164 8 8
168 162 8 8
169 163 8 8
169 166 8 8
169 162 8 8
169 165 8 8
170 160 8 8
170 169 8 8
170 167 8 8
170 163 8 8
171 161 8 8
171 169 8 8
171 164 8 8
171 170 8 8
172 165 8 8
172 161 8 8
172 168 8 8
172 164 8 8
173 162 8 8
173 167 8 8
173 169 8 8
173 170 8 8
174 161 8 8
174 163 8 8
174 173 8 8
174 165 8 8
175 162 8 8
175 174 8 8
175 161 8 8
175 165 8 8
176 160 8 8
176 170 8 8
176 173 8 8
176 171 8 8
177 168 8 8
177 176 8 8
177 166 8 8
177 175 8 8
178 176 8 8
178 175 8 8
178 170 8 8
178 167 8 8
179 178 8 8
179 166 8 8
179 169 8 8
179 162 8 8
160 174 8 8
160 177 8 8
160 171 8 8
160 172 8 8
161 177 8 8
161 173 8 8
161 178 8 8
161 170 8 8
162 178 8 8
162 177 8 8
162 174 8 8
162 172 8 8
163 178 8 8
163 165 8 8
163 167 8 8
163 179 8 8
184 181 9 9
184 182 9 9
184 180 9 9
184 183 9 9
185 182 9 9
185 184 9 9
185 180 9 9
185 181 9 9
186 182 9 9
186 185 9 9
186 184 9 9
186 180 9 9
187 182 9 9
187 184 9 9
187 183 9 9
187 181 9 9
188 186 9 9
188 184 9 9
188 182 9 9
188 185 9 9
189 180 9 9
189 184 9 9
189 182 9 9
189 188 9 9
190 182 9 9
190 188 9 9
190 186 9 9
190 189 9 9
191 188 9 9
191 189 9 9
191 187 9 9
191 190 9 9
192 189 9 9
192 182 9 9
192 186 9 9
192 191 9 9
193 185 9 9
193 182 9 9
193 192 9 9
193 186 9 9
194 183 9 9
194 187 9 9
194 181 9 9
194 191 9 9
195 193 9 9
195 194 9 9
195 182 9 9
195 190 9 9
196 185 9 9
196 195 9 9
196 186 9 9
196 187 9 9
197 193 9 9
197 180 9 9
197 191 9 9
197 181 9 9
198 186 9 9
198 180 9 9
198 195 9 9
198 191 9 9
199 196 9 9
199 184 9 9
199 189 9 9
199 180 9 9
180 196 9 9
180 190 9 9
180 191 9 9
180 193 9 9
181 190 9 9
181 192 9 9
181 195 9 9
181 198 9 9
182 191 9 9
182 197 9 9
182 198 9 9
182 194 9 9
183 192 9 9
183 191 9 9
183 196 9 9
183 198 9 9
204 202 10 10
204 200 10 10
204 201 10 10
204 203 10 10
205 201 10 10
205 200 10 10
205 203 10 10
205 202 10 10
206 202 10 10
206 201 10 10
206 200 10 10
206 203 10 10
207 205 10 10
207 206 10 10
207 201 10 10
207 204 10 10
208 203 10 10
208 200 10 10
208 205 10 10
208 201 10 10
209 202 10 10
209 206 10 10
209 204 10 10
209 205 10 10
210 208 10 10
210 203 10 10
210 201 10 10
210 204 10 10
211 202 10 10
211 200 10 10
211 201 10 10
211 207 10 10
212 202 10 10
212 210 10 10
212 208 10 10
212 201 10 10
213 207 10 10
213 212 10 10
213 202 10 10
213 200 10 10
214 204 10 10
214 207 10 10
214 205 10 10
214 211 10 10
215 204 10 10
215 209 10 10
215 210 10 10
215 201 10 10
216 214 10 10
216 206 10 10
216 208 10 10
216 211 10 10
217 216 10 10
217 201 10 10
217 202 10 10
217 215 10 10
218 213 10 10
218 201 10 10
218 206 10 10
218 202 10 10
219 214 10 10
219 202 10 10
219 211 10 10
219 206 10 10
200 217 10 10
200 218 10 10
200 212 10 10
200 214 10 10
201 209 10 10
201 213 10 10
201 219 10 10
201 214 10 10
202 216 10 10
202 215 10 10
202 210 10 10
202 214 10 10
203 211 10 10
203 218 10 10
203 212 10 10
203 216 10 10
224 223 11 11
224 222 11 11
224 221 11 11
224 220 11 11
225 223 11 11
225 224 11 11
225 221 11 11
225 222 11 11
226 221 11 11
226 222 11 11
226 220 11 11
226 223 11 11
227 223 11 11
227 226 11 11
227 220 11 11
227 221 11 11
228 224 11 11
228 225 11 11
228 220 11 11
228 223 11 11
229 222 11 11
229 226 11 11
229 225 11 11
229 227 11 11
230 222 11 11
230 225 11 11
230 227 11 11
230 220 11 11
231 226 11 11
231 225 11 11
231 228 11 11
231 230 11 11
232 221 11 11
232 227 11 11
232 226 11 11
232 224 11 11
233 225 11 11
233 227 11 11
233 231 11 11
233 228 11 11
234 231 11 11
234 223 11 11
234 229 11 11
234 233 11 11
235 231 11 11
235 228 11 11
235 233 11 11
235 226 11 11
236 226 11 11
236 230 11 11
236 221 11 11
236 231 11 11
237 223 11 11
237 225 11 11
237 224 11 11
237 235 11 11
238 227 11 11
238 226 11 11
238 236 11 11
238 228 11 11
239 238 11 11
239 230 11 11
239 233 11 11
239 224 11 11
220 237 11 11
220 238 11 11
220 231 11 11
220 236 11 11
221 229 11 11
221 238 11 11
221 235 11 11
221 239 11 11
222 232 11 11
222 236 11 11
222 228 11 11
222 239 11 11
223 239 11 11
223 233 11 11
223 238 11 11
223 235 11 11
244 240 12 12
244 242 12 12
244 243 12 12
244 241 12 12
245 241 12 12
245 242 12 12
245 243 12 12
245 244 12 12
246 244 12 12
246 245 12 12
246 241 12 12
246 242 12 12
247 241 12 12
247 242 12 12
247 243 12 12
247 240 12 12
248 240 12 12
248 247 12 12
248 241 12 12
248 242 12 12
249 240 12 12
249 242 12 12
249 244 12 12
249 245 12 12
250 244 12 12
250 242 12 12
250 240 12 12
250 248 12 12
251 249 12 12
251 243 12 12
251 250 12 12
251 246 12 12
252 240 12 12
252 249 12 12
252 243 12 12
252 250 12 12
253 246 12 12
253 244 12 12
253 241 12 12
253 243 12 12
254 242 12 12
254 246 12 12
254 245 12 12
254 247 12 12
255 252 12 12
255 246 12 12
255 251 12 12
255 254 12 12
256 245 12 12
256 250 12 12
256 247 12 12
256 252 12 12
257 244 12 12
257 247 12 12
257 245 12 12
257 252 12 12
258 245 12 12
258 244 12 12
258 257 12 12
258 249 12 12
259 257 12 12
259 251 12 12
259 254 12 12
259 244 12 12
240 256 12 12
240 258 12 12
240 257 12 12
240 255 12 12
241 256 12 12
241 254 12 12
241 252 12 12
241 249 12 12
242 256 12 12
242 255 12 12
242 252 12 12
242 259 12 12
243 257 12 12
243 254 12 12
243 258 12 12
243 250 12 12
264 260 13 13
264 261 13 13
264 262 13 13
264 263 13 13
265 262 13 13
265 264 13 13
265 260 13 13
265 261 13 13
266 265 13 13
266 264 13 13
266 260 13 13
266 262 13 13
267 265 13 13
267 264 13 13
267 263 13 13
267 262 13 13
268 265 13 13
268 267 13 13
268 266 13 13
268 264 13 13
269 263 13 13
269 262 13 13
269 268 13 13
269 265 13 13
270 263 13 13
270 260 13 13
270 265 13 13
270 261 13 13
271 265 13 13
271 270 13 13
271 268 13 13
271 260 13 13
272 268 13 13
272 267 13 13
272 271 13 13
272 261 13 13
273 271 13 13
273 266 13 13
273 260 13 13
273 265 13 13
274 260 13 13
274 273 13 13
274 268 13 13
274 264 13 13
275 264 13 13
275 270 13 13
275 267 13 13
275 273 13 13
276 274 13 13
276 273 13 13
276 271 13 13
276 268 13 13
277 274 13 13
277 261 13 13
277 272 13 13
277 263 13 13
278 274 13 13
278 260 13 13
278 266 13 13
278 265 13 13
279 265 13 13
279 267 13 13
279 271 13 13
279 260 13 13
260 275 13 13
260 276 13 13
260 272 13 13
260 268 13 13
261 266 13 13
261 269 13 13
261 273 13 13
261 279 13 13
262 272 13 13
262 270 13 13
262 277 13 13
262 275 13 13
263 274 13 13
263 271 13 13
263 268 13 13
263 265 13 13
284 280 14 14
284 281 14 14
284 283 14 14
284 282 14 14
285 282 14 14
285 281 14 14
285 283 14 14
285 280 14 14
286 283 14 14
286 281 14 14
286 285 14 14
286 282 14 14
287 281 14 14
287 282 14 14
287 283 14 14
287 284 14 14
288 285 14 14
288 284 14 14
288 282 14 14
288 287 14 14
289 286 14 14
289 280 14 14
289 287 14 14
289 288 14 14
290 280 14 14
290 283 14 14
290 289 14 14
290 281 14 14
291 286 14 14
291 282 14 14
291 283 14 14
291 285 14 14
292 287 14 14
292 285 14 14
292 282 14 14
292 283 14 14
293 285 14 14
293 281 14 14
293 288 14 14
293 287 14 14
294 288 14 14
294 281 14 14
294 290 14 14
294 293 14 14
295 290 14 14
295 294 14 14
295 289 14 14
295 293 14 14
296 289 14 14
296 286 14 14
296 284 14 14
296 280 14 14
297 290 14 14
297 280 14 14
297 289 14 14
297 284 14 14
298 287 14 14
298 286 14 14
298 295 14 14
298 293 14 14
299 295 14 14
299 288 14 14
299 298 14 14
299 293 14 14
280 287 14 14
280 295 14 14
280 299 14 14
280 288 14 14
281 291 14 14
281 295 14 14
281 297 14 14
281 288 14 14
282 296 14 14
282 299 14 14
282 298 14 14
282 289 14 14
283 289 14 14
283 298 14 14
283 293 14 14
283 294 14 14
304 301 15 15
304 303 15 15
304 302 15 15
304 300 15 15
305 301 15 15
305 300 15 15
305 302 15 15
305 303 15 15
306 304 15 15
306 300 15 15
306 301 15 15
306 303 15 15
307 304 15 15
307 303 15 15
307 300 15 15
307 301 15 15
308 305 15 15
308 307 15 15
308 300 15 15
308 303 15 15
309 307 15 15
309 302 15 15
309 306 15 15
309 303 15 15
310 303 15 15
310 307 15 15
310 305 15 15
310 300 15 15
311 308 15 15
311 310 15 15
311 309 15 15
311 303 15 15
312 300 15 15
312 305 15 15
312 310 15 15
312 307 15 15
313 311 15 15
313 305 15 15
313 308 15 15
313 312 15 15
314 305 15 15
314 312 15 15
314 310 15 15
314 306 15 15
315 305 15 15
315 308 15 15
315 306 15 15
315 310 15 15
316 305 15 15
316 300 15 15
316 310 15 15
316 312 15 15
317 313 15 15
317 305 15 15
317 315 15 15
317 303 15 15
318 305 15 15
318 311 15 15
318 304 15 15
318 315 15 15
319 318 15 15
319 303 15 15
319 316 15 15
319 312 15 15
300 318 15 15
300 319 15 15
300 317 15 15
300 309 15 15
301 315 15 15
301 310 15 15
301 309 15 15
301 317 15 15
302 308 15 15
302 314 15 15
302 317 15 15
302 306 15 15
303 314 15 15
303 316 15 15
303 315 15 15
303 312 15 15
97 47 4 2
93 33 4 1
87 76 4 3
82 8 4 0
118 41 5 2
112 35 5 1
106 65 5 3
102 87 5 4
133 106 6 5
125 65 6 3
123 43 6 2
137 36 6 1
151 17 7 0
143 29 7 1
157 47 7 2
157 70 7 3
164 158 8 7
178 8 8 0
170 103 8 5
173 58 8 2
193 82 9 4
188 12 9 0
181 149 9 7
187 57 9 2
211 137 10 6
210 43 10 2
210 36 10 1
200 195 10 9
223 218 11 10
233 190 11 9
225 55 11 2
227 32 11 1
258 35 12 1
257 173 12 8
243 81 12 4
242 115 12 5
279 79 13 3
271 216 13 10
277 106 13 5
270 136 13 6
284 0 14 0
296 168 14 8
280 51 14 2
291 142 14 7
309 37 15 1
314 117 15 5
301 78 15 3
316 220 15 11
7 258 0 12
17 132 0 6
7 279 0 13
15 212 0 10
21 196 1 9
34 160 1 8
29 260 1 13
27 280 1 14
41 279 2 13
48 319 2 15
54 256 2 12
62 169 3 8
69 199 3 9
68 236 3 11
66 201 3 10
