swNum = 320
edgeNum = 1344

0 0
1 0
2 0
3 0
4 0
5 0
6 0
7 0
8 0
9 0
10 0
11 0
12 0
13 0
14 0
15 0
16 0
17 0
18 0
19 0
20 1
21 1
22 1
23 1
24 1
25 1
26 1
27 1
28 1
29 1
30 1
31 1
32 1
33 1
34 1
35 1
36 1
37 1
38 1
39 1
40 2
41 2
42 2
43 2
44 2
45 2
46 2
47 2
48 2
49 2
50 2
51 2
52 2
53 2
54 2
55 2
56 2
57 2
58 2
59 2
60 3
61 3
62 3
63 3
64 3
65 3
66 3
67 3
68 3
69 3
70 3
71 3
72 3
73 3
74 3
75 3
76 3
77 3
78 3
79 3
80 4
81 4
82 4
83 4
84 4
85 4
86 4
87 4
88 4
89 4
90 4
91 4
92 4
93 4
94 4
95 4
96 4
97 4
98 4
99 4
100 5
101 5
102 5
103 5
104 5
105 5
106 5
107 5
108 5
109 5
110 5
111 5
112 5
113 5
114 5
115 5
116 5
117 5
118 5
119 5
120 6
121 6
122 6
123 6
124 6
125 6
126 6
127 6
128 6
129 6
130 6
131 6
132 6
133 6
134 6
135 6
136 6
137 6
138 6
139 6
140 7
141 7
142 7
143 7
144 7
145 7
146 7
147 7
148 7
149 7
150 7
151 7
152 7
153 7
154 7
155 7
156 7
157 7
158 7
159 7
160 8
161 8
162 8
163 8
164 8
165 8
166 8
167 8
168 8
169 8
170 8
171 8
172 8
173 8
174 8
175 8
176 8
177 8
178 8
179 8
180 9
181 9
182 9
183 9
184 9
185 9
186 9
187 9
188 9
189 9
190 9
191 9
192 9
193 9
194 9
195 9
196 9
197 9
198 9
199 9
200 10
201 10
202 10
203 10
204 10
205 10
206 10
207 10
208 10
209 10
210 10
211 10
212 10
213 10
214 10
215 10
216 10
217 10
218 10
219 10
220 11
221 11
222 11
223 11
224 11
225 11
226 11
227 11
228 11
229 11
230 11
231 11
232 11
233 11
234 11
235 11
236 11
237 11
238 11
239 11
240 12
241 12
242 12
243 12
244 12
245 12
246 12
247 12
248 12
249 12
250 12
251 12
252 12
253 12
254 12
255 12
256 12
257 12
258 12
259 12
260 13
261 13
262 13
263 13
264 13
265 13
266 13
267 13
268 13
269 13
270 13
271 13
272 13
273 13
274 13
275 13
276 13
277 13
278 13
279 13
280 14
281 14
282 14
283 14
284 14
285 14
286 14
287 14
288 14
289 14
290 14
291 14
292 14
293 14
294 14
295 14
296 14
297 14
298 14
299 14
300 15
301 15
302 15
303 15
304 15
305 15
306 15
307 15
308 15
309 15
310 15
311 15
312 15
313 15
314 15
315 15
316 15
317 15
318 15
319 15

4 0 0 0
4 2 0 0
4 3 0 0
4 1 0 0
5 0 0 0
5 4 0 0
5 2 0 0
5 3 0 0
6 3 0 0
6 1 0 0
6 2 0 0
6 0 0 0
7 2 0 0
7 4 0 0
7 3 0 0
7 0 0 0
8 4 0 0
8 6 0 0
8 0 0 0
8 1 0 0
9 4 0 0
9 0 0 0
9 5 0 0
9 7 0 0
10 7 0 0
10 3 0 0
10 0 0 0
10 2 0 0
11 3 0 0
11 6 0 0
11 9 0 0
11 1 0 0
12 4 0 0
12 7 0 0
12 0 0 0
12 10 0 0
13 11 0 0
13 5 0 0
13 8 0 0
13 12 0 0
14 10 0 0
14 8 0 0
14 2 0 0
14 7 0 0
15 10 0 0
15 4 0 0
15 13 0 0
15 2 0 0
16 10 0 0
16 15 0 0
16 2 0 0
16 0 0 0
17 9 0 0
17 5 0 0
17 2 0 0
17 3 0 0
18 8 0 0
18 7 0 0
18 6 0 0
18 12 0 0
19 5 0 0
19 13 0 0
19 17 0 0
19 3 0 0
0 19 0 0
0 18 0 0
0 14 0 0
0 15 0 0
1 13 0 0
1 9 0 0
1 19 0 0
1 14 0 0
2 12 0 0
2 18 0 0
2 19 0 0
2 9 0 0
3 15 0 0
3 14 0 0
3 13 0 0
3 9 0 0
24 21 1 1
24 23 1 1
24 20 1 1
24 22 1 1
25 20 1 1
25 22 1 1
25 23 1 1
25 24 1 1
26 21 1 1
26 20 1 1
26 24 1 1
26 25 1 1
27 22 1 1
27 24 1 1
27 21 1 1
27 26 1 1
28 23 1 1
28 27 1 1
28 26 1 1
28 20 1 1
29 25 1 1
29 28 1 1
29 21 1 1
29 23 1 1
30 21 1 1
30 24 1 1
30 23 1 1
30 25 1 1
31 29 1 1
31 22 1 1
31 26 1 1
31 21 1 1
32 22 1 1
32 25 1 1
32 27 1 1
32 21 1 1
33 29 1 1
33 24 1 1
33 31 1 1
33 28 1 1
34 33 1 1
34 25 1 1
34 31 1 1
34 22 1 1
35 28 1 1
35 31 1 1
35 33 1 1
35 29 1 1
36 25 1 1
36 35 1 1
36 30 1 1
36 21 1 1
37 33 1 1
37 20 1 1
37 32 1 1
37 25 1 1
38 29 1 1
38 24 1 1
38 36 1 1
38 23 1 1
39 34 1 1
39 36 1 1
39 27 1 1
39 33 1 1
20 27 1 1
20 39 1 1
20 33 1 1
20 34 1 1
21 33 1 1
21 38 1 1
21 35 1 1
21 25 1 1
22 36 1 1
22 26 1 1
22 30 1 1
22 39 1 1
23 36 1 1
23 39 1 1
23 26 1 1
23 33 1 1
44 40 2 2
44 42 2 2
44 41 2 2
44 43 2 2
45 44 2 2
45 42 2 2
45 41 2 2
45 43 2 2
46 41 2 2
46 43 2 2
46 45 2 2
46 44 2 2
47 40 2 2
47 42 2 2
47 45 2 2
47 43 2 2
48 40 2 2
48 47 2 2
48 41 2 2
48 42 2 2
49 43 2 2
49 41 2 2
49 46 2 2
49 44 2 2
50 40 2 2
50 45 2 2
50 46 2 2
50 42 2 2
51 43 2 2
51 42 2 2
51 47 2 2
51 49 2 2
52 42 2 2
52 51 2 2
52 49 2 2
52 45 2 2
53 44 2 2
53 41 2 2
53 48 2 2
53 51 2 2
54 42 2 2
54 50 2 2
54 43 2 2
54 51 2 2
55 49 2 2
55 51 2 2
55 41 2 2
55 40 2 2
56 54 2 2
56 52 2 2
56 46 2 2
56 50 2 2
57 53 2 2
57 47 2 2
57 51 2 2
57 46 2 2
58 55 2 2
58 50 2 2
58 56 2 2
58 52 2 2
59 52 2 2
59 56 2 2
59 48 2 2
59 51 2 2
40 56 2 2
40 46 2 2
40 53 2 2
40 57 2 2
41 58 2 2
41 51 2 2
41 54 2 2
41 57 2 2
42 55 2 2
42 59 2 2
42 46 2 2
42 57 2 2
43 58 2 2
43 55 2 2
43 57 2 2
43 52 2 2
64 63 3 3
64 60 3 3
64 62 3 3
64 61 3 3
65 64 3 3
65 60 3 3
65 63 3 3
65 61 3 3
66 60 3 3
66 64 3 3
66 61 3 3
66 62 3 3
67 60 3 3
67 66 3 3
67 63 3 3
67 61 3 3
68 64 3 3
68 66 3 3
68 62 3 3
68 60 3 3
69 64 3 3
69 68 3 3
69 66 3 3
69 63 3 3
70 68 3 3
70 65 3 3
70 62 3 3
70 67 3 3
71 63 3 3
71 67 3 3
71 61 3 3
71 68 3 3
72 64 3 3
72 65 3 3
72 63 3 3
72 61 3 3
73 67 3 3
73 61 3 3
73 71 3 3
73 65 3 3
74 68 3 3
74 60 3 3
74 70 3 3
74 69 3 3
75 61 3 3
75 63 3 3
75 73 3 3
75 72 3 3
76 70 3 3
76 67 3 3
76 74 3 3
76 60 3 3
77 61 3 3
77 72 3 3
77 69 3 3
77 71 3 3
78 75 3 3
78 68 3 3
78 60 3 3
78 61 3 3
79 73 3 3
79 75 3 3
79 66 3 3
79 71 3 3
60 77 3 3
60 75 3 3
60 69 3 3
60 70 3 3
61 74 3 3
61 79 3 3
61 69 3 3
61 76 3 3
62 76 3 3
62 71 3 3
62 67 3 3
62 73 3 3
63 66 3 3
63 77 3 3
63 68 3 3
63 76 3 3
84 81 4 4
84 80 4 4
84 82 4 4
84 83 4 4
85 84 4 4
85 81 4 4
85 82 4 4
85 83 4 4
86 84 4 4
86 81 4 4
86 83 4 4
86 80 4 4
87 80 4 4
87 81 4 4
87 85 4 4
87 84 4 4
88 81 4 4
88 86 4 4
88 80 4 4
88 83 4 4
89 83 4 4
89 86 4 4
89 82 4 4
89 80 4 4
90 80 4 4
90 87 4 4
90 83 4 4
90 84 4 4
91 85 4 4
91 81 4 4
91 87 4 4
91 88 4 4
92 87 4 4
92 84 4 4
92 85 4 4
92 81 4 4
93 80 4 4
93 87 4 4
93 88 4 4
93 92 4 4
94 93 4 4
94 92 4 4
94 81 4 4
94 84 4 4
95 88 4 4
95 94 4 4
95 81 4 4
95 82 4 4
96 81 4 4
96 82 4 4
96 84 4 4
96 92 4 4
97 93 4 4
97 84 4 4
97 96 4 4
97 82 4 4
98 96 4 4
98 85 4 4
98 90 4 4
98 88 4 4
99 86 4 4
99 81 4 4
99 96 4 4
99 89 4 4
80 92 4 4
80 94 4 4
80 98 4 4
80 91 4 4
81 93 4 4
81 90 4 4
81 98 4 4
81 97 4 4
82 98 4 4
82 86 4 4
82 90 4 4
82 99 4 4
83 92 4 4
83 97 4 4
83 95 4 4
83 99 4 4
104 100 5 5
104 102 5 5
104 103 5 5
104 101 5 5
105 101 5 5
105 102 5 5
105 103 5 5
105 100 5 5
106 102 5 5
106 101 5 5
106 105 5 5
106 103 5 5
107 101 5 5
107 100 5 5
107 102 5 5
107 106 5 5
108 101 5 5
108 105 5 5
108 102 5 5
108 104 5 5
109 106 5 5
109 108 5 5
109 102 5 5
109 105 5 5
110 105 5 5
110 103 5 5
110 109 5 5
110 100 5 5
111 108 5 5
111 110 5 5
111 109 5 5
111 105 5 5
112 108 5 5
112 109 5 5
112 103 5 5
112 105 5 5
113 104 5 5
113 105 5 5
113 100 5 5
113 108 5 5
114 100 5 5
114 107 5 5
114 110 5 5
114 104 5 5
115 106 5 5
115 114 5 5
115 108 5 5
115 102 5 5
116 105 5 5
116 101 5 5
116 111 5 5
116 110 5 5
117 103 5 5
117 111 5 5
117 112 5 5
117 116 5 5
118 116 5 5
118 111 5 5
118 117 5 5
118 104 5 5
119 110 5 5
119 111 5 5
119 109 5 5
119 107 5 5
100 115 5 5
100 119 5 5
100 117 5 5
100 118 5 5
101 109 5 5
101 115 5 5
101 110 5 5
101 119 5 5
102 112 5 5
102 111 5 5
102 113 5 5
102 114 5 5
103 119 5 5
103 116 5 5
103 118 5 5
103 115 5 5
124 123 6 6
124 120 6 6
124 121 6 6
124 122 6 6
125 121 6 6
125 122 6 6
125 120 6 6
125 123 6 6
126 123 6 6
126 121 6 6
126 124 6 6
126 120 6 6
127 122 6 6
127 124 6 6
127 121 6 6
127 123 6 6
128 124 6 6
128 120 6 6
128 121 6 6
128 122 6 6
129 124 6 6
129 120 6 6
129 128 6 6
129 121 6 6
130 120 6 6
130 122 6 6
130 128 6 6
130 121 6 6
131 124 6 6
131 130 6 6
131 122 6 6
131 125 6 6
132 131 6 6
132 122 6 6
132 127 6 6
132 126 6 6
133 121 6 6
133 128 6 6
133 120 6 6
133 125 6 6
134 129 6 6
134 128 6 6
134 131 6 6
134 123 6 6
135 129 6 6
135 128 6 6
135 127 6 6
135 132 6 6
136 128 6 6
136 134 6 6
136 127 6 6
136 132 6 6
137 125 6 6
137 122 6 6
137 129 6 6
137 121 6 6
138 121 6 6
138 130 6 6
138 123 6 6
138 128 6 6
139 125 6 6
139 121 6 6
139 134 6 6
139 136 6 6
120 139 6 6
120 138 6 6
120 131 6 6
120 132 6 6
121 131 6 6
121 135 6 6
121 132 6 6
121 136 6 6
122 134 6 6
122 139 6 6
122 129 6 6
122 136 6 6
123 133 6 6
123 129 6 6
123 130 6 6
123 128 6 6
144 143 7 7
144 140 7 7
144 142 7 7
144 141 7 7
145 142 7 7
145 143 7 7
145 141 7 7
145 140 7 7
146 140 7 7
146 141 7 7
146 142 7 7
146 143 7 7
147 146 7 7
147 145 7 7
147 141 7 7
147 143 7 7
148 146 7 7
148 140 7 7
148 145 7 7
148 141 7 7
149 148 7 7
149 142 7 7
149 141 7 7
149 145 7 7
150 141 7 7
150 148 7 7
150 146 7 7
150 149 7 7
151 149 7 7
151 147 7 7
151 145 7 7
151 141 7 7
152 140 7 7
152 150 7 7
152 141 7 7
152 148 7 7
153 141 7 7
153 149 7 7
153 146 7 7
153 151 7 7
154 149 7 7
154 151 7 7
154 140 7 7
154 153 7 7
155 148 7 7
155 149 7 7
155 145 7 7
155 147 7 7
156 153 7 7
156 151 7 7
156 150 7 7
156 155 7 7
157 145 7 7
157 151 7 7
157 144 7 7
157 154 7 7
158 140 7 7
158 144 7 7
158 145 7 7
158 150 7 7
159 151 7 7
159 156 7 7
159 147 7 7
159 158 7 7
140 159 7 7
140 153 7 7
140 147 7 7
140 156 7 7
141 156 7 7
141 157 7 7
141 155 7 7
141 159 7 7
142 158 7 7
142 152 7 7
142 159 7 7
142 150 7 7
143 154 7 7
143 159 7 7
143 149 7 7
143 150 7 7
164 161 8 8
164 163 8 8
164 160 8 8
164 162 8 8
165 164 8 8
165 160 8 8
165 161 8 8
165 162 8 8
166 161 8 8
166 162 8 8
166 163 8 8
166 160 8 8
167 165 8 8
167 163 8 8
167 162 8 8
167 161 8 8
168 165 8 8
168 164 8 8
168 160 8 8
168 162 8 8
169 162 8 8
169 167 8 8
169 161 8 8
169 160 8 8
170 167 8 8
170 160 8 8
170 168 8 8
170 163 8 8
171 169 8 8
171 161 8 8
171 163 8 8
171 170 8 8
172 162 8 8
172 168 8 8
172 169 8 8
172 161 8 8
173 167 8 8
173 166 8 8
173 172 8 8
173 163 8 8
174 160 8 8
174 164 8 8
174 165 8 8
174 161 8 8
175 173 8 8
175 166 8 8
175 161 8 8
175 162 8 8
176 166 8 8
176 175 8 8
176 172 8 8
176 173 8 8
177 170 8 8
177 162 8 8
177 172 8 8
177 171 8 8
178 176 8 8
178 171 8 8
178 167 8 8
178 166 8 8
179 162 8 8
179 164 8 8
179 168 8 8
179 176 8 8
160 167 8 8
160 171 8 8
160 172 8 8
160 178 8 8
161 178 8 8
161 177 8 8
161 168 8 8
161 179 8 8
162 173 8 8
162 178 8 8
162 171 8 8
162 170 8 8
163 179 8 8
163 174 8 8
163 165 8 8
163 178 8 8
184 180 9 9
184 183 9 9
184 181 9 9
184 182 9 9
185 183 9 9
185 182 9 9
185 181 9 9
185 180 9 9
186 183 9 9
186 182 9 9
186 184 9 9
186 180 9 9
187 185 9 9
187 186 9 9
187 182 9 9
187 183 9 9
188 180 9 9
188 187 9 9
188 183 9 9
188 184 9 9
189 186 9 9
189 182 9 9
189 184 9 9
189 185 9 9
190 188 9 9
190 189 9 9
190 182 9 9
190 186 9 9
191 184 9 9
191 189 9 9
191 190 9 9
191 182 9 9
192 187 9 9
192 183 9 9
192 181 9 9
192 185 9 9
193 192 9 9
193 183 9 9
193 181 9 9
193 189 9 9
194 181 9 9
194 186 9 9
194 190 9 9
194 188 9 9
195 180 9 9
195 187 9 9
195 181 9 9
195 193 9 9
196 191 9 9
196 187 9 9
196 182 9 9
196 192 9 9
197 189 9 9
197 196 9 9
197 195 9 9
197 190 9 9
198 197 9 9
198 182 9 9
198 196 9 9
198 183 9 9
199 190 9 9
199 186 9 9
199 185 9 9
199 184 9 9
180 189 9 9
180 193 9 9
180 199 9 9
180 192 9 9
181 189 9 9
181 190 9 9
181 196 9 9
181 186 9 9
182 199 9 9
182 197 9 9
182 194 9 9
182 195 9 9
183 195 9 9
183 199 9 9
183 190 9 9
183 189 9 9
204 202 10 10
204 203 10 10
204 201 10 10
204 200 10 10
205 203 10 10
205 200 10 10
205 204 10 10
205 202 10 10
206 204 10 10
206 202 10 10
206 205 10 10
206 200 10 10
207 203 10 10
207 202 10 10
207 204 10 10
207 201 10 10
208 207 10 10
208 206 10 10
208 204 10 10
208 202 10 10
209 200 10 10
209 205 10 10
209 208 10 10
209 206 10 10
210 206 10 10
210 200 10 10
210 204 10 10
210 209 10 10
211 206 10 10
211 203 10 10
211 208 10 10
211 200 10 10
212 210 10 10
212 200 10 10
212 201 10 10
212 206 10 10
213 203 10 10
213 209 10 10
213 210 10 10
213 200 10 10
214 201 10 10
214 213 10 10
214 204 10 10
214 209 10 10
215 203 10 10
215 200 10 10
215 204 10 10
215 213 10 10
216 211 10 10
216 209 10 10
216 207 10 10
216 214 10 10
217 203 10 10
217 200 10 10
217 215 10 10
217 213 10 10
218 217 10 10
218 200 10 10
218 209 10 10
218 206 10 10
219 213 10 10
219 206 10 10
219 209 10 10
219 200 10 10
200 214 10 10
200 208 10 10
200 216 10 10
200 207 10 10
201 217 10 10
201 205 10 10
201 215 10 10
201 213 10 10
202 216 10 10
202 211 10 10
202 219 10 10
202 210 10 10
203 212 10 10
203 218 10 10
203 210 10 10
203 219 10 10
224 223 11 11
224 222 11 11
224 221 11 11
224 220 11 11
225 221 11 11
225 223 11 11
225 222 11 11
225 220 11 11
226 221 11 11
226 223 11 11
226 222 11 11
226 224 11 11
227 223 11 11
227 224 11 11
227 222 11 11
227 225 11 11
228 225 11 11
228 222 11 11
228 221 11 11
228 220 11 11
229 222 11 11
229 224 11 11
229 228 11 11
229 223 11 11
230 229 11 11
230 221 11 11
230 222 11 11
230 227 11 11
231 230 11 11
231 223 11 11
231 221 11 11
231 229 11 11
232 231 11 11
232 226 11 11
232 220 11 11
232 230 11 11
233 222 11 11
233 224 11 11
233 229 11 11
233 221 11 11
234 221 11 11
234 227 11 11
234 228 11 11
234 225 11 11
235 227 11 11
235 233 11 11
235 228 11 11
235 223 11 11
236 222 11 11
236 228 11 11
236 221 11 11
236 224 11 11
237 224 11 11
237 222 11 11
237 236 11 11
237 233 11 11
238 230 11 11
238 220 11 11
238 223 11 11
238 234 11 11
239 238 11 11
239 233 11 11
239 225 11 11
239 236 11 11
220 233 11 11
220 226 11 11
220 231 11 11
220 230 11 11
221 227 11 11
221 229 11 11
221 235 11 11
221 239 11 11
222 235 11 11
222 234 11 11
222 232 11 11
222 238 11 11
223 233 11 11
223 236 11 11
223 239 11 11
223 234 11 11
244 240 12 12
244 241 12 12
244 242 12 12
244 243 12 12
245 242 12 12
245 244 12 12
245 240 12 12
245 241 12 12
246 240 12 12
246 243 12 12
246 245 12 12
246 244 12 12
247 244 12 12
247 243 12 12
247 241 12 12
247 240 12 12
248 242 12 12
248 244 12 12
248 246 12 12
248 243 12 12
249 243 12 12
249 247 12 12
249 248 12 12
249 245 12 12
250 248 12 12
250 249 12 12
250 244 12 12
250 243 12 12
251 248 12 12
251 244 12 12
251 247 12 12
251 246 12 12
252 247 12 12
252 245 12 12
252 248 12 12
252 250 12 12
253 246 12 12
253 248 12 12
253 244 12 12
253 251 12 12
254 246 12 12
254 249 12 12
254 245 12 12
254 241 12 12
255 250 12 12
255 252 12 12
255 242 12 12
255 249 12 12
256 250 12 12
256 246 12 12
256 255 12 12
256 253 12 12
257 251 12 12
257 243 12 12
257 248 12 12
257 240 12 12
258 246 12 12
258 257 12 12
258 251 12 12
258 253 12 12
259 242 12 12
259 252 12 12
259 257 12 12
259 245 12 12
240 253 12 12
240 258 12 12
240 256 12 12
240 248 12 12
241 257 12 12
241 256 12 12
241 258 12 12
241 250 12 12
242 254 12 12
242 251 12 12
242 258 12 12
242 256 12 12
243 251 12 12
243 258 12 12
243 255 12 12
243 256 12 12
264 260 13 13
264 263 13 13
264 262 13 13
264 261 13 13
265 264 13 13
265 263 13 13
265 262 13 13
265 260 13 13
266 265 13 13
266 264 13 13
266 261 13 13
266 260 13 13
267 262 13 13
267 263 13 13
267 261 13 13
267 266 13 13
268 262 13 13
268 267 13 13
268 263 13 13
268 266 13 13
269 260 13 13
269 268 13 13
269 266 13 13
269 263 13 13
270 265 13 13
270 269 13 13
270 262 13 13
270 260 13 13
271 263 13 13
271 262 13 13
271 260 13 13
271 267 13 13
272 270 13 13
272 260 13 13
272 269 13 13
272 265 13 13
273 272 13 13
273 266 13 13
273 264 13 13
273 260 13 13
274 261 13 13
274 271 13 13
274 264 13 13
274 265 13 13
275 261 13 13
275 267 13 13
275 263 13 13
275 266 13 13
276 270 13 13
276 273 13 13
276 265 13 13
276 267 13 13
277 264 13 13
277 275 13 13
277 276 13 13
277 267 13 13
278 268 13 13
278 261 13 13
278 272 13 13
278 262 13 13
279 276 13 13
279 265 13 13
279 262 13 13
279 270 13 13
260 279 13 13
260 268 13 13
260 274 13 13
260 278 13 13
261 270 13 13
261 272 13 13
261 276 13 13
261 273 13 13
262 276 13 13
262 269 13 13
262 274 13 13
262 275 13 13
263 276 13 13
263 273 13 13
263 279 13 13
263 272 13 13
284 282 14 14
284 280 14 14
284 283 14 14
284 281 14 14
285 282 14 14
285 281 14 14
285 280 14 14
285 284 14 14
286 283 14 14
286 280 14 14
286 284 14 14
286 282 14 14
287 282 14 14
287 280 14 14
287 283 14 14
287 285 14 14
288 286 14 14
288 282 14 14
288 281 14 14
288 284 14 14
289 281 14 14
289 286 14 14
289 287 14 14
289 285 14 14
290 281 14 14
290 282 14 14
290 287 14 14
290 286 14 14
291 280 14 14
291 289 14 14
291 288 14 14
291 290 14 14
292 286 14 14
292 281 14 14
292 290 14 14
292 287 14 14
293 282 14 14
293 290 14 14
293 287 14 14
293 283 14 14
294 292 14 14
294 289 14 14
294 290 14 14
294 281 14 14
295 288 14 14
295 283 14 14
295 291 14 14
295 285 14 14
296 295 14 14
296 289 14 14
296 283 14 14
296 285 14 14
297 286 14 14
297 293 14 14
297 280 14 14
297 284 14 14
298 287 14 14
298 280 14 14
298 294 14 14
298 286 14 14
299 292 14 14
299 291 14 14
299 294 14 14
299 288 14 14
280 288 14 14
280 294 14 14
280 295 14 14
280 299 14 14
281 297 14 14
281 296 14 14
281 295 14 14
281 291 14 14
282 296 14 14
282 297 14 14
282 292 14 14
282 295 14 14
283 290 14 14
283 289 14 14
283 297 14 14
283 291 14 14
304 301 15 15
304 300 15 15
304 303 15 15
304 302 15 15
305 301 15 15
305 302 15 15
305 300 15 15
305 304 15 15
306 301 15 15
306 304 15 15
306 305 15 15
306 300 15 15
307 300 15 15
307 305 15 15
307 304 15 15
307 303 15 15
308 303 15 15
308 304 15 15
308 307 15 15
308 300 15 15
309 307 15 15
309 308 15 15
309 300 15 15
309 301 15 15
310 304 15 15
310 307 15 15
310 303 15 15
310 305 15 15
311 307 15 15
311 308 15 15
311 300 15 15
311 310 15 15
312 307 15 15
312 304 15 15
312 303 15 15
312 306 15 15
313 309 15 15
313 311 15 15
313 302 15 15
313 308 15 15
314 309 15 15
314 302 15 15
314 304 15 15
314 308 15 15
315 302 15 15
315 312 15 15
315 314 15 15
315 305 15 15
316 307 15 15
316 313 15 15
316 301 15 15
316 310 15 15
317 311 15 15
317 309 15 15
317 302 15 15
317 315 15 15
318 309 15 15
318 304 15 15
318 300 15 15
318 307 15 15
319 306 15 15
319 312 15 15
319 316 15 15
319 318 15 15
300 314 15 15
300 313 15 15
300 315 15 15
300 317 15 15
301 311 15 15
301 315 15 15
301 314 15 15
301 310 15 15
302 309 15 15
302 311 15 15
302 306 15 15
302 307 15 15
303 318 15 15
303 311 15 15
303 316 15 15
303 317 15 15
95 42 4 2
97 70 4 3
88 18 4 0
83 29 4 1
102 88 5 4
117 13 5 0
115 22 5 1
116 66 5 3
121 97 6 4
124 57 6 2
126 30 6 1
128 3 6 0
157 107 7 5
152 72 7 3
156 1 7 0
144 124 7 6
164 100 8 5
164 6 8 0
163 97 8 4
163 71 8 3
194 16 9 0
193 107 9 5
198 153 9 7
186 60 9 3
212 35 10 1
212 119 10 5
210 7 10 0
211 147 10 7
234 30 11 1
222 217 11 10
236 183 11 9
237 147 11 7
253 56 12 2
256 121 12 6
259 102 12 5
242 212 12 10
271 147 13 7
272 236 13 11
267 11 13 0
279 182 13 9
293 159 14 7
294 44 14 2
290 252 14 12
298 263 14 13
308 127 15 6
301 84 15 4
311 154 15 7
300 272 15 13
5 244 0 12
0 318 0 15
10 233 0 11
15 298 0 14
36 241 1 12
33 142 1 7
33 269 1 13
33 305 1 15
44 300 2 15
52 179 2 8
59 234 2 11
40 155 2 7
63 295 3 14
61 209 3 10
79 266 3 13
71 232 3 11
