swNum = 320
edgeNum = 1344

0 0
1 0
2 0
3 0
4 0
5 0
6 0
7 0
8 0
9 0
10 0
11 0
12 0
13 0
14 0
15 0
16 0
17 0
18 0
19 0
20 1
21 1
22 1
23 1
24 1
25 1
26 1
27 1
28 1
29 1
30 1
31 1
32 1
33 1
34 1
35 1
36 1
37 1
38 1
39 1
40 2
41 2
42 2
43 2
44 2
45 2
46 2
47 2
48 2
49 2
50 2
51 2
52 2
53 2
54 2
55 2
56 2
57 2
58 2
59 2
60 3
61 3
62 3
63 3
64 3
65 3
66 3
67 3
68 3
69 3
70 3
71 3
72 3
73 3
74 3
75 3
76 3
77 3
78 3
79 3
80 4
81 4
82 4
83 4
84 4
85 4
86 4
87 4
88 4
89 4
90 4
91 4
92 4
93 4
94 4
95 4
96 4
97 4
98 4
99 4
100 5
101 5
102 5
103 5
104 5
105 5
106 5
107 5
108 5
109 5
110 5
111 5
112 5
113 5
114 5
115 5
116 5
117 5
118 5
119 5
120 6
121 6
122 6
123 6
124 6
125 6
126 6
127 6
128 6
129 6
130 6
131 6
132 6
133 6
134 6
135 6
136 6
137 6
138 6
139 6
140 7
141 7
142 7
143 7
144 7
145 7
146 7
147 7
148 7
149 7
150 7
151 7
152 7
153 7
154 7
155 7
156 7
157 7
158 7
159 7
160 8
161 8
162 8
163 8
164 8
165 8
166 8
167 8
168 8
169 8
170 8
171 8
172 8
173 8
174 8
175 8
176 8
177 8
178 8
179 8
180 9
181 9
182 9
183 9
184 9
185 9
186 9
187 9
188 9
189 9
190 9
191 9
192 9
193 9
194 9
195 9
196 9
197 9
198 9
199 9
200 10
201 10
202 10
203 10
204 10
205 10
206 10
207 10
208 10
209 10
210 10
211 10
212 10
213 10
214 10
215 10
216 10
217 10
218 10
219 10
220 11
221 11
222 11
223 11
224 11
225 11
226 11
227 11
228 11
229 11
230 11
231 11
232 11
233 11
234 11
235 11
236 11
237 11
238 11
239 11
240 12
241 12
242 12
243 12
244 12
245 12
246 12
247 12
248 12
249 12
250 12
251 12
252 12
253 12
254 12
255 12
256 12
257 12
258 12
259 12
260 13
261 13
262 13
263 13
264 13
265 13
266 13
267 13
268 13
269 13
270 13
271 13
272 13
273 13
274 13
275 13
276 13
277 13
278 13
279 13
280 14
281 14
282 14
283 14
284 14
285 14
286 14
287 14
288 14
289 14
290 14
291 14
292 14
293 14
294 14
295 14
296 14
297 14
298 14
299 14
300 15
301 15
302 15
303 15
304 15
305 15
306 15
307 15
308 15
309 15
310 15
311 15
312 15
313 15
314 15
315 15
316 15
317 15
318 15
319 15

4 0 0 0
4 2 0 0
4 1 0 0
4 3 0 0
5 1 0 0
5 0 0 0
5 2 0 0
5 4 0 0
6 1 0 0
6 2 0 0
6 5 0 0
6 3 0 0
7 1 0 0
7 3 0 0
7 0 0 0
7 4 0 0
8 0 0 0
8 7 0 0
8 4 0 0
8 1 0 0
9 6 0 0
9 1 0 0
9 7 0 0
9 5 0 0
10 8 0 0
10 9 0 0
10 7 0 0
10 5 0 0
11 7 0 0
11 3 0 0
11 0 0 0
11 4 0 0
12 6 0 0
12 1 0 0
12 10 0 0
12 11 0 0
13 6 0 0
13 2 0 0
13 10 0 0
13 12 0 0
14 11 0 0
14 10 0 0
14 0 0 0
14 7 0 0
15 6 0 0
15 10 0 0
15 2 0 0
15 11 0 0
16 15 0 0
16 7 0 0
16 14 0 0
16 1 0 0
17 7 0 0
17 11 0 0
17 5 0 0
17 2 0 0
18 0 0 0
18 7 0 0
18 16 0 0
18 17 0 0
19 18 0 0
19 10 0 0
19 1 0 0
19 17 0 0
0 19 0 0
0 15 0 0
0 16 0 0
0 9 0 0
1 13 0 0
1 17 0 0
1 15 0 0
1 18 0 0
2 12 0 0
2 11 0 0
2 16 0 0
2 8 0 0
3 15 0 0
3 17 0 0
3 8 0 0
3 18 0 0
24 20 1 1
24 22 1 1
24 23 1 1
24 21 1 1
25 23 1 1
25 21 1 1
25 20 1 1
25 24 1 1
26 25 1 1
26 20 1 1
26 22 1 1
26 24 1 1
27 26 1 1
27 23 1 1
27 25 1 1
27 21 1 1
28 27 1 1
28 21 1 1
28 25 1 1
28 23 1 1
29 21 1 1
29 27 1 1
29 24 1 1
29 28 1 1
30 25 1 1
30 26 1 1
30 23 1 1
30 27 1 1
31 22 1 1
31 24 1 1
31 23 1 1
31 20 1 1
32 29 1 1
32 31 1 1
32 24 1 1
32 27 1 1
33 24 1 1
33 21 1 1
33 29 1 1
33 27 1 1
34 31 1 1
34 30 1 1
34 27 1 1
34 26 1 1
35 30 1 1
35 20 1 1
35 26 1 1
35 31 1 1
36 23 1 1
36 21 1 1
36 32 1 1
36 25 1 1
37 21 1 1
37 29 1 1
37 24 1 1
37 27 1 1
38 36 1 1
38 20 1 1
38 28 1 1
38 32 1 1
39 20 1 1
39 30 1 1
39 37 1 1
39 38 1 1
20 37 1 1
20 30 1 1
20 36 1 1
20 28 1 1
21 32 1 1
21 31 1 1
21 34 1 1
21 35 1 1
22 38 1 1
22 33 1 1
22 30 1 1
22 39 1 1
23 29 1 1
23 38 1 1
23 37 1 1
23 33 1 1
44 43 2 2
44 41 2 2
44 40 2 2
44 42 2 2
45 43 2 2
45 44 2 2
45 42 2 2
45 40 2 2
46 42 2 2
46 40 2 2
46 41 2 2
46 45 2 2
47 46 2 2
47 41 2 2
47 42 2 2
47 45 2 2
48 42 2 2
48 45 2 2
48 40 2 2
48 43 2 2
49 45 2 2
49 40 2 2
49 48 2 2
49 41 2 2
50 48 2 2
50 43 2 2
50 40 2 2
50 47 2 2
51 43 2 2
51 50 2 2
51 47 2 2
51 40 2 2
52 51 2 2
52 48 2 2
52 50 2 2
52 49 2 2
53 47 2 2
53 50 2 2
53 51 2 2
53 52 2 2
54 48 2 2
54 40 2 2
54 45 2 2
54 41 2 2
55 44 2 2
55 47 2 2
55 43 2 2
55 54 2 2
56 52 2 2
56 49 2 2
56 51 2 2
56 40 2 2
57 44 2 2
57 52 2 2
57 50 2 2
57 54 2 2
58 43 2 2
58 53 2 2
58 42 2 2
58 56 2 2
59 42 2 2
59 47 2 2
59 44 2 2
59 40 2 2
40 58 2 2
40 52 2 2
40 47 2 2
40 55 2 2
41 55 2 2
41 48 2 2
41 53 2 2
41 50 2 2
42 50 2 2
42 56 2 2
42 49 2 2
42 55 2 2
43 57 2 2
43 47 2 2
43 54 2 2
43 53 2 2
64 60 3 3
64 63 3 3
64 62 3 3
64 61 3 3
65 62 3 3
65 60 3 3
65 63 3 3
65 64 3 3
66 65 3 3
66 62 3 3
66 64 3 3
66 61 3 3
67 66 3 3
67 65 3 3
67 64 3 3
67 61 3 3
68 65 3 3
68 60 3 3
68 63 3 3
68 62 3 3
69 62 3 3
69 60 3 3
69 68 3 3
69 66 3 3
70 62 3 3
70 64 3 3
70 65 3 3
70 66 3 3
71 63 3 3
71 65 3 3
71 62 3 3
71 69 3 3
72 62 3 3
72 67 3 3
72 71 3 3
72 64 3 3
73 65 3 3
73 63 3 3
73 68 3 3
73 64 3 3
74 65 3 3
74 68 3 3
74 64 3 3
74 70 3 3
75 74 3 3
75 66 3 3
75 64 3 3
75 61 3 3
76 75 3 3
76 70 3 3
76 66 3 3
76 64 3 3
77 76 3 3
77 65 3 3
77 74 3 3
77 60 3 3
78 75 3 3
78 74 3 3
78 64 3 3
78 76 3 3
79 60 3 3
79 68 3 3
79 69 3 3
79 66 3 3
60 71 3 3
60 66 3 3
60 75 3 3
60 73 3 3
61 72 3 3
61 76 3 3
61 78 3 3
61 68 3 3
62 74 3 3
62 77 3 3
62 73 3 3
62 79 3 3
63 72 3 3
63 76 3 3
63 74 3 3
63 78 3 3
84 81 4 4
84 83 4 4
84 80 4 4
84 82 4 4
85 81 4 4
85 80 4 4
85 84 4 4
85 82 4 4
86 83 4 4
86 80 4 4
86 85 4 4
86 81 4 4
87 85 4 4
87 84 4 4
87 83 4 4
87 86 4 4
88 85 4 4
88 81 4 4
88 86 4 4
88 80 4 4
89 84 4 4
89 80 4 4
89 82 4 4
89 81 4 4
90 80 4 4
90 85 4 4
90 81 4 4
90 89 4 4
91 87 4 4
91 83 4 4
91 85 4 4
91 81 4 4
92 81 4 4
92 82 4 4
92 90 4 4
92 88 4 4
93 90 4 4
93 81 4 4
93 80 4 4
93 87 4 4
94 83 4 4
94 89 4 4
94 80 4 4
94 93 4 4
95 83 4 4
95 86 4 4
95 84 4 4
95 82 4 4
96 87 4 4
96 94 4 4
96 82 4 4
96 85 4 4
97 85 4 4
97 82 4 4
97 95 4 4
97 84 4 4
98 97 4 4
98 80 4 4
98 92 4 4
98 88 4 4
99 88 4 4
99 96 4 4
99 85 4 4
99 84 4 4
80 97 4 4
80 99 4 4
80 87 4 4
80 92 4 4
81 95 4 4
81 97 4 4
81 98 4 4
81 94 4 4
82 93 4 4
82 91 4 4
82 94 4 4
82 88 4 4
83 99 4 4
83 88 4 4
83 96 4 4
83 98 4 4
104 100 5 5
104 103 5 5
104 102 5 5
104 101 5 5
105 101 5 5
105 102 5 5
105 103 5 5
105 100 5 5
106 101 5 5
106 103 5 5
106 105 5 5
106 100 5 5
107 103 5 5
107 102 5 5
107 104 5 5
107 101 5 5
108 101 5 5
108 106 5 5
108 104 5 5
108 105 5 5
109 107 5 5
109 100 5 5
109 104 5 5
109 101 5 5
110 107 5 5
110 100 5 5
110 103 5 5
110 104 5 5
111 104 5 5
111 105 5 5
111 108 5 5
111 109 5 5
112 101 5 5
112 107 5 5
112 109 5 5
112 106 5 5
113 107 5 5
113 103 5 5
113 109 5 5
113 104 5 5
114 108 5 5
114 102 5 5
114 113 5 5
114 109 5 5
115 114 5 5
115 100 5 5
115 111 5 5
115 113 5 5
116 112 5 5
116 111 5 5
116 101 5 5
116 108 5 5
117 101 5 5
117 105 5 5
117 112 5 5
117 115 5 5
118 105 5 5
118 102 5 5
118 103 5 5
118 115 5 5
119 105 5 5
119 111 5 5
119 116 5 5
119 103 5 5
100 113 5 5
100 112 5 5
100 107 5 5
100 114 5 5
101 119 5 5
101 115 5 5
101 118 5 5
101 114 5 5
102 111 5 5
102 113 5 5
102 119 5 5
102 108 5 5
103 111 5 5
103 115 5 5
103 109 5 5
103 108 5 5
124 123 6 6
124 122 6 6
124 120 6 6
124 121 6 6
125 120 6 6
125 124 6 6
125 122 6 6
125 123 6 6
126 122 6 6
126 123 6 6
126 124 6 6
126 121 6 6
127 123 6 6
127 126 6 6
127 120 6 6
127 125 6 6
128 123 6 6
128 120 6 6
128 126 6 6
128 124 6 6
129 124 6 6
129 123 6 6
129 127 6 6
129 126 6 6
130 124 6 6
130 121 6 6
130 122 6 6
130 126 6 6
131 121 6 6
131 126 6 6
131 123 6 6
131 130 6 6
132 124 6 6
132 122 6 6
132 130 6 6
132 126 6 6
133 124 6 6
133 132 6 6
133 121 6 6
133 125 6 6
134 128 6 6
134 133 6 6
134 126 6 6
134 129 6 6
135 123 6 6
135 130 6 6
135 126 6 6
135 124 6 6
136 130 6 6
136 120 6 6
136 129 6 6
136 133 6 6
137 131 6 6
137 124 6 6
137 126 6 6
137 132 6 6
138 130 6 6
138 137 6 6
138 131 6 6
138 121 6 6
139 132 6 6
139 131 6 6
139 133 6 6
139 127 6 6
120 139 6 6
120 126 6 6
120 135 6 6
120 133 6 6
121 139 6 6
121 132 6 6
121 137 6 6
121 127 6 6
122 137 6 6
122 139 6 6
122 138 6 6
122 127 6 6
123 137 6 6
123 130 6 6
123 139 6 6
123 133 6 6
144 140 7 7
144 141 7 7
144 142 7 7
144 143 7 7
145 140 7 7
145 141 7 7
145 142 7 7
145 143 7 7
146 144 7 7
146 143 7 7
146 140 7 7
146 145 7 7
147 142 7 7
147 143 7 7
147 146 7 7
147 140 7 7
148 145 7 7
148 140 7 7
148 144 7 7
148 143 7 7
149 142 7 7
149 143 7 7
149 144 7 7
149 141 7 7
150 146 7 7
150 145 7 7
150 148 7 7
150 147 7 7
151 146 7 7
151 144 7 7
151 148 7 7
151 149 7 7
152 143 7 7
152 140 7 7
152 144 7 7
152 145 7 7
153 150 7 7
153 143 7 7
153 140 7 7
153 144 7 7
154 141 7 7
154 149 7 7
154 147 7 7
154 144 7 7
155 152 7 7
155 151 7 7
155 150 7 7
155 153 7 7
156 142 7 7
156 147 7 7
156 154 7 7
156 153 7 7
157 150 7 7
157 146 7 7
157 144 7 7
157 141 7 7
158 157 7 7
158 147 7 7
158 142 7 7
158 145 7 7
159 156 7 7
159 148 7 7
159 154 7 7
159 142 7 7
140 157 7 7
140 158 7 7
140 150 7 7
140 151 7 7
141 159 7 7
141 158 7 7
141 156 7 7
141 153 7 7
142 154 7 7
142 153 7 7
142 146 7 7
142 157 7 7
143 154 7 7
143 157 7 7
143 156 7 7
143 159 7 7
164 161 8 8
164 163 8 8
164 162 8 8
164 160 8 8
165 161 8 8
165 164 8 8
165 160 8 8
165 162 8 8
166 162 8 8
166 163 8 8
166 160 8 8
166 164 8 8
167 160 8 8
167 161 8 8
167 164 8 8
167 162 8 8
168 161 8 8
168 164 8 8
168 166 8 8
168 163 8 8
169 160 8 8
169 166 8 8
169 165 8 8
169 161 8 8
170 166 8 8
170 163 8 8
170 161 8 8
170 160 8 8
171 161 8 8
171 169 8 8
171 164 8 8
171 165 8 8
172 162 8 8
172 168 8 8
172 164 8 8
172 161 8 8
173 171 8 8
173 167 8 8
173 169 8 8
173 161 8 8
174 161 8 8
174 169 8 8
174 171 8 8
174 163 8 8
175 174 8 8
175 171 8 8
175 169 8 8
175 160 8 8
176 171 8 8
176 170 8 8
176 175 8 8
176 165 8 8
177 162 8 8
177 171 8 8
177 176 8 8
177 170 8 8
178 160 8 8
178 167 8 8
178 176 8 8
178 169 8 8
179 172 8 8
179 171 8 8
179 165 8 8
179 164 8 8
160 174 8 8
160 173 8 8
160 172 8 8
160 176 8 8
161 175 8 8
161 176 8 8
161 178 8 8
161 179 8 8
162 174 8 8
162 178 8 8
162 179 8 8
162 173 8 8
163 175 8 8
163 176 8 8
163 169 8 8
163 173 8 8
184 180 9 9
184 182 9 9
184 181 9 9
184 183 9 9
185 184 9 9
185 181 9 9
185 182 9 9
185 183 9 9
186 182 9 9
186 180 9 9
186 181 9 9
186 184 9 9
187 182 9 9
187 184 9 9
187 180 9 9
187 186 9 9
188 185 9 9
188 187 9 9
188 182 9 9
188 184 9 9
189 183 9 9
189 186 9 9
189 188 9 9
189 181 9 9
190 185 9 9
190 180 9 9
190 182 9 9
190 189 9 9
191 183 9 9
191 184 9 9
191 187 9 9
191 180 9 9
192 190 9 9
192 188 9 9
192 180 9 9
192 191 9 9
193 180 9 9
193 191 9 9
193 184 9 9
193 182 9 9
194 188 9 9
194 193 9 9
194 184 9 9
194 191 9 9
195 187 9 9
195 190 9 9
195 183 9 9
195 192 9 9
196 180 9 9
196 186 9 9
196 194 9 9
196 185 9 9
197 194 9 9
197 195 9 9
197 180 9 9
197 185 9 9
198 197 9 9
198 190 9 9
198 184 9 9
198 188 9 9
199 183 9 9
199 190 9 9
199 192 9 9
199 197 9 9
180 199 9 9
180 188 9 9
180 194 9 9
180 198 9 9
181 192 9 9
181 191 9 9
181 196 9 9
181 187 9 9
182 199 9 9
182 191 9 9
182 197 9 9
182 196 9 9
183 192 9 9
183 193 9 9
183 197 9 9
183 187 9 9
204 203 10 10
204 202 10 10
204 201 10 10
204 200 10 10
205 202 10 10
205 200 10 10
205 204 10 10
205 203 10 10
206 204 10 10
206 203 10 10
206 201 10 10
206 205 10 10
207 206 10 10
207 204 10 10
207 202 10 10
207 201 10 10
208 203 10 10
208 204 10 10
208 205 10 10
208 202 10 10
209 207 10 10
209 203 10 10
209 204 10 10
209 208 10 10
210 200 10 10
210 208 10 10
210 203 10 10
210 207 10 10
211 200 10 10
211 201 10 10
211 206 10 10
211 203 10 10
212 204 10 10
212 203 10 10
212 208 10 10
212 200 10 10
213 208 10 10
213 204 10 10
213 206 10 10
213 201 10 10
214 212 10 10
214 213 10 10
214 205 10 10
214 210 10 10
215 210 10 10
215 208 10 10
215 209 10 10
215 200 10 10
216 200 10 10
216 202 10 10
216 213 10 10
216 211 10 10
217 205 10 10
217 200 10 10
217 215 10 10
217 204 10 10
218 213 10 10
218 216 10 10
218 212 10 10
218 214 10 10
219 204 10 10
219 206 10 10
219 211 10 10
219 210 10 10
200 208 10 10
200 219 10 10
200 214 10 10
200 209 10 10
201 219 10 10
201 208 10 10
201 212 10 10
201 205 10 10
202 219 10 10
202 212 10 10
202 211 10 10
202 209 10 10
203 215 10 10
203 219 10 10
203 218 10 10
203 207 10 10
224 223 11 11
224 220 11 11
224 222 11 11
224 221 11 11
225 224 11 11
225 221 11 11
225 223 11 11
225 222 11 11
226 224 11 11
226 220 11 11
226 223 11 11
226 225 11 11
227 220 11 11
227 223 11 11
227 221 11 11
227 222 11 11
228 226 11 11
228 225 11 11
228 223 11 11
228 224 11 11
229 223 11 11
229 220 11 11
229 222 11 11
229 221 11 11
230 220 11 11
230 222 11 11
230 223 11 11
230 227 11 11
231 220 11 11
231 222 11 11
231 230 11 11
231 227 11 11
232 225 11 11
232 231 11 11
232 230 11 11
232 226 11 11
233 227 11 11
233 229 11 11
233 231 11 11
233 230 11 11
234 230 11 11
234 223 11 11
234 233 11 11
234 227 11 11
235 229 11 11
235 223 11 11
235 234 11 11
235 224 11 11
236 231 11 11
236 233 11 11
236 228 11 11
236 221 11 11
237 230 11 11
237 225 11 11
237 235 11 11
237 221 11 11
238 230 11 11
238 233 11 11
238 227 11 11
238 223 11 11
239 222 11 11
239 234 11 11
239 225 11 11
239 233 11 11
220 233 11 11
220 237 11 11
220 236 11 11
220 238 11 11
221 234 11 11
221 239 11 11
221 232 11 11
221 226 11 11
222 235 11 11
222 238 11 11
222 234 11 11
222 237 11 11
223 239 11 11
223 236 11 11
223 237 11 11
223 232 11 11
244 241 12 12
244 243 12 12
244 242 12 12
244 240 12 12
245 244 12 12
245 240 12 12
245 242 12 12
245 241 12 12
246 240 12 12
246 245 12 12
246 242 12 12
246 241 12 12
247 246 12 12
247 244 12 12
247 243 12 12
247 245 12 12
248 242 12 12
248 241 12 12
248 245 12 12
248 244 12 12
249 244 12 12
249 248 12 12
249 246 12 12
249 242 12 12
250 248 12 12
250 244 12 12
250 241 12 12
250 243 12 12
251 247 12 12
251 243 12 12
251 244 12 12
251 249 12 12
252 240 12 12
252 248 12 12
252 244 12 12
252 247 12 12
253 252 12 12
253 242 12 12
253 249 12 12
253 250 12 12
254 248 12 12
254 243 12 12
254 249 12 12
254 253 12 12
255 253 12 12
255 243 12 12
255 250 12 12
255 244 12 12
256 250 12 12
256 252 12 12
256 248 12 12
256 253 12 12
257 249 12 12
257 247 12 12
257 253 12 12
257 254 12 12
258 254 12 12
258 247 12 12
258 255 12 12
258 251 12 12
259 249 12 12
259 250 12 12
259 253 12 12
259 243 12 12
240 248 12 12
240 256 12 12
240 250 12 12
240 259 12 12
241 252 12 12
241 257 12 12
241 253 12 12
241 251 12 12
242 255 12 12
242 250 12 12
242 259 12 12
242 252 12 12
243 253 12 12
243 248 12 12
243 252 12 12
243 257 12 12
264 261 13 13
264 262 13 13
264 263 13 13
264 260 13 13
265 264 13 13
265 262 13 13
265 261 13 13
265 260 13 13
266 264 13 13
266 261 13 13
266 265 13 13
266 262 13 13
267 262 13 13
267 261 13 13
267 260 13 13
267 264 13 13
268 266 13 13
268 267 13 13
268 264 13 13
268 265 13 13
269 266 13 13
269 267 13 13
269 260 13 13
269 263 13 13
270 269 13 13
270 260 13 13
270 265 13 13
270 264 13 13
271 260 13 13
271 263 13 13
271 261 13 13
271 266 13 13
272 265 13 13
272 269 13 13
272 263 13 13
272 261 13 13
273 268 13 13
273 270 13 13
273 267 13 13
273 260 13 13
274 270 13 13
274 273 13 13
274 272 13 13
274 271 13 13
275 269 13 13
275 272 13 13
275 260 13 13
275 270 13 13
276 274 13 13
276 261 13 13
276 264 13 13
276 260 13 13
277 270 13 13
277 269 13 13
277 272 13 13
277 273 13 13
278 264 13 13
278 276 13 13
278 269 13 13
278 268 13 13
279 276 13 13
279 278 13 13
279 263 13 13
279 265 13 13
260 278 13 13
260 272 13 13
260 268 13 13
260 277 13 13
261 278 13 13
261 268 13 13
261 269 13 13
261 270 13 13
262 271 13 13
262 276 13 13
262 268 13 13
262 273 13 13
263 273 13 13
263 270 13 13
263 266 13 13
263 275 13 13
284 280 14 14
284 281 14 14
284 283 14 14
284 282 14 14
285 282 14 14
285 280 14 14
285 284 14 14
285 283 14 14
286 283 14 14
286 285 14 14
286 282 14 14
286 280 14 14
287 286 14 14
287 282 14 14
287 281 14 14
287 285 14 14
288 281 14 14
288 287 14 14
288 285 14 14
288 282 14 14
289 286 14 14
289 283 14 14
289 285 14 14
289 281 14 14
290 286 14 14
290 280 14 14
290 289 14 14
290 284 14 14
291 289 14 14
291 280 14 14
291 284 14 14
291 283 14 14
292 288 14 14
292 286 14 14
292 285 14 14
292 291 14 14
293 280 14 14
293 289 14 14
293 281 14 14
293 290 14 14
294 286 14 14
294 291 14 14
294 287 14 14
294 280 14 14
295 280 14 14
295 290 14 14
295 289 14 14
295 283 14 14
296 280 14 14
296 283 14 14
296 286 14 14
296 294 14 14
297 295 14 14
297 280 14 14
297 287 14 14
297 289 14 14
298 286 14 14
298 285 14 14
298 288 14 14
298 294 14 14
299 280 14 14
299 285 14 14
299 282 14 14
299 284 14 14
280 289 14 14
280 287 14 14
280 288 14 14
280 292 14 14
281 292 14 14
281 285 14 14
281 297 14 14
281 294 14 14
282 296 14 14
282 294 14 14
282 292 14 14
282 295 14 14
283 292 14 14
283 293 14 14
283 288 14 14
283 297 14 14
304 300 15 15
304 301 15 15
304 303 15 15
304 302 15 15
305 300 15 15
305 303 15 15
305 301 15 15
305 304 15 15
306 301 15 15
306 304 15 15
306 300 15 15
306 303 15 15
307 301 15 15
307 302 15 15
307 304 15 15
307 303 15 15
308 303 15 15
308 305 15 15
308 304 15 15
308 300 15 15
309 306 15 15
309 304 15 15
309 307 15 15
309 302 15 15
310 300 15 15
310 306 15 15
310 302 15 15
310 308 15 15
311 305 15 15
311 300 15 15
311 304 15 15
311 310 15 15
312 309 15 15
312 306 15 15
312 304 15 15
312 307 15 15
313 310 15 15
313 301 15 15
313 305 15 15
313 303 15 15
314 301 15 15
314 303 15 15
314 302 15 15
314 305 15 15
315 301 15 15
315 300 15 15
315 312 15 15
315 303 15 15
316 314 15 15
316 313 15 15
316 306 15 15
316 309 15 15
317 315 15 15
317 316 15 15
317 310 15 15
317 303 15 15
318 316 15 15
318 301 15 15
318 309 15 15
318 306 15 15
319 302 15 15
319 307 15 15
319 303 15 15
319 314 15 15
300 318 15 15
300 316 15 15
300 317 15 15
300 314 15 15
301 317 15 15
301 312 15 15
301 308 15 15
301 311 15 15
302 315 15 15
302 308 15 15
302 306 15 15
302 313 15 15
303 310 15 15
303 309 15 15
303 318 15 15
303 311 15 15
94 34 4 1
96 18 4 0
82 57 4 2
97 77 4 3
101 48 5 2
105 92 5 4
105 28 5 1
104 19 5 0
133 16 6 0
124 52 6 2
132 90 6 4
136 35 6 1
154 0 7 0
143 51 7 2
144 115 7 5
149 61 7 3
178 99 8 4
164 74 8 3
179 13 8 0
177 151 8 7
184 123 9 6
197 56 9 2
187 176 9 8
191 98 9 4
209 30 10 1
209 119 10 5
209 152 10 7
215 89 10 4
230 91 11 4
233 142 11 7
235 207 11 10
231 9 11 0
244 160 12 8
252 65 12 3
252 28 12 1
241 225 12 11
263 47 13 2
272 39 13 1
264 140 13 7
268 137 13 6
283 176 14 8
290 46 14 2
286 9 14 0
296 194 14 9
319 24 15 1
301 269 15 13
304 10 15 0
304 107 15 5
12 189 0 9
13 241 0 12
10 263 0 13
17 206 0 10
35 185 1 9
35 172 1 8
27 224 1 11
21 157 1 7
56 318 2 15
53 235 2 11
55 240 2 12
44 200 2 10
72 263 3 13
72 209 3 10
71 133 3 6
76 229 3 11
