swNum = 320
edgeNum = 1344

0 0
1 0
2 0
3 0
4 0
5 0
6 0
7 0
8 0
9 0
10 0
11 0
12 0
13 0
14 0
15 0
16 0
17 0
18 0
19 0
20 1
21 1
22 1
23 1
24 1
25 1
26 1
27 1
28 1
29 1
30 1
31 1
32 1
33 1
34 1
35 1
36 1
37 1
38 1
39 1
40 2
41 2
42 2
43 2
44 2
45 2
46 2
47 2
48 2
49 2
50 2
51 2
52 2
53 2
54 2
55 2
56 2
57 2
58 2
59 2
60 3
61 3
62 3
63 3
64 3
65 3
66 3
67 3
68 3
69 3
70 3
71 3
72 3
73 3
74 3
75 3
76 3
77 3
78 3
79 3
80 4
81 4
82 4
83 4
84 4
85 4
86 4
87 4
88 4
89 4
90 4
91 4
92 4
93 4
94 4
95 4
96 4
97 4
98 4
99 4
100 5
101 5
102 5
103 5
104 5
105 5
106 5
107 5
108 5
109 5
110 5
111 5
112 5
113 5
114 5
115 5
116 5
117 5
118 5
119 5
120 6
121 6
122 6
123 6
124 6
125 6
126 6
127 6
128 6
129 6
130 6
131 6
132 6
133 6
134 6
135 6
136 6
137 6
138 6
139 6
140 7
141 7
142 7
143 7
144 7
145 7
146 7
147 7
148 7
149 7
150 7
151 7
152 7
153 7
154 7
155 7
156 7
157 7
158 7
159 7
160 8
161 8
162 8
163 8
164 8
165 8
166 8
167 8
168 8
169 8
170 8
171 8
172 8
173 8
174 8
175 8
176 8
177 8
178 8
179 8
180 9
181 9
182 9
183 9
184 9
185 9
186 9
187 9
188 9
189 9
190 9
191 9
192 9
193 9
194 9
195 9
196 9
197 9
198 9
199 9
200 10
201 10
202 10
203 10
204 10
205 10
206 10
207 10
208 10
209 10
210 10
211 10
212 10
213 10
214 10
215 10
216 10
217 10
218 10
219 10
220 11
221 11
222 11
223 11
224 11
225 11
226 11
227 11
228 11
229 11
230 11
231 11
232 11
233 11
234 11
235 11
236 11
237 11
238 11
239 11
240 12
241 12
242 12
243 12
244 12
245 12
246 12
247 12
248 12
249 12
250 12
251 12
252 12
253 12
254 12
255 12
256 12
257 12
258 12
259 12
260 13
261 13
262 13
263 13
264 13
265 13
266 13
267 13
268 13
269 13
270 13
271 13
272 13
273 13
274 13
275 13
276 13
277 13
278 13
279 13
280 14
281 14
282 14
283 14
284 14
285 14
286 14
287 14
288 14
289 14
290 14
291 14
292 14
293 14
294 14
295 14
296 14
297 14
298 14
299 14
300 15
301 15
302 15
303 15
304 15
305 15
306 15
307 15
308 15
309 15
310 15
311 15
312 15
313 15
314 15
315 15
316 15
317 15
318 15
319 15

4 3 0 0
4 1 0 0
4 0 0 0
4 2 0 0
5 0 0 0
5 3 0 0
5 2 0 0
5 1 0 0
6 5 0 0
6 0 0 0
6 3 0 0
6 4 0 0
7 2 0 0
7 1 0 0
7 5 0 0
7 0 0 0
8 7 0 0
8 3 0 0
8 5 0 0
8 2 0 0
9 6 0 0
9 5 0 0
9 3 0 0
9 7 0 0
10 2 0 0
10 8 0 0
10 7 0 0
10 1 0 0
11 10 0 0
11 4 0 0
11 3 0 0
11 2 0 0
12 1 0 0
12 5 0 0
12 11 0 0
12 3 0 0
13 1 0 0
13 7 0 0
13 11 0 0
13 12 0 0
14 1 0 0
14 2 0 0
14 3 0 0
14 0 0 0
15 14 0 0
15 10 0 0
15 1 0 0
15 3 0 0
16 4 0 0
16 5 0 0
16 11 0 0
16 15 0 0
17 10 0 0
17 1 0 0
17 14 0 0
17 13 0 0
18 3 0 0
18 10 0 0
18 16 0 0
18 9 0 0
19 7 0 0
19 11 0 0
19 14 0 0
19 18 0 0
0 16 0 0
0 8 0 0
0 15 0 0
0 18 0 0
1 18 0 0
1 8 0 0
1 19 0 0
1 16 0 0
2 18 0 0
2 19 0 0
2 13 0 0
2 15 0 0
3 16 0 0
3 7 0 0
3 19 0 0
3 10 0 0
24 23 1 1
24 22 1 1
24 21 1 1
24 20 1 1
25 22 1 1
25 21 1 1
25 24 1 1
25 23 1 1
26 20 1 1
26 23 1 1
26 25 1 1
26 24 1 1
27 24 1 1
27 26 1 1
27 25 1 1
27 22 1 1
28 21 1 1
28 25 1 1
28 27 1 1
28 22 1 1
29 24 1 1
29 25 1 1
29 26 1 1
29 22 1 1
30 24 1 1
30 29 1 1
30 20 1 1
30 22 1 1
31 27 1 1
31 23 1 1
31 26 1 1
31 30 1 1
32 27 1 1
32 20 1 1
32 31 1 1
32 21 1 1
33 20 1 1
33 26 1 1
33 32 1 1
33 24 1 1
34 21 1 1
34 28 1 1
34 25 1 1
34 23 1 1
35 23 1 1
35 20 1 1
35 32 1 1
35 30 1 1
36 30 1 1
36 21 1 1
36 31 1 1
36 29 1 1
37 24 1 1
37 23 1 1
37 28 1 1
37 21 1 1
38 34 1 1
38 32 1 1
38 33 1 1
38 36 1 1
39 37 1 1
39 28 1 1
39 36 1 1
39 30 1 1
20 36 1 1
20 37 1 1
20 31 1 1
20 39 1 1
21 30 1 1
21 35 1 1
21 39 1 1
21 38 1 1
22 36 1 1
22 39 1 1
22 35 1 1
22 38 1 1
23 33 1 1
23 30 1 1
23 39 1 1
23 36 1 1
44 42 2 2
44 43 2 2
44 40 2 2
44 41 2 2
45 44 2 2
45 42 2 2
45 41 2 2
45 43 2 2
46 45 2 2
46 42 2 2
46 41 2 2
46 44 2 2
47 42 2 2
47 45 2 2
47 46 2 2
47 44 2 2
48 47 2 2
48 44 2 2
48 43 2 2
48 40 2 2
49 41 2 2
49 43 2 2
49 48 2 2
49 45 2 2
50 42 2 2
50 48 2 2
50 44 2 2
50 40 2 2
51 50 2 2
51 47 2 2
51 48 2 2
51 49 2 2
52 47 2 2
52 51 2 2
52 50 2 2
52 46 2 2
53 49 2 2
53 52 2 2
53 46 2 2
53 45 2 2
54 44 2 2
54 43 2 2
54 48 2 2
54 45 2 2
55 42 2 2
55 49 2 2
55 52 2 2
55 53 2 2
56 48 2 2
56 54 2 2
56 40 2 2
56 50 2 2
57 42 2 2
57 50 2 2
57 56 2 2
57 48 2 2
58 55 2 2
58 54 2 2
58 53 2 2
58 42 2 2
59 41 2 2
59 52 2 2
59 53 2 2
59 46 2 2
40 51 2 2
40 49 2 2
40 57 2 2
40 45 2 2
41 50 2 2
41 57 2 2
41 48 2 2
41 53 2 2
42 54 2 2
42 49 2 2
42 56 2 2
42 53 2 2
43 50 2 2
43 56 2 2
43 53 2 2
43 51 2 2
64 60 3 3
64 62 3 3
64 61 3 3
64 63 3 3
65 63 3 3
65 64 3 3
65 62 3 3
65 60 3 3
66 62 3 3
66 63 3 3
66 64 3 3
66 65 3 3
67 61 3 3
67 66 3 3
67 64 3 3
67 62 3 3
68 61 3 3
68 62 3 3
68 64 3 3
68 60 3 3
69 63 3 3
69 62 3 3
69 61 3 3
69 65 3 3
70 63 3 3
70 67 3 3
70 64 3 3
70 60 3 3
71 69 3 3
71 62 3 3
71 63 3 3
71 68 3 3
72 60 3 3
72 68 3 3
72 64 3 3
72 61 3 3
73 69 3 3
73 66 3 3
73 62 3 3
73 68 3 3
74 65 3 3
74 69 3 3
74 70 3 3
74 60 3 3
75 74 3 3
75 66 3 3
75 69 3 3
75 62 3 3
76 66 3 3
76 67 3 3
76 70 3 3
76 62 3 3
77 76 3 3
77 67 3 3
77 60 3 3
77 75 3 3
78 66 3 3
78 64 3 3
78 67 3 3
78 70 3 3
79 69 3 3
79 71 3 3
79 62 3 3
79 65 3 3
60 73 3 3
60 75 3 3
60 71 3 3
60 67 3 3
61 71 3 3
61 73 3 3
61 79 3 3
61 66 3 3
62 70 3 3
62 72 3 3
62 77 3 3
62 78 3 3
63 74 3 3
63 76 3 3
63 75 3 3
63 72 3 3
84 82 4 4
84 83 4 4
84 81 4 4
84 80 4 4
85 83 4 4
85 81 4 4
85 84 4 4
85 80 4 4
86 83 4 4
86 84 4 4
86 82 4 4
86 81 4 4
87 81 4 4
87 86 4 4
87 84 4 4
87 83 4 4
88 86 4 4
88 83 4 4
88 81 4 4
88 84 4 4
89 86 4 4
89 88 4 4
89 84 4 4
89 87 4 4
90 81 4 4
90 88 4 4
90 82 4 4
90 80 4 4
91 81 4 4
91 82 4 4
91 84 4 4
91 83 4 4
92 89 4 4
92 83 4 4
92 86 4 4
92 87 4 4
93 84 4 4
93 82 4 4
93 83 4 4
93 91 4 4
94 85 4 4
94 86 4 4
94 90 4 4
94 82 4 4
95 94 4 4
95 83 4 4
95 88 4 4
95 89 4 4
96 84 4 4
96 88 4 4
96 93 4 4
96 89 4 4
97 90 4 4
97 93 4 4
97 80 4 4
97 94 4 4
98 82 4 4
98 96 4 4
98 91 4 4
98 89 4 4
99 80 4 4
99 83 4 4
99 97 4 4
99 95 4 4
80 95 4 4
80 94 4 4
80 87 4 4
80 93 4 4
81 98 4 4
81 93 4 4
81 94 4 4
81 95 4 4
82 85 4 4
82 97 4 4
82 96 4 4
82 95 4 4
83 90 4 4
83 96 4 4
83 94 4 4
83 97 4 4
104 102 5 5
104 103 5 5
104 101 5 5
104 100 5 5
105 104 5 5
105 100 5 5
105 103 5 5
105 102 5 5
106 103 5 5
106 105 5 5
106 100 5 5
106 101 5 5
107 102 5 5
107 105 5 5
107 106 5 5
107 104 5 5
108 100 5 5
108 107 5 5
108 105 5 5
108 101 5 5
109 108 5 5
109 100 5 5
109 105 5 5
109 106 5 5
110 101 5 5
110 104 5 5
110 108 5 5
110 100 5 5
111 102 5 5
111 104 5 5
111 106 5 5
111 107 5 5
112 108 5 5
112 102 5 5
112 105 5 5
112 106 5 5
113 104 5 5
113 110 5 5
113 112 5 5
113 100 5 5
114 103 5 5
114 104 5 5
114 105 5 5
114 101 5 5
115 109 5 5
115 100 5 5
115 104 5 5
115 102 5 5
116 103 5 5
116 112 5 5
116 114 5 5
116 107 5 5
117 116 5 5
117 105 5 5
117 102 5 5
117 104 5 5
118 106 5 5
118 114 5 5
118 100 5 5
118 113 5 5
119 115 5 5
119 100 5 5
119 109 5 5
119 116 5 5
100 117 5 5
100 116 5 5
100 112 5 5
100 114 5 5
101 109 5 5
101 113 5 5
101 119 5 5
101 115 5 5
102 118 5 5
102 116 5 5
102 113 5 5
102 108 5 5
103 109 5 5
103 115 5 5
103 107 5 5
103 111 5 5
124 120 6 6
124 122 6 6
124 123 6 6
124 121 6 6
125 123 6 6
125 122 6 6
125 121 6 6
125 124 6 6
126 125 6 6
126 120 6 6
126 122 6 6
126 121 6 6
127 121 6 6
127 126 6 6
127 123 6 6
127 122 6 6
128 122 6 6
128 124 6 6
128 126 6 6
128 120 6 6
129 120 6 6
129 126 6 6
129 127 6 6
129 122 6 6
130 125 6 6
130 126 6 6
130 123 6 6
130 129 6 6
131 121 6 6
131 127 6 6
131 120 6 6
131 126 6 6
132 131 6 6
132 130 6 6
132 126 6 6
132 125 6 6
133 131 6 6
133 127 6 6
133 126 6 6
133 122 6 6
134 124 6 6
134 130 6 6
134 125 6 6
134 127 6 6
135 129 6 6
135 130 6 6
135 132 6 6
135 124 6 6
136 129 6 6
136 130 6 6
136 131 6 6
136 133 6 6
137 129 6 6
137 134 6 6
137 120 6 6
137 133 6 6
138 125 6 6
138 130 6 6
138 137 6 6
138 128 6 6
139 133 6 6
139 120 6 6
139 131 6 6
139 130 6 6
120 133 6 6
120 130 6 6
120 134 6 6
120 127 6 6
121 129 6 6
121 128 6 6
121 133 6 6
121 134 6 6
122 138 6 6
122 130 6 6
122 137 6 6
122 136 6 6
123 126 6 6
123 137 6 6
123 138 6 6
123 128 6 6
144 140 7 7
144 141 7 7
144 143 7 7
144 142 7 7
145 142 7 7
145 141 7 7
145 144 7 7
145 143 7 7
146 144 7 7
146 140 7 7
146 143 7 7
146 141 7 7
147 144 7 7
147 146 7 7
147 140 7 7
147 145 7 7
148 145 7 7
148 146 7 7
148 142 7 7
148 143 7 7
149 144 7 7
149 146 7 7
149 143 7 7
149 140 7 7
150 143 7 7
150 142 7 7
150 140 7 7
150 141 7 7
151 145 7 7
151 150 7 7
151 146 7 7
151 144 7 7
152 151 7 7
152 149 7 7
152 143 7 7
152 142 7 7
153 146 7 7
153 148 7 7
153 150 7 7
153 147 7 7
154 148 7 7
154 142 7 7
154 146 7 7
154 143 7 7
155 140 7 7
155 146 7 7
155 143 7 7
155 154 7 7
156 141 7 7
156 143 7 7
156 142 7 7
156 151 7 7
157 145 7 7
157 149 7 7
157 150 7 7
157 153 7 7
158 152 7 7
158 143 7 7
158 156 7 7
158 151 7 7
159 146 7 7
159 152 7 7
159 148 7 7
159 144 7 7
140 151 7 7
140 159 7 7
140 156 7 7
140 152 7 7
141 151 7 7
141 158 7 7
141 153 7 7
141 155 7 7
142 155 7 7
142 158 7 7
142 151 7 7
142 153 7 7
143 159 7 7
143 157 7 7
143 151 7 7
143 153 7 7
164 160 8 8
164 161 8 8
164 163 8 8
164 162 8 8
165 162 8 8
165 164 8 8
165 160 8 8
165 161 8 8
166 160 8 8
166 162 8 8
166 164 8 8
166 165 8 8
167 164 8 8
167 165 8 8
167 161 8 8
167 160 8 8
168 161 8 8
168 166 8 8
168 165 8 8
168 163 8 8
169 163 8 8
169 160 8 8
169 162 8 8
169 165 8 8
170 168 8 8
170 161 8 8
170 167 8 8
170 165 8 8
171 169 8 8
171 167 8 8
171 164 8 8
171 160 8 8
172 168 8 8
172 165 8 8
172 166 8 8
172 164 8 8
173 160 8 8
173 163 8 8
173 161 8 8
173 170 8 8
174 164 8 8
174 160 8 8
174 169 8 8
174 163 8 8
175 162 8 8
175 174 8 8
175 163 8 8
175 169 8 8
176 165 8 8
176 171 8 8
176 172 8 8
176 173 8 8
177 175 8 8
177 163 8 8
177 170 8 8
177 166 8 8
178 171 8 8
178 163 8 8
178 175 8 8
178 164 8 8
179 178 8 8
179 177 8 8
179 162 8 8
179 176 8 8
160 176 8 8
160 175 8 8
160 179 8 8
160 168 8 8
161 179 8 8
161 166 8 8
161 176 8 8
161 177 8 8
162 173 8 8
162 178 8 8
162 171 8 8
162 174 8 8
163 166 8 8
163 170 8 8
163 179 8 8
163 176 8 8
184 182 9 9
184 183 9 9
184 181 9 9
184 180 9 9
185 182 9 9
185 180 9 9
185 184 9 9
185 183 9 9
186 183 9 9
186 184 9 9
186 180 9 9
186 181 9 9
187 181 9 9
187 186 9 9
187 184 9 9
187 183 9 9
188 186 9 9
188 185 9 9
188 184 9 9
188 183 9 9
189 187 9 9
189 183 9 9
189 185 9 9
189 182 9 9
190 186 9 9
190 188 9 9
190 183 9 9
190 187 9 9
191 183 9 9
191 188 9 9
191 180 9 9
191 189 9 9
192 190 9 9
192 187 9 9
192 183 9 9
192 191 9 9
193 189 9 9
193 188 9 9
193 182 9 9
193 183 9 9
194 181 9 9
194 184 9 9
194 190 9 9
194 183 9 9
195 183 9 9
195 182 9 9
195 181 9 9
195 185 9 9
196 191 9 9
196 193 9 9
196 189 9 9
196 190 9 9
197 190 9 9
197 194 9 9
197 191 9 9
197 196 9 9
198 197 9 9
198 189 9 9
198 185 9 9
198 192 9 9
199 182 9 9
199 187 9 9
199 197 9 9
199 194 9 9
180 195 9 9
180 199 9 9
180 197 9 9
180 187 9 9
181 198 9 9
181 189 9 9
181 193 9 9
181 199 9 9
182 187 9 9
182 188 9 9
182 196 9 9
182 197 9 9
183 196 9 9
183 197 9 9
183 198 9 9
183 199 9 9
204 201 10 10
204 202 10 10
204 200 10 10
204 203 10 10
205 202 10 10
205 203 10 10
205 200 10 10
205 204 10 10
206 204 10 10
206 200 10 10
206 201 10 10
206 202 10 10
207 202 10 10
207 201 10 10
207 205 10 10
207 200 10 10
208 203 10 10
208 206 10 10
208 204 10 10
208 207 10 10
209 200 10 10
209 208 10 10
209 206 10 10
209 205 10 10
210 208 10 10
210 201 10 10
210 205 10 10
210 202 10 10
211 204 10 10
211 202 10 10
211 210 10 10
211 205 10 10
212 209 10 10
212 211 10 10
212 204 10 10
212 200 10 10
213 208 10 10
213 202 10 10
213 206 10 10
213 210 10 10
214 205 10 10
214 201 10 10
214 212 10 10
214 200 10 10
215 201 10 10
215 204 10 10
215 213 10 10
215 209 10 10
216 213 10 10
216 211 10 10
216 210 10 10
216 208 10 10
217 209 10 10
217 215 10 10
217 200 10 10
217 204 10 10
218 214 10 10
218 216 10 10
218 205 10 10
218 213 10 10
219 211 10 10
219 210 10 10
219 213 10 10
219 207 10 10
200 215 10 10
200 210 10 10
200 216 10 10
200 208 10 10
201 217 10 10
201 209 10 10
201 212 10 10
201 213 10 10
202 216 10 10
202 218 10 10
202 219 10 10
202 217 10 10
203 217 10 10
203 218 10 10
203 206 10 10
203 216 10 10
224 223 11 11
224 221 11 11
224 222 11 11
224 220 11 11
225 223 11 11
225 221 11 11
225 224 11 11
225 220 11 11
226 220 11 11
226 224 11 11
226 223 11 11
226 222 11 11
227 223 11 11
227 222 11 11
227 224 11 11
227 225 11 11
228 224 11 11
228 225 11 11
228 221 11 11
228 227 11 11
229 227 11 11
229 222 11 11
229 223 11 11
229 221 11 11
230 226 11 11
230 227 11 11
230 224 11 11
230 228 11 11
231 230 11 11
231 221 11 11
231 222 11 11
231 228 11 11
232 225 11 11
232 223 11 11
232 226 11 11
232 229 11 11
233 222 11 11
233 227 11 11
233 225 11 11
233 232 11 11
234 223 11 11
234 231 11 11
234 227 11 11
234 233 11 11
235 223 11 11
235 234 11 11
235 232 11 11
235 226 11 11
236 229 11 11
236 234 11 11
236 232 11 11
236 222 11 11
237 225 11 11
237 222 11 11
237 231 11 11
237 223 11 11
238 233 11 11
238 234 11 11
238 236 11 11
238 232 11 11
239 226 11 11
239 222 11 11
239 234 11 11
239 230 11 11
220 235 11 11
220 230 11 11
220 236 11 11
220 237 11 11
221 227 11 11
221 230 11 11
221 237 11 11
221 238 11 11
222 235 11 11
222 234 11 11
222 232 11 11
222 230 11 11
223 230 11 11
223 228 11 11
223 236 11 11
223 231 11 11
244 243 12 12
244 240 12 12
244 242 12 12
244 241 12 12
245 241 12 12
245 240 12 12
245 242 12 12
245 243 12 12
246 244 12 12
246 243 12 12
246 240 12 12
246 245 12 12
247 243 12 12
247 246 12 12
247 245 12 12
247 241 12 12
248 243 12 12
248 246 12 12
248 245 12 12
248 241 12 12
249 243 12 12
249 248 12 12
249 246 12 12
249 247 12 12
250 241 12 12
250 247 12 12
250 245 12 12
250 240 12 12
251 249 12 12
251 247 12 12
251 248 12 12
251 246 12 12
252 249 12 12
252 242 12 12
252 240 12 12
252 245 12 12
253 240 12 12
253 249 12 12
253 247 12 12
253 243 12 12
254 241 12 12
254 245 12 12
254 246 12 12
254 247 12 12
255 244 12 12
255 241 12 12
255 246 12 12
255 243 12 12
256 240 12 12
256 253 12 12
256 244 12 12
256 243 12 12
257 251 12 12
257 246 12 12
257 249 12 12
257 253 12 12
258 255 12 12
258 253 12 12
258 248 12 12
258 247 12 12
259 243 12 12
259 241 12 12
259 252 12 12
259 244 12 12
240 247 12 12
240 254 12 12
240 255 12 12
240 257 12 12
241 253 12 12
241 257 12 12
241 251 12 12
241 246 12 12
242 259 12 12
242 250 12 12
242 247 12 12
242 254 12 12
243 254 12 12
243 251 12 12
243 250 12 12
243 257 12 12
264 260 13 13
264 262 13 13
264 263 13 13
264 261 13 13
265 264 13 13
265 263 13 13
265 262 13 13
265 260 13 13
266 261 13 13
266 260 13 13
266 263 13 13
266 262 13 13
267 261 13 13
267 265 13 13
267 263 13 13
267 260 13 13
268 267 13 13
268 262 13 13
268 266 13 13
268 261 13 13
269 264 13 13
269 260 13 13
269 262 13 13
269 263 13 13
270 268 13 13
270 267 13 13
270 269 13 13
270 265 13 13
271 260 13 13
271 266 13 13
271 262 13 13
271 261 13 13
272 269 13 13
272 268 13 13
272 260 13 13
272 262 13 13
273 266 13 13
273 268 13 13
273 267 13 13
273 264 13 13
274 264 13 13
274 271 13 13
274 269 13 13
274 268 13 13
275 263 13 13
275 270 13 13
275 265 13 13
275 267 13 13
276 268 13 13
276 273 13 13
276 266 13 13
276 263 13 13
277 274 13 13
277 271 13 13
277 269 13 13
277 272 13 13
278 274 13 13
278 268 13 13
278 276 13 13
278 261 13 13
279 269 13 13
279 262 13 13
279 268 13 13
279 277 13 13
260 279 13 13
260 277 13 13
260 270 13 13
260 276 13 13
261 276 13 13
261 275 13 13
261 269 13 13
261 265 13 13
262 277 13 13
262 278 13 13
262 273 13 13
262 276 13 13
263 270 13 13
263 268 13 13
263 271 13 13
263 278 13 13
284 283 14 14
284 281 14 14
284 282 14 14
284 280 14 14
285 283 14 14
285 282 14 14
285 280 14 14
285 281 14 14
286 285 14 14
286 281 14 14
286 283 14 14
286 280 14 14
287 284 14 14
287 280 14 14
287 282 14 14
287 283 14 14
288 282 14 14
288 287 14 14
288 284 14 14
288 283 14 14
289 280 14 14
289 286 14 14
289 282 14 14
289 287 14 14
290 285 14 14
290 288 14 14
290 283 14 14
290 280 14 14
291 290 14 14
291 280 14 14
291 281 14 14
291 286 14 14
292 290 14 14
292 282 14 14
292 285 14 14
292 283 14 14
293 290 14 14
293 283 14 14
293 282 14 14
293 284 14 14
294 281 14 14
294 291 14 14
294 280 14 14
294 284 14 14
295 287 14 14
295 294 14 14
295 283 14 14
295 281 14 14
296 289 14 14
296 291 14 14
296 286 14 14
296 288 14 14
297 293 14 14
297 291 14 14
297 281 14 14
297 286 14 14
298 296 14 14
298 282 14 14
298 283 14 14
298 280 14 14
299 296 14 14
299 283 14 14
299 294 14 14
299 286 14 14
280 293 14 14
280 296 14 14
280 292 14 14
280 295 14 14
281 298 14 14
281 287 14 14
281 299 14 14
281 288 14 14
282 290 14 14
282 297 14 14
282 286 14 14
282 299 14 14
283 291 14 14
283 294 14 14
283 296 14 14
283 289 14 14
304 302 15 15
304 303 15 15
304 301 15 15
304 300 15 15
305 304 15 15
305 302 15 15
305 300 15 15
305 303 15 15
306 303 15 15
306 301 15 15
306 305 15 15
306 302 15 15
307 304 15 15
307 306 15 15
307 300 15 15
307 301 15 15
308 302 15 15
308 300 15 15
308 304 15 15
308 301 15 15
309 300 15 15
309 305 15 15
309 304 15 15
309 307 15 15
310 307 15 15
310 308 15 15
310 305 15 15
310 300 15 15
311 303 15 15
311 305 15 15
311 301 15 15
311 310 15 15
312 308 15 15
312 302 15 15
312 301 15 15
312 304 15 15
313 310 15 15
313 306 15 15
313 303 15 15
313 301 15 15
314 313 15 15
314 308 15 15
314 303 15 15
314 302 15 15
315 313 15 15
315 311 15 15
315 301 15 15
315 306 15 15
316 314 15 15
316 309 15 15
316 300 15 15
316 303 15 15
317 302 15 15
317 314 15 15
317 301 15 15
317 311 15 15
318 309 15 15
318 307 15 15
318 300 15 15
318 303 15 15
319 301 15 15
319 307 15 15
319 303 15 15
319 318 15 15
300 315 15 15
300 314 15 15
300 319 15 15
300 313 15 15
301 316 15 15
301 314 15 15
301 318 15 15
301 309 15 15
302 307 15 15
302 316 15 15
302 309 15 15
302 313 15 15
303 312 15 15
303 310 15 15
303 308 15 15
303 317 15 15
93 44 4 2
97 78 4 3
86 13 4 0
86 20 4 1
110 75 5 3
107 93 5 4
109 32 5 1
105 17 5 0
139 49 6 2
122 4 6 0
121 23 6 1
128 93 6 4
153 51 7 2
142 126 7 6
156 8 7 0
150 78 7 3
179 132 8 6
164 10 8 0
168 117 8 5
166 156 8 7
186 117 9 5
180 99 9 4
195 174 9 8
196 138 9 6
219 181 10 9
215 109 10 5
218 178 10 8
203 27 10 1
222 192 11 9
230 134 11 6
237 215 11 10
238 115 11 5
251 3 12 0
256 178 12 8
240 56 12 2
254 95 12 4
279 204 13 10
261 223 13 11
261 196 13 9
263 153 13 7
289 57 14 2
285 233 14 11
293 85 14 4
299 65 14 3
305 192 15 9
306 216 15 10
317 278 15 13
317 112 15 5
14 305 0 15
16 192 0 9
12 228 0 11
2 203 0 10
21 179 1 8
27 286 1 14
33 257 1 12
34 271 1 13
53 263 2 13
41 190 2 9
47 313 2 15
40 209 2 10
62 235 3 11
75 267 3 13
71 254 3 12
70 316 3 15
