swNum = 320
edgeNum = 1343

0 0
1 0
2 0
3 0
4 0
5 0
6 0
7 0
8 0
9 0
10 0
11 0
12 0
13 0
14 0
15 0
16 0
17 0
18 0
19 0
20 1
21 1
22 1
23 1
24 1
25 1
26 1
27 1
28 1
29 1
30 1
31 1
32 1
33 1
34 1
35 1
36 1
37 1
38 1
39 1
40 2
41 2
42 2
43 2
44 2
45 2
46 2
47 2
48 2
49 2
50 2
51 2
52 2
53 2
54 2
55 2
56 2
57 2
58 2
59 2
60 3
61 3
62 3
63 3
64 3
65 3
66 3
67 3
68 3
69 3
70 3
71 3
72 3
73 3
74 3
75 3
76 3
77 3
78 3
79 3
80 4
81 4
82 4
83 4
84 4
85 4
86 4
87 4
88 4
89 4
90 4
91 4
92 4
93 4
94 4
95 4
96 4
97 4
98 4
99 4
100 5
101 5
102 5
103 5
104 5
105 5
106 5
107 5
108 5
109 5
110 5
111 5
112 5
113 5
114 5
115 5
116 5
117 5
118 5
119 5
120 6
121 6
122 6
123 6
124 6
125 6
126 6
127 6
128 6
129 6
130 6
131 6
132 6
133 6
134 6
135 6
136 6
137 6
138 6
139 6
140 7
141 7
142 7
143 7
144 7
145 7
146 7
147 7
148 7
149 7
150 7
151 7
152 7
153 7
154 7
155 7
156 7
157 7
158 7
159 7
160 8
161 8
162 8
163 8
164 8
165 8
166 8
167 8
168 8
169 8
170 8
171 8
172 8
173 8
174 8
175 8
176 8
177 8
178 8
179 8
180 9
181 9
182 9
183 9
184 9
185 9
186 9
187 9
188 9
189 9
190 9
191 9
192 9
193 9
194 9
195 9
196 9
197 9
198 9
199 9
200 10
201 10
202 10
203 10
204 10
205 10
206 10
207 10
208 10
209 10
210 10
211 10
212 10
213 10
214 10
215 10
216 10
217 10
218 10
219 10
220 11
221 11
222 11
223 11
224 11
225 11
226 11
227 11
228 11
229 11
230 11
231 11
232 11
233 11
234 11
235 11
236 11
237 11
238 11
239 11
240 12
241 12
242 12
243 12
244 12
245 12
246 12
247 12
248 12
249 12
250 12
251 12
252 12
253 12
254 12
255 12
256 12
257 12
258 12
259 12
260 13
261 13
262 13
263 13
264 13
265 13
266 13
267 13
268 13
269 13
270 13
271 13
272 13
273 13
274 13
275 13
276 13
277 13
278 13
279 13
280 14
281 14
282 14
283 14
284 14
285 14
286 14
287 14
288 14
289 14
290 14
291 14
292 14
293 14
294 14
295 14
296 14
297 14
298 14
299 14
300 15
301 15
302 15
303 15
304 15
305 15
306 15
307 15
308 15
309 15
310 15
311 15
312 15
313 15
314 15
315 15
316 15
317 15
318 15
319 15

4 1 0 0
4 3 0 0
4 0 0 0
4 2 0 0
5 2 0 0
5 0 0 0
5 1 0 0
5 3 0 0
6 5 0 0
6 4 0 0
6 0 0 0
6 1 0 0
7 3 0 0
7 4 0 0
7 6 0 0
7 0 0 0
8 0 0 0
8 6 0 0
8 4 0 0
8 7 0 0
9 1 0 0
9 8 0 0
9 4 0 0
9 6 0 0
10 8 0 0
10 6 0 0
10 3 0 0
10 2 0 0
11 1 0 0
11 10 0 0
11 9 0 0
11 3 0 0
12 7 0 0
12 9 0 0
12 6 0 0
12 11 0 0
13 6 0 0
13 5 0 0
13 2 0 0
13 7 0 0
14 12 0 0
14 1 0 0
14 11 0 0
14 3 0 0
15 13 0 0
15 5 0 0
15 3 0 0
15 1 0 0
16 5 0 0
16 13 0 0
16 6 0 0
16 10 0 0
17 11 0 0
17 16 0 0
17 14 0 0
17 13 0 0
18 4 0 0
18 2 0 0
18 10 0 0
18 13 0 0
19 2 0 0
19 18 0 0
19 10 0 0
19 12 0 0
0 17 0 0
0 9 0 0
0 16 0 0
0 18 0 0
1 13 0 0
1 17 0 0
1 10 0 0
1 12 0 0
2 11 0 0
2 17 0 0
2 6 0 0
2 8 0 0
3 12 0 0
3 8 0 0
3 6 0 0
3 19 0 0
24 23 1 1
24 21 1 1
24 22 1 1
24 20 1 1
25 24 1 1
25 21 1 1
25 20 1 1
25 22 1 1
26 24 1 1
26 21 1 1
26 25 1 1
26 23 1 1
27 22 1 1
27 23 1 1
27 21 1 1
27 26 1 1
28 20 1 1
28 21 1 1
28 25 1 1
28 24 1 1
29 28 1 1
29 24 1 1
29 23 1 1
29 22 1 1
30 23 1 1
30 28 1 1
30 27 1 1
30 26 1 1
31 25 1 1
31 30 1 1
31 24 1 1
31 29 1 1
32 25 1 1
32 22 1 1
32 23 1 1
32 30 1 1
33 20 1 1
33 25 1 1
33 24 1 1
33 21 1 1
34 27 1 1
34 32 1 1
34 33 1 1
34 26 1 1
35 25 1 1
35 24 1 1
35 28 1 1
35 31 1 1
36 21 1 1
36 30 1 1
36 26 1 1
36 25 1 1
37 28 1 1
37 33 1 1
37 25 1 1
37 21 1 1
38 26 1 1
38 30 1 1
38 29 1 1
38 23 1 1
39 26 1 1
39 23 1 1
39 21 1 1
39 29 1 1
20 34 1 1
20 35 1 1
20 36 1 1
20 37 1 1
21 35 1 1
21 29 1 1
21 30 1 1
21 34 1 1
22 30 1 1
22 34 1 1
22 26 1 1
22 38 1 1
23 37 1 1
23 34 1 1
23 36 1 1
23 28 1 1
44 40 2 2
44 42 2 2
44 43 2 2
44 41 2 2
45 41 2 2
45 40 2 2
45 42 2 2
45 43 2 2
46 41 2 2
46 42 2 2
46 45 2 2
46 40 2 2
47 43 2 2
47 44 2 2
47 46 2 2
47 45 2 2
48 47 2 2
48 43 2 2
48 44 2 2
48 46 2 2
49 44 2 2
49 48 2 2
49 43 2 2
49 45 2 2
50 46 2 2
50 49 2 2
50 45 2 2
50 42 2 2
51 50 2 2
51 44 2 2
51 41 2 2
51 42 2 2
52 45 2 2
52 50 2 2
52 40 2 2
52 44 2 2
53 46 2 2
53 50 2 2
53 42 2 2
53 51 2 2
54 40 2 2
54 46 2 2
54 49 2 2
54 45 2 2
55 42 2 2
55 53 2 2
55 51 2 2
55 49 2 2
56 53 2 2
56 50 2 2
56 42 2 2
56 54 2 2
57 53 2 2
57 42 2 2
57 51 2 2
57 56 2 2
58 44 2 2
58 47 2 2
58 55 2 2
58 52 2 2
59 57 2 2
59 53 2 2
59 56 2 2
59 50 2 2
40 57 2 2
40 51 2 2
40 55 2 2
40 56 2 2
41 52 2 2
41 49 2 2
41 59 2 2
41 56 2 2
42 48 2 2
42 54 2 2
42 52 2 2
42 59 2 2
43 55 2 2
43 58 2 2
43 59 2 2
43 52 2 2
64 61 3 3
64 62 3 3
64 63 3 3
64 60 3 3
65 60 3 3
65 63 3 3
65 64 3 3
65 62 3 3
66 62 3 3
66 64 3 3
66 65 3 3
66 63 3 3
67 65 3 3
67 63 3 3
67 66 3 3
67 61 3 3
68 60 3 3
68 63 3 3
68 66 3 3
68 65 3 3
69 65 3 3
69 62 3 3
69 66 3 3
69 63 3 3
70 63 3 3
70 64 3 3
70 60 3 3
70 65 3 3
71 65 3 3
71 63 3 3
71 60 3 3
71 69 3 3
72 61 3 3
72 60 3 3
72 69 3 3
72 71 3 3
73 63 3 3
73 72 3 3
73 60 3 3
73 71 3 3
74 71 3 3
74 73 3 3
74 65 3 3
74 63 3 3
75 64 3 3
75 66 3 3
75 65 3 3
75 62 3 3
76 60 3 3
76 74 3 3
76 69 3 3
76 73 3 3
77 69 3 3
77 67 3 3
77 73 3 3
77 63 3 3
78 64 3 3
78 69 3 3
78 75 3 3
78 76 3 3
79 64 3 3
79 62 3 3
79 72 3 3
79 66 3 3
60 75 3 3
60 77 3 3
60 79 3 3
60 69 3 3
61 66 3 3
61 65 3 3
61 71 3 3
61 79 3 3
62 78 3 3
62 71 3 3
62 67 3 3
62 77 3 3
63 76 3 3
63 79 3 3
63 72 3 3
63 75 3 3
84 82 4 4
84 81 4 4
84 80 4 4
84 83 4 4
85 84 4 4
85 82 4 4
85 81 4 4
85 83 4 4
86 81 4 4
86 82 4 4
86 84 4 4
86 85 4 4
87 83 4 4
87 82 4 4
87 85 4 4
87 80 4 4
88 84 4 4
88 83 4 4
88 80 4 4
88 82 4 4
89 88 4 4
89 81 4 4
89 83 4 4
89 87 4 4
90 89 4 4
90 83 4 4
90 87 4 4
90 80 4 4
91 90 4 4
91 84 4 4
91 86 4 4
91 80 4 4
92 91 4 4
92 88 4 4
92 84 4 4
92 81 4 4
93 91 4 4
93 89 4 4
93 92 4 4
93 80 4 4
94 90 4 4
94 83 4 4
94 80 4 4
94 88 4 4
95 85 4 4
95 84 4 4
95 82 4 4
95 87 4 4
96 89 4 4
96 85 4 4
96 83 4 4
96 95 4 4
97 93 4 4
97 87 4 4
97 80 4 4
97 83 4 4
98 96 4 4
98 94 4 4
98 86 4 4
98 87 4 4
99 80 4 4
99 95 4 4
99 92 4 4
99 83 4 4
80 96 4 4
80 95 4 4
80 89 4 4
80 86 4 4
81 91 4 4
81 97 4 4
81 95 4 4
81 99 4 4
82 96 4 4
82 91 4 4
82 92 4 4
82 94 4 4
83 98 4 4
83 91 4 4
83 92 4 4
83 86 4 4
104 103 5 5
104 102 5 5
104 100 5 5
104 101 5 5
105 103 5 5
105 102 5 5
105 101 5 5
105 100 5 5
106 103 5 5
106 104 5 5
106 105 5 5
106 101 5 5
107 101 5 5
107 103 5 5
107 102 5 5
107 105 5 5
108 100 5 5
108 102 5 5
108 105 5 5
108 103 5 5
109 101 5 5
109 108 5 5
109 103 5 5
109 105 5 5
110 106 5 5
110 100 5 5
110 107 5 5
110 103 5 5
111 106 5 5
111 107 5 5
111 101 5 5
111 103 5 5
112 111 5 5
112 104 5 5
112 101 5 5
112 102 5 5
113 108 5 5
113 110 5 5
113 100 5 5
113 102 5 5
114 109 5 5
114 106 5 5
114 103 5 5
114 108 5 5
115 110 5 5
115 113 5 5
115 100 5 5
115 105 5 5
116 114 5 5
116 101 5 5
116 115 5 5
116 112 5 5
117 102 5 5
117 101 5 5
117 114 5 5
117 115 5 5
118 109 5 5
118 106 5 5
118 101 5 5
118 102 5 5
119 115 5 5
119 114 5 5
119 110 5 5
119 113 5 5
100 119 5 5
100 114 5 5
100 107 5 5
100 111 5 5
101 114 5 5
101 110 5 5
101 108 5 5
101 115 5 5
102 109 5 5
102 111 5 5
102 115 5 5
102 116 5 5
103 116 5 5
103 115 5 5
103 112 5 5
103 118 5 5
124 122 6 6
124 120 6 6
124 121 6 6
124 123 6 6
125 120 6 6
125 122 6 6
125 123 6 6
125 124 6 6
126 124 6 6
126 121 6 6
126 120 6 6
126 122 6 6
127 125 6 6
127 122 6 6
127 121 6 6
127 120 6 6
128 124 6 6
128 122 6 6
128 121 6 6
128 126 6 6
129 123 6 6
129 128 6 6
129 127 6 6
129 120 6 6
130 123 6 6
130 128 6 6
130 129 6 6
130 125 6 6
131 130 6 6
131 125 6 6
131 129 6 6
131 123 6 6
132 129 6 6
132 123 6 6
132 125 6 6
132 130 6 6
133 126 6 6
133 120 6 6
133 121 6 6
133 127 6 6
134 121 6 6
134 126 6 6
134 127 6 6
134 131 6 6
135 129 6 6
135 124 6 6
135 132 6 6
135 120 6 6
136 127 6 6
136 120 6 6
136 121 6 6
136 123 6 6
137 133 6 6
137 126 6 6
137 124 6 6
137 136 6 6
138 135 6 6
138 130 6 6
138 132 6 6
138 125 6 6
139 137 6 6
139 127 6 6
139 135 6 6
139 124 6 6
120 131 6 6
120 139 6 6
120 128 6 6
120 132 6 6
121 138 6 6
121 137 6 6
121 130 6 6
121 139 6 6
122 136 6 6
122 139 6 6
122 133 6 6
122 138 6 6
123 135 6 6
123 139 6 6
123 138 6 6
123 133 6 6
144 141 7 7
144 142 7 7
144 140 7 7
144 143 7 7
145 142 7 7
145 143 7 7
145 141 7 7
145 140 7 7
146 143 7 7
146 140 7 7
146 141 7 7
146 144 7 7
147 140 7 7
147 146 7 7
147 143 7 7
147 144 7 7
148 147 7 7
148 145 7 7
148 144 7 7
148 141 7 7
149 147 7 7
149 146 7 7
149 140 7 7
149 144 7 7
150 149 7 7
150 143 7 7
150 140 7 7
150 141 7 7
151 147 7 7
151 142 7 7
151 148 7 7
151 150 7 7
152 150 7 7
152 147 7 7
152 144 7 7
152 143 7 7
153 140 7 7
153 148 7 7
153 147 7 7
153 141 7 7
154 150 7 7
154 141 7 7
154 144 7 7
154 140 7 7
155 151 7 7
155 150 7 7
155 149 7 7
155 142 7 7
156 152 7 7
156 144 7 7
156 147 7 7
156 140 7 7
157 143 7 7
157 155 7 7
157 140 7 7
157 144 7 7
158 154 7 7
158 147 7 7
158 152 7 7
158 145 7 7
159 151 7 7
159 149 7 7
159 147 7 7
159 140 7 7
140 158 7 7
140 155 7 7
140 152 7 7
140 148 7 7
141 155 7 7
141 149 7 7
141 157 7 7
141 158 7 7
142 148 7 7
142 156 7 7
142 158 7 7
142 150 7 7
143 151 7 7
143 153 7 7
143 156 7 7
143 158 7 7
164 163 8 8
164 162 8 8
164 161 8 8
164 160 8 8
165 163 8 8
165 164 8 8
165 162 8 8
165 160 8 8
166 161 8 8
166 162 8 8
166 163 8 8
166 160 8 8
167 163 8 8
167 161 8 8
167 165 8 8
167 160 8 8
168 164 8 8
168 161 8 8
168 162 8 8
168 166 8 8
169 161 8 8
169 168 8 8
169 165 8 8
169 162 8 8
170 169 8 8
170 163 8 8
170 168 8 8
170 161 8 8
171 161 8 8
171 167 8 8
171 164 8 8
171 166 8 8
172 166 8 8
172 163 8 8
172 164 8 8
172 165 8 8
173 166 8 8
173 171 8 8
173 163 8 8
173 167 8 8
174 160 8 8
174 172 8 8
174 169 8 8
174 167 8 8
175 165 8 8
175 163 8 8
175 167 8 8
175 172 8 8
176 161 8 8
176 164 8 8
176 174 8 8
176 170 8 8
177 172 8 8
177 171 8 8
177 160 8 8
177 164 8 8
178 160 8 8
178 173 8 8
178 167 8 8
178 164 8 8
179 163 8 8
179 165 8 8
179 176 8 8
179 166 8 8
160 179 8 8
160 176 8 8
160 173 8 8
160 175 8 8
161 174 8 8
161 175 8 8
161 177 8 8
161 173 8 8
162 179 8 8
162 176 8 8
162 177 8 8
162 167 8 8
163 176 8 8
163 168 8 8
163 169 8 8
163 174 8 8
184 180 9 9
184 181 9 9
184 182 9 9
184 183 9 9
185 181 9 9
185 184 9 9
185 182 9 9
185 180 9 9
186 185 9 9
186 184 9 9
186 180 9 9
186 183 9 9
187 180 9 9
187 183 9 9
187 185 9 9
187 186 9 9
188 187 9 9
188 186 9 9
188 185 9 9
188 180 9 9
189 180 9 9
189 187 9 9
189 182 9 9
189 185 9 9
190 187 9 9
190 183 9 9
190 184 9 9
190 189 9 9
191 186 9 9
191 183 9 9
191 182 9 9
191 188 9 9
192 187 9 9
192 189 9 9
192 183 9 9
192 186 9 9
193 183 9 9
193 187 9 9
193 182 9 9
193 185 9 9
194 188 9 9
194 182 9 9
194 193 9 9
194 185 9 9
195 189 9 9
195 191 9 9
195 186 9 9
195 190 9 9
196 181 9 9
196 192 9 9
196 191 9 9
196 188 9 9
197 189 9 9
197 183 9 9
197 187 9 9
197 180 9 9
198 192 9 9
198 186 9 9
198 182 9 9
198 188 9 9
199 196 9 9
199 195 9 9
199 193 9 9
199 185 9 9
180 191 9 9
180 195 9 9
180 196 9 9
180 192 9 9
181 199 9 9
181 190 9 9
181 188 9 9
181 191 9 9
182 199 9 9
182 187 9 9
182 186 9 9
182 197 9 9
183 189 9 9
183 198 9 9
183 185 9 9
183 195 9 9
204 201 10 10
204 202 10 10
204 200 10 10
204 203 10 10
205 203 10 10
205 204 10 10
205 201 10 10
205 200 10 10
206 202 10 10
206 203 10 10
206 200 10 10
206 204 10 10
207 206 10 10
207 204 10 10
207 202 10 10
207 200 10 10
208 204 10 10
208 201 10 10
208 207 10 10
208 202 10 10
209 205 10 10
209 203 10 10
209 206 10 10
209 201 10 10
210 202 10 10
210 200 10 10
210 206 10 10
210 207 10 10
211 205 10 10
211 203 10 10
211 204 10 10
211 201 10 10
212 202 10 10
212 200 10 10
212 207 10 10
212 201 10 10
213 210 10 10
213 211 10 10
213 206 10 10
213 205 10 10
214 213 10 10
214 209 10 10
214 203 10 10
214 208 10 10
215 202 10 10
215 210 10 10
215 211 10 10
215 209 10 10
216 208 10 10
216 204 10 10
216 205 10 10
216 200 10 10
217 204 10 10
217 210 10 10
217 207 10 10
217 201 10 10
218 206 10 10
218 200 10 10
218 203 10 10
218 205 10 10
219 207 10 10
219 212 10 10
219 200 10 10
219 206 10 10
200 208 10 10
200 214 10 10
200 213 10 10
200 215 10 10
201 216 10 10
201 219 10 10
201 215 10 10
201 207 10 10
202 213 10 10
202 205 10 10
202 217 10 10
202 211 10 10
203 215 10 10
203 210 10 10
203 208 10 10
203 207 10 10
224 222 11 11
224 223 11 11
224 220 11 11
224 221 11 11
225 222 11 11
225 221 11 11
225 224 11 11
225 223 11 11
226 221 11 11
226 225 11 11
226 223 11 11
226 222 11 11
227 224 11 11
227 222 11 11
227 223 11 11
227 220 11 11
228 226 11 11
228 220 11 11
228 227 11 11
228 222 11 11
229 226 11 11
229 220 11 11
229 222 11 11
229 227 11 11
230 220 11 11
230 228 11 11
230 227 11 11
230 221 11 11
231 225 11 11
231 224 11 11
231 227 11 11
231 222 11 11
232 228 11 11
232 229 11 11
232 231 11 11
232 224 11 11
233 230 11 11
233 223 11 11
233 228 11 11
233 227 11 11
234 228 11 11
234 230 11 11
234 227 11 11
234 232 11 11
235 223 11 11
235 228 11 11
235 233 11 11
235 231 11 11
236 222 11 11
236 228 11 11
236 232 11 11
236 223 11 11
237 223 11 11
237 232 11 11
237 228 11 11
237 225 11 11
238 223 11 11
238 227 11 11
238 228 11 11
238 237 11 11
239 220 11 11
239 238 11 11
239 233 11 11
239 230 11 11
220 226 11 11
220 234 11 11
220 236 11 11
220 232 11 11
221 234 11 11
221 227 11 11
221 235 11 11
221 237 11 11
222 238 11 11
222 237 11 11
222 234 11 11
222 230 11 11
223 232 11 11
223 228 11 11
223 231 11 11
223 239 11 11
244 242 12 12
244 241 12 12
244 240 12 12
244 243 12 12
245 242 12 12
245 244 12 12
245 241 12 12
245 243 12 12
246 240 12 12
246 243 12 12
246 241 12 12
246 245 12 12
247 241 12 12
247 243 12 12
247 246 12 12
247 244 12 12
248 245 12 12
248 242 12 12
248 244 12 12
248 247 12 12
249 245 12 12
249 244 12 12
249 246 12 12
249 247 12 12
250 249 12 12
250 246 12 12
250 241 12 12
250 247 12 12
251 243 12 12
251 241 12 12
251 247 12 12
251 245 12 12
252 244 12 12
252 242 12 12
252 248 12 12
252 246 12 12
253 240 12 12
253 248 12 12
253 241 12 12
253 247 12 12
254 247 12 12
254 250 12 12
254 244 12 12
254 251 12 12
255 249 12 12
255 252 12 12
255 248 12 12
255 244 12 12
256 252 12 12
256 245 12 12
256 248 12 12
256 255 12 12
257 253 12 12
257 245 12 12
257 251 12 12
257 247 12 12
258 245 12 12
258 241 12 12
258 251 12 12
258 247 12 12
259 250 12 12
259 249 12 12
259 253 12 12
259 246 12 12
240 249 12 12
240 251 12 12
240 245 12 12
240 248 12 12
241 259 12 12
241 257 12 12
241 254 12 12
241 256 12 12
242 254 12 12
242 253 12 12
242 257 12 12
242 256 12 12
243 254 12 12
243 249 12 12
243 253 12 12
243 250 12 12
264 261 13 13
264 263 13 13
264 262 13 13
264 260 13 13
265 260 13 13
265 264 13 13
265 263 13 13
265 261 13 13
266 262 13 13
266 264 13 13
266 260 13 13
266 261 13 13
267 260 13 13
267 265 13 13
267 266 13 13
267 264 13 13
268 261 13 13
268 260 13 13
268 267 13 13
268 265 13 13
269 262 13 13
269 261 13 13
269 263 13 13
269 266 13 13
270 264 13 13
270 262 13 13
270 268 13 13
270 269 13 13
271 261 13 13
271 262 13 13
271 263 13 13
271 264 13 13
272 264 13 13
272 260 13 13
272 268 13 13
272 271 13 13
273 272 13 13
273 265 13 13
273 270 13 13
273 266 13 13
274 263 13 13
274 268 13 13
274 273 13 13
274 260 13 13
275 269 13 13
275 271 13 13
275 270 13 13
275 266 13 13
276 265 13 13
276 271 13 13
276 269 13 13
276 272 13 13
277 272 13 13
277 273 13 13
277 274 13 13
277 270 13 13
278 263 13 13
278 260 13 13
278 267 13 13
278 270 13 13
279 263 13 13
279 278 13 13
279 266 13 13
279 276 13 13
260 277 13 13
260 270 13 13
260 273 13 13
260 276 13 13
261 270 13 13
261 278 13 13
261 272 13 13
261 276 13 13
262 272 13 13
262 276 13 13
262 273 13 13
262 275 13 13
263 268 13 13
263 276 13 13
263 266 13 13
263 270 13 13
284 283 14 14
284 280 14 14
284 282 14 14
284 281 14 14
285 283 14 14
285 280 14 14
285 284 14 14
285 282 14 14
286 284 14 14
286 283 14 14
286 285 14 14
286 281 14 14
287 282 14 14
287 284 14 14
287 281 14 14
287 283 14 14
288 280 14 14
288 286 14 14
288 285 14 14
288 284 14 14
289 284 14 14
289 285 14 14
289 281 14 14
289 288 14 14
290 284 14 14
290 286 14 14
290 289 14 14
290 283 14 14
291 286 14 14
291 287 14 14
291 284 14 14
291 288 14 14
292 283 14 14
292 281 14 14
292 289 14 14
292 280 14 14
293 288 14 14
293 286 14 14
293 290 14 14
293 285 14 14
294 281 14 14
294 283 14 14
294 282 14 14
294 290 14 14
295 293 14 14
295 289 14 14
295 292 14 14
295 290 14 14
296 285 14 14
296 295 14 14
296 290 14 14
296 288 14 14
297 285 14 14
297 288 14 14
297 293 14 14
297 292 14 14
298 292 14 14
298 286 14 14
298 285 14 14
298 287 14 14
299 281 14 14
299 287 14 14
299 291 14 14
299 290 14 14
280 287 14 14
280 291 14 14
280 297 14 14
280 290 14 14
281 295 14 14
281 290 14 14
281 293 14 14
281 285 14 14
282 297 14 14
282 286 14 14
282 295 14 14
282 291 14 14
283 291 14 14
283 296 14 14
283 289 14 14
283 295 14 14
304 300 15 15
304 303 15 15
304 302 15 15
304 301 15 15
305 303 15 15
305 304 15 15
305 300 15 15
305 302 15 15
306 304 15 15
306 303 15 15
306 305 15 15
306 300 15 15
307 306 15 15
307 304 15 15
307 301 15 15
307 303 15 15
308 307 15 15
308 306 15 15
308 302 15 15
308 305 15 15
309 308 15 15
309 302 15 15
309 307 15 15
309 301 15 15
310 301 15 15
310 305 15 15
310 302 15 15
310 303 15 15
311 303 15 15
311 304 15 15
311 308 15 15
311 302 15 15
312 301 15 15
312 310 15 15
312 309 15 15
312 308 15 15
313 302 15 15
313 310 15 15
313 311 15 15
313 305 15 15
314 302 15 15
314 309 15 15
314 310 15 15
314 300 15 15
315 300 15 15
315 304 15 15
315 310 15 15
315 306 15 15
316 305 15 15
316 304 15 15
316 315 15 15
316 306 15 15
317 303 15 15
317 300 15 15
317 313 15 15
317 302 15 15
318 311 15 15
318 313 15 15
318 303 15 15
318 310 15 15
319 303 15 15
319 316 15 15
319 305 15 15
319 315 15 15
300 316 15 15
300 319 15 15
300 310 15 15
300 311 15 15
301 315 15 15
301 311 15 15
301 318 15 15
301 313 15 15
302 316 15 15
302 312 15 15
302 319 15 15
302 315 15 15
303 314 15 15
303 308 15 15
303 309 15 15
303 313 15 15
94 36 4 1
82 11 4 0
80 62 4 3
81 53 4 2
108 8 5 0
107 23 5 1
118 46 5 2
112 89 5 4
127 106 6 5
136 62 6 3
134 28 6 1
120 56 6 2
140 135 7 6
141 103 7 5
148 77 7 3
156 53 7 2
166 33 8 1
163 127 8 6
162 95 8 4
178 1 8 0
194 68 9 3
181 139 9 6
197 147 9 7
191 52 9 2
206 73 10 3
217 148 10 7
215 188 10 9
200 38 10 1
221 71 11 3
222 48 11 2
229 189 11 9
234 6 11 0
254 59 12 2
253 78 12 3
240 221 12 11
252 126 12 6
264 18 13 0
278 222 13 11
265 189 13 9
277 76 13 3
298 268 14 13
289 41 14 2
287 190 14 9
283 241 14 12
319 182 15 9
304 261 15 13
303 208 15 10
316 45 15 2
11 243 0 12
17 143 0 7
4 301 0 15
5 297 0 14
28 311 1 15
37 158 1 7
38 242 1 12
29 229 1 11
43 179 2 8
41 270 2 13
48 203 2 10
65 311 3 15
74 280 3 14
78 179 3 8
63 106 3 5
