swNum = 320
edgeNum = 1344

0 0
1 0
2 0
3 0
4 0
5 0
6 0
7 0
8 0
9 0
10 0
11 0
12 0
13 0
14 0
15 0
16 0
17 0
18 0
19 0
20 1
21 1
22 1
23 1
24 1
25 1
26 1
27 1
28 1
29 1
30 1
31 1
32 1
33 1
34 1
35 1
36 1
37 1
38 1
39 1
40 2
41 2
42 2
43 2
44 2
45 2
46 2
47 2
48 2
49 2
50 2
51 2
52 2
53 2
54 2
55 2
56 2
57 2
58 2
59 2
60 3
61 3
62 3
63 3
64 3
65 3
66 3
67 3
68 3
69 3
70 3
71 3
72 3
73 3
74 3
75 3
76 3
77 3
78 3
79 3
80 4
81 4
82 4
83 4
84 4
85 4
86 4
87 4
88 4
89 4
90 4
91 4
92 4
93 4
94 4
95 4
96 4
97 4
98 4
99 4
100 5
101 5
102 5
103 5
104 5
105 5
106 5
107 5
108 5
109 5
110 5
111 5
112 5
113 5
114 5
115 5
116 5
117 5
118 5
119 5
120 6
121 6
122 6
123 6
124 6
125 6
126 6
127 6
128 6
129 6
130 6
131 6
132 6
133 6
134 6
135 6
136 6
137 6
138 6
139 6
140 7
141 7
142 7
143 7
144 7
145 7
146 7
147 7
148 7
149 7
150 7
151 7
152 7
153 7
154 7
155 7
156 7
157 7
158 7
159 7
160 8
161 8
162 8
163 8
164 8
165 8
166 8
167 8
168 8
169 8
170 8
171 8
172 8
173 8
174 8
175 8
176 8
177 8
178 8
179 8
180 9
181 9
182 9
183 9
184 9
185 9
186 9
187 9
188 9
189 9
190 9
191 9
192 9
193 9
194 9
195 9
196 9
197 9
198 9
199 9
200 10
201 10
202 10
203 10
204 10
205 10
206 10
207 10
208 10
209 10
210 10
211 10
212 10
213 10
214 10
215 10
216 10
217 10
218 10
219 10
220 11
221 11
222 11
223 11
224 11
225 11
226 11
227 11
228 11
229 11
230 11
231 11
232 11
233 11
234 11
235 11
236 11
237 11
238 11
239 11
240 12
241 12
242 12
243 12
244 12
245 12
246 12
247 12
248 12
249 12
250 12
251 12
252 12
253 12
254 12
255 12
256 12
257 12
258 12
259 12
260 13
261 13
262 13
263 13
264 13
265 13
266 13
267 13
268 13
269 13
270 13
271 13
272 13
273 13
274 13
275 13
276 13
277 13
278 13
279 13
280 14
281 14
282 14
283 14
284 14
285 14
286 14
287 14
288 14
289 14
290 14
291 14
292 14
293 14
294 14
295 14
296 14
297 14
298 14
299 14
300 15
301 15
302 15
303 15
304 15
305 15
306 15
307 15
308 15
309 15
310 15
311 15
312 15
313 15
314 15
315 15
316 15
317 15
318 15
319 15

4 2 0 0
4 1 0 0
4 0 0 0
4 3 0 0
5 0 0 0
5 3 0 0
5 2 0 0
5 4 0 0
6 4 0 0
6 1 0 0
6 5 0 0
6 0 0 0
7 1 0 0
7 0 0 0
7 2 0 0
7 3 0 0
8 2 0 0
8 1 0 0
8 5 0 0
8 3 0 0
9 4 0 0
9 7 0 0
9 2 0 0
9 6 0 0
10 6 0 0
10 2 0 0
10 1 0 0
10 4 0 0
11 6 0 0
11 7 0 0
11 5 0 0
11 0 0 0
12 2 0 0
12 8 0 0
12 11 0 0
12 0 0 0
13 0 0 0
13 5 0 0
13 11 0 0
13 4 0 0
14 4 0 0
14 6 0 0
14 11 0 0
14 7 0 0
15 11 0 0
15 9 0 0
15 2 0 0
15 14 0 0
16 3 0 0
16 15 0 0
16 4 0 0
16 8 0 0
17 13 0 0
17 8 0 0
17 16 0 0
17 10 0 0
18 7 0 0
18 4 0 0
18 12 0 0
18 8 0 0
19 4 0 0
19 10 0 0
19 14 0 0
19 6 0 0
0 14 0 0
0 10 0 0
0 18 0 0
0 17 0 0
1 16 0 0
1 17 0 0
1 9 0 0
1 19 0 0
2 13 0 0
2 16 0 0
2 6 0 0
2 14 0 0
3 18 0 0
3 13 0 0
3 11 0 0
3 12 0 0
24 20 1 1
24 23 1 1
24 22 1 1
24 21 1 1
25 24 1 1
25 22 1 1
25 20 1 1
25 23 1 1
26 24 1 1
26 25 1 1
26 23 1 1
26 22 1 1
27 22 1 1
27 24 1 1
27 23 1 1
27 26 1 1
28 24 1 1
28 26 1 1
28 20 1 1
28 25 1 1
29 26 1 1
29 27 1 1
29 20 1 1
29 28 1 1
30 22 1 1
30 27 1 1
30 21 1 1
30 26 1 1
31 22 1 1
31 25 1 1
31 29 1 1
31 26 1 1
32 26 1 1
32 25 1 1
32 24 1 1
32 23 1 1
33 23 1 1
33 29 1 1
33 20 1 1
33 24 1 1
34 29 1 1
34 23 1 1
34 33 1 1
34 27 1 1
35 34 1 1
35 29 1 1
35 32 1 1
35 20 1 1
36 32 1 1
36 23 1 1
36 31 1 1
36 35 1 1
37 32 1 1
37 36 1 1
37 27 1 1
37 23 1 1
38 37 1 1
38 30 1 1
38 36 1 1
38 33 1 1
39 30 1 1
39 21 1 1
39 31 1 1
39 26 1 1
20 26 1 1
20 31 1 1
20 38 1 1
20 34 1 1
21 38 1 1
21 29 1 1
21 36 1 1
21 31 1 1
22 33 1 1
22 29 1 1
22 38 1 1
22 39 1 1
23 29 1 1
23 38 1 1
23 28 1 1
23 30 1 1
44 42 2 2
44 40 2 2
44 43 2 2
44 41 2 2
45 40 2 2
45 44 2 2
45 43 2 2
45 42 2 2
46 43 2 2
46 40 2 2
46 45 2 2
46 44 2 2
47 42 2 2
47 44 2 2
47 46 2 2
47 40 2 2
48 40 2 2
48 42 2 2
48 43 2 2
48 46 2 2
49 44 2 2
49 42 2 2
49 45 2 2
49 47 2 2
50 46 2 2
50 44 2 2
50 45 2 2
50 40 2 2
51 40 2 2
51 44 2 2
51 46 2 2
51 47 2 2
52 50 2 2
52 48 2 2
52 46 2 2
52 40 2 2
53 50 2 2
53 47 2 2
53 40 2 2
53 42 2 2
54 47 2 2
54 51 2 2
54 49 2 2
54 40 2 2
55 47 2 2
55 48 2 2
55 51 2 2
55 40 2 2
56 51 2 2
56 48 2 2
56 44 2 2
56 46 2 2
57 55 2 2
57 48 2 2
57 47 2 2
57 41 2 2
58 55 2 2
58 46 2 2
58 47 2 2
58 52 2 2
59 44 2 2
59 56 2 2
59 42 2 2
59 50 2 2
40 58 2 2
40 49 2 2
40 57 2 2
40 59 2 2
41 58 2 2
41 47 2 2
41 55 2 2
41 49 2 2
42 56 2 2
42 46 2 2
42 50 2 2
42 57 2 2
43 52 2 2
43 56 2 2
43 50 2 2
43 51 2 2
64 62 3 3
64 60 3 3
64 61 3 3
64 63 3 3
65 64 3 3
65 63 3 3
65 62 3 3
65 61 3 3
66 61 3 3
66 64 3 3
66 60 3 3
66 63 3 3
67 64 3 3
67 65 3 3
67 63 3 3
67 61 3 3
68 62 3 3
68 67 3 3
68 63 3 3
68 65 3 3
69 64 3 3
69 63 3 3
69 66 3 3
69 67 3 3
70 63 3 3
70 69 3 3
70 66 3 3
70 61 3 3
71 70 3 3
71 64 3 3
71 66 3 3
71 63 3 3
72 71 3 3
72 70 3 3
72 63 3 3
72 62 3 3
73 61 3 3
73 66 3 3
73 72 3 3
73 60 3 3
74 63 3 3
74 62 3 3
74 61 3 3
74 69 3 3
75 73 3 3
75 68 3 3
75 61 3 3
75 62 3 3
76 60 3 3
76 69 3 3
76 72 3 3
76 64 3 3
77 70 3 3
77 69 3 3
77 61 3 3
77 68 3 3
78 64 3 3
78 62 3 3
78 69 3 3
78 77 3 3
79 70 3 3
79 73 3 3
79 66 3 3
79 63 3 3
60 77 3 3
60 79 3 3
60 69 3 3
60 67 3 3
61 71 3 3
61 78 3 3
61 69 3 3
61 79 3 3
62 66 3 3
62 79 3 3
62 67 3 3
62 73 3 3
63 78 3 3
63 76 3 3
63 73 3 3
63 77 3 3
84 83 4 4
84 80 4 4
84 81 4 4
84 82 4 4
85 82 4 4
85 83 4 4
85 81 4 4
85 80 4 4
86 85 4 4
86 80 4 4
86 82 4 4
86 81 4 4
87 85 4 4
87 84 4 4
87 82 4 4
87 80 4 4
88 81 4 4
88 84 4 4
88 80 4 4
88 83 4 4
89 84 4 4
89 87 4 4
89 88 4 4
89 81 4 4
90 88 4 4
90 82 4 4
90 83 4 4
90 89 4 4
91 84 4 4
91 90 4 4
91 81 4 4
91 80 4 4
92 83 4 4
92 87 4 4
92 91 4 4
92 80 4 4
93 80 4 4
93 83 4 4
93 88 4 4
93 81 4 4
94 91 4 4
94 84 4 4
94 92 4 4
94 87 4 4
95 89 4 4
95 92 4 4
95 91 4 4
95 85 4 4
96 84 4 4
96 93 4 4
96 80 4 4
96 92 4 4
97 88 4 4
97 81 4 4
97 86 4 4
97 93 4 4
98 93 4 4
98 80 4 4
98 97 4 4
98 88 4 4
99 96 4 4
99 88 4 4
99 93 4 4
99 85 4 4
80 97 4 4
80 99 4 4
80 94 4 4
80 89 4 4
81 95 4 4
81 90 4 4
81 94 4 4
81 96 4 4
82 94 4 4
82 97 4 4
82 92 4 4
82 89 4 4
83 99 4 4
83 98 4 4
83 96 4 4
83 86 4 4
104 102 5 5
104 100 5 5
104 101 5 5
104 103 5 5
105 104 5 5
105 102 5 5
105 101 5 5
105 103 5 5
106 100 5 5
106 101 5 5
106 102 5 5
106 104 5 5
107 105 5 5
107 104 5 5
107 102 5 5
107 101 5 5
108 104 5 5
108 106 5 5
108 102 5 5
108 107 5 5
109 100 5 5
109 108 5 5
109 104 5 5
109 105 5 5
110 104 5 5
110 100 5 5
110 107 5 5
110 102 5 5
111 103 5 5
111 110 5 5
111 107 5 5
111 101 5 5
112 111 5 5
112 100 5 5
112 105 5 5
112 103 5 5
113 105 5 5
113 111 5 5
113 107 5 5
113 103 5 5
114 100 5 5
114 112 5 5
114 104 5 5
114 105 5 5
115 114 5 5
115 110 5 5
115 109 5 5
115 107 5 5
116 102 5 5
116 108 5 5
116 109 5 5
116 110 5 5
117 106 5 5
117 105 5 5
117 100 5 5
117 115 5 5
118 107 5 5
118 117 5 5
118 104 5 5
118 115 5 5
119 113 5 5
119 117 5 5
119 105 5 5
119 118 5 5
100 105 5 5
100 113 5 5
100 116 5 5
100 118 5 5
101 115 5 5
101 110 5 5
101 112 5 5
101 113 5 5
102 118 5 5
102 117 5 5
102 115 5 5
102 113 5 5
103 106 5 5
103 114 5 5
103 109 5 5
103 107 5 5
124 121 6 6
124 122 6 6
124 123 6 6
124 120 6 6
125 123 6 6
125 122 6 6
125 124 6 6
125 121 6 6
126 122 6 6
126 121 6 6
126 120 6 6
126 123 6 6
127 126 6 6
127 122 6 6
127 120 6 6
127 121 6 6
128 122 6 6
128 121 6 6
128 124 6 6
128 120 6 6
129 126 6 6
129 122 6 6
129 127 6 6
129 121 6 6
130 121 6 6
130 124 6 6
130 125 6 6
130 122 6 6
131 125 6 6
131 130 6 6
131 126 6 6
131 124 6 6
132 124 6 6
132 121 6 6
132 122 6 6
132 129 6 6
133 132 6 6
133 124 6 6
133 122 6 6
133 130 6 6
134 126 6 6
134 133 6 6
134 122 6 6
134 131 6 6
135 120 6 6
135 129 6 6
135 124 6 6
135 126 6 6
136 134 6 6
136 130 6 6
136 120 6 6
136 133 6 6
137 120 6 6
137 129 6 6
137 126 6 6
137 122 6 6
138 127 6 6
138 126 6 6
138 124 6 6
138 121 6 6
139 129 6 6
139 120 6 6
139 123 6 6
139 126 6 6
120 125 6 6
120 129 6 6
120 138 6 6
120 134 6 6
121 134 6 6
121 139 6 6
121 131 6 6
121 136 6 6
122 138 6 6
122 135 6 6
122 139 6 6
122 136 6 6
123 137 6 6
123 136 6 6
123 127 6 6
123 133 6 6
144 143 7 7
144 142 7 7
144 140 7 7
144 141 7 7
145 141 7 7
145 142 7 7
145 144 7 7
145 140 7 7
146 145 7 7
146 141 7 7
146 144 7 7
146 142 7 7
147 141 7 7
147 145 7 7
147 144 7 7
147 142 7 7
148 142 7 7
148 147 7 7
148 145 7 7
148 143 7 7
149 142 7 7
149 147 7 7
149 143 7 7
149 144 7 7
150 141 7 7
150 148 7 7
150 143 7 7
150 142 7 7
151 147 7 7
151 141 7 7
151 145 7 7
151 142 7 7
152 147 7 7
152 142 7 7
152 140 7 7
152 146 7 7
153 143 7 7
153 140 7 7
153 149 7 7
153 148 7 7
154 145 7 7
154 147 7 7
154 141 7 7
154 149 7 7
155 146 7 7
155 152 7 7
155 148 7 7
155 142 7 7
156 146 7 7
156 152 7 7
156 153 7 7
156 154 7 7
157 154 7 7
157 153 7 7
157 140 7 7
157 152 7 7
158 147 7 7
158 141 7 7
158 144 7 7
158 142 7 7
159 143 7 7
159 142 7 7
159 141 7 7
159 149 7 7
140 159 7 7
140 151 7 7
140 148 7 7
140 156 7 7
141 157 7 7
141 155 7 7
141 156 7 7
141 152 7 7
142 157 7 7
142 154 7 7
142 153 7 7
142 156 7 7
143 158 7 7
143 154 7 7
143 146 7 7
143 157 7 7
164 161 8 8
164 160 8 8
164 163 8 8
164 162 8 8
165 164 8 8
165 161 8 8
165 162 8 8
165 163 8 8
166 163 8 8
166 164 8 8
166 161 8 8
166 160 8 8
167 160 8 8
167 165 8 8
167 166 8 8
167 163 8 8
168 164 8 8
168 166 8 8
168 163 8 8
168 161 8 8
169 162 8 8
169 163 8 8
169 161 8 8
169 168 8 8
170 169 8 8
170 168 8 8
170 162 8 8
170 160 8 8
171 161 8 8
171 167 8 8
171 160 8 8
171 168 8 8
172 170 8 8
172 169 8 8
172 162 8 8
172 168 8 8
173 163 8 8
173 167 8 8
173 171 8 8
173 160 8 8
174 160 8 8
174 169 8 8
174 168 8 8
174 170 8 8
175 171 8 8
175 168 8 8
175 160 8 8
175 169 8 8
176 173 8 8
176 163 8 8
176 160 8 8
176 171 8 8
177 166 8 8
177 161 8 8
177 175 8 8
177 163 8 8
178 174 8 8
178 165 8 8
178 160 8 8
178 177 8 8
179 175 8 8
179 160 8 8
179 168 8 8
179 171 8 8
160 168 8 8
160 165 8 8
160 169 8 8
160 172 8 8
161 178 8 8
161 175 8 8
161 176 8 8
161 172 8 8
162 176 8 8
162 178 8 8
162 175 8 8
162 168 8 8
163 178 8 8
163 172 8 8
163 175 8 8
163 179 8 8
184 181 9 9
184 182 9 9
184 180 9 9
184 183 9 9
185 183 9 9
185 180 9 9
185 181 9 9
185 184 9 9
186 182 9 9
186 184 9 9
186 181 9 9
186 185 9 9
187 185 9 9
187 183 9 9
187 182 9 9
187 181 9 9
188 185 9 9
188 182 9 9
188 186 9 9
188 187 9 9
189 186 9 9
189 183 9 9
189 185 9 9
189 187 9 9
190 188 9 9
190 182 9 9
190 181 9 9
190 186 9 9
191 187 9 9
191 188 9 9
191 186 9 9
191 190 9 9
192 191 9 9
192 188 9 9
192 185 9 9
192 189 9 9
193 189 9 9
193 185 9 9
193 187 9 9
193 190 9 9
194 182 9 9
194 180 9 9
194 185 9 9
194 186 9 9
195 185 9 9
195 187 9 9
195 193 9 9
195 188 9 9
196 183 9 9
196 190 9 9
196 189 9 9
196 185 9 9
197 183 9 9
197 195 9 9
197 180 9 9
197 194 9 9
198 192 9 9
198 188 9 9
198 193 9 9
198 186 9 9
199 198 9 9
199 186 9 9
199 185 9 9
199 182 9 9
180 193 9 9
180 189 9 9
180 198 9 9
180 196 9 9
181 192 9 9
181 191 9 9
181 188 9 9
181 194 9 9
182 193 9 9
182 198 9 9
182 195 9 9
182 185 9 9
183 193 9 9
183 195 9 9
183 191 9 9
183 190 9 9
204 202 10 10
204 203 10 10
204 200 10 10
204 201 10 10
205 203 10 10
205 201 10 10
205 200 10 10
205 204 10 10
206 200 10 10
206 202 10 10
206 201 10 10
206 204 10 10
207 205 10 10
207 204 10 10
207 206 10 10
207 202 10 10
208 206 10 10
208 207 10 10
208 202 10 10
208 201 10 10
209 207 10 10
209 206 10 10
209 200 10 10
209 204 10 10
210 205 10 10
210 207 10 10
210 204 10 10
210 209 10 10
211 208 10 10
211 207 10 10
211 202 10 10
211 209 10 10
212 202 10 10
212 208 10 10
212 211 10 10
212 200 10 10
213 202 10 10
213 203 10 10
213 207 10 10
213 200 10 10
214 211 10 10
214 208 10 10
214 205 10 10
214 213 10 10
215 206 10 10
215 212 10 10
215 210 10 10
215 204 10 10
216 205 10 10
216 207 10 10
216 213 10 10
216 210 10 10
217 205 10 10
217 206 10 10
217 208 10 10
217 216 10 10
218 206 10 10
218 215 10 10
218 216 10 10
218 205 10 10
219 212 10 10
219 214 10 10
219 208 10 10
219 206 10 10
200 216 10 10
200 214 10 10
200 218 10 10
200 215 10 10
201 218 10 10
201 213 10 10
201 216 10 10
201 215 10 10
202 215 10 10
202 219 10 10
202 205 10 10
202 210 10 10
203 216 10 10
203 215 10 10
203 212 10 10
203 218 10 10
224 221 11 11
224 220 11 11
224 222 11 11
224 223 11 11
225 220 11 11
225 224 11 11
225 222 11 11
225 223 11 11
226 225 11 11
226 223 11 11
226 222 11 11
226 221 11 11
227 220 11 11
227 225 11 11
227 221 11 11
227 222 11 11
228 225 11 11
228 221 11 11
228 222 11 11
228 223 11 11
229 222 11 11
229 228 11 11
229 226 11 11
229 225 11 11
230 222 11 11
230 224 11 11
230 226 11 11
230 225 11 11
231 230 11 11
231 225 11 11
231 226 11 11
231 220 11 11
232 224 11 11
232 226 11 11
232 225 11 11
232 222 11 11
233 221 11 11
233 230 11 11
233 229 11 11
233 227 11 11
234 231 11 11
234 221 11 11
234 225 11 11
234 227 11 11
235 231 11 11
235 233 11 11
235 227 11 11
235 234 11 11
236 233 11 11
236 229 11 11
236 235 11 11
236 224 11 11
237 222 11 11
237 225 11 11
237 233 11 11
237 229 11 11
238 236 11 11
238 226 11 11
238 233 11 11
238 224 11 11
239 238 11 11
239 233 11 11
239 223 11 11
239 237 11 11
220 238 11 11
220 226 11 11
220 234 11 11
220 230 11 11
221 230 11 11
221 225 11 11
221 235 11 11
221 237 11 11
222 238 11 11
222 231 11 11
222 233 11 11
222 234 11 11
223 232 11 11
223 231 11 11
223 230 11 11
223 234 11 11
244 241 12 12
244 243 12 12
244 242 12 12
244 240 12 12
245 240 12 12
245 242 12 12
245 244 12 12
245 241 12 12
246 243 12 12
246 242 12 12
246 240 12 12
246 241 12 12
247 241 12 12
247 245 12 12
247 242 12 12
247 246 12 12
248 244 12 12
248 243 12 12
248 241 12 12
248 242 12 12
249 242 12 12
249 241 12 12
249 245 12 12
249 247 12 12
250 249 12 12
250 245 12 12
250 241 12 12
250 242 12 12
251 246 12 12
251 248 12 12
251 245 12 12
251 240 12 12
252 249 12 12
252 241 12 12
252 250 12 12
252 247 12 12
253 248 12 12
253 241 12 12
253 247 12 12
253 242 12 12
254 241 12 12
254 247 12 12
254 248 12 12
254 243 12 12
255 244 12 12
255 243 12 12
255 248 12 12
255 245 12 12
256 253 12 12
256 255 12 12
256 242 12 12
256 254 12 12
257 241 12 12
257 250 12 12
257 252 12 12
257 249 12 12
258 254 12 12
258 248 12 12
258 249 12 12
258 256 12 12
259 257 12 12
259 252 12 12
259 258 12 12
259 250 12 12
240 255 12 12
240 247 12 12
240 248 12 12
240 256 12 12
241 258 12 12
241 259 12 12
241 255 12 12
241 256 12 12
242 259 12 12
242 258 12 12
242 257 12 12
242 255 12 12
243 245 12 12
243 247 12 12
243 258 12 12
243 253 12 12
264 262 13 13
264 260 13 13
264 263 13 13
264 261 13 13
265 261 13 13
265 264 13 13
265 263 13 13
265 260 13 13
266 263 13 13
266 261 13 13
266 265 13 13
266 264 13 13
267 264 13 13
267 265 13 13
267 262 13 13
267 260 13 13
268 266 13 13
268 261 13 13
268 265 13 13
268 263 13 13
269 266 13 13
269 267 13 13
269 261 13 13
269 265 13 13
270 262 13 13
270 264 13 13
270 265 13 13
270 267 13 13
271 262 13 13
271 260 13 13
271 267 13 13
271 261 13 13
272 265 13 13
272 271 13 13
272 262 13 13
272 260 13 13
273 269 13 13
273 265 13 13
273 267 13 13
273 263 13 13
274 271 13 13
274 260 13 13
274 267 13 13
274 265 13 13
275 260 13 13
275 263 13 13
275 266 13 13
275 261 13 13
276 266 13 13
276 260 13 13
276 273 13 13
276 271 13 13
277 262 13 13
277 265 13 13
277 270 13 13
277 263 13 13
278 267 13 13
278 260 13 13
278 271 13 13
278 275 13 13
279 271 13 13
279 274 13 13
279 267 13 13
279 263 13 13
260 270 13 13
260 273 13 13
260 266 13 13
260 277 13 13
261 276 13 13
261 278 13 13
261 272 13 13
261 279 13 13
262 274 13 13
262 265 13 13
262 276 13 13
262 269 13 13
263 267 13 13
263 278 13 13
263 274 13 13
263 269 13 13
284 283 14 14
284 280 14 14
284 281 14 14
284 282 14 14
285 282 14 14
285 283 14 14
285 280 14 14
285 281 14 14
286 284 14 14
286 281 14 14
286 283 14 14
286 280 14 14
287 280 14 14
287 283 14 14
287 281 14 14
287 282 14 14
288 286 14 14
288 287 14 14
288 280 14 14
288 282 14 14
289 283 14 14
289 281 14 14
289 280 14 14
289 288 14 14
290 284 14 14
290 288 14 14
290 287 14 14
290 286 14 14
291 284 14 14
291 282 14 14
291 286 14 14
291 289 14 14
292 282 14 14
292 285 14 14
292 288 14 14
292 280 14 14
293 291 14 14
293 290 14 14
293 286 14 14
293 292 14 14
294 281 14 14
294 280 14 14
294 288 14 14
294 292 14 14
295 286 14 14
295 291 14 14
295 293 14 14
295 294 14 14
296 287 14 14
296 294 14 14
296 280 14 14
296 281 14 14
297 282 14 14
297 285 14 14
297 290 14 14
297 291 14 14
298 290 14 14
298 297 14 14
298 292 14 14
298 283 14 14
299 285 14 14
299 292 14 14
299 288 14 14
299 282 14 14
280 290 14 14
280 291 14 14
280 299 14 14
280 298 14 14
281 298 14 14
281 293 14 14
281 291 14 14
281 299 14 14
282 289 14 14
282 298 14 14
282 286 14 14
282 290 14 14
283 290 14 14
283 297 14 14
283 293 14 14
283 296 14 14
304 302 15 15
304 301 15 15
304 303 15 15
304 300 15 15
305 301 15 15
305 302 15 15
305 300 15 15
305 303 15 15
306 305 15 15
306 300 15 15
306 303 15 15
306 301 15 15
307 304 15 15
307 300 15 15
307 306 15 15
307 305 15 15
308 304 15 15
308 306 15 15
308 307 15 15
308 303 15 15
309 306 15 15
309 307 15 15
309 304 15 15
309 305 15 15
310 303 15 15
310 305 15 15
310 301 15 15
310 307 15 15
311 301 15 15
311 308 15 15
311 310 15 15
311 305 15 15
312 304 15 15
312 308 15 15
312 305 15 15
312 310 15 15
313 310 15 15
313 312 15 15
313 308 15 15
313 302 15 15
314 309 15 15
314 301 15 15
314 303 15 15
314 308 15 15
315 306 15 15
315 302 15 15
315 309 15 15
315 314 15 15
316 301 15 15
316 311 15 15
316 306 15 15
316 303 15 15
317 301 15 15
317 304 15 15
317 311 15 15
317 303 15 15
318 317 15 15
318 308 15 15
318 314 15 15
318 304 15 15
319 317 15 15
319 311 15 15
319 307 15 15
319 313 15 15
300 319 15 15
300 318 15 15
300 309 15 15
300 308 15 15
301 307 15 15
301 318 15 15
301 319 15 15
301 308 15 15
302 314 15 15
302 308 15 15
302 319 15 15
302 312 15 15
303 319 15 15
303 313 15 15
303 307 15 15
303 312 15 15
81 26 4 1
97 64 4 3
91 46 4 2
94 14 4 0
103 16 5 0
100 99 5 4
102 70 5 3
112 32 5 1
132 11 6 0
133 77 6 3
131 82 6 4
135 100 6 5
153 104 7 5
148 131 7 6
145 76 7 3
158 57 7 2
175 139 8 6
173 98 8 4
160 62 8 3
167 18 8 0
190 95 9 4
182 15 9 0
197 134 9 6
187 174 9 8
211 126 10 6
207 89 10 4
215 21 10 1
210 147 10 7
225 80 11 4
224 24 11 1
235 163 11 8
228 65 11 3
248 154 12 7
249 106 12 5
243 93 12 4
245 225 12 11
271 258 13 12
260 66 13 3
263 7 13 0
264 149 13 7
287 94 14 4
281 77 14 3
291 144 14 7
285 180 14 9
306 95 15 4
303 58 15 2
308 224 15 11
309 171 15 8
3 211 0 10
7 291 0 14
14 304 0 15
15 233 0 11
30 263 1 13
27 284 1 14
30 258 1 12
34 310 1 15
52 226 2 11
48 283 2 14
46 242 2 12
44 217 2 10
79 181 3 9
70 214 3 10
66 248 3 12
64 316 3 15
