swNum = 320
edgeNum = 1344

0 0
1 0
2 0
3 0
4 0
5 0
6 0
7 0
8 0
9 0
10 0
11 0
12 0
13 0
14 0
15 0
16 0
17 0
18 0
19 0
20 1
21 1
22 1
23 1
24 1
25 1
26 1
27 1
28 1
29 1
30 1
31 1
32 1
33 1
34 1
35 1
36 1
37 1
38 1
39 1
40 2
41 2
42 2
43 2
44 2
45 2
46 2
47 2
48 2
49 2
50 2
51 2
52 2
53 2
54 2
55 2
56 2
57 2
58 2
59 2
60 3
61 3
62 3
63 3
64 3
65 3
66 3
67 3
68 3
69 3
70 3
71 3
72 3
73 3
74 3
75 3
76 3
77 3
78 3
79 3
80 4
81 4
82 4
83 4
84 4
85 4
86 4
87 4
88 4
89 4
90 4
91 4
92 4
93 4
94 4
95 4
96 4
97 4
98 4
99 4
100 5
101 5
102 5
103 5
104 5
105 5
106 5
107 5
108 5
109 5
110 5
111 5
112 5
113 5
114 5
115 5
116 5
117 5
118 5
119 5
120 6
121 6
122 6
123 6
124 6
125 6
126 6
127 6
128 6
129 6
130 6
131 6
132 6
133 6
134 6
135 6
136 6
137 6
138 6
139 6
140 7
141 7
142 7
143 7
144 7
145 7
146 7
147 7
148 7
149 7
150 7
151 7
152 7
153 7
154 7
155 7
156 7
157 7
158 7
159 7
160 8
161 8
162 8
163 8
164 8
165 8
166 8
167 8
168 8
169 8
170 8
171 8
172 8
173 8
174 8
175 8
176 8
177 8
178 8
179 8
180 9
181 9
182 9
183 9
184 9
185 9
186 9
187 9
188 9
189 9
190 9
191 9
192 9
193 9
194 9
195 9
196 9
197 9
198 9
199 9
200 10
201 10
202 10
203 10
204 10
205 10
206 10
207 10
208 10
209 10
210 10
211 10
212 10
213 10
214 10
215 10
216 10
217 10
218 10
219 10
220 11
221 11
222 11
223 11
224 11
225 11
226 11
227 11
228 11
229 11
230 11
231 11
232 11
233 11
234 11
235 11
236 11
237 11
238 11
239 11
240 12
241 12
242 12
243 12
244 12
245 12
246 12
247 12
248 12
249 12
250 12
251 12
252 12
253 12
254 12
255 12
256 12
257 12
258 12
259 12
260 13
261 13
262 13
263 13
264 13
265 13
266 13
267 13
268 13
269 13
270 13
271 13
272 13
273 13
274 13
275 13
276 13
277 13
278 13
279 13
280 14
281 14
282 14
283 14
284 14
285 14
286 14
287 14
288 14
289 14
290 14
291 14
292 14
293 14
294 14
295 14
296 14
297 14
298 14
299 14
300 15
301 15
302 15
303 15
304 15
305 15
306 15
307 15
308 15
309 15
310 15
311 15
312 15
313 15
314 15
315 15
316 15
317 15
318 15
319 15

4 0 0 0
4 1 0 0
4 2 0 0
4 3 0 0
5 1 0 0
5 4 0 0
5 3 0 0
5 2 0 0
6 5 0 0
6 4 0 0
6 1 0 0
6 0 0 0
7 4 0 0
7 2 0 0
7 6 0 0
7 0 0 0
8 6 0 0
8 4 0 0
8 3 0 0
8 7 0 0
9 1 0 0
9 4 0 0
9 6 0 0
9 8 0 0
10 6 0 0
10 5 0 0
10 8 0 0
10 7 0 0
11 6 0 0
11 8 0 0
11 3 0 0
11 10 0 0
12 3 0 0
12 7 0 0
12 11 0 0
12 8 0 0
13 11 0 0
13 3 0 0
13 12 0 0
13 2 0 0
14 5 0 0
14 1 0 0
14 6 0 0
14 4 0 0
15 11 0 0
15 8 0 0
15 13 0 0
15 2 0 0
16 14 0 0
16 11 0 0
16 12 0 0
16 10 0 0
17 3 0 0
17 2 0 0
17 15 0 0
17 7 0 0
18 10 0 0
18 0 0 0
18 4 0 0
18 11 0 0
19 14 0 0
19 2 0 0
19 16 0 0
19 7 0 0
0 14 0 0
0 10 0 0
0 15 0 0
0 13 0 0
1 18 0 0
1 19 0 0
1 8 0 0
1 10 0 0
2 12 0 0
2 16 0 0
2 10 0 0
2 11 0 0
3 15 0 0
3 14 0 0
3 19 0 0
3 6 0 0
24 20 1 1
24 23 1 1
24 21 1 1
24 22 1 1
25 23 1 1
25 21 1 1
25 20 1 1
25 22 1 1
26 25 1 1
26 23 1 1
26 21 1 1
26 20 1 1
27 21 1 1
27 23 1 1
27 20 1 1
27 25 1 1
28 26 1 1
28 21 1 1
28 25 1 1
28 27 1 1
29 26 1 1
29 27 1 1
29 22 1 1
29 21 1 1
30 24 1 1
30 20 1 1
30 23 1 1
30 27 1 1
31 23 1 1
31 24 1 1
31 22 1 1
31 20 1 1
32 31 1 1
32 29 1 1
32 22 1 1
32 26 1 1
33 30 1 1
33 26 1 1
33 22 1 1
33 28 1 1
34 33 1 1
34 23 1 1
34 31 1 1
34 22 1 1
35 33 1 1
35 24 1 1
35 22 1 1
35 27 1 1
36 35 1 1
36 22 1 1
36 23 1 1
36 27 1 1
37 35 1 1
37 30 1 1
37 24 1 1
37 21 1 1
38 26 1 1
38 25 1 1
38 28 1 1
38 36 1 1
39 22 1 1
39 34 1 1
39 37 1 1
39 33 1 1
20 33 1 1
20 32 1 1
20 36 1 1
20 39 1 1
21 31 1 1
21 33 1 1
21 30 1 1
21 35 1 1
22 27 1 1
22 37 1 1
22 30 1 1
22 38 1 1
23 33 1 1
23 29 1 1
23 38 1 1
23 35 1 1
44 43 2 2
44 40 2 2
44 42 2 2
44 41 2 2
45 44 2 2
45 40 2 2
45 41 2 2
45 42 2 2
46 44 2 2
46 42 2 2
46 43 2 2
46 40 2 2
47 43 2 2
47 44 2 2
47 40 2 2
47 45 2 2
48 41 2 2
48 40 2 2
48 45 2 2
48 46 2 2
49 40 2 2
49 45 2 2
49 43 2 2
49 44 2 2
50 42 2 2
50 41 2 2
50 48 2 2
50 46 2 2
51 50 2 2
51 43 2 2
51 49 2 2
51 45 2 2
52 44 2 2
52 47 2 2
52 40 2 2
52 46 2 2
53 41 2 2
53 52 2 2
53 47 2 2
53 49 2 2
54 52 2 2
54 45 2 2
54 46 2 2
54 41 2 2
55 44 2 2
55 51 2 2
55 49 2 2
55 48 2 2
56 44 2 2
56 54 2 2
56 43 2 2
56 55 2 2
57 44 2 2
57 56 2 2
57 47 2 2
57 46 2 2
58 43 2 2
58 54 2 2
58 55 2 2
58 51 2 2
59 52 2 2
59 57 2 2
59 56 2 2
59 44 2 2
40 59 2 2
40 57 2 2
40 53 2 2
40 56 2 2
41 58 2 2
41 49 2 2
41 59 2 2
41 55 2 2
42 59 2 2
42 47 2 2
42 52 2 2
42 48 2 2
43 54 2 2
43 52 2 2
43 53 2 2
43 59 2 2
64 60 3 3
64 62 3 3
64 61 3 3
64 63 3 3
65 62 3 3
65 61 3 3
65 64 3 3
65 60 3 3
66 61 3 3
66 62 3 3
66 65 3 3
66 64 3 3
67 61 3 3
67 64 3 3
67 66 3 3
67 65 3 3
68 66 3 3
68 61 3 3
68 62 3 3
68 65 3 3
69 64 3 3
69 68 3 3
69 62 3 3
69 63 3 3
70 60 3 3
70 64 3 3
70 68 3 3
70 61 3 3
71 64 3 3
71 70 3 3
71 67 3 3
71 69 3 3
72 69 3 3
72 66 3 3
72 64 3 3
72 68 3 3
73 68 3 3
73 71 3 3
73 62 3 3
73 65 3 3
74 63 3 3
74 61 3 3
74 60 3 3
74 72 3 3
75 61 3 3
75 68 3 3
75 66 3 3
75 72 3 3
76 66 3 3
76 70 3 3
76 61 3 3
76 68 3 3
77 61 3 3
77 75 3 3
77 69 3 3
77 67 3 3
78 65 3 3
78 77 3 3
78 62 3 3
78 68 3 3
79 78 3 3
79 77 3 3
79 70 3 3
79 61 3 3
60 75 3 3
60 78 3 3
60 72 3 3
60 68 3 3
61 69 3 3
61 73 3 3
61 78 3 3
61 71 3 3
62 74 3 3
62 75 3 3
62 72 3 3
62 79 3 3
63 72 3 3
63 76 3 3
63 75 3 3
63 66 3 3
84 80 4 4
84 82 4 4
84 83 4 4
84 81 4 4
85 82 4 4
85 80 4 4
85 81 4 4
85 84 4 4
86 81 4 4
86 83 4 4
86 80 4 4
86 82 4 4
87 82 4 4
87 83 4 4
87 80 4 4
87 86 4 4
88 81 4 4
88 86 4 4
88 85 4 4
88 83 4 4
89 87 4 4
89 83 4 4
89 82 4 4
89 80 4 4
90 85 4 4
90 80 4 4
90 88 4 4
90 86 4 4
91 83 4 4
91 85 4 4
91 89 4 4
91 81 4 4
92 86 4 4
92 80 4 4
92 85 4 4
92 84 4 4
93 92 4 4
93 80 4 4
93 85 4 4
93 82 4 4
94 91 4 4
94 86 4 4
94 87 4 4
94 80 4 4
95 90 4 4
95 88 4 4
95 83 4 4
95 80 4 4
96 91 4 4
96 95 4 4
96 92 4 4
96 89 4 4
97 86 4 4
97 87 4 4
97 83 4 4
97 95 4 4
98 84 4 4
98 95 4 4
98 81 4 4
98 96 4 4
99 88 4 4
99 87 4 4
99 94 4 4
99 90 4 4
80 97 4 4
80 98 4 4
80 91 4 4
80 88 4 4
81 92 4 4
81 95 4 4
81 90 4 4
81 89 4 4
82 90 4 4
82 92 4 4
82 95 4 4
82 98 4 4
83 90 4 4
83 99 4 4
83 98 4 4
83 96 4 4
104 103 5 5
104 102 5 5
104 100 5 5
104 101 5 5
105 100 5 5
105 104 5 5
105 102 5 5
105 101 5 5
106 100 5 5
106 103 5 5
106 104 5 5
106 105 5 5
107 102 5 5
107 100 5 5
107 104 5 5
107 106 5 5
108 107 5 5
108 100 5 5
108 106 5 5
108 102 5 5
109 105 5 5
109 103 5 5
109 104 5 5
109 101 5 5
110 106 5 5
110 103 5 5
110 107 5 5
110 108 5 5
111 110 5 5
111 104 5 5
111 101 5 5
111 103 5 5
112 107 5 5
112 103 5 5
112 101 5 5
112 109 5 5
113 103 5 5
113 111 5 5
113 101 5 5
113 100 5 5
114 108 5 5
114 107 5 5
114 106 5 5
114 103 5 5
115 113 5 5
115 110 5 5
115 108 5 5
115 111 5 5
116 110 5 5
116 112 5 5
116 114 5 5
116 113 5 5
117 108 5 5
117 116 5 5
117 105 5 5
117 104 5 5
118 107 5 5
118 100 5 5
118 103 5 5
118 105 5 5
119 106 5 5
119 104 5 5
119 107 5 5
119 109 5 5
100 117 5 5
100 110 5 5
100 111 5 5
100 116 5 5
101 119 5 5
101 117 5 5
101 110 5 5
101 118 5 5
102 113 5 5
102 118 5 5
102 119 5 5
102 115 5 5
103 115 5 5
103 105 5 5
103 116 5 5
103 119 5 5
124 121 6 6
124 120 6 6
124 123 6 6
124 122 6 6
125 121 6 6
125 122 6 6
125 120 6 6
125 124 6 6
126 121 6 6
126 123 6 6
126 125 6 6
126 124 6 6
127 121 6 6
127 123 6 6
127 120 6 6
127 122 6 6
128 126 6 6
128 125 6 6
128 122 6 6
128 123 6 6
129 127 6 6
129 126 6 6
129 125 6 6
129 121 6 6
130 122 6 6
130 125 6 6
130 129 6 6
130 121 6 6
131 130 6 6
131 129 6 6
131 120 6 6
131 121 6 6
132 124 6 6
132 123 6 6
132 129 6 6
132 122 6 6
133 132 6 6
133 126 6 6
133 121 6 6
133 124 6 6
134 129 6 6
134 124 6 6
134 126 6 6
134 131 6 6
135 133 6 6
135 123 6 6
135 128 6 6
135 130 6 6
136 128 6 6
136 121 6 6
136 133 6 6
136 122 6 6
137 136 6 6
137 121 6 6
137 122 6 6
137 127 6 6
138 128 6 6
138 122 6 6
138 134 6 6
138 121 6 6
139 121 6 6
139 136 6 6
139 131 6 6
139 134 6 6
120 130 6 6
120 138 6 6
120 133 6 6
120 134 6 6
121 135 6 6
121 132 6 6
121 128 6 6
121 134 6 6
122 139 6 6
122 133 6 6
122 135 6 6
122 126 6 6
123 129 6 6
123 125 6 6
123 138 6 6
123 133 6 6
144 142 7 7
144 141 7 7
144 143 7 7
144 140 7 7
145 144 7 7
145 141 7 7
145 140 7 7
145 142 7 7
146 144 7 7
146 145 7 7
146 143 7 7
146 142 7 7
147 142 7 7
147 145 7 7
147 144 7 7
147 140 7 7
148 147 7 7
148 145 7 7
148 144 7 7
148 141 7 7
149 142 7 7
149 145 7 7
149 148 7 7
149 147 7 7
150 148 7 7
150 141 7 7
150 140 7 7
150 143 7 7
151 148 7 7
151 146 7 7
151 149 7 7
151 140 7 7
152 145 7 7
152 144 7 7
152 147 7 7
152 148 7 7
153 149 7 7
153 145 7 7
153 148 7 7
153 142 7 7
154 148 7 7
154 147 7 7
154 145 7 7
154 142 7 7
155 151 7 7
155 144 7 7
155 152 7 7
155 145 7 7
156 151 7 7
156 142 7 7
156 150 7 7
156 140 7 7
157 152 7 7
157 151 7 7
157 144 7 7
157 145 7 7
158 141 7 7
158 140 7 7
158 156 7 7
158 150 7 7
159 156 7 7
159 142 7 7
159 145 7 7
159 144 7 7
140 153 7 7
140 149 7 7
140 159 7 7
140 154 7 7
141 156 7 7
141 151 7 7
141 157 7 7
141 149 7 7
142 152 7 7
142 151 7 7
142 148 7 7
142 158 7 7
143 145 7 7
143 155 7 7
143 158 7 7
143 156 7 7
164 161 8 8
164 163 8 8
164 160 8 8
164 162 8 8
165 163 8 8
165 161 8 8
165 160 8 8
165 164 8 8
166 161 8 8
166 160 8 8
166 165 8 8
166 163 8 8
167 162 8 8
167 166 8 8
167 163 8 8
167 160 8 8
168 165 8 8
168 160 8 8
168 164 8 8
168 167 8 8
169 161 8 8
169 165 8 8
169 166 8 8
169 164 8 8
170 163 8 8
170 164 8 8
170 161 8 8
170 169 8 8
171 169 8 8
171 163 8 8
171 166 8 8
171 168 8 8
172 167 8 8
172 171 8 8
172 170 8 8
172 168 8 8
173 167 8 8
173 164 8 8
173 160 8 8
173 171 8 8
174 162 8 8
174 169 8 8
174 161 8 8
174 160 8 8
175 167 8 8
175 170 8 8
175 161 8 8
175 164 8 8
176 166 8 8
176 170 8 8
176 167 8 8
176 160 8 8
177 165 8 8
177 164 8 8
177 175 8 8
177 163 8 8
178 168 8 8
178 169 8 8
178 170 8 8
178 161 8 8
179 164 8 8
179 161 8 8
179 175 8 8
179 177 8 8
160 177 8 8
160 170 8 8
160 179 8 8
160 172 8 8
161 176 8 8
161 177 8 8
161 171 8 8
161 167 8 8
162 173 8 8
162 172 8 8
162 166 8 8
162 165 8 8
163 179 8 8
163 174 8 8
163 175 8 8
163 176 8 8
184 180 9 9
184 181 9 9
184 183 9 9
184 182 9 9
185 180 9 9
185 182 9 9
185 184 9 9
185 181 9 9
186 182 9 9
186 185 9 9
186 181 9 9
186 184 9 9
187 185 9 9
187 183 9 9
187 182 9 9
187 181 9 9
188 186 9 9
188 181 9 9
188 185 9 9
188 180 9 9
189 188 9 9
189 187 9 9
189 181 9 9
189 184 9 9
190 187 9 9
190 188 9 9
190 184 9 9
190 181 9 9
191 187 9 9
191 183 9 9
191 184 9 9
191 189 9 9
192 189 9 9
192 186 9 9
192 181 9 9
192 182 9 9
193 183 9 9
193 182 9 9
193 190 9 9
193 191 9 9
194 190 9 9
194 189 9 9
194 184 9 9
194 187 9 9
195 192 9 9
195 188 9 9
195 184 9 9
195 186 9 9
196 186 9 9
196 188 9 9
196 184 9 9
196 183 9 9
197 182 9 9
197 190 9 9
197 195 9 9
197 186 9 9
198 193 9 9
198 180 9 9
198 190 9 9
198 197 9 9
199 193 9 9
199 198 9 9
199 192 9 9
199 182 9 9
180 190 9 9
180 189 9 9
180 197 9 9
180 186 9 9
181 199 9 9
181 198 9 9
181 195 9 9
181 197 9 9
182 188 9 9
182 195 9 9
182 189 9 9
182 190 9 9
183 189 9 9
183 188 9 9
183 197 9 9
183 190 9 9
204 200 10 10
204 203 10 10
204 201 10 10
204 202 10 10
205 204 10 10
205 203 10 10
205 202 10 10
205 201 10 10
206 201 10 10
206 205 10 10
206 203 10 10
206 200 10 10
207 201 10 10
207 206 10 10
207 200 10 10
207 205 10 10
208 201 10 10
208 205 10 10
208 204 10 10
208 203 10 10
209 207 10 10
209 208 10 10
209 205 10 10
209 204 10 10
210 203 10 10
210 207 10 10
210 206 10 10
210 200 10 10
211 210 10 10
211 209 10 10
211 202 10 10
211 206 10 10
212 211 10 10
212 206 10 10
212 202 10 10
212 205 10 10
213 211 10 10
213 210 10 10
213 206 10 10
213 212 10 10
214 208 10 10
214 206 10 10
214 207 10 10
214 201 10 10
215 211 10 10
215 200 10 10
215 206 10 10
215 210 10 10
216 201 10 10
216 208 10 10
216 204 10 10
216 211 10 10
217 213 10 10
217 200 10 10
217 212 10 10
217 201 10 10
218 213 10 10
218 211 10 10
218 216 10 10
218 210 10 10
219 213 10 10
219 206 10 10
219 201 10 10
219 216 10 10
200 213 10 10
200 216 10 10
200 219 10 10
200 218 10 10
201 218 10 10
201 210 10 10
201 213 10 10
201 212 10 10
202 215 10 10
202 219 10 10
202 206 10 10
202 214 10 10
203 217 10 10
203 211 10 10
203 218 10 10
203 214 10 10
224 221 11 11
224 222 11 11
224 223 11 11
224 220 11 11
225 220 11 11
225 222 11 11
225 223 11 11
225 224 11 11
226 225 11 11
226 220 11 11
226 223 11 11
226 221 11 11
227 223 11 11
227 226 11 11
227 220 11 11
227 225 11 11
228 222 11 11
228 223 11 11
228 220 11 11
228 221 11 11
229 224 11 11
229 228 11 11
229 221 11 11
229 223 11 11
230 229 11 11
230 221 11 11
230 223 11 11
230 224 11 11
231 224 11 11
231 229 11 11
231 222 11 11
231 228 11 11
232 228 11 11
232 229 11 11
232 224 11 11
232 223 11 11
233 232 11 11
233 222 11 11
233 225 11 11
233 231 11 11
234 227 11 11
234 232 11 11
234 225 11 11
234 224 11 11
235 223 11 11
235 232 11 11
235 221 11 11
235 230 11 11
236 221 11 11
236 231 11 11
236 229 11 11
236 226 11 11
237 221 11 11
237 235 11 11
237 224 11 11
237 220 11 11
238 228 11 11
238 223 11 11
238 237 11 11
238 231 11 11
239 222 11 11
239 235 11 11
239 220 11 11
239 233 11 11
220 235 11 11
220 234 11 11
220 231 11 11
220 236 11 11
221 231 11 11
221 238 11 11
221 239 11 11
221 233 11 11
222 230 11 11
222 236 11 11
222 232 11 11
222 237 11 11
223 231 11 11
223 233 11 11
223 236 11 11
223 237 11 11
244 243 12 12
244 240 12 12
244 241 12 12
244 242 12 12
245 240 12 12
245 243 12 12
245 242 12 12
245 244 12 12
246 240 12 12
246 241 12 12
246 244 12 12
246 243 12 12
247 246 12 12
247 241 12 12
247 244 12 12
247 240 12 12
248 246 12 12
248 242 12 12
248 243 12 12
248 244 12 12
249 242 12 12
249 243 12 12
249 248 12 12
249 244 12 12
250 242 12 12
250 247 12 12
250 241 12 12
250 240 12 12
251 242 12 12
251 246 12 12
251 243 12 12
251 248 12 12
252 242 12 12
252 250 12 12
252 248 12 12
252 251 12 12
253 252 12 12
253 242 12 12
253 249 12 12
253 241 12 12
254 253 12 12
254 244 12 12
254 243 12 12
254 248 12 12
255 251 12 12
255 242 12 12
255 244 12 12
255 250 12 12
256 250 12 12
256 243 12 12
256 241 12 12
256 252 12 12
257 245 12 12
257 240 12 12
257 243 12 12
257 247 12 12
258 240 12 12
258 245 12 12
258 241 12 12
258 256 12 12
259 251 12 12
259 244 12 12
259 248 12 12
259 243 12 12
240 255 12 12
240 253 12 12
240 256 12 12
240 248 12 12
241 257 12 12
241 252 12 12
241 255 12 12
241 245 12 12
242 259 12 12
242 257 12 12
242 246 12 12
242 258 12 12
243 253 12 12
243 255 12 12
243 252 12 12
243 250 12 12
264 262 13 13
264 260 13 13
264 261 13 13
264 263 13 13
265 262 13 13
265 263 13 13
265 261 13 13
265 260 13 13
266 260 13 13
266 261 13 13
266 263 13 13
266 265 13 13
267 265 13 13
267 262 13 13
267 263 13 13
267 264 13 13
268 260 13 13
268 262 13 13
268 265 13 13
268 267 13 13
269 266 13 13
269 264 13 13
269 260 13 13
269 261 13 13
270 263 13 13
270 261 13 13
270 267 13 13
270 260 13 13
271 261 13 13
271 260 13 13
271 270 13 13
271 264 13 13
272 260 13 13
272 269 13 13
272 265 13 13
272 270 13 13
273 263 13 13
273 260 13 13
273 270 13 13
273 262 13 13
274 273 13 13
274 265 13 13
274 262 13 13
274 270 13 13
275 268 13 13
275 263 13 13
275 265 13 13
275 264 13 13
276 260 13 13
276 264 13 13
276 266 13 13
276 265 13 13
277 276 13 13
277 275 13 13
277 269 13 13
277 271 13 13
278 263 13 13
278 273 13 13
278 270 13 13
278 272 13 13
279 263 13 13
279 264 13 13
279 272 13 13
279 274 13 13
260 278 13 13
260 267 13 13
260 274 13 13
260 279 13 13
261 273 13 13
261 278 13 13
261 279 13 13
261 274 13 13
262 269 13 13
262 276 13 13
262 277 13 13
262 270 13 13
263 272 13 13
263 274 13 13
263 269 13 13
263 271 13 13
284 283 14 14
284 281 14 14
284 282 14 14
284 280 14 14
285 284 14 14
285 283 14 14
285 281 14 14
285 280 14 14
286 284 14 14
286 282 14 14
286 281 14 14
286 285 14 14
287 280 14 14
287 282 14 14
287 286 14 14
287 284 14 14
288 281 14 14
288 282 14 14
288 287 14 14
288 286 14 14
289 280 14 14
289 281 14 14
289 283 14 14
289 287 14 14
290 282 14 14
290 288 14 14
290 287 14 14
290 286 14 14
291 285 14 14
291 288 14 14
291 280 14 14
291 289 14 14
292 287 14 14
292 286 14 14
292 290 14 14
292 284 14 14
293 285 14 14
293 291 14 14
293 292 14 14
293 289 14 14
294 281 14 14
294 282 14 14
294 292 14 14
294 288 14 14
295 294 14 14
295 292 14 14
295 281 14 14
295 288 14 14
296 284 14 14
296 280 14 14
296 289 14 14
296 294 14 14
297 296 14 14
297 289 14 14
297 295 14 14
297 281 14 14
298 295 14 14
298 281 14 14
298 288 14 14
298 289 14 14
299 294 14 14
299 286 14 14
299 292 14 14
299 282 14 14
280 286 14 14
280 292 14 14
280 297 14 14
280 290 14 14
281 296 14 14
281 287 14 14
281 291 14 14
281 290 14 14
282 289 14 14
282 292 14 14
282 298 14 14
282 293 14 14
283 287 14 14
283 296 14 14
283 295 14 14
283 291 14 14
304 300 15 15
304 301 15 15
304 302 15 15
304 303 15 15
305 300 15 15
305 302 15 15
305 304 15 15
305 301 15 15
306 304 15 15
306 300 15 15
306 305 15 15
306 301 15 15
307 301 15 15
307 302 15 15
307 306 15 15
307 300 15 15
308 300 15 15
308 306 15 15
308 301 15 15
308 304 15 15
309 300 15 15
309 308 15 15
309 307 15 15
309 304 15 15
310 300 15 15
310 309 15 15
310 304 15 15
310 305 15 15
311 303 15 15
311 308 15 15
311 307 15 15
311 302 15 15
312 307 15 15
312 306 15 15
312 302 15 15
312 304 15 15
313 303 15 15
313 308 15 15
313 304 15 15
313 310 15 15
314 306 15 15
314 300 15 15
314 308 15 15
314 301 15 15
315 301 15 15
315 308 15 15
315 304 15 15
315 305 15 15
316 311 15 15
316 301 15 15
316 303 15 15
316 312 15 15
317 312 15 15
317 310 15 15
317 315 15 15
317 301 15 15
318 313 15 15
318 311 15 15
318 303 15 15
318 300 15 15
319 308 15 15
319 304 15 15
319 310 15 15
319 300 15 15
300 315 15 15
300 317 15 15
300 313 15 15
300 311 15 15
301 312 15 15
301 313 15 15
301 319 15 15
301 311 15 15
302 308 15 15
302 317 15 15
302 315 15 15
302 306 15 15
303 317 15 15
303 312 15 15
303 314 15 15
303 309 15 15
83 32 4 1
82 73 4 3
93 49 4 2
96 18 4 0
104 97 5 4
110 69 5 3
118 8 5 0
101 54 5 2
128 109 6 5
121 37 6 1
122 77 6 3
139 85 6 4
144 110 7 5
158 74 7 3
155 59 7 2
146 16 7 0
174 38 8 1
179 5 8 0
164 150 8 7
178 54 8 2
181 97 9 4
187 76 9 3
180 47 9 2
194 115 9 5
216 46 10 2
211 60 10 3
208 101 10 5
200 98 10 4
238 72 11 3
230 12 11 0
238 193 11 9
226 213 11 10
256 49 12 2
240 32 12 1
241 4 12 0
247 202 12 10
265 253 13 12
263 42 13 2
274 176 13 8
267 0 13 0
298 102 14 5
288 33 14 1
295 130 14 6
293 225 14 11
313 35 15 1
310 69 15 3
301 161 15 8
300 147 15 7
3 284 0 14
6 313 0 15
19 216 0 10
4 136 0 6
26 182 1 9
36 158 1 7
31 262 1 13
21 102 1 5
56 318 2 15
40 135 2 6
55 289 2 14
46 232 2 11
79 288 3 14
72 274 3 13
66 241 3 12
72 173 3 8
