swNum = 320
edgeNum = 1344

0 0
1 0
2 0
3 0
4 0
5 0
6 0
7 0
8 0
9 0
10 0
11 0
12 0
13 0
14 0
15 0
16 0
17 0
18 0
19 0
20 1
21 1
22 1
23 1
24 1
25 1
26 1
27 1
28 1
29 1
30 1
31 1
32 1
33 1
34 1
35 1
36 1
37 1
38 1
39 1
40 2
41 2
42 2
43 2
44 2
45 2
46 2
47 2
48 2
49 2
50 2
51 2
52 2
53 2
54 2
55 2
56 2
57 2
58 2
59 2
60 3
61 3
62 3
63 3
64 3
65 3
66 3
67 3
68 3
69 3
70 3
71 3
72 3
73 3
74 3
75 3
76 3
77 3
78 3
79 3
80 4
81 4
82 4
83 4
84 4
85 4
86 4
87 4
88 4
89 4
90 4
91 4
92 4
93 4
94 4
95 4
96 4
97 4
98 4
99 4
100 5
101 5
102 5
103 5
104 5
105 5
106 5
107 5
108 5
109 5
110 5
111 5
112 5
113 5
114 5
115 5
116 5
117 5
118 5
119 5
120 6
121 6
122 6
123 6
124 6
125 6
126 6
127 6
128 6
129 6
130 6
131 6
132 6
133 6
134 6
135 6
136 6
137 6
138 6
139 6
140 7
141 7
142 7
143 7
144 7
145 7
146 7
147 7
148 7
149 7
150 7
151 7
152 7
153 7
154 7
155 7
156 7
157 7
158 7
159 7
160 8
161 8
162 8
163 8
164 8
165 8
166 8
167 8
168 8
169 8
170 8
171 8
172 8
173 8
174 8
175 8
176 8
177 8
178 8
179 8
180 9
181 9
182 9
183 9
184 9
185 9
186 9
187 9
188 9
189 9
190 9
191 9
192 9
193 9
194 9
195 9
196 9
197 9
198 9
199 9
200 10
201 10
202 10
203 10
204 10
205 10
206 10
207 10
208 10
209 10
210 10
211 10
212 10
213 10
214 10
215 10
216 10
217 10
218 10
219 10
220 11
221 11
222 11
223 11
224 11
225 11
226 11
227 11
228 11
229 11
230 11
231 11
232 11
233 11
234 11
235 11
236 11
237 11
238 11
239 11
240 12
241 12
242 12
243 12
244 12
245 12
246 12
247 12
248 12
249 12
250 12
251 12
252 12
253 12
254 12
255 12
256 12
257 12
258 12
259 12
260 13
261 13
262 13
263 13
264 13
265 13
266 13
267 13
268 13
269 13
270 13
271 13
272 13
273 13
274 13
275 13
276 13
277 13
278 13
279 13
280 14
281 14
282 14
283 14
284 14
285 14
286 14
287 14
288 14
289 14
290 14
291 14
292 14
293 14
294 14
295 14
296 14
297 14
298 14
299 14
300 15
301 15
302 15
303 15
304 15
305 15
306 15
307 15
308 15
309 15
310 15
311 15
312 15
313 15
314 15
315 15
316 15
317 15
318 15
319 15

4 2 0 0
4 0 0 0
4 1 0 0
4 3 0 0
5 4 0 0
5 2 0 0
5 1 0 0
5 3 0 0
6 2 0 0
6 1 0 0
6 0 0 0
6 3 0 0
7 5 0 0
7 2 0 0
7 4 0 0
7 1 0 0
8 6 0 0
8 1 0 0
8 3 0 0
8 0 0 0
9 2 0 0
9 6 0 0
9 1 0 0
9 0 0 0
10 4 0 0
10 0 0 0
10 5 0 0
10 7 0 0
11 9 0 0
11 1 0 0
11 2 0 0
11 10 0 0
12 1 0 0
12 8 0 0
12 6 0 0
12 0 0 0
13 7 0 0
13 6 0 0
13 10 0 0
13 0 0 0
14 13 0 0
14 2 0 0
14 1 0 0
14 7 0 0
15 7 0 0
15 5 0 0
15 14 0 0
15 4 0 0
16 2 0 0
16 11 0 0
16 9 0 0
16 0 0 0
17 13 0 0
17 10 0 0
17 0 0 0
17 14 0 0
18 14 0 0
18 13 0 0
18 1 0 0
18 12 0 0
19 8 0 0
19 1 0 0
19 2 0 0
19 17 0 0
0 18 0 0
0 19 0 0
0 14 0 0
0 5 0 0
1 16 0 0
1 17 0 0
1 13 0 0
1 10 0 0
2 8 0 0
2 13 0 0
2 18 0 0
2 10 0 0
3 16 0 0
3 19 0 0
3 12 0 0
3 9 0 0
24 21 1 1
24 20 1 1
24 23 1 1
24 22 1 1
25 22 1 1
25 20 1 1
25 23 1 1
25 24 1 1
26 24 1 1
26 20 1 1
26 25 1 1
26 21 1 1
27 25 1 1
27 26 1 1
27 23 1 1
27 22 1 1
28 26 1 1
28 23 1 1
28 20 1 1
28 21 1 1
29 27 1 1
29 22 1 1
29 28 1 1
29 23 1 1
30 25 1 1
30 29 1 1
30 20 1 1
30 21 1 1
31 26 1 1
31 21 1 1
31 20 1 1
31 28 1 1
32 29 1 1
32 23 1 1
32 21 1 1
32 30 1 1
33 25 1 1
33 29 1 1
33 22 1 1
33 27 1 1
34 26 1 1
34 22 1 1
34 20 1 1
34 23 1 1
35 29 1 1
35 33 1 1
35 28 1 1
35 23 1 1
36 34 1 1
36 28 1 1
36 22 1 1
36 35 1 1
37 29 1 1
37 22 1 1
37 36 1 1
37 21 1 1
38 33 1 1
38 27 1 1
38 26 1 1
38 25 1 1
39 24 1 1
39 25 1 1
39 23 1 1
39 34 1 1
20 37 1 1
20 33 1 1
20 35 1 1
20 29 1 1
21 36 1 1
21 27 1 1
21 29 1 1
21 25 1 1
22 32 1 1
22 38 1 1
22 28 1 1
22 39 1 1
23 26 1 1
23 38 1 1
23 37 1 1
23 33 1 1
44 40 2 2
44 41 2 2
44 43 2 2
44 42 2 2
45 42 2 2
45 40 2 2
45 41 2 2
45 44 2 2
46 41 2 2
46 42 2 2
46 40 2 2
46 45 2 2
47 40 2 2
47 43 2 2
47 46 2 2
47 41 2 2
48 47 2 2
48 40 2 2
48 46 2 2
48 43 2 2
49 45 2 2
49 46 2 2
49 48 2 2
49 40 2 2
50 43 2 2
50 47 2 2
50 49 2 2
50 46 2 2
51 46 2 2
51 47 2 2
51 44 2 2
51 50 2 2
52 47 2 2
52 46 2 2
52 42 2 2
52 45 2 2
53 41 2 2
53 47 2 2
53 51 2 2
53 40 2 2
54 42 2 2
54 41 2 2
54 44 2 2
54 49 2 2
55 46 2 2
55 40 2 2
55 45 2 2
55 41 2 2
56 41 2 2
56 55 2 2
56 42 2 2
56 49 2 2
57 40 2 2
57 49 2 2
57 55 2 2
57 46 2 2
58 41 2 2
58 49 2 2
58 55 2 2
58 46 2 2
59 44 2 2
59 43 2 2
59 40 2 2
59 47 2 2
40 56 2 2
40 50 2 2
40 51 2 2
40 54 2 2
41 51 2 2
41 49 2 2
41 48 2 2
41 59 2 2
42 49 2 2
42 51 2 2
42 53 2 2
42 50 2 2
43 53 2 2
43 52 2 2
43 49 2 2
43 51 2 2
64 60 3 3
64 61 3 3
64 63 3 3
64 62 3 3
65 64 3 3
65 61 3 3
65 62 3 3
65 60 3 3
66 62 3 3
66 61 3 3
66 60 3 3
66 63 3 3
67 60 3 3
67 64 3 3
67 66 3 3
67 62 3 3
68 64 3 3
68 65 3 3
68 60 3 3
68 62 3 3
69 62 3 3
69 63 3 3
69 60 3 3
69 66 3 3
70 63 3 3
70 67 3 3
70 65 3 3
70 64 3 3
71 60 3 3
71 62 3 3
71 69 3 3
71 64 3 3
72 62 3 3
72 68 3 3
72 71 3 3
72 69 3 3
73 62 3 3
73 60 3 3
73 64 3 3
73 61 3 3
74 60 3 3
74 61 3 3
74 72 3 3
74 66 3 3
75 73 3 3
75 68 3 3
75 65 3 3
75 60 3 3
76 68 3 3
76 62 3 3
76 70 3 3
76 65 3 3
77 65 3 3
77 75 3 3
77 67 3 3
77 71 3 3
78 62 3 3
78 63 3 3
78 66 3 3
78 69 3 3
79 66 3 3
79 69 3 3
79 63 3 3
79 76 3 3
60 76 3 3
60 78 3 3
60 70 3 3
60 72 3 3
61 71 3 3
61 76 3 3
61 69 3 3
61 78 3 3
62 79 3 3
62 77 3 3
62 74 3 3
62 75 3 3
63 74 3 3
63 72 3 3
63 67 3 3
63 71 3 3
84 80 4 4
84 83 4 4
84 81 4 4
84 82 4 4
85 82 4 4
85 80 4 4
85 83 4 4
85 84 4 4
86 85 4 4
86 81 4 4
86 80 4 4
86 84 4 4
87 83 4 4
87 86 4 4
87 82 4 4
87 80 4 4
88 85 4 4
88 87 4 4
88 83 4 4
88 84 4 4
89 87 4 4
89 82 4 4
89 88 4 4
89 85 4 4
90 81 4 4
90 86 4 4
90 89 4 4
90 85 4 4
91 80 4 4
91 82 4 4
91 81 4 4
91 84 4 4
92 89 4 4
92 85 4 4
92 87 4 4
92 81 4 4
93 85 4 4
93 80 4 4
93 81 4 4
93 89 4 4
94 88 4 4
94 87 4 4
94 89 4 4
94 90 4 4
95 80 4 4
95 85 4 4
95 82 4 4
95 92 4 4
96 93 4 4
96 90 4 4
96 92 4 4
96 89 4 4
97 96 4 4
97 89 4 4
97 92 4 4
97 85 4 4
98 95 4 4
98 83 4 4
98 87 4 4
98 96 4 4
99 87 4 4
99 90 4 4
99 94 4 4
99 93 4 4
80 98 4 4
80 96 4 4
80 90 4 4
80 99 4 4
81 97 4 4
81 96 4 4
81 89 4 4
81 87 4 4
82 99 4 4
82 94 4 4
82 98 4 4
82 93 4 4
83 89 4 4
83 92 4 4
83 90 4 4
83 86 4 4
104 100 5 5
104 102 5 5
104 103 5 5
104 101 5 5
105 104 5 5
105 100 5 5
105 102 5 5
105 103 5 5
106 103 5 5
106 104 5 5
106 100 5 5
106 105 5 5
107 106 5 5
107 101 5 5
107 105 5 5
107 102 5 5
108 106 5 5
108 105 5 5
108 102 5 5
108 103 5 5
109 100 5 5
109 102 5 5
109 104 5 5
109 106 5 5
110 103 5 5
110 105 5 5
110 106 5 5
110 107 5 5
111 110 5 5
111 108 5 5
111 105 5 5
111 106 5 5
112 104 5 5
112 107 5 5
112 110 5 5
112 108 5 5
113 104 5 5
113 101 5 5
113 107 5 5
113 105 5 5
114 104 5 5
114 109 5 5
114 101 5 5
114 102 5 5
115 105 5 5
115 108 5 5
115 113 5 5
115 106 5 5
116 114 5 5
116 109 5 5
116 101 5 5
116 113 5 5
117 113 5 5
117 104 5 5
117 110 5 5
117 108 5 5
118 105 5 5
118 106 5 5
118 111 5 5
118 109 5 5
119 101 5 5
119 114 5 5
119 106 5 5
119 117 5 5
100 112 5 5
100 107 5 5
100 114 5 5
100 119 5 5
101 108 5 5
101 105 5 5
101 112 5 5
101 109 5 5
102 116 5 5
102 113 5 5
102 112 5 5
102 119 5 5
103 113 5 5
103 109 5 5
103 119 5 5
103 115 5 5
124 122 6 6
124 120 6 6
124 123 6 6
124 121 6 6
125 124 6 6
125 122 6 6
125 123 6 6
125 121 6 6
126 124 6 6
126 122 6 6
126 125 6 6
126 123 6 6
127 123 6 6
127 122 6 6
127 125 6 6
127 124 6 6
128 125 6 6
128 124 6 6
128 126 6 6
128 120 6 6
129 121 6 6
129 124 6 6
129 125 6 6
129 127 6 6
130 123 6 6
130 129 6 6
130 127 6 6
130 122 6 6
131 122 6 6
131 121 6 6
131 129 6 6
131 123 6 6
132 121 6 6
132 123 6 6
132 129 6 6
132 131 6 6
133 121 6 6
133 132 6 6
133 128 6 6
133 124 6 6
134 132 6 6
134 130 6 6
134 128 6 6
134 127 6 6
135 124 6 6
135 120 6 6
135 133 6 6
135 129 6 6
136 122 6 6
136 131 6 6
136 128 6 6
136 124 6 6
137 134 6 6
137 122 6 6
137 135 6 6
137 126 6 6
138 137 6 6
138 125 6 6
138 134 6 6
138 128 6 6
139 128 6 6
139 126 6 6
139 131 6 6
139 122 6 6
120 125 6 6
120 130 6 6
120 132 6 6
120 136 6 6
121 139 6 6
121 130 6 6
121 136 6 6
121 127 6 6
122 129 6 6
122 134 6 6
122 132 6 6
122 128 6 6
123 139 6 6
123 129 6 6
123 136 6 6
123 134 6 6
144 142 7 7
144 140 7 7
144 143 7 7
144 141 7 7
145 142 7 7
145 144 7 7
145 141 7 7
145 143 7 7
146 140 7 7
146 144 7 7
146 142 7 7
146 143 7 7
147 145 7 7
147 142 7 7
147 141 7 7
147 144 7 7
148 144 7 7
148 145 7 7
148 142 7 7
148 147 7 7
149 143 7 7
149 146 7 7
149 145 7 7
149 140 7 7
150 147 7 7
150 149 7 7
150 143 7 7
150 145 7 7
151 145 7 7
151 141 7 7
151 142 7 7
151 144 7 7
152 147 7 7
152 151 7 7
152 145 7 7
152 142 7 7
153 152 7 7
153 142 7 7
153 148 7 7
153 145 7 7
154 146 7 7
154 149 7 7
154 148 7 7
154 153 7 7
155 151 7 7
155 150 7 7
155 146 7 7
155 153 7 7
156 153 7 7
156 145 7 7
156 148 7 7
156 144 7 7
157 144 7 7
157 148 7 7
157 145 7 7
157 143 7 7
158 156 7 7
158 157 7 7
158 149 7 7
158 144 7 7
159 147 7 7
159 150 7 7
159 144 7 7
159 153 7 7
140 157 7 7
140 152 7 7
140 150 7 7
140 153 7 7
141 153 7 7
141 146 7 7
141 148 7 7
141 152 7 7
142 155 7 7
142 159 7 7
142 150 7 7
142 157 7 7
143 159 7 7
143 151 7 7
143 155 7 7
143 156 7 7
164 162 8 8
164 160 8 8
164 163 8 8
164 161 8 8
165 164 8 8
165 161 8 8
165 162 8 8
165 163 8 8
166 165 8 8
166 162 8 8
166 161 8 8
166 163 8 8
167 161 8 8
167 162 8 8
167 165 8 8
167 163 8 8
168 167 8 8
168 163 8 8
168 162 8 8
168 161 8 8
169 163 8 8
169 166 8 8
169 168 8 8
169 165 8 8
170 165 8 8
170 160 8 8
170 162 8 8
170 166 8 8
171 166 8 8
171 161 8 8
171 163 8 8
171 168 8 8
172 163 8 8
172 168 8 8
172 166 8 8
172 169 8 8
173 161 8 8
173 165 8 8
173 170 8 8
173 164 8 8
174 164 8 8
174 163 8 8
174 162 8 8
174 165 8 8
175 169 8 8
175 174 8 8
175 164 8 8
175 165 8 8
176 160 8 8
176 173 8 8
176 170 8 8
176 167 8 8
177 169 8 8
177 176 8 8
177 162 8 8
177 173 8 8
178 173 8 8
178 170 8 8
178 177 8 8
178 176 8 8
179 165 8 8
179 172 8 8
179 174 8 8
179 167 8 8
160 167 8 8
160 174 8 8
160 173 8 8
160 178 8 8
161 169 8 8
161 177 8 8
161 172 8 8
161 178 8 8
162 172 8 8
162 171 8 8
162 173 8 8
162 169 8 8
163 177 8 8
163 173 8 8
163 175 8 8
163 179 8 8
184 182 9 9
184 180 9 9
184 183 9 9
184 181 9 9
185 181 9 9
185 184 9 9
185 183 9 9
185 182 9 9
186 184 9 9
186 183 9 9
186 180 9 9
186 182 9 9
187 185 9 9
187 186 9 9
187 181 9 9
187 184 9 9
188 180 9 9
188 186 9 9
188 184 9 9
188 183 9 9
189 184 9 9
189 182 9 9
189 183 9 9
189 188 9 9
190 180 9 9
190 182 9 9
190 181 9 9
190 183 9 9
191 186 9 9
191 183 9 9
191 182 9 9
191 188 9 9
192 182 9 9
192 189 9 9
192 190 9 9
192 188 9 9
193 189 9 9
193 185 9 9
193 190 9 9
193 184 9 9
194 180 9 9
194 185 9 9
194 181 9 9
194 187 9 9
195 189 9 9
195 194 9 9
195 181 9 9
195 185 9 9
196 190 9 9
196 189 9 9
196 182 9 9
196 185 9 9
197 181 9 9
197 193 9 9
197 183 9 9
197 192 9 9
198 188 9 9
198 180 9 9
198 183 9 9
198 192 9 9
199 190 9 9
199 195 9 9
199 184 9 9
199 187 9 9
180 196 9 9
180 197 9 9
180 199 9 9
180 187 9 9
181 193 9 9
181 186 9 9
181 199 9 9
181 198 9 9
182 199 9 9
182 193 9 9
182 188 9 9
182 197 9 9
183 196 9 9
183 193 9 9
183 192 9 9
183 195 9 9
204 200 10 10
204 203 10 10
204 201 10 10
204 202 10 10
205 200 10 10
205 202 10 10
205 203 10 10
205 201 10 10
206 204 10 10
206 201 10 10
206 203 10 10
206 202 10 10
207 201 10 10
207 204 10 10
207 205 10 10
207 200 10 10
208 204 10 10
208 207 10 10
208 206 10 10
208 201 10 10
209 208 10 10
209 207 10 10
209 205 10 10
209 204 10 10
210 206 10 10
210 202 10 10
210 204 10 10
210 203 10 10
211 207 10 10
211 201 10 10
211 203 10 10
211 209 10 10
212 204 10 10
212 201 10 10
212 211 10 10
212 206 10 10
213 207 10 10
213 208 10 10
213 201 10 10
213 202 10 10
214 200 10 10
214 208 10 10
214 213 10 10
214 204 10 10
215 209 10 10
215 204 10 10
215 201 10 10
215 213 10 10
216 201 10 10
216 214 10 10
216 200 10 10
216 203 10 10
217 204 10 10
217 210 10 10
217 202 10 10
217 208 10 10
218 208 10 10
218 201 10 10
218 210 10 10
218 206 10 10
219 214 10 10
219 201 10 10
219 216 10 10
219 200 10 10
200 211 10 10
200 206 10 10
200 218 10 10
200 213 10 10
201 209 10 10
201 210 10 10
201 214 10 10
201 217 10 10
202 215 10 10
202 209 10 10
202 216 10 10
202 211 10 10
203 214 10 10
203 207 10 10
203 215 10 10
203 219 10 10
224 223 11 11
224 220 11 11
224 222 11 11
224 221 11 11
225 223 11 11
225 220 11 11
225 222 11 11
225 224 11 11
226 224 11 11
226 225 11 11
226 223 11 11
226 220 11 11
227 221 11 11
227 222 11 11
227 223 11 11
227 224 11 11
228 223 11 11
228 226 11 11
228 224 11 11
228 225 11 11
229 222 11 11
229 228 11 11
229 226 11 11
229 220 11 11
230 226 11 11
230 227 11 11
230 225 11 11
230 222 11 11
231 221 11 11
231 222 11 11
231 227 11 11
231 230 11 11
232 228 11 11
232 227 11 11
232 224 11 11
232 220 11 11
233 226 11 11
233 225 11 11
233 220 11 11
233 229 11 11
234 228 11 11
234 232 11 11
234 222 11 11
234 227 11 11
235 234 11 11
235 228 11 11
235 226 11 11
235 224 11 11
236 235 11 11
236 222 11 11
236 232 11 11
236 224 11 11
237 226 11 11
237 235 11 11
237 232 11 11
237 229 11 11
238 226 11 11
238 225 11 11
238 229 11 11
238 224 11 11
239 222 11 11
239 230 11 11
239 236 11 11
239 234 11 11
220 227 11 11
220 238 11 11
220 234 11 11
220 235 11 11
221 232 11 11
221 239 11 11
221 226 11 11
221 233 11 11
222 228 11 11
222 235 11 11
222 232 11 11
222 237 11 11
223 234 11 11
223 231 11 11
223 229 11 11
223 230 11 11
244 240 12 12
244 243 12 12
244 242 12 12
244 241 12 12
245 244 12 12
245 241 12 12
245 240 12 12
245 242 12 12
246 243 12 12
246 240 12 12
246 244 12 12
246 245 12 12
247 245 12 12
247 241 12 12
247 242 12 12
247 244 12 12
248 242 12 12
248 247 12 12
248 241 12 12
248 240 12 12
249 247 12 12
249 242 12 12
249 248 12 12
249 245 12 12
250 241 12 12
250 244 12 12
250 249 12 12
250 246 12 12
251 249 12 12
251 247 12 12
251 248 12 12
251 242 12 12
252 250 12 12
252 248 12 12
252 249 12 12
252 247 12 12
253 248 12 12
253 251 12 12
253 252 12 12
253 249 12 12
254 246 12 12
254 250 12 12
254 240 12 12
254 243 12 12
255 253 12 12
255 249 12 12
255 252 12 12
255 244 12 12
256 241 12 12
256 240 12 12
256 245 12 12
256 253 12 12
257 255 12 12
257 249 12 12
257 240 12 12
257 246 12 12
258 252 12 12
258 245 12 12
258 246 12 12
258 244 12 12
259 248 12 12
259 241 12 12
259 251 12 12
259 258 12 12
240 258 12 12
240 250 12 12
240 252 12 12
240 247 12 12
241 252 12 12
241 246 12 12
241 255 12 12
241 257 12 12
242 256 12 12
242 253 12 12
242 255 12 12
242 252 12 12
243 256 12 12
243 247 12 12
243 245 12 12
243 250 12 12
264 260 13 13
264 263 13 13
264 262 13 13
264 261 13 13
265 263 13 13
265 260 13 13
265 264 13 13
265 262 13 13
266 262 13 13
266 260 13 13
266 264 13 13
266 261 13 13
267 262 13 13
267 260 13 13
267 263 13 13
267 261 13 13
268 262 13 13
268 267 13 13
268 266 13 13
268 265 13 13
269 260 13 13
269 262 13 13
269 261 13 13
269 264 13 13
270 269 13 13
270 265 13 13
270 263 13 13
270 262 13 13
271 264 13 13
271 262 13 13
271 263 13 13
271 260 13 13
272 266 13 13
272 267 13 13
272 269 13 13
272 264 13 13
273 269 13 13
273 266 13 13
273 268 13 13
273 262 13 13
274 266 13 13
274 261 13 13
274 262 13 13
274 268 13 13
275 266 13 13
275 262 13 13
275 267 13 13
275 264 13 13
276 265 13 13
276 272 13 13
276 264 13 13
276 267 13 13
277 269 13 13
277 275 13 13
277 260 13 13
277 270 13 13
278 263 13 13
278 264 13 13
278 277 13 13
278 270 13 13
279 268 13 13
279 267 13 13
279 272 13 13
279 266 13 13
260 276 13 13
260 274 13 13
260 270 13 13
260 275 13 13
261 278 13 13
261 268 13 13
261 270 13 13
261 271 13 13
262 278 13 13
262 276 13 13
262 277 13 13
262 279 13 13
263 269 13 13
263 275 13 13
263 274 13 13
263 276 13 13
284 280 14 14
284 282 14 14
284 283 14 14
284 281 14 14
285 281 14 14
285 284 14 14
285 280 14 14
285 283 14 14
286 281 14 14
286 282 14 14
286 284 14 14
286 280 14 14
287 283 14 14
287 281 14 14
287 280 14 14
287 285 14 14
288 284 14 14
288 287 14 14
288 286 14 14
288 283 14 14
289 288 14 14
289 283 14 14
289 282 14 14
289 285 14 14
290 282 14 14
290 286 14 14
290 281 14 14
290 280 14 14
291 283 14 14
291 287 14 14
291 284 14 14
291 288 14 14
292 285 14 14
292 283 14 14
292 288 14 14
292 287 14 14
293 284 14 14
293 289 14 14
293 290 14 14
293 286 14 14
294 291 14 14
294 280 14 14
294 287 14 14
294 281 14 14
295 287 14 14
295 283 14 14
295 284 14 14
295 286 14 14
296 286 14 14
296 284 14 14
296 281 14 14
296 292 14 14
297 293 14 14
297 287 14 14
297 280 14 14
297 291 14 14
298 297 14 14
298 285 14 14
298 296 14 14
298 292 14 14
299 295 14 14
299 288 14 14
299 293 14 14
299 284 14 14
280 288 14 14
280 299 14 14
280 295 14 14
280 298 14 14
281 291 14 14
281 293 14 14
281 297 14 14
281 288 14 14
282 285 14 14
282 298 14 14
282 291 14 14
282 292 14 14
283 290 14 14
283 294 14 14
283 297 14 14
283 299 14 14
304 302 15 15
304 301 15 15
304 303 15 15
304 300 15 15
305 303 15 15
305 302 15 15
305 300 15 15
305 304 15 15
306 304 15 15
306 305 15 15
306 302 15 15
306 300 15 15
307 303 15 15
307 302 15 15
307 304 15 15
307 305 15 15
308 305 15 15
308 303 15 15
308 302 15 15
308 304 15 15
309 301 15 15
309 308 15 15
309 303 15 15
309 307 15 15
310 306 15 15
310 300 15 15
310 304 15 15
310 302 15 15
311 301 15 15
311 308 15 15
311 307 15 15
311 305 15 15
312 311 15 15
312 303 15 15
312 307 15 15
312 308 15 15
313 302 15 15
313 311 15 15
313 308 15 15
313 303 15 15
314 313 15 15
314 307 15 15
314 305 15 15
314 308 15 15
315 310 15 15
315 301 15 15
315 311 15 15
315 307 15 15
316 315 15 15
316 312 15 15
316 313 15 15
316 308 15 15
317 309 15 15
317 314 15 15
317 312 15 15
317 300 15 15
318 309 15 15
318 313 15 15
318 303 15 15
318 305 15 15
319 307 15 15
319 313 15 15
319 303 15 15
319 306 15 15
300 307 15 15
300 318 15 15
300 314 15 15
300 312 15 15
301 307 15 15
301 316 15 15
301 306 15 15
301 313 15 15
302 317 15 15
302 319 15 15
302 311 15 15
302 314 15 15
303 310 15 15
303 314 15 15
303 306 15 15
303 317 15 15
81 72 4 3
85 31 4 1
83 55 4 2
80 17 4 0
108 61 5 3
105 35 5 1
119 45 5 2
114 91 5 4
122 40 6 2
133 111 6 5
132 89 6 4
124 1 6 0
146 15 7 0
154 99 7 4
141 35 7 1
155 111 7 5
160 113 8 5
167 80 8 4
165 150 8 7
164 139 8 6
190 39 9 1
187 61 9 3
188 96 9 4
181 7 9 0
211 32 10 1
200 115 10 5
204 150 10 7
205 183 10 9
234 95 11 4
233 33 11 1
236 4 11 0
225 130 11 6
253 39 12 1
250 196 12 9
254 104 12 5
242 51 12 2
267 179 13 8
267 53 13 2
275 134 13 6
264 233 13 11
294 242 14 12
292 210 14 10
286 229 14 11
283 118 14 5
302 133 15 6
304 239 15 11
305 268 15 13
312 78 15 3
17 257 0 12
14 103 0 5
1 272 0 13
0 282 0 14
24 169 1 8
21 124 1 6
38 280 1 14
39 279 1 13
49 214 2 10
50 171 2 8
43 239 2 11
41 302 2 15
73 288 3 14
68 252 3 12
70 227 3 11
63 264 3 13
