swNum = 320
edgeNum = 1344

0 0
1 0
2 0
3 0
4 0
5 0
6 0
7 0
8 0
9 0
10 0
11 0
12 0
13 0
14 0
15 0
16 0
17 0
18 0
19 0
20 1
21 1
22 1
23 1
24 1
25 1
26 1
27 1
28 1
29 1
30 1
31 1
32 1
33 1
34 1
35 1
36 1
37 1
38 1
39 1
40 2
41 2
42 2
43 2
44 2
45 2
46 2
47 2
48 2
49 2
50 2
51 2
52 2
53 2
54 2
55 2
56 2
57 2
58 2
59 2
60 3
61 3
62 3
63 3
64 3
65 3
66 3
67 3
68 3
69 3
70 3
71 3
72 3
73 3
74 3
75 3
76 3
77 3
78 3
79 3
80 4
81 4
82 4
83 4
84 4
85 4
86 4
87 4
88 4
89 4
90 4
91 4
92 4
93 4
94 4
95 4
96 4
97 4
98 4
99 4
100 5
101 5
102 5
103 5
104 5
105 5
106 5
107 5
108 5
109 5
110 5
111 5
112 5
113 5
114 5
115 5
116 5
117 5
118 5
119 5
120 6
121 6
122 6
123 6
124 6
125 6
126 6
127 6
128 6
129 6
130 6
131 6
132 6
133 6
134 6
135 6
136 6
137 6
138 6
139 6
140 7
141 7
142 7
143 7
144 7
145 7
146 7
147 7
148 7
149 7
150 7
151 7
152 7
153 7
154 7
155 7
156 7
157 7
158 7
159 7
160 8
161 8
162 8
163 8
164 8
165 8
166 8
167 8
168 8
169 8
170 8
171 8
172 8
173 8
174 8
175 8
176 8
177 8
178 8
179 8
180 9
181 9
182 9
183 9
184 9
185 9
186 9
187 9
188 9
189 9
190 9
191 9
192 9
193 9
194 9
195 9
196 9
197 9
198 9
199 9
200 10
201 10
202 10
203 10
204 10
205 10
206 10
207 10
208 10
209 10
210 10
211 10
212 10
213 10
214 10
215 10
216 10
217 10
218 10
219 10
220 11
221 11
222 11
223 11
224 11
225 11
226 11
227 11
228 11
229 11
230 11
231 11
232 11
233 11
234 11
235 11
236 11
237 11
238 11
239 11
240 12
241 12
242 12
243 12
244 12
245 12
246 12
247 12
248 12
249 12
250 12
251 12
252 12
253 12
254 12
255 12
256 12
257 12
258 12
259 12
260 13
261 13
262 13
263 13
264 13
265 13
266 13
267 13
268 13
269 13
270 13
271 13
272 13
273 13
274 13
275 13
276 13
277 13
278 13
279 13
280 14
281 14
282 14
283 14
284 14
285 14
286 14
287 14
288 14
289 14
290 14
291 14
292 14
293 14
294 14
295 14
296 14
297 14
298 14
299 14
300 15
301 15
302 15
303 15
304 15
305 15
306 15
307 15
308 15
309 15
310 15
311 15
312 15
313 15
314 15
315 15
316 15
317 15
318 15
319 15

4 1 0 0
4 2 0 0
4 0 0 0
4 3 0 0
5 4 0 0
5 3 0 0
5 0 0 0
5 1 0 0
6 2 0 0
6 1 0 0
6 3 0 0
6 5 0 0
7 4 0 0
7 3 0 0
7 6 0 0
7 5 0 0
8 1 0 0
8 0 0 0
8 2 0 0
8 6 0 0
9 8 0 0
9 2 0 0
9 3 0 0
9 4 0 0
10 7 0 0
10 5 0 0
10 3 0 0
10 8 0 0
11 1 0 0
11 2 0 0
11 5 0 0
11 4 0 0
12 11 0 0
12 0 0 0
12 2 0 0
12 4 0 0
13 10 0 0
13 6 0 0
13 5 0 0
13 7 0 0
14 6 0 0
14 7 0 0
14 10 0 0
14 11 0 0
15 13 0 0
15 7 0 0
15 5 0 0
15 12 0 0
16 9 0 0
16 3 0 0
16 1 0 0
16 6 0 0
17 7 0 0
17 6 0 0
17 13 0 0
17 3 0 0
18 2 0 0
18 9 0 0
18 0 0 0
18 4 0 0
19 1 0 0
19 18 0 0
19 14 0 0
19 11 0 0
0 19 0 0
0 10 0 0
0 15 0 0
0 9 0 0
1 9 0 0
1 12 0 0
1 14 0 0
1 18 0 0
2 5 0 0
2 7 0 0
2 10 0 0
2 19 0 0
3 18 0 0
3 19 0 0
3 11 0 0
3 13 0 0
24 22 1 1
24 23 1 1
24 21 1 1
24 20 1 1
25 24 1 1
25 23 1 1
25 22 1 1
25 20 1 1
26 20 1 1
26 22 1 1
26 23 1 1
26 25 1 1
27 25 1 1
27 26 1 1
27 23 1 1
27 24 1 1
28 22 1 1
28 27 1 1
28 20 1 1
28 24 1 1
29 20 1 1
29 22 1 1
29 21 1 1
29 26 1 1
30 22 1 1
30 25 1 1
30 26 1 1
30 20 1 1
31 26 1 1
31 30 1 1
31 24 1 1
31 29 1 1
32 27 1 1
32 25 1 1
32 31 1 1
32 26 1 1
33 30 1 1
33 24 1 1
33 23 1 1
33 32 1 1
34 33 1 1
34 30 1 1
34 31 1 1
34 29 1 1
35 21 1 1
35 22 1 1
35 29 1 1
35 20 1 1
36 24 1 1
36 22 1 1
36 29 1 1
36 34 1 1
37 28 1 1
37 24 1 1
37 29 1 1
37 33 1 1
38 31 1 1
38 33 1 1
38 36 1 1
38 35 1 1
39 30 1 1
39 20 1 1
39 29 1 1
39 31 1 1
20 37 1 1
20 32 1 1
20 27 1 1
20 34 1 1
21 36 1 1
21 33 1 1
21 28 1 1
21 39 1 1
22 32 1 1
22 37 1 1
22 39 1 1
22 31 1 1
23 37 1 1
23 38 1 1
23 39 1 1
23 34 1 1
44 42 2 2
44 40 2 2
44 43 2 2
44 41 2 2
45 44 2 2
45 42 2 2
45 41 2 2
45 40 2 2
46 45 2 2
46 40 2 2
46 41 2 2
46 42 2 2
47 42 2 2
47 41 2 2
47 45 2 2
47 40 2 2
48 45 2 2
48 44 2 2
48 40 2 2
48 43 2 2
49 40 2 2
49 42 2 2
49 41 2 2
49 47 2 2
50 43 2 2
50 45 2 2
50 48 2 2
50 41 2 2
51 50 2 2
51 43 2 2
51 41 2 2
51 42 2 2
52 41 2 2
52 40 2 2
52 46 2 2
52 45 2 2
53 43 2 2
53 48 2 2
53 42 2 2
53 44 2 2
54 53 2 2
54 49 2 2
54 42 2 2
54 47 2 2
55 51 2 2
55 47 2 2
55 46 2 2
55 50 2 2
56 42 2 2
56 40 2 2
56 41 2 2
56 51 2 2
57 55 2 2
57 40 2 2
57 48 2 2
57 43 2 2
58 53 2 2
58 55 2 2
58 50 2 2
58 57 2 2
59 48 2 2
59 43 2 2
59 50 2 2
59 52 2 2
40 54 2 2
40 50 2 2
40 55 2 2
40 53 2 2
41 48 2 2
41 59 2 2
41 55 2 2
41 58 2 2
42 52 2 2
42 58 2 2
42 48 2 2
42 50 2 2
43 55 2 2
43 46 2 2
43 45 2 2
43 58 2 2
64 62 3 3
64 63 3 3
64 61 3 3
64 60 3 3
65 62 3 3
65 60 3 3
65 63 3 3
65 61 3 3
66 63 3 3
66 60 3 3
66 62 3 3
66 61 3 3
67 65 3 3
67 63 3 3
67 60 3 3
67 62 3 3
68 65 3 3
68 66 3 3
68 64 3 3
68 61 3 3
69 67 3 3
69 65 3 3
69 63 3 3
69 62 3 3
70 69 3 3
70 67 3 3
70 65 3 3
70 62 3 3
71 64 3 3
71 60 3 3
71 62 3 3
71 68 3 3
72 60 3 3
72 64 3 3
72 68 3 3
72 71 3 3
73 62 3 3
73 65 3 3
73 69 3 3
73 70 3 3
74 65 3 3
74 66 3 3
74 70 3 3
74 67 3 3
75 68 3 3
75 72 3 3
75 60 3 3
75 66 3 3
76 63 3 3
76 70 3 3
76 73 3 3
76 69 3 3
77 67 3 3
77 75 3 3
77 61 3 3
77 63 3 3
78 62 3 3
78 74 3 3
78 67 3 3
78 71 3 3
79 74 3 3
79 67 3 3
79 70 3 3
79 68 3 3
60 68 3 3
60 74 3 3
60 77 3 3
60 78 3 3
61 71 3 3
61 72 3 3
61 73 3 3
61 78 3 3
62 77 3 3
62 74 3 3
62 75 3 3
62 79 3 3
63 72 3 3
63 75 3 3
63 68 3 3
63 73 3 3
84 83 4 4
84 80 4 4
84 81 4 4
84 82 4 4
85 80 4 4
85 83 4 4
85 84 4 4
85 82 4 4
86 81 4 4
86 84 4 4
86 83 4 4
86 80 4 4
87 84 4 4
87 86 4 4
87 83 4 4
87 82 4 4
88 80 4 4
88 81 4 4
88 83 4 4
88 87 4 4
89 86 4 4
89 85 4 4
89 83 4 4
89 80 4 4
90 84 4 4
90 80 4 4
90 88 4 4
90 87 4 4
91 84 4 4
91 81 4 4
91 90 4 4
91 89 4 4
92 82 4 4
92 87 4 4
92 84 4 4
92 83 4 4
93 85 4 4
93 83 4 4
93 91 4 4
93 87 4 4
94 87 4 4
94 86 4 4
94 93 4 4
94 89 4 4
95 81 4 4
95 94 4 4
95 88 4 4
95 91 4 4
96 90 4 4
96 86 4 4
96 89 4 4
96 82 4 4
97 89 4 4
97 83 4 4
97 81 4 4
97 80 4 4
98 82 4 4
98 90 4 4
98 81 4 4
98 84 4 4
99 89 4 4
99 80 4 4
99 93 4 4
99 85 4 4
80 93 4 4
80 87 4 4
80 96 4 4
80 98 4 4
81 90 4 4
81 94 4 4
81 96 4 4
81 89 4 4
82 90 4 4
82 97 4 4
82 88 4 4
82 94 4 4
83 94 4 4
83 99 4 4
83 96 4 4
83 91 4 4
104 100 5 5
104 102 5 5
104 101 5 5
104 103 5 5
105 102 5 5
105 100 5 5
105 103 5 5
105 101 5 5
106 105 5 5
106 100 5 5
106 104 5 5
106 101 5 5
107 103 5 5
107 102 5 5
107 101 5 5
107 105 5 5
108 100 5 5
108 103 5 5
108 102 5 5
108 104 5 5
109 104 5 5
109 106 5 5
109 102 5 5
109 105 5 5
110 103 5 5
110 109 5 5
110 108 5 5
110 100 5 5
111 109 5 5
111 105 5 5
111 102 5 5
111 101 5 5
112 105 5 5
112 109 5 5
112 101 5 5
112 107 5 5
113 103 5 5
113 108 5 5
113 100 5 5
113 107 5 5
114 100 5 5
114 102 5 5
114 107 5 5
114 112 5 5
115 106 5 5
115 107 5 5
115 101 5 5
115 102 5 5
116 105 5 5
116 100 5 5
116 111 5 5
116 115 5 5
117 107 5 5
117 114 5 5
117 105 5 5
117 108 5 5
118 108 5 5
118 110 5 5
118 112 5 5
118 113 5 5
119 101 5 5
119 107 5 5
119 115 5 5
119 112 5 5
100 109 5 5
100 115 5 5
100 118 5 5
100 112 5 5
101 108 5 5
101 118 5 5
101 116 5 5
101 117 5 5
102 117 5 5
102 113 5 5
102 112 5 5
102 119 5 5
103 118 5 5
103 117 5 5
103 115 5 5
103 114 5 5
124 123 6 6
124 122 6 6
124 120 6 6
124 121 6 6
125 123 6 6
125 120 6 6
125 121 6 6
125 124 6 6
126 120 6 6
126 123 6 6
126 125 6 6
126 121 6 6
127 125 6 6
127 122 6 6
127 126 6 6
127 121 6 6
128 125 6 6
128 121 6 6
128 120 6 6
128 123 6 6
129 120 6 6
129 121 6 6
129 126 6 6
129 123 6 6
130 128 6 6
130 126 6 6
130 123 6 6
130 120 6 6
131 130 6 6
131 129 6 6
131 125 6 6
131 120 6 6
132 124 6 6
132 123 6 6
132 129 6 6
132 130 6 6
133 123 6 6
133 125 6 6
133 128 6 6
133 130 6 6
134 132 6 6
134 121 6 6
134 127 6 6
134 128 6 6
135 129 6 6
135 131 6 6
135 134 6 6
135 120 6 6
136 122 6 6
136 130 6 6
136 121 6 6
136 125 6 6
137 121 6 6
137 135 6 6
137 134 6 6
137 126 6 6
138 132 6 6
138 121 6 6
138 124 6 6
138 123 6 6
139 136 6 6
139 134 6 6
139 122 6 6
139 120 6 6
120 132 6 6
120 133 6 6
120 134 6 6
120 138 6 6
121 132 6 6
121 130 6 6
121 131 6 6
121 139 6 6
122 138 6 6
122 133 6 6
122 132 6 6
122 137 6 6
123 127 6 6
123 136 6 6
123 131 6 6
123 135 6 6
144 142 7 7
144 143 7 7
144 141 7 7
144 140 7 7
145 143 7 7
145 144 7 7
145 142 7 7
145 141 7 7
146 142 7 7
146 144 7 7
146 141 7 7
146 143 7 7
147 142 7 7
147 145 7 7
147 140 7 7
147 144 7 7
148 142 7 7
148 145 7 7
148 146 7 7
148 140 7 7
149 142 7 7
149 144 7 7
149 146 7 7
149 148 7 7
150 146 7 7
150 147 7 7
150 142 7 7
150 149 7 7
151 147 7 7
151 142 7 7
151 148 7 7
151 146 7 7
152 143 7 7
152 148 7 7
152 142 7 7
152 145 7 7
153 152 7 7
153 144 7 7
153 141 7 7
153 140 7 7
154 150 7 7
154 142 7 7
154 153 7 7
154 144 7 7
155 147 7 7
155 151 7 7
155 142 7 7
155 141 7 7
156 155 7 7
156 152 7 7
156 140 7 7
156 143 7 7
157 146 7 7
157 144 7 7
157 148 7 7
157 150 7 7
158 156 7 7
158 154 7 7
158 142 7 7
158 152 7 7
159 148 7 7
159 149 7 7
159 143 7 7
159 140 7 7
140 155 7 7
140 150 7 7
140 158 7 7
140 151 7 7
141 158 7 7
141 147 7 7
141 152 7 7
141 157 7 7
142 159 7 7
142 156 7 7
142 157 7 7
142 153 7 7
143 151 7 7
143 147 7 7
143 158 7 7
143 154 7 7
164 161 8 8
164 163 8 8
164 162 8 8
164 160 8 8
165 160 8 8
165 163 8 8
165 161 8 8
165 162 8 8
166 164 8 8
166 160 8 8
166 162 8 8
166 165 8 8
167 160 8 8
167 164 8 8
167 161 8 8
167 163 8 8
168 164 8 8
168 167 8 8
168 161 8 8
168 163 8 8
169 164 8 8
169 161 8 8
169 168 8 8
169 167 8 8
170 162 8 8
170 169 8 8
170 166 8 8
170 161 8 8
171 163 8 8
171 169 8 8
171 167 8 8
171 165 8 8
172 163 8 8
172 170 8 8
172 165 8 8
172 166 8 8
173 164 8 8
173 162 8 8
173 161 8 8
173 163 8 8
174 163 8 8
174 172 8 8
174 164 8 8
174 168 8 8
175 170 8 8
175 171 8 8
175 164 8 8
175 160 8 8
176 168 8 8
176 173 8 8
176 174 8 8
176 171 8 8
177 167 8 8
177 164 8 8
177 162 8 8
177 176 8 8
178 167 8 8
178 175 8 8
178 171 8 8
178 169 8 8
179 161 8 8
179 174 8 8
179 170 8 8
179 163 8 8
160 168 8 8
160 171 8 8
160 178 8 8
160 170 8 8
161 166 8 8
161 171 8 8
161 172 8 8
161 178 8 8
162 178 8 8
162 172 8 8
162 179 8 8
162 174 8 8
163 170 8 8
163 169 8 8
163 166 8 8
163 177 8 8
184 181 9 9
184 180 9 9
184 183 9 9
184 182 9 9
185 184 9 9
185 183 9 9
185 182 9 9
185 180 9 9
186 181 9 9
186 183 9 9
186 185 9 9
186 184 9 9
187 182 9 9
187 180 9 9
187 186 9 9
187 185 9 9
188 184 9 9
188 181 9 9
188 180 9 9
188 187 9 9
189 185 9 9
189 182 9 9
189 183 9 9
189 186 9 9
190 188 9 9
190 189 9 9
190 182 9 9
190 184 9 9
191 189 9 9
191 188 9 9
191 183 9 9
191 186 9 9
192 180 9 9
192 184 9 9
192 186 9 9
192 181 9 9
193 184 9 9
193 192 9 9
193 186 9 9
193 191 9 9
194 192 9 9
194 180 9 9
194 188 9 9
194 184 9 9
195 193 9 9
195 180 9 9
195 190 9 9
195 185 9 9
196 182 9 9
196 195 9 9
196 191 9 9
196 190 9 9
197 196 9 9
197 182 9 9
197 188 9 9
197 183 9 9
198 184 9 9
198 190 9 9
198 186 9 9
198 197 9 9
199 193 9 9
199 185 9 9
199 195 9 9
199 183 9 9
180 186 9 9
180 197 9 9
180 199 9 9
180 191 9 9
181 197 9 9
181 196 9 9
181 187 9 9
181 199 9 9
182 186 9 9
182 195 9 9
182 188 9 9
182 199 9 9
183 192 9 9
183 190 9 9
183 188 9 9
183 187 9 9
204 202 10 10
204 201 10 10
204 203 10 10
204 200 10 10
205 200 10 10
205 202 10 10
205 203 10 10
205 204 10 10
206 200 10 10
206 203 10 10
206 204 10 10
206 205 10 10
207 200 10 10
207 204 10 10
207 206 10 10
207 202 10 10
208 207 10 10
208 200 10 10
208 205 10 10
208 202 10 10
209 204 10 10
209 208 10 10
209 201 10 10
209 202 10 10
210 209 10 10
210 208 10 10
210 204 10 10
210 201 10 10
211 202 10 10
211 207 10 10
211 200 10 10
211 209 10 10
212 204 10 10
212 201 10 10
212 208 10 10
212 200 10 10
213 207 10 10
213 204 10 10
213 210 10 10
213 201 10 10
214 211 10 10
214 205 10 10
214 203 10 10
214 201 10 10
215 204 10 10
215 210 10 10
215 212 10 10
215 202 10 10
216 203 10 10
216 201 10 10
216 206 10 10
216 207 10 10
217 200 10 10
217 211 10 10
217 203 10 10
217 206 10 10
218 214 10 10
218 215 10 10
218 209 10 10
218 202 10 10
219 202 10 10
219 214 10 10
219 213 10 10
219 200 10 10
200 214 10 10
200 216 10 10
200 213 10 10
200 209 10 10
201 217 10 10
201 207 10 10
201 208 10 10
201 215 10 10
202 210 10 10
202 217 10 10
202 206 10 10
202 212 10 10
203 207 10 10
203 211 10 10
203 213 10 10
203 212 10 10
224 220 11 11
224 222 11 11
224 221 11 11
224 223 11 11
225 223 11 11
225 221 11 11
225 224 11 11
225 222 11 11
226 225 11 11
226 222 11 11
226 221 11 11
226 223 11 11
227 221 11 11
227 225 11 11
227 222 11 11
227 226 11 11
228 221 11 11
228 225 11 11
228 226 11 11
228 222 11 11
229 224 11 11
229 220 11 11
229 222 11 11
229 225 11 11
230 221 11 11
230 220 11 11
230 226 11 11
230 227 11 11
231 221 11 11
231 225 11 11
231 227 11 11
231 229 11 11
232 221 11 11
232 231 11 11
232 230 11 11
232 225 11 11
233 227 11 11
233 232 11 11
233 224 11 11
233 226 11 11
234 228 11 11
234 222 11 11
234 233 11 11
234 226 11 11
235 223 11 11
235 228 11 11
235 226 11 11
235 230 11 11
236 232 11 11
236 222 11 11
236 233 11 11
236 228 11 11
237 226 11 11
237 236 11 11
237 223 11 11
237 232 11 11
238 232 11 11
238 235 11 11
238 225 11 11
238 228 11 11
239 224 11 11
239 238 11 11
239 236 11 11
239 235 11 11
220 238 11 11
220 237 11 11
220 239 11 11
220 235 11 11
221 236 11 11
221 235 11 11
221 233 11 11
221 237 11 11
222 235 11 11
222 230 11 11
222 233 11 11
222 238 11 11
223 227 11 11
223 233 11 11
223 231 11 11
223 239 11 11
244 241 12 12
244 240 12 12
244 242 12 12
244 243 12 12
245 242 12 12
245 244 12 12
245 240 12 12
245 243 12 12
246 240 12 12
246 244 12 12
246 243 12 12
246 242 12 12
247 243 12 12
247 241 12 12
247 244 12 12
247 246 12 12
248 242 12 12
248 244 12 12
248 245 12 12
248 240 12 12
249 241 12 12
249 247 12 12
249 243 12 12
249 246 12 12
250 240 12 12
250 244 12 12
250 247 12 12
250 246 12 12
251 245 12 12
251 250 12 12
251 242 12 12
251 248 12 12
252 242 12 12
252 250 12 12
252 251 12 12
252 248 12 12
253 251 12 12
253 244 12 12
253 252 12 12
253 247 12 12
254 250 12 12
254 252 12 12
254 248 12 12
254 247 12 12
255 246 12 12
255 254 12 12
255 251 12 12
255 248 12 12
256 246 12 12
256 250 12 12
256 253 12 12
256 242 12 12
257 241 12 12
257 246 12 12
257 256 12 12
257 255 12 12
258 241 12 12
258 251 12 12
258 246 12 12
258 257 12 12
259 258 12 12
259 246 12 12
259 257 12 12
259 244 12 12
240 257 12 12
240 259 12 12
240 249 12 12
240 256 12 12
241 255 12 12
241 250 12 12
241 254 12 12
241 253 12 12
242 247 12 12
242 254 12 12
242 258 12 12
242 257 12 12
243 250 12 12
243 255 12 12
243 253 12 12
243 248 12 12
264 262 13 13
264 260 13 13
264 263 13 13
264 261 13 13
265 264 13 13
265 260 13 13
265 263 13 13
265 262 13 13
266 261 13 13
266 265 13 13
266 262 13 13
266 260 13 13
267 264 13 13
267 265 13 13
267 263 13 13
267 261 13 13
268 264 13 13
268 260 13 13
268 262 13 13
268 266 13 13
269 266 13 13
269 267 13 13
269 264 13 13
269 263 13 13
270 265 13 13
270 268 13 13
270 261 13 13
270 266 13 13
271 266 13 13
271 262 13 13
271 263 13 13
271 260 13 13
272 264 13 13
272 261 13 13
272 263 13 13
272 271 13 13
273 270 13 13
273 262 13 13
273 272 13 13
273 267 13 13
274 268 13 13
274 271 13 13
274 270 13 13
274 264 13 13
275 270 13 13
275 266 13 13
275 274 13 13
275 272 13 13
276 275 13 13
276 274 13 13
276 272 13 13
276 262 13 13
277 272 13 13
277 269 13 13
277 263 13 13
277 268 13 13
278 271 13 13
278 275 13 13
278 277 13 13
278 261 13 13
279 266 13 13
279 274 13 13
279 262 13 13
279 275 13 13
260 273 13 13
260 274 13 13
260 269 13 13
260 267 13 13
261 273 13 13
261 269 13 13
261 277 13 13
261 275 13 13
262 272 13 13
262 270 13 13
262 277 13 13
262 275 13 13
263 279 13 13
263 266 13 13
263 278 13 13
263 273 13 13
284 282 14 14
284 280 14 14
284 283 14 14
284 281 14 14
285 281 14 14
285 282 14 14
285 283 14 14
285 284 14 14
286 281 14 14
286 280 14 14
286 282 14 14
286 283 14 14
287 284 14 14
287 283 14 14
287 282 14 14
287 286 14 14
288 285 14 14
288 280 14 14
288 281 14 14
288 287 14 14
289 283 14 14
289 280 14 14
289 281 14 14
289 288 14 14
290 289 14 14
290 288 14 14
290 282 14 14
290 284 14 14
291 284 14 14
291 283 14 14
291 286 14 14
291 282 14 14
292 280 14 14
292 285 14 14
292 291 14 14
292 281 14 14
293 292 14 14
293 289 14 14
293 288 14 14
293 280 14 14
294 291 14 14
294 286 14 14
294 281 14 14
294 290 14 14
295 280 14 14
295 291 14 14
295 282 14 14
295 288 14 14
296 292 14 14
296 295 14 14
296 293 14 14
296 289 14 14
297 291 14 14
297 289 14 14
297 295 14 14
297 294 14 14
298 289 14 14
298 285 14 14
298 296 14 14
298 293 14 14
299 283 14 14
299 280 14 14
299 289 14 14
299 288 14 14
280 294 14 14
280 298 14 14
280 291 14 14
280 287 14 14
281 298 14 14
281 293 14 14
281 296 14 14
281 297 14 14
282 288 14 14
282 294 14 14
282 289 14 14
282 297 14 14
283 296 14 14
283 298 14 14
283 293 14 14
283 295 14 14
304 300 15 15
304 301 15 15
304 303 15 15
304 302 15 15
305 302 15 15
305 300 15 15
305 301 15 15
305 304 15 15
306 304 15 15
306 301 15 15
306 303 15 15
306 300 15 15
307 300 15 15
307 304 15 15
307 303 15 15
307 301 15 15
308 300 15 15
308 301 15 15
308 303 15 15
308 306 15 15
309 304 15 15
309 306 15 15
309 303 15 15
309 300 15 15
310 305 15 15
310 302 15 15
310 301 15 15
310 303 15 15
311 301 15 15
311 305 15 15
311 306 15 15
311 303 15 15
312 311 15 15
312 303 15 15
312 306 15 15
312 301 15 15
313 308 15 15
313 301 15 15
313 309 15 15
313 306 15 15
314 301 15 15
314 302 15 15
314 307 15 15
314 304 15 15
315 313 15 15
315 309 15 15
315 307 15 15
315 314 15 15
316 312 15 15
316 308 15 15
316 306 15 15
316 307 15 15
317 306 15 15
317 307 15 15
317 301 15 15
317 315 15 15
318 306 15 15
318 311 15 15
318 302 15 15
318 310 15 15
319 311 15 15
319 313 15 15
319 303 15 15
319 302 15 15
300 316 15 15
300 312 15 15
300 314 15 15
300 310 15 15
301 315 15 15
301 318 15 15
301 316 15 15
301 319 15 15
302 311 15 15
302 312 15 15
302 313 15 15
302 315 15 15
303 316 15 15
303 313 15 15
303 318 15 15
303 315 15 15
96 43 4 2
93 78 4 3
84 31 4 1
92 6 4 0
113 22 5 1
118 18 5 0
119 83 5 4
117 55 5 2
139 56 6 2
129 32 6 1
134 69 6 3
132 4 6 0
151 8 7 0
148 64 7 3
153 113 7 5
140 50 7 2
165 102 8 5
172 60 8 3
174 143 8 7
169 83 8 4
193 32 9 1
183 129 9 6
187 48 9 2
180 4 9 0
219 34 10 1
207 151 10 7
217 1 10 0
214 71 10 3
220 14 11 0
221 56 11 2
221 23 11 1
221 196 11 9
258 58 12 2
246 112 12 5
250 171 12 8
255 180 12 9
273 221 13 11
269 88 13 4
268 41 13 2
270 15 13 0
296 246 14 12
284 207 14 10
285 89 14 4
291 274 14 13
300 172 15 8
308 70 15 3
309 235 15 11
302 257 15 12
9 297 0 14
17 248 0 12
13 170 0 8
11 312 0 15
26 141 1 7
32 302 1 15
33 166 1 8
25 283 1 14
41 177 2 8
58 203 2 10
51 315 2 15
49 283 2 14
61 296 3 14
75 104 3 5
66 237 3 11
75 184 3 9
