swNum = 320
edgeNum = 1343

0 0
1 0
2 0
3 0
4 0
5 0
6 0
7 0
8 0
9 0
10 0
11 0
12 0
13 0
14 0
15 0
16 0
17 0
18 0
19 0
20 1
21 1
22 1
23 1
24 1
25 1
26 1
27 1
28 1
29 1
30 1
31 1
32 1
33 1
34 1
35 1
36 1
37 1
38 1
39 1
40 2
41 2
42 2
43 2
44 2
45 2
46 2
47 2
48 2
49 2
50 2
51 2
52 2
53 2
54 2
55 2
56 2
57 2
58 2
59 2
60 3
61 3
62 3
63 3
64 3
65 3
66 3
67 3
68 3
69 3
70 3
71 3
72 3
73 3
74 3
75 3
76 3
77 3
78 3
79 3
80 4
81 4
82 4
83 4
84 4
85 4
86 4
87 4
88 4
89 4
90 4
91 4
92 4
93 4
94 4
95 4
96 4
97 4
98 4
99 4
100 5
101 5
102 5
103 5
104 5
105 5
106 5
107 5
108 5
109 5
110 5
111 5
112 5
113 5
114 5
115 5
116 5
117 5
118 5
119 5
120 6
121 6
122 6
123 6
124 6
125 6
126 6
127 6
128 6
129 6
130 6
131 6
132 6
133 6
134 6
135 6
136 6
137 6
138 6
139 6
140 7
141 7
142 7
143 7
144 7
145 7
146 7
147 7
148 7
149 7
150 7
151 7
152 7
153 7
154 7
155 7
156 7
157 7
158 7
159 7
160 8
161 8
162 8
163 8
164 8
165 8
166 8
167 8
168 8
169 8
170 8
171 8
172 8
173 8
174 8
175 8
176 8
177 8
178 8
179 8
180 9
181 9
182 9
183 9
184 9
185 9
186 9
187 9
188 9
189 9
190 9
191 9
192 9
193 9
194 9
195 9
196 9
197 9
198 9
199 9
200 10
201 10
202 10
203 10
204 10
205 10
206 10
207 10
208 10
209 10
210 10
211 10
212 10
213 10
214 10
215 10
216 10
217 10
218 10
219 10
220 11
221 11
222 11
223 11
224 11
225 11
226 11
227 11
228 11
229 11
230 11
231 11
232 11
233 11
234 11
235 11
236 11
237 11
238 11
239 11
240 12
241 12
242 12
243 12
244 12
245 12
246 12
247 12
248 12
249 12
250 12
251 12
252 12
253 12
254 12
255 12
256 12
257 12
258 12
259 12
260 13
261 13
262 13
263 13
264 13
265 13
266 13
267 13
268 13
269 13
270 13
271 13
272 13
273 13
274 13
275 13
276 13
277 13
278 13
279 13
280 14
281 14
282 14
283 14
284 14
285 14
286 14
287 14
288 14
289 14
290 14
291 14
292 14
293 14
294 14
295 14
296 14
297 14
298 14
299 14
300 15
301 15
302 15
303 15
304 15
305 15
306 15
307 15
308 15
309 15
310 15
311 15
312 15
313 15
314 15
315 15
316 15
317 15
318 15
319 15

4 3 0 0
4 0 0 0
4 1 0 0
4 2 0 0
5 3 0 0
5 0 0 0
5 2 0 0
5 1 0 0
6 2 0 0
6 1 0 0
6 4 0 0
6 0 0 0
7 2 0 0
7 5 0 0
7 6 0 0
7 0 0 0
8 2 0 0
8 1 0 0
8 0 0 0
8 6 0 0
9 5 0 0
9 3 0 0
9 0 0 0
9 1 0 0
10 4 0 0
10 1 0 0
10 6 0 0
10 2 0 0
11 9 0 0
11 1 0 0
11 4 0 0
11 5 0 0
12 11 0 0
12 6 0 0
12 7 0 0
12 0 0 0
13 6 0 0
13 8 0 0
13 2 0 0
13 1 0 0
14 13 0 0
14 1 0 0
14 2 0 0
14 7 0 0
15 3 0 0
15 12 0 0
15 0 0 0
15 5 0 0
16 7 0 0
16 12 0 0
16 0 0 0
16 1 0 0
17 1 0 0
17 4 0 0
17 16 0 0
17 10 0 0
18 9 0 0
18 3 0 0
18 17 0 0
18 12 0 0
19 7 0 0
19 1 0 0
19 8 0 0
19 6 0 0
0 11 0 0
0 18 0 0
0 17 0 0
0 19 0 0
1 7 0 0
1 12 0 0
1 18 0 0
1 15 0 0
2 9 0 0
2 19 0 0
2 15 0 0
2 17 0 0
3 17 0 0
3 14 0 0
3 12 0 0
3 16 0 0
24 20 1 1
24 21 1 1
24 23 1 1
24 22 1 1
25 21 1 1
25 23 1 1
25 24 1 1
25 22 1 1
26 24 1 1
26 23 1 1
26 21 1 1
26 22 1 1
27 20 1 1
27 21 1 1
27 23 1 1
27 22 1 1
28 21 1 1
28 23 1 1
28 25 1 1
28 27 1 1
29 28 1 1
29 25 1 1
29 21 1 1
29 20 1 1
30 27 1 1
30 26 1 1
30 20 1 1
30 23 1 1
31 22 1 1
31 26 1 1
31 30 1 1
31 25 1 1
32 30 1 1
32 27 1 1
32 26 1 1
32 23 1 1
33 24 1 1
33 32 1 1
33 28 1 1
33 27 1 1
34 31 1 1
34 25 1 1
34 26 1 1
34 24 1 1
35 26 1 1
35 22 1 1
35 21 1 1
35 28 1 1
36 22 1 1
36 24 1 1
36 29 1 1
36 32 1 1
37 30 1 1
37 27 1 1
37 28 1 1
37 20 1 1
38 20 1 1
38 32 1 1
38 23 1 1
38 30 1 1
39 37 1 1
39 30 1 1
39 33 1 1
39 23 1 1
20 35 1 1
20 34 1 1
20 25 1 1
20 28 1 1
21 36 1 1
21 34 1 1
21 32 1 1
21 37 1 1
22 29 1 1
22 28 1 1
22 32 1 1
22 33 1 1
23 36 1 1
23 31 1 1
23 33 1 1
23 29 1 1
44 42 2 2
44 41 2 2
44 43 2 2
44 40 2 2
45 42 2 2
45 43 2 2
45 40 2 2
45 44 2 2
46 40 2 2
46 44 2 2
46 42 2 2
46 43 2 2
47 41 2 2
47 44 2 2
47 42 2 2
47 46 2 2
48 46 2 2
48 47 2 2
48 41 2 2
48 42 2 2
49 43 2 2
49 42 2 2
49 40 2 2
49 45 2 2
50 42 2 2
50 45 2 2
50 49 2 2
50 43 2 2
51 48 2 2
51 42 2 2
51 41 2 2
51 43 2 2
52 42 2 2
52 44 2 2
52 48 2 2
52 49 2 2
53 41 2 2
53 44 2 2
53 52 2 2
53 45 2 2
54 47 2 2
54 43 2 2
54 46 2 2
54 44 2 2
55 40 2 2
55 48 2 2
55 46 2 2
55 44 2 2
56 46 2 2
56 40 2 2
56 52 2 2
56 53 2 2
57 51 2 2
57 47 2 2
57 43 2 2
57 48 2 2
58 57 2 2
58 42 2 2
58 44 2 2
58 51 2 2
59 55 2 2
59 47 2 2
59 41 2 2
59 58 2 2
40 54 2 2
40 47 2 2
40 50 2 2
40 53 2 2
41 52 2 2
41 55 2 2
41 49 2 2
41 54 2 2
42 59 2 2
42 53 2 2
42 57 2 2
42 56 2 2
43 47 2 2
43 59 2 2
43 53 2 2
43 58 2 2
64 60 3 3
64 62 3 3
64 61 3 3
64 63 3 3
65 63 3 3
65 64 3 3
65 61 3 3
65 60 3 3
66 61 3 3
66 65 3 3
66 60 3 3
66 64 3 3
67 64 3 3
67 62 3 3
67 65 3 3
67 60 3 3
68 65 3 3
68 66 3 3
68 63 3 3
68 60 3 3
69 62 3 3
69 60 3 3
69 64 3 3
69 67 3 3
70 61 3 3
70 67 3 3
70 64 3 3
70 60 3 3
71 68 3 3
71 65 3 3
71 63 3 3
71 66 3 3
72 61 3 3
72 63 3 3
72 71 3 3
72 65 3 3
73 64 3 3
73 71 3 3
73 66 3 3
73 68 3 3
74 67 3 3
74 71 3 3
74 69 3 3
74 60 3 3
75 65 3 3
75 74 3 3
75 60 3 3
75 73 3 3
76 66 3 3
76 60 3 3
76 62 3 3
76 72 3 3
77 64 3 3
77 63 3 3
77 73 3 3
77 65 3 3
78 74 3 3
78 76 3 3
78 71 3 3
78 73 3 3
79 74 3 3
79 73 3 3
79 77 3 3
79 76 3 3
60 71 3 3
60 79 3 3
60 77 3 3
60 72 3 3
61 68 3 3
61 69 3 3
61 71 3 3
61 67 3 3
62 70 3 3
62 66 3 3
62 72 3 3
62 77 3 3
63 66 3 3
63 73 3 3
63 79 3 3
63 78 3 3
84 82 4 4
84 83 4 4
84 81 4 4
84 80 4 4
85 83 4 4
85 84 4 4
85 81 4 4
85 82 4 4
86 83 4 4
86 84 4 4
86 85 4 4
86 81 4 4
87 83 4 4
87 85 4 4
87 80 4 4
87 86 4 4
88 80 4 4
88 83 4 4
88 86 4 4
88 87 4 4
89 85 4 4
89 82 4 4
89 84 4 4
89 86 4 4
90 80 4 4
90 87 4 4
90 89 4 4
90 81 4 4
91 88 4 4
91 90 4 4
91 84 4 4
91 83 4 4
92 83 4 4
92 84 4 4
92 87 4 4
92 82 4 4
93 84 4 4
93 91 4 4
93 88 4 4
93 89 4 4
94 86 4 4
94 81 4 4
94 89 4 4
94 90 4 4
95 92 4 4
95 93 4 4
95 91 4 4
95 88 4 4
96 92 4 4
96 88 4 4
96 87 4 4
96 94 4 4
97 95 4 4
97 80 4 4
97 91 4 4
97 90 4 4
98 94 4 4
98 89 4 4
98 86 4 4
98 82 4 4
99 94 4 4
99 81 4 4
99 92 4 4
99 84 4 4
80 93 4 4
80 91 4 4
80 86 4 4
80 96 4 4
81 96 4 4
81 87 4 4
81 92 4 4
81 97 4 4
82 91 4 4
82 90 4 4
82 86 4 4
82 93 4 4
83 98 4 4
83 90 4 4
83 93 4 4
83 96 4 4
104 103 5 5
104 101 5 5
104 100 5 5
104 102 5 5
105 102 5 5
105 103 5 5
105 101 5 5
105 104 5 5
106 104 5 5
106 102 5 5
106 101 5 5
106 100 5 5
107 106 5 5
107 100 5 5
107 104 5 5
107 102 5 5
108 103 5 5
108 105 5 5
108 101 5 5
108 107 5 5
109 105 5 5
109 108 5 5
109 102 5 5
109 103 5 5
110 103 5 5
110 108 5 5
110 100 5 5
110 102 5 5
111 105 5 5
111 103 5 5
111 108 5 5
111 106 5 5
112 106 5 5
112 102 5 5
112 108 5 5
112 103 5 5
113 104 5 5
113 106 5 5
113 112 5 5
113 107 5 5
114 100 5 5
114 102 5 5
114 112 5 5
114 106 5 5
115 103 5 5
115 106 5 5
115 102 5 5
115 109 5 5
116 115 5 5
116 109 5 5
116 113 5 5
116 104 5 5
117 112 5 5
117 108 5 5
117 115 5 5
117 116 5 5
118 113 5 5
118 103 5 5
118 112 5 5
118 109 5 5
119 110 5 5
119 100 5 5
119 113 5 5
119 102 5 5
100 117 5 5
100 115 5 5
100 113 5 5
100 116 5 5
101 113 5 5
101 116 5 5
101 117 5 5
101 111 5 5
102 113 5 5
102 111 5 5
102 116 5 5
102 118 5 5
103 116 5 5
103 119 5 5
103 117 5 5
103 114 5 5
124 123 6 6
124 120 6 6
124 122 6 6
124 121 6 6
125 123 6 6
125 121 6 6
125 124 6 6
125 122 6 6
126 123 6 6
126 122 6 6
126 125 6 6
126 124 6 6
127 123 6 6
127 122 6 6
127 120 6 6
127 124 6 6
128 122 6 6
128 123 6 6
128 127 6 6
128 125 6 6
129 122 6 6
129 120 6 6
129 127 6 6
129 123 6 6
130 126 6 6
130 120 6 6
130 121 6 6
130 122 6 6
131 125 6 6
131 126 6 6
131 130 6 6
131 121 6 6
132 130 6 6
132 127 6 6
132 124 6 6
132 129 6 6
133 125 6 6
133 124 6 6
133 122 6 6
133 130 6 6
134 122 6 6
134 130 6 6
134 126 6 6
134 123 6 6
135 125 6 6
135 123 6 6
135 134 6 6
135 132 6 6
136 134 6 6
136 123 6 6
136 122 6 6
136 130 6 6
137 134 6 6
137 127 6 6
137 123 6 6
137 122 6 6
138 121 6 6
138 131 6 6
138 133 6 6
138 127 6 6
139 121 6 6
139 122 6 6
139 128 6 6
139 130 6 6
120 136 6 6
120 135 6 6
120 132 6 6
120 137 6 6
121 133 6 6
121 136 6 6
121 134 6 6
121 126 6 6
122 131 6 6
122 135 6 6
122 138 6 6
122 132 6 6
123 130 6 6
123 132 6 6
123 138 6 6
123 133 6 6
144 143 7 7
144 141 7 7
144 140 7 7
144 142 7 7
145 143 7 7
145 141 7 7
145 140 7 7
145 142 7 7
146 145 7 7
146 143 7 7
146 141 7 7
146 144 7 7
147 143 7 7
147 144 7 7
147 140 7 7
147 145 7 7
148 140 7 7
148 141 7 7
148 144 7 7
148 146 7 7
149 148 7 7
149 143 7 7
149 146 7 7
149 141 7 7
150 149 7 7
150 140 7 7
150 146 7 7
150 145 7 7
151 144 7 7
151 147 7 7
151 145 7 7
151 149 7 7
152 147 7 7
152 151 7 7
152 141 7 7
152 140 7 7
153 145 7 7
153 147 7 7
153 143 7 7
153 141 7 7
154 152 7 7
154 144 7 7
154 147 7 7
154 142 7 7
155 146 7 7
155 153 7 7
155 145 7 7
155 154 7 7
156 145 7 7
156 147 7 7
156 142 7 7
156 143 7 7
157 152 7 7
157 153 7 7
157 147 7 7
157 150 7 7
158 150 7 7
158 155 7 7
158 145 7 7
158 143 7 7
159 158 7 7
159 140 7 7
159 153 7 7
159 157 7 7
140 154 7 7
140 157 7 7
140 146 7 7
140 151 7 7
141 157 7 7
141 158 7 7
141 147 7 7
141 159 7 7
142 159 7 7
142 152 7 7
142 151 7 7
142 147 7 7
143 157 7 7
143 151 7 7
143 148 7 7
143 159 7 7
164 163 8 8
164 161 8 8
164 162 8 8
164 160 8 8
165 160 8 8
165 162 8 8
165 161 8 8
165 163 8 8
166 165 8 8
166 163 8 8
166 164 8 8
166 160 8 8
167 163 8 8
167 161 8 8
167 164 8 8
167 162 8 8
168 162 8 8
168 167 8 8
168 160 8 8
168 163 8 8
169 163 8 8
169 165 8 8
169 162 8 8
169 167 8 8
170 162 8 8
170 166 8 8
170 167 8 8
170 168 8 8
171 170 8 8
171 162 8 8
171 166 8 8
171 163 8 8
172 163 8 8
172 171 8 8
172 167 8 8
172 169 8 8
173 167 8 8
173 162 8 8
173 168 8 8
173 161 8 8
174 163 8 8
174 173 8 8
174 167 8 8
174 170 8 8
175 172 8 8
175 162 8 8
175 163 8 8
175 160 8 8
176 161 8 8
176 163 8 8
176 162 8 8
176 173 8 8
177 175 8 8
177 173 8 8
177 176 8 8
177 174 8 8
178 173 8 8
178 170 8 8
178 174 8 8
178 167 8 8
179 172 8 8
179 162 8 8
179 166 8 8
179 177 8 8
160 167 8 8
160 174 8 8
160 171 8 8
160 176 8 8
161 170 8 8
161 177 8 8
161 179 8 8
161 172 8 8
162 172 8 8
162 178 8 8
162 174 8 8
162 166 8 8
163 177 8 8
163 173 8 8
163 170 8 8
163 179 8 8
184 183 9 9
184 180 9 9
184 182 9 9
184 181 9 9
185 180 9 9
185 183 9 9
185 181 9 9
185 184 9 9
186 180 9 9
186 185 9 9
186 183 9 9
186 184 9 9
187 181 9 9
187 183 9 9
187 184 9 9
187 180 9 9
188 182 9 9
188 186 9 9
188 187 9 9
188 184 9 9
189 184 9 9
189 182 9 9
189 185 9 9
189 183 9 9
190 181 9 9
190 188 9 9
190 187 9 9
190 186 9 9
191 180 9 9
191 184 9 9
191 183 9 9
191 186 9 9
192 188 9 9
192 182 9 9
192 180 9 9
192 189 9 9
193 182 9 9
193 187 9 9
193 188 9 9
193 181 9 9
194 186 9 9
194 181 9 9
194 190 9 9
194 193 9 9
195 184 9 9
195 191 9 9
195 187 9 9
195 190 9 9
196 186 9 9
196 187 9 9
196 184 9 9
196 183 9 9
197 180 9 9
197 183 9 9
197 195 9 9
197 186 9 9
198 181 9 9
198 196 9 9
198 187 9 9
198 190 9 9
199 196 9 9
199 184 9 9
199 181 9 9
199 182 9 9
180 195 9 9
180 193 9 9
180 194 9 9
180 199 9 9
181 196 9 9
181 197 9 9
181 189 9 9
181 195 9 9
182 190 9 9
182 194 9 9
182 197 9 9
182 191 9 9
183 193 9 9
183 198 9 9
183 190 9 9
183 188 9 9
204 202 10 10
204 203 10 10
204 201 10 10
204 200 10 10
205 201 10 10
205 200 10 10
205 202 10 10
205 203 10 10
206 201 10 10
206 203 10 10
206 205 10 10
206 200 10 10
207 200 10 10
207 205 10 10
207 203 10 10
207 206 10 10
208 201 10 10
208 203 10 10
208 206 10 10
208 204 10 10
209 208 10 10
209 204 10 10
209 205 10 10
209 201 10 10
210 203 10 10
210 206 10 10
210 207 10 10
210 202 10 10
211 207 10 10
211 203 10 10
211 205 10 10
211 209 10 10
212 211 10 10
212 207 10 10
212 205 10 10
212 202 10 10
213 207 10 10
213 202 10 10
213 206 10 10
213 200 10 10
214 212 10 10
214 203 10 10
214 202 10 10
214 205 10 10
215 210 10 10
215 213 10 10
215 200 10 10
215 209 10 10
216 205 10 10
216 202 10 10
216 214 10 10
216 212 10 10
217 215 10 10
217 211 10 10
217 200 10 10
217 201 10 10
218 217 10 10
218 200 10 10
218 211 10 10
218 213 10 10
219 214 10 10
219 206 10 10
219 210 10 10
219 209 10 10
200 212 10 10
200 216 10 10
200 211 10 10
200 219 10 10
201 213 10 10
201 212 10 10
201 216 10 10
201 211 10 10
202 218 10 10
202 217 10 10
202 206 10 10
202 208 10 10
203 219 10 10
203 209 10 10
203 213 10 10
203 218 10 10
224 221 11 11
224 222 11 11
224 220 11 11
224 223 11 11
225 221 11 11
225 223 11 11
225 224 11 11
225 220 11 11
226 220 11 11
226 224 11 11
226 223 11 11
226 221 11 11
227 225 11 11
227 223 11 11
227 222 11 11
227 224 11 11
228 220 11 11
228 224 11 11
228 225 11 11
228 223 11 11
229 220 11 11
229 227 11 11
229 222 11 11
229 223 11 11
230 220 11 11
230 229 11 11
230 225 11 11
230 222 11 11
231 227 11 11
231 221 11 11
231 229 11 11
231 222 11 11
232 228 11 11
232 222 11 11
232 221 11 11
232 225 11 11
233 229 11 11
233 222 11 11
233 228 11 11
233 224 11 11
234 226 11 11
234 224 11 11
234 220 11 11
234 228 11 11
235 228 11 11
235 225 11 11
235 224 11 11
235 233 11 11
236 222 11 11
236 224 11 11
236 225 11 11
236 233 11 11
237 221 11 11
237 228 11 11
237 236 11 11
237 235 11 11
238 235 11 11
238 223 11 11
238 222 11 11
238 230 11 11
239 221 11 11
239 225 11 11
239 228 11 11
239 224 11 11
220 235 11 11
220 237 11 11
220 227 11 11
220 239 11 11
221 228 11 11
221 234 11 11
221 233 11 11
221 235 11 11
222 239 11 11
222 228 11 11
222 237 11 11
222 235 11 11
223 234 11 11
223 235 11 11
223 236 11 11
223 230 11 11
244 241 12 12
244 240 12 12
244 242 12 12
244 243 12 12
245 242 12 12
245 241 12 12
245 243 12 12
245 240 12 12
246 241 12 12
246 243 12 12
246 245 12 12
246 244 12 12
247 245 12 12
247 244 12 12
247 246 12 12
247 240 12 12
248 240 12 12
248 245 12 12
248 244 12 12
248 247 12 12
249 244 12 12
249 248 12 12
249 246 12 12
249 240 12 12
250 244 12 12
250 248 12 12
250 249 12 12
250 247 12 12
251 244 12 12
251 241 12 12
251 247 12 12
251 240 12 12
252 250 12 12
252 249 12 12
252 244 12 12
252 251 12 12
253 248 12 12
253 244 12 12
253 251 12 12
253 252 12 12
254 251 12 12
254 241 12 12
254 247 12 12
254 253 12 12
255 242 12 12
255 250 12 12
255 254 12 12
255 247 12 12
256 250 12 12
256 244 12 12
256 251 12 12
256 249 12 12
257 240 12 12
257 256 12 12
257 243 12 12
257 251 12 12
258 243 12 12
258 256 12 12
258 249 12 12
258 251 12 12
259 253 12 12
259 252 12 12
259 244 12 12
259 257 12 12
240 253 12 12
240 250 12 12
240 258 12 12
240 259 12 12
241 249 12 12
241 247 12 12
241 252 12 12
241 257 12 12
242 250 12 12
242 257 12 12
242 246 12 12
242 253 12 12
243 254 12 12
243 259 12 12
243 253 12 12
243 251 12 12
264 260 13 13
264 261 13 13
264 262 13 13
264 263 13 13
265 260 13 13
265 261 13 13
265 264 13 13
265 262 13 13
266 261 13 13
266 262 13 13
266 264 13 13
266 265 13 13
267 260 13 13
267 264 13 13
267 261 13 13
267 262 13 13
268 266 13 13
268 260 13 13
268 264 13 13
268 261 13 13
269 265 13 13
269 262 13 13
269 267 13 13
269 260 13 13
270 263 13 13
270 262 13 13
270 266 13 13
270 261 13 13
271 261 13 13
271 266 13 13
271 263 13 13
271 260 13 13
272 261 13 13
272 264 13 13
272 266 13 13
272 262 13 13
273 266 13 13
273 272 13 13
273 260 13 13
273 271 13 13
274 264 13 13
274 273 13 13
274 260 13 13
274 266 13 13
275 265 13 13
275 268 13 13
275 260 13 13
275 273 13 13
276 261 13 13
276 264 13 13
276 260 13 13
276 265 13 13
277 266 13 13
277 274 13 13
277 269 13 13
277 261 13 13
278 272 13 13
278 273 13 13
278 276 13 13
278 271 13 13
279 272 13 13
279 264 13 13
279 273 13 13
279 276 13 13
260 278 13 13
260 266 13 13
260 277 13 13
260 272 13 13
261 274 13 13
261 279 13 13
261 273 13 13
261 278 13 13
262 271 13 13
262 268 13 13
262 277 13 13
262 279 13 13
263 272 13 13
263 279 13 13
263 278 13 13
263 268 13 13
284 281 14 14
284 280 14 14
284 282 14 14
284 283 14 14
285 280 14 14
285 283 14 14
285 284 14 14
285 282 14 14
286 280 14 14
286 284 14 14
286 282 14 14
286 285 14 14
287 282 14 14
287 286 14 14
287 283 14 14
287 280 14 14
288 282 14 14
288 283 14 14
288 287 14 14
288 281 14 14
289 284 14 14
289 285 14 14
289 287 14 14
289 281 14 14
290 289 14 14
290 281 14 14
290 285 14 14
290 280 14 14
291 281 14 14
291 288 14 14
291 282 14 14
291 283 14 14
292 282 14 14
292 291 14 14
292 280 14 14
292 288 14 14
293 291 14 14
293 287 14 14
293 281 14 14
293 282 14 14
294 284 14 14
294 281 14 14
294 289 14 14
294 286 14 14
295 285 14 14
295 281 14 14
295 283 14 14
295 282 14 14
296 294 14 14
296 281 14 14
296 284 14 14
296 286 14 14
297 291 14 14
297 284 14 14
297 280 14 14
297 292 14 14
298 281 14 14
298 283 14 14
298 282 14 14
298 294 14 14
299 283 14 14
299 286 14 14
299 291 14 14
299 293 14 14
280 299 14 14
280 294 14 14
280 291 14 14
280 296 14 14
281 286 14 14
281 292 14 14
281 285 14 14
281 297 14 14
282 290 14 14
282 299 14 14
282 296 14 14
282 294 14 14
283 286 14 14
283 294 14 14
283 293 14 14
283 292 14 14
304 300 15 15
304 302 15 15
304 303 15 15
304 301 15 15
305 300 15 15
305 303 15 15
305 301 15 15
305 304 15 15
306 300 15 15
306 301 15 15
306 305 15 15
306 303 15 15
307 300 15 15
307 306 15 15
307 301 15 15
307 305 15 15
308 300 15 15
308 307 15 15
308 303 15 15
308 305 15 15
309 307 15 15
309 300 15 15
309 306 15 15
309 301 15 15
310 309 15 15
310 300 15 15
310 302 15 15
310 305 15 15
311 305 15 15
311 308 15 15
311 304 15 15
311 300 15 15
312 304 15 15
312 302 15 15
312 309 15 15
312 307 15 15
313 312 15 15
313 302 15 15
313 308 15 15
313 304 15 15
314 300 15 15
314 301 15 15
314 312 15 15
314 302 15 15
315 306 15 15
315 302 15 15
315 310 15 15
315 303 15 15
316 311 15 15
316 313 15 15
316 308 15 15
316 314 15 15
317 314 15 15
317 315 15 15
317 302 15 15
317 304 15 15
318 302 15 15
318 309 15 15
318 304 15 15
318 306 15 15
319 311 15 15
319 302 15 15
319 309 15 15
319 315 15 15
300 312 15 15
300 318 15 15
300 319 15 15
300 313 15 15
301 318 15 15
301 312 15 15
301 315 15 15
301 310 15 15
302 316 15 15
302 307 15 15
302 305 15 15
302 309 15 15
303 319 15 15
303 310 15 15
303 309 15 15
303 316 15 15
82 4 4 0
83 37 4 1
88 63 4 3
84 55 4 2
114 18 5 0
115 94 5 4
101 43 5 2
103 27 5 1
120 52 6 2
127 16 6 0
122 66 6 3
128 27 6 1
155 91 7 4
149 104 7 5
151 122 7 6
157 9 7 0
163 97 8 4
163 103 8 5
160 127 8 6
160 17 8 0
196 39 9 1
182 165 9 8
189 73 9 3
192 105 9 5
213 11 10 0
210 109 10 5
216 146 10 7
203 32 10 1
233 185 11 9
238 124 11 6
234 8 11 0
225 63 11 3
250 23 12 1
258 8 12 0
251 225 12 11
248 110 12 5
273 65 13 3
271 26 13 1
272 132 13 6
276 167 13 8
296 43 14 2
291 115 14 5
289 85 14 4
296 220 14 11
317 281 15 14
307 247 15 12
300 18 15 0
319 52 15 2
11 280 0 14
4 263 0 13
18 191 0 9
22 313 1 15
24 154 1 7
29 291 1 14
20 168 1 8
54 264 2 13
51 246 2 12
46 160 2 8
46 215 2 10
67 314 3 15
60 246 3 12
77 172 3 8
71 159 3 7
