swNum = 320
edgeNum = 1344

0 0
1 0
2 0
3 0
4 0
5 0
6 0
7 0
8 0
9 0
10 0
11 0
12 0
13 0
14 0
15 0
16 0
17 0
18 0
19 0
20 1
21 1
22 1
23 1
24 1
25 1
26 1
27 1
28 1
29 1
30 1
31 1
32 1
33 1
34 1
35 1
36 1
37 1
38 1
39 1
40 2
41 2
42 2
43 2
44 2
45 2
46 2
47 2
48 2
49 2
50 2
51 2
52 2
53 2
54 2
55 2
56 2
57 2
58 2
59 2
60 3
61 3
62 3
63 3
64 3
65 3
66 3
67 3
68 3
69 3
70 3
71 3
72 3
73 3
74 3
75 3
76 3
77 3
78 3
79 3
80 4
81 4
82 4
83 4
84 4
85 4
86 4
87 4
88 4
89 4
90 4
91 4
92 4
93 4
94 4
95 4
96 4
97 4
98 4
99 4
100 5
101 5
102 5
103 5
104 5
105 5
106 5
107 5
108 5
109 5
110 5
111 5
112 5
113 5
114 5
115 5
116 5
117 5
118 5
119 5
120 6
121 6
122 6
123 6
124 6
125 6
126 6
127 6
128 6
129 6
130 6
131 6
132 6
133 6
134 6
135 6
136 6
137 6
138 6
139 6
140 7
141 7
142 7
143 7
144 7
145 7
146 7
147 7
148 7
149 7
150 7
151 7
152 7
153 7
154 7
155 7
156 7
157 7
158 7
159 7
160 8
161 8
162 8
163 8
164 8
165 8
166 8
167 8
168 8
169 8
170 8
171 8
172 8
173 8
174 8
175 8
176 8
177 8
178 8
179 8
180 9
181 9
182 9
183 9
184 9
185 9
186 9
187 9
188 9
189 9
190 9
191 9
192 9
193 9
194 9
195 9
196 9
197 9
198 9
199 9
200 10
201 10
202 10
203 10
204 10
205 10
206 10
207 10
208 10
209 10
210 10
211 10
212 10
213 10
214 10
215 10
216 10
217 10
218 10
219 10
220 11
221 11
222 11
223 11
224 11
225 11
226 11
227 11
228 11
229 11
230 11
231 11
232 11
233 11
234 11
235 11
236 11
237 11
238 11
239 11
240 12
241 12
242 12
243 12
244 12
245 12
246 12
247 12
248 12
249 12
250 12
251 12
252 12
253 12
254 12
255 12
256 12
257 12
258 12
259 12
260 13
261 13
262 13
263 13
264 13
265 13
266 13
267 13
268 13
269 13
270 13
271 13
272 13
273 13
274 13
275 13
276 13
277 13
278 13
279 13
280 14
281 14
282 14
283 14
284 14
285 14
286 14
287 14
288 14
289 14
290 14
291 14
292 14
293 14
294 14
295 14
296 14
297 14
298 14
299 14
300 15
301 15
302 15
303 15
304 15
305 15
306 15
307 15
308 15
309 15
310 15
311 15
312 15
313 15
314 15
315 15
316 15
317 15
318 15
319 15

4 2 0 0
4 0 0 0
4 3 0 0
4 1 0 0
5 3 0 0
5 2 0 0
5 1 0 0
5 4 0 0
6 3 0 0
6 1 0 0
6 5 0 0
6 4 0 0
7 3 0 0
7 4 0 0
7 0 0 0
7 6 0 0
8 4 0 0
8 7 0 0
8 5 0 0
8 3 0 0
9 8 0 0
9 7 0 0
9 4 0 0
9 0 0 0
10 5 0 0
10 0 0 0
10 4 0 0
10 2 0 0
11 2 0 0
11 0 0 0
11 1 0 0
11 8 0 0
12 6 0 0
12 3 0 0
12 5 0 0
12 11 0 0
13 11 0 0
13 0 0 0
13 5 0 0
13 8 0 0
14 13 0 0
14 1 0 0
14 11 0 0
14 4 0 0
15 7 0 0
15 5 0 0
15 11 0 0
15 3 0 0
16 0 0 0
16 4 0 0
16 7 0 0
16 5 0 0
17 6 0 0
17 8 0 0
17 5 0 0
17 15 0 0
18 6 0 0
18 16 0 0
18 3 0 0
18 9 0 0
19 2 0 0
19 17 0 0
19 15 0 0
19 6 0 0
0 6 0 0
0 14 0 0
0 15 0 0
0 5 0 0
1 15 0 0
1 19 0 0
1 7 0 0
1 10 0 0
2 15 0 0
2 6 0 0
2 9 0 0
2 13 0 0
3 11 0 0
3 16 0 0
3 17 0 0
3 13 0 0
24 22 1 1
24 23 1 1
24 20 1 1
24 21 1 1
25 24 1 1
25 20 1 1
25 21 1 1
25 22 1 1
26 20 1 1
26 25 1 1
26 21 1 1
26 24 1 1
27 26 1 1
27 20 1 1
27 25 1 1
27 24 1 1
28 23 1 1
28 22 1 1
28 24 1 1
28 25 1 1
29 20 1 1
29 26 1 1
29 27 1 1
29 24 1 1
30 29 1 1
30 27 1 1
30 20 1 1
30 26 1 1
31 26 1 1
31 22 1 1
31 23 1 1
31 25 1 1
32 26 1 1
32 27 1 1
32 21 1 1
32 25 1 1
33 28 1 1
33 24 1 1
33 22 1 1
33 32 1 1
34 29 1 1
34 28 1 1
34 27 1 1
34 26 1 1
35 33 1 1
35 34 1 1
35 23 1 1
35 27 1 1
36 21 1 1
36 25 1 1
36 31 1 1
36 35 1 1
37 23 1 1
37 30 1 1
37 33 1 1
37 20 1 1
38 32 1 1
38 26 1 1
38 25 1 1
38 27 1 1
39 22 1 1
39 28 1 1
39 21 1 1
39 35 1 1
20 38 1 1
20 35 1 1
20 34 1 1
20 33 1 1
21 30 1 1
21 28 1 1
21 27 1 1
21 31 1 1
22 36 1 1
22 37 1 1
22 26 1 1
22 38 1 1
23 32 1 1
23 25 1 1
23 33 1 1
23 29 1 1
44 43 2 2
44 42 2 2
44 41 2 2
44 40 2 2
45 43 2 2
45 41 2 2
45 42 2 2
45 40 2 2
46 44 2 2
46 42 2 2
46 41 2 2
46 40 2 2
47 40 2 2
47 46 2 2
47 43 2 2
47 41 2 2
48 45 2 2
48 43 2 2
48 47 2 2
48 42 2 2
49 46 2 2
49 44 2 2
49 40 2 2
49 41 2 2
50 45 2 2
50 46 2 2
50 40 2 2
50 41 2 2
51 49 2 2
51 48 2 2
51 43 2 2
51 42 2 2
52 51 2 2
52 50 2 2
52 44 2 2
52 43 2 2
53 48 2 2
53 45 2 2
53 41 2 2
53 52 2 2
54 47 2 2
54 51 2 2
54 48 2 2
54 46 2 2
55 45 2 2
55 49 2 2
55 46 2 2
55 52 2 2
56 44 2 2
56 49 2 2
56 52 2 2
56 48 2 2
57 41 2 2
57 40 2 2
57 51 2 2
57 46 2 2
58 41 2 2
58 49 2 2
58 55 2 2
58 46 2 2
59 45 2 2
59 41 2 2
59 58 2 2
59 50 2 2
40 59 2 2
40 54 2 2
40 48 2 2
40 52 2 2
41 55 2 2
41 51 2 2
41 48 2 2
41 54 2 2
42 59 2 2
42 58 2 2
42 52 2 2
42 53 2 2
43 55 2 2
43 56 2 2
43 53 2 2
43 46 2 2
64 61 3 3
64 60 3 3
64 63 3 3
64 62 3 3
65 64 3 3
65 60 3 3
65 62 3 3
65 61 3 3
66 61 3 3
66 60 3 3
66 65 3 3
66 64 3 3
67 60 3 3
67 63 3 3
67 66 3 3
67 64 3 3
68 64 3 3
68 65 3 3
68 60 3 3
68 61 3 3
69 65 3 3
69 62 3 3
69 66 3 3
69 61 3 3
70 60 3 3
70 68 3 3
70 66 3 3
70 69 3 3
71 63 3 3
71 60 3 3
71 70 3 3
71 61 3 3
72 62 3 3
72 71 3 3
72 65 3 3
72 69 3 3
73 62 3 3
73 60 3 3
73 61 3 3
73 71 3 3
74 67 3 3
74 73 3 3
74 69 3 3
74 63 3 3
75 66 3 3
75 65 3 3
75 62 3 3
75 69 3 3
76 67 3 3
76 62 3 3
76 65 3 3
76 68 3 3
77 74 3 3
77 63 3 3
77 61 3 3
77 75 3 3
78 77 3 3
78 64 3 3
78 68 3 3
78 60 3 3
79 60 3 3
79 77 3 3
79 64 3 3
79 78 3 3
60 72 3 3
60 69 3 3
60 74 3 3
60 77 3 3
61 78 3 3
61 72 3 3
61 74 3 3
61 75 3 3
62 66 3 3
62 67 3 3
62 79 3 3
62 71 3 3
63 78 3 3
63 70 3 3
63 69 3 3
63 76 3 3
84 81 4 4
84 82 4 4
84 80 4 4
84 83 4 4
85 81 4 4
85 83 4 4
85 84 4 4
85 82 4 4
86 83 4 4
86 85 4 4
86 81 4 4
86 82 4 4
87 86 4 4
87 80 4 4
87 85 4 4
87 81 4 4
88 82 4 4
88 86 4 4
88 87 4 4
88 83 4 4
89 83 4 4
89 82 4 4
89 84 4 4
89 81 4 4
90 84 4 4
90 82 4 4
90 86 4 4
90 80 4 4
91 82 4 4
91 80 4 4
91 86 4 4
91 84 4 4
92 88 4 4
92 80 4 4
92 87 4 4
92 84 4 4
93 80 4 4
93 88 4 4
93 83 4 4
93 92 4 4
94 93 4 4
94 92 4 4
94 91 4 4
94 84 4 4
95 93 4 4
95 91 4 4
95 94 4 4
95 89 4 4
96 84 4 4
96 93 4 4
96 91 4 4
96 92 4 4
97 90 4 4
97 92 4 4
97 85 4 4
97 86 4 4
98 84 4 4
98 92 4 4
98 81 4 4
98 89 4 4
99 83 4 4
99 81 4 4
99 91 4 4
99 89 4 4
80 85 4 4
80 86 4 4
80 97 4 4
80 88 4 4
81 88 4 4
81 90 4 4
81 97 4 4
81 92 4 4
82 98 4 4
82 97 4 4
82 94 4 4
82 96 4 4
83 98 4 4
83 90 4 4
83 94 4 4
83 97 4 4
104 101 5 5
104 100 5 5
104 102 5 5
104 103 5 5
105 103 5 5
105 102 5 5
105 100 5 5
105 104 5 5
106 101 5 5
106 100 5 5
106 104 5 5
106 105 5 5
107 102 5 5
107 105 5 5
107 106 5 5
107 104 5 5
108 102 5 5
108 105 5 5
108 103 5 5
108 107 5 5
109 105 5 5
109 107 5 5
109 104 5 5
109 103 5 5
110 100 5 5
110 104 5 5
110 109 5 5
110 106 5 5
111 110 5 5
111 109 5 5
111 106 5 5
111 103 5 5
112 109 5 5
112 100 5 5
112 103 5 5
112 107 5 5
113 103 5 5
113 102 5 5
113 111 5 5
113 107 5 5
114 113 5 5
114 111 5 5
114 105 5 5
114 107 5 5
115 103 5 5
115 110 5 5
115 102 5 5
115 108 5 5
116 111 5 5
116 109 5 5
116 110 5 5
116 113 5 5
117 112 5 5
117 114 5 5
117 105 5 5
117 113 5 5
118 109 5 5
118 106 5 5
118 111 5 5
118 113 5 5
119 108 5 5
119 118 5 5
119 114 5 5
119 109 5 5
100 115 5 5
100 108 5 5
100 107 5 5
100 118 5 5
101 116 5 5
101 108 5 5
101 111 5 5
101 115 5 5
102 119 5 5
102 116 5 5
102 112 5 5
102 114 5 5
103 119 5 5
103 118 5 5
103 107 5 5
103 114 5 5
124 120 6 6
124 122 6 6
124 121 6 6
124 123 6 6
125 122 6 6
125 124 6 6
125 120 6 6
125 121 6 6
126 121 6 6
126 122 6 6
126 123 6 6
126 125 6 6
127 125 6 6
127 120 6 6
127 124 6 6
127 121 6 6
128 123 6 6
128 124 6 6
128 120 6 6
128 126 6 6
129 121 6 6
129 126 6 6
129 127 6 6
129 128 6 6
130 129 6 6
130 124 6 6
130 123 6 6
130 120 6 6
131 128 6 6
131 120 6 6
131 124 6 6
131 130 6 6
132 130 6 6
132 125 6 6
132 127 6 6
132 124 6 6
133 122 6 6
133 124 6 6
133 129 6 6
133 120 6 6
134 129 6 6
134 120 6 6
134 121 6 6
134 128 6 6
135 129 6 6
135 134 6 6
135 125 6 6
135 130 6 6
136 126 6 6
136 134 6 6
136 129 6 6
136 135 6 6
137 126 6 6
137 122 6 6
137 124 6 6
137 136 6 6
138 135 6 6
138 124 6 6
138 123 6 6
138 134 6 6
139 128 6 6
139 135 6 6
139 120 6 6
139 137 6 6
120 135 6 6
120 136 6 6
120 132 6 6
120 138 6 6
121 136 6 6
121 137 6 6
121 139 6 6
121 133 6 6
122 138 6 6
122 132 6 6
122 127 6 6
122 139 6 6
123 137 6 6
123 139 6 6
123 129 6 6
123 131 6 6
144 142 7 7
144 140 7 7
144 141 7 7
144 143 7 7
145 140 7 7
145 141 7 7
145 143 7 7
145 142 7 7
146 143 7 7
146 140 7 7
146 142 7 7
146 145 7 7
147 146 7 7
147 140 7 7
147 145 7 7
147 142 7 7
148 146 7 7
148 147 7 7
148 143 7 7
148 144 7 7
149 142 7 7
149 144 7 7
149 145 7 7
149 143 7 7
150 143 7 7
150 140 7 7
150 147 7 7
150 144 7 7
151 149 7 7
151 144 7 7
151 145 7 7
151 142 7 7
152 146 7 7
152 148 7 7
152 147 7 7
152 143 7 7
153 143 7 7
153 146 7 7
153 148 7 7
153 152 7 7
154 147 7 7
154 153 7 7
154 146 7 7
154 140 7 7
155 150 7 7
155 154 7 7
155 152 7 7
155 146 7 7
156 148 7 7
156 149 7 7
156 144 7 7
156 153 7 7
157 143 7 7
157 148 7 7
157 145 7 7
157 150 7 7
158 153 7 7
158 157 7 7
158 140 7 7
158 154 7 7
159 150 7 7
159 155 7 7
159 140 7 7
159 148 7 7
140 153 7 7
140 157 7 7
140 156 7 7
140 155 7 7
141 157 7 7
141 151 7 7
141 146 7 7
141 149 7 7
142 156 7 7
142 150 7 7
142 155 7 7
142 148 7 7
143 151 7 7
143 158 7 7
143 155 7 7
143 154 7 7
164 162 8 8
164 163 8 8
164 161 8 8
164 160 8 8
165 163 8 8
165 160 8 8
165 162 8 8
165 161 8 8
166 164 8 8
166 165 8 8
166 163 8 8
166 160 8 8
167 161 8 8
167 164 8 8
167 163 8 8
167 160 8 8
168 162 8 8
168 165 8 8
168 161 8 8
168 163 8 8
169 163 8 8
169 166 8 8
169 162 8 8
169 167 8 8
170 164 8 8
170 160 8 8
170 161 8 8
170 166 8 8
171 167 8 8
171 160 8 8
171 164 8 8
171 166 8 8
172 171 8 8
172 169 8 8
172 164 8 8
172 163 8 8
173 163 8 8
173 162 8 8
173 171 8 8
173 170 8 8
174 162 8 8
174 164 8 8
174 171 8 8
174 163 8 8
175 170 8 8
175 168 8 8
175 166 8 8
175 173 8 8
176 162 8 8
176 169 8 8
176 170 8 8
176 168 8 8
177 164 8 8
177 167 8 8
177 169 8 8
177 161 8 8
178 161 8 8
178 162 8 8
178 171 8 8
178 175 8 8
179 175 8 8
179 165 8 8
179 178 8 8
179 171 8 8
160 174 8 8
160 175 8 8
160 179 8 8
160 172 8 8
161 166 8 8
161 175 8 8
161 171 8 8
161 179 8 8
162 166 8 8
162 177 8 8
162 170 8 8
162 167 8 8
163 177 8 8
163 176 8 8
163 171 8 8
163 179 8 8
184 181 9 9
184 180 9 9
184 183 9 9
184 182 9 9
185 184 9 9
185 180 9 9
185 182 9 9
185 183 9 9
186 184 9 9
186 180 9 9
186 183 9 9
186 181 9 9
187 185 9 9
187 186 9 9
187 183 9 9
187 182 9 9
188 180 9 9
188 185 9 9
188 183 9 9
188 186 9 9
189 188 9 9
189 182 9 9
189 181 9 9
189 183 9 9
190 184 9 9
190 183 9 9
190 180 9 9
190 186 9 9
191 186 9 9
191 183 9 9
191 181 9 9
191 188 9 9
192 184 9 9
192 190 9 9
192 185 9 9
192 188 9 9
193 186 9 9
193 181 9 9
193 180 9 9
193 188 9 9
194 189 9 9
194 192 9 9
194 187 9 9
194 191 9 9
195 182 9 9
195 191 9 9
195 192 9 9
195 189 9 9
196 185 9 9
196 186 9 9
196 184 9 9
196 193 9 9
197 183 9 9
197 182 9 9
197 189 9 9
197 180 9 9
198 191 9 9
198 188 9 9
198 190 9 9
198 185 9 9
199 180 9 9
199 182 9 9
199 184 9 9
199 189 9 9
180 195 9 9
180 191 9 9
180 189 9 9
180 194 9 9
181 188 9 9
181 197 9 9
181 198 9 9
181 195 9 9
182 188 9 9
182 194 9 9
182 196 9 9
182 192 9 9
183 194 9 9
183 195 9 9
183 192 9 9
183 199 9 9
204 200 10 10
204 201 10 10
204 203 10 10
204 202 10 10
205 204 10 10
205 203 10 10
205 201 10 10
205 202 10 10
206 202 10 10
206 205 10 10
206 203 10 10
206 200 10 10
207 202 10 10
207 200 10 10
207 204 10 10
207 201 10 10
208 200 10 10
208 203 10 10
208 204 10 10
208 206 10 10
209 204 10 10
209 201 10 10
209 208 10 10
209 202 10 10
210 200 10 10
210 204 10 10
210 203 10 10
210 205 10 10
211 209 10 10
211 205 10 10
211 210 10 10
211 201 10 10
212 206 10 10
212 203 10 10
212 201 10 10
212 207 10 10
213 204 10 10
213 201 10 10
213 208 10 10
213 202 10 10
214 202 10 10
214 200 10 10
214 207 10 10
214 210 10 10
215 210 10 10
215 200 10 10
215 214 10 10
215 207 10 10
216 211 10 10
216 212 10 10
216 205 10 10
216 209 10 10
217 204 10 10
217 211 10 10
217 200 10 10
217 203 10 10
218 201 10 10
218 204 10 10
218 210 10 10
218 213 10 10
219 213 10 10
219 209 10 10
219 208 10 10
219 218 10 10
200 213 10 10
200 211 10 10
200 218 10 10
200 209 10 10
201 208 10 10
201 219 10 10
201 215 10 10
201 210 10 10
202 219 10 10
202 208 10 10
202 212 10 10
202 210 10 10
203 214 10 10
203 211 10 10
203 216 10 10
203 219 10 10
224 220 11 11
224 222 11 11
224 221 11 11
224 223 11 11
225 220 11 11
225 224 11 11
225 221 11 11
225 223 11 11
226 224 11 11
226 225 11 11
226 220 11 11
226 223 11 11
227 226 11 11
227 222 11 11
227 225 11 11
227 224 11 11
228 222 11 11
228 220 11 11
228 225 11 11
228 224 11 11
229 220 11 11
229 228 11 11
229 224 11 11
229 222 11 11
230 223 11 11
230 225 11 11
230 227 11 11
230 229 11 11
231 228 11 11
231 229 11 11
231 230 11 11
231 224 11 11
232 227 11 11
232 221 11 11
232 228 11 11
232 223 11 11
233 223 11 11
233 231 11 11
233 221 11 11
233 227 11 11
234 229 11 11
234 232 11 11
234 227 11 11
234 222 11 11
235 220 11 11
235 227 11 11
235 228 11 11
235 226 11 11
236 224 11 11
236 230 11 11
236 222 11 11
236 228 11 11
237 221 11 11
237 225 11 11
237 227 11 11
237 230 11 11
238 221 11 11
238 229 11 11
238 231 11 11
238 226 11 11
239 234 11 11
239 229 11 11
239 227 11 11
239 224 11 11
220 227 11 11
220 232 11 11
220 230 11 11
220 238 11 11
221 227 11 11
221 234 11 11
221 230 11 11
221 239 11 11
222 226 11 11
222 231 11 11
222 239 11 11
222 233 11 11
223 239 11 11
223 229 11 11
223 237 11 11
223 234 11 11
244 241 12 12
244 240 12 12
244 243 12 12
244 242 12 12
245 243 12 12
245 244 12 12
245 240 12 12
245 241 12 12
246 241 12 12
246 240 12 12
246 244 12 12
246 243 12 12
247 243 12 12
247 245 12 12
247 241 12 12
247 240 12 12
248 242 12 12
248 241 12 12
248 244 12 12
248 243 12 12
249 241 12 12
249 243 12 12
249 245 12 12
249 244 12 12
250 240 12 12
250 249 12 12
250 248 12 12
250 246 12 12
251 248 12 12
251 243 12 12
251 241 12 12
251 246 12 12
252 248 12 12
252 250 12 12
252 251 12 12
252 242 12 12
253 251 12 12
253 243 12 12
253 242 12 12
253 247 12 12
254 243 12 12
254 249 12 12
254 250 12 12
254 247 12 12
255 240 12 12
255 243 12 12
255 254 12 12
255 248 12 12
256 253 12 12
256 247 12 12
256 251 12 12
256 242 12 12
257 251 12 12
257 246 12 12
257 249 12 12
257 255 12 12
258 241 12 12
258 257 12 12
258 242 12 12
258 256 12 12
259 245 12 12
259 253 12 12
259 258 12 12
259 241 12 12
240 248 12 12
240 258 12 12
240 256 12 12
240 249 12 12
241 252 12 12
241 250 12 12
241 254 12 12
241 257 12 12
242 245 12 12
242 257 12 12
242 249 12 12
242 247 12 12
243 258 12 12
243 259 12 12
243 257 12 12
243 250 12 12
264 261 13 13
264 262 13 13
264 260 13 13
264 263 13 13
265 264 13 13
265 260 13 13
265 262 13 13
265 263 13 13
266 265 13 13
266 263 13 13
266 262 13 13
266 264 13 13
267 263 13 13
267 260 13 13
267 261 13 13
267 266 13 13
268 266 13 13
268 267 13 13
268 260 13 13
268 265 13 13
269 267 13 13
269 264 13 13
269 261 13 13
269 265 13 13
270 262 13 13
270 269 13 13
270 265 13 13
270 263 13 13
271 265 13 13
271 262 13 13
271 261 13 13
271 268 13 13
272 263 13 13
272 260 13 13
272 270 13 13
272 269 13 13
273 271 13 13
273 269 13 13
273 261 13 13
273 272 13 13
274 262 13 13
274 269 13 13
274 273 13 13
274 268 13 13
275 273 13 13
275 272 13 13
275 266 13 13
275 268 13 13
276 275 13 13
276 267 13 13
276 268 13 13
276 272 13 13
277 266 13 13
277 265 13 13
277 273 13 13
277 264 13 13
278 273 13 13
278 272 13 13
278 269 13 13
278 270 13 13
279 276 13 13
279 277 13 13
279 266 13 13
279 264 13 13
260 279 13 13
260 276 13 13
260 266 13 13
260 277 13 13
261 274 13 13
261 276 13 13
261 268 13 13
261 278 13 13
262 276 13 13
262 273 13 13
262 269 13 13
262 272 13 13
263 273 13 13
263 276 13 13
263 279 13 13
263 269 13 13
284 280 14 14
284 282 14 14
284 281 14 14
284 283 14 14
285 282 14 14
285 281 14 14
285 280 14 14
285 284 14 14
286 283 14 14
286 285 14 14
286 282 14 14
286 280 14 14
287 286 14 14
287 285 14 14
287 280 14 14
287 283 14 14
288 282 14 14
288 284 14 14
288 280 14 14
288 283 14 14
289 284 14 14
289 282 14 14
289 286 14 14
289 287 14 14
290 288 14 14
290 285 14 14
290 280 14 14
290 281 14 14
291 289 14 14
291 286 14 14
291 282 14 14
291 290 14 14
292 282 14 14
292 286 14 14
292 291 14 14
292 287 14 14
293 291 14 14
293 290 14 14
293 289 14 14
293 292 14 14
294 287 14 14
294 281 14 14
294 286 14 14
294 285 14 14
295 284 14 14
295 282 14 14
295 281 14 14
295 283 14 14
296 280 14 14
296 285 14 14
296 291 14 14
296 287 14 14
297 289 14 14
297 296 14 14
297 288 14 14
297 293 14 14
298 297 14 14
298 285 14 14
298 282 14 14
298 296 14 14
299 281 14 14
299 282 14 14
299 290 14 14
299 289 14 14
280 291 14 14
280 293 14 14
280 292 14 14
280 299 14 14
281 289 14 14
281 298 14 14
281 288 14 14
281 291 14 14
282 287 14 14
282 293 14 14
282 290 14 14
282 296 14 14
283 299 14 14
283 298 14 14
283 297 14 14
283 294 14 14
304 303 15 15
304 300 15 15
304 301 15 15
304 302 15 15
305 304 15 15
305 303 15 15
305 300 15 15
305 301 15 15
306 303 15 15
306 305 15 15
306 304 15 15
306 302 15 15
307 300 15 15
307 306 15 15
307 303 15 15
307 301 15 15
308 304 15 15
308 300 15 15
308 305 15 15
308 307 15 15
309 301 15 15
309 302 15 15
309 305 15 15
309 306 15 15
310 307 15 15
310 306 15 15
310 303 15 15
310 305 15 15
311 307 15 15
311 309 15 15
311 308 15 15
311 304 15 15
312 310 15 15
312 304 15 15
312 309 15 15
312 302 15 15
313 301 15 15
313 305 15 15
313 310 15 15
313 309 15 15
314 304 15 15
314 302 15 15
314 311 15 15
314 301 15 15
315 313 15 15
315 307 15 15
315 305 15 15
315 300 15 15
316 304 15 15
316 307 15 15
316 314 15 15
316 308 15 15
317 311 15 15
317 314 15 15
317 313 15 15
317 307 15 15
318 305 15 15
318 312 15 15
318 300 15 15
318 301 15 15
319 303 15 15
319 300 15 15
319 315 15 15
319 307 15 15
300 310 15 15
300 316 15 15
300 306 15 15
300 313 15 15
301 310 15 15
301 308 15 15
301 312 15 15
301 315 15 15
302 317 15 15
302 311 15 15
302 307 15 15
302 319 15 15
303 318 15 15
303 312 15 15
303 315 15 15
303 316 15 15
95 76 4 3
94 36 4 1
96 51 4 2
81 1 4 0
105 12 5 0
116 23 5 1
107 93 5 4
113 50 5 2
124 85 6 4
132 73 6 3
137 0 6 0
133 24 6 1
144 133 7 6
154 53 7 2
148 96 7 4
145 107 7 5
175 74 8 3
178 86 8 4
174 157 8 7
162 9 8 0
194 11 9 0
195 167 9 8
183 104 9 5
192 32 9 1
209 82 10 4
210 125 10 6
215 153 10 7
214 110 10 5
239 212 11 10
239 79 11 3
230 199 11 9
226 144 11 7
254 112 12 5
243 143 12 7
252 193 12 9
259 211 12 10
272 152 13 7
260 166 13 8
269 129 13 6
278 236 13 11
289 48 14 2
281 197 14 9
293 115 14 5
291 73 14 3
312 177 15 8
300 145 15 7
305 106 15 5
306 271 15 13
0 252 0 12
4 316 0 15
19 200 0 10
11 288 0 14
20 162 1 8
27 212 1 10
38 233 1 11
26 285 1 14
44 238 2 11
58 313 2 15
54 164 2 8
45 187 2 9
79 185 3 9
67 302 3 15
62 101 3 5
79 202 3 10
