swNum = 320
edgeNum = 1342

0 0
1 0
2 0
3 0
4 0
5 0
6 0
7 0
8 0
9 0
10 0
11 0
12 0
13 0
14 0
15 0
16 0
17 0
18 0
19 0
20 1
21 1
22 1
23 1
24 1
25 1
26 1
27 1
28 1
29 1
30 1
31 1
32 1
33 1
34 1
35 1
36 1
37 1
38 1
39 1
40 2
41 2
42 2
43 2
44 2
45 2
46 2
47 2
48 2
49 2
50 2
51 2
52 2
53 2
54 2
55 2
56 2
57 2
58 2
59 2
60 3
61 3
62 3
63 3
64 3
65 3
66 3
67 3
68 3
69 3
70 3
71 3
72 3
73 3
74 3
75 3
76 3
77 3
78 3
79 3
80 4
81 4
82 4
83 4
84 4
85 4
86 4
87 4
88 4
89 4
90 4
91 4
92 4
93 4
94 4
95 4
96 4
97 4
98 4
99 4
100 5
101 5
102 5
103 5
104 5
105 5
106 5
107 5
108 5
109 5
110 5
111 5
112 5
113 5
114 5
115 5
116 5
117 5
118 5
119 5
120 6
121 6
122 6
123 6
124 6
125 6
126 6
127 6
128 6
129 6
130 6
131 6
132 6
133 6
134 6
135 6
136 6
137 6
138 6
139 6
140 7
141 7
142 7
143 7
144 7
145 7
146 7
147 7
148 7
149 7
150 7
151 7
152 7
153 7
154 7
155 7
156 7
157 7
158 7
159 7
160 8
161 8
162 8
163 8
164 8
165 8
166 8
167 8
168 8
169 8
170 8
171 8
172 8
173 8
174 8
175 8
176 8
177 8
178 8
179 8
180 9
181 9
182 9
183 9
184 9
185 9
186 9
187 9
188 9
189 9
190 9
191 9
192 9
193 9
194 9
195 9
196 9
197 9
198 9
199 9
200 10
201 10
202 10
203 10
204 10
205 10
206 10
207 10
208 10
209 10
210 10
211 10
212 10
213 10
214 10
215 10
216 10
217 10
218 10
219 10
220 11
221 11
222 11
223 11
224 11
225 11
226 11
227 11
228 11
229 11
230 11
231 11
232 11
233 11
234 11
235 11
236 11
237 11
238 11
239 11
240 12
241 12
242 12
243 12
244 12
245 12
246 12
247 12
248 12
249 12
250 12
251 12
252 12
253 12
254 12
255 12
256 12
257 12
258 12
259 12
260 13
261 13
262 13
263 13
264 13
265 13
266 13
267 13
268 13
269 13
270 13
271 13
272 13
273 13
274 13
275 13
276 13
277 13
278 13
279 13
280 14
281 14
282 14
283 14
284 14
285 14
286 14
287 14
288 14
289 14
290 14
291 14
292 14
293 14
294 14
295 14
296 14
297 14
298 14
299 14
300 15
301 15
302 15
303 15
304 15
305 15
306 15
307 15
308 15
309 15
310 15
311 15
312 15
313 15
314 15
315 15
316 15
317 15
318 15
319 15

4 3 0 0
4 2 0 0
4 0 0 0
4 1 0 0
5 3 0 0
5 4 0 0
5 0 0 0
5 2 0 0
6 1 0 0
6 0 0 0
6 2 0 0
6 4 0 0
7 6 0 0
7 0 0 0
7 2 0 0
7 4 0 0
8 0 0 0
8 4 0 0
8 6 0 0
8 1 0 0
9 6 0 0
9 8 0 0
9 4 0 0
9 5 0 0
10 5 0 0
10 3 0 0
10 4 0 0
10 7 0 0
11 2 0 0
11 6 0 0
11 3 0 0
11 8 0 0
12 6 0 0
12 4 0 0
12 5 0 0
12 2 0 0
13 7 0 0
13 12 0 0
13 9 0 0
13 0 0 0
14 3 0 0
14 11 0 0
14 4 0 0
14 0 0 0
15 11 0 0
15 3 0 0
15 10 0 0
15 6 0 0
16 4 0 0
16 9 0 0
16 8 0 0
16 13 0 0
17 6 0 0
17 14 0 0
17 11 0 0
17 1 0 0
18 1 0 0
18 0 0 0
18 11 0 0
18 3 0 0
19 8 0 0
19 6 0 0
19 15 0 0
19 2 0 0
0 17 0 0
0 16 0 0
0 9 0 0
0 11 0 0
1 9 0 0
1 16 0 0
1 7 0 0
1 14 0 0
2 14 0 0
2 16 0 0
2 15 0 0
2 17 0 0
3 19 0 0
3 8 0 0
3 16 0 0
3 17 0 0
24 20 1 1
24 21 1 1
24 23 1 1
24 22 1 1
25 21 1 1
25 20 1 1
25 23 1 1
25 24 1 1
26 21 1 1
26 22 1 1
26 25 1 1
26 24 1 1
27 20 1 1
27 26 1 1
27 22 1 1
27 24 1 1
28 25 1 1
28 20 1 1
28 22 1 1
28 26 1 1
29 21 1 1
29 26 1 1
29 25 1 1
29 27 1 1
30 29 1 1
30 28 1 1
30 21 1 1
30 25 1 1
31 29 1 1
31 30 1 1
31 23 1 1
31 22 1 1
32 25 1 1
32 20 1 1
32 28 1 1
32 24 1 1
33 25 1 1
33 27 1 1
33 32 1 1
33 20 1 1
34 24 1 1
34 23 1 1
34 29 1 1
34 27 1 1
35 32 1 1
35 25 1 1
35 34 1 1
35 29 1 1
36 29 1 1
36 26 1 1
36 28 1 1
36 21 1 1
37 34 1 1
37 26 1 1
37 35 1 1
37 32 1 1
38 37 1 1
38 34 1 1
38 20 1 1
38 32 1 1
39 36 1 1
39 27 1 1
39 29 1 1
39 37 1 1
20 35 1 1
20 37 1 1
20 26 1 1
20 31 1 1
21 39 1 1
21 31 1 1
21 37 1 1
21 27 1 1
22 32 1 1
22 29 1 1
22 37 1 1
22 30 1 1
23 37 1 1
23 27 1 1
23 39 1 1
23 35 1 1
44 41 2 2
44 43 2 2
44 42 2 2
44 40 2 2
45 40 2 2
45 42 2 2
45 43 2 2
45 41 2 2
46 41 2 2
46 45 2 2
46 42 2 2
46 44 2 2
47 46 2 2
47 41 2 2
47 40 2 2
47 43 2 2
48 40 2 2
48 42 2 2
48 45 2 2
48 44 2 2
49 40 2 2
49 47 2 2
49 48 2 2
49 41 2 2
50 45 2 2
50 48 2 2
50 40 2 2
50 43 2 2
51 50 2 2
51 45 2 2
51 48 2 2
51 43 2 2
52 49 2 2
52 42 2 2
52 40 2 2
52 50 2 2
53 40 2 2
53 47 2 2
53 42 2 2
53 44 2 2
54 44 2 2
54 41 2 2
54 48 2 2
54 42 2 2
55 46 2 2
55 42 2 2
55 44 2 2
55 54 2 2
56 45 2 2
56 49 2 2
56 43 2 2
56 44 2 2
57 46 2 2
57 47 2 2
57 56 2 2
57 50 2 2
58 43 2 2
58 52 2 2
58 56 2 2
58 57 2 2
59 56 2 2
59 58 2 2
59 57 2 2
59 51 2 2
40 46 2 2
40 56 2 2
40 57 2 2
40 55 2 2
41 53 2 2
41 58 2 2
41 55 2 2
41 48 2 2
42 56 2 2
42 49 2 2
42 59 2 2
42 57 2 2
43 52 2 2
43 54 2 2
43 48 2 2
43 46 2 2
64 63 3 3
64 60 3 3
64 62 3 3
64 61 3 3
65 64 3 3
65 63 3 3
65 61 3 3
65 60 3 3
66 64 3 3
66 65 3 3
66 60 3 3
66 62 3 3
67 66 3 3
67 60 3 3
67 64 3 3
67 65 3 3
68 64 3 3
68 60 3 3
68 66 3 3
68 67 3 3
69 68 3 3
69 67 3 3
69 64 3 3
69 66 3 3
70 66 3 3
70 63 3 3
70 69 3 3
70 67 3 3
71 70 3 3
71 66 3 3
71 69 3 3
71 67 3 3
72 64 3 3
72 62 3 3
72 61 3 3
72 69 3 3
73 64 3 3
73 60 3 3
73 66 3 3
73 62 3 3
74 67 3 3
74 70 3 3
74 61 3 3
74 60 3 3
75 71 3 3
75 66 3 3
75 73 3 3
75 69 3 3
76 61 3 3
76 65 3 3
76 64 3 3
76 70 3 3
77 68 3 3
77 66 3 3
77 64 3 3
77 62 3 3
78 71 3 3
78 75 3 3
78 74 3 3
78 69 3 3
79 74 3 3
79 62 3 3
79 68 3 3
79 70 3 3
60 75 3 3
60 78 3 3
60 72 3 3
60 77 3 3
61 78 3 3
61 69 3 3
61 79 3 3
61 67 3 3
62 76 3 3
62 75 3 3
62 65 3 3
62 67 3 3
63 78 3 3
63 67 3 3
63 73 3 3
63 74 3 3
84 81 4 4
84 82 4 4
84 83 4 4
84 80 4 4
85 84 4 4
85 80 4 4
85 82 4 4
85 83 4 4
86 80 4 4
86 81 4 4
86 82 4 4
86 85 4 4
87 82 4 4
87 81 4 4
87 83 4 4
87 86 4 4
88 87 4 4
88 86 4 4
88 81 4 4
88 82 4 4
89 80 4 4
89 81 4 4
89 86 4 4
89 85 4 4
90 83 4 4
90 81 4 4
90 82 4 4
90 86 4 4
91 90 4 4
91 82 4 4
91 84 4 4
91 87 4 4
92 85 4 4
92 84 4 4
92 89 4 4
92 86 4 4
93 86 4 4
93 85 4 4
93 90 4 4
93 89 4 4
94 84 4 4
94 85 4 4
94 92 4 4
94 93 4 4
95 89 4 4
95 92 4 4
95 86 4 4
95 94 4 4
96 94 4 4
96 92 4 4
96 93 4 4
96 84 4 4
97 87 4 4
97 80 4 4
97 88 4 4
97 81 4 4
98 96 4 4
98 94 4 4
98 92 4 4
98 84 4 4
99 95 4 4
99 98 4 4
99 85 4 4
99 94 4 4
80 88 4 4
80 93 4 4
80 87 4 4
80 90 4 4
81 85 4 4
81 95 4 4
81 91 4 4
81 93 4 4
82 97 4 4
82 98 4 4
82 92 4 4
82 95 4 4
83 91 4 4
83 97 4 4
83 92 4 4
83 98 4 4
104 102 5 5
104 101 5 5
104 103 5 5
104 100 5 5
105 100 5 5
105 104 5 5
105 102 5 5
105 101 5 5
106 103 5 5
106 100 5 5
106 104 5 5
106 105 5 5
107 100 5 5
107 106 5 5
107 102 5 5
107 103 5 5
108 107 5 5
108 104 5 5
108 100 5 5
108 102 5 5
109 104 5 5
109 106 5 5
109 108 5 5
109 101 5 5
110 109 5 5
110 102 5 5
110 104 5 5
110 107 5 5
111 110 5 5
111 101 5 5
111 109 5 5
111 103 5 5
112 107 5 5
112 100 5 5
112 105 5 5
112 111 5 5
113 104 5 5
113 107 5 5
113 108 5 5
113 100 5 5
114 112 5 5
114 103 5 5
114 104 5 5
114 108 5 5
115 106 5 5
115 103 5 5
115 111 5 5
115 110 5 5
116 115 5 5
116 111 5 5
116 101 5 5
116 112 5 5
117 115 5 5
117 107 5 5
117 108 5 5
117 110 5 5
118 106 5 5
118 113 5 5
118 109 5 5
118 104 5 5
119 106 5 5
119 109 5 5
119 113 5 5
119 100 5 5
100 117 5 5
100 118 5 5
100 109 5 5
100 115 5 5
101 118 5 5
101 115 5 5
101 112 5 5
101 114 5 5
102 112 5 5
102 115 5 5
102 106 5 5
102 118 5 5
103 118 5 5
103 116 5 5
103 109 5 5
103 119 5 5
124 120 6 6
124 121 6 6
124 123 6 6
124 122 6 6
125 120 6 6
125 123 6 6
125 124 6 6
125 122 6 6
126 125 6 6
126 120 6 6
126 124 6 6
126 121 6 6
127 121 6 6
127 122 6 6
127 126 6 6
127 120 6 6
128 123 6 6
128 121 6 6
128 125 6 6
128 120 6 6
129 127 6 6
129 123 6 6
129 125 6 6
129 124 6 6
130 124 6 6
130 126 6 6
130 123 6 6
130 128 6 6
131 126 6 6
131 120 6 6
131 121 6 6
131 122 6 6
132 120 6 6
132 128 6 6
132 125 6 6
132 124 6 6
133 125 6 6
133 127 6 6
133 121 6 6
133 128 6 6
134 124 6 6
134 123 6 6
134 120 6 6
134 126 6 6
135 121 6 6
135 120 6 6
135 124 6 6
135 130 6 6
136 129 6 6
136 126 6 6
136 134 6 6
136 121 6 6
137 135 6 6
137 129 6 6
137 123 6 6
137 124 6 6
138 136 6 6
138 122 6 6
138 121 6 6
138 126 6 6
139 128 6 6
139 130 6 6
139 134 6 6
139 129 6 6
120 136 6 6
120 130 6 6
120 129 6 6
120 138 6 6
121 137 6 6
121 134 6 6
121 130 6 6
121 125 6 6
122 130 6 6
122 134 6 6
122 137 6 6
122 133 6 6
123 136 6 6
123 139 6 6
123 132 6 6
123 126 6 6
144 141 7 7
144 143 7 7
144 140 7 7
144 142 7 7
145 144 7 7
145 140 7 7
145 141 7 7
145 142 7 7
146 142 7 7
146 141 7 7
146 143 7 7
146 144 7 7
147 141 7 7
147 144 7 7
147 142 7 7
147 146 7 7
148 146 7 7
148 142 7 7
148 145 7 7
148 147 7 7
149 148 7 7
149 141 7 7
149 146 7 7
149 147 7 7
150 147 7 7
150 146 7 7
150 149 7 7
150 148 7 7
151 147 7 7
151 148 7 7
151 142 7 7
151 146 7 7
152 143 7 7
152 141 7 7
152 145 7 7
152 142 7 7
153 149 7 7
153 152 7 7
153 143 7 7
153 145 7 7
154 141 7 7
154 153 7 7
154 149 7 7
154 146 7 7
155 151 7 7
155 141 7 7
155 149 7 7
155 147 7 7
156 143 7 7
156 154 7 7
156 141 7 7
156 151 7 7
157 146 7 7
157 143 7 7
157 155 7 7
157 141 7 7
158 142 7 7
158 149 7 7
158 148 7 7
158 153 7 7
159 156 7 7
159 144 7 7
159 147 7 7
159 143 7 7
140 153 7 7
140 148 7 7
140 154 7 7
140 152 7 7
141 158 7 7
141 150 7 7
141 159 7 7
141 151 7 7
142 155 7 7
142 157 7 7
142 149 7 7
142 153 7 7
143 154 7 7
143 155 7 7
143 148 7 7
143 150 7 7
164 160 8 8
164 161 8 8
164 163 8 8
164 162 8 8
165 161 8 8
165 163 8 8
165 160 8 8
165 164 8 8
166 165 8 8
166 160 8 8
166 161 8 8
166 162 8 8
167 164 8 8
167 166 8 8
167 160 8 8
167 162 8 8
168 161 8 8
168 164 8 8
168 165 8 8
168 166 8 8
169 160 8 8
169 161 8 8
169 168 8 8
169 167 8 8
170 166 8 8
170 165 8 8
170 169 8 8
170 163 8 8
171 169 8 8
171 164 8 8
171 168 8 8
171 165 8 8
172 160 8 8
172 168 8 8
172 163 8 8
172 167 8 8
173 161 8 8
173 168 8 8
173 171 8 8
173 160 8 8
174 168 8 8
174 165 8 8
174 170 8 8
174 160 8 8
175 160 8 8
175 168 8 8
175 169 8 8
175 172 8 8
176 160 8 8
176 165 8 8
176 166 8 8
176 170 8 8
177 170 8 8
177 169 8 8
177 166 8 8
177 167 8 8
178 164 8 8
178 172 8 8
178 165 8 8
178 163 8 8
179 166 8 8
179 163 8 8
179 169 8 8
179 168 8 8
160 168 8 8
160 179 8 8
160 170 8 8
160 171 8 8
161 170 8 8
161 175 8 8
161 167 8 8
161 174 8 8
162 174 8 8
162 176 8 8
162 173 8 8
162 179 8 8
163 166 8 8
163 175 8 8
163 168 8 8
163 176 8 8
184 182 9 9
184 180 9 9
184 181 9 9
184 183 9 9
185 183 9 9
185 181 9 9
185 180 9 9
185 182 9 9
186 182 9 9
186 184 9 9
186 185 9 9
186 183 9 9
187 183 9 9
187 181 9 9
187 185 9 9
187 186 9 9
188 184 9 9
188 182 9 9
188 187 9 9
188 186 9 9
189 183 9 9
189 182 9 9
189 186 9 9
189 181 9 9
190 181 9 9
190 187 9 9
190 182 9 9
190 185 9 9
191 181 9 9
191 183 9 9
191 186 9 9
191 187 9 9
192 185 9 9
192 186 9 9
192 184 9 9
192 180 9 9
193 182 9 9
193 186 9 9
193 192 9 9
193 184 9 9
194 191 9 9
194 185 9 9
194 182 9 9
194 190 9 9
195 193 9 9
195 180 9 9
195 188 9 9
195 185 9 9
196 183 9 9
196 182 9 9
196 189 9 9
196 194 9 9
197 190 9 9
197 183 9 9
197 194 9 9
197 186 9 9
198 182 9 9
198 187 9 9
198 191 9 9
198 194 9 9
199 180 9 9
199 185 9 9
199 190 9 9
199 196 9 9
180 196 9 9
180 197 9 9
180 189 9 9
180 193 9 9
181 192 9 9
181 195 9 9
181 186 9 9
181 197 9 9
182 195 9 9
182 191 9 9
182 187 9 9
182 192 9 9
183 195 9 9
183 190 9 9
183 198 9 9
183 193 9 9
204 201 10 10
204 202 10 10
204 200 10 10
204 203 10 10
205 204 10 10
205 201 10 10
205 200 10 10
205 202 10 10
206 203 10 10
206 202 10 10
206 205 10 10
206 204 10 10
207 201 10 10
207 203 10 10
207 202 10 10
207 200 10 10
208 205 10 10
208 203 10 10
208 200 10 10
208 207 10 10
209 206 10 10
209 202 10 10
209 207 10 10
209 201 10 10
210 201 10 10
210 202 10 10
210 207 10 10
210 200 10 10
211 202 10 10
211 208 10 10
211 207 10 10
211 209 10 10
212 209 10 10
212 206 10 10
212 204 10 10
212 202 10 10
213 208 10 10
213 205 10 10
213 200 10 10
213 209 10 10
214 203 10 10
214 210 10 10
214 207 10 10
214 201 10 10
215 203 10 10
215 207 10 10
215 200 10 10
215 213 10 10
216 205 10 10
216 200 10 10
216 209 10 10
216 213 10 10
217 201 10 10
217 209 10 10
217 202 10 10
217 216 10 10
218 205 10 10
218 212 10 10
218 214 10 10
218 209 10 10
219 204 10 10
219 214 10 10
219 217 10 10
219 202 10 10
200 219 10 10
200 212 10 10
200 217 10 10
200 206 10 10
201 219 10 10
201 216 10 10
201 208 10 10
201 211 10 10
202 213 10 10
202 215 10 10
202 216 10 10
202 218 10 10
203 216 10 10
203 212 10 10
203 210 10 10
203 209 10 10
224 221 11 11
224 223 11 11
224 222 11 11
224 220 11 11
225 223 11 11
225 222 11 11
225 220 11 11
225 221 11 11
226 220 11 11
226 224 11 11
226 222 11 11
226 223 11 11
227 223 11 11
227 225 11 11
227 221 11 11
227 224 11 11
228 223 11 11
228 220 11 11
228 222 11 11
228 225 11 11
229 222 11 11
229 227 11 11
229 221 11 11
229 220 11 11
230 224 11 11
230 225 11 11
230 226 11 11
230 221 11 11
231 225 11 11
231 227 11 11
231 221 11 11
231 226 11 11
232 231 11 11
232 221 11 11
232 222 11 11
232 228 11 11
233 221 11 11
233 228 11 11
233 220 11 11
233 225 11 11
234 221 11 11
234 224 11 11
234 229 11 11
234 226 11 11
235 221 11 11
235 223 11 11
235 220 11 11
235 234 11 11
236 226 11 11
236 221 11 11
236 234 11 11
236 230 11 11
237 232 11 11
237 229 11 11
237 228 11 11
237 231 11 11
238 221 11 11
238 234 11 11
238 223 11 11
238 229 11 11
239 220 11 11
239 236 11 11
239 225 11 11
239 232 11 11
220 234 11 11
220 227 11 11
220 238 11 11
220 237 11 11
221 237 11 11
221 226 11 11
221 228 11 11
221 239 11 11
222 238 11 11
222 235 11 11
222 227 11 11
222 237 11 11
223 239 11 11
223 231 11 11
223 234 11 11
223 236 11 11
244 242 12 12
244 241 12 12
244 240 12 12
244 243 12 12
245 241 12 12
245 243 12 12
245 244 12 12
245 240 12 12
246 243 12 12
246 240 12 12
246 245 12 12
246 242 12 12
247 240 12 12
247 242 12 12
247 241 12 12
247 243 12 12
248 244 12 12
248 241 12 12
248 243 12 12
248 242 12 12
249 244 12 12
249 248 12 12
249 247 12 12
249 243 12 12
250 241 12 12
250 240 12 12
250 249 12 12
250 244 12 12
251 243 12 12
251 241 12 12
251 240 12 12
251 250 12 12
252 248 12 12
252 244 12 12
252 246 12 12
252 251 12 12
253 248 12 12
253 246 12 12
253 240 12 12
253 244 12 12
254 241 12 12
254 253 12 12
254 252 12 12
254 249 12 12
255 249 12 12
255 242 12 12
255 248 12 12
255 241 12 12
256 243 12 12
256 247 12 12
256 253 12 12
256 251 12 12
257 256 12 12
257 244 12 12
257 249 12 12
257 253 12 12
258 257 12 12
258 240 12 12
258 251 12 12
258 250 12 12
259 254 12 12
259 250 12 12
259 251 12 12
259 255 12 12
240 256 12 12
240 254 12 12
240 248 12 12
240 249 12 12
241 259 12 12
241 252 12 12
241 253 12 12
241 246 12 12
242 251 12 12
242 253 12 12
242 252 12 12
242 254 12 12
243 255 12 12
243 250 12 12
243 257 12 12
243 258 12 12
264 263 13 13
264 261 13 13
264 262 13 13
264 260 13 13
265 261 13 13
265 262 13 13
265 260 13 13
265 263 13 13
266 260 13 13
266 262 13 13
266 265 13 13
266 264 13 13
267 262 13 13
267 264 13 13
267 261 13 13
267 265 13 13
268 266 13 13
268 260 13 13
268 267 13 13
268 265 13 13
269 264 13 13
269 267 13 13
269 268 13 13
269 265 13 13
270 260 13 13
270 266 13 13
270 265 13 13
270 268 13 13
271 263 13 13
271 261 13 13
271 264 13 13
271 270 13 13
272 271 13 13
272 269 13 13
272 264 13 13
272 263 13 13
273 264 13 13
273 271 13 13
273 270 13 13
273 272 13 13
274 271 13 13
274 264 13 13
274 267 13 13
274 273 13 13
275 271 13 13
275 267 13 13
275 262 13 13
275 272 13 13
276 262 13 13
276 266 13 13
276 270 13 13
276 260 13 13
277 267 13 13
277 268 13 13
277 262 13 13
277 275 13 13
278 269 13 13
278 265 13 13
278 273 13 13
278 264 13 13
279 277 13 13
279 271 13 13
279 267 13 13
279 272 13 13
260 274 13 13
260 275 13 13
260 277 13 13
260 278 13 13
261 270 13 13
261 278 13 13
261 275 13 13
261 266 13 13
262 270 13 13
262 272 13 13
262 279 13 13
262 268 13 13
263 275 13 13
263 276 13 13
263 273 13 13
263 267 13 13
284 281 14 14
284 280 14 14
284 283 14 14
284 282 14 14
285 284 14 14
285 280 14 14
285 282 14 14
285 283 14 14
286 285 14 14
286 282 14 14
286 284 14 14
286 283 14 14
287 284 14 14
287 281 14 14
287 283 14 14
287 282 14 14
288 285 14 14
288 282 14 14
288 286 14 14
288 281 14 14
289 288 14 14
289 283 14 14
289 280 14 14
289 286 14 14
290 286 14 14
290 280 14 14
290 282 14 14
290 283 14 14
291 282 14 14
291 285 14 14
291 284 14 14
291 286 14 14
292 280 14 14
292 290 14 14
292 288 14 14
292 289 14 14
293 288 14 14
293 283 14 14
293 289 14 14
293 290 14 14
294 293 14 14
294 288 14 14
294 291 14 14
294 282 14 14
295 286 14 14
295 282 14 14
295 280 14 14
295 294 14 14
296 285 14 14
296 295 14 14
296 286 14 14
296 280 14 14
297 283 14 14
297 293 14 14
297 290 14 14
297 292 14 14
298 294 14 14
298 285 14 14
298 290 14 14
298 283 14 14
299 280 14 14
299 294 14 14
299 285 14 14
299 288 14 14
280 293 14 14
280 298 14 14
280 287 14 14
280 288 14 14
281 285 14 14
281 297 14 14
281 299 14 14
281 298 14 14
282 296 14 14
282 293 14 14
282 289 14 14
282 299 14 14
283 299 14 14
283 288 14 14
283 295 14 14
283 292 14 14
304 303 15 15
304 300 15 15
304 302 15 15
304 301 15 15
305 301 15 15
305 300 15 15
305 302 15 15
305 303 15 15
306 305 15 15
306 301 15 15
306 302 15 15
306 304 15 15
307 304 15 15
307 306 15 15
307 303 15 15
307 305 15 15
308 302 15 15
308 305 15 15
308 306 15 15
308 301 15 15
309 308 15 15
309 301 15 15
309 300 15 15
309 304 15 15
310 305 15 15
310 303 15 15
310 307 15 15
310 309 15 15
311 305 15 15
311 302 15 15
311 308 15 15
311 301 15 15
312 304 15 15
312 303 15 15
312 300 15 15
312 301 15 15
313 310 15 15
313 303 15 15
313 309 15 15
313 305 15 15
314 309 15 15
314 304 15 15
314 312 15 15
314 310 15 15
315 313 15 15
315 301 15 15
315 309 15 15
315 300 15 15
316 308 15 15
316 301 15 15
316 306 15 15
316 303 15 15
317 302 15 15
317 316 15 15
317 300 15 15
317 305 15 15
318 302 15 15
318 311 15 15
318 301 15 15
318 304 15 15
319 310 15 15
319 304 15 15
319 303 15 15
319 307 15 15
300 306 15 15
300 311 15 15
300 319 15 15
300 314 15 15
301 314 15 15
301 307 15 15
301 317 15 15
301 310 15 15
302 314 15 15
302 309 15 15
302 313 15 15
302 307 15 15
303 309 15 15
303 314 15 15
303 308 15 15
303 315 15 15
86 41 4 2
90 33 4 1
89 12 4 0
95 66 4 3
111 15 5 0
110 98 5 4
105 22 5 1
107 60 5 3
139 57 6 2
127 105 6 5
122 73 6 3
133 20 6 1
151 33 7 1
143 67 7 3
157 2 7 0
147 92 7 4
165 98 8 4
172 72 8 3
164 159 8 7
178 49 8 2
190 101 9 5
184 120 9 6
199 36 9 1
181 73 9 3
207 81 10 4
202 61 10 3
200 101 10 5
216 154 10 7
227 137 11 6
238 185 11 9
223 9 11 0
220 79 11 3
242 75 12 3
255 155 12 7
249 128 12 6
254 179 12 8
273 176 13 8
269 63 13 3
266 216 13 10
269 14 13 0
289 113 14 5
295 88 14 4
282 22 14 1
286 222 14 11
305 269 15 13
306 1 15 0
302 164 15 8
305 257 15 12
19 184 0 9
17 132 0 6
9 209 0 10
14 250 0 12
30 204 1 10
28 166 1 8
22 312 1 15
36 278 1 13
50 223 2 11
45 217 2 10
45 270 2 13
51 289 2 14
68 300 3 15
64 290 3 14
