swNum = 320
edgeNum = 1344

0 0
1 0
2 0
3 0
4 0
5 0
6 0
7 0
8 0
9 0
10 0
11 0
12 0
13 0
14 0
15 0
16 0
17 0
18 0
19 0
20 1
21 1
22 1
23 1
24 1
25 1
26 1
27 1
28 1
29 1
30 1
31 1
32 1
33 1
34 1
35 1
36 1
37 1
38 1
39 1
40 2
41 2
42 2
43 2
44 2
45 2
46 2
47 2
48 2
49 2
50 2
51 2
52 2
53 2
54 2
55 2
56 2
57 2
58 2
59 2
60 3
61 3
62 3
63 3
64 3
65 3
66 3
67 3
68 3
69 3
70 3
71 3
72 3
73 3
74 3
75 3
76 3
77 3
78 3
79 3
80 4
81 4
82 4
83 4
84 4
85 4
86 4
87 4
88 4
89 4
90 4
91 4
92 4
93 4
94 4
95 4
96 4
97 4
98 4
99 4
100 5
101 5
102 5
103 5
104 5
105 5
106 5
107 5
108 5
109 5
110 5
111 5
112 5
113 5
114 5
115 5
116 5
117 5
118 5
119 5
120 6
121 6
122 6
123 6
124 6
125 6
126 6
127 6
128 6
129 6
130 6
131 6
132 6
133 6
134 6
135 6
136 6
137 6
138 6
139 6
140 7
141 7
142 7
143 7
144 7
145 7
146 7
147 7
148 7
149 7
150 7
151 7
152 7
153 7
154 7
155 7
156 7
157 7
158 7
159 7
160 8
161 8
162 8
163 8
164 8
165 8
166 8
167 8
168 8
169 8
170 8
171 8
172 8
173 8
174 8
175 8
176 8
177 8
178 8
179 8
180 9
181 9
182 9
183 9
184 9
185 9
186 9
187 9
188 9
189 9
190 9
191 9
192 9
193 9
194 9
195 9
196 9
197 9
198 9
199 9
200 10
201 10
202 10
203 10
204 10
205 10
206 10
207 10
208 10
209 10
210 10
211 10
212 10
213 10
214 10
215 10
216 10
217 10
218 10
219 10
220 11
221 11
222 11
223 11
224 11
225 11
226 11
227 11
228 11
229 11
230 11
231 11
232 11
233 11
234 11
235 11
236 11
237 11
238 11
239 11
240 12
241 12
242 12
243 12
244 12
245 12
246 12
247 12
248 12
249 12
250 12
251 12
252 12
253 12
254 12
255 12
256 12
257 12
258 12
259 12
260 13
261 13
262 13
263 13
264 13
265 13
266 13
267 13
268 13
269 13
270 13
271 13
272 13
273 13
274 13
275 13
276 13
277 13
278 13
279 13
280 14
281 14
282 14
283 14
284 14
285 14
286 14
287 14
288 14
289 14
290 14
291 14
292 14
293 14
294 14
295 14
296 14
297 14
298 14
299 14
300 15
301 15
302 15
303 15
304 15
305 15
306 15
307 15
308 15
309 15
310 15
311 15
312 15
313 15
314 15
315 15
316 15
317 15
318 15
319 15

4 1 0 0
4 2 0 0
4 0 0 0
4 3 0 0
5 1 0 0
5 2 0 0
5 3 0 0
5 4 0 0
6 1 0 0
6 3 0 0
6 5 0 0
6 2 0 0
7 1 0 0
7 4 0 0
7 5 0 0
7 3 0 0
8 0 0 0
8 3 0 0
8 7 0 0
8 2 0 0
9 7 0 0
9 6 0 0
9 3 0 0
9 8 0 0
10 0 0 0
10 5 0 0
10 6 0 0
10 9 0 0
11 4 0 0
11 0 0 0
11 7 0 0
11 2 0 0
12 1 0 0
12 9 0 0
12 6 0 0
12 2 0 0
13 4 0 0
13 10 0 0
13 7 0 0
13 8 0 0
14 0 0 0
14 3 0 0
14 11 0 0
14 8 0 0
15 8 0 0
15 9 0 0
15 2 0 0
15 7 0 0
16 7 0 0
16 13 0 0
16 8 0 0
16 1 0 0
17 6 0 0
17 4 0 0
17 2 0 0
17 15 0 0
18 6 0 0
18 15 0 0
18 5 0 0
18 13 0 0
19 9 0 0
19 0 0 0
19 1 0 0
19 10 0 0
0 15 0 0
0 9 0 0
0 12 0 0
0 5 0 0
1 9 0 0
1 8 0 0
1 14 0 0
1 18 0 0
2 16 0 0
2 7 0 0
2 18 0 0
2 13 0 0
3 15 0 0
3 13 0 0
3 11 0 0
3 19 0 0
24 23 1 1
24 21 1 1
24 20 1 1
24 22 1 1
25 22 1 1
25 23 1 1
25 24 1 1
25 20 1 1
26 25 1 1
26 21 1 1
26 20 1 1
26 24 1 1
27 23 1 1
27 24 1 1
27 21 1 1
27 22 1 1
28 20 1 1
28 26 1 1
28 24 1 1
28 22 1 1
29 22 1 1
29 26 1 1
29 27 1 1
29 21 1 1
30 25 1 1
30 26 1 1
30 27 1 1
30 22 1 1
31 22 1 1
31 21 1 1
31 27 1 1
31 23 1 1
32 31 1 1
32 30 1 1
32 22 1 1
32 23 1 1
33 29 1 1
33 31 1 1
33 22 1 1
33 23 1 1
34 25 1 1
34 22 1 1
34 24 1 1
34 21 1 1
35 23 1 1
35 27 1 1
35 24 1 1
35 25 1 1
36 31 1 1
36 27 1 1
36 30 1 1
36 34 1 1
37 22 1 1
37 36 1 1
37 23 1 1
37 30 1 1
38 30 1 1
38 20 1 1
38 36 1 1
38 34 1 1
39 36 1 1
39 37 1 1
39 33 1 1
39 32 1 1
20 35 1 1
20 34 1 1
20 36 1 1
20 33 1 1
21 25 1 1
21 35 1 1
21 33 1 1
21 38 1 1
22 38 1 1
22 35 1 1
22 39 1 1
22 36 1 1
23 36 1 1
23 29 1 1
23 34 1 1
23 30 1 1
44 42 2 2
44 40 2 2
44 41 2 2
44 43 2 2
45 40 2 2
45 43 2 2
45 41 2 2
45 44 2 2
46 44 2 2
46 40 2 2
46 41 2 2
46 42 2 2
47 40 2 2
47 44 2 2
47 43 2 2
47 42 2 2
48 43 2 2
48 41 2 2
48 45 2 2
48 46 2 2
49 46 2 2
49 40 2 2
49 45 2 2
49 42 2 2
50 41 2 2
50 40 2 2
50 47 2 2
50 46 2 2
51 40 2 2
51 44 2 2
51 49 2 2
51 42 2 2
52 51 2 2
52 47 2 2
52 40 2 2
52 45 2 2
53 50 2 2
53 40 2 2
53 42 2 2
53 47 2 2
54 48 2 2
54 41 2 2
54 50 2 2
54 42 2 2
55 41 2 2
55 54 2 2
55 40 2 2
55 45 2 2
56 47 2 2
56 51 2 2
56 45 2 2
56 46 2 2
57 44 2 2
57 40 2 2
57 50 2 2
57 41 2 2
58 42 2 2
58 51 2 2
58 43 2 2
58 47 2 2
59 45 2 2
59 41 2 2
59 43 2 2
59 48 2 2
40 56 2 2
40 48 2 2
40 58 2 2
40 59 2 2
41 47 2 2
41 49 2 2
41 58 2 2
41 56 2 2
42 57 2 2
42 56 2 2
42 59 2 2
42 55 2 2
43 57 2 2
43 49 2 2
43 55 2 2
43 56 2 2
64 63 3 3
64 61 3 3
64 60 3 3
64 62 3 3
65 63 3 3
65 64 3 3
65 60 3 3
65 61 3 3
66 64 3 3
66 61 3 3
66 63 3 3
66 65 3 3
67 65 3 3
67 62 3 3
67 64 3 3
67 60 3 3
68 66 3 3
68 67 3 3
68 63 3 3
68 64 3 3
69 63 3 3
69 67 3 3
69 66 3 3
69 65 3 3
70 60 3 3
70 63 3 3
70 64 3 3
70 65 3 3
71 65 3 3
71 69 3 3
71 61 3 3
71 68 3 3
72 67 3 3
72 69 3 3
72 63 3 3
72 68 3 3
73 69 3 3
73 64 3 3
73 71 3 3
73 62 3 3
74 66 3 3
74 62 3 3
74 68 3 3
74 63 3 3
75 74 3 3
75 73 3 3
75 62 3 3
75 67 3 3
76 71 3 3
76 63 3 3
76 62 3 3
76 69 3 3
77 71 3 3
77 74 3 3
77 70 3 3
77 68 3 3
78 71 3 3
78 75 3 3
78 73 3 3
78 76 3 3
79 61 3 3
79 60 3 3
79 74 3 3
79 66 3 3
60 72 3 3
60 68 3 3
60 77 3 3
60 69 3 3
61 78 3 3
61 67 3 3
61 73 3 3
61 68 3 3
62 78 3 3
62 79 3 3
62 77 3 3
62 69 3 3
63 67 3 3
63 71 3 3
63 79 3 3
63 75 3 3
84 81 4 4
84 83 4 4
84 80 4 4
84 82 4 4
85 80 4 4
85 82 4 4
85 81 4 4
85 83 4 4
86 85 4 4
86 81 4 4
86 82 4 4
86 84 4 4
87 82 4 4
87 80 4 4
87 85 4 4
87 86 4 4
88 83 4 4
88 86 4 4
88 80 4 4
88 82 4 4
89 81 4 4
89 85 4 4
89 84 4 4
89 82 4 4
90 85 4 4
90 89 4 4
90 87 4 4
90 88 4 4
91 89 4 4
91 84 4 4
91 87 4 4
91 81 4 4
92 83 4 4
92 82 4 4
92 90 4 4
92 80 4 4
93 88 4 4
93 80 4 4
93 85 4 4
93 82 4 4
94 88 4 4
94 89 4 4
94 87 4 4
94 93 4 4
95 82 4 4
95 81 4 4
95 80 4 4
95 89 4 4
96 83 4 4
96 93 4 4
96 94 4 4
96 89 4 4
97 87 4 4
97 80 4 4
97 88 4 4
97 82 4 4
98 82 4 4
98 89 4 4
98 92 4 4
98 86 4 4
99 82 4 4
99 98 4 4
99 84 4 4
99 91 4 4
80 94 4 4
80 89 4 4
80 98 4 4
80 96 4 4
81 96 4 4
81 98 4 4
81 99 4 4
81 87 4 4
82 90 4 4
82 91 4 4
82 94 4 4
82 96 4 4
83 97 4 4
83 86 4 4
83 94 4 4
83 99 4 4
104 101 5 5
104 100 5 5
104 102 5 5
104 103 5 5
105 100 5 5
105 104 5 5
105 102 5 5
105 101 5 5
106 100 5 5
106 102 5 5
106 105 5 5
106 103 5 5
107 106 5 5
107 105 5 5
107 104 5 5
107 102 5 5
108 107 5 5
108 105 5 5
108 101 5 5
108 106 5 5
109 101 5 5
109 102 5 5
109 106 5 5
109 107 5 5
110 101 5 5
110 102 5 5
110 107 5 5
110 109 5 5
111 107 5 5
111 105 5 5
111 108 5 5
111 104 5 5
112 102 5 5
112 101 5 5
112 108 5 5
112 110 5 5
113 103 5 5
113 100 5 5
113 105 5 5
113 101 5 5
114 109 5 5
114 101 5 5
114 102 5 5
114 104 5 5
115 107 5 5
115 108 5 5
115 101 5 5
115 104 5 5
116 106 5 5
116 111 5 5
116 114 5 5
116 101 5 5
117 103 5 5
117 102 5 5
117 113 5 5
117 100 5 5
118 100 5 5
118 111 5 5
118 108 5 5
118 105 5 5
119 115 5 5
119 109 5 5
119 106 5 5
119 101 5 5
100 116 5 5
100 119 5 5
100 111 5 5
100 110 5 5
101 107 5 5
101 111 5 5
101 117 5 5
101 106 5 5
102 119 5 5
102 116 5 5
102 113 5 5
102 115 5 5
103 109 5 5
103 105 5 5
103 110 5 5
103 116 5 5
124 122 6 6
124 120 6 6
124 121 6 6
124 123 6 6
125 121 6 6
125 120 6 6
125 123 6 6
125 124 6 6
126 125 6 6
126 120 6 6
126 124 6 6
126 121 6 6
127 126 6 6
127 122 6 6
127 125 6 6
127 123 6 6
128 121 6 6
128 123 6 6
128 124 6 6
128 126 6 6
129 125 6 6
129 124 6 6
129 122 6 6
129 121 6 6
130 126 6 6
130 125 6 6
130 120 6 6
130 124 6 6
131 129 6 6
131 122 6 6
131 123 6 6
131 126 6 6
132 127 6 6
132 130 6 6
132 120 6 6
132 123 6 6
133 126 6 6
133 131 6 6
133 130 6 6
133 120 6 6
134 128 6 6
134 121 6 6
134 122 6 6
134 131 6 6
135 124 6 6
135 126 6 6
135 120 6 6
135 127 6 6
136 127 6 6
136 128 6 6
136 126 6 6
136 120 6 6
137 120 6 6
137 124 6 6
137 135 6 6
137 133 6 6
138 134 6 6
138 122 6 6
138 136 6 6
138 133 6 6
139 132 6 6
139 138 6 6
139 129 6 6
139 120 6 6
120 127 6 6
120 129 6 6
120 138 6 6
120 131 6 6
121 130 6 6
121 131 6 6
121 138 6 6
121 133 6 6
122 125 6 6
122 136 6 6
122 126 6 6
122 128 6 6
123 138 6 6
123 126 6 6
123 129 6 6
123 134 6 6
144 140 7 7
144 141 7 7
144 142 7 7
144 143 7 7
145 141 7 7
145 144 7 7
145 142 7 7
145 143 7 7
146 143 7 7
146 145 7 7
146 141 7 7
146 142 7 7
147 146 7 7
147 145 7 7
147 142 7 7
147 141 7 7
148 141 7 7
148 140 7 7
148 142 7 7
148 144 7 7
149 147 7 7
149 146 7 7
149 145 7 7
149 143 7 7
150 143 7 7
150 148 7 7
150 142 7 7
150 149 7 7
151 141 7 7
151 143 7 7
151 144 7 7
151 145 7 7
152 151 7 7
152 144 7 7
152 145 7 7
152 148 7 7
153 148 7 7
153 143 7 7
153 142 7 7
153 140 7 7
154 140 7 7
154 146 7 7
154 143 7 7
154 144 7 7
155 145 7 7
155 149 7 7
155 147 7 7
155 140 7 7
156 145 7 7
156 143 7 7
156 152 7 7
156 146 7 7
157 155 7 7
157 151 7 7
157 146 7 7
157 144 7 7
158 149 7 7
158 145 7 7
158 144 7 7
158 148 7 7
159 140 7 7
159 157 7 7
159 156 7 7
159 145 7 7
140 152 7 7
140 157 7 7
140 145 7 7
140 156 7 7
141 150 7 7
141 152 7 7
141 156 7 7
141 149 7 7
142 155 7 7
142 159 7 7
142 158 7 7
142 157 7 7
143 155 7 7
143 158 7 7
143 152 7 7
143 147 7 7
164 162 8 8
164 161 8 8
164 163 8 8
164 160 8 8
165 162 8 8
165 163 8 8
165 160 8 8
165 164 8 8
166 165 8 8
166 160 8 8
166 164 8 8
166 161 8 8
167 164 8 8
167 165 8 8
167 160 8 8
167 163 8 8
168 161 8 8
168 160 8 8
168 165 8 8
168 166 8 8
169 162 8 8
169 165 8 8
169 167 8 8
169 168 8 8
170 163 8 8
170 160 8 8
170 168 8 8
170 161 8 8
171 165 8 8
171 161 8 8
171 166 8 8
171 167 8 8
172 167 8 8
172 168 8 8
172 166 8 8
172 164 8 8
173 169 8 8
173 165 8 8
173 161 8 8
173 160 8 8
174 166 8 8
174 160 8 8
174 167 8 8
174 168 8 8
175 172 8 8
175 167 8 8
175 170 8 8
175 165 8 8
176 175 8 8
176 164 8 8
176 172 8 8
176 166 8 8
177 160 8 8
177 174 8 8
177 168 8 8
177 166 8 8
178 161 8 8
178 174 8 8
178 167 8 8
178 163 8 8
179 173 8 8
179 177 8 8
179 166 8 8
179 163 8 8
160 179 8 8
160 176 8 8
160 175 8 8
160 178 8 8
161 175 8 8
161 169 8 8
161 165 8 8
161 172 8 8
162 177 8 8
162 176 8 8
162 172 8 8
162 168 8 8
163 171 8 8
163 174 8 8
163 173 8 8
163 172 8 8
184 182 9 9
184 180 9 9
184 183 9 9
184 181 9 9
185 182 9 9
185 181 9 9
185 184 9 9
185 180 9 9
186 181 9 9
186 183 9 9
186 180 9 9
186 182 9 9
187 180 9 9
187 181 9 9
187 186 9 9
187 182 9 9
188 182 9 9
188 187 9 9
188 183 9 9
188 180 9 9
189 188 9 9
189 187 9 9
189 182 9 9
189 181 9 9
190 188 9 9
190 182 9 9
190 185 9 9
190 189 9 9
191 188 9 9
191 181 9 9
191 180 9 9
191 182 9 9
192 185 9 9
192 183 9 9
192 189 9 9
192 187 9 9
193 186 9 9
193 185 9 9
193 189 9 9
193 184 9 9
194 180 9 9
194 193 9 9
194 182 9 9
194 187 9 9
195 186 9 9
195 189 9 9
195 181 9 9
195 194 9 9
196 189 9 9
196 192 9 9
196 186 9 9
196 185 9 9
197 183 9 9
197 181 9 9
197 189 9 9
197 194 9 9
198 196 9 9
198 190 9 9
198 192 9 9
198 195 9 9
199 191 9 9
199 187 9 9
199 192 9 9
199 197 9 9
180 189 9 9
180 192 9 9
180 193 9 9
180 199 9 9
181 188 9 9
181 198 9 9
181 196 9 9
181 192 9 9
182 193 9 9
182 198 9 9
182 197 9 9
182 199 9 9
183 189 9 9
183 196 9 9
183 195 9 9
183 187 9 9
204 201 10 10
204 202 10 10
204 200 10 10
204 203 10 10
205 201 10 10
205 200 10 10
205 204 10 10
205 202 10 10
206 205 10 10
206 200 10 10
206 202 10 10
206 204 10 10
207 200 10 10
207 202 10 10
207 204 10 10
207 206 10 10
208 200 10 10
208 207 10 10
208 203 10 10
208 205 10 10
209 206 10 10
209 205 10 10
209 201 10 10
209 204 10 10
210 203 10 10
210 206 10 10
210 201 10 10
210 207 10 10
211 210 10 10
211 206 10 10
211 200 10 10
211 203 10 10
212 206 10 10
212 210 10 10
212 209 10 10
212 203 10 10
213 212 10 10
213 206 10 10
213 200 10 10
213 203 10 10
214 204 10 10
214 211 10 10
214 207 10 10
214 210 10 10
215 211 10 10
215 214 10 10
215 202 10 10
215 213 10 10
216 209 10 10
216 207 10 10
216 211 10 10
216 202 10 10
217 201 10 10
217 211 10 10
217 204 10 10
217 214 10 10
218 210 10 10
218 213 10 10
218 202 10 10
218 206 10 10
219 213 10 10
219 210 10 10
219 211 10 10
219 207 10 10
200 212 10 10
200 210 10 10
200 218 10 10
200 217 10 10
201 213 10 10
201 218 10 10
201 215 10 10
201 214 10 10
202 214 10 10
202 213 10 10
202 219 10 10
202 211 10 10
203 207 10 10
203 219 10 10
203 206 10 10
203 216 10 10
224 223 11 11
224 220 11 11
224 222 11 11
224 221 11 11
225 221 11 11
225 220 11 11
225 223 11 11
225 224 11 11
226 220 11 11
226 221 11 11
226 225 11 11
226 222 11 11
227 220 11 11
227 223 11 11
227 222 11 11
227 221 11 11
228 227 11 11
228 226 11 11
228 222 11 11
228 223 11 11
229 222 11 11
229 227 11 11
229 228 11 11
229 226 11 11
230 229 11 11
230 227 11 11
230 224 11 11
230 226 11 11
231 227 11 11
231 226 11 11
231 228 11 11
231 221 11 11
232 221 11 11
232 226 11 11
232 231 11 11
232 223 11 11
233 223 11 11
233 230 11 11
233 231 11 11
233 228 11 11
234 231 11 11
234 223 11 11
234 229 11 11
234 230 11 11
235 225 11 11
235 232 11 11
235 221 11 11
235 223 11 11
236 226 11 11
236 233 11 11
236 228 11 11
236 230 11 11
237 226 11 11
237 233 11 11
237 230 11 11
237 221 11 11
238 230 11 11
238 237 11 11
238 229 11 11
238 225 11 11
239 234 11 11
239 229 11 11
239 238 11 11
239 227 11 11
220 232 11 11
220 231 11 11
220 229 11 11
220 235 11 11
221 238 11 11
221 236 11 11
221 229 11 11
221 233 11 11
222 233 11 11
222 231 11 11
222 239 11 11
222 235 11 11
223 226 11 11
223 239 11 11
223 231 11 11
223 238 11 11
244 242 12 12
244 240 12 12
244 243 12 12
244 241 12 12
245 242 12 12
245 244 12 12
245 240 12 12
245 241 12 12
246 245 12 12
246 242 12 12
246 244 12 12
246 241 12 12
247 242 12 12
247 246 12 12
247 240 12 12
247 243 12 12
248 240 12 12
248 242 12 12
248 246 12 12
248 243 12 12
249 240 12 12
249 244 12 12
249 247 12 12
249 245 12 12
250 249 12 12
250 246 12 12
250 244 12 12
250 245 12 12
251 243 12 12
251 247 12 12
251 244 12 12
251 245 12 12
252 247 12 12
252 251 12 12
252 242 12 12
252 240 12 12
253 246 12 12
253 249 12 12
253 247 12 12
253 243 12 12
254 252 12 12
254 249 12 12
254 247 12 12
254 240 12 12
255 248 12 12
255 254 12 12
255 252 12 12
255 246 12 12
256 251 12 12
256 248 12 12
256 243 12 12
256 247 12 12
257 251 12 12
257 249 12 12
257 255 12 12
257 242 12 12
258 243 12 12
258 247 12 12
258 244 12 12
258 257 12 12
259 258 12 12
259 243 12 12
259 240 12 12
259 251 12 12
240 246 12 12
240 258 12 12
240 255 12 12
240 257 12 12
241 249 12 12
241 250 12 12
241 259 12 12
241 257 12 12
242 258 12 12
242 249 12 12
242 256 12 12
242 250 12 12
243 254 12 12
243 257 12 12
243 255 12 12
243 252 12 12
264 260 13 13
264 262 13 13
264 261 13 13
264 263 13 13
265 261 13 13
265 262 13 13
265 263 13 13
265 260 13 13
266 263 13 13
266 262 13 13
266 261 13 13
266 260 13 13
267 261 13 13
267 266 13 13
267 264 13 13
267 260 13 13
268 263 13 13
268 262 13 13
268 266 13 13
268 265 13 13
269 267 13 13
269 260 13 13
269 268 13 13
269 263 13 13
270 261 13 13
270 267 13 13
270 262 13 13
270 264 13 13
271 260 13 13
271 263 13 13
271 264 13 13
271 268 13 13
272 268 13 13
272 266 13 13
272 270 13 13
272 263 13 13
273 272 13 13
273 263 13 13
273 264 13 13
273 271 13 13
274 272 13 13
274 261 13 13
274 266 13 13
274 270 13 13
275 273 13 13
275 260 13 13
275 268 13 13
275 266 13 13
276 260 13 13
276 262 13 13
276 263 13 13
276 271 13 13
277 270 13 13
277 266 13 13
277 267 13 13
277 264 13 13
278 267 13 13
278 274 13 13
278 260 13 13
278 262 13 13
279 271 13 13
279 277 13 13
279 262 13 13
279 266 13 13
260 268 13 13
260 274 13 13
260 277 13 13
260 270 13 13
261 276 13 13
261 271 13 13
261 277 13 13
261 273 13 13
262 274 13 13
262 272 13 13
262 275 13 13
262 267 13 13
263 267 13 13
263 275 13 13
263 274 13 13
263 270 13 13
284 282 14 14
284 281 14 14
284 283 14 14
284 280 14 14
285 280 14 14
285 281 14 14
285 284 14 14
285 282 14 14
286 285 14 14
286 281 14 14
286 283 14 14
286 284 14 14
287 286 14 14
287 280 14 14
287 281 14 14
287 285 14 14
288 282 14 14
288 284 14 14
288 283 14 14
288 287 14 14
289 283 14 14
289 288 14 14
289 281 14 14
289 287 14 14
290 289 14 14
290 288 14 14
290 286 14 14
290 282 14 14
291 285 14 14
291 286 14 14
291 288 14 14
291 287 14 14
292 287 14 14
292 280 14 14
292 286 14 14
292 288 14 14
293 285 14 14
293 286 14 14
293 291 14 14
293 288 14 14
294 282 14 14
294 286 14 14
294 281 14 14
294 283 14 14
295 284 14 14
295 288 14 14
295 282 14 14
295 289 14 14
296 294 14 14
296 290 14 14
296 284 14 14
296 282 14 14
297 290 14 14
297 287 14 14
297 291 14 14
297 280 14 14
298 292 14 14
298 289 14 14
298 280 14 14
298 297 14 14
299 294 14 14
299 288 14 14
299 290 14 14
299 289 14 14
280 294 14 14
280 291 14 14
280 299 14 14
280 289 14 14
281 288 14 14
281 290 14 14
281 295 14 14
281 298 14 14
282 287 14 14
282 291 14 14
282 299 14 14
282 289 14 14
283 290 14 14
283 298 14 14
283 299 14 14
283 287 14 14
304 300 15 15
304 303 15 15
304 301 15 15
304 302 15 15
305 304 15 15
305 300 15 15
305 302 15 15
305 301 15 15
306 301 15 15
306 300 15 15
306 305 15 15
306 304 15 15
307 306 15 15
307 303 15 15
307 302 15 15
307 301 15 15
308 306 15 15
308 307 15 15
308 303 15 15
308 300 15 15
309 306 15 15
309 307 15 15
309 305 15 15
309 303 15 15
310 304 15 15
310 306 15 15
310 308 15 15
310 301 15 15
311 309 15 15
311 306 15 15
311 303 15 15
311 300 15 15
312 309 15 15
312 300 15 15
312 301 15 15
312 310 15 15
313 302 15 15
313 305 15 15
313 307 15 15
313 306 15 15
314 308 15 15
314 304 15 15
314 305 15 15
314 300 15 15
315 307 15 15
315 313 15 15
315 309 15 15
315 308 15 15
316 303 15 15
316 311 15 15
316 306 15 15
316 313 15 15
317 305 15 15
317 300 15 15
317 308 15 15
317 310 15 15
318 308 15 15
318 315 15 15
318 304 15 15
318 305 15 15
319 312 15 15
319 300 15 15
319 304 15 15
319 315 15 15
300 307 15 15
300 310 15 15
300 309 15 15
300 318 15 15
301 308 15 15
301 319 15 15
301 315 15 15
301 309 15 15
302 317 15 15
302 311 15 15
302 314 15 15
302 316 15 15
303 319 15 15
303 318 15 15
303 313 15 15
303 310 15 15
85 76 4 3
80 20 4 1
83 18 4 0
84 45 4 2
114 99 5 4
113 74 5 3
113 18 5 0
111 37 5 1
132 72 6 3
124 90 6 4
135 33 6 1
131 44 6 2
152 124 7 6
157 107 7 5
157 76 7 3
147 23 7 1
177 72 8 3
163 7 8 0
162 53 8 2
176 109 8 5
186 139 9 6
192 107 9 5
184 147 9 7
185 74 9 3
200 16 10 0
213 196 10 9
214 23 10 1
214 139 10 6
236 53 11 2
232 7 11 0
234 104 11 5
226 179 11 8
246 70 12 3
241 169 12 8
251 215 12 10
244 102 12 5
270 248 13 12
265 20 13 1
268 99 13 4
264 210 13 10
290 255 14 12
291 95 14 4
298 197 14 9
296 114 14 5
305 279 15 13
310 106 15 5
319 127 15 6
305 79 15 3
8 264 0 13
8 191 0 9
15 316 0 15
2 246 0 12
21 307 1 15
39 235 1 11
27 162 1 8
22 243 1 12
40 250 2 12
48 268 2 13
53 309 2 15
50 101 2 5
69 272 3 13
77 232 3 11
64 203 3 10
66 284 3 14
