swNum = 320
edgeNum = 1343

0 0
1 0
2 0
3 0
4 0
5 0
6 0
7 0
8 0
9 0
10 0
11 0
12 0
13 0
14 0
15 0
16 0
17 0
18 0
19 0
20 1
21 1
22 1
23 1
24 1
25 1
26 1
27 1
28 1
29 1
30 1
31 1
32 1
33 1
34 1
35 1
36 1
37 1
38 1
39 1
40 2
41 2
42 2
43 2
44 2
45 2
46 2
47 2
48 2
49 2
50 2
51 2
52 2
53 2
54 2
55 2
56 2
57 2
58 2
59 2
60 3
61 3
62 3
63 3
64 3
65 3
66 3
67 3
68 3
69 3
70 3
71 3
72 3
73 3
74 3
75 3
76 3
77 3
78 3
79 3
80 4
81 4
82 4
83 4
84 4
85 4
86 4
87 4
88 4
89 4
90 4
91 4
92 4
93 4
94 4
95 4
96 4
97 4
98 4
99 4
100 5
101 5
102 5
103 5
104 5
105 5
106 5
107 5
108 5
109 5
110 5
111 5
112 5
113 5
114 5
115 5
116 5
117 5
118 5
119 5
120 6
121 6
122 6
123 6
124 6
125 6
126 6
127 6
128 6
129 6
130 6
131 6
132 6
133 6
134 6
135 6
136 6
137 6
138 6
139 6
140 7
141 7
142 7
143 7
144 7
145 7
146 7
147 7
148 7
149 7
150 7
151 7
152 7
153 7
154 7
155 7
156 7
157 7
158 7
159 7
160 8
161 8
162 8
163 8
164 8
165 8
166 8
167 8
168 8
169 8
170 8
171 8
172 8
173 8
174 8
175 8
176 8
177 8
178 8
179 8
180 9
181 9
182 9
183 9
184 9
185 9
186 9
187 9
188 9
189 9
190 9
191 9
192 9
193 9
194 9
195 9
196 9
197 9
198 9
199 9
200 10
201 10
202 10
203 10
204 10
205 10
206 10
207 10
208 10
209 10
210 10
211 10
212 10
213 10
214 10
215 10
216 10
217 10
218 10
219 10
220 11
221 11
222 11
223 11
224 11
225 11
226 11
227 11
228 11
229 11
230 11
231 11
232 11
233 11
234 11
235 11
236 11
237 11
238 11
239 11
240 12
241 12
242 12
243 12
244 12
245 12
246 12
247 12
248 12
249 12
250 12
251 12
252 12
253 12
254 12
255 12
256 12
257 12
258 12
259 12
260 13
261 13
262 13
263 13
264 13
265 13
266 13
267 13
268 13
269 13
270 13
271 13
272 13
273 13
274 13
275 13
276 13
277 13
278 13
279 13
280 14
281 14
282 14
283 14
284 14
285 14
286 14
287 14
288 14
289 14
290 14
291 14
292 14
293 14
294 14
295 14
296 14
297 14
298 14
299 14
300 15
301 15
302 15
303 15
304 15
305 15
306 15
307 15
308 15
309 15
310 15
311 15
312 15
313 15
314 15
315 15
316 15
317 15
318 15
319 15

4 2 0 0
4 3 0 0
4 1 0 0
4 0 0 0
5 0 0 0
5 3 0 0
5 1 0 0
5 2 0 0
6 1 0 0
6 0 0 0
6 4 0 0
6 5 0 0
7 0 0 0
7 1 0 0
7 3 0 0
7 5 0 0
8 4 0 0
8 2 0 0
8 1 0 0
8 5 0 0
9 2 0 0
9 5 0 0
9 1 0 0
9 0 0 0
10 0 0 0
10 2 0 0
10 1 0 0
10 9 0 0
11 4 0 0
11 2 0 0
11 9 0 0
11 0 0 0
12 5 0 0
12 3 0 0
12 8 0 0
12 9 0 0
13 7 0 0
13 10 0 0
13 5 0 0
13 9 0 0
14 7 0 0
14 13 0 0
14 6 0 0
14 5 0 0
15 6 0 0
15 5 0 0
15 1 0 0
15 2 0 0
16 4 0 0
16 14 0 0
16 1 0 0
16 10 0 0
17 11 0 0
17 15 0 0
17 12 0 0
17 1 0 0
18 3 0 0
18 11 0 0
18 1 0 0
18 14 0 0
19 14 0 0
19 13 0 0
19 8 0 0
19 2 0 0
0 14 0 0
0 18 0 0
0 17 0 0
0 16 0 0
1 13 0 0
1 14 0 0
1 19 0 0
1 11 0 0
2 18 0 0
2 7 0 0
2 17 0 0
2 12 0 0
3 6 0 0
3 10 0 0
3 19 0 0
3 9 0 0
24 20 1 1
24 23 1 1
24 21 1 1
24 22 1 1
25 20 1 1
25 21 1 1
25 24 1 1
25 22 1 1
26 24 1 1
26 25 1 1
26 23 1 1
26 20 1 1
27 21 1 1
27 22 1 1
27 25 1 1
27 26 1 1
28 20 1 1
28 24 1 1
28 25 1 1
28 23 1 1
29 22 1 1
29 21 1 1
29 27 1 1
29 20 1 1
30 21 1 1
30 20 1 1
30 28 1 1
30 24 1 1
31 20 1 1
31 21 1 1
31 22 1 1
31 26 1 1
32 28 1 1
32 20 1 1
32 26 1 1
32 31 1 1
33 25 1 1
33 20 1 1
33 26 1 1
33 28 1 1
34 20 1 1
34 28 1 1
34 22 1 1
34 31 1 1
35 22 1 1
35 21 1 1
35 27 1 1
35 23 1 1
36 33 1 1
36 26 1 1
36 28 1 1
36 32 1 1
37 21 1 1
37 34 1 1
37 35 1 1
37 20 1 1
38 28 1 1
38 34 1 1
38 20 1 1
38 25 1 1
39 26 1 1
39 33 1 1
39 20 1 1
39 38 1 1
20 35 1 1
20 36 1 1
20 27 1 1
21 38 1 1
21 34 1 1
21 28 1 1
21 32 1 1
22 37 1 1
22 28 1 1
22 36 1 1
22 38 1 1
23 38 1 1
23 36 1 1
23 39 1 1
23 37 1 1
44 42 2 2
44 41 2 2
44 40 2 2
44 43 2 2
45 42 2 2
45 41 2 2
45 44 2 2
45 43 2 2
46 45 2 2
46 41 2 2
46 40 2 2
46 42 2 2
47 42 2 2
47 44 2 2
47 41 2 2
47 45 2 2
48 45 2 2
48 41 2 2
48 46 2 2
48 42 2 2
49 40 2 2
49 43 2 2
49 45 2 2
49 44 2 2
50 40 2 2
50 42 2 2
50 43 2 2
50 47 2 2
51 48 2 2
51 43 2 2
51 42 2 2
51 40 2 2
52 46 2 2
52 49 2 2
52 42 2 2
52 45 2 2
53 45 2 2
53 48 2 2
53 47 2 2
53 49 2 2
54 42 2 2
54 43 2 2
54 45 2 2
54 49 2 2
55 42 2 2
55 51 2 2
55 47 2 2
55 43 2 2
56 50 2 2
56 52 2 2
56 55 2 2
56 46 2 2
57 56 2 2
57 46 2 2
57 50 2 2
57 55 2 2
58 42 2 2
58 49 2 2
58 40 2 2
58 51 2 2
59 54 2 2
59 48 2 2
59 50 2 2
59 41 2 2
40 54 2 2
40 59 2 2
40 55 2 2
40 57 2 2
41 53 2 2
41 58 2 2
41 52 2 2
41 51 2 2
42 49 2 2
42 57 2 2
42 59 2 2
42 53 2 2
43 58 2 2
43 59 2 2
43 57 2 2
43 48 2 2
64 61 3 3
64 63 3 3
64 60 3 3
64 62 3 3
65 61 3 3
65 60 3 3
65 63 3 3
65 64 3 3
66 60 3 3
66 61 3 3
66 64 3 3
66 63 3 3
67 66 3 3
67 63 3 3
67 64 3 3
67 62 3 3
68 60 3 3
68 66 3 3
68 61 3 3
68 62 3 3
69 61 3 3
69 63 3 3
69 68 3 3
69 64 3 3
70 61 3 3
70 66 3 3
70 60 3 3
70 64 3 3
71 60 3 3
71 62 3 3
71 67 3 3
71 65 3 3
72 68 3 3
72 60 3 3
72 66 3 3
72 65 3 3
73 70 3 3
73 63 3 3
73 66 3 3
73 65 3 3
74 63 3 3
74 73 3 3
74 72 3 3
74 64 3 3
75 61 3 3
75 65 3 3
75 63 3 3
75 64 3 3
76 75 3 3
76 62 3 3
76 66 3 3
76 71 3 3
77 63 3 3
77 67 3 3
77 74 3 3
77 70 3 3
78 73 3 3
78 69 3 3
78 66 3 3
78 60 3 3
79 65 3 3
79 68 3 3
79 70 3 3
79 77 3 3
60 77 3 3
60 79 3 3
60 69 3 3
60 73 3 3
61 78 3 3
61 77 3 3
61 72 3 3
61 74 3 3
62 79 3 3
62 75 3 3
62 77 3 3
62 73 3 3
63 68 3 3
63 71 3 3
63 76 3 3
63 70 3 3
84 80 4 4
84 81 4 4
84 82 4 4
84 83 4 4
85 81 4 4
85 82 4 4
85 83 4 4
85 80 4 4
86 83 4 4
86 80 4 4
86 85 4 4
86 81 4 4
87 80 4 4
87 81 4 4
87 85 4 4
87 86 4 4
88 87 4 4
88 85 4 4
88 83 4 4
88 86 4 4
89 83 4 4
89 87 4 4
89 80 4 4
89 84 4 4
90 86 4 4
90 80 4 4
90 83 4 4
90 88 4 4
91 82 4 4
91 90 4 4
91 85 4 4
91 89 4 4
92 85 4 4
92 91 4 4
92 81 4 4
92 84 4 4
93 86 4 4
93 89 4 4
93 80 4 4
93 90 4 4
94 87 4 4
94 81 4 4
94 85 4 4
94 84 4 4
95 84 4 4
95 80 4 4
95 82 4 4
95 93 4 4
96 93 4 4
96 82 4 4
96 81 4 4
96 88 4 4
97 87 4 4
97 96 4 4
97 90 4 4
97 93 4 4
98 91 4 4
98 86 4 4
98 81 4 4
98 93 4 4
99 80 4 4
99 87 4 4
99 89 4 4
99 88 4 4
80 92 4 4
80 96 4 4
80 98 4 4
80 88 4 4
81 91 4 4
81 88 4 4
81 93 4 4
81 95 4 4
82 98 4 4
82 87 4 4
82 90 4 4
82 89 4 4
83 96 4 4
83 93 4 4
83 95 4 4
83 87 4 4
104 103 5 5
104 101 5 5
104 102 5 5
104 100 5 5
105 104 5 5
105 101 5 5
105 100 5 5
105 102 5 5
106 102 5 5
106 101 5 5
106 105 5 5
106 104 5 5
107 103 5 5
107 102 5 5
107 106 5 5
107 104 5 5
108 100 5 5
108 106 5 5
108 102 5 5
108 101 5 5
109 102 5 5
109 108 5 5
109 104 5 5
109 106 5 5
110 103 5 5
110 104 5 5
110 106 5 5
110 108 5 5
111 107 5 5
111 106 5 5
111 108 5 5
111 101 5 5
112 110 5 5
112 106 5 5
112 101 5 5
112 108 5 5
113 107 5 5
113 105 5 5
113 110 5 5
113 103 5 5
114 105 5 5
114 109 5 5
114 106 5 5
114 101 5 5
115 102 5 5
115 113 5 5
115 106 5 5
115 101 5 5
116 115 5 5
116 113 5 5
116 112 5 5
116 111 5 5
117 109 5 5
117 116 5 5
117 108 5 5
117 111 5 5
118 108 5 5
118 101 5 5
118 102 5 5
118 100 5 5
119 104 5 5
119 100 5 5
119 115 5 5
119 117 5 5
100 110 5 5
100 106 5 5
100 115 5 5
100 109 5 5
101 116 5 5
101 107 5 5
101 110 5 5
101 117 5 5
102 114 5 5
102 113 5 5
102 112 5 5
102 117 5 5
103 111 5 5
103 119 5 5
103 115 5 5
103 116 5 5
124 121 6 6
124 120 6 6
124 123 6 6
124 122 6 6
125 122 6 6
125 124 6 6
125 120 6 6
125 123 6 6
126 124 6 6
126 121 6 6
126 123 6 6
126 122 6 6
127 123 6 6
127 124 6 6
127 125 6 6
127 126 6 6
128 127 6 6
128 123 6 6
128 120 6 6
128 122 6 6
129 121 6 6
129 127 6 6
129 123 6 6
129 128 6 6
130 127 6 6
130 129 6 6
130 121 6 6
130 120 6 6
131 123 6 6
131 129 6 6
131 128 6 6
131 120 6 6
132 126 6 6
132 128 6 6
132 124 6 6
132 127 6 6
133 120 6 6
133 130 6 6
133 127 6 6
133 121 6 6
134 130 6 6
134 131 6 6
134 126 6 6
134 121 6 6
135 129 6 6
135 132 6 6
135 131 6 6
135 125 6 6
136 122 6 6
136 123 6 6
136 133 6 6
136 131 6 6
137 127 6 6
137 128 6 6
137 129 6 6
137 120 6 6
138 126 6 6
138 129 6 6
138 133 6 6
138 124 6 6
139 126 6 6
139 125 6 6
139 130 6 6
139 132 6 6
120 127 6 6
120 132 6 6
120 135 6 6
120 139 6 6
121 136 6 6
121 131 6 6
121 138 6 6
121 127 6 6
122 138 6 6
122 134 6 6
122 133 6 6
122 132 6 6
123 130 6 6
123 134 6 6
123 138 6 6
123 133 6 6
144 142 7 7
144 141 7 7
144 143 7 7
144 140 7 7
145 143 7 7
145 144 7 7
145 141 7 7
145 140 7 7
146 143 7 7
146 142 7 7
146 145 7 7
146 141 7 7
147 140 7 7
147 141 7 7
147 143 7 7
147 144 7 7
148 146 7 7
148 145 7 7
148 140 7 7
148 144 7 7
149 140 7 7
149 145 7 7
149 144 7 7
149 147 7 7
150 145 7 7
150 149 7 7
150 143 7 7
150 142 7 7
151 145 7 7
151 146 7 7
151 143 7 7
151 150 7 7
152 147 7 7
152 149 7 7
152 140 7 7
152 142 7 7
153 148 7 7
153 150 7 7
153 146 7 7
153 151 7 7
154 146 7 7
154 142 7 7
154 143 7 7
154 147 7 7
155 152 7 7
155 144 7 7
155 140 7 7
155 153 7 7
156 150 7 7
156 153 7 7
156 144 7 7
156 148 7 7
157 149 7 7
157 142 7 7
157 144 7 7
157 152 7 7
158 146 7 7
158 150 7 7
158 154 7 7
158 155 7 7
159 146 7 7
159 150 7 7
159 142 7 7
159 156 7 7
140 151 7 7
140 153 7 7
140 157 7 7
140 158 7 7
141 152 7 7
141 155 7 7
141 153 7 7
141 148 7 7
142 148 7 7
142 147 7 7
142 149 7 7
142 151 7 7
143 153 7 7
143 159 7 7
143 148 7 7
143 149 7 7
164 163 8 8
164 162 8 8
164 161 8 8
164 160 8 8
165 160 8 8
165 162 8 8
165 161 8 8
165 164 8 8
166 165 8 8
166 161 8 8
166 164 8 8
166 160 8 8
167 163 8 8
167 164 8 8
167 166 8 8
167 162 8 8
168 163 8 8
168 160 8 8
168 165 8 8
168 161 8 8
169 167 8 8
169 168 8 8
169 161 8 8
169 162 8 8
170 164 8 8
170 161 8 8
170 167 8 8
170 163 8 8
171 160 8 8
171 161 8 8
171 170 8 8
171 166 8 8
172 171 8 8
172 169 8 8
172 160 8 8
172 165 8 8
173 170 8 8
173 164 8 8
173 165 8 8
173 171 8 8
174 171 8 8
174 166 8 8
174 161 8 8
174 168 8 8
175 164 8 8
175 162 8 8
175 173 8 8
175 165 8 8
176 160 8 8
176 164 8 8
176 168 8 8
176 167 8 8
177 171 8 8
177 172 8 8
177 173 8 8
177 166 8 8
178 175 8 8
178 160 8 8
178 163 8 8
178 164 8 8
179 177 8 8
179 161 8 8
179 165 8 8
179 173 8 8
160 175 8 8
160 170 8 8
160 167 8 8
160 174 8 8
161 173 8 8
161 177 8 8
161 167 8 8
161 172 8 8
162 171 8 8
162 178 8 8
162 173 8 8
162 179 8 8
163 171 8 8
163 173 8 8
163 175 8 8
163 169 8 8
184 182 9 9
184 180 9 9
184 181 9 9
184 183 9 9
185 184 9 9
185 182 9 9
185 180 9 9
185 183 9 9
186 183 9 9
186 181 9 9
186 180 9 9
186 185 9 9
187 180 9 9
187 185 9 9
187 183 9 9
187 184 9 9
188 180 9 9
188 184 9 9
188 187 9 9
188 182 9 9
189 184 9 9
189 188 9 9
189 187 9 9
189 185 9 9
190 180 9 9
190 182 9 9
190 189 9 9
190 188 9 9
191 182 9 9
191 187 9 9
191 180 9 9
191 190 9 9
192 180 9 9
192 191 9 9
192 188 9 9
192 189 9 9
193 191 9 9
193 180 9 9
193 185 9 9
193 186 9 9
194 185 9 9
194 184 9 9
194 182 9 9
194 187 9 9
195 182 9 9
195 193 9 9
195 191 9 9
195 185 9 9
196 191 9 9
196 194 9 9
196 183 9 9
196 193 9 9
197 195 9 9
197 182 9 9
197 190 9 9
197 185 9 9
198 196 9 9
198 181 9 9
198 180 9 9
198 186 9 9
199 184 9 9
199 182 9 9
199 194 9 9
199 180 9 9
180 196 9 9
180 189 9 9
180 195 9 9
180 194 9 9
181 196 9 9
181 190 9 9
181 195 9 9
181 193 9 9
182 196 9 9
182 193 9 9
182 189 9 9
182 192 9 9
183 193 9 9
183 198 9 9
183 189 9 9
183 195 9 9
204 200 10 10
204 201 10 10
204 202 10 10
204 203 10 10
205 204 10 10
205 200 10 10
205 202 10 10
205 203 10 10
206 201 10 10
206 204 10 10
206 202 10 10
206 200 10 10
207 205 10 10
207 200 10 10
207 201 10 10
207 203 10 10
208 207 10 10
208 205 10 10
208 201 10 10
208 206 10 10
209 207 10 10
209 202 10 10
209 208 10 10
209 205 10 10
210 203 10 10
210 202 10 10
210 206 10 10
210 200 10 10
211 201 10 10
211 207 10 10
211 210 10 10
211 209 10 10
212 209 10 10
212 202 10 10
212 211 10 10
212 208 10 10
213 201 10 10
213 202 10 10
213 203 10 10
213 206 10 10
214 201 10 10
214 203 10 10
214 213 10 10
214 208 10 10
215 200 10 10
215 206 10 10
215 203 10 10
215 202 10 10
216 214 10 10
216 202 10 10
216 204 10 10
216 205 10 10
217 208 10 10
217 215 10 10
217 204 10 10
217 200 10 10
218 215 10 10
218 202 10 10
218 207 10 10
218 217 10 10
219 205 10 10
219 202 10 10
219 210 10 10
219 208 10 10
200 211 10 10
200 216 10 10
200 208 10 10
200 214 10 10
201 217 10 10
201 210 10 10
201 212 10 10
201 219 10 10
202 211 10 10
202 214 10 10
202 217 10 10
202 208 10 10
203 206 10 10
203 218 10 10
203 217 10 10
203 219 10 10
224 223 11 11
224 222 11 11
224 220 11 11
224 221 11 11
225 221 11 11
225 222 11 11
225 224 11 11
225 220 11 11
226 222 11 11
226 220 11 11
226 225 11 11
226 224 11 11
227 226 11 11
227 225 11 11
227 220 11 11
227 222 11 11
228 223 11 11
228 225 11 11
228 224 11 11
228 226 11 11
229 221 11 11
229 224 11 11
229 226 11 11
229 225 11 11
230 227 11 11
230 222 11 11
230 229 11 11
230 220 11 11
231 229 11 11
231 222 11 11
231 225 11 11
231 227 11 11
232 222 11 11
232 227 11 11
232 231 11 11
232 225 11 11
233 229 11 11
233 227 11 11
233 225 11 11
233 226 11 11
234 222 11 11
234 230 11 11
234 232 11 11
234 227 11 11
235 224 11 11
235 228 11 11
235 220 11 11
235 223 11 11
236 230 11 11
236 220 11 11
236 225 11 11
236 232 11 11
237 221 11 11
237 226 11 11
237 232 11 11
237 225 11 11
238 233 11 11
238 223 11 11
238 229 11 11
238 230 11 11
239 224 11 11
239 227 11 11
239 229 11 11
239 221 11 11
220 234 11 11
220 239 11 11
220 228 11 11
220 233 11 11
221 231 11 11
221 233 11 11
221 228 11 11
221 226 11 11
222 237 11 11
222 229 11 11
222 239 11 11
222 233 11 11
223 225 11 11
223 236 11 11
223 229 11 11
223 231 11 11
244 242 12 12
244 243 12 12
244 240 12 12
244 241 12 12
245 240 12 12
245 241 12 12
245 243 12 12
245 244 12 12
246 244 12 12
246 243 12 12
246 245 12 12
246 240 12 12
247 240 12 12
247 241 12 12
247 242 12 12
247 245 12 12
248 243 12 12
248 240 12 12
248 244 12 12
248 245 12 12
249 240 12 12
249 245 12 12
249 248 12 12
249 241 12 12
250 246 12 12
250 244 12 12
250 245 12 12
250 249 12 12
251 245 12 12
251 240 12 12
251 242 12 12
251 247 12 12
252 249 12 12
252 250 12 12
252 244 12 12
252 245 12 12
253 242 12 12
253 246 12 12
253 252 12 12
253 251 12 12
254 241 12 12
254 244 12 12
254 253 12 12
254 247 12 12
255 254 12 12
255 249 12 12
255 243 12 12
255 253 12 12
256 245 12 12
256 244 12 12
256 249 12 12
256 243 12 12
257 245 12 12
257 240 12 12
257 247 12 12
257 253 12 12
258 253 12 12
258 245 12 12
258 249 12 12
258 257 12 12
259 242 12 12
259 251 12 12
259 240 12 12
259 255 12 12
240 258 12 12
240 253 12 12
240 250 12 12
240 255 12 12
241 253 12 12
241 259 12 12
241 257 12 12
241 255 12 12
242 246 12 12
242 256 12 12
242 258 12 12
242 255 12 12
243 250 12 12
243 258 12 12
243 259 12 12
243 252 12 12
264 262 13 13
264 261 13 13
264 263 13 13
264 260 13 13
265 264 13 13
265 261 13 13
265 260 13 13
265 263 13 13
266 261 13 13
266 260 13 13
266 262 13 13
266 265 13 13
267 260 13 13
267 264 13 13
267 261 13 13
267 266 13 13
268 265 13 13
268 267 13 13
268 264 13 13
268 262 13 13
269 268 13 13
269 263 13 13
269 262 13 13
269 266 13 13
270 269 13 13
270 262 13 13
270 261 13 13
270 263 13 13
271 263 13 13
271 267 13 13
271 265 13 13
271 261 13 13
272 270 13 13
272 263 13 13
272 268 13 13
272 262 13 13
273 267 13 13
273 271 13 13
273 270 13 13
273 263 13 13
274 262 13 13
274 270 13 13
274 261 13 13
274 263 13 13
275 266 13 13
275 263 13 13
275 262 13 13
275 268 13 13
276 272 13 13
276 263 13 13
276 269 13 13
276 264 13 13
277 265 13 13
277 274 13 13
277 260 13 13
277 268 13 13
278 265 13 13
278 264 13 13
278 269 13 13
278 277 13 13
279 263 13 13
279 276 13 13
279 262 13 13
279 269 13 13
260 268 13 13
260 269 13 13
260 278 13 13
260 279 13 13
261 273 13 13
261 276 13 13
261 275 13 13
261 278 13 13
262 273 13 13
262 278 13 13
262 276 13 13
262 277 13 13
263 267 13 13
263 278 13 13
263 268 13 13
263 277 13 13
284 280 14 14
284 281 14 14
284 283 14 14
284 282 14 14
285 284 14 14
285 280 14 14
285 283 14 14
285 282 14 14
286 284 14 14
286 281 14 14
286 282 14 14
286 283 14 14
287 282 14 14
287 286 14 14
287 285 14 14
287 280 14 14
288 280 14 14
288 281 14 14
288 284 14 14
288 283 14 14
289 288 14 14
289 285 14 14
289 283 14 14
289 284 14 14
290 285 14 14
290 289 14 14
290 280 14 14
290 283 14 14
291 290 14 14
291 284 14 14
291 283 14 14
291 281 14 14
292 284 14 14
292 283 14 14
292 280 14 14
292 286 14 14
293 281 14 14
293 280 14 14
293 288 14 14
293 284 14 14
294 286 14 14
294 282 14 14
294 283 14 14
294 291 14 14
295 293 14 14
295 284 14 14
295 280 14 14
295 291 14 14
296 295 14 14
296 285 14 14
296 284 14 14
296 281 14 14
297 282 14 14
297 280 14 14
297 281 14 14
297 293 14 14
298 286 14 14
298 281 14 14
298 285 14 14
298 282 14 14
299 291 14 14
299 282 14 14
299 283 14 14
299 286 14 14
280 294 14 14
280 298 14 14
280 291 14 14
280 299 14 14
281 292 14 14
281 287 14 14
281 295 14 14
281 299 14 14
282 290 14 14
282 292 14 14
282 291 14 14
282 288 14 14
283 293 14 14
283 295 14 14
283 297 14 14
283 298 14 14
304 303 15 15
304 302 15 15
304 300 15 15
304 301 15 15
305 302 15 15
305 301 15 15
305 300 15 15
305 304 15 15
306 300 15 15
306 302 15 15
306 301 15 15
306 304 15 15
307 306 15 15
307 302 15 15
307 304 15 15
307 300 15 15
308 304 15 15
308 303 15 15
308 302 15 15
308 300 15 15
309 304 15 15
309 302 15 15
309 307 15 15
309 300 15 15
310 303 15 15
310 305 15 15
310 309 15 15
310 306 15 15
311 305 15 15
311 301 15 15
311 304 15 15
311 302 15 15
312 308 15 15
312 302 15 15
312 305 15 15
312 307 15 15
313 305 15 15
313 303 15 15
313 310 15 15
313 308 15 15
314 304 15 15
314 306 15 15
314 303 15 15
314 309 15 15
315 306 15 15
315 311 15 15
315 307 15 15
315 314 15 15
316 308 15 15
316 300 15 15
316 309 15 15
316 315 15 15
317 309 15 15
317 308 15 15
317 316 15 15
317 314 15 15
318 317 15 15
318 305 15 15
318 300 15 15
318 310 15 15
319 312 15 15
319 305 15 15
319 314 15 15
319 300 15 15
300 312 15 15
300 317 15 15
300 313 15 15
300 311 15 15
301 318 15 15
301 319 15 15
301 310 15 15
301 317 15 15
302 319 15 15
302 313 15 15
302 317 15 15
302 310 15 15
303 305 15 15
303 312 15 15
303 309 15 15
303 311 15 15
88 56 4 2
85 33 4 1
93 10 4 0
89 66 4 3
106 38 5 1
115 73 5 3
117 18 5 0
114 84 5 4
123 12 6 0
124 119 6 5
127 71 6 3
132 90 6 4
150 85 7 4
150 126 7 6
152 112 7 5
141 16 7 0
165 39 8 1
160 117 8 5
172 140 8 7
163 64 8 3
187 78 9 3
197 139 9 6
181 51 9 2
198 2 9 0
201 164 10 8
205 183 10 9
213 127 10 6
218 1 10 0
223 151 11 7
231 117 11 5
232 193 11 9
230 27 11 1
245 102 12 5
259 83 12 4
254 152 12 7
249 9 12 0
267 0 13 0
269 99 13 4
266 172 13 8
272 202 13 10
289 146 14 7
288 84 14 4
280 164 14 8
280 193 14 9
300 96 15 4
307 64 15 3
316 107 15 5
308 248 15 12
8 231 0 11
18 163 0 8
16 301 0 15
11 283 0 14
32 309 1 15
28 243 1 12
26 262 1 13
35 185 1 9
49 291 2 14
45 255 2 12
47 272 2 13
54 305 2 15
70 242 3 12
79 236 3 11
68 264 3 13
62 209 3 10
