swNum = 320
edgeNum = 1344

0 0
1 0
2 0
3 0
4 0
5 0
6 0
7 0
8 0
9 0
10 0
11 0
12 0
13 0
14 0
15 0
16 0
17 0
18 0
19 0
20 1
21 1
22 1
23 1
24 1
25 1
26 1
27 1
28 1
29 1
30 1
31 1
32 1
33 1
34 1
35 1
36 1
37 1
38 1
39 1
40 2
41 2
42 2
43 2
44 2
45 2
46 2
47 2
48 2
49 2
50 2
51 2
52 2
53 2
54 2
55 2
56 2
57 2
58 2
59 2
60 3
61 3
62 3
63 3
64 3
65 3
66 3
67 3
68 3
69 3
70 3
71 3
72 3
73 3
74 3
75 3
76 3
77 3
78 3
79 3
80 4
81 4
82 4
83 4
84 4
85 4
86 4
87 4
88 4
89 4
90 4
91 4
92 4
93 4
94 4
95 4
96 4
97 4
98 4
99 4
100 5
101 5
102 5
103 5
104 5
105 5
106 5
107 5
108 5
109 5
110 5
111 5
112 5
113 5
114 5
115 5
116 5
117 5
118 5
119 5
120 6
121 6
122 6
123 6
124 6
125 6
126 6
127 6
128 6
129 6
130 6
131 6
132 6
133 6
134 6
135 6
136 6
137 6
138 6
139 6
140 7
141 7
142 7
143 7
144 7
145 7
146 7
147 7
148 7
149 7
150 7
151 7
152 7
153 7
154 7
155 7
156 7
157 7
158 7
159 7
160 8
161 8
162 8
163 8
164 8
165 8
166 8
167 8
168 8
169 8
170 8
171 8
172 8
173 8
174 8
175 8
176 8
177 8
178 8
179 8
180 9
181 9
182 9
183 9
184 9
185 9
186 9
187 9
188 9
189 9
190 9
191 9
192 9
193 9
194 9
195 9
196 9
197 9
198 9
199 9
200 10
201 10
202 10
203 10
204 10
205 10
206 10
207 10
208 10
209 10
210 10
211 10
212 10
213 10
214 10
215 10
216 10
217 10
218 10
219 10
220 11
221 11
222 11
223 11
224 11
225 11
226 11
227 11
228 11
229 11
230 11
231 11
232 11
233 11
234 11
235 11
236 11
237 11
238 11
239 11
240 12
241 12
242 12
243 12
244 12
245 12
246 12
247 12
248 12
249 12
250 12
251 12
252 12
253 12
254 12
255 12
256 12
257 12
258 12
259 12
260 13
261 13
262 13
263 13
264 13
265 13
266 13
267 13
268 13
269 13
270 13
271 13
272 13
273 13
274 13
275 13
276 13
277 13
278 13
279 13
280 14
281 14
282 14
283 14
284 14
285 14
286 14
287 14
288 14
289 14
290 14
291 14
292 14
293 14
294 14
295 14
296 14
297 14
298 14
299 14
300 15
301 15
302 15
303 15
304 15
305 15
306 15
307 15
308 15
309 15
310 15
311 15
312 15
313 15
314 15
315 15
316 15
317 15
318 15
319 15

4 1 0 0
4 3 0 0
4 2 0 0
4 0 0 0
5 2 0 0
5 1 0 0
5 4 0 0
5 0 0 0
6 5 0 0
6 1 0 0
6 2 0 0
6 3 0 0
7 2 0 0
7 1 0 0
7 0 0 0
7 5 0 0
8 4 0 0
8 1 0 0
8 6 0 0
8 2 0 0
9 8 0 0
9 6 0 0
9 1 0 0
9 4 0 0
10 7 0 0
10 8 0 0
10 2 0 0
10 5 0 0
11 1 0 0
11 2 0 0
11 0 0 0
11 10 0 0
12 5 0 0
12 2 0 0
12 9 0 0
12 7 0 0
13 9 0 0
13 5 0 0
13 10 0 0
13 2 0 0
14 9 0 0
14 2 0 0
14 6 0 0
14 13 0 0
15 2 0 0
15 6 0 0
15 14 0 0
15 12 0 0
16 11 0 0
16 3 0 0
16 7 0 0
16 6 0 0
17 13 0 0
17 8 0 0
17 10 0 0
17 11 0 0
18 1 0 0
18 13 0 0
18 8 0 0
18 5 0 0
19 16 0 0
19 11 0 0
19 0 0 0
19 5 0 0
0 17 0 0
0 15 0 0
0 13 0 0
0 10 0 0
1 17 0 0
1 13 0 0
1 10 0 0
1 14 0 0
2 9 0 0
2 17 0 0
2 18 0 0
2 16 0 0
3 7 0 0
3 15 0 0
3 14 0 0
3 9 0 0
24 23 1 1
24 20 1 1
24 22 1 1
24 21 1 1
25 23 1 1
25 20 1 1
25 22 1 1
25 21 1 1
26 24 1 1
26 23 1 1
26 22 1 1
26 25 1 1
27 20 1 1
27 21 1 1
27 22 1 1
27 26 1 1
28 23 1 1
28 25 1 1
28 22 1 1
28 27 1 1
29 21 1 1
29 23 1 1
29 27 1 1
29 20 1 1
30 21 1 1
30 25 1 1
30 24 1 1
30 23 1 1
31 28 1 1
31 25 1 1
31 26 1 1
31 27 1 1
32 26 1 1
32 23 1 1
32 24 1 1
32 27 1 1
33 30 1 1
33 24 1 1
33 22 1 1
33 21 1 1
34 21 1 1
34 27 1 1
34 22 1 1
34 20 1 1
35 33 1 1
35 20 1 1
35 30 1 1
35 31 1 1
36 22 1 1
36 21 1 1
36 20 1 1
36 23 1 1
37 20 1 1
37 32 1 1
37 26 1 1
37 24 1 1
38 37 1 1
38 25 1 1
38 29 1 1
38 33 1 1
39 30 1 1
39 26 1 1
39 20 1 1
39 25 1 1
20 26 1 1
20 38 1 1
20 32 1 1
20 28 1 1
21 35 1 1
21 26 1 1
21 37 1 1
21 28 1 1
22 29 1 1
22 39 1 1
22 35 1 1
22 37 1 1
23 39 1 1
23 37 1 1
23 38 1 1
23 27 1 1
44 41 2 2
44 43 2 2
44 40 2 2
44 42 2 2
45 42 2 2
45 41 2 2
45 40 2 2
45 44 2 2
46 45 2 2
46 42 2 2
46 44 2 2
46 40 2 2
47 44 2 2
47 43 2 2
47 40 2 2
47 46 2 2
48 45 2 2
48 43 2 2
48 46 2 2
48 42 2 2
49 42 2 2
49 44 2 2
49 40 2 2
49 48 2 2
50 44 2 2
50 45 2 2
50 43 2 2
50 41 2 2
51 44 2 2
51 48 2 2
51 42 2 2
51 45 2 2
52 40 2 2
52 43 2 2
52 45 2 2
52 48 2 2
53 43 2 2
53 42 2 2
53 46 2 2
53 45 2 2
54 44 2 2
54 46 2 2
54 42 2 2
54 43 2 2
55 53 2 2
55 40 2 2
55 47 2 2
55 45 2 2
56 40 2 2
56 54 2 2
56 50 2 2
56 41 2 2
57 46 2 2
57 44 2 2
57 51 2 2
57 55 2 2
58 53 2 2
58 57 2 2
58 43 2 2
58 46 2 2
59 42 2 2
59 45 2 2
59 55 2 2
59 51 2 2
40 51 2 2
40 54 2 2
40 53 2 2
40 59 2 2
41 54 2 2
41 55 2 2
41 59 2 2
41 52 2 2
42 58 2 2
42 47 2 2
42 52 2 2
42 57 2 2
43 51 2 2
43 46 2 2
43 59 2 2
43 56 2 2
64 61 3 3
64 63 3 3
64 62 3 3
64 60 3 3
65 62 3 3
65 60 3 3
65 63 3 3
65 61 3 3
66 65 3 3
66 60 3 3
66 63 3 3
66 62 3 3
67 62 3 3
67 63 3 3
67 64 3 3
67 66 3 3
68 66 3 3
68 60 3 3
68 65 3 3
68 63 3 3
69 68 3 3
69 60 3 3
69 64 3 3
69 66 3 3
70 61 3 3
70 62 3 3
70 64 3 3
70 67 3 3
71 66 3 3
71 67 3 3
71 64 3 3
71 62 3 3
72 63 3 3
72 68 3 3
72 69 3 3
72 61 3 3
73 60 3 3
73 61 3 3
73 67 3 3
73 72 3 3
74 72 3 3
74 61 3 3
74 69 3 3
74 62 3 3
75 69 3 3
75 63 3 3
75 68 3 3
75 73 3 3
76 74 3 3
76 61 3 3
76 72 3 3
76 64 3 3
77 64 3 3
77 61 3 3
77 62 3 3
77 68 3 3
78 72 3 3
78 63 3 3
78 74 3 3
78 60 3 3
79 68 3 3
79 72 3 3
79 63 3 3
79 75 3 3
60 79 3 3
60 77 3 3
60 75 3 3
60 70 3 3
61 75 3 3
61 71 3 3
61 67 3 3
61 78 3 3
62 68 3 3
62 73 3 3
62 75 3 3
62 72 3 3
63 69 3 3
63 74 3 3
63 71 3 3
63 76 3 3
84 82 4 4
84 80 4 4
84 81 4 4
84 83 4 4
85 81 4 4
85 84 4 4
85 82 4 4
85 83 4 4
86 83 4 4
86 82 4 4
86 84 4 4
86 85 4 4
87 81 4 4
87 80 4 4
87 82 4 4
87 84 4 4
88 86 4 4
88 85 4 4
88 82 4 4
88 83 4 4
89 88 4 4
89 82 4 4
89 84 4 4
89 83 4 4
90 81 4 4
90 82 4 4
90 88 4 4
90 87 4 4
91 83 4 4
91 86 4 4
91 90 4 4
91 89 4 4
92 87 4 4
92 82 4 4
92 85 4 4
92 83 4 4
93 80 4 4
93 92 4 4
93 86 4 4
93 89 4 4
94 86 4 4
94 85 4 4
94 82 4 4
94 87 4 4
95 81 4 4
95 92 4 4
95 86 4 4
95 94 4 4
96 94 4 4
96 92 4 4
96 89 4 4
96 95 4 4
97 80 4 4
97 94 4 4
97 85 4 4
97 81 4 4
98 83 4 4
98 94 4 4
98 88 4 4
98 97 4 4
99 80 4 4
99 88 4 4
99 92 4 4
99 87 4 4
80 94 4 4
80 98 4 4
80 96 4 4
80 88 4 4
81 99 4 4
81 93 4 4
81 92 4 4
81 98 4 4
82 95 4 4
82 96 4 4
82 97 4 4
82 98 4 4
83 90 4 4
83 96 4 4
83 95 4 4
83 93 4 4
104 102 5 5
104 101 5 5
104 100 5 5
104 103 5 5
105 103 5 5
105 102 5 5
105 101 5 5
105 100 5 5
106 103 5 5
106 102 5 5
106 101 5 5
106 100 5 5
107 106 5 5
107 102 5 5
107 104 5 5
107 101 5 5
108 106 5 5
108 101 5 5
108 100 5 5
108 103 5 5
109 103 5 5
109 100 5 5
109 105 5 5
109 102 5 5
110 102 5 5
110 106 5 5
110 100 5 5
110 103 5 5
111 107 5 5
111 105 5 5
111 108 5 5
111 106 5 5
112 106 5 5
112 101 5 5
112 107 5 5
112 110 5 5
113 101 5 5
113 109 5 5
113 100 5 5
113 103 5 5
114 107 5 5
114 113 5 5
114 100 5 5
114 108 5 5
115 106 5 5
115 101 5 5
115 109 5 5
115 105 5 5
116 102 5 5
116 109 5 5
116 104 5 5
116 115 5 5
117 112 5 5
117 110 5 5
117 101 5 5
117 113 5 5
118 108 5 5
118 114 5 5
118 102 5 5
118 109 5 5
119 118 5 5
119 107 5 5
119 103 5 5
119 102 5 5
100 118 5 5
100 107 5 5
100 119 5 5
100 111 5 5
101 111 5 5
101 114 5 5
101 118 5 5
101 110 5 5
102 112 5 5
102 115 5 5
102 114 5 5
102 117 5 5
103 118 5 5
103 107 5 5
103 114 5 5
103 116 5 5
124 121 6 6
124 120 6 6
124 122 6 6
124 123 6 6
125 124 6 6
125 120 6 6
125 121 6 6
125 122 6 6
126 122 6 6
126 121 6 6
126 120 6 6
126 123 6 6
127 120 6 6
127 124 6 6
127 126 6 6
127 121 6 6
128 121 6 6
128 124 6 6
128 122 6 6
128 126 6 6
129 127 6 6
129 120 6 6
129 124 6 6
129 126 6 6
130 122 6 6
130 129 6 6
130 125 6 6
130 121 6 6
131 123 6 6
131 122 6 6
131 130 6 6
131 126 6 6
132 125 6 6
132 121 6 6
132 128 6 6
132 131 6 6
133 130 6 6
133 123 6 6
133 122 6 6
133 132 6 6
134 120 6 6
134 127 6 6
134 132 6 6
134 126 6 6
135 131 6 6
135 130 6 6
135 123 6 6
135 122 6 6
136 125 6 6
136 126 6 6
136 130 6 6
136 127 6 6
137 129 6 6
137 124 6 6
137 128 6 6
137 132 6 6
138 126 6 6
138 129 6 6
138 121 6 6
138 134 6 6
139 131 6 6
139 136 6 6
139 138 6 6
139 133 6 6
120 138 6 6
120 133 6 6
120 131 6 6
120 130 6 6
121 136 6 6
121 133 6 6
121 137 6 6
121 129 6 6
122 127 6 6
122 134 6 6
122 129 6 6
122 137 6 6
123 130 6 6
123 132 6 6
123 128 6 6
123 127 6 6
144 142 7 7
144 140 7 7
144 141 7 7
144 143 7 7
145 140 7 7
145 144 7 7
145 143 7 7
145 142 7 7
146 144 7 7
146 143 7 7
146 142 7 7
146 140 7 7
147 142 7 7
147 144 7 7
147 146 7 7
147 140 7 7
148 140 7 7
148 145 7 7
148 144 7 7
148 146 7 7
149 144 7 7
149 146 7 7
149 142 7 7
149 148 7 7
150 148 7 7
150 140 7 7
150 144 7 7
150 147 7 7
151 147 7 7
151 143 7 7
151 150 7 7
151 145 7 7
152 150 7 7
152 148 7 7
152 146 7 7
152 149 7 7
153 141 7 7
153 152 7 7
153 145 7 7
153 143 7 7
154 153 7 7
154 142 7 7
154 143 7 7
154 150 7 7
155 147 7 7
155 148 7 7
155 145 7 7
155 153 7 7
156 149 7 7
156 150 7 7
156 142 7 7
156 155 7 7
157 146 7 7
157 143 7 7
157 156 7 7
157 149 7 7
158 145 7 7
158 156 7 7
158 152 7 7
158 144 7 7
159 150 7 7
159 147 7 7
159 148 7 7
159 146 7 7
140 154 7 7
140 153 7 7
140 156 7 7
140 155 7 7
141 156 7 7
141 148 7 7
141 151 7 7
141 154 7 7
142 158 7 7
142 150 7 7
142 157 7 7
142 151 7 7
143 158 7 7
143 150 7 7
143 148 7 7
143 155 7 7
164 160 8 8
164 161 8 8
164 162 8 8
164 163 8 8
165 160 8 8
165 164 8 8
165 162 8 8
165 163 8 8
166 162 8 8
166 165 8 8
166 163 8 8
166 160 8 8
167 162 8 8
167 163 8 8
167 165 8 8
167 164 8 8
168 164 8 8
168 162 8 8
168 160 8 8
168 163 8 8
169 168 8 8
169 164 8 8
169 161 8 8
169 163 8 8
170 160 8 8
170 168 8 8
170 169 8 8
170 166 8 8
171 163 8 8
171 164 8 8
171 169 8 8
171 168 8 8
172 164 8 8
172 168 8 8
172 161 8 8
172 170 8 8
173 164 8 8
173 172 8 8
173 169 8 8
173 161 8 8
174 166 8 8
174 168 8 8
174 162 8 8
174 172 8 8
175 167 8 8
175 174 8 8
175 165 8 8
175 173 8 8
176 169 8 8
176 174 8 8
176 163 8 8
176 170 8 8
177 175 8 8
177 174 8 8
177 169 8 8
177 167 8 8
178 164 8 8
178 174 8 8
178 160 8 8
178 168 8 8
179 163 8 8
179 167 8 8
179 173 8 8
179 174 8 8
160 172 8 8
160 167 8 8
160 176 8 8
160 175 8 8
161 171 8 8
161 168 8 8
161 174 8 8
161 170 8 8
162 170 8 8
162 178 8 8
162 172 8 8
162 177 8 8
163 170 8 8
163 175 8 8
163 177 8 8
163 173 8 8
184 180 9 9
184 183 9 9
184 181 9 9
184 182 9 9
185 183 9 9
185 180 9 9
185 184 9 9
185 182 9 9
186 185 9 9
186 184 9 9
186 183 9 9
186 180 9 9
187 184 9 9
187 186 9 9
187 182 9 9
187 185 9 9
188 184 9 9
188 181 9 9
188 186 9 9
188 182 9 9
189 187 9 9
189 182 9 9
189 181 9 9
189 184 9 9
190 185 9 9
190 189 9 9
190 186 9 9
190 187 9 9
191 186 9 9
191 189 9 9
191 187 9 9
191 184 9 9
192 186 9 9
192 188 9 9
192 180 9 9
192 183 9 9
193 189 9 9
193 188 9 9
193 181 9 9
193 182 9 9
194 191 9 9
194 188 9 9
194 192 9 9
194 190 9 9
195 194 9 9
195 191 9 9
195 187 9 9
195 189 9 9
196 183 9 9
196 193 9 9
196 181 9 9
196 192 9 9
197 196 9 9
197 183 9 9
197 185 9 9
197 182 9 9
198 193 9 9
198 181 9 9
198 182 9 9
198 189 9 9
199 182 9 9
199 190 9 9
199 181 9 9
199 184 9 9
180 198 9 9
180 188 9 9
180 199 9 9
180 195 9 9
181 192 9 9
181 186 9 9
181 185 9 9
181 190 9 9
182 195 9 9
182 191 9 9
182 186 9 9
182 194 9 9
183 191 9 9
183 187 9 9
183 193 9 9
183 198 9 9
204 200 10 10
204 201 10 10
204 202 10 10
204 203 10 10
205 200 10 10
205 203 10 10
205 204 10 10
205 202 10 10
206 202 10 10
206 200 10 10
206 205 10 10
206 203 10 10
207 204 10 10
207 202 10 10
207 201 10 10
207 200 10 10
208 202 10 10
208 206 10 10
208 203 10 10
208 205 10 10
209 201 10 10
209 204 10 10
209 203 10 10
209 206 10 10
210 203 10 10
210 200 10 10
210 205 10 10
210 206 10 10
211 207 10 10
211 209 10 10
211 200 10 10
211 204 10 10
212 201 10 10
212 203 10 10
212 204 10 10
212 200 10 10
213 202 10 10
213 211 10 10
213 208 10 10
213 203 10 10
214 212 10 10
214 206 10 10
214 201 10 10
214 200 10 10
215 213 10 10
215 207 10 10
215 200 10 10
215 214 10 10
216 205 10 10
216 213 10 10
216 211 10 10
216 215 10 10
217 216 10 10
217 201 10 10
217 211 10 10
217 206 10 10
218 213 10 10
218 215 10 10
218 202 10 10
218 210 10 10
219 209 10 10
219 206 10 10
219 210 10 10
219 200 10 10
200 216 10 10
200 213 10 10
200 217 10 10
200 208 10 10
201 205 10 10
201 216 10 10
201 208 10 10
201 213 10 10
202 215 10 10
202 210 10 10
202 219 10 10
202 212 10 10
203 219 10 10
203 207 10 10
203 217 10 10
203 218 10 10
224 221 11 11
224 222 11 11
224 220 11 11
224 223 11 11
225 222 11 11
225 224 11 11
225 221 11 11
225 220 11 11
226 224 11 11
226 222 11 11
226 225 11 11
226 223 11 11
227 221 11 11
227 224 11 11
227 225 11 11
227 222 11 11
228 224 11 11
228 221 11 11
228 223 11 11
228 225 11 11
229 225 11 11
229 226 11 11
229 222 11 11
229 223 11 11
230 227 11 11
230 228 11 11
230 223 11 11
230 229 11 11
231 221 11 11
231 223 11 11
231 227 11 11
231 228 11 11
232 223 11 11
232 229 11 11
232 224 11 11
232 221 11 11
233 227 11 11
233 226 11 11
233 223 11 11
233 230 11 11
234 224 11 11
234 223 11 11
234 233 11 11
234 229 11 11
235 225 11 11
235 221 11 11
235 226 11 11
235 234 11 11
236 227 11 11
236 235 11 11
236 232 11 11
236 224 11 11
237 228 11 11
237 223 11 11
237 229 11 11
237 222 11 11
238 235 11 11
238 232 11 11
238 228 11 11
238 236 11 11
239 236 11 11
239 238 11 11
239 227 11 11
239 235 11 11
220 230 11 11
220 228 11 11
220 234 11 11
220 239 11 11
221 233 11 11
221 229 11 11
221 237 11 11
221 236 11 11
222 234 11 11
222 231 11 11
222 228 11 11
222 232 11 11
223 235 11 11
223 238 11 11
223 225 11 11
223 227 11 11
244 242 12 12
244 241 12 12
244 243 12 12
244 240 12 12
245 241 12 12
245 243 12 12
245 244 12 12
245 240 12 12
246 243 12 12
246 241 12 12
246 242 12 12
246 245 12 12
247 240 12 12
247 244 12 12
247 243 12 12
247 242 12 12
248 240 12 12
248 244 12 12
248 245 12 12
248 246 12 12
249 248 12 12
249 243 12 12
249 247 12 12
249 246 12 12
250 248 12 12
250 240 12 12
250 244 12 12
250 243 12 12
251 249 12 12
251 250 12 12
251 246 12 12
251 241 12 12
252 249 12 12
252 251 12 12
252 241 12 12
252 245 12 12
253 249 12 12
253 246 12 12
253 240 12 12
253 250 12 12
254 247 12 12
254 244 12 12
254 243 12 12
254 242 12 12
255 241 12 12
255 244 12 12
255 251 12 12
255 245 12 12
256 242 12 12
256 250 12 12
256 241 12 12
256 248 12 12
257 255 12 12
257 245 12 12
257 251 12 12
257 252 12 12
258 245 12 12
258 257 12 12
258 251 12 12
258 241 12 12
259 242 12 12
259 244 12 12
259 255 12 12
259 250 12 12
240 259 12 12
240 256 12 12
240 251 12 12
240 246 12 12
241 253 12 12
241 257 12 12
241 254 12 12
241 248 12 12
242 252 12 12
242 253 12 12
242 258 12 12
242 251 12 12
243 255 12 12
243 251 12 12
243 257 12 12
243 253 12 12
264 263 13 13
264 260 13 13
264 262 13 13
264 261 13 13
265 262 13 13
265 261 13 13
265 260 13 13
265 264 13 13
266 265 13 13
266 264 13 13
266 263 13 13
266 261 13 13
267 260 13 13
267 265 13 13
267 264 13 13
267 262 13 13
268 261 13 13
268 262 13 13
268 266 13 13
268 264 13 13
269 260 13 13
269 264 13 13
269 266 13 13
269 263 13 13
270 266 13 13
270 267 13 13
270 260 13 13
270 269 13 13
271 260 13 13
271 267 13 13
271 269 13 13
271 270 13 13
272 265 13 13
272 269 13 13
272 260 13 13
272 261 13 13
273 261 13 13
273 265 13 13
273 266 13 13
273 272 13 13
274 268 13 13
274 273 13 13
274 261 13 13
274 264 13 13
275 271 13 13
275 270 13 13
275 269 13 13
275 260 13 13
276 267 13 13
276 265 13 13
276 261 13 13
276 262 13 13
277 270 13 13
277 263 13 13
277 271 13 13
277 275 13 13
278 272 13 13
278 262 13 13
278 261 13 13
278 266 13 13
279 264 13 13
279 270 13 13
279 263 13 13
279 268 13 13
260 266 13 13
260 273 13 13
260 279 13 13
260 268 13 13
261 269 13 13
261 277 13 13
261 279 13 13
261 271 13 13
262 275 13 13
262 272 13 13
262 266 13 13
262 271 13 13
263 270 13 13
263 267 13 13
263 265 13 13
263 274 13 13
284 280 14 14
284 283 14 14
284 282 14 14
284 281 14 14
285 283 14 14
285 280 14 14
285 284 14 14
285 282 14 14
286 284 14 14
286 285 14 14
286 282 14 14
286 280 14 14
287 280 14 14
287 281 14 14
287 282 14 14
287 285 14 14
288 287 14 14
288 281 14 14
288 284 14 14
288 280 14 14
289 282 14 14
289 285 14 14
289 281 14 14
289 283 14 14
290 288 14 14
290 285 14 14
290 284 14 14
290 286 14 14
291 288 14 14
291 284 14 14
291 286 14 14
291 283 14 14
292 282 14 14
292 287 14 14
292 289 14 14
292 283 14 14
293 280 14 14
293 286 14 14
293 282 14 14
293 287 14 14
294 282 14 14
294 285 14 14
294 293 14 14
294 284 14 14
295 289 14 14
295 287 14 14
295 288 14 14
295 294 14 14
296 293 14 14
296 295 14 14
296 281 14 14
296 286 14 14
297 285 14 14
297 295 14 14
297 283 14 14
297 284 14 14
298 290 14 14
298 283 14 14
298 284 14 14
298 295 14 14
299 294 14 14
299 296 14 14
299 297 14 14
299 293 14 14
280 291 14 14
280 292 14 14
280 294 14 14
280 295 14 14
281 295 14 14
281 297 14 14
281 292 14 14
281 299 14 14
282 297 14 14
282 290 14 14
282 288 14 14
282 299 14 14
283 287 14 14
283 293 14 14
283 296 14 14
283 286 14 14
304 303 15 15
304 300 15 15
304 301 15 15
304 302 15 15
305 301 15 15
305 303 15 15
305 304 15 15
305 302 15 15
306 300 15 15
306 305 15 15
306 303 15 15
306 304 15 15
307 303 15 15
307 305 15 15
307 304 15 15
307 302 15 15
308 304 15 15
308 303 15 15
308 305 15 15
308 307 15 15
309 304 15 15
309 305 15 15
309 303 15 15
309 301 15 15
310 302 15 15
310 303 15 15
310 307 15 15
310 308 15 15
311 310 15 15
311 305 15 15
311 300 15 15
311 304 15 15
312 302 15 15
312 301 15 15
312 300 15 15
312 311 15 15
313 305 15 15
313 302 15 15
313 304 15 15
313 301 15 15
314 308 15 15
314 309 15 15
314 310 15 15
314 307 15 15
315 311 15 15
315 303 15 15
315 307 15 15
315 305 15 15
316 305 15 15
316 312 15 15
316 313 15 15
316 310 15 15
317 300 15 15
317 310 15 15
317 303 15 15
317 314 15 15
318 303 15 15
318 309 15 15
318 311 15 15
318 301 15 15
319 309 15 15
319 310 15 15
319 302 15 15
319 301 15 15
300 313 15 15
300 316 15 15
300 305 15 15
300 315 15 15
301 306 15 15
301 307 15 15
301 311 15 15
301 310 15 15
302 318 15 15
302 309 15 15
302 317 15 15
302 311 15 15
303 311 15 15
303 314 15 15
303 312 15 15
303 313 15 15
95 79 4 3
82 26 4 1
97 7 4 0
97 42 4 2
100 43 5 2
113 31 5 1
117 0 5 0
119 65 5 3
127 46 6 2
135 119 6 5
134 30 6 1
139 86 6 4
151 19 7 0
150 92 7 4
140 78 7 3
141 31 7 1
176 156 8 7
173 90 8 4
176 37 8 1
167 16 8 0
182 17 9 0
195 114 9 5
183 147 9 7
181 33 9 1
209 181 10 9
210 124 10 6
203 53 10 2
209 80 10 4
225 193 11 9
224 159 11 7
223 130 11 6
225 205 11 10
248 178 12 8
251 208 12 10
256 79 12 3
244 192 12 9
274 194 13 9
271 122 13 6
270 87 13 4
265 44 13 2
299 232 14 11
294 144 14 7
283 111 14 5
288 205 14 10
318 288 15 14
314 111 15 5
303 44 15 2
315 2 15 0
15 137 0 6
13 218 0 10
8 249 0 12
17 239 0 11
28 319 1 15
35 223 1 11
35 261 1 13
21 213 1 10
44 158 2 7
58 165 2 8
56 194 2 9
51 299 2 14
69 221 3 11
67 121 3 6
76 176 3 8
74 268 3 13
