swNum = 320
edgeNum = 1343

0 0
1 0
2 0
3 0
4 0
5 0
6 0
7 0
8 0
9 0
10 0
11 0
12 0
13 0
14 0
15 0
16 0
17 0
18 0
19 0
20 1
21 1
22 1
23 1
24 1
25 1
26 1
27 1
28 1
29 1
30 1
31 1
32 1
33 1
34 1
35 1
36 1
37 1
38 1
39 1
40 2
41 2
42 2
43 2
44 2
45 2
46 2
47 2
48 2
49 2
50 2
51 2
52 2
53 2
54 2
55 2
56 2
57 2
58 2
59 2
60 3
61 3
62 3
63 3
64 3
65 3
66 3
67 3
68 3
69 3
70 3
71 3
72 3
73 3
74 3
75 3
76 3
77 3
78 3
79 3
80 4
81 4
82 4
83 4
84 4
85 4
86 4
87 4
88 4
89 4
90 4
91 4
92 4
93 4
94 4
95 4
96 4
97 4
98 4
99 4
100 5
101 5
102 5
103 5
104 5
105 5
106 5
107 5
108 5
109 5
110 5
111 5
112 5
113 5
114 5
115 5
116 5
117 5
118 5
119 5
120 6
121 6
122 6
123 6
124 6
125 6
126 6
127 6
128 6
129 6
130 6
131 6
132 6
133 6
134 6
135 6
136 6
137 6
138 6
139 6
140 7
141 7
142 7
143 7
144 7
145 7
146 7
147 7
148 7
149 7
150 7
151 7
152 7
153 7
154 7
155 7
156 7
157 7
158 7
159 7
160 8
161 8
162 8
163 8
164 8
165 8
166 8
167 8
168 8
169 8
170 8
171 8
172 8
173 8
174 8
175 8
176 8
177 8
178 8
179 8
180 9
181 9
182 9
183 9
184 9
185 9
186 9
187 9
188 9
189 9
190 9
191 9
192 9
193 9
194 9
195 9
196 9
197 9
198 9
199 9
200 10
201 10
202 10
203 10
204 10
205 10
206 10
207 10
208 10
209 10
210 10
211 10
212 10
213 10
214 10
215 10
216 10
217 10
218 10
219 10
220 11
221 11
222 11
223 11
224 11
225 11
226 11
227 11
228 11
229 11
230 11
231 11
232 11
233 11
234 11
235 11
236 11
237 11
238 11
239 11
240 12
241 12
242 12
243 12
244 12
245 12
246 12
247 12
248 12
249 12
250 12
251 12
252 12
253 12
254 12
255 12
256 12
257 12
258 12
259 12
260 13
261 13
262 13
263 13
264 13
265 13
266 13
267 13
268 13
269 13
270 13
271 13
272 13
273 13
274 13
275 13
276 13
277 13
278 13
279 13
280 14
281 14
282 14
283 14
284 14
285 14
286 14
287 14
288 14
289 14
290 14
291 14
292 14
293 14
294 14
295 14
296 14
297 14
298 14
299 14
300 15
301 15
302 15
303 15
304 15
305 15
306 15
307 15
308 15
309 15
310 15
311 15
312 15
313 15
314 15
315 15
316 15
317 15
318 15
319 15

4 0 0 0
4 2 0 0
4 3 0 0
4 1 0 0
5 4 0 0
5 1 0 0
5 3 0 0
5 2 0 0
6 2 0 0
6 3 0 0
6 4 0 0
6 5 0 0
7 6 0 0
7 0 0 0
7 3 0 0
7 2 0 0
8 1 0 0
8 0 0 0
8 3 0 0
8 2 0 0
9 5 0 0
9 7 0 0
9 0 0 0
9 1 0 0
10 2 0 0
10 6 0 0
10 1 0 0
10 0 0 0
11 0 0 0
11 6 0 0
11 3 0 0
11 2 0 0
12 10 0 0
12 2 0 0
12 0 0 0
12 8 0 0
13 5 0 0
13 12 0 0
13 11 0 0
13 2 0 0
14 5 0 0
14 3 0 0
14 0 0 0
14 6 0 0
15 2 0 0
15 5 0 0
15 9 0 0
15 10 0 0
16 5 0 0
16 7 0 0
16 3 0 0
16 9 0 0
17 1 0 0
17 11 0 0
17 6 0 0
17 3 0 0
18 14 0 0
18 17 0 0
18 1 0 0
18 2 0 0
19 14 0 0
19 16 0 0
19 17 0 0
19 11 0 0
0 13 0 0
0 5 0 0
0 6 0 0
0 17 0 0
1 14 0 0
1 12 0 0
1 16 0 0
1 15 0 0
2 14 0 0
2 17 0 0
2 9 0 0
2 16 0 0
3 19 0 0
3 15 0 0
3 10 0 0
3 18 0 0
24 20 1 1
24 23 1 1
24 22 1 1
24 21 1 1
25 23 1 1
25 24 1 1
25 20 1 1
25 22 1 1
26 24 1 1
26 23 1 1
26 22 1 1
26 20 1 1
27 24 1 1
27 23 1 1
27 25 1 1
27 20 1 1
28 23 1 1
28 22 1 1
28 26 1 1
28 24 1 1
29 20 1 1
29 22 1 1
29 23 1 1
29 21 1 1
30 28 1 1
30 23 1 1
30 25 1 1
30 26 1 1
31 23 1 1
31 26 1 1
31 22 1 1
31 30 1 1
32 24 1 1
32 26 1 1
32 29 1 1
32 28 1 1
33 21 1 1
33 24 1 1
33 25 1 1
33 32 1 1
34 25 1 1
34 27 1 1
34 30 1 1
34 22 1 1
35 23 1 1
35 34 1 1
35 22 1 1
35 26 1 1
36 24 1 1
36 32 1 1
36 33 1 1
36 31 1 1
37 24 1 1
37 30 1 1
37 31 1 1
37 29 1 1
38 26 1 1
38 33 1 1
38 22 1 1
38 30 1 1
39 38 1 1
39 30 1 1
39 29 1 1
39 32 1 1
20 30 1 1
20 34 1 1
20 39 1 1
20 37 1 1
21 32 1 1
21 31 1 1
21 36 1 1
21 37 1 1
22 33 1 1
22 37 1 1
22 36 1 1
22 32 1 1
23 34 1 1
23 33 1 1
23 36 1 1
23 39 1 1
44 42 2 2
44 43 2 2
44 40 2 2
44 41 2 2
45 40 2 2
45 44 2 2
45 42 2 2
45 43 2 2
46 42 2 2
46 40 2 2
46 41 2 2
46 43 2 2
47 44 2 2
47 42 2 2
47 45 2 2
47 46 2 2
48 44 2 2
48 43 2 2
48 40 2 2
48 46 2 2
49 46 2 2
49 47 2 2
49 45 2 2
49 44 2 2
50 47 2 2
50 43 2 2
50 46 2 2
50 41 2 2
51 43 2 2
51 41 2 2
51 44 2 2
51 47 2 2
52 49 2 2
52 48 2 2
52 41 2 2
52 51 2 2
53 46 2 2
53 49 2 2
53 47 2 2
53 48 2 2
54 48 2 2
54 52 2 2
54 50 2 2
54 42 2 2
55 45 2 2
55 49 2 2
55 44 2 2
55 54 2 2
56 47 2 2
56 41 2 2
56 52 2 2
56 50 2 2
57 54 2 2
57 53 2 2
57 42 2 2
57 40 2 2
58 43 2 2
58 53 2 2
58 56 2 2
58 41 2 2
59 46 2 2
59 41 2 2
59 49 2 2
59 47 2 2
40 50 2 2
40 47 2 2
40 56 2 2
40 59 2 2
41 47 2 2
41 53 2 2
41 57 2 2
41 55 2 2
42 56 2 2
42 51 2 2
42 50 2 2
42 52 2 2
43 55 2 2
43 49 2 2
43 54 2 2
43 57 2 2
64 62 3 3
64 63 3 3
64 60 3 3
64 61 3 3
65 62 3 3
65 60 3 3
65 61 3 3
65 63 3 3
66 65 3 3
66 64 3 3
66 60 3 3
66 62 3 3
67 66 3 3
67 62 3 3
67 60 3 3
67 64 3 3
68 65 3 3
68 61 3 3
68 66 3 3
68 64 3 3
69 63 3 3
69 60 3 3
69 65 3 3
69 67 3 3
70 60 3 3
70 69 3 3
70 68 3 3
70 63 3 3
71 61 3 3
71 62 3 3
71 68 3 3
71 66 3 3
72 60 3 3
72 66 3 3
72 65 3 3
72 71 3 3
73 66 3 3
73 65 3 3
73 70 3 3
73 62 3 3
74 65 3 3
74 68 3 3
74 73 3 3
74 62 3 3
75 74 3 3
75 70 3 3
75 62 3 3
75 73 3 3
76 69 3 3
76 74 3 3
76 68 3 3
76 72 3 3
77 72 3 3
77 71 3 3
77 73 3 3
77 67 3 3
78 73 3 3
78 70 3 3
78 74 3 3
78 75 3 3
79 67 3 3
79 66 3 3
79 72 3 3
79 69 3 3
60 75 3 3
60 77 3 3
60 76 3 3
60 78 3 3
61 78 3 3
61 75 3 3
61 73 3 3
61 79 3 3
62 72 3 3
62 70 3 3
62 76 3 3
62 68 3 3
63 73 3 3
63 67 3 3
63 66 3 3
63 72 3 3
84 80 4 4
84 81 4 4
84 82 4 4
84 83 4 4
85 82 4 4
85 83 4 4
85 81 4 4
85 84 4 4
86 82 4 4
86 84 4 4
86 85 4 4
86 81 4 4
87 86 4 4
87 81 4 4
87 84 4 4
87 82 4 4
88 87 4 4
88 83 4 4
88 86 4 4
88 81 4 4
89 87 4 4
89 80 4 4
89 81 4 4
89 88 4 4
90 83 4 4
90 81 4 4
90 86 4 4
90 80 4 4
91 83 4 4
91 86 4 4
91 88 4 4
91 85 4 4
92 89 4 4
92 90 4 4
92 80 4 4
92 84 4 4
93 90 4 4
93 89 4 4
93 84 4 4
93 88 4 4
94 88 4 4
94 93 4 4
94 90 4 4
94 92 4 4
95 92 4 4
95 80 4 4
95 81 4 4
95 94 4 4
96 84 4 4
96 83 4 4
96 80 4 4
96 82 4 4
97 86 4 4
97 85 4 4
97 88 4 4
97 87 4 4
98 82 4 4
98 95 4 4
98 86 4 4
98 83 4 4
99 91 4 4
99 87 4 4
99 84 4 4
99 80 4 4
80 87 4 4
80 93 4 4
80 98 4 4
80 88 4 4
81 99 4 4
81 93 4 4
81 94 4 4
81 97 4 4
82 93 4 4
82 97 4 4
82 94 4 4
82 95 4 4
83 89 4 4
83 92 4 4
83 86 4 4
83 87 4 4
104 100 5 5
104 101 5 5
104 102 5 5
104 103 5 5
105 103 5 5
105 101 5 5
105 104 5 5
105 100 5 5
106 104 5 5
106 103 5 5
106 100 5 5
106 105 5 5
107 104 5 5
107 100 5 5
107 105 5 5
107 103 5 5
108 104 5 5
108 106 5 5
108 107 5 5
108 103 5 5
109 105 5 5
109 103 5 5
109 101 5 5
109 106 5 5
110 102 5 5
110 106 5 5
110 105 5 5
110 103 5 5
111 110 5 5
111 104 5 5
111 100 5 5
111 105 5 5
112 108 5 5
112 109 5 5
112 107 5 5
112 104 5 5
113 107 5 5
113 110 5 5
113 101 5 5
113 105 5 5
114 110 5 5
114 109 5 5
114 112 5 5
114 105 5 5
115 107 5 5
115 104 5 5
115 101 5 5
115 112 5 5
116 109 5 5
116 110 5 5
116 114 5 5
116 115 5 5
117 115 5 5
117 106 5 5
117 102 5 5
117 113 5 5
118 110 5 5
118 115 5 5
118 109 5 5
118 114 5 5
119 110 5 5
119 108 5 5
119 102 5 5
119 112 5 5
100 118 5 5
100 112 5 5
100 108 5 5
100 114 5 5
101 117 5 5
101 118 5 5
101 112 5 5
101 107 5 5
102 115 5 5
102 107 5 5
102 108 5 5
102 112 5 5
103 116 5 5
103 111 5 5
103 114 5 5
103 118 5 5
124 122 6 6
124 121 6 6
124 120 6 6
124 123 6 6
125 122 6 6
125 124 6 6
125 120 6 6
125 121 6 6
126 120 6 6
126 121 6 6
126 122 6 6
126 125 6 6
127 125 6 6
127 122 6 6
127 120 6 6
127 121 6 6
128 124 6 6
128 122 6 6
128 123 6 6
128 120 6 6
129 124 6 6
129 125 6 6
129 120 6 6
129 127 6 6
130 129 6 6
130 121 6 6
130 125 6 6
130 127 6 6
131 124 6 6
131 120 6 6
131 128 6 6
131 130 6 6
132 122 6 6
132 130 6 6
132 127 6 6
132 125 6 6
133 124 6 6
133 125 6 6
133 132 6 6
133 126 6 6
134 121 6 6
134 128 6 6
134 127 6 6
134 125 6 6
135 130 6 6
135 121 6 6
135 124 6 6
135 133 6 6
136 126 6 6
136 135 6 6
136 134 6 6
136 124 6 6
137 135 6 6
137 134 6 6
137 126 6 6
137 120 6 6
138 124 6 6
138 126 6 6
138 125 6 6
138 132 6 6
139 124 6 6
139 123 6 6
139 133 6 6
139 127 6 6
120 134 6 6
120 133 6 6
120 138 6 6
120 130 6 6
121 129 6 6
121 136 6 6
121 132 6 6
121 133 6 6
122 130 6 6
122 129 6 6
122 133 6 6
122 134 6 6
123 125 6 6
123 130 6 6
123 137 6 6
123 129 6 6
144 141 7 7
144 140 7 7
144 142 7 7
144 143 7 7
145 144 7 7
145 141 7 7
145 140 7 7
145 143 7 7
146 145 7 7
146 143 7 7
146 144 7 7
146 142 7 7
147 140 7 7
147 143 7 7
147 142 7 7
147 141 7 7
148 141 7 7
148 145 7 7
148 140 7 7
148 143 7 7
149 140 7 7
149 142 7 7
149 144 7 7
149 148 7 7
150 149 7 7
150 144 7 7
150 145 7 7
150 148 7 7
151 144 7 7
151 145 7 7
151 147 7 7
151 142 7 7
152 143 7 7
152 146 7 7
152 145 7 7
152 148 7 7
153 149 7 7
153 141 7 7
153 150 7 7
153 148 7 7
154 140 7 7
154 144 7 7
154 149 7 7
154 142 7 7
155 146 7 7
155 141 7 7
155 143 7 7
155 151 7 7
156 149 7 7
156 150 7 7
156 153 7 7
156 148 7 7
157 148 7 7
157 143 7 7
157 142 7 7
157 149 7 7
158 145 7 7
158 151 7 7
158 142 7 7
158 144 7 7
159 142 7 7
159 155 7 7
159 149 7 7
159 158 7 7
140 150 7 7
140 159 7 7
140 151 7 7
140 153 7 7
141 156 7 7
141 158 7 7
141 149 7 7
141 154 7 7
142 150 7 7
142 145 7 7
142 148 7 7
142 152 7 7
143 158 7 7
143 156 7 7
143 150 7 7
143 151 7 7
164 163 8 8
164 160 8 8
164 161 8 8
164 162 8 8
165 161 8 8
165 163 8 8
165 164 8 8
165 162 8 8
166 165 8 8
166 162 8 8
166 160 8 8
166 163 8 8
167 165 8 8
167 162 8 8
167 166 8 8
167 164 8 8
168 161 8 8
168 163 8 8
168 165 8 8
168 160 8 8
169 160 8 8
169 164 8 8
169 168 8 8
169 166 8 8
170 163 8 8
170 169 8 8
170 162 8 8
170 168 8 8
171 168 8 8
171 166 8 8
171 167 8 8
171 165 8 8
172 167 8 8
172 169 8 8
172 170 8 8
172 162 8 8
173 164 8 8
173 165 8 8
173 163 8 8
173 168 8 8
174 173 8 8
174 165 8 8
174 170 8 8
174 167 8 8
175 174 8 8
175 160 8 8
175 165 8 8
175 170 8 8
176 174 8 8
176 170 8 8
176 167 8 8
176 160 8 8
177 165 8 8
177 175 8 8
177 174 8 8
177 162 8 8
178 164 8 8
178 162 8 8
178 176 8 8
178 173 8 8
179 166 8 8
179 165 8 8
179 178 8 8
179 172 8 8
160 178 8 8
160 170 8 8
160 172 8 8
160 167 8 8
161 173 8 8
161 169 8 8
161 179 8 8
161 166 8 8
162 175 8 8
162 174 8 8
162 179 8 8
162 169 8 8
163 167 8 8
163 175 8 8
163 176 8 8
163 174 8 8
184 181 9 9
184 183 9 9
184 180 9 9
184 182 9 9
185 183 9 9
185 180 9 9
185 182 9 9
185 181 9 9
186 182 9 9
186 185 9 9
186 184 9 9
186 183 9 9
187 185 9 9
187 184 9 9
187 186 9 9
187 183 9 9
188 186 9 9
188 185 9 9
188 181 9 9
188 184 9 9
189 185 9 9
189 183 9 9
189 188 9 9
189 186 9 9
190 187 9 9
190 184 9 9
190 189 9 9
190 183 9 9
191 187 9 9
191 182 9 9
191 186 9 9
191 183 9 9
192 189 9 9
192 184 9 9
192 187 9 9
192 191 9 9
193 186 9 9
193 181 9 9
193 185 9 9
193 192 9 9
194 190 9 9
194 186 9 9
194 185 9 9
194 189 9 9
195 190 9 9
195 188 9 9
195 184 9 9
195 182 9 9
196 186 9 9
196 193 9 9
196 184 9 9
196 195 9 9
197 192 9 9
197 196 9 9
197 194 9 9
197 189 9 9
198 192 9 9
198 188 9 9
198 189 9 9
198 184 9 9
199 180 9 9
199 181 9 9
199 196 9 9
199 184 9 9
180 186 9 9
180 194 9 9
180 192 9 9
180 193 9 9
181 196 9 9
181 187 9 9
181 195 9 9
181 190 9 9
182 188 9 9
182 199 9 9
182 194 9 9
182 189 9 9
183 194 9 9
183 195 9 9
183 188 9 9
183 199 9 9
204 203 10 10
204 202 10 10
204 200 10 10
204 201 10 10
205 200 10 10
205 202 10 10
205 201 10 10
205 204 10 10
206 205 10 10
206 202 10 10
206 204 10 10
206 200 10 10
207 203 10 10
207 200 10 10
207 204 10 10
207 202 10 10
208 200 10 10
208 205 10 10
208 207 10 10
208 202 10 10
209 205 10 10
209 200 10 10
209 208 10 10
209 207 10 10
210 207 10 10
210 202 10 10
210 208 10 10
210 204 10 10
211 200 10 10
211 202 10 10
211 210 10 10
211 204 10 10
212 204 10 10
212 211 10 10
212 205 10 10
212 208 10 10
213 209 10 10
213 210 10 10
213 211 10 10
213 200 10 10
214 205 10 10
214 204 10 10
214 200 10 10
214 209 10 10
215 211 10 10
215 200 10 10
215 204 10 10
215 203 10 10
216 206 10 10
216 212 10 10
216 208 10 10
216 200 10 10
217 210 10 10
217 211 10 10
217 201 10 10
217 204 10 10
218 204 10 10
218 207 10 10
218 205 10 10
218 214 10 10
219 210 10 10
219 211 10 10
219 218 10 10
219 208 10 10
200 218 10 10
200 212 10 10
200 219 10 10
200 210 10 10
201 210 10 10
201 212 10 10
201 211 10 10
201 215 10 10
202 216 10 10
202 215 10 10
202 219 10 10
202 214 10 10
203 211 10 10
203 219 10 10
203 208 10 10
203 217 10 10
224 223 11 11
224 222 11 11
224 221 11 11
224 220 11 11
225 220 11 11
225 224 11 11
225 221 11 11
225 222 11 11
226 222 11 11
226 224 11 11
226 220 11 11
226 223 11 11
227 225 11 11
227 220 11 11
227 226 11 11
227 224 11 11
228 224 11 11
228 223 11 11
228 220 11 11
228 226 11 11
229 221 11 11
229 220 11 11
229 223 11 11
229 226 11 11
230 221 11 11
230 226 11 11
230 225 11 11
230 229 11 11
231 229 11 11
231 228 11 11
231 226 11 11
231 227 11 11
232 228 11 11
232 230 11 11
232 221 11 11
232 229 11 11
233 221 11 11
233 225 11 11
233 228 11 11
233 229 11 11
234 228 11 11
234 220 11 11
234 224 11 11
234 231 11 11
235 233 11 11
235 225 11 11
235 220 11 11
235 227 11 11
236 225 11 11
236 233 11 11
236 230 11 11
236 226 11 11
237 226 11 11
237 231 11 11
237 233 11 11
237 236 11 11
238 237 11 11
238 236 11 11
238 221 11 11
238 225 11 11
239 228 11 11
239 222 11 11
239 230 11 11
239 229 11 11
220 233 11 11
220 238 11 11
220 231 11 11
220 230 11 11
221 239 11 11
221 228 11 11
221 237 11 11
221 226 11 11
222 228 11 11
222 229 11 11
222 230 11 11
222 236 11 11
223 230 11 11
223 233 11 11
223 237 11 11
223 227 11 11
244 241 12 12
244 242 12 12
244 240 12 12
244 243 12 12
245 243 12 12
245 244 12 12
245 241 12 12
245 240 12 12
246 244 12 12
246 240 12 12
246 243 12 12
246 241 12 12
247 244 12 12
247 245 12 12
247 243 12 12
247 242 12 12
248 245 12 12
248 243 12 12
248 244 12 12
248 242 12 12
249 244 12 12
249 240 12 12
249 242 12 12
249 248 12 12
250 245 12 12
250 248 12 12
250 240 12 12
250 249 12 12
251 248 12 12
251 240 12 12
251 242 12 12
251 246 12 12
252 248 12 12
252 250 12 12
252 244 12 12
252 243 12 12
253 242 12 12
253 251 12 12
253 241 12 12
253 245 12 12
254 250 12 12
254 247 12 12
254 245 12 12
254 243 12 12
255 240 12 12
255 251 12 12
255 252 12 12
255 248 12 12
256 241 12 12
256 249 12 12
256 248 12 12
256 244 12 12
257 251 12 12
257 256 12 12
257 245 12 12
257 241 12 12
258 241 12 12
258 248 12 12
258 246 12 12
258 247 12 12
259 240 12 12
259 255 12 12
259 250 12 12
259 244 12 12
240 247 12 12
240 258 12 12
240 254 12 12
240 253 12 12
241 248 12 12
241 247 12 12
241 251 12 12
241 259 12 12
242 245 12 12
242 246 12 12
242 259 12 12
242 256 12 12
243 251 12 12
243 258 12 12
243 253 12 12
243 249 12 12
264 261 13 13
264 263 13 13
264 260 13 13
264 262 13 13
265 262 13 13
265 264 13 13
265 261 13 13
265 260 13 13
266 263 13 13
266 265 13 13
266 260 13 13
266 264 13 13
267 260 13 13
267 263 13 13
267 266 13 13
267 265 13 13
268 260 13 13
268 265 13 13
268 261 13 13
268 267 13 13
269 266 13 13
269 265 13 13
269 263 13 13
269 262 13 13
270 266 13 13
270 264 13 13
270 269 13 13
270 263 13 13
271 266 13 13
271 267 13 13
271 263 13 13
271 260 13 13
272 268 13 13
272 260 13 13
272 267 13 13
272 263 13 13
273 260 13 13
273 262 13 13
273 261 13 13
273 265 13 13
274 270 13 13
274 271 13 13
274 266 13 13
274 268 13 13
275 266 13 13
275 269 13 13
275 261 13 13
275 264 13 13
276 275 13 13
276 261 13 13
276 264 13 13
276 268 13 13
277 269 13 13
277 268 13 13
277 266 13 13
277 267 13 13
278 261 13 13
278 263 13 13
278 267 13 13
278 265 13 13
279 270 13 13
279 273 13 13
279 261 13 13
279 265 13 13
260 279 13 13
260 275 13 13
260 274 13 13
260 269 13 13
261 266 13 13
261 274 13 13
261 277 13 13
261 272 13 13
262 279 13 13
262 272 13 13
262 278 13 13
262 274 13 13
263 274 13 13
263 275 13 13
263 268 13 13
263 277 13 13
284 282 14 14
284 281 14 14
284 283 14 14
284 280 14 14
285 281 14 14
285 280 14 14
285 283 14 14
285 284 14 14
286 280 14 14
286 281 14 14
286 285 14 14
286 282 14 14
287 281 14 14
287 280 14 14
287 282 14 14
287 283 14 14
288 281 14 14
288 287 14 14
288 284 14 14
288 280 14 14
289 288 14 14
289 287 14 14
289 284 14 14
289 281 14 14
290 282 14 14
290 286 14 14
290 285 14 14
290 283 14 14
291 283 14 14
291 285 14 14
291 290 14 14
291 287 14 14
292 291 14 14
292 290 14 14
292 286 14 14
292 285 14 14
293 287 14 14
293 280 14 14
293 283 14 14
293 281 14 14
294 285 14 14
294 284 14 14
294 292 14 14
294 289 14 14
295 280 14 14
295 282 14 14
295 292 14 14
295 288 14 14
296 290 14 14
296 283 14 14
296 287 14 14
296 291 14 14
297 289 14 14
297 288 14 14
297 283 14 14
297 293 14 14
298 285 14 14
298 290 14 14
298 282 14 14
298 284 14 14
299 296 14 14
299 287 14 14
299 289 14 14
299 288 14 14
280 298 14 14
280 294 14 14
280 299 14 14
280 290 14 14
281 296 14 14
281 297 14 14
281 290 14 14
281 295 14 14
282 297 14 14
282 291 14 14
282 288 14 14
282 289 14 14
283 289 14 14
283 299 14 14
283 288 14 14
283 295 14 14
304 300 15 15
304 302 15 15
304 303 15 15
304 301 15 15
305 301 15 15
305 300 15 15
305 304 15 15
305 303 15 15
306 304 15 15
306 300 15 15
306 305 15 15
306 303 15 15
307 302 15 15
307 303 15 15
307 306 15 15
307 301 15 15
308 307 15 15
308 300 15 15
308 306 15 15
308 304 15 15
309 307 15 15
309 306 15 15
309 300 15 15
309 305 15 15
310 307 15 15
310 308 15 15
310 303 15 15
310 302 15 15
311 303 15 15
311 310 15 15
311 301 15 15
311 309 15 15
312 311 15 15
312 309 15 15
312 302 15 15
312 307 15 15
313 302 15 15
313 311 15 15
313 305 15 15
313 309 15 15
314 311 15 15
314 301 15 15
314 313 15 15
314 302 15 15
315 304 15 15
315 309 15 15
315 305 15 15
315 300 15 15
316 315 15 15
316 314 15 15
316 306 15 15
316 309 15 15
317 309 15 15
317 315 15 15
317 301 15 15
317 310 15 15
318 307 15 15
318 312 15 15
318 310 15 15
318 303 15 15
319 307 15 15
319 314 15 15
319 316 15 15
319 303 15 15
300 307 15 15
300 314 15 15
300 310 15 15
300 312 15 15
301 309 15 15
301 319 15 15
301 315 15 15
301 313 15 15
302 315 15 15
302 309 15 15
302 318 15 15
302 317 15 15
303 312 15 15
303 309 15 15
303 314 15 15
303 313 15 15
86 74 4 3
89 12 4 0
93 56 4 2
93 35 4 1
114 53 5 2
114 5 5 0
113 71 5 3
113 80 5 4
139 116 6 5
133 34 6 1
133 43 6 2
123 64 6 3
148 110 7 5
154 55 7 2
159 3 7 0
158 91 7 4
160 57 8 2
162 29 8 1
165 111 8 5
164 71 8 3
182 137 9 6
184 178 9 8
197 115 9 5
190 45 9 2
206 128 10 6
213 194 10 9
214 31 10 1
208 46 10 2
232 204 11 10
234 30 11 1
228 58 11 2
233 199 11 9
249 170 12 8
246 103 12 5
248 189 12 9
258 229 12 11
267 5 13 0
263 185 13 9
261 258 13 12
269 87 13 4
289 273 14 13
295 140 14 7
284 11 14 0
299 92 14 4
304 178 15 8
308 242 15 12
317 53 15 2
316 125 15 6
18 168 0 8
15 199 0 9
12 131 0 6
12 246 0 12
35 111 1 5
35 247 1 12
25 193 1 9
35 312 1 15
58 269 2 13
54 259 2 12
54 289 2 14
67 199 3 9
66 284 3 14
62 224 3 11
61 275 3 13
