swNum = 320
edgeNum = 1344

0 0
1 0
2 0
3 0
4 0
5 0
6 0
7 0
8 0
9 0
10 0
11 0
12 0
13 0
14 0
15 0
16 0
17 0
18 0
19 0
20 1
21 1
22 1
23 1
24 1
25 1
26 1
27 1
28 1
29 1
30 1
31 1
32 1
33 1
34 1
35 1
36 1
37 1
38 1
39 1
40 2
41 2
42 2
43 2
44 2
45 2
46 2
47 2
48 2
49 2
50 2
51 2
52 2
53 2
54 2
55 2
56 2
57 2
58 2
59 2
60 3
61 3
62 3
63 3
64 3
65 3
66 3
67 3
68 3
69 3
70 3
71 3
72 3
73 3
74 3
75 3
76 3
77 3
78 3
79 3
80 4
81 4
82 4
83 4
84 4
85 4
86 4
87 4
88 4
89 4
90 4
91 4
92 4
93 4
94 4
95 4
96 4
97 4
98 4
99 4
100 5
101 5
102 5
103 5
104 5
105 5
106 5
107 5
108 5
109 5
110 5
111 5
112 5
113 5
114 5
115 5
116 5
117 5
118 5
119 5
120 6
121 6
122 6
123 6
124 6
125 6
126 6
127 6
128 6
129 6
130 6
131 6
132 6
133 6
134 6
135 6
136 6
137 6
138 6
139 6
140 7
141 7
142 7
143 7
144 7
145 7
146 7
147 7
148 7
149 7
150 7
151 7
152 7
153 7
154 7
155 7
156 7
157 7
158 7
159 7
160 8
161 8
162 8
163 8
164 8
165 8
166 8
167 8
168 8
169 8
170 8
171 8
172 8
173 8
174 8
175 8
176 8
177 8
178 8
179 8
180 9
181 9
182 9
183 9
184 9
185 9
186 9
187 9
188 9
189 9
190 9
191 9
192 9
193 9
194 9
195 9
196 9
197 9
198 9
199 9
200 10
201 10
202 10
203 10
204 10
205 10
206 10
207 10
208 10
209 10
210 10
211 10
212 10
213 10
214 10
215 10
216 10
217 10
218 10
219 10
220 11
221 11
222 11
223 11
224 11
225 11
226 11
227 11
228 11
229 11
230 11
231 11
232 11
233 11
234 11
235 11
236 11
237 11
238 11
239 11
240 12
241 12
242 12
243 12
244 12
245 12
246 12
247 12
248 12
249 12
250 12
251 12
252 12
253 12
254 12
255 12
256 12
257 12
258 12
259 12
260 13
261 13
262 13
263 13
264 13
265 13
266 13
267 13
268 13
269 13
270 13
271 13
272 13
273 13
274 13
275 13
276 13
277 13
278 13
279 13
280 14
281 14
282 14
283 14
284 14
285 14
286 14
287 14
288 14
289 14
290 14
291 14
292 14
293 14
294 14
295 14
296 14
297 14
298 14
299 14
300 15
301 15
302 15
303 15
304 15
305 15
306 15
307 15
308 15
309 15
310 15
311 15
312 15
313 15
314 15
315 15
316 15
317 15
318 15
319 15

4 1 0 0
4 0 0 0
4 2 0 0
4 3 0 0
5 2 0 0
5 0 0 0
5 4 0 0
5 3 0 0
6 4 0 0
6 3 0 0
6 2 0 0
6 0 0 0
7 2 0 0
7 4 0 0
7 3 0 0
7 5 0 0
8 4 0 0
8 6 0 0
8 2 0 0
8 1 0 0
9 7 0 0
9 3 0 0
9 0 0 0
9 1 0 0
10 4 0 0
10 9 0 0
10 6 0 0
10 1 0 0
11 6 0 0
11 0 0 0
11 4 0 0
11 10 0 0
12 2 0 0
12 3 0 0
12 1 0 0
12 7 0 0
13 11 0 0
13 0 0 0
13 3 0 0
13 12 0 0
14 4 0 0
14 2 0 0
14 11 0 0
14 6 0 0
15 1 0 0
15 3 0 0
15 9 0 0
15 7 0 0
16 12 0 0
16 10 0 0
16 15 0 0
16 2 0 0
17 7 0 0
17 15 0 0
17 10 0 0
17 2 0 0
18 1 0 0
18 9 0 0
18 15 0 0
18 17 0 0
19 3 0 0
19 16 0 0
19 5 0 0
19 13 0 0
0 12 0 0
0 16 0 0
0 7 0 0
0 15 0 0
1 7 0 0
1 16 0 0
1 13 0 0
1 6 0 0
2 13 0 0
2 11 0 0
2 15 0 0
2 18 0 0
3 16 0 0
3 10 0 0
3 14 0 0
3 8 0 0
24 20 1 1
24 23 1 1
24 22 1 1
24 21 1 1
25 23 1 1
25 24 1 1
25 21 1 1
25 20 1 1
26 20 1 1
26 25 1 1
26 23 1 1
26 21 1 1
27 24 1 1
27 23 1 1
27 26 1 1
27 21 1 1
28 24 1 1
28 27 1 1
28 20 1 1
28 25 1 1
29 26 1 1
29 25 1 1
29 28 1 1
29 24 1 1
30 27 1 1
30 23 1 1
30 20 1 1
30 26 1 1
31 20 1 1
31 22 1 1
31 28 1 1
31 24 1 1
32 30 1 1
32 20 1 1
32 21 1 1
32 26 1 1
33 23 1 1
33 30 1 1
33 29 1 1
33 27 1 1
34 30 1 1
34 22 1 1
34 21 1 1
34 29 1 1
35 29 1 1
35 26 1 1
35 31 1 1
35 34 1 1
36 27 1 1
36 29 1 1
36 26 1 1
36 34 1 1
37 26 1 1
37 25 1 1
37 33 1 1
37 20 1 1
38 31 1 1
38 29 1 1
38 27 1 1
38 36 1 1
39 29 1 1
39 25 1 1
39 38 1 1
39 26 1 1
20 33 1 1
20 27 1 1
20 35 1 1
20 38 1 1
21 37 1 1
21 29 1 1
21 31 1 1
21 30 1 1
22 25 1 1
22 30 1 1
22 35 1 1
22 32 1 1
23 35 1 1
23 37 1 1
23 29 1 1
23 32 1 1
44 40 2 2
44 42 2 2
44 43 2 2
44 41 2 2
45 41 2 2
45 40 2 2
45 42 2 2
45 43 2 2
46 42 2 2
46 45 2 2
46 44 2 2
46 40 2 2
47 43 2 2
47 42 2 2
47 40 2 2
47 46 2 2
48 41 2 2
48 45 2 2
48 42 2 2
48 40 2 2
49 48 2 2
49 41 2 2
49 45 2 2
49 43 2 2
50 40 2 2
50 46 2 2
50 47 2 2
50 41 2 2
51 40 2 2
51 44 2 2
51 48 2 2
51 42 2 2
52 51 2 2
52 46 2 2
52 42 2 2
52 44 2 2
53 47 2 2
53 49 2 2
53 48 2 2
53 45 2 2
54 48 2 2
54 41 2 2
54 47 2 2
54 43 2 2
55 49 2 2
55 52 2 2
55 48 2 2
55 42 2 2
56 40 2 2
56 44 2 2
56 55 2 2
56 46 2 2
57 45 2 2
57 43 2 2
57 51 2 2
57 46 2 2
58 47 2 2
58 51 2 2
58 53 2 2
58 40 2 2
59 47 2 2
59 46 2 2
59 42 2 2
59 45 2 2
40 53 2 2
40 52 2 2
40 55 2 2
40 49 2 2
41 55 2 2
41 53 2 2
41 56 2 2
41 57 2 2
42 53 2 2
42 50 2 2
42 49 2 2
42 58 2 2
43 53 2 2
43 58 2 2
43 51 2 2
43 46 2 2
64 63 3 3
64 62 3 3
64 60 3 3
64 61 3 3
65 64 3 3
65 63 3 3
65 62 3 3
65 61 3 3
66 65 3 3
66 62 3 3
66 63 3 3
66 60 3 3
67 64 3 3
67 62 3 3
67 65 3 3
67 66 3 3
68 60 3 3
68 66 3 3
68 64 3 3
68 67 3 3
69 63 3 3
69 60 3 3
69 64 3 3
69 62 3 3
70 63 3 3
70 68 3 3
70 69 3 3
70 64 3 3
71 67 3 3
71 69 3 3
71 64 3 3
71 63 3 3
72 69 3 3
72 65 3 3
72 64 3 3
72 63 3 3
73 64 3 3
73 65 3 3
73 63 3 3
73 67 3 3
74 60 3 3
74 64 3 3
74 62 3 3
74 68 3 3
75 66 3 3
75 70 3 3
75 69 3 3
75 62 3 3
76 69 3 3
76 75 3 3
76 61 3 3
76 60 3 3
77 72 3 3
77 64 3 3
77 74 3 3
77 67 3 3
78 77 3 3
78 71 3 3
78 76 3 3
78 63 3 3
79 69 3 3
79 67 3 3
79 66 3 3
79 64 3 3
60 70 3 3
60 65 3 3
60 77 3 3
60 79 3 3
61 79 3 3
61 73 3 3
61 77 3 3
61 70 3 3
62 73 3 3
62 76 3 3
62 77 3 3
62 79 3 3
63 67 3 3
63 77 3 3
63 79 3 3
63 76 3 3
84 83 4 4
84 82 4 4
84 80 4 4
84 81 4 4
85 84 4 4
85 83 4 4
85 80 4 4
85 82 4 4
86 85 4 4
86 82 4 4
86 80 4 4
86 83 4 4
87 80 4 4
87 82 4 4
87 86 4 4
87 81 4 4
88 85 4 4
88 87 4 4
88 81 4 4
88 84 4 4
89 82 4 4
89 84 4 4
89 83 4 4
89 86 4 4
90 86 4 4
90 80 4 4
90 87 4 4
90 88 4 4
91 82 4 4
91 80 4 4
91 81 4 4
91 90 4 4
92 87 4 4
92 85 4 4
92 80 4 4
92 86 4 4
93 83 4 4
93 84 4 4
93 86 4 4
93 85 4 4
94 89 4 4
94 90 4 4
94 84 4 4
94 80 4 4
95 85 4 4
95 83 4 4
95 93 4 4
95 82 4 4
96 86 4 4
96 85 4 4
96 91 4 4
96 87 4 4
97 92 4 4
97 90 4 4
97 85 4 4
97 88 4 4
98 85 4 4
98 87 4 4
98 83 4 4
98 95 4 4
99 88 4 4
99 98 4 4
99 82 4 4
99 96 4 4
80 93 4 4
80 99 4 4
80 97 4 4
80 98 4 4
81 93 4 4
81 85 4 4
81 99 4 4
81 90 4 4
82 88 4 4
82 94 4 4
82 93 4 4
82 98 4 4
83 99 4 4
83 90 4 4
83 94 4 4
83 97 4 4
104 103 5 5
104 100 5 5
104 102 5 5
104 101 5 5
105 101 5 5
105 102 5 5
105 100 5 5
105 103 5 5
106 103 5 5
106 105 5 5
106 100 5 5
106 101 5 5
107 105 5 5
107 106 5 5
107 103 5 5
107 101 5 5
108 100 5 5
108 103 5 5
108 104 5 5
108 106 5 5
109 106 5 5
109 103 5 5
109 105 5 5
109 100 5 5
110 103 5 5
110 108 5 5
110 102 5 5
110 104 5 5
111 100 5 5
111 109 5 5
111 110 5 5
111 103 5 5
112 111 5 5
112 100 5 5
112 105 5 5
112 101 5 5
113 107 5 5
113 105 5 5
113 103 5 5
113 109 5 5
114 107 5 5
114 111 5 5
114 113 5 5
114 101 5 5
115 114 5 5
115 101 5 5
115 102 5 5
115 109 5 5
116 109 5 5
116 100 5 5
116 111 5 5
116 104 5 5
117 111 5 5
117 102 5 5
117 107 5 5
117 106 5 5
118 110 5 5
118 117 5 5
118 111 5 5
118 102 5 5
119 105 5 5
119 109 5 5
119 104 5 5
119 115 5 5
100 117 5 5
100 119 5 5
100 113 5 5
100 118 5 5
101 119 5 5
101 109 5 5
101 113 5 5
101 116 5 5
102 111 5 5
102 116 5 5
102 119 5 5
102 108 5 5
103 114 5 5
103 115 5 5
103 112 5 5
103 119 5 5
124 120 6 6
124 121 6 6
124 123 6 6
124 122 6 6
125 121 6 6
125 122 6 6
125 123 6 6
125 120 6 6
126 125 6 6
126 123 6 6
126 122 6 6
126 120 6 6
127 120 6 6
127 125 6 6
127 123 6 6
127 124 6 6
128 124 6 6
128 121 6 6
128 126 6 6
128 125 6 6
129 120 6 6
129 122 6 6
129 124 6 6
129 123 6 6
130 121 6 6
130 125 6 6
130 129 6 6
130 120 6 6
131 127 6 6
131 130 6 6
131 123 6 6
131 124 6 6
132 123 6 6
132 120 6 6
132 125 6 6
132 126 6 6
133 124 6 6
133 128 6 6
133 121 6 6
133 132 6 6
134 124 6 6
134 120 6 6
134 126 6 6
134 130 6 6
135 128 6 6
135 123 6 6
135 125 6 6
135 127 6 6
136 127 6 6
136 131 6 6
136 120 6 6
136 130 6 6
137 124 6 6
137 120 6 6
137 131 6 6
137 121 6 6
138 136 6 6
138 130 6 6
138 131 6 6
138 132 6 6
139 135 6 6
139 122 6 6
139 131 6 6
139 127 6 6
120 139 6 6
120 128 6 6
120 131 6 6
120 138 6 6
121 126 6 6
121 135 6 6
121 129 6 6
121 127 6 6
122 132 6 6
122 135 6 6
122 136 6 6
122 137 6 6
123 139 6 6
123 138 6 6
123 136 6 6
123 128 6 6
144 140 7 7
144 142 7 7
144 141 7 7
144 143 7 7
145 141 7 7
145 140 7 7
145 142 7 7
145 143 7 7
146 140 7 7
146 142 7 7
146 141 7 7
146 144 7 7
147 140 7 7
147 146 7 7
147 142 7 7
147 143 7 7
148 145 7 7
148 146 7 7
148 147 7 7
148 140 7 7
149 141 7 7
149 148 7 7
149 145 7 7
149 144 7 7
150 145 7 7
150 147 7 7
150 146 7 7
150 149 7 7
151 140 7 7
151 148 7 7
151 146 7 7
151 142 7 7
152 147 7 7
152 141 7 7
152 143 7 7
152 148 7 7
153 151 7 7
153 146 7 7
153 142 7 7
153 149 7 7
154 152 7 7
154 151 7 7
154 145 7 7
154 148 7 7
155 145 7 7
155 152 7 7
155 151 7 7
155 150 7 7
156 140 7 7
156 154 7 7
156 153 7 7
156 141 7 7
157 146 7 7
157 152 7 7
157 142 7 7
157 140 7 7
158 151 7 7
158 150 7 7
158 154 7 7
158 152 7 7
159 152 7 7
159 157 7 7
159 142 7 7
159 158 7 7
140 154 7 7
140 152 7 7
140 155 7 7
140 153 7 7
141 155 7 7
141 147 7 7
141 157 7 7
141 151 7 7
142 154 7 7
142 150 7 7
142 155 7 7
142 152 7 7
143 154 7 7
143 153 7 7
143 156 7 7
143 159 7 7
164 161 8 8
164 160 8 8
164 163 8 8
164 162 8 8
165 161 8 8
165 162 8 8
165 160 8 8
165 164 8 8
166 162 8 8
166 160 8 8
166 163 8 8
166 164 8 8
167 162 8 8
167 161 8 8
167 166 8 8
167 160 8 8
168 164 8 8
168 165 8 8
168 160 8 8
168 166 8 8
169 162 8 8
169 168 8 8
169 160 8 8
169 164 8 8
170 165 8 8
170 168 8 8
170 166 8 8
170 169 8 8
171 161 8 8
171 165 8 8
171 162 8 8
171 160 8 8
172 167 8 8
172 162 8 8
172 166 8 8
172 165 8 8
173 164 8 8
173 169 8 8
173 161 8 8
173 163 8 8
174 169 8 8
174 165 8 8
174 170 8 8
174 163 8 8
175 174 8 8
175 163 8 8
175 170 8 8
175 169 8 8
176 169 8 8
176 160 8 8
176 164 8 8
176 163 8 8
177 174 8 8
177 176 8 8
177 170 8 8
177 167 8 8
178 161 8 8
178 162 8 8
178 167 8 8
178 169 8 8
179 160 8 8
179 176 8 8
179 168 8 8
179 170 8 8
160 175 8 8
160 178 8 8
160 173 8 8
160 174 8 8
161 174 8 8
161 166 8 8
161 169 8 8
161 170 8 8
162 175 8 8
162 168 8 8
162 177 8 8
162 173 8 8
163 179 8 8
163 169 8 8
163 170 8 8
163 177 8 8
184 182 9 9
184 180 9 9
184 183 9 9
184 181 9 9
185 184 9 9
185 182 9 9
185 180 9 9
185 181 9 9
186 181 9 9
186 185 9 9
186 180 9 9
186 184 9 9
187 184 9 9
187 185 9 9
187 182 9 9
187 180 9 9
188 180 9 9
188 183 9 9
188 182 9 9
188 185 9 9
189 187 9 9
189 185 9 9
189 180 9 9
189 181 9 9
190 187 9 9
190 184 9 9
190 189 9 9
190 180 9 9
191 180 9 9
191 181 9 9
191 186 9 9
191 185 9 9
192 180 9 9
192 187 9 9
192 182 9 9
192 181 9 9
193 192 9 9
193 185 9 9
193 183 9 9
193 186 9 9
194 185 9 9
194 193 9 9
194 188 9 9
194 186 9 9
195 180 9 9
195 185 9 9
195 181 9 9
195 191 9 9
196 192 9 9
196 190 9 9
196 183 9 9
196 182 9 9
197 185 9 9
197 189 9 9
197 180 9 9
197 187 9 9
198 184 9 9
198 183 9 9
198 189 9 9
198 187 9 9
199 182 9 9
199 186 9 9
199 193 9 9
199 185 9 9
180 193 9 9
180 194 9 9
180 198 9 9
180 199 9 9
181 190 9 9
181 199 9 9
181 193 9 9
181 197 9 9
182 190 9 9
182 193 9 9
182 198 9 9
182 194 9 9
183 185 9 9
183 194 9 9
183 199 9 9
183 195 9 9
204 203 10 10
204 201 10 10
204 202 10 10
204 200 10 10
205 202 10 10
205 201 10 10
205 200 10 10
205 203 10 10
206 205 10 10
206 200 10 10
206 202 10 10
206 203 10 10
207 202 10 10
207 204 10 10
207 201 10 10
207 206 10 10
208 207 10 10
208 206 10 10
208 203 10 10
208 201 10 10
209 208 10 10
209 203 10 10
209 207 10 10
209 205 10 10
210 202 10 10
210 206 10 10
210 203 10 10
210 205 10 10
211 205 10 10
211 202 10 10
211 200 10 10
211 207 10 10
212 207 10 10
212 208 10 10
212 211 10 10
212 205 10 10
213 211 10 10
213 202 10 10
213 209 10 10
213 212 10 10
214 213 10 10
214 209 10 10
214 208 10 10
214 205 10 10
215 214 10 10
215 211 10 10
215 210 10 10
215 200 10 10
216 213 10 10
216 206 10 10
216 202 10 10
216 210 10 10
217 201 10 10
217 209 10 10
217 211 10 10
217 206 10 10
218 215 10 10
218 202 10 10
218 214 10 10
218 217 10 10
219 206 10 10
219 202 10 10
219 215 10 10
219 216 10 10
200 218 10 10
200 217 10 10
200 210 10 10
200 214 10 10
201 213 10 10
201 206 10 10
201 216 10 10
201 219 10 10
202 208 10 10
202 214 10 10
202 212 10 10
202 209 10 10
203 215 10 10
203 207 10 10
203 214 10 10
203 213 10 10
224 221 11 11
224 222 11 11
224 223 11 11
224 220 11 11
225 222 11 11
225 220 11 11
225 223 11 11
225 224 11 11
226 224 11 11
226 223 11 11
226 225 11 11
226 220 11 11
227 225 11 11
227 226 11 11
227 224 11 11
227 220 11 11
228 224 11 11
228 221 11 11
228 222 11 11
228 223 11 11
229 220 11 11
229 224 11 11
229 227 11 11
229 225 11 11
230 222 11 11
230 228 11 11
230 223 11 11
230 220 11 11
231 223 11 11
231 227 11 11
231 224 11 11
231 226 11 11
232 221 11 11
232 225 11 11
232 226 11 11
232 230 11 11
233 230 11 11
233 223 11 11
233 221 11 11
233 224 11 11
234 224 11 11
234 225 11 11
234 228 11 11
234 229 11 11
235 231 11 11
235 230 11 11
235 221 11 11
235 232 11 11
236 227 11 11
236 229 11 11
236 230 11 11
236 225 11 11
237 224 11 11
237 235 11 11
237 229 11 11
237 227 11 11
238 223 11 11
238 230 11 11
238 234 11 11
238 233 11 11
239 232 11 11
239 229 11 11
239 234 11 11
239 227 11 11
220 234 11 11
220 235 11 11
220 236 11 11
220 239 11 11
221 230 11 11
221 238 11 11
221 225 11 11
221 227 11 11
222 226 11 11
222 238 11 11
222 227 11 11
222 236 11 11
223 232 11 11
223 227 11 11
223 236 11 11
223 234 11 11
244 242 12 12
244 240 12 12
244 243 12 12
244 241 12 12
245 243 12 12
245 241 12 12
245 240 12 12
245 244 12 12
246 240 12 12
246 243 12 12
246 242 12 12
246 245 12 12
247 242 12 12
247 244 12 12
247 243 12 12
247 241 12 12
248 240 12 12
248 245 12 12
248 246 12 12
248 241 12 12
249 242 12 12
249 247 12 12
249 246 12 12
249 244 12 12
250 247 12 12
250 242 12 12
250 246 12 12
250 240 12 12
251 247 12 12
251 246 12 12
251 244 12 12
251 250 12 12
252 251 12 12
252 250 12 12
252 242 12 12
252 240 12 12
253 243 12 12
253 242 12 12
253 244 12 12
253 246 12 12
254 240 12 12
254 246 12 12
254 252 12 12
254 253 12 12
255 249 12 12
255 254 12 12
255 242 12 12
255 244 12 12
256 254 12 12
256 248 12 12
256 243 12 12
256 250 12 12
257 248 12 12
257 250 12 12
257 243 12 12
257 254 12 12
258 246 12 12
258 254 12 12
258 241 12 12
258 249 12 12
259 247 12 12
259 255 12 12
259 246 12 12
259 249 12 12
240 258 12 12
240 257 12 12
240 253 12 12
240 255 12 12
241 252 12 12
241 251 12 12
241 246 12 12
241 255 12 12
242 259 12 12
242 254 12 12
242 256 12 12
242 251 12 12
243 248 12 12
243 249 12 12
243 259 12 12
243 258 12 12
264 262 13 13
264 260 13 13
264 263 13 13
264 261 13 13
265 262 13 13
265 261 13 13
265 263 13 13
265 260 13 13
266 262 13 13
266 261 13 13
266 263 13 13
266 265 13 13
267 266 13 13
267 265 13 13
267 261 13 13
267 264 13 13
268 267 13 13
268 265 13 13
268 263 13 13
268 264 13 13
269 261 13 13
269 264 13 13
269 262 13 13
269 267 13 13
270 266 13 13
270 262 13 13
270 265 13 13
270 268 13 13
271 270 13 13
271 267 13 13
271 261 13 13
271 268 13 13
272 264 13 13
272 269 13 13
272 267 13 13
272 262 13 13
273 263 13 13
273 266 13 13
273 270 13 13
273 265 13 13
274 262 13 13
274 264 13 13
274 273 13 13
274 271 13 13
275 263 13 13
275 270 13 13
275 269 13 13
275 274 13 13
276 267 13 13
276 271 13 13
276 261 13 13
276 272 13 13
277 262 13 13
277 272 13 13
277 260 13 13
277 269 13 13
278 267 13 13
278 271 13 13
278 275 13 13
278 263 13 13
279 277 13 13
279 262 13 13
279 260 13 13
279 270 13 13
260 275 13 13
260 273 13 13
260 269 13 13
260 267 13 13
261 274 13 13
261 273 13 13
261 268 13 13
261 278 13 13
262 273 13 13
262 275 13 13
262 267 13 13
262 278 13 13
263 276 13 13
263 269 13 13
263 271 13 13
263 277 13 13
284 280 14 14
284 283 14 14
284 282 14 14
284 281 14 14
285 284 14 14
285 283 14 14
285 281 14 14
285 280 14 14
286 285 14 14
286 284 14 14
286 281 14 14
286 282 14 14
287 282 14 14
287 280 14 14
287 283 14 14
287 284 14 14
288 285 14 14
288 286 14 14
288 281 14 14
288 280 14 14
289 280 14 14
289 287 14 14
289 284 14 14
289 281 14 14
290 281 14 14
290 282 14 14
290 280 14 14
290 284 14 14
291 280 14 14
291 284 14 14
291 282 14 14
291 289 14 14
292 287 14 14
292 283 14 14
292 284 14 14
292 291 14 14
293 281 14 14
293 283 14 14
293 291 14 14
293 292 14 14
294 289 14 14
294 287 14 14
294 292 14 14
294 281 14 14
295 285 14 14
295 292 14 14
295 286 14 14
295 291 14 14
296 290 14 14
296 292 14 14
296 281 14 14
296 293 14 14
297 294 14 14
297 282 14 14
297 291 14 14
297 293 14 14
298 290 14 14
298 292 14 14
298 294 14 14
298 288 14 14
299 287 14 14
299 297 14 14
299 283 14 14
299 294 14 14
280 292 14 14
280 295 14 14
280 294 14 14
280 299 14 14
281 292 14 14
281 291 14 14
281 297 14 14
281 298 14 14
282 294 14 14
282 289 14 14
282 292 14 14
282 296 14 14
283 289 14 14
283 291 14 14
283 296 14 14
283 294 14 14
304 303 15 15
304 300 15 15
304 301 15 15
304 302 15 15
305 304 15 15
305 300 15 15
305 303 15 15
305 302 15 15
306 301 15 15
306 305 15 15
306 304 15 15
306 300 15 15
307 304 15 15
307 306 15 15
307 305 15 15
307 301 15 15
308 305 15 15
308 304 15 15
308 306 15 15
308 303 15 15
309 307 15 15
309 308 15 15
309 301 15 15
309 300 15 15
310 307 15 15
310 303 15 15
310 308 15 15
310 302 15 15
311 300 15 15
311 302 15 15
311 304 15 15
311 303 15 15
312 308 15 15
312 309 15 15
312 311 15 15
312 305 15 15
313 305 15 15
313 311 15 15
313 307 15 15
313 308 15 15
314 301 15 15
314 305 15 15
314 309 15 15
314 307 15 15
315 311 15 15
315 308 15 15
315 305 15 15
315 306 15 15
316 304 15 15
316 307 15 15
316 311 15 15
316 305 15 15
317 303 15 15
317 309 15 15
317 302 15 15
317 316 15 15
318 313 15 15
318 311 15 15
318 317 15 15
318 316 15 15
319 301 15 15
319 317 15 15
319 312 15 15
319 315 15 15
300 307 15 15
300 318 15 15
300 317 15 15
300 313 15 15
301 310 15 15
301 316 15 15
301 317 15 15
301 318 15 15
302 315 15 15
302 306 15 15
302 318 15 15
302 307 15 15
303 319 15 15
303 309 15 15
303 313 15 15
303 316 15 15
92 43 4 2
82 66 4 3
81 39 4 1
80 11 4 0
113 48 5 2
104 64 5 3
117 34 5 1
101 80 5 4
139 72 6 3
134 90 6 4
127 55 6 2
120 33 6 1
149 5 7 0
153 61 7 3
156 96 7 4
142 30 7 1
170 12 8 0
179 43 8 2
171 85 8 4
161 109 8 5
196 143 9 7
197 10 9 0
191 163 9 8
180 92 9 4
204 177 10 8
206 189 10 9
207 87 10 4
218 5 10 0
235 2 11 0
221 75 11 3
225 52 11 2
223 182 11 9
256 51 12 2
245 61 12 3
254 88 12 4
243 158 12 7
261 87 13 4
277 241 13 12
267 203 13 10
266 173 13 8
289 8 14 0
282 188 14 9
280 120 14 6
285 84 14 4
314 45 15 2
319 74 15 3
312 9 15 0
308 120 15 6
2 250 0 12
14 109 0 5
19 131 0 6
15 271 0 13
33 165 1 8
29 213 1 10
35 238 1 11
26 296 1 14
59 154 2 7
52 286 2 14
45 199 2 9
56 273 2 13
79 296 3 14
72 180 3 9
73 264 3 13
76 203 3 10
