swNum = 320
edgeNum = 1343

0 0
1 0
2 0
3 0
4 0
5 0
6 0
7 0
8 0
9 0
10 0
11 0
12 0
13 0
14 0
15 0
16 0
17 0
18 0
19 0
20 1
21 1
22 1
23 1
24 1
25 1
26 1
27 1
28 1
29 1
30 1
31 1
32 1
33 1
34 1
35 1
36 1
37 1
38 1
39 1
40 2
41 2
42 2
43 2
44 2
45 2
46 2
47 2
48 2
49 2
50 2
51 2
52 2
53 2
54 2
55 2
56 2
57 2
58 2
59 2
60 3
61 3
62 3
63 3
64 3
65 3
66 3
67 3
68 3
69 3
70 3
71 3
72 3
73 3
74 3
75 3
76 3
77 3
78 3
79 3
80 4
81 4
82 4
83 4
84 4
85 4
86 4
87 4
88 4
89 4
90 4
91 4
92 4
93 4
94 4
95 4
96 4
97 4
98 4
99 4
100 5
101 5
102 5
103 5
104 5
105 5
106 5
107 5
108 5
109 5
110 5
111 5
112 5
113 5
114 5
115 5
116 5
117 5
118 5
119 5
120 6
121 6
122 6
123 6
124 6
125 6
126 6
127 6
128 6
129 6
130 6
131 6
132 6
133 6
134 6
135 6
136 6
137 6
138 6
139 6
140 7
141 7
142 7
143 7
144 7
145 7
146 7
147 7
148 7
149 7
150 7
151 7
152 7
153 7
154 7
155 7
156 7
157 7
158 7
159 7
160 8
161 8
162 8
163 8
164 8
165 8
166 8
167 8
168 8
169 8
170 8
171 8
172 8
173 8
174 8
175 8
176 8
177 8
178 8
179 8
180 9
181 9
182 9
183 9
184 9
185 9
186 9
187 9
188 9
189 9
190 9
191 9
192 9
193 9
194 9
195 9
196 9
197 9
198 9
199 9
200 10
201 10
202 10
203 10
204 10
205 10
206 10
207 10
208 10
209 10
210 10
211 10
212 10
213 10
214 10
215 10
216 10
217 10
218 10
219 10
220 11
221 11
222 11
223 11
224 11
225 11
226 11
227 11
228 11
229 11
230 11
231 11
232 11
233 11
234 11
235 11
236 11
237 11
238 11
239 11
240 12
241 12
242 12
243 12
244 12
245 12
246 12
247 12
248 12
249 12
250 12
251 12
252 12
253 12
254 12
255 12
256 12
257 12
258 12
259 12
260 13
261 13
262 13
263 13
264 13
265 13
266 13
267 13
268 13
269 13
270 13
271 13
272 13
273 13
274 13
275 13
276 13
277 13
278 13
279 13
280 14
281 14
282 14
283 14
284 14
285 14
286 14
287 14
288 14
289 14
290 14
291 14
292 14
293 14
294 14
295 14
296 14
297 14
298 14
299 14
300 15
301 15
302 15
303 15
304 15
305 15
306 15
307 15
308 15
309 15
310 15
311 15
312 15
313 15
314 15
315 15
316 15
317 15
318 15
319 15

4 3 0 0
4 2 0 0
4 0 0 0
4 1 0 0
5 4 0 0
5 3 0 0
5 2 0 0
5 0 0 0
6 2 0 0
6 1 0 0
6 3 0 0
6 0 0 0
7 1 0 0
7 6 0 0
7 2 0 0
7 0 0 0
8 1 0 0
8 5 0 0
8 6 0 0
8 3 0 0
9 3 0 0
9 4 0 0
9 1 0 0
9 6 0 0
10 3 0 0
10 9 0 0
10 6 0 0
10 0 0 0
11 3 0 0
11 5 0 0
11 8 0 0
11 4 0 0
12 8 0 0
12 10 0 0
12 5 0 0
12 3 0 0
13 6 0 0
13 7 0 0
13 3 0 0
13 1 0 0
14 0 0 0
14 4 0 0
14 10 0 0
14 8 0 0
15 4 0 0
15 9 0 0
15 3 0 0
15 13 0 0
16 6 0 0
16 12 0 0
16 0 0 0
16 15 0 0
17 0 0 0
17 14 0 0
17 1 0 0
17 5 0 0
18 1 0 0
18 17 0 0
18 8 0 0
18 11 0 0
19 6 0 0
19 1 0 0
19 0 0 0
19 9 0 0
0 13 0 0
0 18 0 0
0 11 0 0
0 12 0 0
1 15 0 0
1 10 0 0
1 14 0 0
1 12 0 0
2 9 0 0
2 19 0 0
2 15 0 0
2 16 0 0
3 14 0 0
3 18 0 0
3 19 0 0
3 16 0 0
24 21 1 1
24 22 1 1
24 23 1 1
24 20 1 1
25 22 1 1
25 20 1 1
25 23 1 1
25 21 1 1
26 25 1 1
26 21 1 1
26 23 1 1
26 20 1 1
27 23 1 1
27 21 1 1
27 24 1 1
27 20 1 1
28 23 1 1
28 20 1 1
28 26 1 1
28 21 1 1
29 22 1 1
29 26 1 1
29 20 1 1
29 27 1 1
30 24 1 1
30 23 1 1
30 22 1 1
30 26 1 1
31 25 1 1
31 29 1 1
31 28 1 1
31 20 1 1
32 31 1 1
32 29 1 1
32 30 1 1
32 24 1 1
33 31 1 1
33 24 1 1
33 25 1 1
33 27 1 1
34 22 1 1
34 31 1 1
34 29 1 1
34 24 1 1
35 26 1 1
35 25 1 1
35 27 1 1
35 23 1 1
36 22 1 1
36 34 1 1
36 32 1 1
36 29 1 1
37 31 1 1
37 36 1 1
37 21 1 1
37 29 1 1
38 22 1 1
38 26 1 1
38 27 1 1
38 30 1 1
39 29 1 1
39 25 1 1
39 31 1 1
39 32 1 1
20 39 1 1
20 32 1 1
20 34 1 1
20 37 1 1
21 35 1 1
21 32 1 1
21 39 1 1
21 38 1 1
22 26 1 1
22 32 1 1
22 35 1 1
22 39 1 1
23 29 1 1
23 38 1 1
23 37 1 1
23 39 1 1
44 42 2 2
44 43 2 2
44 41 2 2
44 40 2 2
45 44 2 2
45 41 2 2
45 43 2 2
45 40 2 2
46 42 2 2
46 45 2 2
46 41 2 2
46 43 2 2
47 41 2 2
47 44 2 2
47 42 2 2
47 46 2 2
48 45 2 2
48 41 2 2
48 43 2 2
48 44 2 2
49 46 2 2
49 42 2 2
49 44 2 2
49 40 2 2
50 46 2 2
50 49 2 2
50 44 2 2
50 42 2 2
51 44 2 2
51 43 2 2
51 40 2 2
51 47 2 2
52 50 2 2
52 49 2 2
52 42 2 2
52 41 2 2
53 44 2 2
53 42 2 2
53 48 2 2
53 50 2 2
54 40 2 2
54 43 2 2
54 51 2 2
54 45 2 2
55 49 2 2
55 43 2 2
55 46 2 2
55 50 2 2
56 54 2 2
56 45 2 2
56 51 2 2
56 44 2 2
57 45 2 2
57 51 2 2
57 56 2 2
57 44 2 2
58 41 2 2
58 46 2 2
58 48 2 2
58 57 2 2
59 44 2 2
59 43 2 2
59 41 2 2
59 56 2 2
40 59 2 2
40 56 2 2
40 52 2 2
40 50 2 2
41 57 2 2
41 49 2 2
41 54 2 2
41 53 2 2
42 55 2 2
42 58 2 2
42 56 2 2
42 48 2 2
43 58 2 2
43 50 2 2
43 57 2 2
43 56 2 2
64 61 3 3
64 63 3 3
64 60 3 3
64 62 3 3
65 64 3 3
65 63 3 3
65 62 3 3
65 60 3 3
66 64 3 3
66 60 3 3
66 61 3 3
66 65 3 3
67 60 3 3
67 64 3 3
67 65 3 3
67 66 3 3
68 65 3 3
68 63 3 3
68 62 3 3
68 64 3 3
69 61 3 3
69 67 3 3
69 62 3 3
69 65 3 3
70 65 3 3
70 66 3 3
70 61 3 3
70 63 3 3
71 66 3 3
71 60 3 3
71 69 3 3
71 63 3 3
72 67 3 3
72 69 3 3
72 70 3 3
72 60 3 3
73 72 3 3
73 69 3 3
73 61 3 3
73 65 3 3
74 68 3 3
74 70 3 3
74 63 3 3
74 64 3 3
75 64 3 3
75 74 3 3
75 63 3 3
75 67 3 3
76 74 3 3
76 66 3 3
76 65 3 3
76 73 3 3
77 73 3 3
77 62 3 3
77 72 3 3
77 63 3 3
78 66 3 3
78 67 3 3
78 69 3 3
78 77 3 3
79 71 3 3
79 75 3 3
79 63 3 3
79 70 3 3
60 73 3 3
60 76 3 3
60 69 3 3
60 79 3 3
61 68 3 3
61 77 3 3
61 65 3 3
61 67 3 3
62 72 3 3
62 70 3 3
62 75 3 3
62 67 3 3
63 73 3 3
63 67 3 3
63 66 3 3
63 76 3 3
84 83 4 4
84 82 4 4
84 81 4 4
84 80 4 4
85 82 4 4
85 80 4 4
85 81 4 4
85 83 4 4
86 80 4 4
86 81 4 4
86 84 4 4
86 82 4 4
87 85 4 4
87 82 4 4
87 81 4 4
87 84 4 4
88 84 4 4
88 82 4 4
88 86 4 4
88 80 4 4
89 87 4 4
89 85 4 4
89 80 4 4
89 86 4 4
90 82 4 4
90 81 4 4
90 88 4 4
90 89 4 4
91 87 4 4
91 86 4 4
91 84 4 4
91 82 4 4
92 81 4 4
92 91 4 4
92 89 4 4
92 88 4 4
93 87 4 4
93 84 4 4
93 92 4 4
93 81 4 4
94 81 4 4
94 91 4 4
94 86 4 4
94 93 4 4
95 94 4 4
95 81 4 4
95 93 4 4
95 84 4 4
96 89 4 4
96 95 4 4
96 84 4 4
96 86 4 4
97 96 4 4
97 87 4 4
97 80 4 4
97 88 4 4
98 92 4 4
98 84 4 4
98 88 4 4
98 93 4 4
99 96 4 4
99 97 4 4
99 86 4 4
99 95 4 4
80 90 4 4
80 92 4 4
80 99 4 4
80 95 4 4
81 89 4 4
81 91 4 4
81 98 4 4
81 99 4 4
82 95 4 4
82 93 4 4
82 94 4 4
82 96 4 4
83 91 4 4
83 92 4 4
83 93 4 4
83 95 4 4
104 100 5 5
104 102 5 5
104 101 5 5
104 103 5 5
105 102 5 5
105 103 5 5
105 104 5 5
105 101 5 5
106 104 5 5
106 103 5 5
106 102 5 5
106 100 5 5
107 104 5 5
107 102 5 5
107 106 5 5
107 105 5 5
108 107 5 5
108 104 5 5
108 105 5 5
108 103 5 5
109 108 5 5
109 107 5 5
109 104 5 5
109 102 5 5
110 107 5 5
110 106 5 5
110 109 5 5
110 103 5 5
111 107 5 5
111 105 5 5
111 108 5 5
111 101 5 5
112 103 5 5
112 106 5 5
112 102 5 5
112 109 5 5
113 110 5 5
113 100 5 5
113 101 5 5
113 112 5 5
114 102 5 5
114 105 5 5
114 103 5 5
114 113 5 5
115 109 5 5
115 108 5 5
115 102 5 5
115 114 5 5
116 107 5 5
116 105 5 5
116 111 5 5
116 106 5 5
117 111 5 5
117 110 5 5
117 104 5 5
117 107 5 5
118 113 5 5
118 114 5 5
118 101 5 5
118 102 5 5
119 105 5 5
119 117 5 5
119 111 5 5
119 103 5 5
100 119 5 5
100 116 5 5
100 105 5 5
100 108 5 5
101 116 5 5
101 115 5 5
101 107 5 5
101 109 5 5
102 111 5 5
102 116 5 5
102 113 5 5
102 117 5 5
103 113 5 5
103 117 5 5
103 116 5 5
103 111 5 5
124 122 6 6
124 120 6 6
124 123 6 6
124 121 6 6
125 124 6 6
125 123 6 6
125 121 6 6
125 122 6 6
126 123 6 6
126 121 6 6
126 125 6 6
126 122 6 6
127 121 6 6
127 125 6 6
127 120 6 6
127 122 6 6
128 127 6 6
128 124 6 6
128 120 6 6
128 126 6 6
129 124 6 6
129 123 6 6
129 126 6 6
129 128 6 6
130 124 6 6
130 128 6 6
130 121 6 6
130 122 6 6
131 127 6 6
131 123 6 6
131 120 6 6
131 130 6 6
132 130 6 6
132 126 6 6
132 124 6 6
132 128 6 6
133 128 6 6
133 132 6 6
133 121 6 6
133 130 6 6
134 133 6 6
134 120 6 6
134 127 6 6
134 125 6 6
135 132 6 6
135 121 6 6
135 130 6 6
135 120 6 6
136 133 6 6
136 130 6 6
136 121 6 6
136 131 6 6
137 130 6 6
137 134 6 6
137 120 6 6
137 136 6 6
138 122 6 6
138 134 6 6
138 120 6 6
138 128 6 6
139 132 6 6
139 135 6 6
139 131 6 6
139 134 6 6
120 132 6 6
120 125 6 6
120 126 6 6
120 133 6 6
121 139 6 6
121 134 6 6
121 128 6 6
121 137 6 6
122 137 6 6
122 131 6 6
122 136 6 6
122 132 6 6
123 138 6 6
123 137 6 6
123 136 6 6
123 127 6 6
144 142 7 7
144 140 7 7
144 143 7 7
144 141 7 7
145 141 7 7
145 140 7 7
145 142 7 7
145 143 7 7
146 143 7 7
146 145 7 7
146 141 7 7
146 144 7 7
147 145 7 7
147 143 7 7
147 144 7 7
147 142 7 7
148 146 7 7
148 144 7 7
148 145 7 7
148 142 7 7
149 148 7 7
149 147 7 7
149 143 7 7
149 144 7 7
150 147 7 7
150 141 7 7
150 148 7 7
150 146 7 7
151 149 7 7
151 140 7 7
151 148 7 7
151 150 7 7
152 145 7 7
152 140 7 7
152 151 7 7
152 144 7 7
153 150 7 7
153 142 7 7
153 144 7 7
153 143 7 7
154 146 7 7
154 145 7 7
154 140 7 7
154 142 7 7
155 154 7 7
155 148 7 7
155 145 7 7
155 141 7 7
156 142 7 7
156 155 7 7
156 144 7 7
156 152 7 7
157 154 7 7
157 148 7 7
157 152 7 7
157 143 7 7
158 146 7 7
158 157 7 7
158 143 7 7
158 150 7 7
159 150 7 7
159 158 7 7
159 151 7 7
159 149 7 7
140 147 7 7
140 159 7 7
140 146 7 7
140 155 7 7
141 154 7 7
141 156 7 7
141 157 7 7
141 151 7 7
142 152 7 7
142 150 7 7
142 149 7 7
142 158 7 7
143 156 7 7
143 159 7 7
143 150 7 7
143 148 7 7
164 160 8 8
164 161 8 8
164 162 8 8
164 163 8 8
165 161 8 8
165 162 8 8
165 163 8 8
165 160 8 8
166 163 8 8
166 164 8 8
166 162 8 8
166 165 8 8
167 163 8 8
167 160 8 8
167 165 8 8
167 162 8 8
168 165 8 8
168 163 8 8
168 167 8 8
168 161 8 8
169 162 8 8
169 164 8 8
169 160 8 8
169 167 8 8
170 166 8 8
170 165 8 8
170 163 8 8
170 168 8 8
171 160 8 8
171 169 8 8
171 163 8 8
171 164 8 8
172 163 8 8
172 170 8 8
172 167 8 8
172 165 8 8
173 170 8 8
173 160 8 8
173 171 8 8
173 169 8 8
174 165 8 8
174 168 8 8
174 171 8 8
174 160 8 8
175 162 8 8
175 161 8 8
175 171 8 8
175 164 8 8
176 163 8 8
176 166 8 8
176 161 8 8
176 173 8 8
177 172 8 8
177 164 8 8
177 166 8 8
177 160 8 8
178 169 8 8
178 162 8 8
178 174 8 8
178 167 8 8
179 175 8 8
179 171 8 8
179 161 8 8
179 174 8 8
160 168 8 8
160 176 8 8
160 166 8 8
160 170 8 8
161 174 8 8
161 173 8 8
161 171 8 8
161 170 8 8
162 168 8 8
162 171 8 8
162 176 8 8
162 173 8 8
163 178 8 8
163 174 8 8
163 169 8 8
163 173 8 8
184 183 9 9
184 180 9 9
184 181 9 9
184 182 9 9
185 180 9 9
185 183 9 9
185 182 9 9
185 181 9 9
186 185 9 9
186 180 9 9
186 182 9 9
186 181 9 9
187 184 9 9
187 182 9 9
187 180 9 9
187 186 9 9
188 182 9 9
188 183 9 9
188 181 9 9
188 180 9 9
189 185 9 9
189 182 9 9
189 187 9 9
189 188 9 9
190 187 9 9
190 182 9 9
190 185 9 9
190 180 9 9
191 180 9 9
191 187 9 9
191 189 9 9
191 185 9 9
192 181 9 9
192 190 9 9
192 186 9 9
192 191 9 9
193 187 9 9
193 180 9 9
193 189 9 9
193 184 9 9
194 183 9 9
194 180 9 9
194 184 9 9
194 191 9 9
195 193 9 9
195 187 9 9
195 189 9 9
195 190 9 9
196 195 9 9
196 194 9 9
196 180 9 9
196 183 9 9
197 187 9 9
197 195 9 9
197 193 9 9
197 196 9 9
198 195 9 9
198 194 9 9
198 197 9 9
198 187 9 9
199 188 9 9
199 183 9 9
199 196 9 9
199 191 9 9
180 195 9 9
180 197 9 9
180 189 9 9
180 199 9 9
181 189 9 9
181 191 9 9
181 199 9 9
181 194 9 9
182 196 9 9
182 198 9 9
182 195 9 9
182 199 9 9
183 187 9 9
183 192 9 9
183 189 9 9
183 198 9 9
204 200 10 10
204 203 10 10
204 201 10 10
204 202 10 10
205 202 10 10
205 200 10 10
205 204 10 10
205 201 10 10
206 202 10 10
206 205 10 10
206 201 10 10
206 200 10 10
207 205 10 10
207 201 10 10
207 200 10 10
207 203 10 10
208 207 10 10
208 206 10 10
208 203 10 10
208 200 10 10
209 207 10 10
209 206 10 10
209 201 10 10
209 202 10 10
210 207 10 10
210 202 10 10
210 205 10 10
210 209 10 10
211 205 10 10
211 201 10 10
211 206 10 10
211 208 10 10
212 210 10 10
212 202 10 10
212 211 10 10
212 207 10 10
213 200 10 10
213 212 10 10
213 205 10 10
213 201 10 10
214 200 10 10
214 208 10 10
214 201 10 10
214 203 10 10
215 204 10 10
215 214 10 10
215 213 10 10
215 206 10 10
216 214 10 10
216 203 10 10
216 204 10 10
216 207 10 10
217 201 10 10
217 211 10 10
217 214 10 10
217 212 10 10
218 203 10 10
218 209 10 10
218 206 10 10
218 211 10 10
219 218 10 10
219 203 10 10
219 200 10 10
219 201 10 10
200 211 10 10
200 212 10 10
200 215 10 10
200 217 10 10
201 218 10 10
201 212 10 10
201 215 10 10
201 208 10 10
202 214 10 10
202 213 10 10
202 219 10 10
202 207 10 10
203 213 10 10
203 215 10 10
203 205 10 10
203 217 10 10
224 222 11 11
224 223 11 11
224 220 11 11
224 221 11 11
225 221 11 11
225 223 11 11
225 224 11 11
225 220 11 11
226 222 11 11
226 223 11 11
226 220 11 11
226 225 11 11
227 221 11 11
227 222 11 11
227 223 11 11
227 225 11 11
228 224 11 11
228 226 11 11
228 221 11 11
228 225 11 11
229 224 11 11
229 225 11 11
229 226 11 11
229 222 11 11
230 227 11 11
230 226 11 11
230 225 11 11
230 224 11 11
231 226 11 11
231 225 11 11
231 224 11 11
231 221 11 11
232 224 11 11
232 220 11 11
232 222 11 11
232 231 11 11
233 230 11 11
233 225 11 11
233 222 11 11
233 226 11 11
234 233 11 11
234 220 11 11
234 232 11 11
234 229 11 11
235 230 11 11
235 228 11 11
235 224 11 11
235 232 11 11
236 234 11 11
236 232 11 11
236 228 11 11
236 223 11 11
237 221 11 11
237 227 11 11
237 224 11 11
237 223 11 11
238 232 11 11
238 229 11 11
238 222 11 11
238 228 11 11
239 229 11 11
239 226 11 11
239 228 11 11
239 230 11 11
220 239 11 11
220 233 11 11
220 235 11 11
220 230 11 11
221 229 11 11
221 230 11 11
221 239 11 11
221 232 11 11
222 234 11 11
222 235 11 11
222 231 11 11
222 225 11 11
223 234 11 11
223 229 11 11
223 238 11 11
223 233 11 11
244 241 12 12
244 240 12 12
244 243 12 12
244 242 12 12
245 244 12 12
245 241 12 12
245 242 12 12
245 243 12 12
246 244 12 12
246 240 12 12
246 243 12 12
246 245 12 12
247 240 12 12
247 246 12 12
247 241 12 12
247 243 12 12
248 242 12 12
248 244 12 12
248 241 12 12
248 240 12 12
249 245 12 12
249 247 12 12
249 241 12 12
249 243 12 12
250 243 12 12
250 248 12 12
250 241 12 12
250 242 12 12
251 242 12 12
251 241 12 12
251 250 12 12
251 248 12 12
252 242 12 12
252 246 12 12
252 241 12 12
252 250 12 12
253 242 12 12
253 248 12 12
253 250 12 12
253 245 12 12
254 245 12 12
254 251 12 12
254 242 12 12
254 243 12 12
255 251 12 12
255 253 12 12
255 240 12 12
255 241 12 12
256 248 12 12
256 252 12 12
256 253 12 12
256 244 12 12
257 250 12 12
257 253 12 12
257 248 12 12
257 254 12 12
258 251 12 12
258 247 12 12
258 242 12 12
258 256 12 12
259 247 12 12
259 244 12 12
259 248 12 12
259 251 12 12
240 257 12 12
240 254 12 12
240 245 12 12
240 249 12 12
241 259 12 12
241 246 12 12
241 253 12 12
241 258 12 12
242 259 12 12
242 255 12 12
242 246 12 12
242 257 12 12
243 248 12 12
243 259 12 12
243 255 12 12
243 253 12 12
264 263 13 13
264 262 13 13
264 261 13 13
264 260 13 13
265 260 13 13
265 263 13 13
265 261 13 13
265 262 13 13
266 265 13 13
266 260 13 13
266 262 13 13
266 264 13 13
267 264 13 13
267 261 13 13
267 263 13 13
267 262 13 13
268 265 13 13
268 262 13 13
268 260 13 13
268 263 13 13
269 268 13 13
269 262 13 13
269 264 13 13
269 267 13 13
270 268 13 13
270 260 13 13
270 265 13 13
270 261 13 13
271 266 13 13
271 265 13 13
271 268 13 13
271 270 13 13
272 260 13 13
272 264 13 13
272 268 13 13
272 271 13 13
273 266 13 13
273 263 13 13
273 262 13 13
273 264 13 13
274 271 13 13
274 266 13 13
274 265 13 13
274 270 13 13
275 261 13 13
275 264 13 13
275 267 13 13
275 272 13 13
276 263 13 13
276 267 13 13
276 261 13 13
276 271 13 13
277 268 13 13
277 265 13 13
277 260 13 13
277 274 13 13
278 277 13 13
278 270 13 13
278 263 13 13
278 264 13 13
279 270 13 13
279 260 13 13
279 273 13 13
279 276 13 13
260 274 13 13
260 278 13 13
260 269 13 13
260 271 13 13
261 277 13 13
261 269 13 13
261 279 13 13
261 273 13 13
262 271 13 13
262 272 13 13
262 276 13 13
262 278 13 13
263 279 13 13
263 272 13 13
263 266 13 13
263 269 13 13
284 283 14 14
284 280 14 14
284 281 14 14
284 282 14 14
285 282 14 14
285 280 14 14
285 281 14 14
285 283 14 14
286 282 14 14
286 283 14 14
286 281 14 14
286 280 14 14
287 280 14 14
287 285 14 14
287 286 14 14
287 283 14 14
288 286 14 14
288 285 14 14
288 281 14 14
288 282 14 14
289 285 14 14
289 280 14 14
289 281 14 14
289 284 14 14
290 284 14 14
290 282 14 14
290 281 14 14
290 286 14 14
291 284 14 14
291 286 14 14
291 287 14 14
291 285 14 14
292 291 14 14
292 285 14 14
292 284 14 14
292 288 14 14
293 289 14 14
293 286 14 14
293 287 14 14
293 288 14 14
294 282 14 14
294 284 14 14
294 287 14 14
294 292 14 14
295 293 14 14
295 288 14 14
295 281 14 14
295 287 14 14
296 285 14 14
296 291 14 14
296 282 14 14
296 289 14 14
297 290 14 14
297 292 14 14
297 295 14 14
297 288 14 14
298 282 14 14
298 291 14 14
298 288 14 14
298 287 14 14
299 296 14 14
299 280 14 14
299 282 14 14
299 298 14 14
280 298 14 14
280 288 14 14
280 293 14 14
280 291 14 14
281 299 14 14
281 297 14 14
281 293 14 14
281 292 14 14
282 287 14 14
282 292 14 14
282 291 14 14
282 293 14 14
283 296 14 14
283 289 14 14
283 293 14 14
283 298 14 14
304 302 15 15
304 301 15 15
304 300 15 15
304 303 15 15
305 300 15 15
305 302 15 15
305 304 15 15
305 301 15 15
306 300 15 15
306 302 15 15
306 301 15 15
306 305 15 15
307 303 15 15
307 302 15 15
307 300 15 15
307 306 15 15
308 306 15 15
308 304 15 15
308 302 15 15
308 303 15 15
309 303 15 15
309 302 15 15
309 305 15 15
309 307 15 15
310 301 15 15
310 309 15 15
310 306 15 15
310 304 15 15
311 303 15 15
311 307 15 15
311 300 15 15
311 301 15 15
312 310 15 15
312 303 15 15
312 300 15 15
312 307 15 15
313 311 15 15
313 301 15 15
313 303 15 15
313 308 15 15
314 311 15 15
314 306 15 15
314 302 15 15
314 308 15 15
315 305 15 15
315 302 15 15
315 314 15 15
315 311 15 15
316 312 15 15
316 307 15 15
316 313 15 15
316 310 15 15
317 307 15 15
317 303 15 15
317 316 15 15
317 315 15 15
318 308 15 15
318 315 15 15
318 314 15 15
318 300 15 15
319 309 15 15
319 311 15 15
319 300 15 15
319 305 15 15
300 308 15 15
300 317 15 15
300 316 15 15
300 310 15 15
301 315 15 15
301 316 15 15
301 308 15 15
301 318 15 15
302 316 15 15
302 319 15 15
302 310 15 15
302 318 15 15
303 315 15 15
303 316 15 15
303 319 15 15
303 310 15 15
89 73 4 3
90 24 4 1
93 53 4 2
94 1 4 0
106 99 5 4
100 67 5 3
109 27 5 1
108 53 5 2
134 27 6 1
138 61 6 3
137 40 6 2
134 107 6 5
153 132 7 6
158 20 7 1
149 56 7 2
141 118 7 5
169 76 8 3
165 24 8 1
163 128 8 6
160 14 8 0
196 80 9 4
182 161 9 8
199 34 9 1
198 79 9 3
204 146 10 7
211 21 10 1
205 49 10 2
205 70 10 3
230 143 11 7
230 67 11 3
232 89 11 4
231 15 11 0
251 180 12 9
244 3 12 0
247 156 12 7
249 68 12 3
270 42 13 2
270 183 13 9
260 259 13 12
278 160 13 8
287 83 14 4
280 54 14 2
289 241 14 12
288 236 14 11
316 70 15 3
308 7 15 0
317 36 15 1
305 82 15 4
15 193 0 9
13 125 0 6
0 147 0 7
13 287 0 14
36 293 1 14
37 226 1 11
35 246 1 12
26 273 1 13
41 306 2 15
45 179 2 8
54 232 2 11
44 257 2 12
68 298 3 14
74 157 3 7
65 266 3 13
