swNum = 320
edgeNum = 1344

0 0
1 0
2 0
3 0
4 0
5 0
6 0
7 0
8 0
9 0
10 0
11 0
12 0
13 0
14 0
15 0
16 0
17 0
18 0
19 0
20 1
21 1
22 1
23 1
24 1
25 1
26 1
27 1
28 1
29 1
30 1
31 1
32 1
33 1
34 1
35 1
36 1
37 1
38 1
39 1
40 2
41 2
42 2
43 2
44 2
45 2
46 2
47 2
48 2
49 2
50 2
51 2
52 2
53 2
54 2
55 2
56 2
57 2
58 2
59 2
60 3
61 3
62 3
63 3
64 3
65 3
66 3
67 3
68 3
69 3
70 3
71 3
72 3
73 3
74 3
75 3
76 3
77 3
78 3
79 3
80 4
81 4
82 4
83 4
84 4
85 4
86 4
87 4
88 4
89 4
90 4
91 4
92 4
93 4
94 4
95 4
96 4
97 4
98 4
99 4
100 5
101 5
102 5
103 5
104 5
105 5
106 5
107 5
108 5
109 5
110 5
111 5
112 5
113 5
114 5
115 5
116 5
117 5
118 5
119 5
120 6
121 6
122 6
123 6
124 6
125 6
126 6
127 6
128 6
129 6
130 6
131 6
132 6
133 6
134 6
135 6
136 6
137 6
138 6
139 6
140 7
141 7
142 7
143 7
144 7
145 7
146 7
147 7
148 7
149 7
150 7
151 7
152 7
153 7
154 7
155 7
156 7
157 7
158 7
159 7
160 8
161 8
162 8
163 8
164 8
165 8
166 8
167 8
168 8
169 8
170 8
171 8
172 8
173 8
174 8
175 8
176 8
177 8
178 8
179 8
180 9
181 9
182 9
183 9
184 9
185 9
186 9
187 9
188 9
189 9
190 9
191 9
192 9
193 9
194 9
195 9
196 9
197 9
198 9
199 9
200 10
201 10
202 10
203 10
204 10
205 10
206 10
207 10
208 10
209 10
210 10
211 10
212 10
213 10
214 10
215 10
216 10
217 10
218 10
219 10
220 11
221 11
222 11
223 11
224 11
225 11
226 11
227 11
228 11
229 11
230 11
231 11
232 11
233 11
234 11
235 11
236 11
237 11
238 11
239 11
240 12
241 12
242 12
243 12
244 12
245 12
246 12
247 12
248 12
249 12
250 12
251 12
252 12
253 12
254 12
255 12
256 12
257 12
258 12
259 12
260 13
261 13
262 13
263 13
264 13
265 13
266 13
267 13
268 13
269 13
270 13
271 13
272 13
273 13
274 13
275 13
276 13
277 13
278 13
279 13
280 14
281 14
282 14
283 14
284 14
285 14
286 14
287 14
288 14
289 14
290 14
291 14
292 14
293 14
294 14
295 14
296 14
297 14
298 14
299 14
300 15
301 15
302 15
303 15
304 15
305 15
306 15
307 15
308 15
309 15
310 15
311 15
312 15
313 15
314 15
315 15
316 15
317 15
318 15
319 15

4 1 0 0
4 0 0 0
4 2 0 0
4 3 0 0
5 4 0 0
5 3 0 0
5 0 0 0
5 2 0 0
6 2 0 0
6 1 0 0
6 3 0 0
6 4 0 0
7 4 0 0
7 5 0 0
7 1 0 0
7 6 0 0
8 7 0 0
8 1 0 0
8 4 0 0
8 5 0 0
9 1 0 0
9 6 0 0
9 2 0 0
9 7 0 0
10 4 0 0
10 8 0 0
10 7 0 0
10 6 0 0
11 5 0 0
11 8 0 0
11 4 0 0
11 7 0 0
12 10 0 0
12 9 0 0
12 1 0 0
12 8 0 0
13 12 0 0
13 4 0 0
13 8 0 0
13 3 0 0
14 4 0 0
14 2 0 0
14 12 0 0
14 7 0 0
15 8 0 0
15 13 0 0
15 7 0 0
15 0 0 0
16 12 0 0
16 15 0 0
16 9 0 0
16 7 0 0
17 16 0 0
17 3 0 0
17 2 0 0
17 4 0 0
18 4 0 0
18 1 0 0
18 10 0 0
18 12 0 0
19 17 0 0
19 6 0 0
19 12 0 0
19 3 0 0
0 8 0 0
0 14 0 0
0 17 0 0
0 19 0 0
1 19 0 0
1 13 0 0
1 5 0 0
1 17 0 0
2 16 0 0
2 15 0 0
2 19 0 0
2 7 0 0
3 12 0 0
3 18 0 0
3 14 0 0
3 9 0 0
24 23 1 1
24 20 1 1
24 22 1 1
24 21 1 1
25 24 1 1
25 22 1 1
25 23 1 1
25 21 1 1
26 24 1 1
26 21 1 1
26 20 1 1
26 22 1 1
27 25 1 1
27 24 1 1
27 20 1 1
27 26 1 1
28 24 1 1
28 20 1 1
28 23 1 1
28 27 1 1
29 22 1 1
29 23 1 1
29 21 1 1
29 27 1 1
30 21 1 1
30 22 1 1
30 23 1 1
30 29 1 1
31 21 1 1
31 29 1 1
31 28 1 1
31 27 1 1
32 31 1 1
32 22 1 1
32 30 1 1
32 28 1 1
33 31 1 1
33 27 1 1
33 30 1 1
33 22 1 1
34 22 1 1
34 23 1 1
34 32 1 1
34 31 1 1
35 27 1 1
35 30 1 1
35 34 1 1
35 22 1 1
36 34 1 1
36 24 1 1
36 20 1 1
36 28 1 1
37 34 1 1
37 31 1 1
37 22 1 1
37 26 1 1
38 35 1 1
38 33 1 1
38 23 1 1
38 34 1 1
39 21 1 1
39 38 1 1
39 35 1 1
39 34 1 1
20 35 1 1
20 39 1 1
20 32 1 1
20 34 1 1
21 33 1 1
21 34 1 1
21 35 1 1
21 37 1 1
22 31 1 1
22 38 1 1
22 39 1 1
22 27 1 1
23 33 1 1
23 37 1 1
23 32 1 1
23 35 1 1
44 41 2 2
44 43 2 2
44 42 2 2
44 40 2 2
45 43 2 2
45 41 2 2
45 40 2 2
45 42 2 2
46 45 2 2
46 40 2 2
46 42 2 2
46 43 2 2
47 42 2 2
47 41 2 2
47 44 2 2
47 40 2 2
48 45 2 2
48 41 2 2
48 42 2 2
48 40 2 2
49 43 2 2
49 48 2 2
49 45 2 2
49 46 2 2
50 47 2 2
50 44 2 2
50 41 2 2
50 43 2 2
51 48 2 2
51 40 2 2
51 43 2 2
51 45 2 2
52 51 2 2
52 49 2 2
52 45 2 2
52 40 2 2
53 42 2 2
53 50 2 2
53 51 2 2
53 44 2 2
54 52 2 2
54 48 2 2
54 41 2 2
54 47 2 2
55 51 2 2
55 41 2 2
55 40 2 2
55 48 2 2
56 51 2 2
56 49 2 2
56 55 2 2
56 52 2 2
57 56 2 2
57 51 2 2
57 46 2 2
57 41 2 2
58 49 2 2
58 41 2 2
58 44 2 2
58 50 2 2
59 55 2 2
59 53 2 2
59 46 2 2
59 43 2 2
40 56 2 2
40 53 2 2
40 57 2 2
40 49 2 2
41 49 2 2
41 53 2 2
41 52 2 2
41 56 2 2
42 57 2 2
42 50 2 2
42 59 2 2
42 56 2 2
43 54 2 2
43 56 2 2
43 48 2 2
43 57 2 2
64 62 3 3
64 61 3 3
64 63 3 3
64 60 3 3
65 61 3 3
65 60 3 3
65 64 3 3
65 63 3 3
66 64 3 3
66 60 3 3
66 65 3 3
66 61 3 3
67 63 3 3
67 61 3 3
67 66 3 3
67 65 3 3
68 62 3 3
68 66 3 3
68 61 3 3
68 60 3 3
69 62 3 3
69 64 3 3
69 61 3 3
69 67 3 3
70 66 3 3
70 60 3 3
70 69 3 3
70 68 3 3
71 60 3 3
71 61 3 3
71 66 3 3
71 68 3 3
72 60 3 3
72 69 3 3
72 63 3 3
72 71 3 3
73 63 3 3
73 61 3 3
73 72 3 3
73 65 3 3
74 63 3 3
74 64 3 3
74 69 3 3
74 73 3 3
75 74 3 3
75 70 3 3
75 68 3 3
75 65 3 3
76 65 3 3
76 61 3 3
76 69 3 3
76 64 3 3
77 76 3 3
77 74 3 3
77 72 3 3
77 63 3 3
78 60 3 3
78 71 3 3
78 64 3 3
78 75 3 3
79 71 3 3
79 61 3 3
79 62 3 3
79 60 3 3
60 76 3 3
60 75 3 3
60 69 3 3
60 67 3 3
61 74 3 3
61 75 3 3
61 70 3 3
61 78 3 3
62 67 3 3
62 71 3 3
62 77 3 3
62 65 3 3
63 69 3 3
63 78 3 3
63 75 3 3
63 70 3 3
84 81 4 4
84 83 4 4
84 82 4 4
84 80 4 4
85 81 4 4
85 80 4 4
85 83 4 4
85 84 4 4
86 80 4 4
86 82 4 4
86 85 4 4
86 83 4 4
87 82 4 4
87 85 4 4
87 83 4 4
87 80 4 4
88 85 4 4
88 80 4 4
88 87 4 4
88 83 4 4
89 83 4 4
89 80 4 4
89 81 4 4
89 84 4 4
90 88 4 4
90 83 4 4
90 82 4 4
90 85 4 4
91 87 4 4
91 89 4 4
91 84 4 4
91 90 4 4
92 81 4 4
92 89 4 4
92 85 4 4
92 88 4 4
93 81 4 4
93 82 4 4
93 91 4 4
93 90 4 4
94 81 4 4
94 93 4 4
94 90 4 4
94 83 4 4
95 88 4 4
95 80 4 4
95 90 4 4
95 85 4 4
96 90 4 4
96 95 4 4
96 92 4 4
96 85 4 4
97 92 4 4
97 83 4 4
97 93 4 4
97 94 4 4
98 84 4 4
98 85 4 4
98 81 4 4
98 83 4 4
99 85 4 4
99 86 4 4
99 82 4 4
99 88 4 4
80 91 4 4
80 93 4 4
80 92 4 4
80 99 4 4
81 90 4 4
81 95 4 4
81 99 4 4
81 97 4 4
82 88 4 4
82 92 4 4
82 95 4 4
82 85 4 4
83 93 4 4
83 99 4 4
83 91 4 4
83 92 4 4
104 100 5 5
104 102 5 5
104 103 5 5
104 101 5 5
105 101 5 5
105 100 5 5
105 103 5 5
105 104 5 5
106 102 5 5
106 100 5 5
106 103 5 5
106 101 5 5
107 102 5 5
107 104 5 5
107 103 5 5
107 100 5 5
108 104 5 5
108 107 5 5
108 102 5 5
108 100 5 5
109 105 5 5
109 102 5 5
109 100 5 5
109 101 5 5
110 102 5 5
110 107 5 5
110 106 5 5
110 103 5 5
111 110 5 5
111 104 5 5
111 100 5 5
111 107 5 5
112 106 5 5
112 100 5 5
112 110 5 5
112 111 5 5
113 106 5 5
113 107 5 5
113 102 5 5
113 112 5 5
114 100 5 5
114 110 5 5
114 103 5 5
114 104 5 5
115 107 5 5
115 105 5 5
115 109 5 5
115 102 5 5
116 108 5 5
116 110 5 5
116 102 5 5
116 112 5 5
117 101 5 5
117 115 5 5
117 113 5 5
117 109 5 5
118 108 5 5
118 113 5 5
118 106 5 5
118 114 5 5
119 116 5 5
119 106 5 5
119 107 5 5
119 115 5 5
100 116 5 5
100 119 5 5
100 113 5 5
100 118 5 5
101 119 5 5
101 113 5 5
101 107 5 5
101 116 5 5
102 118 5 5
102 112 5 5
102 111 5 5
102 117 5 5
103 118 5 5
103 119 5 5
103 111 5 5
103 108 5 5
124 121 6 6
124 122 6 6
124 123 6 6
124 120 6 6
125 124 6 6
125 123 6 6
125 122 6 6
125 121 6 6
126 125 6 6
126 124 6 6
126 120 6 6
126 121 6 6
127 124 6 6
127 122 6 6
127 125 6 6
127 126 6 6
128 120 6 6
128 121 6 6
128 127 6 6
128 123 6 6
129 126 6 6
129 128 6 6
129 124 6 6
129 125 6 6
130 126 6 6
130 124 6 6
130 125 6 6
130 121 6 6
131 130 6 6
131 123 6 6
131 122 6 6
131 120 6 6
132 122 6 6
132 120 6 6
132 123 6 6
132 128 6 6
133 123 6 6
133 132 6 6
133 122 6 6
133 121 6 6
134 122 6 6
134 127 6 6
134 120 6 6
134 123 6 6
135 125 6 6
135 127 6 6
135 128 6 6
135 122 6 6
136 130 6 6
136 131 6 6
136 125 6 6
136 129 6 6
137 126 6 6
137 136 6 6
137 127 6 6
137 129 6 6
138 126 6 6
138 133 6 6
138 137 6 6
138 123 6 6
139 138 6 6
139 131 6 6
139 137 6 6
139 125 6 6
120 127 6 6
120 125 6 6
120 135 6 6
120 129 6 6
121 134 6 6
121 127 6 6
121 135 6 6
121 137 6 6
122 138 6 6
122 130 6 6
122 128 6 6
122 126 6 6
123 127 6 6
123 126 6 6
123 130 6 6
123 135 6 6
144 141 7 7
144 143 7 7
144 142 7 7
144 140 7 7
145 140 7 7
145 143 7 7
145 144 7 7
145 142 7 7
146 140 7 7
146 143 7 7
146 142 7 7
146 145 7 7
147 144 7 7
147 143 7 7
147 142 7 7
147 146 7 7
148 143 7 7
148 147 7 7
148 144 7 7
148 141 7 7
149 144 7 7
149 148 7 7
149 140 7 7
149 142 7 7
150 149 7 7
150 141 7 7
150 145 7 7
150 147 7 7
151 149 7 7
151 150 7 7
151 145 7 7
151 148 7 7
152 140 7 7
152 142 7 7
152 141 7 7
152 150 7 7
153 142 7 7
153 146 7 7
153 147 7 7
153 148 7 7
154 140 7 7
154 149 7 7
154 153 7 7
154 145 7 7
155 152 7 7
155 151 7 7
155 140 7 7
155 154 7 7
156 151 7 7
156 150 7 7
156 143 7 7
156 140 7 7
157 156 7 7
157 145 7 7
157 149 7 7
157 146 7 7
158 141 7 7
158 150 7 7
158 149 7 7
158 145 7 7
159 158 7 7
159 142 7 7
159 147 7 7
159 140 7 7
140 158 7 7
140 153 7 7
140 151 7 7
140 148 7 7
141 151 7 7
141 155 7 7
141 149 7 7
141 145 7 7
142 148 7 7
142 151 7 7
142 158 7 7
142 155 7 7
143 154 7 7
143 152 7 7
143 155 7 7
143 158 7 7
164 163 8 8
164 161 8 8
164 162 8 8
164 160 8 8
165 164 8 8
165 160 8 8
165 161 8 8
165 162 8 8
166 161 8 8
166 160 8 8
166 163 8 8
166 165 8 8
167 161 8 8
167 165 8 8
167 164 8 8
167 166 8 8
168 162 8 8
168 163 8 8
168 165 8 8
168 164 8 8
169 168 8 8
169 162 8 8
169 167 8 8
169 165 8 8
170 162 8 8
170 164 8 8
170 165 8 8
170 166 8 8
171 169 8 8
171 168 8 8
171 165 8 8
171 170 8 8
172 165 8 8
172 166 8 8
172 171 8 8
172 164 8 8
173 160 8 8
173 172 8 8
173 171 8 8
173 162 8 8
174 169 8 8
174 165 8 8
174 170 8 8
174 171 8 8
175 162 8 8
175 161 8 8
175 169 8 8
175 174 8 8
176 169 8 8
176 174 8 8
176 171 8 8
176 168 8 8
177 162 8 8
177 166 8 8
177 176 8 8
177 175 8 8
178 165 8 8
178 167 8 8
178 164 8 8
178 170 8 8
179 166 8 8
179 176 8 8
179 177 8 8
179 160 8 8
160 169 8 8
160 172 8 8
160 167 8 8
160 177 8 8
161 168 8 8
161 170 8 8
161 172 8 8
161 171 8 8
162 172 8 8
162 171 8 8
162 166 8 8
162 174 8 8
163 177 8 8
163 176 8 8
163 174 8 8
163 175 8 8
184 181 9 9
184 183 9 9
184 182 9 9
184 180 9 9
185 180 9 9
185 183 9 9
185 182 9 9
185 181 9 9
186 181 9 9
186 183 9 9
186 182 9 9
186 180 9 9
187 182 9 9
187 184 9 9
187 186 9 9
187 181 9 9
188 181 9 9
188 183 9 9
188 186 9 9
188 182 9 9
189 187 9 9
189 182 9 9
189 184 9 9
189 181 9 9
190 188 9 9
190 182 9 9
190 183 9 9
190 186 9 9
191 185 9 9
191 184 9 9
191 186 9 9
191 190 9 9
192 189 9 9
192 186 9 9
192 187 9 9
192 190 9 9
193 184 9 9
193 186 9 9
193 190 9 9
193 187 9 9
194 187 9 9
194 191 9 9
194 181 9 9
194 193 9 9
195 182 9 9
195 183 9 9
195 194 9 9
195 181 9 9
196 195 9 9
196 194 9 9
196 182 9 9
196 184 9 9
197 180 9 9
197 186 9 9
197 195 9 9
197 191 9 9
198 180 9 9
198 194 9 9
198 186 9 9
198 192 9 9
199 194 9 9
199 181 9 9
199 189 9 9
199 191 9 9
180 195 9 9
180 191 9 9
180 190 9 9
180 188 9 9
181 190 9 9
181 193 9 9
181 196 9 9
181 191 9 9
182 199 9 9
182 192 9 9
182 194 9 9
182 198 9 9
183 198 9 9
183 192 9 9
183 194 9 9
183 197 9 9
204 201 10 10
204 202 10 10
204 203 10 10
204 200 10 10
205 203 10 10
205 200 10 10
205 204 10 10
205 201 10 10
206 203 10 10
206 205 10 10
206 202 10 10
206 200 10 10
207 200 10 10
207 201 10 10
207 204 10 10
207 202 10 10
208 200 10 10
208 204 10 10
208 201 10 10
208 207 10 10
209 200 10 10
209 207 10 10
209 208 10 10
209 201 10 10
210 200 10 10
210 201 10 10
210 207 10 10
210 205 10 10
211 201 10 10
211 202 10 10
211 207 10 10
211 200 10 10
212 209 10 10
212 206 10 10
212 202 10 10
212 211 10 10
213 210 10 10
213 211 10 10
213 201 10 10
213 202 10 10
214 209 10 10
214 202 10 10
214 207 10 10
214 201 10 10
215 209 10 10
215 213 10 10
215 205 10 10
215 207 10 10
216 206 10 10
216 209 10 10
216 215 10 10
216 213 10 10
217 200 10 10
217 206 10 10
217 202 10 10
217 214 10 10
218 213 10 10
218 209 10 10
218 210 10 10
218 202 10 10
219 217 10 10
219 209 10 10
219 202 10 10
219 215 10 10
200 219 10 10
200 214 10 10
200 215 10 10
200 213 10 10
201 218 10 10
201 217 10 10
201 212 10 10
201 215 10 10
202 209 10 10
202 215 10 10
202 216 10 10
202 205 10 10
203 217 10 10
203 219 10 10
203 207 10 10
203 209 10 10
224 223 11 11
224 220 11 11
224 222 11 11
224 221 11 11
225 220 11 11
225 222 11 11
225 224 11 11
225 223 11 11
226 220 11 11
226 224 11 11
226 221 11 11
226 222 11 11
227 226 11 11
227 224 11 11
227 223 11 11
227 222 11 11
228 227 11 11
228 222 11 11
228 225 11 11
228 226 11 11
229 228 11 11
229 222 11 11
229 224 11 11
229 223 11 11
230 223 11 11
230 228 11 11
230 227 11 11
230 229 11 11
231 221 11 11
231 225 11 11
231 223 11 11
231 228 11 11
232 220 11 11
232 226 11 11
232 230 11 11
232 231 11 11
233 221 11 11
233 220 11 11
233 232 11 11
233 229 11 11
234 225 11 11
234 226 11 11
234 228 11 11
234 220 11 11
235 222 11 11
235 232 11 11
235 227 11 11
235 221 11 11
236 226 11 11
236 225 11 11
236 228 11 11
236 229 11 11
237 221 11 11
237 228 11 11
237 232 11 11
237 226 11 11
238 223 11 11
238 220 11 11
238 230 11 11
238 226 11 11
239 221 11 11
239 229 11 11
239 228 11 11
239 227 11 11
220 228 11 11
220 237 11 11
220 229 11 11
220 236 11 11
221 225 11 11
221 229 11 11
221 232 11 11
221 234 11 11
222 234 11 11
222 236 11 11
222 232 11 11
222 233 11 11
223 236 11 11
223 226 11 11
223 228 11 11
223 237 11 11
244 242 12 12
244 243 12 12
244 240 12 12
244 241 12 12
245 242 12 12
245 243 12 12
245 241 12 12
245 244 12 12
246 244 12 12
246 242 12 12
246 243 12 12
246 245 12 12
247 244 12 12
247 246 12 12
247 245 12 12
247 240 12 12
248 244 12 12
248 243 12 12
248 247 12 12
248 241 12 12
249 240 12 12
249 246 12 12
249 242 12 12
249 243 12 12
250 247 12 12
250 248 12 12
250 249 12 12
250 242 12 12
251 241 12 12
251 245 12 12
251 248 12 12
251 244 12 12
252 240 12 12
252 243 12 12
252 251 12 12
252 241 12 12
253 251 12 12
253 241 12 12
253 245 12 12
253 243 12 12
254 251 12 12
254 248 12 12
254 247 12 12
254 244 12 12
255 247 12 12
255 246 12 12
255 245 12 12
255 251 12 12
256 250 12 12
256 255 12 12
256 254 12 12
256 243 12 12
257 249 12 12
257 240 12 12
257 243 12 12
257 242 12 12
258 240 12 12
258 249 12 12
258 255 12 12
258 242 12 12
259 240 12 12
259 254 12 12
259 242 12 12
259 245 12 12
240 246 12 12
240 256 12 12
240 255 12 12
240 254 12 12
241 246 12 12
241 258 12 12
241 247 12 12
241 249 12 12
242 247 12 12
242 256 12 12
242 255 12 12
242 248 12 12
243 250 12 12
243 258 12 12
243 255 12 12
243 254 12 12
264 261 13 13
264 263 13 13
264 260 13 13
264 262 13 13
265 260 13 13
265 262 13 13
265 263 13 13
265 261 13 13
266 263 13 13
266 264 13 13
266 261 13 13
266 262 13 13
267 262 13 13
267 264 13 13
267 266 13 13
267 260 13 13
268 261 13 13
268 265 13 13
268 262 13 13
268 260 13 13
269 266 13 13
269 263 13 13
269 264 13 13
269 261 13 13
270 263 13 13
270 261 13 13
270 269 13 13
270 260 13 13
271 268 13 13
271 261 13 13
271 270 13 13
271 269 13 13
272 269 13 13
272 265 13 13
272 264 13 13
272 270 13 13
273 261 13 13
273 260 13 13
273 267 13 13
273 263 13 13
274 261 13 13
274 273 13 13
274 263 13 13
274 268 13 13
275 273 13 13
275 272 13 13
275 263 13 13
275 266 13 13
276 269 13 13
276 270 13 13
276 275 13 13
276 271 13 13
277 274 13 13
277 276 13 13
277 260 13 13
277 264 13 13
278 272 13 13
278 260 13 13
278 261 13 13
278 270 13 13
279 276 13 13
279 278 13 13
279 270 13 13
279 269 13 13
260 272 13 13
260 274 13 13
260 266 13 13
260 271 13 13
261 279 13 13
261 275 13 13
261 267 13 13
261 272 13 13
262 279 13 13
262 272 13 13
262 274 13 13
262 276 13 13
263 272 13 13
263 279 13 13
263 268 13 13
263 278 13 13
284 281 14 14
284 283 14 14
284 282 14 14
284 280 14 14
285 281 14 14
285 283 14 14
285 280 14 14
285 284 14 14
286 282 14 14
286 283 14 14
286 284 14 14
286 285 14 14
287 280 14 14
287 281 14 14
287 285 14 14
287 284 14 14
288 283 14 14
288 285 14 14
288 282 14 14
288 287 14 14
289 281 14 14
289 287 14 14
289 280 14 14
289 288 14 14
290 280 14 14
290 287 14 14
290 289 14 14
290 281 14 14
291 284 14 14
291 290 14 14
291 282 14 14
291 283 14 14
292 287 14 14
292 281 14 14
292 283 14 14
292 286 14 14
293 280 14 14
293 292 14 14
293 283 14 14
293 290 14 14
294 292 14 14
294 285 14 14
294 280 14 14
294 281 14 14
295 288 14 14
295 293 14 14
295 282 14 14
295 291 14 14
296 285 14 14
296 289 14 14
296 287 14 14
296 280 14 14
297 296 14 14
297 294 14 14
297 284 14 14
297 280 14 14
298 293 14 14
298 280 14 14
298 283 14 14
298 285 14 14
299 282 14 14
299 295 14 14
299 293 14 14
299 286 14 14
280 299 14 14
280 292 14 14
280 288 14 14
280 295 14 14
281 298 14 14
281 291 14 14
281 297 14 14
281 295 14 14
282 285 14 14
282 289 14 14
282 293 14 14
282 292 14 14
283 295 14 14
283 294 14 14
283 296 14 14
283 290 14 14
304 302 15 15
304 301 15 15
304 303 15 15
304 300 15 15
305 300 15 15
305 304 15 15
305 301 15 15
305 302 15 15
306 300 15 15
306 305 15 15
306 304 15 15
306 302 15 15
307 304 15 15
307 300 15 15
307 305 15 15
307 302 15 15
308 305 15 15
308 307 15 15
308 304 15 15
308 303 15 15
309 305 15 15
309 306 15 15
309 303 15 15
309 300 15 15
310 300 15 15
310 306 15 15
310 303 15 15
310 309 15 15
311 300 15 15
311 305 15 15
311 303 15 15
311 306 15 15
312 309 15 15
312 300 15 15
312 307 15 15
312 304 15 15
313 308 15 15
313 302 15 15
313 307 15 15
313 300 15 15
314 302 15 15
314 301 15 15
314 304 15 15
314 308 15 15
315 310 15 15
315 306 15 15
315 300 15 15
315 311 15 15
316 307 15 15
316 315 15 15
316 301 15 15
316 313 15 15
317 311 15 15
317 306 15 15
317 303 15 15
317 316 15 15
318 300 15 15
318 306 15 15
318 311 15 15
318 316 15 15
319 304 15 15
319 312 15 15
319 311 15 15
319 315 15 15
300 319 15 15
300 316 15 15
300 317 15 15
300 314 15 15
301 313 15 15
301 319 15 15
301 311 15 15
301 309 15 15
302 319 15 15
302 312 15 15
302 318 15 15
302 308 15 15
303 319 15 15
303 315 15 15
303 313 15 15
303 312 15 15
86 71 4 3
89 3 4 0
96 37 4 1
82 51 4 2
113 38 5 1
106 12 5 0
114 63 5 3
105 82 5 4
137 95 6 4
120 14 6 0
134 71 6 3
126 49 6 2
150 102 7 5
154 32 7 1
147 80 7 4
151 61 7 3
178 27 8 1
165 129 8 6
179 80 8 4
177 77 8 3
187 47 9 2
189 154 9 7
189 132 9 6
188 63 9 3
201 110 10 5
203 130 10 6
209 44 10 2
211 162 10 8
220 156 11 7
226 203 11 10
230 7 11 0
226 103 11 5
249 40 12 2
259 196 12 9
251 232 12 11
244 136 12 6
272 220 13 11
270 204 13 10
276 114 13 5
267 247 13 12
295 154 14 7
290 166 14 8
295 209 14 10
299 62 14 3
310 252 15 12
309 294 15 14
318 161 15 8
301 59 15 2
2 310 0 15
3 140 0 7
16 260 0 13
19 242 0 12
20 134 1 6
33 232 1 11
32 266 1 13
34 241 1 12
54 158 2 7
40 174 2 8
40 224 2 11
42 260 2 13
60 302 3 15
65 267 3 13
68 238 3 11
69 242 3 12
