swNum = 320
edgeNum = 1343

0 0
1 0
2 0
3 0
4 0
5 0
6 0
7 0
8 0
9 0
10 0
11 0
12 0
13 0
14 0
15 0
16 0
17 0
18 0
19 0
20 1
21 1
22 1
23 1
24 1
25 1
26 1
27 1
28 1
29 1
30 1
31 1
32 1
33 1
34 1
35 1
36 1
37 1
38 1
39 1
40 2
41 2
42 2
43 2
44 2
45 2
46 2
47 2
48 2
49 2
50 2
51 2
52 2
53 2
54 2
55 2
56 2
57 2
58 2
59 2
60 3
61 3
62 3
63 3
64 3
65 3
66 3
67 3
68 3
69 3
70 3
71 3
72 3
73 3
74 3
75 3
76 3
77 3
78 3
79 3
80 4
81 4
82 4
83 4
84 4
85 4
86 4
87 4
88 4
89 4
90 4
91 4
92 4
93 4
94 4
95 4
96 4
97 4
98 4
99 4
100 5
101 5
102 5
103 5
104 5
105 5
106 5
107 5
108 5
109 5
110 5
111 5
112 5
113 5
114 5
115 5
116 5
117 5
118 5
119 5
120 6
121 6
122 6
123 6
124 6
125 6
126 6
127 6
128 6
129 6
130 6
131 6
132 6
133 6
134 6
135 6
136 6
137 6
138 6
139 6
140 7
141 7
142 7
143 7
144 7
145 7
146 7
147 7
148 7
149 7
150 7
151 7
152 7
153 7
154 7
155 7
156 7
157 7
158 7
159 7
160 8
161 8
162 8
163 8
164 8
165 8
166 8
167 8
168 8
169 8
170 8
171 8
172 8
173 8
174 8
175 8
176 8
177 8
178 8
179 8
180 9
181 9
182 9
183 9
184 9
185 9
186 9
187 9
188 9
189 9
190 9
191 9
192 9
193 9
194 9
195 9
196 9
197 9
198 9
199 9
200 10
201 10
202 10
203 10
204 10
205 10
206 10
207 10
208 10
209 10
210 10
211 10
212 10
213 10
214 10
215 10
216 10
217 10
218 10
219 10
220 11
221 11
222 11
223 11
224 11
225 11
226 11
227 11
228 11
229 11
230 11
231 11
232 11
233 11
234 11
235 11
236 11
237 11
238 11
239 11
240 12
241 12
242 12
243 12
244 12
245 12
246 12
247 12
248 12
249 12
250 12
251 12
252 12
253 12
254 12
255 12
256 12
257 12
258 12
259 12
260 13
261 13
262 13
263 13
264 13
265 13
266 13
267 13
268 13
269 13
270 13
271 13
272 13
273 13
274 13
275 13
276 13
277 13
278 13
279 13
280 14
281 14
282 14
283 14
284 14
285 14
286 14
287 14
288 14
289 14
290 14
291 14
292 14
293 14
294 14
295 14
296 14
297 14
298 14
299 14
300 15
301 15
302 15
303 15
304 15
305 15
306 15
307 15
308 15
309 15
310 15
311 15
312 15
313 15
314 15
315 15
316 15
317 15
318 15
319 15

4 0 0 0
4 2 0 0
4 3 0 0
4 1 0 0
5 1 0 0
5 2 0 0
5 3 0 0
5 0 0 0
6 4 0 0
6 0 0 0
6 3 0 0
6 5 0 0
7 3 0 0
7 5 0 0
7 2 0 0
7 6 0 0
8 2 0 0
8 6 0 0
8 0 0 0
8 1 0 0
9 0 0 0
9 6 0 0
9 8 0 0
9 4 0 0
10 5 0 0
10 6 0 0
10 9 0 0
10 4 0 0
11 2 0 0
11 4 0 0
11 1 0 0
11 8 0 0
12 4 0 0
12 10 0 0
12 3 0 0
12 5 0 0
13 3 0 0
13 10 0 0
13 4 0 0
13 7 0 0
14 0 0 0
14 12 0 0
14 9 0 0
14 13 0 0
15 3 0 0
15 5 0 0
15 7 0 0
15 14 0 0
16 15 0 0
16 3 0 0
16 0 0 0
16 2 0 0
17 13 0 0
17 15 0 0
17 16 0 0
17 3 0 0
18 5 0 0
18 15 0 0
18 4 0 0
18 16 0 0
19 18 0 0
19 15 0 0
19 16 0 0
19 17 0 0
0 19 0 0
0 17 0 0
0 10 0 0
0 7 0 0
1 6 0 0
1 10 0 0
1 9 0 0
1 13 0 0
2 18 0 0
2 19 0 0
2 9 0 0
2 17 0 0
3 8 0 0
3 19 0 0
3 14 0 0
3 10 0 0
24 23 1 1
24 21 1 1
24 20 1 1
24 22 1 1
25 20 1 1
25 22 1 1
25 24 1 1
25 23 1 1
26 23 1 1
26 21 1 1
26 24 1 1
26 25 1 1
27 21 1 1
27 20 1 1
27 22 1 1
27 23 1 1
28 22 1 1
28 20 1 1
28 21 1 1
28 25 1 1
29 24 1 1
29 25 1 1
29 28 1 1
29 23 1 1
30 27 1 1
30 28 1 1
30 26 1 1
30 21 1 1
31 22 1 1
31 23 1 1
31 20 1 1
31 25 1 1
32 25 1 1
32 21 1 1
32 20 1 1
32 28 1 1
33 27 1 1
33 21 1 1
33 30 1 1
33 23 1 1
34 33 1 1
34 30 1 1
34 24 1 1
34 23 1 1
35 30 1 1
35 28 1 1
35 29 1 1
35 32 1 1
36 32 1 1
36 20 1 1
36 34 1 1
36 33 1 1
37 31 1 1
37 33 1 1
37 25 1 1
37 36 1 1
38 33 1 1
38 27 1 1
38 23 1 1
38 29 1 1
39 27 1 1
39 38 1 1
39 35 1 1
39 30 1 1
20 35 1 1
20 33 1 1
20 34 1 1
20 29 1 1
21 39 1 1
21 29 1 1
21 38 1 1
21 31 1 1
22 36 1 1
22 30 1 1
22 32 1 1
22 38 1 1
23 32 1 1
23 28 1 1
23 35 1 1
23 37 1 1
44 41 2 2
44 42 2 2
44 43 2 2
44 40 2 2
45 42 2 2
45 40 2 2
45 41 2 2
45 44 2 2
46 43 2 2
46 42 2 2
46 45 2 2
46 41 2 2
47 41 2 2
47 42 2 2
47 44 2 2
47 45 2 2
48 42 2 2
48 43 2 2
48 41 2 2
48 46 2 2
49 48 2 2
49 44 2 2
49 40 2 2
49 43 2 2
50 49 2 2
50 45 2 2
50 46 2 2
50 48 2 2
51 40 2 2
51 41 2 2
51 48 2 2
51 44 2 2
52 41 2 2
52 49 2 2
52 42 2 2
52 51 2 2
53 50 2 2
53 49 2 2
53 43 2 2
53 40 2 2
54 41 2 2
54 44 2 2
54 48 2 2
54 50 2 2
55 50 2 2
55 54 2 2
55 42 2 2
55 44 2 2
56 42 2 2
56 51 2 2
56 49 2 2
56 50 2 2
57 42 2 2
57 45 2 2
57 55 2 2
57 41 2 2
58 51 2 2
58 56 2 2
58 43 2 2
58 47 2 2
59 41 2 2
59 56 2 2
59 52 2 2
59 45 2 2
40 52 2 2
40 47 2 2
40 58 2 2
40 59 2 2
41 50 2 2
41 58 2 2
41 55 2 2
41 49 2 2
42 59 2 2
42 53 2 2
42 54 2 2
42 50 2 2
43 52 2 2
43 50 2 2
43 55 2 2
43 57 2 2
64 61 3 3
64 60 3 3
64 63 3 3
64 62 3 3
65 61 3 3
65 62 3 3
65 64 3 3
65 63 3 3
66 62 3 3
66 65 3 3
66 60 3 3
66 61 3 3
67 61 3 3
67 65 3 3
67 66 3 3
67 62 3 3
68 67 3 3
68 66 3 3
68 62 3 3
68 61 3 3
69 63 3 3
69 68 3 3
69 65 3 3
69 64 3 3
70 66 3 3
70 62 3 3
70 69 3 3
70 64 3 3
71 62 3 3
71 68 3 3
71 66 3 3
71 70 3 3
72 68 3 3
72 61 3 3
72 67 3 3
72 62 3 3
73 71 3 3
73 70 3 3
73 62 3 3
73 64 3 3
74 62 3 3
74 65 3 3
74 70 3 3
74 60 3 3
75 68 3 3
75 61 3 3
75 70 3 3
75 73 3 3
76 68 3 3
76 64 3 3
76 62 3 3
76 63 3 3
77 67 3 3
77 70 3 3
77 62 3 3
77 65 3 3
78 70 3 3
78 61 3 3
78 69 3 3
78 75 3 3
79 62 3 3
79 75 3 3
79 64 3 3
79 68 3 3
60 65 3 3
60 72 3 3
60 71 3 3
60 79 3 3
61 69 3 3
61 76 3 3
61 74 3 3
61 70 3 3
62 75 3 3
62 69 3 3
62 78 3 3
63 66 3 3
63 74 3 3
63 77 3 3
63 70 3 3
84 80 4 4
84 82 4 4
84 81 4 4
84 83 4 4
85 80 4 4
85 82 4 4
85 81 4 4
85 84 4 4
86 82 4 4
86 85 4 4
86 80 4 4
86 81 4 4
87 81 4 4
87 83 4 4
87 82 4 4
87 86 4 4
88 84 4 4
88 82 4 4
88 87 4 4
88 85 4 4
89 80 4 4
89 86 4 4
89 84 4 4
89 85 4 4
90 89 4 4
90 85 4 4
90 84 4 4
90 82 4 4
91 85 4 4
91 89 4 4
91 90 4 4
91 88 4 4
92 85 4 4
92 84 4 4
92 89 4 4
92 80 4 4
93 89 4 4
93 84 4 4
93 90 4 4
93 81 4 4
94 88 4 4
94 87 4 4
94 92 4 4
94 91 4 4
95 81 4 4
95 87 4 4
95 94 4 4
95 85 4 4
96 91 4 4
96 95 4 4
96 81 4 4
96 80 4 4
97 84 4 4
97 88 4 4
97 83 4 4
97 89 4 4
98 95 4 4
98 97 4 4
98 88 4 4
98 93 4 4
99 87 4 4
99 81 4 4
99 93 4 4
99 86 4 4
80 87 4 4
80 93 4 4
80 91 4 4
80 95 4 4
81 97 4 4
81 92 4 4
81 91 4 4
81 98 4 4
82 92 4 4
82 97 4 4
82 89 4 4
82 96 4 4
83 93 4 4
83 90 4 4
83 98 4 4
83 85 4 4
104 103 5 5
104 101 5 5
104 100 5 5
104 102 5 5
105 101 5 5
105 102 5 5
105 103 5 5
105 104 5 5
106 101 5 5
106 100 5 5
106 105 5 5
106 103 5 5
107 103 5 5
107 101 5 5
107 105 5 5
107 106 5 5
108 102 5 5
108 104 5 5
108 107 5 5
108 103 5 5
109 108 5 5
109 100 5 5
109 102 5 5
109 104 5 5
110 108 5 5
110 102 5 5
110 106 5 5
110 101 5 5
111 108 5 5
111 105 5 5
111 102 5 5
111 110 5 5
112 108 5 5
112 101 5 5
112 107 5 5
112 104 5 5
113 106 5 5
113 112 5 5
113 111 5 5
113 102 5 5
114 101 5 5
114 100 5 5
114 113 5 5
114 102 5 5
115 111 5 5
115 106 5 5
115 107 5 5
115 102 5 5
116 112 5 5
116 101 5 5
116 115 5 5
116 108 5 5
117 113 5 5
117 101 5 5
117 103 5 5
117 107 5 5
118 109 5 5
118 105 5 5
118 103 5 5
118 111 5 5
119 113 5 5
119 111 5 5
119 118 5 5
119 114 5 5
100 118 5 5
100 111 5 5
100 119 5 5
100 108 5 5
101 118 5 5
101 119 5 5
101 111 5 5
101 115 5 5
102 106 5 5
102 118 5 5
102 119 5 5
102 117 5 5
103 119 5 5
103 114 5 5
103 115 5 5
103 113 5 5
124 121 6 6
124 123 6 6
124 120 6 6
124 122 6 6
125 120 6 6
125 121 6 6
125 124 6 6
125 122 6 6
126 121 6 6
126 125 6 6
126 120 6 6
126 124 6 6
127 121 6 6
127 125 6 6
127 124 6 6
127 122 6 6
128 124 6 6
128 123 6 6
128 126 6 6
128 125 6 6
129 120 6 6
129 122 6 6
129 123 6 6
129 121 6 6
130 125 6 6
130 121 6 6
130 127 6 6
130 124 6 6
131 127 6 6
131 128 6 6
131 129 6 6
131 121 6 6
132 123 6 6
132 120 6 6
132 130 6 6
132 126 6 6
133 128 6 6
133 131 6 6
133 129 6 6
133 124 6 6
134 124 6 6
134 122 6 6
134 127 6 6
134 132 6 6
135 131 6 6
135 125 6 6
135 128 6 6
135 124 6 6
136 134 6 6
136 123 6 6
136 129 6 6
136 120 6 6
137 135 6 6
137 128 6 6
137 124 6 6
137 133 6 6
138 126 6 6
138 123 6 6
138 129 6 6
138 128 6 6
139 134 6 6
139 132 6 6
139 128 6 6
139 135 6 6
120 131 6 6
120 133 6 6
120 137 6 6
120 134 6 6
121 134 6 6
121 135 6 6
121 136 6 6
121 133 6 6
122 132 6 6
122 126 6 6
122 136 6 6
122 130 6 6
123 137 6 6
123 130 6 6
123 139 6 6
123 135 6 6
144 143 7 7
144 142 7 7
144 140 7 7
144 141 7 7
145 142 7 7
145 143 7 7
145 144 7 7
145 141 7 7
146 140 7 7
146 144 7 7
146 143 7 7
146 142 7 7
147 146 7 7
147 140 7 7
147 144 7 7
147 142 7 7
148 145 7 7
148 144 7 7
148 142 7 7
148 147 7 7
149 148 7 7
149 141 7 7
149 142 7 7
149 143 7 7
150 147 7 7
150 144 7 7
150 149 7 7
150 146 7 7
151 148 7 7
151 141 7 7
151 150 7 7
151 145 7 7
152 149 7 7
152 141 7 7
152 140 7 7
152 142 7 7
153 149 7 7
153 144 7 7
153 148 7 7
153 150 7 7
154 141 7 7
154 140 7 7
154 145 7 7
154 143 7 7
155 154 7 7
155 149 7 7
155 151 7 7
155 152 7 7
156 155 7 7
156 150 7 7
156 144 7 7
156 149 7 7
157 151 7 7
157 150 7 7
157 140 7 7
157 141 7 7
158 147 7 7
158 143 7 7
158 151 7 7
158 148 7 7
159 148 7 7
159 158 7 7
159 157 7 7
159 155 7 7
140 159 7 7
140 150 7 7
140 156 7 7
140 151 7 7
141 155 7 7
141 156 7 7
141 158 7 7
141 147 7 7
142 153 7 7
142 158 7 7
142 151 7 7
142 156 7 7
143 157 7 7
143 155 7 7
143 156 7 7
143 152 7 7
164 162 8 8
164 163 8 8
164 161 8 8
164 160 8 8
165 164 8 8
165 160 8 8
165 161 8 8
165 162 8 8
166 161 8 8
166 163 8 8
166 164 8 8
166 162 8 8
167 163 8 8
167 164 8 8
167 162 8 8
167 166 8 8
168 161 8 8
168 165 8 8
168 164 8 8
168 166 8 8
169 165 8 8
169 161 8 8
169 168 8 8
169 166 8 8
170 162 8 8
170 168 8 8
170 164 8 8
170 166 8 8
171 164 8 8
171 163 8 8
171 162 8 8
171 166 8 8
172 163 8 8
172 165 8 8
172 161 8 8
172 166 8 8
173 162 8 8
173 165 8 8
173 168 8 8
173 161 8 8
174 173 8 8
174 165 8 8
174 163 8 8
174 168 8 8
175 170 8 8
175 174 8 8
175 168 8 8
175 167 8 8
176 175 8 8
176 166 8 8
176 174 8 8
176 160 8 8
177 176 8 8
177 168 8 8
177 174 8 8
177 163 8 8
178 160 8 8
178 174 8 8
178 177 8 8
178 170 8 8
179 163 8 8
179 178 8 8
179 166 8 8
179 177 8 8
160 177 8 8
160 175 8 8
160 173 8 8
160 179 8 8
161 179 8 8
161 177 8 8
161 175 8 8
161 174 8 8
162 172 8 8
162 168 8 8
162 176 8 8
162 169 8 8
163 165 8 8
163 178 8 8
163 169 8 8
163 175 8 8
184 183 9 9
184 181 9 9
184 182 9 9
184 180 9 9
185 182 9 9
185 180 9 9
185 183 9 9
185 181 9 9
186 181 9 9
186 184 9 9
186 182 9 9
186 183 9 9
187 183 9 9
187 185 9 9
187 184 9 9
187 182 9 9
188 181 9 9
188 186 9 9
188 180 9 9
188 183 9 9
189 184 9 9
189 181 9 9
189 186 9 9
189 185 9 9
190 180 9 9
190 184 9 9
190 183 9 9
190 185 9 9
191 182 9 9
191 185 9 9
191 188 9 9
191 190 9 9
192 190 9 9
192 185 9 9
192 188 9 9
192 180 9 9
193 182 9 9
193 180 9 9
193 183 9 9
193 187 9 9
194 189 9 9
194 185 9 9
194 187 9 9
194 190 9 9
195 186 9 9
195 189 9 9
195 181 9 9
195 193 9 9
196 186 9 9
196 184 9 9
196 191 9 9
196 185 9 9
197 182 9 9
197 191 9 9
197 192 9 9
197 187 9 9
198 186 9 9
198 188 9 9
198 181 9 9
198 190 9 9
199 183 9 9
199 195 9 9
199 196 9 9
199 192 9 9
180 194 9 9
180 198 9 9
180 186 9 9
180 187 9 9
181 197 9 9
181 191 9 9
181 199 9 9
181 196 9 9
182 194 9 9
182 188 9 9
182 190 9 9
182 192 9 9
183 189 9 9
183 198 9 9
183 196 9 9
183 195 9 9
204 200 10 10
204 203 10 10
204 201 10 10
204 202 10 10
205 201 10 10
205 203 10 10
205 202 10 10
205 204 10 10
206 201 10 10
206 204 10 10
206 203 10 10
206 202 10 10
207 201 10 10
207 204 10 10
207 206 10 10
207 205 10 10
208 205 10 10
208 206 10 10
208 201 10 10
208 203 10 10
209 203 10 10
209 200 10 10
209 207 10 10
209 202 10 10
210 204 10 10
210 203 10 10
210 207 10 10
210 202 10 10
211 208 10 10
211 203 10 10
211 206 10 10
211 205 10 10
212 208 10 10
212 206 10 10
212 200 10 10
212 211 10 10
213 202 10 10
213 206 10 10
213 210 10 10
213 209 10 10
214 213 10 10
214 207 10 10
214 204 10 10
214 201 10 10
215 211 10 10
215 206 10 10
215 207 10 10
215 203 10 10
216 212 10 10
216 202 10 10
216 214 10 10
216 210 10 10
217 201 10 10
217 210 10 10
217 204 10 10
217 207 10 10
218 204 10 10
218 207 10 10
218 200 10 10
218 216 10 10
219 209 10 10
219 206 10 10
219 215 10 10
219 213 10 10
200 207 10 10
200 217 10 10
200 208 10 10
200 210 10 10
201 215 10 10
201 211 10 10
201 212 10 10
201 209 10 10
202 219 10 10
202 214 10 10
202 207 10 10
202 215 10 10
203 214 10 10
203 207 10 10
203 217 10 10
203 218 10 10
224 222 11 11
224 220 11 11
224 223 11 11
224 221 11 11
225 220 11 11
225 223 11 11
225 221 11 11
225 222 11 11
226 220 11 11
226 223 11 11
226 225 11 11
226 224 11 11
227 226 11 11
227 223 11 11
227 224 11 11
227 221 11 11
228 221 11 11
228 223 11 11
228 227 11 11
228 226 11 11
229 228 11 11
229 223 11 11
229 222 11 11
229 227 11 11
230 226 11 11
230 229 11 11
230 228 11 11
230 220 11 11
231 227 11 11
231 223 11 11
231 229 11 11
231 220 11 11
232 230 11 11
232 231 11 11
232 229 11 11
232 225 11 11
233 230 11 11
233 220 11 11
233 226 11 11
233 224 11 11
234 221 11 11
234 228 11 11
234 231 11 11
234 223 11 11
235 232 11 11
235 230 11 11
235 220 11 11
235 226 11 11
236 227 11 11
236 224 11 11
236 223 11 11
236 220 11 11
237 236 11 11
237 235 11 11
237 220 11 11
237 221 11 11
238 230 11 11
238 226 11 11
238 236 11 11
238 227 11 11
239 233 11 11
239 234 11 11
239 223 11 11
239 232 11 11
220 229 11 11
220 239 11 11
220 228 11 11
220 238 11 11
221 233 11 11
221 231 11 11
221 239 11 11
221 238 11 11
222 226 11 11
222 235 11 11
222 233 11 11
222 232 11 11
223 230 11 11
223 238 11 11
223 235 11 11
223 233 11 11
244 243 12 12
244 242 12 12
244 240 12 12
244 241 12 12
245 244 12 12
245 242 12 12
245 243 12 12
245 240 12 12
246 245 12 12
246 243 12 12
246 244 12 12
246 242 12 12
247 241 12 12
247 243 12 12
247 242 12 12
247 244 12 12
248 245 12 12
248 244 12 12
248 243 12 12
248 242 12 12
249 246 12 12
249 240 12 12
249 248 12 12
249 247 12 12
250 240 12 12
250 243 12 12
250 241 12 12
250 247 12 12
251 250 12 12
251 244 12 12
251 248 12 12
251 240 12 12
252 241 12 12
252 249 12 12
252 240 12 12
252 243 12 12
253 244 12 12
253 246 12 12
253 252 12 12
253 247 12 12
254 244 12 12
254 248 12 12
254 252 12 12
254 253 12 12
255 248 12 12
255 240 12 12
255 250 12 12
255 251 12 12
256 242 12 12
256 251 12 12
256 252 12 12
256 250 12 12
257 256 12 12
257 251 12 12
257 240 12 12
257 241 12 12
258 252 12 12
258 255 12 12
258 250 12 12
258 240 12 12
259 256 12 12
259 245 12 12
259 241 12 12
259 249 12 12
240 254 12 12
240 259 12 12
240 248 12 12
240 247 12 12
241 249 12 12
241 254 12 12
241 258 12 12
241 253 12 12
242 252 12 12
242 254 12 12
242 257 12 12
242 250 12 12
243 259 12 12
243 249 12 12
243 255 12 12
243 258 12 12
264 263 13 13
264 262 13 13
264 261 13 13
264 260 13 13
265 263 13 13
265 260 13 13
265 264 13 13
265 262 13 13
266 260 13 13
266 262 13 13
266 264 13 13
266 261 13 13
267 260 13 13
267 265 13 13
267 261 13 13
267 264 13 13
268 267 13 13
268 265 13 13
268 260 13 13
268 261 13 13
269 268 13 13
269 266 13 13
269 260 13 13
269 262 13 13
270 267 13 13
270 260 13 13
270 261 13 13
270 268 13 13
271 266 13 13
271 260 13 13
271 267 13 13
271 263 13 13
272 264 13 13
272 271 13 13
272 266 13 13
272 261 13 13
273 263 13 13
273 264 13 13
273 262 13 13
273 269 13 13
274 267 13 13
274 265 13 13
274 271 13 13
274 260 13 13
275 272 13 13
275 263 13 13
275 262 13 13
275 273 13 13
276 261 13 13
276 263 13 13
276 269 13 13
276 272 13 13
277 268 13 13
277 269 13 13
277 265 13 13
277 271 13 13
278 271 13 13
278 276 13 13
278 265 13 13
278 262 13 13
279 270 13 13
279 277 13 13
279 268 13 13
279 278 13 13
260 272 13 13
260 279 13 13
260 275 13 13
260 277 13 13
261 269 13 13
261 274 13 13
261 265 13 13
261 271 13 13
262 267 13 13
262 276 13 13
262 271 13 13
262 277 13 13
263 279 13 13
263 266 13 13
263 270 13 13
263 267 13 13
284 281 14 14
284 282 14 14
284 280 14 14
284 283 14 14
285 284 14 14
285 280 14 14
285 281 14 14
285 283 14 14
286 284 14 14
286 285 14 14
286 282 14 14
286 281 14 14
287 286 14 14
287 285 14 14
287 280 14 14
287 283 14 14
288 286 14 14
288 287 14 14
288 283 14 14
288 285 14 14
289 280 14 14
289 283 14 14
289 285 14 14
289 284 14 14
290 289 14 14
290 287 14 14
290 282 14 14
290 283 14 14
291 284 14 14
291 285 14 14
291 281 14 14
291 290 14 14
292 281 14 14
292 287 14 14
292 286 14 14
292 288 14 14
293 283 14 14
293 280 14 14
293 282 14 14
293 289 14 14
294 293 14 14
294 289 14 14
294 280 14 14
294 285 14 14
295 283 14 14
295 293 14 14
295 286 14 14
295 280 14 14
296 284 14 14
296 295 14 14
296 280 14 14
296 289 14 14
297 282 14 14
297 296 14 14
297 295 14 14
297 288 14 14
298 284 14 14
298 280 14 14
298 281 14 14
298 288 14 14
299 294 14 14
299 293 14 14
299 280 14 14
299 296 14 14
280 297 14 14
280 290 14 14
280 291 14 14
280 292 14 14
281 287 14 14
281 299 14 14
281 289 14 14
281 295 14 14
282 298 14 14
282 296 14 14
282 289 14 14
282 288 14 14
283 294 14 14
283 299 14 14
283 297 14 14
283 296 14 14
304 302 15 15
304 301 15 15
304 300 15 15
304 303 15 15
305 300 15 15
305 303 15 15
305 302 15 15
305 304 15 15
306 300 15 15
306 305 15 15
306 303 15 15
306 302 15 15
307 302 15 15
307 300 15 15
307 301 15 15
307 306 15 15
308 301 15 15
308 304 15 15
308 305 15 15
308 300 15 15
309 300 15 15
309 304 15 15
309 301 15 15
309 302 15 15
310 308 15 15
310 307 15 15
310 303 15 15
310 302 15 15
311 310 15 15
311 303 15 15
311 307 15 15
311 301 15 15
312 305 15 15
312 309 15 15
312 302 15 15
312 306 15 15
313 305 15 15
313 310 15 15
313 306 15 15
313 302 15 15
314 307 15 15
314 313 15 15
314 300 15 15
314 303 15 15
315 302 15 15
315 306 15 15
315 308 15 15
315 313 15 15
316 306 15 15
316 314 15 15
316 315 15 15
316 312 15 15
317 304 15 15
317 307 15 15
317 308 15 15
317 305 15 15
318 300 15 15
318 314 15 15
318 312 15 15
318 307 15 15
319 318 15 15
319 301 15 15
319 310 15 15
319 304 15 15
300 319 15 15
300 310 15 15
300 311 15 15
300 316 15 15
301 317 15 15
301 305 15 15
301 318 15 15
301 306 15 15
302 308 15 15
302 314 15 15
302 319 15 15
302 311 15 15
303 307 15 15
303 309 15 15
303 313 15 15
303 318 15 15
86 38 4 1
97 61 4 3
95 46 4 2
82 5 4 0
101 30 5 1
113 86 5 4
105 53 5 2
102 71 5 3
135 28 6 1
127 56 6 2
139 69 6 3
135 88 6 4
144 31 7 1
146 124 7 6
153 118 7 5
140 83 7 4
168 62 8 3
170 57 8 2
170 118 8 5
162 153 8 7
186 133 9 6
195 66 9 3
192 116 9 5
189 170 9 8
200 86 10 4
212 183 10 9
205 10 10 0
219 149 10 7
236 191 11 9
230 0 11 0
233 75 11 3
236 205 11 10
242 16 12 0
255 50 12 2
251 138 12 6
246 99 12 4
268 229 13 11
261 88 13 4
260 75 13 3
271 198 13 9
283 45 14 2
284 21 14 1
282 60 14 3
293 220 14 11
307 137 15 6
314 275 15 13
310 175 15 8
303 141 15 7
11 183 0 9
17 172 0 8
18 271 0 13
10 109 0 5
32 178 1 8
38 211 1 10
34 198 1 9
29 300 1 15
58 270 2 13
59 205 2 10
54 316 2 15
53 146 2 7
74 251 3 12
65 304 3 15
71 140 3 7
62 213 3 10
