swNum = 320
edgeNum = 1342

0 0
1 0
2 0
3 0
4 0
5 0
6 0
7 0
8 0
9 0
10 0
11 0
12 0
13 0
14 0
15 0
16 0
17 0
18 0
19 0
20 1
21 1
22 1
23 1
24 1
25 1
26 1
27 1
28 1
29 1
30 1
31 1
32 1
33 1
34 1
35 1
36 1
37 1
38 1
39 1
40 2
41 2
42 2
43 2
44 2
45 2
46 2
47 2
48 2
49 2
50 2
51 2
52 2
53 2
54 2
55 2
56 2
57 2
58 2
59 2
60 3
61 3
62 3
63 3
64 3
65 3
66 3
67 3
68 3
69 3
70 3
71 3
72 3
73 3
74 3
75 3
76 3
77 3
78 3
79 3
80 4
81 4
82 4
83 4
84 4
85 4
86 4
87 4
88 4
89 4
90 4
91 4
92 4
93 4
94 4
95 4
96 4
97 4
98 4
99 4
100 5
101 5
102 5
103 5
104 5
105 5
106 5
107 5
108 5
109 5
110 5
111 5
112 5
113 5
114 5
115 5
116 5
117 5
118 5
119 5
120 6
121 6
122 6
123 6
124 6
125 6
126 6
127 6
128 6
129 6
130 6
131 6
132 6
133 6
134 6
135 6
136 6
137 6
138 6
139 6
140 7
141 7
142 7
143 7
144 7
145 7
146 7
147 7
148 7
149 7
150 7
151 7
152 7
153 7
154 7
155 7
156 7
157 7
158 7
159 7
160 8
161 8
162 8
163 8
164 8
165 8
166 8
167 8
168 8
169 8
170 8
171 8
172 8
173 8
174 8
175 8
176 8
177 8
178 8
179 8
180 9
181 9
182 9
183 9
184 9
185 9
186 9
187 9
188 9
189 9
190 9
191 9
192 9
193 9
194 9
195 9
196 9
197 9
198 9
199 9
200 10
201 10
202 10
203 10
204 10
205 10
206 10
207 10
208 10
209 10
210 10
211 10
212 10
213 10
214 10
215 10
216 10
217 10
218 10
219 10
220 11
221 11
222 11
223 11
224 11
225 11
226 11
227 11
228 11
229 11
230 11
231 11
232 11
233 11
234 11
235 11
236 11
237 11
238 11
239 11
240 12
241 12
242 12
243 12
244 12
245 12
246 12
247 12
248 12
249 12
250 12
251 12
252 12
253 12
254 12
255 12
256 12
257 12
258 12
259 12
260 13
261 13
262 13
263 13
264 13
265 13
266 13
267 13
268 13
269 13
270 13
271 13
272 13
273 13
274 13
275 13
276 13
277 13
278 13
279 13
280 14
281 14
282 14
283 14
284 14
285 14
286 14
287 14
288 14
289 14
290 14
291 14
292 14
293 14
294 14
295 14
296 14
297 14
298 14
299 14
300 15
301 15
302 15
303 15
304 15
305 15
306 15
307 15
308 15
309 15
310 15
311 15
312 15
313 15
314 15
315 15
316 15
317 15
318 15
319 15

4 2 0 0
4 1 0 0
4 3 0 0
4 0 0 0
5 2 0 0
5 3 0 0
5 0 0 0
5 4 0 0
6 2 0 0
6 1 0 0
6 0 0 0
6 4 0 0
7 3 0 0
7 2 0 0
7 4 0 0
7 6 0 0
8 2 0 0
8 1 0 0
8 5 0 0
8 0 0 0
9 6 0 0
9 2 0 0
9 3 0 0
9 7 0 0
10 7 0 0
10 1 0 0
10 9 0 0
10 5 0 0
11 3 0 0
11 4 0 0
11 5 0 0
11 10 0 0
12 3 0 0
12 0 0 0
12 10 0 0
12 5 0 0
13 11 0 0
13 12 0 0
13 7 0 0
13 1 0 0
14 12 0 0
14 8 0 0
14 6 0 0
14 4 0 0
15 3 0 0
15 13 0 0
15 11 0 0
15 5 0 0
16 9 0 0
16 6 0 0
16 10 0 0
16 8 0 0
17 7 0 0
17 9 0 0
17 14 0 0
17 15 0 0
18 16 0 0
18 9 0 0
18 15 0 0
18 2 0 0
19 15 0 0
19 7 0 0
19 14 0 0
19 13 0 0
0 13 0 0
0 11 0 0
0 19 0 0
0 14 0 0
1 9 0 0
1 11 0 0
1 5 0 0
1 15 0 0
2 14 0 0
2 17 0 0
2 10 0 0
2 19 0 0
3 6 0 0
3 14 0 0
3 19 0 0
3 8 0 0
24 22 1 1
24 20 1 1
24 21 1 1
24 23 1 1
25 20 1 1
25 24 1 1
25 21 1 1
25 22 1 1
26 20 1 1
26 24 1 1
26 25 1 1
26 23 1 1
27 22 1 1
27 25 1 1
27 23 1 1
27 21 1 1
28 20 1 1
28 25 1 1
28 27 1 1
28 21 1 1
29 27 1 1
29 25 1 1
29 24 1 1
29 26 1 1
30 21 1 1
30 20 1 1
30 27 1 1
30 22 1 1
31 27 1 1
31 28 1 1
31 24 1 1
31 22 1 1
32 28 1 1
32 29 1 1
32 22 1 1
32 31 1 1
33 25 1 1
33 27 1 1
33 32 1 1
33 26 1 1
34 25 1 1
34 32 1 1
34 26 1 1
34 24 1 1
35 29 1 1
35 26 1 1
35 28 1 1
35 23 1 1
36 26 1 1
36 20 1 1
36 28 1 1
36 27 1 1
37 29 1 1
37 32 1 1
37 36 1 1
37 26 1 1
38 25 1 1
38 24 1 1
38 27 1 1
38 23 1 1
39 23 1 1
39 24 1 1
39 32 1 1
39 36 1 1
20 34 1 1
20 35 1 1
20 37 1 1
20 33 1 1
21 39 1 1
21 32 1 1
21 26 1 1
21 33 1 1
22 36 1 1
22 38 1 1
22 39 1 1
22 35 1 1
23 31 1 1
23 29 1 1
23 32 1 1
23 36 1 1
44 41 2 2
44 40 2 2
44 43 2 2
44 42 2 2
45 43 2 2
45 40 2 2
45 42 2 2
45 41 2 2
46 42 2 2
46 45 2 2
46 40 2 2
46 44 2 2
47 40 2 2
47 41 2 2
47 44 2 2
47 43 2 2
48 44 2 2
48 42 2 2
48 41 2 2
48 43 2 2
49 47 2 2
49 40 2 2
49 45 2 2
49 43 2 2
50 41 2 2
50 47 2 2
50 40 2 2
50 49 2 2
51 40 2 2
51 50 2 2
51 47 2 2
51 49 2 2
52 46 2 2
52 51 2 2
52 42 2 2
52 48 2 2
53 51 2 2
53 47 2 2
53 45 2 2
53 49 2 2
54 53 2 2
54 49 2 2
54 45 2 2
54 40 2 2
55 44 2 2
55 49 2 2
55 41 2 2
55 52 2 2
56 52 2 2
56 55 2 2
56 41 2 2
56 47 2 2
57 40 2 2
57 51 2 2
57 53 2 2
57 47 2 2
58 55 2 2
58 47 2 2
58 53 2 2
58 51 2 2
59 42 2 2
59 56 2 2
59 46 2 2
59 58 2 2
40 58 2 2
40 56 2 2
40 48 2 2
40 53 2 2
41 54 2 2
41 51 2 2
41 46 2 2
41 58 2 2
42 58 2 2
42 55 2 2
42 51 2 2
42 53 2 2
43 46 2 2
43 54 2 2
43 57 2 2
43 51 2 2
64 60 3 3
64 61 3 3
64 63 3 3
64 62 3 3
65 62 3 3
65 61 3 3
65 63 3 3
65 64 3 3
66 62 3 3
66 61 3 3
66 63 3 3
66 65 3 3
67 64 3 3
67 63 3 3
67 60 3 3
67 66 3 3
68 62 3 3
68 65 3 3
68 61 3 3
68 63 3 3
69 68 3 3
69 64 3 3
69 65 3 3
69 62 3 3
70 62 3 3
70 61 3 3
70 63 3 3
70 66 3 3
71 66 3 3
71 60 3 3
71 62 3 3
71 65 3 3
72 70 3 3
72 68 3 3
72 66 3 3
72 62 3 3
73 70 3 3
73 62 3 3
73 69 3 3
73 65 3 3
74 73 3 3
74 70 3 3
74 65 3 3
74 61 3 3
75 69 3 3
75 60 3 3
75 72 3 3
75 68 3 3
76 70 3 3
76 74 3 3
76 64 3 3
76 75 3 3
77 64 3 3
77 60 3 3
77 75 3 3
77 73 3 3
78 73 3 3
78 69 3 3
78 74 3 3
78 70 3 3
79 69 3 3
79 72 3 3
79 67 3 3
79 78 3 3
60 79 3 3
60 76 3 3
60 65 3 3
60 66 3 3
61 76 3 3
61 72 3 3
61 78 3 3
61 75 3 3
62 79 3 3
62 67 3 3
62 74 3 3
62 76 3 3
63 71 3 3
63 72 3 3
63 78 3 3
63 77 3 3
84 82 4 4
84 81 4 4
84 83 4 4
84 80 4 4
85 81 4 4
85 84 4 4
85 80 4 4
85 83 4 4
86 81 4 4
86 85 4 4
86 84 4 4
86 83 4 4
87 81 4 4
87 85 4 4
87 86 4 4
87 80 4 4
88 81 4 4
88 83 4 4
88 86 4 4
88 87 4 4
89 81 4 4
89 85 4 4
89 87 4 4
89 86 4 4
90 88 4 4
90 83 4 4
90 85 4 4
90 81 4 4
91 89 4 4
91 88 4 4
91 87 4 4
91 86 4 4
92 86 4 4
92 81 4 4
92 87 4 4
92 83 4 4
93 92 4 4
93 86 4 4
93 85 4 4
93 81 4 4
94 84 4 4
94 93 4 4
94 81 4 4
94 82 4 4
95 82 4 4
95 91 4 4
95 90 4 4
95 81 4 4
96 85 4 4
96 91 4 4
96 93 4 4
96 80 4 4
97 82 4 4
97 85 4 4
97 80 4 4
97 95 4 4
98 95 4 4
98 90 4 4
98 97 4 4
98 82 4 4
99 95 4 4
99 91 4 4
99 93 4 4
99 80 4 4
80 95 4 4
80 90 4 4
80 91 4 4
80 88 4 4
81 91 4 4
81 96 4 4
81 98 4 4
81 99 4 4
82 96 4 4
82 99 4 4
82 91 4 4
82 88 4 4
83 99 4 4
83 87 4 4
83 96 4 4
83 91 4 4
104 103 5 5
104 101 5 5
104 100 5 5
104 102 5 5
105 103 5 5
105 100 5 5
105 104 5 5
105 102 5 5
106 100 5 5
106 101 5 5
106 104 5 5
106 102 5 5
107 101 5 5
107 104 5 5
107 103 5 5
107 102 5 5
108 104 5 5
108 102 5 5
108 103 5 5
108 105 5 5
109 103 5 5
109 105 5 5
109 106 5 5
109 100 5 5
110 103 5 5
110 108 5 5
110 101 5 5
110 104 5 5
111 103 5 5
111 104 5 5
111 109 5 5
111 105 5 5
112 107 5 5
112 109 5 5
112 103 5 5
112 104 5 5
113 100 5 5
113 107 5 5
113 103 5 5
113 112 5 5
114 109 5 5
114 108 5 5
114 112 5 5
114 111 5 5
115 112 5 5
115 106 5 5
115 105 5 5
115 107 5 5
116 113 5 5
116 107 5 5
116 100 5 5
116 115 5 5
117 106 5 5
117 108 5 5
117 101 5 5
117 105 5 5
118 106 5 5
118 108 5 5
118 112 5 5
118 117 5 5
119 104 5 5
119 107 5 5
119 113 5 5
119 105 5 5
100 112 5 5
100 115 5 5
100 114 5 5
100 107 5 5
101 112 5 5
101 119 5 5
101 108 5 5
101 113 5 5
102 109 5 5
102 116 5 5
102 110 5 5
102 114 5 5
103 118 5 5
103 115 5 5
103 116 5 5
103 119 5 5
124 123 6 6
124 120 6 6
124 121 6 6
124 122 6 6
125 124 6 6
125 123 6 6
125 121 6 6
125 120 6 6
126 123 6 6
126 124 6 6
126 125 6 6
126 121 6 6
127 123 6 6
127 121 6 6
127 122 6 6
127 120 6 6
128 120 6 6
128 126 6 6
128 121 6 6
128 124 6 6
129 126 6 6
129 123 6 6
129 124 6 6
129 122 6 6
130 125 6 6
130 120 6 6
130 121 6 6
130 129 6 6
131 126 6 6
131 121 6 6
131 120 6 6
131 122 6 6
132 125 6 6
132 128 6 6
132 123 6 6
132 130 6 6
133 130 6 6
133 120 6 6
133 127 6 6
133 126 6 6
134 120 6 6
134 126 6 6
134 132 6 6
134 124 6 6
135 121 6 6
135 124 6 6
135 120 6 6
135 133 6 6
136 131 6 6
136 125 6 6
136 134 6 6
136 133 6 6
137 123 6 6
137 132 6 6
137 134 6 6
137 133 6 6
138 125 6 6
138 137 6 6
138 132 6 6
138 124 6 6
139 126 6 6
139 120 6 6
139 135 6 6
139 130 6 6
120 138 6 6
120 132 6 6
120 137 6 6
120 136 6 6
121 132 6 6
121 133 6 6
121 134 6 6
121 136 6 6
122 130 6 6
122 128 6 6
122 126 6 6
122 134 6 6
123 130 6 6
123 131 6 6
123 138 6 6
123 139 6 6
144 142 7 7
144 140 7 7
144 143 7 7
144 141 7 7
145 144 7 7
145 143 7 7
145 141 7 7
145 140 7 7
146 140 7 7
146 142 7 7
146 145 7 7
146 143 7 7
147 141 7 7
147 142 7 7
147 143 7 7
147 146 7 7
148 140 7 7
148 147 7 7
148 146 7 7
148 142 7 7
149 141 7 7
149 140 7 7
149 144 7 7
149 143 7 7
150 141 7 7
150 142 7 7
150 149 7 7
150 146 7 7
151 141 7 7
151 143 7 7
151 147 7 7
151 149 7 7
152 146 7 7
152 141 7 7
152 145 7 7
152 150 7 7
153 147 7 7
153 144 7 7
153 149 7 7
153 146 7 7
154 147 7 7
154 141 7 7
154 145 7 7
154 140 7 7
155 152 7 7
155 153 7 7
155 150 7 7
155 147 7 7
156 146 7 7
156 147 7 7
156 150 7 7
156 148 7 7
157 148 7 7
157 144 7 7
157 147 7 7
157 145 7 7
158 142 7 7
158 146 7 7
158 140 7 7
158 156 7 7
159 142 7 7
159 143 7 7
159 140 7 7
159 156 7 7
140 157 7 7
140 156 7 7
140 147 7 7
140 152 7 7
141 146 7 7
141 159 7 7
141 155 7 7
141 158 7 7
142 156 7 7
142 151 7 7
142 152 7 7
142 155 7 7
143 155 7 7
143 157 7 7
143 150 7 7
143 156 7 7
164 161 8 8
164 160 8 8
164 162 8 8
164 163 8 8
165 164 8 8
165 160 8 8
165 161 8 8
165 162 8 8
166 164 8 8
166 165 8 8
166 162 8 8
166 163 8 8
167 164 8 8
167 163 8 8
167 165 8 8
167 162 8 8
168 166 8 8
168 165 8 8
168 164 8 8
168 167 8 8
169 162 8 8
169 167 8 8
169 163 8 8
169 166 8 8
170 163 8 8
170 162 8 8
170 168 8 8
170 169 8 8
171 164 8 8
171 169 8 8
171 167 8 8
171 163 8 8
172 160 8 8
172 161 8 8
172 171 8 8
172 168 8 8
173 160 8 8
173 162 8 8
173 170 8 8
173 163 8 8
174 169 8 8
174 164 8 8
174 163 8 8
174 160 8 8
175 167 8 8
175 168 8 8
175 164 8 8
175 166 8 8
176 161 8 8
176 169 8 8
176 164 8 8
176 160 8 8
177 174 8 8
177 175 8 8
177 162 8 8
177 171 8 8
178 163 8 8
178 166 8 8
178 173 8 8
178 168 8 8
179 166 8 8
179 174 8 8
179 160 8 8
179 164 8 8
160 168 8 8
160 167 8 8
160 177 8 8
160 175 8 8
161 174 8 8
161 177 8 8
161 178 8 8
161 171 8 8
162 178 8 8
162 174 8 8
162 168 8 8
162 176 8 8
163 179 8 8
163 177 8 8
163 168 8 8
163 165 8 8
184 181 9 9
184 183 9 9
184 180 9 9
184 182 9 9
185 182 9 9
185 180 9 9
185 183 9 9
185 181 9 9
186 181 9 9
186 183 9 9
186 182 9 9
186 180 9 9
187 184 9 9
187 182 9 9
187 186 9 9
187 180 9 9
188 182 9 9
188 183 9 9
188 185 9 9
188 181 9 9
189 180 9 9
189 188 9 9
189 185 9 9
189 187 9 9
190 184 9 9
190 183 9 9
190 182 9 9
190 186 9 9
191 184 9 9
191 187 9 9
191 185 9 9
191 180 9 9
192 184 9 9
192 187 9 9
192 183 9 9
192 186 9 9
193 183 9 9
193 185 9 9
193 189 9 9
193 188 9 9
194 193 9 9
194 181 9 9
194 186 9 9
194 188 9 9
195 180 9 9
195 185 9 9
195 188 9 9
195 193 9 9
196 180 9 9
196 192 9 9
196 183 9 9
196 188 9 9
197 185 9 9
197 193 9 9
197 186 9 9
197 188 9 9
198 183 9 9
198 186 9 9
198 190 9 9
198 192 9 9
199 190 9 9
199 198 9 9
199 181 9 9
199 191 9 9
180 188 9 9
180 197 9 9
180 192 9 9
180 198 9 9
181 197 9 9
181 191 9 9
181 189 9 9
181 190 9 9
182 189 9 9
182 194 9 9
182 192 9 9
182 193 9 9
183 197 9 9
183 189 9 9
183 194 9 9
183 199 9 9
204 202 10 10
204 201 10 10
204 203 10 10
204 200 10 10
205 203 10 10
205 204 10 10
205 200 10 10
205 201 10 10
206 203 10 10
206 205 10 10
206 201 10 10
206 200 10 10
207 205 10 10
207 204 10 10
207 206 10 10
207 202 10 10
208 201 10 10
208 206 10 10
208 202 10 10
208 205 10 10
209 206 10 10
209 205 10 10
209 203 10 10
209 207 10 10
210 206 10 10
210 203 10 10
210 209 10 10
210 205 10 10
211 203 10 10
211 205 10 10
211 209 10 10
211 202 10 10
212 206 10 10
212 201 10 10
212 205 10 10
212 209 10 10
213 206 10 10
213 200 10 10
213 208 10 10
213 204 10 10
214 210 10 10
214 211 10 10
214 205 10 10
214 200 10 10
215 214 10 10
215 206 10 10
215 200 10 10
215 205 10 10
216 205 10 10
216 203 10 10
216 209 10 10
216 206 10 10
217 213 10 10
217 206 10 10
217 201 10 10
217 212 10 10
218 213 10 10
218 207 10 10
218 211 10 10
218 206 10 10
219 218 10 10
219 217 10 10
219 206 10 10
219 213 10 10
200 211 10 10
200 212 10 10
200 210 10 10
200 219 10 10
201 209 10 10
201 211 10 10
201 207 10 10
201 213 10 10
202 213 10 10
202 209 10 10
202 216 10 10
202 215 10 10
203 212 10 10
203 217 10 10
203 215 10 10
203 213 10 10
224 221 11 11
224 222 11 11
224 220 11 11
224 223 11 11
225 223 11 11
225 222 11 11
225 221 11 11
225 220 11 11
226 223 11 11
226 222 11 11
226 221 11 11
226 225 11 11
227 223 11 11
227 222 11 11
227 225 11 11
227 221 11 11
228 224 11 11
228 222 11 11
228 227 11 11
228 223 11 11
229 226 11 11
229 227 11 11
229 223 11 11
229 221 11 11
230 220 11 11
230 221 11 11
230 229 11 11
230 226 11 11
231 226 11 11
231 220 11 11
231 229 11 11
231 222 11 11
232 220 11 11
232 221 11 11
232 228 11 11
232 224 11 11
233 229 11 11
233 227 11 11
233 222 11 11
233 228 11 11
234 232 11 11
234 230 11 11
234 231 11 11
234 229 11 11
235 231 11 11
235 227 11 11
235 225 11 11
235 224 11 11
236 229 11 11
236 225 11 11
236 230 11 11
236 220 11 11
237 234 11 11
237 227 11 11
237 222 11 11
237 225 11 11
238 229 11 11
238 227 11 11
238 237 11 11
238 234 11 11
239 221 11 11
239 236 11 11
239 237 11 11
239 234 11 11
220 234 11 11
220 233 11 11
220 238 11 11
220 239 11 11
221 228 11 11
221 235 11 11
221 233 11 11
221 236 11 11
222 230 11 11
222 234 11 11
222 238 11 11
222 236 11 11
223 237 11 11
223 238 11 11
223 232 11 11
223 233 11 11
244 243 12 12
244 241 12 12
244 240 12 12
244 242 12 12
245 242 12 12
245 244 12 12
245 243 12 12
245 241 12 12
246 241 12 12
246 240 12 12
246 244 12 12
246 242 12 12
247 242 12 12
247 246 12 12
247 241 12 12
247 243 12 12
248 242 12 12
248 247 12 12
248 244 12 12
248 243 12 12
249 243 12 12
249 241 12 12
249 244 12 12
249 242 12 12
250 240 12 12
250 244 12 12
250 247 12 12
250 249 12 12
251 245 12 12
251 248 12 12
251 241 12 12
251 242 12 12
252 251 12 12
252 249 12 12
252 248 12 12
252 243 12 12
253 249 12 12
253 252 12 12
253 241 12 12
253 251 12 12
254 246 12 12
254 242 12 12
254 253 12 12
254 241 12 12
255 243 12 12
255 244 12 12
255 246 12 12
255 254 12 12
256 255 12 12
256 253 12 12
256 243 12 12
256 254 12 12
257 247 12 12
257 242 12 12
257 249 12 12
257 244 12 12
258 254 12 12
258 246 12 12
258 255 12 12
258 256 12 12
259 251 12 12
259 253 12 12
259 248 12 12
259 249 12 12
240 258 12 12
240 256 12 12
240 252 12 12
240 255 12 12
241 256 12 12
241 250 12 12
241 257 12 12
241 259 12 12
242 253 12 12
242 252 12 12
242 259 12 12
242 256 12 12
243 254 12 12
243 246 12 12
243 258 12 12
243 259 12 12
264 261 13 13
264 260 13 13
264 263 13 13
264 262 13 13
265 260 13 13
265 262 13 13
265 263 13 13
265 261 13 13
266 265 13 13
266 264 13 13
266 261 13 13
266 260 13 13
267 266 13 13
267 263 13 13
267 265 13 13
267 264 13 13
268 263 13 13
268 267 13 13
268 264 13 13
268 261 13 13
269 265 13 13
269 267 13 13
269 268 13 13
269 266 13 13
270 264 13 13
270 269 13 13
270 268 13 13
270 260 13 13
271 260 13 13
271 263 13 13
271 269 13 13
271 265 13 13
272 262 13 13
272 265 13 13
272 267 13 13
272 263 13 13
273 270 13 13
273 269 13 13
273 265 13 13
273 261 13 13
274 264 13 13
274 269 13 13
274 268 13 13
274 267 13 13
275 271 13 13
275 263 13 13
275 268 13 13
275 261 13 13
276 275 13 13
276 261 13 13
276 268 13 13
276 267 13 13
277 264 13 13
277 272 13 13
277 265 13 13
277 273 13 13
278 263 13 13
278 275 13 13
278 265 13 13
278 273 13 13
279 269 13 13
279 266 13 13
279 265 13 13
279 278 13 13
260 274 13 13
260 273 13 13
260 269 13 13
260 268 13 13
261 274 13 13
261 269 13 13
261 279 13 13
261 278 13 13
262 269 13 13
262 270 13 13
262 267 13 13
262 277 13 13
263 266 13 13
263 277 13 13
263 273 13 13
263 270 13 13
284 282 14 14
284 280 14 14
284 281 14 14
284 283 14 14
285 282 14 14
285 283 14 14
285 280 14 14
285 284 14 14
286 283 14 14
286 280 14 14
286 285 14 14
286 281 14 14
287 282 14 14
287 280 14 14
287 281 14 14
287 286 14 14
288 282 14 14
288 285 14 14
288 286 14 14
288 287 14 14
289 286 14 14
289 283 14 14
289 282 14 14
289 281 14 14
290 282 14 14
290 285 14 14
290 288 14 14
290 289 14 14
291 282 14 14
291 290 14 14
291 287 14 14
291 284 14 14
292 283 14 14
292 286 14 14
292 288 14 14
292 281 14 14
293 280 14 14
293 292 14 14
293 281 14 14
293 282 14 14
294 285 14 14
294 284 14 14
294 282 14 14
294 287 14 14
295 293 14 14
295 281 14 14
295 282 14 14
295 287 14 14
296 294 14 14
296 287 14 14
296 282 14 14
296 281 14 14
297 286 14 14
297 283 14 14
297 295 14 14
297 289 14 14
298 291 14 14
298 282 14 14
298 292 14 14
298 295 14 14
299 288 14 14
299 290 14 14
299 287 14 14
299 283 14 14
280 298 14 14
280 291 14 14
280 295 14 14
280 296 14 14
281 285 14 14
281 290 14 14
281 298 14 14
281 297 14 14
282 297 14 14
282 299 14 14
282 286 14 14
282 292 14 14
283 295 14 14
283 288 14 14
283 298 14 14
283 291 14 14
304 302 15 15
304 300 15 15
304 303 15 15
304 301 15 15
305 301 15 15
305 303 15 15
305 300 15 15
305 302 15 15
306 303 15 15
306 305 15 15
306 301 15 15
306 304 15 15
307 306 15 15
307 303 15 15
307 301 15 15
307 302 15 15
308 300 15 15
308 307 15 15
308 305 15 15
308 303 15 15
309 300 15 15
309 305 15 15
309 304 15 15
309 306 15 15
310 302 15 15
310 308 15 15
310 304 15 15
310 307 15 15
311 310 15 15
311 303 15 15
311 301 15 15
311 302 15 15
312 301 15 15
312 306 15 15
312 303 15 15
312 305 15 15
313 304 15 15
313 302 15 15
313 305 15 15
313 300 15 15
314 304 15 15
314 313 15 15
314 302 15 15
314 310 15 15
315 312 15 15
315 309 15 15
315 305 15 15
315 311 15 15
316 308 15 15
316 300 15 15
316 309 15 15
316 315 15 15
317 315 15 15
317 306 15 15
317 314 15 15
317 311 15 15
318 314 15 15
318 305 15 15
318 309 15 15
318 306 15 15
319 315 15 15
319 304 15 15
319 308 15 15
319 300 15 15
300 310 15 15
300 311 15 15
300 318 15 15
300 312 15 15
301 317 15 15
301 309 15 15
301 319 15 15
301 308 15 15
302 319 15 15
302 317 15 15
302 306 15 15
302 318 15 15
303 318 15 15
303 315 15 15
303 317 15 15
303 319 15 15
89 4 4 0
80 51 4 2
91 64 4 3
92 29 4 1
104 24 5 1
104 57 5 2
101 91 5 4
117 72 5 3
129 49 6 2
129 87 6 4
130 9 6 0
133 111 6 5
147 10 7 0
157 38 7 1
148 113 7 5
153 77 7 3
176 16 8 0
171 96 8 4
162 128 8 6
165 48 8 2
189 49 9 2
199 67 9 3
198 163 9 8
187 16 9 0
207 123 10 6
200 41 10 2
211 182 10 9
207 85 10 4
231 85 11 4
220 52 11 2
227 135 11 6
229 8 11 0
241 85 12 4
251 211 12 10
244 114 12 5
245 35 12 1
268 168 13 8
275 56 13 2
268 146 13 7
275 138 13 6
280 138 14 6
298 69 14 3
298 8 14 0
288 53 14 2
316 25 15 1
312 53 15 2
302 1 15 0
302 130 15 6
11 274 0 13
11 247 0 12
17 205 0 10
15 113 0 5
27 192 1 9
36 174 1 8
21 138 1 6
28 204 1 10
57 152 2 7
50 252 2 12
67 201 3 10
75 300 3 15
68 163 3 8
73 251 3 12
