swNum = 320
edgeNum = 1342

0 0
1 0
2 0
3 0
4 0
5 0
6 0
7 0
8 0
9 0
10 0
11 0
12 0
13 0
14 0
15 0
16 0
17 0
18 0
19 0
20 1
21 1
22 1
23 1
24 1
25 1
26 1
27 1
28 1
29 1
30 1
31 1
32 1
33 1
34 1
35 1
36 1
37 1
38 1
39 1
40 2
41 2
42 2
43 2
44 2
45 2
46 2
47 2
48 2
49 2
50 2
51 2
52 2
53 2
54 2
55 2
56 2
57 2
58 2
59 2
60 3
61 3
62 3
63 3
64 3
65 3
66 3
67 3
68 3
69 3
70 3
71 3
72 3
73 3
74 3
75 3
76 3
77 3
78 3
79 3
80 4
81 4
82 4
83 4
84 4
85 4
86 4
87 4
88 4
89 4
90 4
91 4
92 4
93 4
94 4
95 4
96 4
97 4
98 4
99 4
100 5
101 5
102 5
103 5
104 5
105 5
106 5
107 5
108 5
109 5
110 5
111 5
112 5
113 5
114 5
115 5
116 5
117 5
118 5
119 5
120 6
121 6
122 6
123 6
124 6
125 6
126 6
127 6
128 6
129 6
130 6
131 6
132 6
133 6
134 6
135 6
136 6
137 6
138 6
139 6
140 7
141 7
142 7
143 7
144 7
145 7
146 7
147 7
148 7
149 7
150 7
151 7
152 7
153 7
154 7
155 7
156 7
157 7
158 7
159 7
160 8
161 8
162 8
163 8
164 8
165 8
166 8
167 8
168 8
169 8
170 8
171 8
172 8
173 8
174 8
175 8
176 8
177 8
178 8
179 8
180 9
181 9
182 9
183 9
184 9
185 9
186 9
187 9
188 9
189 9
190 9
191 9
192 9
193 9
194 9
195 9
196 9
197 9
198 9
199 9
200 10
201 10
202 10
203 10
204 10
205 10
206 10
207 10
208 10
209 10
210 10
211 10
212 10
213 10
214 10
215 10
216 10
217 10
218 10
219 10
220 11
221 11
222 11
223 11
224 11
225 11
226 11
227 11
228 11
229 11
230 11
231 11
232 11
233 11
234 11
235 11
236 11
237 11
238 11
239 11
240 12
241 12
242 12
243 12
244 12
245 12
246 12
247 12
248 12
249 12
250 12
251 12
252 12
253 12
254 12
255 12
256 12
257 12
258 12
259 12
260 13
261 13
262 13
263 13
264 13
265 13
266 13
267 13
268 13
269 13
270 13
271 13
272 13
273 13
274 13
275 13
276 13
277 13
278 13
279 13
280 14
281 14
282 14
283 14
284 14
285 14
286 14
287 14
288 14
289 14
290 14
291 14
292 14
293 14
294 14
295 14
296 14
297 14
298 14
299 14
300 15
301 15
302 15
303 15
304 15
305 15
306 15
307 15
308 15
309 15
310 15
311 15
312 15
313 15
314 15
315 15
316 15
317 15
318 15
319 15

4 3 0 0
4 1 0 0
4 0 0 0
4 2 0 0
5 0 0 0
5 4 0 0
5 2 0 0
5 3 0 0
6 4 0 0
6 2 0 0
6 3 0 0
6 1 0 0
7 6 0 0
7 5 0 0
7 0 0 0
7 4 0 0
8 7 0 0
8 5 0 0
8 3 0 0
8 4 0 0
9 6 0 0
9 3 0 0
9 1 0 0
9 4 0 0
10 4 0 0
10 2 0 0
10 0 0 0
10 8 0 0
11 7 0 0
11 1 0 0
11 4 0 0
11 6 0 0
12 6 0 0
12 9 0 0
12 8 0 0
12 3 0 0
13 10 0 0
13 2 0 0
13 12 0 0
13 8 0 0
14 5 0 0
14 13 0 0
14 7 0 0
14 8 0 0
15 2 0 0
15 13 0 0
15 8 0 0
15 10 0 0
16 8 0 0
16 13 0 0
16 14 0 0
16 4 0 0
17 0 0 0
17 5 0 0
17 3 0 0
17 7 0 0
18 16 0 0
18 2 0 0
18 7 0 0
18 14 0 0
19 7 0 0
19 18 0 0
19 11 0 0
19 14 0 0
0 19 0 0
0 9 0 0
0 11 0 0
0 14 0 0
1 7 0 0
1 12 0 0
1 14 0 0
1 17 0 0
2 16 0 0
2 19 0 0
2 7 0 0
2 8 0 0
3 19 0 0
3 11 0 0
3 13 0 0
3 16 0 0
24 21 1 1
24 22 1 1
24 23 1 1
24 20 1 1
25 22 1 1
25 20 1 1
25 23 1 1
25 21 1 1
26 21 1 1
26 23 1 1
26 25 1 1
26 20 1 1
27 20 1 1
27 23 1 1
27 21 1 1
27 25 1 1
28 26 1 1
28 21 1 1
28 23 1 1
28 27 1 1
29 26 1 1
29 25 1 1
29 23 1 1
29 28 1 1
30 23 1 1
30 26 1 1
30 25 1 1
30 20 1 1
31 20 1 1
31 22 1 1
31 27 1 1
31 29 1 1
32 20 1 1
32 27 1 1
32 31 1 1
32 29 1 1
33 20 1 1
33 23 1 1
33 21 1 1
33 25 1 1
34 23 1 1
34 32 1 1
34 27 1 1
34 22 1 1
35 28 1 1
35 21 1 1
35 26 1 1
35 34 1 1
36 34 1 1
36 32 1 1
36 29 1 1
36 26 1 1
37 20 1 1
37 23 1 1
37 35 1 1
37 21 1 1
38 23 1 1
38 35 1 1
38 34 1 1
38 26 1 1
39 38 1 1
39 25 1 1
39 26 1 1
39 24 1 1
20 36 1 1
20 34 1 1
20 39 1 1
20 38 1 1
21 29 1 1
21 39 1 1
21 30 1 1
21 36 1 1
22 39 1 1
22 37 1 1
22 32 1 1
22 30 1 1
23 39 1 1
23 31 1 1
23 35 1 1
23 36 1 1
44 43 2 2
44 41 2 2
44 42 2 2
44 40 2 2
45 44 2 2
45 41 2 2
45 43 2 2
45 42 2 2
46 42 2 2
46 44 2 2
46 43 2 2
46 41 2 2
47 40 2 2
47 44 2 2
47 46 2 2
47 41 2 2
48 45 2 2
48 44 2 2
48 43 2 2
48 46 2 2
49 41 2 2
49 42 2 2
49 43 2 2
49 48 2 2
50 41 2 2
50 49 2 2
50 40 2 2
50 43 2 2
51 46 2 2
51 43 2 2
51 48 2 2
51 45 2 2
52 40 2 2
52 43 2 2
52 50 2 2
52 49 2 2
53 49 2 2
53 43 2 2
53 52 2 2
53 51 2 2
54 44 2 2
54 46 2 2
54 43 2 2
54 47 2 2
55 48 2 2
55 40 2 2
55 46 2 2
55 50 2 2
56 49 2 2
56 52 2 2
56 45 2 2
56 50 2 2
57 51 2 2
57 43 2 2
57 48 2 2
57 53 2 2
58 47 2 2
58 42 2 2
58 51 2 2
58 40 2 2
59 41 2 2
59 53 2 2
59 49 2 2
59 43 2 2
40 56 2 2
40 59 2 2
40 51 2 2
40 53 2 2
41 52 2 2
41 58 2 2
41 55 2 2
41 53 2 2
42 53 2 2
42 52 2 2
42 50 2 2
42 55 2 2
43 47 2 2
43 55 2 2
43 56 2 2
43 58 2 2
64 61 3 3
64 62 3 3
64 60 3 3
64 63 3 3
65 62 3 3
65 61 3 3
65 64 3 3
65 63 3 3
66 60 3 3
66 63 3 3
66 62 3 3
66 65 3 3
67 62 3 3
67 66 3 3
67 60 3 3
67 63 3 3
68 66 3 3
68 65 3 3
68 63 3 3
68 67 3 3
69 61 3 3
69 65 3 3
69 63 3 3
69 68 3 3
70 64 3 3
70 61 3 3
70 60 3 3
70 69 3 3
71 61 3 3
71 69 3 3
71 67 3 3
71 65 3 3
72 60 3 3
72 66 3 3
72 67 3 3
72 69 3 3
73 68 3 3
73 66 3 3
73 62 3 3
73 60 3 3
74 61 3 3
74 60 3 3
74 69 3 3
74 63 3 3
75 62 3 3
75 69 3 3
75 72 3 3
75 65 3 3
76 66 3 3
76 60 3 3
76 63 3 3
76 62 3 3
77 71 3 3
77 70 3 3
77 64 3 3
77 72 3 3
78 75 3 3
78 67 3 3
78 63 3 3
78 65 3 3
79 74 3 3
79 69 3 3
79 77 3 3
79 65 3 3
60 77 3 3
60 69 3 3
60 75 3 3
60 65 3 3
61 66 3 3
61 79 3 3
61 76 3 3
61 75 3 3
62 71 3 3
62 74 3 3
62 70 3 3
62 72 3 3
63 77 3 3
63 71 3 3
63 72 3 3
63 75 3 3
84 81 4 4
84 80 4 4
84 83 4 4
84 82 4 4
85 80 4 4
85 81 4 4
85 83 4 4
85 82 4 4
86 82 4 4
86 81 4 4
86 85 4 4
86 84 4 4
87 80 4 4
87 84 4 4
87 85 4 4
87 86 4 4
88 84 4 4
88 81 4 4
88 86 4 4
88 82 4 4
89 84 4 4
89 86 4 4
89 81 4 4
89 88 4 4
90 84 4 4
90 88 4 4
90 82 4 4
90 89 4 4
91 82 4 4
91 89 4 4
91 80 4 4
91 84 4 4
92 82 4 4
92 90 4 4
92 88 4 4
92 91 4 4
93 85 4 4
93 81 4 4
93 88 4 4
93 86 4 4
94 82 4 4
94 89 4 4
94 84 4 4
94 86 4 4
95 84 4 4
95 90 4 4
95 91 4 4
95 82 4 4
96 94 4 4
96 87 4 4
96 84 4 4
96 81 4 4
97 84 4 4
97 95 4 4
97 92 4 4
97 93 4 4
98 94 4 4
98 96 4 4
98 86 4 4
98 95 4 4
99 98 4 4
99 80 4 4
99 83 4 4
99 95 4 4
80 95 4 4
80 90 4 4
80 93 4 4
80 88 4 4
81 94 4 4
81 90 4 4
81 91 4 4
81 87 4 4
82 97 4 4
82 93 4 4
82 89 4 4
82 99 4 4
83 93 4 4
83 95 4 4
83 92 4 4
83 91 4 4
104 101 5 5
104 102 5 5
104 100 5 5
104 103 5 5
105 101 5 5
105 102 5 5
105 104 5 5
105 103 5 5
106 104 5 5
106 100 5 5
106 102 5 5
106 105 5 5
107 105 5 5
107 106 5 5
107 102 5 5
107 103 5 5
108 100 5 5
108 105 5 5
108 102 5 5
108 106 5 5
109 103 5 5
109 105 5 5
109 102 5 5
109 107 5 5
110 100 5 5
110 108 5 5
110 104 5 5
110 106 5 5
111 107 5 5
111 102 5 5
111 100 5 5
111 110 5 5
112 111 5 5
112 101 5 5
112 108 5 5
112 107 5 5
113 106 5 5
113 109 5 5
113 112 5 5
113 108 5 5
114 107 5 5
114 113 5 5
114 106 5 5
114 102 5 5
115 110 5 5
115 100 5 5
115 113 5 5
115 108 5 5
116 110 5 5
116 111 5 5
116 103 5 5
116 108 5 5
117 107 5 5
117 102 5 5
117 101 5 5
117 111 5 5
118 107 5 5
118 100 5 5
118 116 5 5
118 110 5 5
119 103 5 5
119 101 5 5
119 115 5 5
119 102 5 5
100 112 5 5
100 113 5 5
100 105 5 5
100 114 5 5
101 111 5 5
101 109 5 5
101 107 5 5
101 116 5 5
102 113 5 5
102 115 5 5
102 112 5 5
102 110 5 5
103 106 5 5
103 117 5 5
103 113 5 5
103 114 5 5
124 121 6 6
124 123 6 6
124 122 6 6
124 120 6 6
125 124 6 6
125 123 6 6
125 121 6 6
125 122 6 6
126 124 6 6
126 121 6 6
126 120 6 6
126 122 6 6
127 120 6 6
127 126 6 6
127 121 6 6
127 122 6 6
128 126 6 6
128 127 6 6
128 120 6 6
128 122 6 6
129 126 6 6
129 128 6 6
129 123 6 6
129 124 6 6
130 127 6 6
130 124 6 6
130 123 6 6
130 126 6 6
131 129 6 6
131 126 6 6
131 127 6 6
131 124 6 6
132 128 6 6
132 122 6 6
132 124 6 6
132 120 6 6
133 123 6 6
133 121 6 6
133 128 6 6
133 125 6 6
134 120 6 6
134 126 6 6
134 121 6 6
134 132 6 6
135 124 6 6
135 121 6 6
135 133 6 6
135 132 6 6
136 126 6 6
136 134 6 6
136 122 6 6
136 121 6 6
137 134 6 6
137 130 6 6
137 136 6 6
137 126 6 6
138 122 6 6
138 129 6 6
138 127 6 6
138 128 6 6
139 121 6 6
139 122 6 6
139 129 6 6
139 136 6 6
120 135 6 6
120 137 6 6
120 139 6 6
120 131 6 6
121 130 6 6
121 138 6 6
121 137 6 6
121 132 6 6
122 133 6 6
122 134 6 6
122 135 6 6
122 130 6 6
123 128 6 6
123 139 6 6
123 127 6 6
123 126 6 6
144 140 7 7
144 143 7 7
144 141 7 7
144 142 7 7
145 141 7 7
145 140 7 7
145 144 7 7
145 142 7 7
146 145 7 7
146 144 7 7
146 141 7 7
146 143 7 7
147 145 7 7
147 141 7 7
147 140 7 7
147 143 7 7
148 140 7 7
148 141 7 7
148 145 7 7
148 142 7 7
149 147 7 7
149 144 7 7
149 146 7 7
149 145 7 7
150 146 7 7
150 145 7 7
150 142 7 7
150 147 7 7
151 146 7 7
151 148 7 7
151 142 7 7
151 150 7 7
152 149 7 7
152 150 7 7
152 148 7 7
152 142 7 7
153 147 7 7
153 151 7 7
153 145 7 7
153 150 7 7
154 145 7 7
154 141 7 7
154 142 7 7
154 147 7 7
155 146 7 7
155 150 7 7
155 153 7 7
155 154 7 7
156 151 7 7
156 147 7 7
156 153 7 7
156 150 7 7
157 148 7 7
157 152 7 7
157 149 7 7
157 147 7 7
158 150 7 7
158 152 7 7
158 155 7 7
158 142 7 7
159 153 7 7
159 146 7 7
159 151 7 7
159 154 7 7
140 159 7 7
140 156 7 7
140 153 7 7
140 155 7 7
141 156 7 7
141 153 7 7
141 149 7 7
141 152 7 7
142 147 7 7
142 149 7 7
142 157 7 7
142 156 7 7
143 145 7 7
143 148 7 7
143 149 7 7
143 156 7 7
164 162 8 8
164 163 8 8
164 160 8 8
164 161 8 8
165 163 8 8
165 164 8 8
165 162 8 8
165 161 8 8
166 162 8 8
166 165 8 8
166 164 8 8
166 163 8 8
167 165 8 8
167 161 8 8
167 163 8 8
167 164 8 8
168 165 8 8
168 166 8 8
168 162 8 8
168 167 8 8
169 161 8 8
169 163 8 8
169 160 8 8
169 165 8 8
170 162 8 8
170 161 8 8
170 167 8 8
170 169 8 8
171 163 8 8
171 169 8 8
171 162 8 8
171 168 8 8
172 171 8 8
172 170 8 8
172 168 8 8
172 160 8 8
173 163 8 8
173 164 8 8
173 165 8 8
173 169 8 8
174 170 8 8
174 163 8 8
174 165 8 8
174 169 8 8
175 166 8 8
175 170 8 8
175 163 8 8
175 165 8 8
176 175 8 8
176 174 8 8
176 165 8 8
176 164 8 8
177 163 8 8
177 176 8 8
177 164 8 8
177 173 8 8
178 166 8 8
178 161 8 8
178 162 8 8
178 176 8 8
179 168 8 8
179 175 8 8
179 171 8 8
179 163 8 8
160 165 8 8
160 177 8 8
160 173 8 8
160 175 8 8
161 174 8 8
161 166 8 8
161 173 8 8
161 176 8 8
162 174 8 8
162 176 8 8
162 177 8 8
162 167 8 8
163 168 8 8
163 170 8 8
163 176 8 8
163 178 8 8
184 180 9 9
184 182 9 9
184 181 9 9
184 183 9 9
185 183 9 9
185 181 9 9
185 180 9 9
185 184 9 9
186 185 9 9
186 181 9 9
186 184 9 9
186 180 9 9
187 182 9 9
187 184 9 9
187 181 9 9
187 180 9 9
188 185 9 9
188 180 9 9
188 184 9 9
188 183 9 9
189 186 9 9
189 183 9 9
189 180 9 9
189 182 9 9
190 188 9 9
190 184 9 9
190 183 9 9
190 180 9 9
191 180 9 9
191 181 9 9
191 185 9 9
191 190 9 9
192 191 9 9
192 181 9 9
192 185 9 9
192 180 9 9
193 180 9 9
193 190 9 9
193 183 9 9
193 182 9 9
194 185 9 9
194 182 9 9
194 193 9 9
194 186 9 9
195 186 9 9
195 189 9 9
195 191 9 9
195 188 9 9
196 180 9 9
196 183 9 9
196 185 9 9
196 188 9 9
197 180 9 9
197 194 9 9
197 191 9 9
197 187 9 9
198 186 9 9
198 197 9 9
198 180 9 9
198 185 9 9
199 197 9 9
199 191 9 9
199 181 9 9
199 180 9 9
180 195 9 9
180 194 9 9
181 198 9 9
181 189 9 9
181 190 9 9
181 193 9 9
182 190 9 9
182 197 9 9
182 186 9 9
182 195 9 9
183 197 9 9
183 194 9 9
183 191 9 9
183 198 9 9
204 202 10 10
204 200 10 10
204 201 10 10
204 203 10 10
205 201 10 10
205 203 10 10
205 204 10 10
205 202 10 10
206 203 10 10
206 202 10 10
206 205 10 10
206 204 10 10
207 205 10 10
207 204 10 10
207 202 10 10
207 201 10 10
208 206 10 10
208 204 10 10
208 207 10 10
208 203 10 10
209 207 10 10
209 205 10 10
209 201 10 10
209 208 10 10
210 206 10 10
210 200 10 10
210 205 10 10
210 208 10 10
211 201 10 10
211 207 10 10
211 208 10 10
211 202 10 10
212 211 10 10
212 202 10 10
212 207 10 10
212 210 10 10
213 210 10 10
213 205 10 10
213 211 10 10
213 207 10 10
214 200 10 10
214 207 10 10
214 205 10 10
214 202 10 10
215 207 10 10
215 213 10 10
215 206 10 10
215 209 10 10
216 203 10 10
216 205 10 10
216 214 10 10
216 210 10 10
217 211 10 10
217 205 10 10
217 215 10 10
217 209 10 10
218 208 10 10
218 213 10 10
218 211 10 10
218 201 10 10
219 211 10 10
219 205 10 10
219 210 10 10
219 214 10 10
200 207 10 10
200 218 10 10
200 205 10 10
200 219 10 10
201 216 10 10
201 214 10 10
201 206 10 10
201 217 10 10
202 216 10 10
202 208 10 10
202 219 10 10
202 213 10 10
203 210 10 10
203 215 10 10
203 217 10 10
203 219 10 10
224 220 11 11
224 222 11 11
224 221 11 11
224 223 11 11
225 222 11 11
225 223 11 11
225 221 11 11
225 224 11 11
226 222 11 11
226 223 11 11
226 221 11 11
226 224 11 11
227 220 11 11
227 222 11 11
227 224 11 11
227 223 11 11
228 226 11 11
228 224 11 11
228 220 11 11
228 222 11 11
229 223 11 11
229 226 11 11
229 221 11 11
229 225 11 11
230 220 11 11
230 225 11 11
230 227 11 11
230 222 11 11
231 229 11 11
231 230 11 11
231 222 11 11
231 227 11 11
232 223 11 11
232 228 11 11
232 231 11 11
232 222 11 11
233 226 11 11
233 232 11 11
233 229 11 11
233 222 11 11
234 220 11 11
234 221 11 11
234 230 11 11
234 229 11 11
235 224 11 11
235 228 11 11
235 222 11 11
235 232 11 11
236 233 11 11
236 230 11 11
236 232 11 11
236 228 11 11
237 227 11 11
237 235 11 11
237 224 11 11
237 222 11 11
238 232 11 11
238 224 11 11
238 227 11 11
238 223 11 11
239 225 11 11
239 230 11 11
239 238 11 11
239 221 11 11
220 238 11 11
220 236 11 11
220 233 11 11
220 237 11 11
221 227 11 11
221 230 11 11
221 236 11 11
221 231 11 11
222 239 11 11
222 238 11 11
222 234 11 11
222 229 11 11
223 236 11 11
223 230 11 11
223 228 11 11
223 233 11 11
244 243 12 12
244 242 12 12
244 241 12 12
244 240 12 12
245 240 12 12
245 241 12 12
245 243 12 12
245 244 12 12
246 245 12 12
246 241 12 12
246 242 12 12
246 243 12 12
247 246 12 12
247 245 12 12
247 241 12 12
247 242 12 12
248 242 12 12
248 246 12 12
248 247 12 12
248 245 12 12
249 240 12 12
249 244 12 12
249 246 12 12
249 242 12 12
250 244 12 12
250 243 12 12
250 247 12 12
250 249 12 12
251 247 12 12
251 240 12 12
251 241 12 12
251 249 12 12
252 251 12 12
252 242 12 12
252 250 12 12
252 246 12 12
253 249 12 12
253 251 12 12
253 248 12 12
253 252 12 12
254 249 12 12
254 241 12 12
254 245 12 12
254 250 12 12
255 250 12 12
255 248 12 12
255 253 12 12
255 249 12 12
256 249 12 12
256 254 12 12
256 244 12 12
256 255 12 12
257 249 12 12
257 256 12 12
257 244 12 12
257 255 12 12
258 247 12 12
258 246 12 12
258 244 12 12
258 245 12 12
259 243 12 12
259 241 12 12
259 252 12 12
259 244 12 12
240 259 12 12
240 254 12 12
240 257 12 12
240 247 12 12
241 248 12 12
241 255 12 12
241 250 12 12
241 252 12 12
242 258 12 12
242 245 12 12
242 257 12 12
242 259 12 12
243 256 12 12
243 247 12 12
243 255 12 12
243 252 12 12
264 260 13 13
264 261 13 13
264 263 13 13
264 262 13 13
265 263 13 13
265 264 13 13
265 262 13 13
265 260 13 13
266 264 13 13
266 262 13 13
266 263 13 13
266 265 13 13
267 263 13 13
267 261 13 13
267 262 13 13
267 266 13 13
268 264 13 13
268 265 13 13
268 266 13 13
268 261 13 13
269 260 13 13
269 266 13 13
269 263 13 13
269 265 13 13
270 265 13 13
270 269 13 13
270 260 13 13
270 262 13 13
271 268 13 13
271 267 13 13
271 262 13 13
271 260 13 13
272 269 13 13
272 268 13 13
272 266 13 13
272 270 13 13
273 268 13 13
273 264 13 13
273 261 13 13
273 260 13 13
274 271 13 13
274 270 13 13
274 264 13 13
274 265 13 13
275 261 13 13
275 274 13 13
275 263 13 13
275 273 13 13
276 267 13 13
276 260 13 13
276 274 13 13
276 272 13 13
277 270 13 13
277 266 13 13
277 274 13 13
277 275 13 13
278 261 13 13
278 274 13 13
278 262 13 13
278 268 13 13
279 269 13 13
279 272 13 13
279 265 13 13
279 275 13 13
260 266 13 13
260 274 13 13
260 275 13 13
260 278 13 13
261 269 13 13
261 266 13 13
261 271 13 13
261 276 13 13
262 275 13 13
262 276 13 13
262 279 13 13
262 274 13 13
263 279 13 13
263 273 13 13
263 274 13 13
263 272 13 13
284 283 14 14
284 280 14 14
284 281 14 14
284 282 14 14
285 280 14 14
285 281 14 14
285 282 14 14
285 284 14 14
286 284 14 14
286 283 14 14
286 281 14 14
286 280 14 14
287 281 14 14
287 283 14 14
287 280 14 14
287 286 14 14
288 286 14 14
288 282 14 14
288 287 14 14
288 285 14 14
289 285 14 14
289 286 14 14
289 282 14 14
289 288 14 14
290 283 14 14
290 286 14 14
290 287 14 14
290 281 14 14
291 280 14 14
291 282 14 14
291 289 14 14
291 288 14 14
292 280 14 14
292 289 14 14
292 291 14 14
292 285 14 14
293 292 14 14
293 282 14 14
293 289 14 14
293 281 14 14
294 285 14 14
294 281 14 14
294 292 14 14
294 293 14 14
295 291 14 14
295 283 14 14
295 280 14 14
295 288 14 14
296 280 14 14
296 284 14 14
296 286 14 14
296 290 14 14
297 296 14 14
297 281 14 14
297 288 14 14
297 280 14 14
298 282 14 14
298 286 14 14
298 292 14 14
298 294 14 14
299 291 14 14
299 293 14 14
299 280 14 14
299 285 14 14
280 293 14 14
280 298 14 14
280 290 14 14
280 288 14 14
281 295 14 14
281 296 14 14
281 298 14 14
281 288 14 14
282 294 14 14
282 299 14 14
282 292 14 14
282 296 14 14
283 297 14 14
283 291 14 14
283 296 14 14
283 288 14 14
304 303 15 15
304 301 15 15
304 300 15 15
304 302 15 15
305 302 15 15
305 304 15 15
305 301 15 15
305 300 15 15
306 303 15 15
306 304 15 15
306 302 15 15
306 305 15 15
307 306 15 15
307 305 15 15
307 301 15 15
307 302 15 15
308 301 15 15
308 305 15 15
308 300 15 15
308 307 15 15
309 308 15 15
309 300 15 15
309 306 15 15
309 305 15 15
310 304 15 15
310 301 15 15
310 309 15 15
310 307 15 15
311 308 15 15
311 300 15 15
311 309 15 15
311 305 15 15
312 302 15 15
312 306 15 15
312 300 15 15
312 308 15 15
313 300 15 15
313 306 15 15
313 311 15 15
313 307 15 15
314 311 15 15
314 307 15 15
314 305 15 15
314 302 15 15
315 312 15 15
315 305 15 15
315 310 15 15
315 304 15 15
316 309 15 15
316 303 15 15
316 313 15 15
316 311 15 15
317 301 15 15
317 310 15 15
317 314 15 15
317 306 15 15
318 313 15 15
318 311 15 15
318 309 15 15
318 316 15 15
319 316 15 15
319 300 15 15
319 304 15 15
319 307 15 15
300 307 15 15
300 314 15 15
300 315 15 15
300 318 15 15
301 306 15 15
301 316 15 15
301 319 15 15
301 315 15 15
302 311 15 15
302 313 15 15
302 319 15 15
302 318 15 15
303 309 15 15
303 308 15 15
303 313 15 15
303 311 15 15
97 39 4 1
85 60 4 3
87 44 4 2
90 0 4 0
110 30 5 1
101 90 5 4
110 60 5 3
105 5 5 0
129 43 6 2
124 67 6 3
131 104 6 5
132 83 6 4
159 124 7 6
153 95 7 4
142 26 7 1
142 102 7 5
168 22 8 1
162 66 8 3
165 124 8 6
176 84 8 4
185 79 9 3
182 132 9 6
186 7 9 0
181 81 9 4
205 140 10 7
216 162 10 8
213 93 10 4
218 23 10 1
239 185 11 9
239 37 11 1
236 74 11 3
220 4 11 0
241 16 12 0
250 224 12 11
244 186 12 9
242 134 12 6
276 113 13 5
260 211 13 10
263 159 13 7
267 73 13 3
291 279 14 13
291 91 14 4
281 134 14 6
295 141 14 7
314 125 15 6
306 50 15 2
308 184 15 9
304 114 15 5
8 207 0 10
15 166 0 8
7 314 0 15
0 276 0 13
33 271 1 13
30 138 1 6
20 304 1 15
22 251 1 12
49 234 2 11
49 180 2 9
53 262 2 13
43 174 2 8
63 310 3 15
65 293 3 14
61 246 3 12
67 149 3 7
