swNum = 320
edgeNum = 1343

0 0
1 0
2 0
3 0
4 0
5 0
6 0
7 0
8 0
9 0
10 0
11 0
12 0
13 0
14 0
15 0
16 0
17 0
18 0
19 0
20 1
21 1
22 1
23 1
24 1
25 1
26 1
27 1
28 1
29 1
30 1
31 1
32 1
33 1
34 1
35 1
36 1
37 1
38 1
39 1
40 2
41 2
42 2
43 2
44 2
45 2
46 2
47 2
48 2
49 2
50 2
51 2
52 2
53 2
54 2
55 2
56 2
57 2
58 2
59 2
60 3
61 3
62 3
63 3
64 3
65 3
66 3
67 3
68 3
69 3
70 3
71 3
72 3
73 3
74 3
75 3
76 3
77 3
78 3
79 3
80 4
81 4
82 4
83 4
84 4
85 4
86 4
87 4
88 4
89 4
90 4
91 4
92 4
93 4
94 4
95 4
96 4
97 4
98 4
99 4
100 5
101 5
102 5
103 5
104 5
105 5
106 5
107 5
108 5
109 5
110 5
111 5
112 5
113 5
114 5
115 5
116 5
117 5
118 5
119 5
120 6
121 6
122 6
123 6
124 6
125 6
126 6
127 6
128 6
129 6
130 6
131 6
132 6
133 6
134 6
135 6
136 6
137 6
138 6
139 6
140 7
141 7
142 7
143 7
144 7
145 7
146 7
147 7
148 7
149 7
150 7
151 7
152 7
153 7
154 7
155 7
156 7
157 7
158 7
159 7
160 8
161 8
162 8
163 8
164 8
165 8
166 8
167 8
168 8
169 8
170 8
171 8
172 8
173 8
174 8
175 8
176 8
177 8
178 8
179 8
180 9
181 9
182 9
183 9
184 9
185 9
186 9
187 9
188 9
189 9
190 9
191 9
192 9
193 9
194 9
195 9
196 9
197 9
198 9
199 9
200 10
201 10
202 10
203 10
204 10
205 10
206 10
207 10
208 10
209 10
210 10
211 10
212 10
213 10
214 10
215 10
216 10
217 10
218 10
219 10
220 11
221 11
222 11
223 11
224 11
225 11
226 11
227 11
228 11
229 11
230 11
231 11
232 11
233 11
234 11
235 11
236 11
237 11
238 11
239 11
240 12
241 12
242 12
243 12
244 12
245 12
246 12
247 12
248 12
249 12
250 12
251 12
252 12
253 12
254 12
255 12
256 12
257 12
258 12
259 12
260 13
261 13
262 13
263 13
264 13
265 13
266 13
267 13
268 13
269 13
270 13
271 13
272 13
273 13
274 13
275 13
276 13
277 13
278 13
279 13
280 14
281 14
282 14
283 14
284 14
285 14
286 14
287 14
288 14
289 14
290 14
291 14
292 14
293 14
294 14
295 14
296 14
297 14
298 14
299 14
300 15
301 15
302 15
303 15
304 15
305 15
306 15
307 15
308 15
309 15
310 15
311 15
312 15
313 15
314 15
315 15
316 15
317 15
318 15
319 15

4 2 0 0
4 1 0 0
4 0 0 0
4 3 0 0
5 2 0 0
5 3 0 0
5 0 0 0
5 1 0 0
6 5 0 0
6 0 0 0
6 3 0 0
6 2 0 0
7 4 0 0
7 1 0 0
7 6 0 0
7 2 0 0
8 4 0 0
8 1 0 0
8 7 0 0
8 5 0 0
9 5 0 0
9 2 0 0
9 1 0 0
9 0 0 0
10 9 0 0
10 1 0 0
10 8 0 0
10 7 0 0
11 1 0 0
11 9 0 0
11 10 0 0
11 3 0 0
12 1 0 0
12 11 0 0
12 10 0 0
12 5 0 0
13 0 0 0
13 9 0 0
13 3 0 0
13 1 0 0
14 6 0 0
14 1 0 0
14 9 0 0
14 11 0 0
15 9 0 0
15 1 0 0
15 4 0 0
15 3 0 0
16 8 0 0
16 4 0 0
16 7 0 0
16 11 0 0
17 12 0 0
17 9 0 0
17 13 0 0
17 2 0 0
18 11 0 0
18 1 0 0
18 4 0 0
18 7 0 0
19 7 0 0
19 11 0 0
19 1 0 0
19 8 0 0
0 15 0 0
0 12 0 0
0 8 0 0
0 14 0 0
1 17 0 0
1 6 0 0
1 16 0 0
2 15 0 0
2 11 0 0
2 19 0 0
2 12 0 0
3 14 0 0
3 17 0 0
3 18 0 0
3 12 0 0
24 23 1 1
24 21 1 1
24 22 1 1
24 20 1 1
25 21 1 1
25 23 1 1
25 22 1 1
25 24 1 1
26 21 1 1
26 22 1 1
26 23 1 1
26 24 1 1
27 25 1 1
27 24 1 1
27 23 1 1
27 22 1 1
28 23 1 1
28 24 1 1
28 27 1 1
28 25 1 1
29 20 1 1
29 28 1 1
29 22 1 1
29 26 1 1
30 20 1 1
30 22 1 1
30 24 1 1
30 23 1 1
31 22 1 1
31 25 1 1
31 28 1 1
31 24 1 1
32 20 1 1
32 31 1 1
32 28 1 1
32 29 1 1
33 25 1 1
33 32 1 1
33 26 1 1
33 21 1 1
34 22 1 1
34 26 1 1
34 24 1 1
34 31 1 1
35 21 1 1
35 29 1 1
35 33 1 1
35 32 1 1
36 26 1 1
36 22 1 1
36 21 1 1
36 27 1 1
37 20 1 1
37 27 1 1
37 33 1 1
37 23 1 1
38 37 1 1
38 33 1 1
38 21 1 1
38 23 1 1
39 23 1 1
39 30 1 1
39 26 1 1
39 33 1 1
20 35 1 1
20 26 1 1
20 36 1 1
20 33 1 1
21 39 1 1
21 37 1 1
21 27 1 1
21 31 1 1
22 38 1 1
22 33 1 1
22 35 1 1
22 39 1 1
23 33 1 1
23 32 1 1
23 35 1 1
23 31 1 1
44 41 2 2
44 40 2 2
44 43 2 2
44 42 2 2
45 40 2 2
45 43 2 2
45 44 2 2
45 41 2 2
46 40 2 2
46 42 2 2
46 41 2 2
46 43 2 2
47 42 2 2
47 46 2 2
47 44 2 2
47 40 2 2
48 40 2 2
48 42 2 2
48 44 2 2
48 45 2 2
49 42 2 2
49 48 2 2
49 44 2 2
49 43 2 2
50 45 2 2
50 48 2 2
50 41 2 2
50 44 2 2
51 49 2 2
51 47 2 2
51 50 2 2
51 41 2 2
52 44 2 2
52 43 2 2
52 42 2 2
52 41 2 2
53 50 2 2
53 44 2 2
53 41 2 2
53 45 2 2
54 44 2 2
54 49 2 2
54 50 2 2
54 51 2 2
55 50 2 2
55 52 2 2
55 40 2 2
55 54 2 2
56 49 2 2
56 44 2 2
56 43 2 2
56 48 2 2
57 53 2 2
57 55 2 2
57 54 2 2
57 40 2 2
58 54 2 2
58 47 2 2
58 56 2 2
58 42 2 2
59 41 2 2
59 44 2 2
59 49 2 2
59 46 2 2
40 58 2 2
40 54 2 2
40 56 2 2
40 52 2 2
41 56 2 2
41 58 2 2
41 57 2 2
41 47 2 2
42 45 2 2
42 59 2 2
42 56 2 2
42 54 2 2
43 58 2 2
43 51 2 2
43 47 2 2
43 48 2 2
64 63 3 3
64 61 3 3
64 60 3 3
64 62 3 3
65 61 3 3
65 60 3 3
65 64 3 3
65 63 3 3
66 62 3 3
66 60 3 3
66 65 3 3
66 63 3 3
67 64 3 3
67 61 3 3
67 65 3 3
67 66 3 3
68 60 3 3
68 63 3 3
68 66 3 3
68 62 3 3
69 61 3 3
69 65 3 3
69 60 3 3
69 64 3 3
70 66 3 3
70 65 3 3
70 69 3 3
70 62 3 3
71 62 3 3
71 67 3 3
71 68 3 3
71 66 3 3
72 67 3 3
72 64 3 3
72 65 3 3
72 66 3 3
73 68 3 3
73 61 3 3
73 64 3 3
73 62 3 3
74 71 3 3
74 61 3 3
74 65 3 3
74 73 3 3
75 70 3 3
75 69 3 3
75 60 3 3
75 65 3 3
76 60 3 3
76 69 3 3
76 63 3 3
76 73 3 3
77 60 3 3
77 65 3 3
77 61 3 3
77 63 3 3
78 74 3 3
78 76 3 3
78 67 3 3
78 73 3 3
79 69 3 3
79 77 3 3
79 74 3 3
79 78 3 3
60 70 3 3
60 71 3 3
60 73 3 3
60 74 3 3
61 76 3 3
61 70 3 3
61 68 3 3
61 79 3 3
62 76 3 3
62 75 3 3
62 78 3 3
62 69 3 3
63 75 3 3
63 67 3 3
63 74 3 3
63 70 3 3
84 82 4 4
84 80 4 4
84 81 4 4
84 83 4 4
85 82 4 4
85 83 4 4
85 84 4 4
85 81 4 4
86 82 4 4
86 83 4 4
86 85 4 4
86 81 4 4
87 85 4 4
87 82 4 4
87 86 4 4
87 83 4 4
88 84 4 4
88 81 4 4
88 86 4 4
88 85 4 4
89 84 4 4
89 86 4 4
89 85 4 4
89 87 4 4
90 86 4 4
90 89 4 4
90 88 4 4
90 84 4 4
91 84 4 4
91 87 4 4
91 86 4 4
91 85 4 4
92 81 4 4
92 84 4 4
92 82 4 4
92 85 4 4
93 88 4 4
93 84 4 4
93 85 4 4
93 90 4 4
94 92 4 4
94 82 4 4
94 84 4 4
94 83 4 4
95 89 4 4
95 88 4 4
95 85 4 4
95 92 4 4
96 95 4 4
96 86 4 4
96 88 4 4
96 84 4 4
97 92 4 4
97 90 4 4
97 96 4 4
97 89 4 4
98 94 4 4
98 80 4 4
98 90 4 4
98 91 4 4
99 94 4 4
99 82 4 4
99 91 4 4
99 81 4 4
80 90 4 4
80 86 4 4
80 91 4 4
80 89 4 4
81 94 4 4
81 87 4 4
81 91 4 4
81 93 4 4
82 90 4 4
82 89 4 4
82 97 4 4
82 91 4 4
83 88 4 4
83 89 4 4
83 93 4 4
83 97 4 4
104 100 5 5
104 103 5 5
104 102 5 5
104 101 5 5
105 104 5 5
105 100 5 5
105 103 5 5
105 101 5 5
106 101 5 5
106 104 5 5
106 100 5 5
106 105 5 5
107 104 5 5
107 101 5 5
107 103 5 5
107 106 5 5
108 100 5 5
108 106 5 5
108 104 5 5
108 105 5 5
109 106 5 5
109 104 5 5
109 107 5 5
109 103 5 5
110 103 5 5
110 102 5 5
110 104 5 5
110 106 5 5
111 101 5 5
111 102 5 5
111 110 5 5
111 109 5 5
112 111 5 5
112 100 5 5
112 110 5 5
112 102 5 5
113 108 5 5
113 109 5 5
113 104 5 5
113 112 5 5
114 108 5 5
114 110 5 5
114 101 5 5
114 111 5 5
115 102 5 5
115 109 5 5
115 110 5 5
115 112 5 5
116 106 5 5
116 114 5 5
116 101 5 5
116 109 5 5
117 113 5 5
117 103 5 5
117 111 5 5
117 109 5 5
118 101 5 5
118 109 5 5
118 108 5 5
118 115 5 5
119 116 5 5
119 103 5 5
119 104 5 5
119 101 5 5
100 111 5 5
100 119 5 5
100 115 5 5
100 118 5 5
101 117 5 5
101 110 5 5
101 112 5 5
101 109 5 5
102 119 5 5
102 106 5 5
102 105 5 5
102 118 5 5
103 111 5 5
103 116 5 5
103 108 5 5
103 115 5 5
124 120 6 6
124 122 6 6
124 121 6 6
124 123 6 6
125 122 6 6
125 124 6 6
125 123 6 6
125 120 6 6
126 120 6 6
126 123 6 6
126 124 6 6
126 121 6 6
127 121 6 6
127 126 6 6
127 125 6 6
127 122 6 6
128 126 6 6
128 125 6 6
128 121 6 6
128 123 6 6
129 121 6 6
129 125 6 6
129 123 6 6
129 126 6 6
130 124 6 6
130 120 6 6
130 122 6 6
130 127 6 6
131 127 6 6
131 121 6 6
131 122 6 6
131 125 6 6
132 123 6 6
132 127 6 6
132 131 6 6
132 126 6 6
133 121 6 6
133 123 6 6
133 128 6 6
133 131 6 6
134 132 6 6
134 129 6 6
134 133 6 6
134 126 6 6
135 131 6 6
135 133 6 6
135 127 6 6
135 126 6 6
136 123 6 6
136 131 6 6
136 125 6 6
136 126 6 6
137 123 6 6
137 136 6 6
137 131 6 6
137 133 6 6
138 125 6 6
138 128 6 6
138 122 6 6
138 131 6 6
139 130 6 6
139 135 6 6
139 129 6 6
139 122 6 6
120 136 6 6
120 139 6 6
120 137 6 6
120 138 6 6
121 135 6 6
121 139 6 6
121 137 6 6
121 136 6 6
122 132 6 6
122 133 6 6
122 126 6 6
122 135 6 6
123 139 6 6
123 134 6 6
123 131 6 6
123 138 6 6
144 143 7 7
144 142 7 7
144 141 7 7
144 140 7 7
145 141 7 7
145 142 7 7
145 140 7 7
145 144 7 7
146 143 7 7
146 142 7 7
146 144 7 7
146 141 7 7
147 144 7 7
147 143 7 7
147 145 7 7
147 141 7 7
148 145 7 7
148 147 7 7
148 144 7 7
148 142 7 7
149 147 7 7
149 143 7 7
149 145 7 7
149 142 7 7
150 146 7 7
150 148 7 7
150 149 7 7
150 141 7 7
151 141 7 7
151 140 7 7
151 144 7 7
151 145 7 7
152 143 7 7
152 146 7 7
152 142 7 7
152 144 7 7
153 143 7 7
153 152 7 7
153 151 7 7
153 140 7 7
154 153 7 7
154 140 7 7
154 148 7 7
154 144 7 7
155 151 7 7
155 148 7 7
155 141 7 7
155 147 7 7
156 144 7 7
156 152 7 7
156 150 7 7
156 146 7 7
157 142 7 7
157 155 7 7
157 153 7 7
157 151 7 7
158 153 7 7
158 157 7 7
158 151 7 7
158 154 7 7
159 157 7 7
159 141 7 7
159 154 7 7
159 158 7 7
140 158 7 7
140 149 7 7
140 150 7 7
140 159 7 7
141 148 7 7
141 157 7 7
141 153 7 7
141 149 7 7
142 156 7 7
142 154 7 7
142 147 7 7
142 155 7 7
143 156 7 7
143 145 7 7
143 150 7 7
143 154 7 7
164 163 8 8
164 161 8 8
164 160 8 8
164 162 8 8
165 161 8 8
165 164 8 8
165 163 8 8
165 162 8 8
166 162 8 8
166 165 8 8
166 164 8 8
166 163 8 8
167 160 8 8
167 161 8 8
167 163 8 8
167 166 8 8
168 161 8 8
168 166 8 8
168 164 8 8
168 165 8 8
169 165 8 8
169 168 8 8
169 163 8 8
169 161 8 8
170 169 8 8
170 163 8 8
170 161 8 8
170 167 8 8
171 169 8 8
171 167 8 8
171 168 8 8
171 170 8 8
172 164 8 8
172 169 8 8
172 160 8 8
172 171 8 8
173 161 8 8
173 169 8 8
173 163 8 8
173 171 8 8
174 169 8 8
174 173 8 8
174 171 8 8
174 160 8 8
175 161 8 8
175 169 8 8
175 166 8 8
175 172 8 8
176 175 8 8
176 164 8 8
176 166 8 8
176 162 8 8
177 162 8 8
177 176 8 8
177 167 8 8
177 170 8 8
178 174 8 8
178 161 8 8
178 170 8 8
178 171 8 8
179 176 8 8
179 167 8 8
179 171 8 8
179 160 8 8
160 170 8 8
160 175 8 8
160 176 8 8
160 166 8 8
161 171 8 8
161 174 8 8
161 172 8 8
161 179 8 8
162 179 8 8
162 178 8 8
162 172 8 8
162 175 8 8
163 177 8 8
163 179 8 8
163 176 8 8
163 178 8 8
184 182 9 9
184 180 9 9
184 183 9 9
184 181 9 9
185 184 9 9
185 182 9 9
185 183 9 9
185 181 9 9
186 185 9 9
186 180 9 9
186 184 9 9
186 182 9 9
187 186 9 9
187 181 9 9
187 185 9 9
187 184 9 9
188 180 9 9
188 182 9 9
188 184 9 9
188 185 9 9
189 187 9 9
189 181 9 9
189 186 9 9
189 185 9 9
190 186 9 9
190 188 9 9
190 180 9 9
190 184 9 9
191 183 9 9
191 185 9 9
191 190 9 9
191 182 9 9
192 180 9 9
192 190 9 9
192 183 9 9
192 184 9 9
193 186 9 9
193 182 9 9
193 184 9 9
193 180 9 9
194 180 9 9
194 192 9 9
194 187 9 9
194 184 9 9
195 192 9 9
195 188 9 9
195 191 9 9
195 180 9 9
196 184 9 9
196 188 9 9
196 182 9 9
196 186 9 9
197 184 9 9
197 190 9 9
197 180 9 9
197 192 9 9
198 188 9 9
198 193 9 9
198 185 9 9
198 196 9 9
199 197 9 9
199 191 9 9
199 185 9 9
199 184 9 9
180 191 9 9
180 187 9 9
180 185 9 9
180 196 9 9
181 198 9 9
181 199 9 9
181 192 9 9
181 197 9 9
182 190 9 9
182 198 9 9
182 197 9 9
182 192 9 9
183 198 9 9
183 186 9 9
183 193 9 9
183 196 9 9
204 203 10 10
204 202 10 10
204 201 10 10
204 200 10 10
205 201 10 10
205 200 10 10
205 202 10 10
205 204 10 10
206 205 10 10
206 201 10 10
206 203 10 10
206 200 10 10
207 206 10 10
207 204 10 10
207 200 10 10
207 203 10 10
208 205 10 10
208 200 10 10
208 207 10 10
208 201 10 10
209 200 10 10
209 205 10 10
209 206 10 10
209 207 10 10
210 206 10 10
210 200 10 10
210 207 10 10
210 201 10 10
211 201 10 10
211 204 10 10
211 209 10 10
211 203 10 10
212 211 10 10
212 202 10 10
212 201 10 10
212 210 10 10
213 211 10 10
213 212 10 10
213 202 10 10
213 206 10 10
214 210 10 10
214 201 10 10
214 206 10 10
214 209 10 10
215 214 10 10
215 207 10 10
215 206 10 10
215 204 10 10
216 214 10 10
216 200 10 10
216 215 10 10
216 209 10 10
217 213 10 10
217 212 10 10
217 203 10 10
217 208 10 10
218 202 10 10
218 204 10 10
218 214 10 10
218 206 10 10
219 214 10 10
219 200 10 10
219 201 10 10
219 205 10 10
200 218 10 10
200 214 10 10
200 215 10 10
200 212 10 10
201 213 10 10
201 218 10 10
201 216 10 10
201 209 10 10
202 217 10 10
202 208 10 10
202 211 10 10
202 214 10 10
203 218 10 10
203 209 10 10
203 212 10 10
203 216 10 10
224 222 11 11
224 220 11 11
224 223 11 11
224 221 11 11
225 222 11 11
225 224 11 11
225 220 11 11
225 221 11 11
226 225 11 11
226 222 11 11
226 224 11 11
226 221 11 11
227 224 11 11
227 225 11 11
227 223 11 11
227 222 11 11
228 220 11 11
228 224 11 11
228 223 11 11
228 227 11 11
229 227 11 11
229 222 11 11
229 221 11 11
229 220 11 11
230 229 11 11
230 220 11 11
230 222 11 11
230 223 11 11
231 223 11 11
231 221 11 11
231 230 11 11
231 229 11 11
232 230 11 11
232 229 11 11
232 225 11 11
232 224 11 11
233 224 11 11
233 227 11 11
233 221 11 11
233 220 11 11
234 230 11 11
234 228 11 11
234 222 11 11
234 226 11 11
235 234 11 11
235 222 11 11
235 220 11 11
235 226 11 11
236 235 11 11
236 234 11 11
236 232 11 11
236 223 11 11
237 234 11 11
237 228 11 11
237 226 11 11
237 225 11 11
238 225 11 11
238 228 11 11
238 229 11 11
238 226 11 11
239 231 11 11
239 238 11 11
239 220 11 11
239 224 11 11
220 234 11 11
220 237 11 11
220 227 11 11
220 238 11 11
221 228 11 11
221 234 11 11
221 230 11 11
221 232 11 11
222 228 11 11
222 236 11 11
222 231 11 11
222 237 11 11
223 234 11 11
223 233 11 11
223 237 11 11
223 239 11 11
244 242 12 12
244 241 12 12
244 243 12 12
244 240 12 12
245 244 12 12
245 241 12 12
245 242 12 12
245 243 12 12
246 244 12 12
246 245 12 12
246 242 12 12
246 241 12 12
247 243 12 12
247 244 12 12
247 242 12 12
247 241 12 12
248 243 12 12
248 245 12 12
248 246 12 12
248 242 12 12
249 243 12 12
249 247 12 12
249 244 12 12
249 245 12 12
250 240 12 12
250 245 12 12
250 242 12 12
250 244 12 12
251 241 12 12
251 245 12 12
251 246 12 12
251 242 12 12
252 243 12 12
252 244 12 12
252 246 12 12
252 241 12 12
253 242 12 12
253 251 12 12
253 245 12 12
253 243 12 12
254 244 12 12
254 246 12 12
254 250 12 12
254 245 12 12
255 252 12 12
255 249 12 12
255 247 12 12
255 246 12 12
256 254 12 12
256 244 12 12
256 253 12 12
256 243 12 12
257 251 12 12
257 245 12 12
257 242 12 12
257 252 12 12
258 252 12 12
258 242 12 12
258 245 12 12
258 241 12 12
259 256 12 12
259 245 12 12
259 248 12 12
259 240 12 12
240 256 12 12
240 257 12 12
240 253 12 12
240 258 12 12
241 250 12 12
241 249 12 12
241 255 12 12
241 253 12 12
242 256 12 12
242 254 12 12
242 252 12 12
242 259 12 12
243 255 12 12
243 259 12 12
243 250 12 12
243 258 12 12
264 260 13 13
264 261 13 13
264 262 13 13
264 263 13 13
265 260 13 13
265 261 13 13
265 264 13 13
265 262 13 13
266 261 13 13
266 264 13 13
266 263 13 13
266 265 13 13
267 261 13 13
267 262 13 13
267 265 13 13
267 260 13 13
268 262 13 13
268 267 13 13
268 264 13 13
268 263 13 13
269 266 13 13
269 268 13 13
269 261 13 13
269 260 13 13
270 269 13 13
270 260 13 13
270 265 13 13
270 261 13 13
271 270 13 13
271 263 13 13
271 267 13 13
271 262 13 13
272 267 13 13
272 260 13 13
272 264 13 13
272 263 13 13
273 261 13 13
273 266 13 13
273 270 13 13
273 264 13 13
274 272 13 13
274 268 13 13
274 263 13 13
274 264 13 13
275 265 13 13
275 263 13 13
275 266 13 13
275 264 13 13
276 265 13 13
276 270 13 13
276 268 13 13
276 264 13 13
277 273 13 13
277 274 13 13
277 266 13 13
277 270 13 13
278 262 13 13
278 271 13 13
278 264 13 13
278 270 13 13
279 262 13 13
279 264 13 13
279 276 13 13
279 270 13 13
260 276 13 13
260 266 13 13
260 275 13 13
260 273 13 13
261 278 13 13
261 277 13 13
261 274 13 13
261 275 13 13
262 273 13 13
262 275 13 13
262 277 13 13
262 266 13 13
263 265 13 13
263 277 13 13
263 270 13 13
263 267 13 13
284 281 14 14
284 283 14 14
284 282 14 14
284 280 14 14
285 282 14 14
285 284 14 14
285 283 14 14
285 280 14 14
286 281 14 14
286 282 14 14
286 283 14 14
286 280 14 14
287 286 14 14
287 284 14 14
287 283 14 14
287 285 14 14
288 284 14 14
288 281 14 14
288 287 14 14
288 286 14 14
289 280 14 14
289 285 14 14
289 282 14 14
289 286 14 14
290 287 14 14
290 285 14 14
290 286 14 14
290 284 14 14
291 285 14 14
291 280 14 14
291 282 14 14
291 290 14 14
292 281 14 14
292 286 14 14
292 291 14 14
292 285 14 14
293 282 14 14
293 289 14 14
293 292 14 14
293 288 14 14
294 281 14 14
294 293 14 14
294 288 14 14
294 287 14 14
295 280 14 14
295 283 14 14
295 288 14 14
295 293 14 14
296 293 14 14
296 280 14 14
296 291 14 14
296 283 14 14
297 281 14 14
297 282 14 14
297 291 14 14
297 287 14 14
298 288 14 14
298 287 14 14
298 284 14 14
298 296 14 14
299 297 14 14
299 284 14 14
299 287 14 14
299 290 14 14
280 292 14 14
280 298 14 14
280 293 14 14
280 297 14 14
281 299 14 14
281 298 14 14
281 290 14 14
281 291 14 14
282 295 14 14
282 288 14 14
282 287 14 14
282 298 14 14
283 288 14 14
283 290 14 14
283 293 14 14
283 289 14 14
304 301 15 15
304 302 15 15
304 300 15 15
304 303 15 15
305 303 15 15
305 301 15 15
305 300 15 15
305 302 15 15
306 300 15 15
306 301 15 15
306 305 15 15
306 302 15 15
307 305 15 15
307 301 15 15
307 302 15 15
307 304 15 15
308 302 15 15
308 306 15 15
308 303 15 15
308 301 15 15
309 301 15 15
309 304 15 15
309 307 15 15
309 303 15 15
310 304 15 15
310 305 15 15
310 301 15 15
310 306 15 15
311 308 15 15
311 306 15 15
311 304 15 15
311 303 15 15
312 302 15 15
312 301 15 15
312 304 15 15
312 300 15 15
313 311 15 15
313 302 15 15
313 307 15 15
313 306 15 15
314 305 15 15
314 313 15 15
314 306 15 15
314 309 15 15
315 304 15 15
315 301 15 15
315 303 15 15
315 305 15 15
316 308 15 15
316 314 15 15
316 304 15 15
316 311 15 15
317 311 15 15
317 302 15 15
317 315 15 15
317 301 15 15
318 311 15 15
318 308 15 15
318 310 15 15
318 316 15 15
319 306 15 15
319 315 15 15
319 300 15 15
319 302 15 15
300 309 15 15
300 314 15 15
300 307 15 15
300 308 15 15
301 314 15 15
301 318 15 15
301 313 15 15
301 311 15 15
302 311 15 15
302 318 15 15
302 316 15 15
302 314 15 15
303 313 15 15
303 316 15 15
303 310 15 15
303 306 15 15
89 18 4 0
95 77 4 3
87 52 4 2
93 36 4 1
107 67 5 3
118 21 5 1
116 58 5 2
105 5 5 0
131 47 6 2
133 36 6 1
123 67 6 3
126 114 6 5
143 96 7 4
143 18 7 0
149 31 7 1
154 118 7 5
177 11 8 0
163 85 8 4
177 154 8 7
175 67 8 3
185 123 9 6
182 71 9 3
188 105 9 5
194 50 9 2
217 156 10 7
203 78 10 3
208 184 10 9
211 54 10 2
237 151 11 7
220 81 11 4
223 42 11 2
235 216 11 10
251 181 12 9
255 106 12 5
254 238 12 11
242 78 12 3
271 22 13 1
272 164 13 8
264 249 13 12
263 199 13 9
290 26 14 1
293 249 14 12
291 61 14 3
298 236 14 11
316 261 15 13
307 299 15 14
308 165 15 8
300 39 15 1
11 249 0 12
14 222 0 11
17 130 0 6
13 206 0 10
24 166 1 8
35 190 1 9
37 222 1 11
21 210 1 10
52 169 2 8
40 260 2 13
58 151 2 7
54 284 2 14
74 310 3 15
60 229 3 11
67 158 3 7
61 262 3 13
