swNum = 320
edgeNum = 1344

0 0
1 0
2 0
3 0
4 0
5 0
6 0
7 0
8 0
9 0
10 0
11 0
12 0
13 0
14 0
15 0
16 0
17 0
18 0
19 0
20 1
21 1
22 1
23 1
24 1
25 1
26 1
27 1
28 1
29 1
30 1
31 1
32 1
33 1
34 1
35 1
36 1
37 1
38 1
39 1
40 2
41 2
42 2
43 2
44 2
45 2
46 2
47 2
48 2
49 2
50 2
51 2
52 2
53 2
54 2
55 2
56 2
57 2
58 2
59 2
60 3
61 3
62 3
63 3
64 3
65 3
66 3
67 3
68 3
69 3
70 3
71 3
72 3
73 3
74 3
75 3
76 3
77 3
78 3
79 3
80 4
81 4
82 4
83 4
84 4
85 4
86 4
87 4
88 4
89 4
90 4
91 4
92 4
93 4
94 4
95 4
96 4
97 4
98 4
99 4
100 5
101 5
102 5
103 5
104 5
105 5
106 5
107 5
108 5
109 5
110 5
111 5
112 5
113 5
114 5
115 5
116 5
117 5
118 5
119 5
120 6
121 6
122 6
123 6
124 6
125 6
126 6
127 6
128 6
129 6
130 6
131 6
132 6
133 6
134 6
135 6
136 6
137 6
138 6
139 6
140 7
141 7
142 7
143 7
144 7
145 7
146 7
147 7
148 7
149 7
150 7
151 7
152 7
153 7
154 7
155 7
156 7
157 7
158 7
159 7
160 8
161 8
162 8
163 8
164 8
165 8
166 8
167 8
168 8
169 8
170 8
171 8
172 8
173 8
174 8
175 8
176 8
177 8
178 8
179 8
180 9
181 9
182 9
183 9
184 9
185 9
186 9
187 9
188 9
189 9
190 9
191 9
192 9
193 9
194 9
195 9
196 9
197 9
198 9
199 9
200 10
201 10
202 10
203 10
204 10
205 10
206 10
207 10
208 10
209 10
210 10
211 10
212 10
213 10
214 10
215 10
216 10
217 10
218 10
219 10
220 11
221 11
222 11
223 11
224 11
225 11
226 11
227 11
228 11
229 11
230 11
231 11
232 11
233 11
234 11
235 11
236 11
237 11
238 11
239 11
240 12
241 12
242 12
243 12
244 12
245 12
246 12
247 12
248 12
249 12
250 12
251 12
252 12
253 12
254 12
255 12
256 12
257 12
258 12
259 12
260 13
261 13
262 13
263 13
264 13
265 13
266 13
267 13
268 13
269 13
270 13
271 13
272 13
273 13
274 13
275 13
276 13
277 13
278 13
279 13
280 14
281 14
282 14
283 14
284 14
285 14
286 14
287 14
288 14
289 14
290 14
291 14
292 14
293 14
294 14
295 14
296 14
297 14
298 14
299 14
300 15
301 15
302 15
303 15
304 15
305 15
306 15
307 15
308 15
309 15
310 15
311 15
312 15
313 15
314 15
315 15
316 15
317 15
318 15
319 15

4 0 0 0
4 1 0 0
4 2 0 0
4 3 0 0
5 4 0 0
5 1 0 0
5 0 0 0
5 3 0 0
6 2 0 0
6 1 0 0
6 3 0 0
6 5 0 0
7 6 0 0
7 3 0 0
7 5 0 0
7 2 0 0
8 2 0 0
8 6 0 0
8 4 0 0
8 0 0 0
9 5 0 0
9 6 0 0
9 1 0 0
9 4 0 0
10 8 0 0
10 2 0 0
10 4 0 0
10 6 0 0
11 6 0 0
11 5 0 0
11 8 0 0
11 2 0 0
12 7 0 0
12 0 0 0
12 3 0 0
12 11 0 0
13 1 0 0
13 6 0 0
13 7 0 0
13 5 0 0
14 5 0 0
14 9 0 0
14 13 0 0
14 8 0 0
15 10 0 0
15 2 0 0
15 9 0 0
15 6 0 0
16 1 0 0
16 2 0 0
16 4 0 0
16 14 0 0
17 7 0 0
17 8 0 0
17 9 0 0
17 11 0 0
18 6 0 0
18 17 0 0
18 12 0 0
18 9 0 0
19 14 0 0
19 1 0 0
19 2 0 0
19 8 0 0
0 17 0 0
0 15 0 0
0 9 0 0
0 16 0 0
1 10 0 0
1 17 0 0
1 7 0 0
1 18 0 0
2 14 0 0
2 13 0 0
2 9 0 0
2 17 0 0
3 13 0 0
3 11 0 0
3 18 0 0
3 15 0 0
24 22 1 1
24 23 1 1
24 20 1 1
24 21 1 1
25 22 1 1
25 20 1 1
25 21 1 1
25 24 1 1
26 20 1 1
26 22 1 1
26 21 1 1
26 25 1 1
27 23 1 1
27 22 1 1
27 24 1 1
27 21 1 1
28 21 1 1
28 24 1 1
28 25 1 1
28 26 1 1
29 27 1 1
29 24 1 1
29 23 1 1
29 26 1 1
30 27 1 1
30 21 1 1
30 22 1 1
30 28 1 1
31 26 1 1
31 30 1 1
31 29 1 1
31 28 1 1
32 31 1 1
32 25 1 1
32 30 1 1
32 24 1 1
33 31 1 1
33 26 1 1
33 23 1 1
33 25 1 1
34 23 1 1
34 27 1 1
34 21 1 1
34 26 1 1
35 23 1 1
35 20 1 1
35 30 1 1
35 24 1 1
36 23 1 1
36 25 1 1
36 27 1 1
36 24 1 1
37 33 1 1
37 31 1 1
37 32 1 1
37 35 1 1
38 29 1 1
38 30 1 1
38 32 1 1
38 37 1 1
39 29 1 1
39 38 1 1
39 33 1 1
39 32 1 1
20 27 1 1
20 39 1 1
20 32 1 1
20 38 1 1
21 29 1 1
21 33 1 1
21 32 1 1
21 31 1 1
22 32 1 1
22 37 1 1
22 39 1 1
22 36 1 1
23 39 1 1
23 37 1 1
23 31 1 1
23 25 1 1
44 41 2 2
44 43 2 2
44 42 2 2
44 40 2 2
45 42 2 2
45 43 2 2
45 44 2 2
45 40 2 2
46 43 2 2
46 40 2 2
46 45 2 2
46 41 2 2
47 41 2 2
47 45 2 2
47 43 2 2
47 44 2 2
48 44 2 2
48 41 2 2
48 47 2 2
48 43 2 2
49 45 2 2
49 43 2 2
49 40 2 2
49 42 2 2
50 45 2 2
50 43 2 2
50 42 2 2
50 40 2 2
51 50 2 2
51 45 2 2
51 47 2 2
51 46 2 2
52 49 2 2
52 42 2 2
52 40 2 2
52 51 2 2
53 41 2 2
53 48 2 2
53 44 2 2
53 45 2 2
54 42 2 2
54 51 2 2
54 44 2 2
54 50 2 2
55 48 2 2
55 51 2 2
55 47 2 2
55 43 2 2
56 42 2 2
56 41 2 2
56 53 2 2
56 40 2 2
57 49 2 2
57 50 2 2
57 45 2 2
57 52 2 2
58 57 2 2
58 46 2 2
58 50 2 2
58 55 2 2
59 44 2 2
59 53 2 2
59 57 2 2
59 52 2 2
40 54 2 2
40 58 2 2
40 57 2 2
40 59 2 2
41 55 2 2
41 51 2 2
41 59 2 2
41 54 2 2
42 51 2 2
42 58 2 2
42 46 2 2
42 57 2 2
43 57 2 2
43 59 2 2
43 58 2 2
43 51 2 2
64 63 3 3
64 61 3 3
64 60 3 3
64 62 3 3
65 64 3 3
65 60 3 3
65 61 3 3
65 63 3 3
66 64 3 3
66 60 3 3
66 62 3 3
66 63 3 3
67 60 3 3
67 64 3 3
67 61 3 3
67 62 3 3
68 67 3 3
68 63 3 3
68 64 3 3
68 65 3 3
69 63 3 3
69 67 3 3
69 61 3 3
69 68 3 3
70 69 3 3
70 68 3 3
70 64 3 3
70 66 3 3
71 63 3 3
71 69 3 3
71 64 3 3
71 61 3 3
72 62 3 3
72 65 3 3
72 71 3 3
72 63 3 3
73 62 3 3
73 69 3 3
73 60 3 3
73 66 3 3
74 67 3 3
74 68 3 3
74 69 3 3
74 65 3 3
75 61 3 3
75 68 3 3
75 73 3 3
75 70 3 3
76 61 3 3
76 65 3 3
76 69 3 3
76 67 3 3
77 71 3 3
77 73 3 3
77 60 3 3
77 70 3 3
78 64 3 3
78 74 3 3
78 61 3 3
78 73 3 3
79 68 3 3
79 72 3 3
79 63 3 3
79 64 3 3
60 71 3 3
60 74 3 3
60 75 3 3
60 72 3 3
61 77 3 3
61 72 3 3
61 68 3 3
61 79 3 3
62 79 3 3
62 69 3 3
62 71 3 3
62 78 3 3
63 76 3 3
63 73 3 3
63 67 3 3
63 74 3 3
84 82 4 4
84 80 4 4
84 83 4 4
84 81 4 4
85 81 4 4
85 80 4 4
85 82 4 4
85 84 4 4
86 80 4 4
86 81 4 4
86 83 4 4
86 84 4 4
87 81 4 4
87 80 4 4
87 86 4 4
87 85 4 4
88 80 4 4
88 83 4 4
88 85 4 4
88 84 4 4
89 81 4 4
89 87 4 4
89 83 4 4
89 80 4 4
90 84 4 4
90 81 4 4
90 85 4 4
90 86 4 4
91 84 4 4
91 83 4 4
91 85 4 4
91 80 4 4
92 87 4 4
92 90 4 4
92 86 4 4
92 88 4 4
93 80 4 4
93 90 4 4
93 92 4 4
93 86 4 4
94 82 4 4
94 83 4 4
94 88 4 4
94 81 4 4
95 80 4 4
95 91 4 4
95 93 4 4
95 85 4 4
96 87 4 4
96 81 4 4
96 92 4 4
96 94 4 4
97 86 4 4
97 82 4 4
97 87 4 4
97 84 4 4
98 88 4 4
98 93 4 4
98 89 4 4
98 81 4 4
99 97 4 4
99 91 4 4
99 84 4 4
99 95 4 4
80 99 4 4
80 98 4 4
80 90 4 4
80 94 4 4
81 93 4 4
81 91 4 4
81 92 4 4
81 99 4 4
82 99 4 4
82 88 4 4
82 95 4 4
82 89 4 4
83 99 4 4
83 95 4 4
83 98 4 4
83 97 4 4
104 102 5 5
104 101 5 5
104 100 5 5
104 103 5 5
105 101 5 5
105 103 5 5
105 104 5 5
105 100 5 5
106 104 5 5
106 101 5 5
106 103 5 5
106 102 5 5
107 100 5 5
107 102 5 5
107 103 5 5
107 101 5 5
108 104 5 5
108 107 5 5
108 103 5 5
108 101 5 5
109 103 5 5
109 102 5 5
109 107 5 5
109 108 5 5
110 104 5 5
110 109 5 5
110 107 5 5
110 102 5 5
111 100 5 5
111 106 5 5
111 103 5 5
111 107 5 5
112 111 5 5
112 107 5 5
112 106 5 5
112 108 5 5
113 107 5 5
113 102 5 5
113 108 5 5
113 110 5 5
114 105 5 5
114 108 5 5
114 100 5 5
114 113 5 5
115 107 5 5
115 105 5 5
115 103 5 5
115 110 5 5
116 111 5 5
116 103 5 5
116 110 5 5
116 101 5 5
117 113 5 5
117 101 5 5
117 107 5 5
117 114 5 5
118 105 5 5
118 108 5 5
118 114 5 5
118 102 5 5
119 100 5 5
119 115 5 5
119 105 5 5
119 108 5 5
100 113 5 5
100 117 5 5
100 112 5 5
100 108 5 5
101 112 5 5
101 113 5 5
101 118 5 5
101 115 5 5
102 117 5 5
102 119 5 5
102 111 5 5
102 112 5 5
103 117 5 5
103 119 5 5
103 113 5 5
103 110 5 5
124 121 6 6
124 123 6 6
124 122 6 6
124 120 6 6
125 120 6 6
125 122 6 6
125 121 6 6
125 123 6 6
126 120 6 6
126 124 6 6
126 121 6 6
126 122 6 6
127 122 6 6
127 120 6 6
127 121 6 6
127 126 6 6
128 126 6 6
128 125 6 6
128 122 6 6
128 121 6 6
129 122 6 6
129 124 6 6
129 127 6 6
129 128 6 6
130 129 6 6
130 122 6 6
130 126 6 6
130 127 6 6
131 127 6 6
131 122 6 6
131 124 6 6
131 125 6 6
132 127 6 6
132 128 6 6
132 121 6 6
132 124 6 6
133 123 6 6
133 130 6 6
133 121 6 6
133 131 6 6
134 128 6 6
134 120 6 6
134 133 6 6
134 132 6 6
135 126 6 6
135 127 6 6
135 124 6 6
135 134 6 6
136 133 6 6
136 130 6 6
136 127 6 6
136 131 6 6
137 133 6 6
137 134 6 6
137 121 6 6
137 126 6 6
138 134 6 6
138 128 6 6
138 127 6 6
138 130 6 6
139 128 6 6
139 122 6 6
139 125 6 6
139 136 6 6
120 130 6 6
120 129 6 6
120 135 6 6
120 128 6 6
121 129 6 6
121 130 6 6
121 139 6 6
121 138 6 6
122 136 6 6
122 132 6 6
122 135 6 6
122 138 6 6
123 136 6 6
123 127 6 6
123 138 6 6
123 129 6 6
144 143 7 7
144 141 7 7
144 142 7 7
144 140 7 7
145 140 7 7
145 143 7 7
145 141 7 7
145 142 7 7
146 140 7 7
146 143 7 7
146 142 7 7
146 144 7 7
147 146 7 7
147 141 7 7
147 142 7 7
147 143 7 7
148 141 7 7
148 142 7 7
148 144 7 7
148 140 7 7
149 145 7 7
149 140 7 7
149 144 7 7
149 143 7 7
150 148 7 7
150 140 7 7
150 143 7 7
150 144 7 7
151 144 7 7
151 147 7 7
151 140 7 7
151 143 7 7
152 145 7 7
152 149 7 7
152 146 7 7
152 148 7 7
153 146 7 7
153 141 7 7
153 147 7 7
153 151 7 7
154 142 7 7
154 147 7 7
154 144 7 7
154 152 7 7
155 149 7 7
155 154 7 7
155 142 7 7
155 146 7 7
156 146 7 7
156 155 7 7
156 148 7 7
156 142 7 7
157 155 7 7
157 151 7 7
157 140 7 7
157 141 7 7
158 145 7 7
158 143 7 7
158 142 7 7
158 154 7 7
159 157 7 7
159 141 7 7
159 153 7 7
159 140 7 7
140 153 7 7
140 156 7 7
140 152 7 7
140 155 7 7
141 149 7 7
141 146 7 7
141 158 7 7
141 156 7 7
142 151 7 7
142 153 7 7
142 157 7 7
142 152 7 7
143 157 7 7
143 154 7 7
143 153 7 7
143 159 7 7
164 160 8 8
164 163 8 8
164 162 8 8
164 161 8 8
165 161 8 8
165 162 8 8
165 163 8 8
165 160 8 8
166 160 8 8
166 165 8 8
166 162 8 8
166 163 8 8
167 160 8 8
167 164 8 8
167 166 8 8
167 162 8 8
168 164 8 8
168 166 8 8
168 163 8 8
168 161 8 8
169 168 8 8
169 167 8 8
169 161 8 8
169 164 8 8
170 165 8 8
170 167 8 8
170 168 8 8
170 169 8 8
171 161 8 8
171 170 8 8
171 166 8 8
171 169 8 8
172 160 8 8
172 167 8 8
172 170 8 8
172 163 8 8
173 167 8 8
173 172 8 8
173 166 8 8
173 168 8 8
174 162 8 8
174 161 8 8
174 165 8 8
174 172 8 8
175 168 8 8
175 161 8 8
175 169 8 8
175 163 8 8
176 164 8 8
176 168 8 8
176 169 8 8
176 171 8 8
177 173 8 8
177 163 8 8
177 170 8 8
177 168 8 8
178 177 8 8
178 161 8 8
178 174 8 8
178 173 8 8
179 167 8 8
179 178 8 8
179 170 8 8
179 166 8 8
160 169 8 8
160 171 8 8
160 170 8 8
160 179 8 8
161 176 8 8
161 167 8 8
161 170 8 8
161 179 8 8
162 177 8 8
162 178 8 8
162 179 8 8
162 173 8 8
163 179 8 8
163 170 8 8
163 171 8 8
163 174 8 8
184 181 9 9
184 182 9 9
184 183 9 9
184 180 9 9
185 184 9 9
185 181 9 9
185 182 9 9
185 180 9 9
186 183 9 9
186 182 9 9
186 181 9 9
186 184 9 9
187 181 9 9
187 183 9 9
187 184 9 9
187 186 9 9
188 182 9 9
188 183 9 9
188 187 9 9
188 181 9 9
189 184 9 9
189 187 9 9
189 183 9 9
189 186 9 9
190 186 9 9
190 185 9 9
190 184 9 9
190 180 9 9
191 186 9 9
191 188 9 9
191 180 9 9
191 189 9 9
192 187 9 9
192 183 9 9
192 182 9 9
192 189 9 9
193 192 9 9
193 183 9 9
193 184 9 9
193 186 9 9
194 183 9 9
194 187 9 9
194 189 9 9
194 193 9 9
195 187 9 9
195 182 9 9
195 192 9 9
195 194 9 9
196 195 9 9
196 192 9 9
196 182 9 9
196 187 9 9
197 194 9 9
197 188 9 9
197 195 9 9
197 182 9 9
198 182 9 9
198 195 9 9
198 188 9 9
198 197 9 9
199 191 9 9
199 194 9 9
199 197 9 9
199 196 9 9
180 189 9 9
180 197 9 9
180 188 9 9
180 194 9 9
181 190 9 9
181 189 9 9
181 191 9 9
181 199 9 9
182 187 9 9
182 190 9 9
182 189 9 9
182 199 9 9
183 199 9 9
183 196 9 9
183 191 9 9
183 190 9 9
204 201 10 10
204 203 10 10
204 200 10 10
204 202 10 10
205 200 10 10
205 202 10 10
205 203 10 10
205 204 10 10
206 200 10 10
206 205 10 10
206 202 10 10
206 201 10 10
207 201 10 10
207 200 10 10
207 203 10 10
207 202 10 10
208 204 10 10
208 200 10 10
208 206 10 10
208 202 10 10
209 204 10 10
209 205 10 10
209 208 10 10
209 203 10 10
210 206 10 10
210 209 10 10
210 208 10 10
210 201 10 10
211 210 10 10
211 206 10 10
211 204 10 10
211 203 10 10
212 207 10 10
212 203 10 10
212 204 10 10
212 209 10 10
213 209 10 10
213 210 10 10
213 200 10 10
213 211 10 10
214 212 10 10
214 201 10 10
214 202 10 10
214 210 10 10
215 209 10 10
215 210 10 10
215 211 10 10
215 203 10 10
216 214 10 10
216 202 10 10
216 207 10 10
216 206 10 10
217 205 10 10
217 203 10 10
217 204 10 10
217 207 10 10
218 204 10 10
218 200 10 10
218 205 10 10
218 212 10 10
219 217 10 10
219 205 10 10
219 216 10 10
219 204 10 10
200 219 10 10
200 217 10 10
200 212 10 10
200 216 10 10
201 217 10 10
201 218 10 10
201 213 10 10
201 216 10 10
202 211 10 10
202 210 10 10
202 209 10 10
202 217 10 10
203 216 10 10
203 206 10 10
203 210 10 10
203 219 10 10
224 223 11 11
224 220 11 11
224 221 11 11
224 222 11 11
225 224 11 11
225 222 11 11
225 221 11 11
225 223 11 11
226 223 11 11
226 221 11 11
226 224 11 11
226 225 11 11
227 222 11 11
227 220 11 11
227 221 11 11
227 223 11 11
228 220 11 11
228 221 11 11
228 227 11 11
228 224 11 11
229 222 11 11
229 228 11 11
229 225 11 11
229 227 11 11
230 223 11 11
230 225 11 11
230 228 11 11
230 221 11 11
231 220 11 11
231 230 11 11
231 227 11 11
231 221 11 11
232 221 11 11
232 223 11 11
232 231 11 11
232 220 11 11
233 226 11 11
233 227 11 11
233 225 11 11
233 230 11 11
234 231 11 11
234 229 11 11
234 225 11 11
234 226 11 11
235 223 11 11
235 220 11 11
235 233 11 11
235 234 11 11
236 234 11 11
236 231 11 11
236 222 11 11
236 227 11 11
237 228 11 11
237 236 11 11
237 227 11 11
237 229 11 11
238 237 11 11
238 228 11 11
238 236 11 11
238 227 11 11
239 236 11 11
239 222 11 11
239 227 11 11
239 237 11 11
220 236 11 11
220 230 11 11
220 238 11 11
220 225 11 11
221 233 11 11
221 238 11 11
221 235 11 11
221 236 11 11
222 237 11 11
222 234 11 11
222 231 11 11
222 238 11 11
223 231 11 11
223 229 11 11
223 233 11 11
223 228 11 11
244 241 12 12
244 240 12 12
244 242 12 12
244 243 12 12
245 240 12 12
245 244 12 12
245 242 12 12
245 243 12 12
246 244 12 12
246 240 12 12
246 242 12 12
246 245 12 12
247 245 12 12
247 244 12 12
247 246 12 12
247 242 12 12
248 244 12 12
248 247 12 12
248 240 12 12
248 242 12 12
249 246 12 12
249 247 12 12
249 244 12 12
249 240 12 12
250 244 12 12
250 240 12 12
250 247 12 12
250 249 12 12
251 244 12 12
251 250 12 12
251 245 12 12
251 243 12 12
252 244 12 12
252 247 12 12
252 251 12 12
252 250 12 12
253 250 12 12
253 241 12 12
253 240 12 12
253 244 12 12
254 242 12 12
254 250 12 12
254 251 12 12
254 252 12 12
255 247 12 12
255 242 12 12
255 250 12 12
255 253 12 12
256 243 12 12
256 247 12 12
256 249 12 12
256 252 12 12
257 251 12 12
257 244 12 12
257 249 12 12
257 241 12 12
258 246 12 12
258 255 12 12
258 248 12 12
258 249 12 12
259 240 12 12
259 242 12 12
259 248 12 12
259 243 12 12
240 252 12 12
240 257 12 12
240 256 12 12
240 255 12 12
241 246 12 12
241 250 12 12
241 248 12 12
241 256 12 12
242 251 12 12
242 256 12 12
242 252 12 12
242 253 12 12
243 248 12 12
243 258 12 12
243 254 12 12
243 247 12 12
264 261 13 13
264 263 13 13
264 260 13 13
264 262 13 13
265 264 13 13
265 262 13 13
265 263 13 13
265 261 13 13
266 263 13 13
266 262 13 13
266 260 13 13
266 261 13 13
267 260 13 13
267 263 13 13
267 261 13 13
267 264 13 13
268 261 13 13
268 267 13 13
268 265 13 13
268 266 13 13
269 261 13 13
269 265 13 13
269 262 13 13
269 264 13 13
270 264 13 13
270 260 13 13
270 269 13 13
270 267 13 13
271 270 13 13
271 265 13 13
271 264 13 13
271 268 13 13
272 262 13 13
272 271 13 13
272 266 13 13
272 261 13 13
273 268 13 13
273 267 13 13
273 269 13 13
273 261 13 13
274 270 13 13
274 262 13 13
274 269 13 13
274 271 13 13
275 267 13 13
275 272 13 13
275 263 13 13
275 274 13 13
276 265 13 13
276 263 13 13
276 261 13 13
276 270 13 13
277 269 13 13
277 265 13 13
277 275 13 13
277 271 13 13
278 262 13 13
278 276 13 13
278 277 13 13
278 272 13 13
279 260 13 13
279 264 13 13
279 277 13 13
279 278 13 13
260 269 13 13
260 272 13 13
260 276 13 13
260 268 13 13
261 277 13 13
261 270 13 13
261 275 13 13
261 274 13 13
262 270 13 13
262 279 13 13
262 277 13 13
262 267 13 13
263 271 13 13
263 269 13 13
263 268 13 13
263 272 13 13
284 283 14 14
284 282 14 14
284 280 14 14
284 281 14 14
285 280 14 14
285 283 14 14
285 282 14 14
285 284 14 14
286 284 14 14
286 280 14 14
286 282 14 14
286 283 14 14
287 283 14 14
287 281 14 14
287 282 14 14
287 280 14 14
288 283 14 14
288 282 14 14
288 280 14 14
288 287 14 14
289 280 14 14
289 286 14 14
289 288 14 14
289 283 14 14
290 287 14 14
290 282 14 14
290 288 14 14
290 283 14 14
291 289 14 14
291 282 14 14
291 283 14 14
291 286 14 14
292 291 14 14
292 289 14 14
292 282 14 14
292 283 14 14
293 288 14 14
293 286 14 14
293 291 14 14
293 280 14 14
294 287 14 14
294 281 14 14
294 284 14 14
294 290 14 14
295 286 14 14
295 280 14 14
295 284 14 14
295 291 14 14
296 290 14 14
296 293 14 14
296 280 14 14
296 282 14 14
297 281 14 14
297 292 14 14
297 287 14 14
297 282 14 14
298 281 14 14
298 289 14 14
298 284 14 14
298 283 14 14
299 294 14 14
299 283 14 14
299 298 14 14
299 293 14 14
280 299 14 14
280 291 14 14
280 298 14 14
280 292 14 14
281 292 14 14
281 290 14 14
281 289 14 14
281 296 14 14
282 289 14 14
282 298 14 14
282 294 14 14
282 299 14 14
283 297 14 14
283 293 14 14
283 295 14 14
283 294 14 14
304 303 15 15
304 301 15 15
304 300 15 15
304 302 15 15
305 300 15 15
305 302 15 15
305 301 15 15
305 303 15 15
306 302 15 15
306 301 15 15
306 300 15 15
306 304 15 15
307 304 15 15
307 306 15 15
307 303 15 15
307 300 15 15
308 301 15 15
308 302 15 15
308 307 15 15
308 300 15 15
309 306 15 15
309 305 15 15
309 301 15 15
309 308 15 15
310 308 15 15
310 304 15 15
310 307 15 15
310 306 15 15
311 303 15 15
311 302 15 15
311 301 15 15
311 300 15 15
312 308 15 15
312 301 15 15
312 307 15 15
312 306 15 15
313 304 15 15
313 303 15 15
313 307 15 15
313 311 15 15
314 313 15 15
314 304 15 15
314 310 15 15
314 303 15 15
315 313 15 15
315 308 15 15
315 314 15 15
315 301 15 15
316 314 15 15
316 305 15 15
316 310 15 15
316 315 15 15
317 315 15 15
317 307 15 15
317 316 15 15
317 306 15 15
318 309 15 15
318 314 15 15
318 312 15 15
318 306 15 15
319 318 15 15
319 302 15 15
319 311 15 15
319 301 15 15
300 309 15 15
300 310 15 15
300 316 15 15
300 312 15 15
301 314 15 15
301 317 15 15
301 316 15 15
301 313 15 15
302 318 15 15
302 309 15 15
302 313 15 15
302 316 15 15
303 316 15 15
303 306 15 15
303 309 15 15
303 312 15 15
87 1 4 0
95 25 4 1
87 48 4 2
95 65 4 3
113 6 5 0
115 86 5 4
110 49 5 2
102 25 5 1
138 49 6 2
124 1 6 0
130 87 6 4
132 77 6 3
157 57 7 2
148 99 7 4
154 39 7 1
141 9 7 0
168 35 8 1
166 131 8 6
179 52 8 2
160 70 8 3
186 1 9 0
186 76 9 3
193 133 9 6
183 80 9 4
203 138 10 6
210 151 10 7
216 15 10 0
200 82 10 4
235 198 11 9
224 50 11 2
239 27 11 1
233 205 11 10
257 20 12 1
247 221 12 11
251 204 12 10
246 51 12 2
265 154 13 7
262 256 13 12
266 18 13 0
270 236 13 11
282 88 14 4
289 124 14 6
298 194 14 9
295 72 14 3
310 103 15 5
303 193 15 9
310 174 15 8
319 287 15 14
5 309 0 15
17 176 0 8
3 255 0 12
5 289 0 14
33 304 1 15
37 209 1 10
33 277 1 13
35 185 1 9
47 266 2 13
44 211 2 10
41 318 2 15
40 287 2 14
70 215 3 10
70 244 3 12
66 100 3 5
68 316 3 15
