swNum = 320
edgeNum = 1344

0 0
1 0
2 0
3 0
4 0
5 0
6 0
7 0
8 0
9 0
10 0
11 0
12 0
13 0
14 0
15 0
16 0
17 0
18 0
19 0
20 1
21 1
22 1
23 1
24 1
25 1
26 1
27 1
28 1
29 1
30 1
31 1
32 1
33 1
34 1
35 1
36 1
37 1
38 1
39 1
40 2
41 2
42 2
43 2
44 2
45 2
46 2
47 2
48 2
49 2
50 2
51 2
52 2
53 2
54 2
55 2
56 2
57 2
58 2
59 2
60 3
61 3
62 3
63 3
64 3
65 3
66 3
67 3
68 3
69 3
70 3
71 3
72 3
73 3
74 3
75 3
76 3
77 3
78 3
79 3
80 4
81 4
82 4
83 4
84 4
85 4
86 4
87 4
88 4
89 4
90 4
91 4
92 4
93 4
94 4
95 4
96 4
97 4
98 4
99 4
100 5
101 5
102 5
103 5
104 5
105 5
106 5
107 5
108 5
109 5
110 5
111 5
112 5
113 5
114 5
115 5
116 5
117 5
118 5
119 5
120 6
121 6
122 6
123 6
124 6
125 6
126 6
127 6
128 6
129 6
130 6
131 6
132 6
133 6
134 6
135 6
136 6
137 6
138 6
139 6
140 7
141 7
142 7
143 7
144 7
145 7
146 7
147 7
148 7
149 7
150 7
151 7
152 7
153 7
154 7
155 7
156 7
157 7
158 7
159 7
160 8
161 8
162 8
163 8
164 8
165 8
166 8
167 8
168 8
169 8
170 8
171 8
172 8
173 8
174 8
175 8
176 8
177 8
178 8
179 8
180 9
181 9
182 9
183 9
184 9
185 9
186 9
187 9
188 9
189 9
190 9
191 9
192 9
193 9
194 9
195 9
196 9
197 9
198 9
199 9
200 10
201 10
202 10
203 10
204 10
205 10
206 10
207 10
208 10
209 10
210 10
211 10
212 10
213 10
214 10
215 10
216 10
217 10
218 10
219 10
220 11
221 11
222 11
223 11
224 11
225 11
226 11
227 11
228 11
229 11
230 11
231 11
232 11
233 11
234 11
235 11
236 11
237 11
238 11
239 11
240 12
241 12
242 12
243 12
244 12
245 12
246 12
247 12
248 12
249 12
250 12
251 12
252 12
253 12
254 12
255 12
256 12
257 12
258 12
259 12
260 13
261 13
262 13
263 13
264 13
265 13
266 13
267 13
268 13
269 13
270 13
271 13
272 13
273 13
274 13
275 13
276 13
277 13
278 13
279 13
280 14
281 14
282 14
283 14
284 14
285 14
286 14
287 14
288 14
289 14
290 14
291 14
292 14
293 14
294 14
295 14
296 14
297 14
298 14
299 14
300 15
301 15
302 15
303 15
304 15
305 15
306 15
307 15
308 15
309 15
310 15
311 15
312 15
313 15
314 15
315 15
316 15
317 15
318 15
319 15

4 1 0 0
4 2 0 0
4 3 0 0
4 0 0 0
5 1 0 0
5 3 0 0
5 0 0 0
5 4 0 0
6 4 0 0
6 5 0 0
6 0 0 0
6 2 0 0
7 1 0 0
7 0 0 0
7 6 0 0
7 2 0 0
8 5 0 0
8 6 0 0
8 4 0 0
8 7 0 0
9 4 0 0
9 6 0 0
9 8 0 0
9 3 0 0
10 3 0 0
10 0 0 0
10 1 0 0
10 7 0 0
11 9 0 0
11 4 0 0
11 7 0 0
11 3 0 0
12 0 0 0
12 9 0 0
12 5 0 0
12 1 0 0
13 2 0 0
13 10 0 0
13 7 0 0
13 8 0 0
14 4 0 0
14 9 0 0
14 8 0 0
14 1 0 0
15 9 0 0
15 10 0 0
15 1 0 0
15 0 0 0
16 5 0 0
16 2 0 0
16 1 0 0
16 6 0 0
17 12 0 0
17 5 0 0
17 1 0 0
17 13 0 0
18 0 0 0
18 13 0 0
18 16 0 0
18 3 0 0
19 4 0 0
19 12 0 0
19 0 0 0
19 14 0 0
0 16 0 0
0 8 0 0
0 17 0 0
0 9 0 0
1 11 0 0
1 8 0 0
1 9 0 0
1 18 0 0
2 15 0 0
2 10 0 0
2 8 0 0
2 12 0 0
3 15 0 0
3 13 0 0
3 8 0 0
3 17 0 0
24 23 1 1
24 22 1 1
24 20 1 1
24 21 1 1
25 22 1 1
25 20 1 1
25 23 1 1
25 24 1 1
26 24 1 1
26 21 1 1
26 22 1 1
26 20 1 1
27 20 1 1
27 24 1 1
27 26 1 1
27 23 1 1
28 26 1 1
28 20 1 1
28 24 1 1
28 25 1 1
29 28 1 1
29 27 1 1
29 24 1 1
29 25 1 1
30 24 1 1
30 25 1 1
30 26 1 1
30 27 1 1
31 21 1 1
31 28 1 1
31 27 1 1
31 23 1 1
32 28 1 1
32 21 1 1
32 29 1 1
32 27 1 1
33 29 1 1
33 28 1 1
33 23 1 1
33 26 1 1
34 29 1 1
34 33 1 1
34 23 1 1
34 27 1 1
35 27 1 1
35 25 1 1
35 24 1 1
35 30 1 1
36 20 1 1
36 29 1 1
36 35 1 1
36 33 1 1
37 24 1 1
37 27 1 1
37 26 1 1
37 31 1 1
38 28 1 1
38 37 1 1
38 31 1 1
38 26 1 1
39 29 1 1
39 33 1 1
39 34 1 1
39 36 1 1
20 39 1 1
20 32 1 1
20 33 1 1
20 30 1 1
21 33 1 1
21 27 1 1
21 28 1 1
21 39 1 1
22 34 1 1
22 36 1 1
22 33 1 1
22 27 1 1
23 29 1 1
23 28 1 1
23 36 1 1
23 32 1 1
44 42 2 2
44 43 2 2
44 40 2 2
44 41 2 2
45 41 2 2
45 43 2 2
45 42 2 2
45 44 2 2
46 44 2 2
46 45 2 2
46 43 2 2
46 40 2 2
47 46 2 2
47 40 2 2
47 43 2 2
47 45 2 2
48 40 2 2
48 41 2 2
48 42 2 2
48 47 2 2
49 42 2 2
49 48 2 2
49 41 2 2
49 46 2 2
50 46 2 2
50 47 2 2
50 41 2 2
50 40 2 2
51 46 2 2
51 42 2 2
51 45 2 2
51 40 2 2
52 42 2 2
52 49 2 2
52 44 2 2
52 46 2 2
53 45 2 2
53 50 2 2
53 52 2 2
53 46 2 2
54 40 2 2
54 46 2 2
54 49 2 2
54 53 2 2
55 52 2 2
55 48 2 2
55 40 2 2
55 42 2 2
56 45 2 2
56 54 2 2
56 41 2 2
56 53 2 2
57 54 2 2
57 53 2 2
57 51 2 2
57 43 2 2
58 55 2 2
58 42 2 2
58 48 2 2
58 50 2 2
59 40 2 2
59 58 2 2
59 54 2 2
59 50 2 2
40 52 2 2
40 56 2 2
40 53 2 2
40 49 2 2
41 46 2 2
41 51 2 2
41 54 2 2
41 47 2 2
42 50 2 2
42 56 2 2
42 46 2 2
42 59 2 2
43 53 2 2
43 55 2 2
43 52 2 2
43 50 2 2
64 62 3 3
64 63 3 3
64 60 3 3
64 61 3 3
65 64 3 3
65 63 3 3
65 61 3 3
65 62 3 3
66 62 3 3
66 63 3 3
66 64 3 3
66 60 3 3
67 62 3 3
67 64 3 3
67 60 3 3
67 63 3 3
68 66 3 3
68 63 3 3
68 64 3 3
68 67 3 3
69 61 3 3
69 68 3 3
69 60 3 3
69 66 3 3
70 65 3 3
70 68 3 3
70 61 3 3
70 67 3 3
71 67 3 3
71 66 3 3
71 60 3 3
71 64 3 3
72 66 3 3
72 65 3 3
72 61 3 3
72 68 3 3
73 66 3 3
73 68 3 3
73 62 3 3
73 72 3 3
74 69 3 3
74 72 3 3
74 68 3 3
74 73 3 3
75 70 3 3
75 68 3 3
75 60 3 3
75 71 3 3
76 71 3 3
76 62 3 3
76 67 3 3
76 60 3 3
77 69 3 3
77 61 3 3
77 63 3 3
77 66 3 3
78 64 3 3
78 66 3 3
78 74 3 3
78 68 3 3
79 71 3 3
79 65 3 3
79 66 3 3
79 78 3 3
60 70 3 3
60 77 3 3
60 68 3 3
60 78 3 3
61 71 3 3
61 73 3 3
61 74 3 3
61 75 3 3
62 68 3 3
62 78 3 3
62 71 3 3
62 79 3 3
63 72 3 3
63 73 3 3
63 78 3 3
63 69 3 3
84 81 4 4
84 83 4 4
84 82 4 4
84 80 4 4
85 82 4 4
85 84 4 4
85 83 4 4
85 80 4 4
86 81 4 4
86 85 4 4
86 82 4 4
86 83 4 4
87 82 4 4
87 81 4 4
87 80 4 4
87 84 4 4
88 86 4 4
88 82 4 4
88 84 4 4
88 81 4 4
89 84 4 4
89 81 4 4
89 82 4 4
89 86 4 4
90 82 4 4
90 86 4 4
90 80 4 4
90 87 4 4
91 83 4 4
91 84 4 4
91 87 4 4
91 90 4 4
92 87 4 4
92 89 4 4
92 88 4 4
92 90 4 4
93 86 4 4
93 84 4 4
93 85 4 4
93 92 4 4
94 85 4 4
94 82 4 4
94 92 4 4
94 90 4 4
95 85 4 4
95 94 4 4
95 90 4 4
95 80 4 4
96 83 4 4
96 94 4 4
96 82 4 4
96 89 4 4
97 83 4 4
97 94 4 4
97 92 4 4
97 89 4 4
98 84 4 4
98 91 4 4
98 96 4 4
98 93 4 4
99 86 4 4
99 82 4 4
99 88 4 4
99 84 4 4
80 93 4 4
80 97 4 4
80 94 4 4
80 98 4 4
81 99 4 4
81 96 4 4
81 91 4 4
81 85 4 4
82 93 4 4
82 98 4 4
82 91 4 4
82 92 4 4
83 98 4 4
83 93 4 4
83 99 4 4
83 88 4 4
104 102 5 5
104 101 5 5
104 100 5 5
104 103 5 5
105 104 5 5
105 101 5 5
105 102 5 5
105 100 5 5
106 100 5 5
106 104 5 5
106 102 5 5
106 105 5 5
107 105 5 5
107 100 5 5
107 103 5 5
107 104 5 5
108 102 5 5
108 104 5 5
108 105 5 5
108 101 5 5
109 101 5 5
109 104 5 5
109 108 5 5
109 105 5 5
110 108 5 5
110 103 5 5
110 104 5 5
110 100 5 5
111 107 5 5
111 103 5 5
111 102 5 5
111 106 5 5
112 111 5 5
112 100 5 5
112 110 5 5
112 109 5 5
113 109 5 5
113 106 5 5
113 103 5 5
113 100 5 5
114 112 5 5
114 113 5 5
114 107 5 5
114 103 5 5
115 113 5 5
115 111 5 5
115 105 5 5
115 108 5 5
116 102 5 5
116 115 5 5
116 113 5 5
116 110 5 5
117 104 5 5
117 107 5 5
117 106 5 5
117 102 5 5
118 100 5 5
118 102 5 5
118 115 5 5
118 113 5 5
119 102 5 5
119 111 5 5
119 113 5 5
119 107 5 5
100 117 5 5
100 111 5 5
100 108 5 5
100 115 5 5
101 107 5 5
101 117 5 5
101 111 5 5
101 119 5 5
102 112 5 5
102 115 5 5
102 110 5 5
102 113 5 5
103 112 5 5
103 108 5 5
103 119 5 5
103 115 5 5
124 120 6 6
124 123 6 6
124 121 6 6
124 122 6 6
125 124 6 6
125 123 6 6
125 121 6 6
125 122 6 6
126 122 6 6
126 124 6 6
126 123 6 6
126 125 6 6
127 120 6 6
127 126 6 6
127 122 6 6
127 124 6 6
128 126 6 6
128 122 6 6
128 125 6 6
128 123 6 6
129 123 6 6
129 125 6 6
129 128 6 6
129 120 6 6
130 126 6 6
130 128 6 6
130 122 6 6
130 123 6 6
131 124 6 6
131 127 6 6
131 125 6 6
131 122 6 6
132 127 6 6
132 131 6 6
132 129 6 6
132 128 6 6
133 123 6 6
133 121 6 6
133 131 6 6
133 125 6 6
134 122 6 6
134 127 6 6
134 126 6 6
134 131 6 6
135 133 6 6
135 125 6 6
135 132 6 6
135 126 6 6
136 133 6 6
136 125 6 6
136 135 6 6
136 124 6 6
137 123 6 6
137 134 6 6
137 122 6 6
137 129 6 6
138 136 6 6
138 137 6 6
138 123 6 6
138 135 6 6
139 125 6 6
139 137 6 6
139 133 6 6
139 138 6 6
120 125 6 6
120 128 6 6
120 133 6 6
120 136 6 6
121 136 6 6
121 127 6 6
121 134 6 6
121 139 6 6
122 139 6 6
122 129 6 6
122 138 6 6
122 136 6 6
123 134 6 6
123 139 6 6
123 132 6 6
123 136 6 6
144 142 7 7
144 140 7 7
144 141 7 7
144 143 7 7
145 140 7 7
145 143 7 7
145 144 7 7
145 142 7 7
146 145 7 7
146 144 7 7
146 142 7 7
146 143 7 7
147 140 7 7
147 141 7 7
147 143 7 7
147 144 7 7
148 144 7 7
148 145 7 7
148 143 7 7
148 142 7 7
149 147 7 7
149 146 7 7
149 142 7 7
149 141 7 7
150 142 7 7
150 148 7 7
150 147 7 7
150 143 7 7
151 142 7 7
151 147 7 7
151 149 7 7
151 148 7 7
152 144 7 7
152 151 7 7
152 150 7 7
152 142 7 7
153 151 7 7
153 141 7 7
153 152 7 7
153 149 7 7
154 146 7 7
154 141 7 7
154 151 7 7
154 153 7 7
155 154 7 7
155 148 7 7
155 152 7 7
155 147 7 7
156 148 7 7
156 145 7 7
156 150 7 7
156 146 7 7
157 152 7 7
157 142 7 7
157 146 7 7
157 154 7 7
158 149 7 7
158 142 7 7
158 155 7 7
158 145 7 7
159 151 7 7
159 157 7 7
159 155 7 7
159 153 7 7
140 156 7 7
140 148 7 7
140 152 7 7
140 155 7 7
141 150 7 7
141 156 7 7
141 148 7 7
141 145 7 7
142 147 7 7
142 155 7 7
142 159 7 7
142 154 7 7
143 157 7 7
143 158 7 7
143 153 7 7
143 156 7 7
164 162 8 8
164 161 8 8
164 160 8 8
164 163 8 8
165 160 8 8
165 162 8 8
165 161 8 8
165 164 8 8
166 163 8 8
166 165 8 8
166 164 8 8
166 161 8 8
167 165 8 8
167 163 8 8
167 160 8 8
167 162 8 8
168 163 8 8
168 162 8 8
168 160 8 8
168 167 8 8
169 165 8 8
169 166 8 8
169 160 8 8
169 168 8 8
170 166 8 8
170 161 8 8
170 164 8 8
170 169 8 8
171 168 8 8
171 167 8 8
171 162 8 8
171 169 8 8
172 167 8 8
172 165 8 8
172 169 8 8
172 171 8 8
173 171 8 8
173 172 8 8
173 163 8 8
173 164 8 8
174 168 8 8
174 172 8 8
174 167 8 8
174 173 8 8
175 163 8 8
175 162 8 8
175 169 8 8
175 160 8 8
176 174 8 8
176 165 8 8
176 171 8 8
176 173 8 8
177 166 8 8
177 170 8 8
177 161 8 8
177 169 8 8
178 172 8 8
178 173 8 8
178 167 8 8
178 168 8 8
179 172 8 8
179 168 8 8
179 165 8 8
179 177 8 8
160 178 8 8
160 176 8 8
160 170 8 8
160 173 8 8
161 175 8 8
161 169 8 8
161 173 8 8
161 167 8 8
162 174 8 8
162 179 8 8
162 173 8 8
162 172 8 8
163 177 8 8
163 174 8 8
163 172 8 8
163 179 8 8
184 181 9 9
184 180 9 9
184 183 9 9
184 182 9 9
185 183 9 9
185 180 9 9
185 184 9 9
185 181 9 9
186 181 9 9
186 183 9 9
186 185 9 9
186 184 9 9
187 180 9 9
187 186 9 9
187 185 9 9
187 184 9 9
188 187 9 9
188 183 9 9
188 182 9 9
188 184 9 9
189 188 9 9
189 180 9 9
189 187 9 9
189 185 9 9
190 184 9 9
190 187 9 9
190 180 9 9
190 186 9 9
191 182 9 9
191 180 9 9
191 185 9 9
191 188 9 9
192 186 9 9
192 188 9 9
192 180 9 9
192 183 9 9
193 188 9 9
193 185 9 9
193 180 9 9
193 186 9 9
194 186 9 9
194 188 9 9
194 180 9 9
194 193 9 9
195 180 9 9
195 190 9 9
195 187 9 9
195 184 9 9
196 193 9 9
196 183 9 9
196 187 9 9
196 192 9 9
197 187 9 9
197 193 9 9
197 180 9 9
197 195 9 9
198 192 9 9
198 196 9 9
198 181 9 9
198 197 9 9
199 191 9 9
199 185 9 9
199 196 9 9
199 189 9 9
180 196 9 9
180 186 9 9
180 199 9 9
180 188 9 9
181 197 9 9
181 194 9 9
181 187 9 9
181 193 9 9
182 199 9 9
182 198 9 9
182 195 9 9
182 192 9 9
183 198 9 9
183 194 9 9
183 197 9 9
183 187 9 9
204 203 10 10
204 202 10 10
204 201 10 10
204 200 10 10
205 201 10 10
205 200 10 10
205 202 10 10
205 203 10 10
206 203 10 10
206 205 10 10
206 201 10 10
206 200 10 10
207 200 10 10
207 203 10 10
207 205 10 10
207 201 10 10
208 202 10 10
208 204 10 10
208 206 10 10
208 205 10 10
209 203 10 10
209 204 10 10
209 208 10 10
209 200 10 10
210 208 10 10
210 205 10 10
210 200 10 10
210 203 10 10
211 201 10 10
211 208 10 10
211 207 10 10
211 206 10 10
212 200 10 10
212 208 10 10
212 205 10 10
212 206 10 10
213 201 10 10
213 205 10 10
213 200 10 10
213 210 10 10
214 210 10 10
214 208 10 10
214 200 10 10
214 204 10 10
215 203 10 10
215 204 10 10
215 207 10 10
215 212 10 10
216 213 10 10
216 202 10 10
216 200 10 10
216 207 10 10
217 211 10 10
217 209 10 10
217 210 10 10
217 207 10 10
218 204 10 10
218 209 10 10
218 201 10 10
218 206 10 10
219 201 10 10
219 203 10 10
219 212 10 10
219 205 10 10
200 218 10 10
200 219 10 10
200 211 10 10
200 208 10 10
201 208 10 10
201 212 10 10
201 216 10 10
201 210 10 10
202 212 10 10
202 206 10 10
202 209 10 10
202 219 10 10
203 211 10 10
203 217 10 10
203 208 10 10
203 218 10 10
224 223 11 11
224 221 11 11
224 222 11 11
224 220 11 11
225 222 11 11
225 221 11 11
225 224 11 11
225 220 11 11
226 222 11 11
226 221 11 11
226 225 11 11
226 223 11 11
227 222 11 11
227 221 11 11
227 224 11 11
227 225 11 11
228 223 11 11
228 225 11 11
228 222 11 11
228 224 11 11
229 223 11 11
229 228 11 11
229 221 11 11
229 227 11 11
230 222 11 11
230 225 11 11
230 220 11 11
230 221 11 11
231 229 11 11
231 228 11 11
231 220 11 11
231 230 11 11
232 231 11 11
232 228 11 11
232 223 11 11
232 221 11 11
233 225 11 11
233 226 11 11
233 230 11 11
233 229 11 11
234 222 11 11
234 224 11 11
234 231 11 11
234 223 11 11
235 226 11 11
235 221 11 11
235 234 11 11
235 233 11 11
236 234 11 11
236 222 11 11
236 225 11 11
236 220 11 11
237 231 11 11
237 229 11 11
237 220 11 11
237 235 11 11
238 223 11 11
238 224 11 11
238 235 11 11
238 226 11 11
239 227 11 11
239 224 11 11
239 222 11 11
239 234 11 11
220 226 11 11
220 234 11 11
220 228 11 11
220 232 11 11
221 234 11 11
221 233 11 11
221 236 11 11
221 237 11 11
222 232 11 11
222 229 11 11
222 238 11 11
222 237 11 11
223 230 11 11
223 225 11 11
223 233 11 11
223 235 11 11
244 241 12 12
244 242 12 12
244 243 12 12
244 240 12 12
245 243 12 12
245 240 12 12
245 244 12 12
245 241 12 12
246 244 12 12
246 240 12 12
246 243 12 12
246 241 12 12
247 244 12 12
247 242 12 12
247 245 12 12
247 246 12 12
248 241 12 12
248 245 12 12
248 242 12 12
248 247 12 12
249 240 12 12
249 247 12 12
249 246 12 12
249 244 12 12
250 242 12 12
250 249 12 12
250 240 12 12
250 241 12 12
251 250 12 12
251 240 12 12
251 247 12 12
251 248 12 12
252 243 12 12
252 251 12 12
252 248 12 12
252 247 12 12
253 252 12 12
253 242 12 12
253 248 12 12
253 241 12 12
254 248 12 12
254 250 12 12
254 249 12 12
254 244 12 12
255 241 12 12
255 242 12 12
255 248 12 12
255 244 12 12
256 244 12 12
256 241 12 12
256 242 12 12
256 243 12 12
257 246 12 12
257 256 12 12
257 250 12 12
257 248 12 12
258 255 12 12
258 247 12 12
258 240 12 12
258 251 12 12
259 250 12 12
259 253 12 12
259 257 12 12
259 246 12 12
240 257 12 12
240 248 12 12
240 252 12 12
240 256 12 12
241 254 12 12
241 257 12 12
241 247 12 12
241 252 12 12
242 249 12 12
242 245 12 12
242 252 12 12
242 258 12 12
243 248 12 12
243 255 12 12
243 251 12 12
243 249 12 12
264 262 13 13
264 260 13 13
264 261 13 13
264 263 13 13
265 262 13 13
265 263 13 13
265 264 13 13
265 260 13 13
266 260 13 13
266 265 13 13
266 264 13 13
266 261 13 13
267 266 13 13
267 261 13 13
267 263 13 13
267 260 13 13
268 267 13 13
268 261 13 13
268 264 13 13
268 266 13 13
269 261 13 13
269 263 13 13
269 264 13 13
269 260 13 13
270 268 13 13
270 267 13 13
270 261 13 13
270 263 13 13
271 268 13 13
271 267 13 13
271 265 13 13
271 270 13 13
272 267 13 13
272 269 13 13
272 266 13 13
272 261 13 13
273 272 13 13
273 260 13 13
273 267 13 13
273 261 13 13
274 271 13 13
274 263 13 13
274 267 13 13
274 264 13 13
275 274 13 13
275 273 13 13
275 271 13 13
275 268 13 13
276 268 13 13
276 274 13 13
276 263 13 13
276 264 13 13
277 270 13 13
277 271 13 13
277 269 13 13
277 261 13 13
278 275 13 13
278 260 13 13
278 266 13 13
278 262 13 13
279 267 13 13
279 271 13 13
279 264 13 13
279 274 13 13
260 274 13 13
260 268 13 13
260 272 13 13
260 271 13 13
261 279 13 13
261 274 13 13
261 276 13 13
261 271 13 13
262 272 13 13
262 273 13 13
262 269 13 13
262 267 13 13
263 275 13 13
263 268 13 13
263 277 13 13
263 266 13 13
284 283 14 14
284 280 14 14
284 282 14 14
284 281 14 14
285 280 14 14
285 284 14 14
285 283 14 14
285 281 14 14
286 284 14 14
286 285 14 14
286 280 14 14
286 282 14 14
287 285 14 14
287 281 14 14
287 283 14 14
287 284 14 14
288 281 14 14
288 280 14 14
288 287 14 14
288 285 14 14
289 285 14 14
289 283 14 14
289 281 14 14
289 286 14 14
290 283 14 14
290 285 14 14
290 289 14 14
290 286 14 14
291 282 14 14
291 286 14 14
291 288 14 14
291 289 14 14
292 285 14 14
292 280 14 14
292 287 14 14
292 289 14 14
293 284 14 14
293 286 14 14
293 282 14 14
293 285 14 14
294 291 14 14
294 285 14 14
294 289 14 14
294 281 14 14
295 291 14 14
295 281 14 14
295 280 14 14
295 285 14 14
296 288 14 14
296 294 14 14
296 280 14 14
296 292 14 14
297 294 14 14
297 280 14 14
297 281 14 14
297 295 14 14
298 290 14 14
298 293 14 14
298 287 14 14
298 294 14 14
299 285 14 14
299 283 14 14
299 298 14 14
299 297 14 14
280 289 14 14
280 290 14 14
280 291 14 14
280 294 14 14
281 299 14 14
281 292 14 14
281 291 14 14
281 293 14 14
282 295 14 14
282 298 14 14
282 285 14 14
282 292 14 14
283 292 14 14
283 293 14 14
283 288 14 14
283 286 14 14
304 300 15 15
304 302 15 15
304 303 15 15
304 301 15 15
305 301 15 15
305 302 15 15
305 303 15 15
305 300 15 15
306 304 15 15
306 300 15 15
306 303 15 15
306 305 15 15
307 301 15 15
307 305 15 15
307 303 15 15
307 304 15 15
308 306 15 15
308 305 15 15
308 301 15 15
308 307 15 15
309 301 15 15
309 302 15 15
309 307 15 15
309 308 15 15
310 300 15 15
310 307 15 15
310 302 15 15
310 301 15 15
311 304 15 15
311 308 15 15
311 300 15 15
311 310 15 15
312 307 15 15
312 308 15 15
312 301 15 15
312 304 15 15
313 302 15 15
313 306 15 15
313 305 15 15
313 300 15 15
314 303 15 15
314 304 15 15
314 313 15 15
314 312 15 15
315 310 15 15
315 305 15 15
315 307 15 15
315 304 15 15
316 308 15 15
316 301 15 15
316 314 15 15
316 307 15 15
317 305 15 15
317 303 15 15
317 308 15 15
317 310 15 15
318 317 15 15
318 315 15 15
318 301 15 15
318 310 15 15
319 317 15 15
319 314 15 15
319 307 15 15
319 306 15 15
300 319 15 15
300 314 15 15
300 316 15 15
300 307 15 15
301 313 15 15
301 314 15 15
301 317 15 15
301 306 15 15
302 312 15 15
302 314 15 15
302 319 15 15
302 316 15 15
303 308 15 15
303 316 15 15
303 312 15 15
303 315 15 15
84 50 4 2
81 63 4 3
96 36 4 1
93 10 4 0
100 19 5 0
102 57 5 2
111 61 5 3
119 29 5 1
122 51 6 2
123 82 6 4
127 27 6 1
123 61 6 3
156 102 7 5
143 123 7 6
148 30 7 1
142 8 7 0
175 95 8 4
162 56 8 2
175 14 8 0
168 127 8 6
191 151 9 7
199 131 9 6
193 63 9 3
187 28 9 1
210 90 10 4
217 2 10 0
218 109 10 5
201 172 10 8
225 76 11 3
232 49 11 2
222 201 11 10
231 165 11 8
256 228 12 11
247 167 12 8
252 29 12 1
257 98 12 4
264 134 13 6
275 211 13 10
267 26 13 1
263 256 13 12
293 267 14 13
288 98 14 4
290 259 14 12
297 119 14 5
316 263 15 13
306 246 15 12
300 170 15 8
304 58 15 2
13 225 0 11
7 288 0 14
4 315 0 15
4 250 0 12
34 311 1 15
23 213 1 10
26 167 1 8
38 296 1 14
53 208 2 10
59 187 2 9
57 279 2 13
53 258 2 12
69 243 3 12
66 286 3 14
61 204 3 10
77 170 3 8
