swNum = 320
edgeNum = 1343

0 0
1 0
2 0
3 0
4 0
5 0
6 0
7 0
8 0
9 0
10 0
11 0
12 0
13 0
14 0
15 0
16 0
17 0
18 0
19 0
20 1
21 1
22 1
23 1
24 1
25 1
26 1
27 1
28 1
29 1
30 1
31 1
32 1
33 1
34 1
35 1
36 1
37 1
38 1
39 1
40 2
41 2
42 2
43 2
44 2
45 2
46 2
47 2
48 2
49 2
50 2
51 2
52 2
53 2
54 2
55 2
56 2
57 2
58 2
59 2
60 3
61 3
62 3
63 3
64 3
65 3
66 3
67 3
68 3
69 3
70 3
71 3
72 3
73 3
74 3
75 3
76 3
77 3
78 3
79 3
80 4
81 4
82 4
83 4
84 4
85 4
86 4
87 4
88 4
89 4
90 4
91 4
92 4
93 4
94 4
95 4
96 4
97 4
98 4
99 4
100 5
101 5
102 5
103 5
104 5
105 5
106 5
107 5
108 5
109 5
110 5
111 5
112 5
113 5
114 5
115 5
116 5
117 5
118 5
119 5
120 6
121 6
122 6
123 6
124 6
125 6
126 6
127 6
128 6
129 6
130 6
131 6
132 6
133 6
134 6
135 6
136 6
137 6
138 6
139 6
140 7
141 7
142 7
143 7
144 7
145 7
146 7
147 7
148 7
149 7
150 7
151 7
152 7
153 7
154 7
155 7
156 7
157 7
158 7
159 7
160 8
161 8
162 8
163 8
164 8
165 8
166 8
167 8
168 8
169 8
170 8
171 8
172 8
173 8
174 8
175 8
176 8
177 8
178 8
179 8
180 9
181 9
182 9
183 9
184 9
185 9
186 9
187 9
188 9
189 9
190 9
191 9
192 9
193 9
194 9
195 9
196 9
197 9
198 9
199 9
200 10
201 10
202 10
203 10
204 10
205 10
206 10
207 10
208 10
209 10
210 10
211 10
212 10
213 10
214 10
215 10
216 10
217 10
218 10
219 10
220 11
221 11
222 11
223 11
224 11
225 11
226 11
227 11
228 11
229 11
230 11
231 11
232 11
233 11
234 11
235 11
236 11
237 11
238 11
239 11
240 12
241 12
242 12
243 12
244 12
245 12
246 12
247 12
248 12
249 12
250 12
251 12
252 12
253 12
254 12
255 12
256 12
257 12
258 12
259 12
260 13
261 13
262 13
263 13
264 13
265 13
266 13
267 13
268 13
269 13
270 13
271 13
272 13
273 13
274 13
275 13
276 13
277 13
278 13
279 13
280 14
281 14
282 14
283 14
284 14
285 14
286 14
287 14
288 14
289 14
290 14
291 14
292 14
293 14
294 14
295 14
296 14
297 14
298 14
299 14
300 15
301 15
302 15
303 15
304 15
305 15
306 15
307 15
308 15
309 15
310 15
311 15
312 15
313 15
314 15
315 15
316 15
317 15
318 15
319 15

4 1 0 0
4 3 0 0
4 0 0 0
4 2 0 0
5 0 0 0
5 4 0 0
5 1 0 0
5 2 0 0
6 0 0 0
6 4 0 0
6 1 0 0
6 5 0 0
7 5 0 0
7 4 0 0
7 2 0 0
7 1 0 0
8 5 0 0
8 7 0 0
8 0 0 0
8 2 0 0
9 7 0 0
9 6 0 0
9 2 0 0
9 5 0 0
10 0 0 0
10 9 0 0
10 2 0 0
10 1 0 0
11 1 0 0
11 4 0 0
11 3 0 0
11 9 0 0
12 10 0 0
12 5 0 0
12 2 0 0
12 6 0 0
13 1 0 0
13 3 0 0
13 12 0 0
13 11 0 0
14 6 0 0
14 12 0 0
14 5 0 0
14 13 0 0
15 0 0 0
15 12 0 0
15 1 0 0
15 14 0 0
16 0 0 0
16 3 0 0
16 11 0 0
16 7 0 0
17 15 0 0
17 1 0 0
17 16 0 0
17 10 0 0
18 4 0 0
18 0 0 0
18 17 0 0
18 10 0 0
19 4 0 0
19 13 0 0
19 16 0 0
19 3 0 0
0 17 0 0
0 9 0 0
0 14 0 0
0 7 0 0
1 19 0 0
1 18 0 0
1 8 0 0
1 16 0 0
2 15 0 0
2 13 0 0
2 11 0 0
2 6 0 0
3 6 0 0
3 18 0 0
3 17 0 0
3 12 0 0
24 23 1 1
24 22 1 1
24 20 1 1
24 21 1 1
25 23 1 1
25 21 1 1
25 22 1 1
25 20 1 1
26 25 1 1
26 23 1 1
26 21 1 1
26 22 1 1
27 21 1 1
27 26 1 1
27 25 1 1
27 22 1 1
28 23 1 1
28 24 1 1
28 20 1 1
28 26 1 1
29 24 1 1
29 20 1 1
29 25 1 1
29 28 1 1
30 24 1 1
30 26 1 1
30 27 1 1
30 22 1 1
31 28 1 1
31 23 1 1
31 29 1 1
31 20 1 1
32 21 1 1
32 23 1 1
32 26 1 1
32 27 1 1
33 31 1 1
33 22 1 1
33 23 1 1
33 27 1 1
34 25 1 1
34 27 1 1
34 20 1 1
34 23 1 1
35 30 1 1
35 27 1 1
35 32 1 1
35 31 1 1
36 25 1 1
36 29 1 1
36 34 1 1
36 28 1 1
37 31 1 1
37 26 1 1
37 22 1 1
37 30 1 1
38 23 1 1
38 34 1 1
38 36 1 1
38 20 1 1
39 26 1 1
39 24 1 1
39 32 1 1
39 22 1 1
20 36 1 1
20 32 1 1
20 39 1 1
20 35 1 1
21 38 1 1
21 33 1 1
21 34 1 1
21 28 1 1
22 32 1 1
22 35 1 1
22 34 1 1
22 38 1 1
23 30 1 1
23 29 1 1
23 27 1 1
23 36 1 1
44 42 2 2
44 40 2 2
44 43 2 2
44 41 2 2
45 43 2 2
45 40 2 2
45 44 2 2
45 42 2 2
46 44 2 2
46 42 2 2
46 40 2 2
46 43 2 2
47 43 2 2
47 45 2 2
47 42 2 2
47 44 2 2
48 40 2 2
48 44 2 2
48 43 2 2
48 47 2 2
49 44 2 2
49 43 2 2
49 47 2 2
49 45 2 2
50 46 2 2
50 45 2 2
50 41 2 2
50 42 2 2
51 49 2 2
51 43 2 2
51 46 2 2
51 44 2 2
52 46 2 2
52 40 2 2
52 49 2 2
52 51 2 2
53 47 2 2
53 49 2 2
53 43 2 2
53 44 2 2
54 41 2 2
54 46 2 2
54 53 2 2
54 50 2 2
55 41 2 2
55 50 2 2
55 52 2 2
55 54 2 2
56 49 2 2
56 51 2 2
56 50 2 2
56 53 2 2
57 48 2 2
57 40 2 2
57 44 2 2
57 45 2 2
58 51 2 2
58 57 2 2
58 49 2 2
58 43 2 2
59 57 2 2
59 47 2 2
59 44 2 2
59 55 2 2
40 49 2 2
40 50 2 2
40 58 2 2
40 55 2 2
41 53 2 2
41 59 2 2
41 47 2 2
41 56 2 2
42 59 2 2
42 55 2 2
42 53 2 2
42 51 2 2
43 55 2 2
43 56 2 2
43 50 2 2
43 57 2 2
64 60 3 3
64 62 3 3
64 61 3 3
64 63 3 3
65 62 3 3
65 63 3 3
65 60 3 3
65 64 3 3
66 61 3 3
66 63 3 3
66 62 3 3
66 64 3 3
67 62 3 3
67 66 3 3
67 65 3 3
67 63 3 3
68 67 3 3
68 61 3 3
68 66 3 3
68 64 3 3
69 65 3 3
69 64 3 3
69 63 3 3
69 60 3 3
70 62 3 3
70 68 3 3
70 61 3 3
70 66 3 3
71 66 3 3
71 61 3 3
71 68 3 3
71 67 3 3
72 64 3 3
72 71 3 3
72 68 3 3
72 70 3 3
73 62 3 3
73 68 3 3
73 69 3 3
73 70 3 3
74 63 3 3
74 65 3 3
74 69 3 3
74 60 3 3
75 68 3 3
75 71 3 3
75 64 3 3
75 61 3 3
76 73 3 3
76 68 3 3
76 70 3 3
76 74 3 3
77 70 3 3
77 73 3 3
77 72 3 3
77 76 3 3
78 64 3 3
78 73 3 3
78 60 3 3
78 70 3 3
79 68 3 3
79 75 3 3
79 72 3 3
79 61 3 3
60 76 3 3
60 72 3 3
60 66 3 3
60 70 3 3
61 67 3 3
61 78 3 3
61 72 3 3
61 76 3 3
62 77 3 3
62 72 3 3
62 79 3 3
62 76 3 3
63 77 3 3
63 70 3 3
63 72 3 3
63 78 3 3
84 80 4 4
84 83 4 4
84 82 4 4
84 81 4 4
85 82 4 4
85 81 4 4
85 84 4 4
85 80 4 4
86 83 4 4
86 80 4 4
86 81 4 4
86 84 4 4
87 86 4 4
87 83 4 4
87 81 4 4
87 80 4 4
88 81 4 4
88 82 4 4
88 80 4 4
88 85 4 4
89 83 4 4
89 81 4 4
89 80 4 4
89 87 4 4
90 84 4 4
90 86 4 4
90 81 4 4
90 88 4 4
91 90 4 4
91 86 4 4
91 87 4 4
91 81 4 4
92 83 4 4
92 82 4 4
92 85 4 4
92 86 4 4
93 83 4 4
93 84 4 4
93 92 4 4
93 91 4 4
94 88 4 4
94 80 4 4
94 81 4 4
94 87 4 4
95 83 4 4
95 80 4 4
95 89 4 4
95 81 4 4
96 94 4 4
96 83 4 4
96 88 4 4
96 82 4 4
97 86 4 4
97 81 4 4
97 95 4 4
97 80 4 4
98 92 4 4
98 84 4 4
98 90 4 4
98 88 4 4
99 88 4 4
99 82 4 4
99 81 4 4
99 83 4 4
80 93 4 4
80 91 4 4
80 90 4 4
80 98 4 4
81 92 4 4
81 93 4 4
81 98 4 4
81 96 4 4
82 94 4 4
82 90 4 4
82 98 4 4
82 93 4 4
83 91 4 4
83 94 4 4
83 90 4 4
83 97 4 4
104 103 5 5
104 102 5 5
104 101 5 5
104 100 5 5
105 104 5 5
105 102 5 5
105 101 5 5
105 103 5 5
106 100 5 5
106 104 5 5
106 103 5 5
106 105 5 5
107 103 5 5
107 106 5 5
107 105 5 5
107 100 5 5
108 107 5 5
108 105 5 5
108 106 5 5
108 103 5 5
109 100 5 5
109 107 5 5
109 103 5 5
109 104 5 5
110 103 5 5
110 100 5 5
110 106 5 5
110 104 5 5
111 106 5 5
111 108 5 5
111 107 5 5
111 102 5 5
112 111 5 5
112 105 5 5
112 109 5 5
112 101 5 5
113 100 5 5
113 106 5 5
113 110 5 5
113 103 5 5
114 104 5 5
114 106 5 5
114 109 5 5
114 107 5 5
115 105 5 5
115 102 5 5
115 101 5 5
115 110 5 5
116 102 5 5
116 105 5 5
116 108 5 5
116 115 5 5
117 107 5 5
117 114 5 5
117 106 5 5
117 103 5 5
118 108 5 5
118 111 5 5
118 107 5 5
118 109 5 5
119 105 5 5
119 102 5 5
119 114 5 5
119 118 5 5
100 117 5 5
100 118 5 5
100 111 5 5
100 119 5 5
101 116 5 5
101 107 5 5
101 119 5 5
101 111 5 5
102 113 5 5
102 106 5 5
102 110 5 5
102 108 5 5
103 115 5 5
103 114 5 5
103 116 5 5
103 111 5 5
124 122 6 6
124 123 6 6
124 121 6 6
124 120 6 6
125 124 6 6
125 120 6 6
125 122 6 6
125 121 6 6
126 122 6 6
126 124 6 6
126 121 6 6
126 125 6 6
127 120 6 6
127 121 6 6
127 122 6 6
127 124 6 6
128 122 6 6
128 126 6 6
128 121 6 6
128 127 6 6
129 127 6 6
129 121 6 6
129 120 6 6
129 124 6 6
130 126 6 6
130 125 6 6
130 129 6 6
130 127 6 6
131 124 6 6
131 129 6 6
131 123 6 6
131 127 6 6
132 120 6 6
132 125 6 6
132 129 6 6
132 127 6 6
133 130 6 6
133 132 6 6
133 128 6 6
133 121 6 6
134 122 6 6
134 128 6 6
134 126 6 6
134 123 6 6
135 126 6 6
135 122 6 6
135 133 6 6
135 128 6 6
136 120 6 6
136 127 6 6
136 129 6 6
136 131 6 6
137 123 6 6
137 134 6 6
137 121 6 6
137 126 6 6
138 128 6 6
138 124 6 6
138 121 6 6
138 125 6 6
139 125 6 6
139 122 6 6
139 133 6 6
139 129 6 6
120 131 6 6
120 139 6 6
120 126 6 6
120 133 6 6
121 134 6 6
121 131 6 6
121 139 6 6
121 136 6 6
122 138 6 6
122 129 6 6
122 137 6 6
122 136 6 6
123 127 6 6
123 132 6 6
123 128 6 6
123 129 6 6
144 143 7 7
144 142 7 7
144 141 7 7
144 140 7 7
145 143 7 7
145 141 7 7
145 144 7 7
145 142 7 7
146 144 7 7
146 145 7 7
146 142 7 7
146 143 7 7
147 140 7 7
147 142 7 7
147 145 7 7
147 146 7 7
148 142 7 7
148 143 7 7
148 141 7 7
148 146 7 7
149 145 7 7
149 147 7 7
149 144 7 7
149 140 7 7
150 147 7 7
150 144 7 7
150 145 7 7
150 149 7 7
151 147 7 7
151 140 7 7
151 149 7 7
151 141 7 7
152 142 7 7
152 144 7 7
152 145 7 7
152 140 7 7
153 145 7 7
153 143 7 7
153 150 7 7
153 151 7 7
154 150 7 7
154 153 7 7
154 140 7 7
154 152 7 7
155 150 7 7
155 144 7 7
155 140 7 7
155 147 7 7
156 142 7 7
156 141 7 7
156 148 7 7
156 154 7 7
157 147 7 7
157 146 7 7
157 154 7 7
157 148 7 7
158 145 7 7
158 156 7 7
158 152 7 7
158 146 7 7
159 145 7 7
159 146 7 7
159 140 7 7
159 155 7 7
140 156 7 7
140 145 7 7
140 150 7 7
140 158 7 7
141 146 7 7
141 153 7 7
141 157 7 7
141 147 7 7
142 157 7 7
142 155 7 7
142 151 7 7
142 154 7 7
143 147 7 7
143 158 7 7
143 159 7 7
143 152 7 7
164 160 8 8
164 161 8 8
164 162 8 8
164 163 8 8
165 162 8 8
165 161 8 8
165 163 8 8
165 164 8 8
166 162 8 8
166 165 8 8
166 164 8 8
166 160 8 8
167 162 8 8
167 164 8 8
167 161 8 8
167 165 8 8
168 165 8 8
168 166 8 8
168 162 8 8
168 164 8 8
169 161 8 8
169 166 8 8
169 163 8 8
169 168 8 8
170 161 8 8
170 163 8 8
170 166 8 8
170 164 8 8
171 166 8 8
171 163 8 8
171 160 8 8
171 162 8 8
172 168 8 8
172 165 8 8
172 169 8 8
172 170 8 8
173 165 8 8
173 166 8 8
173 170 8 8
173 172 8 8
174 169 8 8
174 172 8 8
174 173 8 8
174 165 8 8
175 160 8 8
175 161 8 8
175 172 8 8
175 170 8 8
176 163 8 8
176 160 8 8
176 175 8 8
176 166 8 8
177 168 8 8
177 169 8 8
177 160 8 8
177 172 8 8
178 172 8 8
178 165 8 8
178 161 8 8
178 173 8 8
179 160 8 8
179 164 8 8
179 167 8 8
179 168 8 8
160 173 8 8
160 170 8 8
160 167 8 8
160 178 8 8
161 179 8 8
161 176 8 8
161 166 8 8
161 173 8 8
162 170 8 8
162 172 8 8
162 178 8 8
162 177 8 8
163 175 8 8
163 174 8 8
163 167 8 8
163 166 8 8
184 180 9 9
184 181 9 9
184 182 9 9
184 183 9 9
185 183 9 9
185 184 9 9
185 182 9 9
185 181 9 9
186 180 9 9
186 184 9 9
186 181 9 9
186 182 9 9
187 183 9 9
187 186 9 9
187 185 9 9
187 184 9 9
188 183 9 9
188 185 9 9
188 180 9 9
188 182 9 9
189 188 9 9
189 185 9 9
189 183 9 9
189 184 9 9
190 186 9 9
190 188 9 9
190 182 9 9
190 181 9 9
191 187 9 9
191 183 9 9
191 185 9 9
191 182 9 9
192 184 9 9
192 185 9 9
192 188 9 9
192 189 9 9
193 181 9 9
193 190 9 9
193 182 9 9
193 188 9 9
194 183 9 9
194 181 9 9
194 184 9 9
194 190 9 9
195 191 9 9
195 183 9 9
195 182 9 9
195 180 9 9
196 190 9 9
196 192 9 9
196 181 9 9
196 189 9 9
197 180 9 9
197 194 9 9
197 181 9 9
197 195 9 9
198 194 9 9
198 187 9 9
198 180 9 9
198 184 9 9
199 192 9 9
199 193 9 9
199 185 9 9
199 197 9 9
180 196 9 9
180 190 9 9
180 191 9 9
180 189 9 9
181 187 9 9
181 189 9 9
181 191 9 9
181 192 9 9
182 196 9 9
182 199 9 9
182 187 9 9
182 197 9 9
183 196 9 9
183 186 9 9
183 193 9 9
183 197 9 9
204 200 10 10
204 201 10 10
204 203 10 10
204 202 10 10
205 202 10 10
205 201 10 10
205 200 10 10
205 203 10 10
206 201 10 10
206 200 10 10
206 202 10 10
206 203 10 10
207 204 10 10
207 202 10 10
207 206 10 10
207 200 10 10
208 204 10 10
208 200 10 10
208 202 10 10
208 206 10 10
209 201 10 10
209 205 10 10
209 207 10 10
209 204 10 10
210 202 10 10
210 205 10 10
210 200 10 10
210 208 10 10
211 204 10 10
211 210 10 10
211 202 10 10
211 203 10 10
212 207 10 10
212 211 10 10
212 204 10 10
212 202 10 10
213 206 10 10
213 203 10 10
213 200 10 10
213 202 10 10
214 205 10 10
214 210 10 10
214 206 10 10
214 204 10 10
215 204 10 10
215 205 10 10
215 209 10 10
215 212 10 10
216 207 10 10
216 209 10 10
216 202 10 10
216 211 10 10
217 202 10 10
217 203 10 10
217 211 10 10
217 215 10 10
218 217 10 10
218 213 10 10
218 211 10 10
218 208 10 10
219 205 10 10
219 218 10 10
219 202 10 10
219 210 10 10
200 219 10 10
200 217 10 10
200 211 10 10
200 216 10 10
201 212 10 10
201 216 10 10
201 207 10 10
201 211 10 10
202 209 10 10
202 218 10 10
202 215 10 10
202 214 10 10
203 208 10 10
203 210 10 10
203 219 10 10
203 216 10 10
224 221 11 11
224 223 11 11
224 222 11 11
224 220 11 11
225 220 11 11
225 224 11 11
225 221 11 11
225 223 11 11
226 224 11 11
226 225 11 11
226 221 11 11
226 222 11 11
227 221 11 11
227 222 11 11
227 224 11 11
227 226 11 11
228 223 11 11
228 227 11 11
228 220 11 11
228 222 11 11
229 226 11 11
229 227 11 11
229 228 11 11
229 223 11 11
230 221 11 11
230 220 11 11
230 225 11 11
230 229 11 11
231 221 11 11
231 222 11 11
231 227 11 11
231 223 11 11
232 231 11 11
232 222 11 11
232 227 11 11
232 229 11 11
233 228 11 11
233 223 11 11
233 222 11 11
233 221 11 11
234 233 11 11
234 226 11 11
234 228 11 11
234 221 11 11
235 233 11 11
235 228 11 11
235 220 11 11
235 223 11 11
236 228 11 11
236 235 11 11
236 229 11 11
236 233 11 11
237 222 11 11
237 227 11 11
237 231 11 11
237 235 11 11
238 224 11 11
238 222 11 11
238 221 11 11
238 226 11 11
239 229 11 11
239 232 11 11
239 220 11 11
239 227 11 11
220 233 11 11
220 229 11 11
220 234 11 11
220 236 11 11
221 237 11 11
221 232 11 11
221 235 11 11
221 228 11 11
222 225 11 11
222 230 11 11
222 239 11 11
222 229 11 11
223 236 11 11
223 230 11 11
223 234 11 11
223 237 11 11
244 240 12 12
244 241 12 12
244 242 12 12
244 243 12 12
245 243 12 12
245 244 12 12
245 242 12 12
245 240 12 12
246 240 12 12
246 244 12 12
246 241 12 12
246 243 12 12
247 240 12 12
247 244 12 12
247 246 12 12
247 242 12 12
248 247 12 12
248 245 12 12
248 243 12 12
248 242 12 12
249 247 12 12
249 248 12 12
249 245 12 12
249 244 12 12
250 248 12 12
250 245 12 12
250 244 12 12
250 247 12 12
251 247 12 12
251 246 12 12
251 240 12 12
251 244 12 12
252 250 12 12
252 243 12 12
252 247 12 12
252 248 12 12
253 248 12 12
253 240 12 12
253 251 12 12
253 242 12 12
254 246 12 12
254 242 12 12
254 253 12 12
254 252 12 12
255 244 12 12
255 241 12 12
255 251 12 12
255 252 12 12
256 255 12 12
256 244 12 12
256 251 12 12
256 247 12 12
257 245 12 12
257 253 12 12
257 252 12 12
257 249 12 12
258 250 12 12
258 247 12 12
258 244 12 12
258 251 12 12
259 243 12 12
259 255 12 12
259 247 12 12
259 251 12 12
240 259 12 12
240 255 12 12
240 256 12 12
240 252 12 12
241 256 12 12
241 252 12 12
241 259 12 12
241 247 12 12
242 252 12 12
242 259 12 12
242 246 12 12
242 256 12 12
243 257 12 12
243 247 12 12
243 249 12 12
243 254 12 12
264 262 13 13
264 261 13 13
264 263 13 13
264 260 13 13
265 261 13 13
265 262 13 13
265 260 13 13
265 264 13 13
266 261 13 13
266 265 13 13
266 260 13 13
266 262 13 13
267 262 13 13
267 260 13 13
267 261 13 13
267 265 13 13
268 266 13 13
268 265 13 13
268 261 13 13
268 260 13 13
269 260 13 13
269 261 13 13
269 265 13 13
269 266 13 13
270 268 13 13
270 261 13 13
270 264 13 13
270 263 13 13
271 264 13 13
271 266 13 13
271 261 13 13
271 265 13 13
272 271 13 13
272 260 13 13
272 269 13 13
272 263 13 13
273 270 13 13
273 271 13 13
273 272 13 13
273 267 13 13
274 268 13 13
274 267 13 13
274 263 13 13
274 264 13 13
275 263 13 13
275 273 13 13
275 274 13 13
275 272 13 13
276 275 13 13
276 263 13 13
276 274 13 13
276 264 13 13
277 276 13 13
277 264 13 13
277 261 13 13
277 263 13 13
278 275 13 13
278 269 13 13
278 271 13 13
278 272 13 13
279 268 13 13
279 271 13 13
279 276 13 13
279 275 13 13
260 278 13 13
260 276 13 13
260 275 13 13
260 274 13 13
261 275 13 13
261 278 13 13
261 272 13 13
261 273 13 13
262 272 13 13
262 271 13 13
262 268 13 13
262 275 13 13
263 271 13 13
263 267 13 13
263 269 13 13
263 278 13 13
284 282 14 14
284 280 14 14
284 281 14 14
284 283 14 14
285 284 14 14
285 283 14 14
285 282 14 14
285 280 14 14
286 283 14 14
286 280 14 14
286 285 14 14
286 282 14 14
287 282 14 14
287 283 14 14
287 281 14 14
287 280 14 14
288 281 14 14
288 287 14 14
288 282 14 14
288 284 14 14
289 288 14 14
289 281 14 14
289 282 14 14
289 286 14 14
290 287 14 14
290 288 14 14
290 285 14 14
290 283 14 14
291 281 14 14
291 280 14 14
291 287 14 14
291 283 14 14
292 282 14 14
292 287 14 14
292 290 14 14
292 288 14 14
293 283 14 14
293 288 14 14
293 284 14 14
293 280 14 14
294 289 14 14
294 280 14 14
294 288 14 14
294 284 14 14
295 292 14 14
295 287 14 14
295 289 14 14
295 282 14 14
296 293 14 14
296 289 14 14
296 283 14 14
296 291 14 14
297 287 14 14
297 283 14 14
297 291 14 14
297 296 14 14
298 290 14 14
298 281 14 14
298 296 14 14
298 289 14 14
299 294 14 14
299 295 14 14
299 293 14 14
299 296 14 14
280 298 14 14
280 288 14 14
280 290 14 14
280 296 14 14
281 294 14 14
281 295 14 14
281 292 14 14
281 296 14 14
282 298 14 14
282 296 14 14
282 297 14 14
282 290 14 14
283 292 14 14
283 288 14 14
283 298 14 14
283 295 14 14
304 300 15 15
304 301 15 15
304 303 15 15
304 302 15 15
305 303 15 15
305 301 15 15
305 304 15 15
305 300 15 15
306 301 15 15
306 300 15 15
306 303 15 15
306 302 15 15
307 304 15 15
307 306 15 15
307 300 15 15
307 302 15 15
308 306 15 15
308 300 15 15
308 307 15 15
308 302 15 15
309 308 15 15
309 302 15 15
309 307 15 15
309 304 15 15
310 301 15 15
310 305 15 15
310 309 15 15
310 304 15 15
311 307 15 15
311 303 15 15
311 305 15 15
311 309 15 15
312 306 15 15
312 304 15 15
312 303 15 15
312 301 15 15
313 311 15 15
313 307 15 15
313 308 15 15
313 309 15 15
314 309 15 15
314 311 15 15
314 310 15 15
314 301 15 15
315 313 15 15
315 314 15 15
315 309 15 15
315 307 15 15
316 303 15 15
316 301 15 15
316 310 15 15
316 309 15 15
317 309 15 15
317 304 15 15
317 307 15 15
317 308 15 15
318 316 15 15
318 308 15 15
318 310 15 15
318 304 15 15
319 313 15 15
319 306 15 15
319 315 15 15
319 317 15 15
300 314 15 15
300 316 15 15
300 317 15 15
300 312 15 15
301 318 15 15
301 309 15 15
301 317 15 15
301 319 15 15
302 317 15 15
302 311 15 15
302 314 15 15
302 310 15 15
303 315 15 15
303 317 15 15
303 319 15 15
303 307 15 15
97 76 4 3
90 12 4 0
96 49 4 2
92 33 4 1
114 14 5 0
112 75 5 3
110 97 5 4
102 27 5 1
128 65 6 3
138 13 6 0
130 99 6 4
131 119 6 5
158 42 7 2
149 69 7 3
155 9 7 0
143 28 7 1
172 118 8 5
161 85 8 4
170 52 8 2
173 64 8 3
197 163 9 8
187 135 9 6
183 74 9 3
198 14 9 0
207 125 10 6
214 106 10 5
210 3 10 0
218 187 10 9
224 121 11 6
239 30 11 1
225 68 11 3
224 177 11 8
245 165 12 8
252 235 12 11
252 72 12 3
250 96 12 4
278 21 13 1
270 99 13 4
263 244 13 12
263 44 13 2
283 175 14 8
292 4 14 0
281 80 14 4
288 142 14 7
313 192 15 9
312 276 15 13
317 171 15 8
306 61 15 3
15 315 0 15
15 160 0 8
10 237 0 11
0 259 0 12
36 290 1 14
34 253 1 12
32 177 1 8
35 124 1 6
46 199 2 9
50 240 2 12
44 120 2 6
55 294 2 14
63 267 3 13
67 209 3 10
78 294 3 14
