swNum = 320
edgeNum = 1343

0 0
1 0
2 0
3 0
4 0
5 0
6 0
7 0
8 0
9 0
10 0
11 0
12 0
13 0
14 0
15 0
16 0
17 0
18 0
19 0
20 1
21 1
22 1
23 1
24 1
25 1
26 1
27 1
28 1
29 1
30 1
31 1
32 1
33 1
34 1
35 1
36 1
37 1
38 1
39 1
40 2
41 2
42 2
43 2
44 2
45 2
46 2
47 2
48 2
49 2
50 2
51 2
52 2
53 2
54 2
55 2
56 2
57 2
58 2
59 2
60 3
61 3
62 3
63 3
64 3
65 3
66 3
67 3
68 3
69 3
70 3
71 3
72 3
73 3
74 3
75 3
76 3
77 3
78 3
79 3
80 4
81 4
82 4
83 4
84 4
85 4
86 4
87 4
88 4
89 4
90 4
91 4
92 4
93 4
94 4
95 4
96 4
97 4
98 4
99 4
100 5
101 5
102 5
103 5
104 5
105 5
106 5
107 5
108 5
109 5
110 5
111 5
112 5
113 5
114 5
115 5
116 5
117 5
118 5
119 5
120 6
121 6
122 6
123 6
124 6
125 6
126 6
127 6
128 6
129 6
130 6
131 6
132 6
133 6
134 6
135 6
136 6
137 6
138 6
139 6
140 7
141 7
142 7
143 7
144 7
145 7
146 7
147 7
148 7
149 7
150 7
151 7
152 7
153 7
154 7
155 7
156 7
157 7
158 7
159 7
160 8
161 8
162 8
163 8
164 8
165 8
166 8
167 8
168 8
169 8
170 8
171 8
172 8
173 8
174 8
175 8
176 8
177 8
178 8
179 8
180 9
181 9
182 9
183 9
184 9
185 9
186 9
187 9
188 9
189 9
190 9
191 9
192 9
193 9
194 9
195 9
196 9
197 9
198 9
199 9
200 10
201 10
202 10
203 10
204 10
205 10
206 10
207 10
208 10
209 10
210 10
211 10
212 10
213 10
214 10
215 10
216 10
217 10
218 10
219 10
220 11
221 11
222 11
223 11
224 11
225 11
226 11
227 11
228 11
229 11
230 11
231 11
232 11
233 11
234 11
235 11
236 11
237 11
238 11
239 11
240 12
241 12
242 12
243 12
244 12
245 12
246 12
247 12
248 12
249 12
250 12
251 12
252 12
253 12
254 12
255 12
256 12
257 12
258 12
259 12
260 13
261 13
262 13
263 13
264 13
265 13
266 13
267 13
268 13
269 13
270 13
271 13
272 13
273 13
274 13
275 13
276 13
277 13
278 13
279 13
280 14
281 14
282 14
283 14
284 14
285 14
286 14
287 14
288 14
289 14
290 14
291 14
292 14
293 14
294 14
295 14
296 14
297 14
298 14
299 14
300 15
301 15
302 15
303 15
304 15
305 15
306 15
307 15
308 15
309 15
310 15
311 15
312 15
313 15
314 15
315 15
316 15
317 15
318 15
319 15

4 3 0 0
4 2 0 0
4 0 0 0
4 1 0 0
5 0 0 0
5 4 0 0
5 2 0 0
5 3 0 0
6 3 0 0
6 5 0 0
6 1 0 0
6 2 0 0
7 4 0 0
7 1 0 0
7 3 0 0
7 6 0 0
8 2 0 0
8 5 0 0
8 6 0 0
8 1 0 0
9 3 0 0
9 7 0 0
9 4 0 0
9 2 0 0
10 5 0 0
10 0 0 0
10 2 0 0
10 8 0 0
11 5 0 0
11 9 0 0
11 4 0 0
11 2 0 0
12 2 0 0
12 7 0 0
12 11 0 0
12 8 0 0
13 6 0 0
13 11 0 0
13 0 0 0
13 9 0 0
14 11 0 0
14 3 0 0
14 5 0 0
14 9 0 0
15 2 0 0
15 12 0 0
15 5 0 0
15 11 0 0
16 3 0 0
16 11 0 0
16 15 0 0
16 10 0 0
17 12 0 0
17 7 0 0
17 2 0 0
17 9 0 0
18 2 0 0
18 8 0 0
18 3 0 0
18 13 0 0
19 11 0 0
19 2 0 0
19 14 0 0
19 0 0 0
0 16 0 0
0 18 0 0
0 15 0 0
0 11 0 0
1 19 0 0
1 9 0 0
1 15 0 0
1 18 0 0
2 16 0 0
2 13 0 0
2 14 0 0
2 7 0 0
3 17 0 0
3 10 0 0
3 11 0 0
3 19 0 0
24 20 1 1
24 22 1 1
24 23 1 1
24 21 1 1
25 21 1 1
25 22 1 1
25 24 1 1
25 23 1 1
26 21 1 1
26 24 1 1
26 25 1 1
26 20 1 1
27 22 1 1
27 21 1 1
27 23 1 1
27 26 1 1
28 20 1 1
28 23 1 1
28 27 1 1
28 22 1 1
29 22 1 1
29 20 1 1
29 24 1 1
29 26 1 1
30 26 1 1
30 29 1 1
30 22 1 1
30 21 1 1
31 25 1 1
31 21 1 1
31 26 1 1
31 22 1 1
32 23 1 1
32 29 1 1
32 22 1 1
32 25 1 1
33 27 1 1
33 26 1 1
33 24 1 1
33 28 1 1
34 30 1 1
34 20 1 1
34 31 1 1
34 28 1 1
35 20 1 1
35 29 1 1
35 23 1 1
35 22 1 1
36 35 1 1
36 34 1 1
36 32 1 1
36 21 1 1
37 30 1 1
37 34 1 1
37 29 1 1
37 36 1 1
38 34 1 1
38 22 1 1
38 31 1 1
38 24 1 1
39 38 1 1
39 37 1 1
39 21 1 1
39 36 1 1
20 38 1 1
20 31 1 1
20 27 1 1
20 32 1 1
21 35 1 1
21 34 1 1
21 32 1 1
21 37 1 1
22 26 1 1
22 36 1 1
22 34 1 1
22 39 1 1
23 29 1 1
23 38 1 1
23 36 1 1
23 34 1 1
44 40 2 2
44 43 2 2
44 41 2 2
44 42 2 2
45 41 2 2
45 42 2 2
45 43 2 2
45 40 2 2
46 43 2 2
46 40 2 2
46 44 2 2
46 41 2 2
47 42 2 2
47 46 2 2
47 43 2 2
47 41 2 2
48 40 2 2
48 44 2 2
48 41 2 2
48 43 2 2
49 48 2 2
49 40 2 2
49 43 2 2
49 47 2 2
50 40 2 2
50 42 2 2
50 49 2 2
50 45 2 2
51 43 2 2
51 42 2 2
51 45 2 2
51 40 2 2
52 44 2 2
52 49 2 2
52 48 2 2
52 50 2 2
53 46 2 2
53 52 2 2
53 49 2 2
53 43 2 2
54 52 2 2
54 43 2 2
54 40 2 2
54 51 2 2
55 48 2 2
55 43 2 2
55 52 2 2
55 44 2 2
56 41 2 2
56 44 2 2
56 40 2 2
56 46 2 2
57 56 2 2
57 42 2 2
57 48 2 2
57 55 2 2
58 53 2 2
58 52 2 2
58 56 2 2
58 43 2 2
59 45 2 2
59 43 2 2
59 40 2 2
59 42 2 2
40 47 2 2
40 53 2 2
40 58 2 2
40 57 2 2
41 51 2 2
41 49 2 2
41 53 2 2
41 58 2 2
42 54 2 2
42 49 2 2
42 56 2 2
42 53 2 2
43 56 2 2
43 52 2 2
43 50 2 2
43 57 2 2
64 61 3 3
64 62 3 3
64 63 3 3
64 60 3 3
65 62 3 3
65 61 3 3
65 60 3 3
65 64 3 3
66 63 3 3
66 61 3 3
66 64 3 3
66 65 3 3
67 63 3 3
67 60 3 3
67 64 3 3
67 66 3 3
68 63 3 3
68 61 3 3
68 62 3 3
68 64 3 3
69 65 3 3
69 60 3 3
69 61 3 3
69 64 3 3
70 64 3 3
70 67 3 3
70 63 3 3
70 62 3 3
71 62 3 3
71 60 3 3
71 69 3 3
71 65 3 3
72 65 3 3
72 69 3 3
72 68 3 3
72 62 3 3
73 61 3 3
73 68 3 3
73 62 3 3
73 72 3 3
74 64 3 3
74 61 3 3
74 63 3 3
74 70 3 3
75 66 3 3
75 68 3 3
75 70 3 3
75 62 3 3
76 68 3 3
76 60 3 3
76 67 3 3
76 62 3 3
77 64 3 3
77 75 3 3
77 72 3 3
77 70 3 3
78 65 3 3
78 68 3 3
78 77 3 3
78 74 3 3
79 63 3 3
79 65 3 3
79 68 3 3
79 67 3 3
60 72 3 3
60 73 3 3
60 68 3 3
60 78 3 3
61 77 3 3
61 72 3 3
61 75 3 3
61 79 3 3
62 66 3 3
62 78 3 3
62 74 3 3
62 69 3 3
63 75 3 3
63 72 3 3
63 76 3 3
63 71 3 3
84 82 4 4
84 81 4 4
84 80 4 4
84 83 4 4
85 84 4 4
85 81 4 4
85 82 4 4
85 80 4 4
86 83 4 4
86 85 4 4
86 84 4 4
86 82 4 4
87 82 4 4
87 84 4 4
87 83 4 4
87 86 4 4
88 83 4 4
88 87 4 4
88 84 4 4
88 80 4 4
89 83 4 4
89 88 4 4
89 86 4 4
89 80 4 4
90 86 4 4
90 85 4 4
90 83 4 4
90 80 4 4
91 81 4 4
91 84 4 4
91 85 4 4
91 86 4 4
92 88 4 4
92 89 4 4
92 85 4 4
92 84 4 4
93 81 4 4
93 84 4 4
93 83 4 4
93 85 4 4
94 84 4 4
94 89 4 4
94 91 4 4
94 85 4 4
95 84 4 4
95 92 4 4
95 82 4 4
95 89 4 4
96 94 4 4
96 95 4 4
96 82 4 4
96 89 4 4
97 86 4 4
97 83 4 4
97 88 4 4
97 92 4 4
98 91 4 4
98 87 4 4
98 96 4 4
98 89 4 4
99 89 4 4
99 88 4 4
99 85 4 4
99 86 4 4
80 93 4 4
80 87 4 4
80 98 4 4
80 97 4 4
81 96 4 4
81 89 4 4
81 99 4 4
81 94 4 4
82 91 4 4
82 98 4 4
82 89 4 4
82 92 4 4
83 99 4 4
83 94 4 4
83 85 4 4
83 92 4 4
104 101 5 5
104 102 5 5
104 103 5 5
104 100 5 5
105 100 5 5
105 102 5 5
105 101 5 5
105 104 5 5
106 104 5 5
106 103 5 5
106 101 5 5
106 105 5 5
107 101 5 5
107 102 5 5
107 104 5 5
107 100 5 5
108 101 5 5
108 102 5 5
108 105 5 5
108 107 5 5
109 103 5 5
109 104 5 5
109 102 5 5
109 105 5 5
110 109 5 5
110 103 5 5
110 106 5 5
110 105 5 5
111 105 5 5
111 109 5 5
111 102 5 5
111 103 5 5
112 111 5 5
112 101 5 5
112 109 5 5
112 107 5 5
113 110 5 5
113 104 5 5
113 103 5 5
113 112 5 5
114 105 5 5
114 103 5 5
114 108 5 5
114 100 5 5
115 109 5 5
115 102 5 5
115 107 5 5
115 104 5 5
116 107 5 5
116 105 5 5
116 114 5 5
116 101 5 5
117 101 5 5
117 116 5 5
117 114 5 5
117 105 5 5
118 102 5 5
118 108 5 5
118 117 5 5
118 107 5 5
119 112 5 5
119 110 5 5
119 118 5 5
119 109 5 5
100 108 5 5
100 118 5 5
100 110 5 5
100 117 5 5
101 114 5 5
101 119 5 5
101 113 5 5
101 115 5 5
102 114 5 5
102 117 5 5
102 116 5 5
102 119 5 5
103 118 5 5
103 119 5 5
103 105 5 5
103 112 5 5
124 120 6 6
124 122 6 6
124 123 6 6
124 121 6 6
125 121 6 6
125 124 6 6
125 120 6 6
125 122 6 6
126 125 6 6
126 124 6 6
126 122 6 6
126 121 6 6
127 126 6 6
127 122 6 6
127 125 6 6
127 123 6 6
128 124 6 6
128 126 6 6
128 121 6 6
128 120 6 6
129 121 6 6
129 125 6 6
129 124 6 6
129 128 6 6
130 126 6 6
130 127 6 6
130 129 6 6
130 122 6 6
131 130 6 6
131 120 6 6
131 121 6 6
131 126 6 6
132 130 6 6
132 121 6 6
132 125 6 6
132 131 6 6
133 120 6 6
133 126 6 6
133 129 6 6
133 124 6 6
134 130 6 6
134 131 6 6
134 121 6 6
134 122 6 6
135 129 6 6
135 131 6 6
135 130 6 6
135 125 6 6
136 129 6 6
136 130 6 6
136 132 6 6
136 134 6 6
137 131 6 6
137 125 6 6
137 120 6 6
137 127 6 6
138 129 6 6
138 132 6 6
138 125 6 6
138 121 6 6
139 123 6 6
139 134 6 6
139 128 6 6
139 131 6 6
120 130 6 6
120 138 6 6
120 139 6 6
120 127 6 6
121 135 6 6
121 133 6 6
121 139 6 6
121 137 6 6
122 133 6 6
122 131 6 6
122 129 6 6
122 139 6 6
123 130 6 6
123 128 6 6
123 135 6 6
123 137 6 6
144 141 7 7
144 142 7 7
144 143 7 7
144 140 7 7
145 140 7 7
145 142 7 7
145 144 7 7
145 143 7 7
146 145 7 7
146 142 7 7
146 143 7 7
146 141 7 7
147 145 7 7
147 146 7 7
147 143 7 7
147 142 7 7
148 146 7 7
148 142 7 7
148 145 7 7
148 147 7 7
149 147 7 7
149 148 7 7
149 146 7 7
149 142 7 7
150 141 7 7
150 140 7 7
150 149 7 7
150 148 7 7
151 143 7 7
151 144 7 7
151 149 7 7
151 142 7 7
152 142 7 7
152 144 7 7
152 147 7 7
152 150 7 7
153 150 7 7
153 148 7 7
153 142 7 7
153 151 7 7
154 149 7 7
154 147 7 7
154 146 7 7
154 153 7 7
155 148 7 7
155 146 7 7
155 145 7 7
155 149 7 7
156 142 7 7
156 140 7 7
156 153 7 7
156 146 7 7
157 148 7 7
157 146 7 7
157 149 7 7
157 156 7 7
158 155 7 7
158 140 7 7
158 141 7 7
158 143 7 7
159 143 7 7
159 153 7 7
159 157 7 7
159 154 7 7
140 159 7 7
140 153 7 7
140 149 7 7
140 155 7 7
141 155 7 7
141 156 7 7
141 157 7 7
141 148 7 7
142 157 7 7
142 159 7 7
142 158 7 7
142 150 7 7
143 157 7 7
143 154 7 7
143 149 7 7
143 148 7 7
164 162 8 8
164 163 8 8
164 160 8 8
164 161 8 8
165 162 8 8
165 160 8 8
165 161 8 8
165 163 8 8
166 165 8 8
166 163 8 8
166 162 8 8
166 164 8 8
167 160 8 8
167 164 8 8
167 162 8 8
167 166 8 8
168 167 8 8
168 162 8 8
168 163 8 8
168 165 8 8
169 165 8 8
169 160 8 8
169 162 8 8
169 167 8 8
170 168 8 8
170 167 8 8
170 160 8 8
170 165 8 8
171 163 8 8
171 165 8 8
171 169 8 8
171 164 8 8
172 163 8 8
172 171 8 8
172 165 8 8
172 168 8 8
173 168 8 8
173 167 8 8
173 171 8 8
173 163 8 8
174 168 8 8
174 170 8 8
174 169 8 8
174 164 8 8
175 174 8 8
175 165 8 8
175 164 8 8
175 162 8 8
176 163 8 8
176 169 8 8
176 160 8 8
176 162 8 8
177 162 8 8
177 167 8 8
177 171 8 8
177 163 8 8
178 169 8 8
178 161 8 8
178 164 8 8
178 174 8 8
179 166 8 8
179 160 8 8
179 174 8 8
179 168 8 8
160 174 8 8
160 171 8 8
160 166 8 8
160 168 8 8
161 175 8 8
161 174 8 8
161 168 8 8
161 166 8 8
162 174 8 8
162 173 8 8
162 172 8 8
162 179 8 8
163 174 8 8
163 169 8 8
163 178 8 8
163 175 8 8
184 180 9 9
184 182 9 9
184 181 9 9
184 183 9 9
185 184 9 9
185 180 9 9
185 181 9 9
185 183 9 9
186 185 9 9
186 183 9 9
186 181 9 9
186 180 9 9
187 183 9 9
187 185 9 9
187 180 9 9
187 186 9 9
188 182 9 9
188 187 9 9
188 181 9 9
188 180 9 9
189 183 9 9
189 184 9 9
189 180 9 9
189 182 9 9
190 185 9 9
190 183 9 9
190 184 9 9
190 180 9 9
191 186 9 9
191 189 9 9
191 183 9 9
191 190 9 9
192 191 9 9
192 189 9 9
192 190 9 9
192 182 9 9
193 191 9 9
193 187 9 9
193 181 9 9
193 188 9 9
194 191 9 9
194 187 9 9
194 190 9 9
194 192 9 9
195 185 9 9
195 180 9 9
195 182 9 9
195 188 9 9
196 190 9 9
196 186 9 9
196 189 9 9
196 183 9 9
197 194 9 9
197 192 9 9
197 189 9 9
197 188 9 9
198 182 9 9
198 197 9 9
198 191 9 9
198 192 9 9
199 195 9 9
199 186 9 9
199 184 9 9
199 180 9 9
180 194 9 9
180 196 9 9
180 197 9 9
180 198 9 9
181 189 9 9
181 195 9 9
181 194 9 9
181 187 9 9
182 191 9 9
182 197 9 9
182 196 9 9
182 194 9 9
183 195 9 9
183 188 9 9
183 194 9 9
183 193 9 9
204 203 10 10
204 200 10 10
204 201 10 10
204 202 10 10
205 200 10 10
205 204 10 10
205 202 10 10
205 203 10 10
206 200 10 10
206 202 10 10
206 204 10 10
206 201 10 10
207 205 10 10
207 204 10 10
207 202 10 10
207 201 10 10
208 201 10 10
208 207 10 10
208 205 10 10
208 203 10 10
209 208 10 10
209 200 10 10
209 202 10 10
209 206 10 10
210 202 10 10
210 208 10 10
210 201 10 10
210 209 10 10
211 209 10 10
211 205 10 10
211 210 10 10
211 202 10 10
212 205 10 10
212 211 10 10
212 210 10 10
212 202 10 10
213 201 10 10
213 207 10 10
213 205 10 10
213 211 10 10
214 205 10 10
214 206 10 10
214 213 10 10
214 201 10 10
215 212 10 10
215 204 10 10
215 203 10 10
215 210 10 10
216 206 10 10
216 209 10 10
216 200 10 10
216 208 10 10
217 207 10 10
217 213 10 10
217 208 10 10
217 203 10 10
218 203 10 10
218 212 10 10
218 202 10 10
218 205 10 10
219 212 10 10
219 217 10 10
219 218 10 10
219 215 10 10
200 213 10 10
200 217 10 10
200 210 10 10
200 207 10 10
201 205 10 10
201 217 10 10
201 211 10 10
201 216 10 10
202 215 10 10
202 208 10 10
202 216 10 10
202 219 10 10
203 219 10 10
203 206 10 10
203 214 10 10
203 207 10 10
224 221 11 11
224 222 11 11
224 223 11 11
224 220 11 11
225 221 11 11
225 224 11 11
225 222 11 11
225 223 11 11
226 222 11 11
226 224 11 11
226 225 11 11
226 221 11 11
227 223 11 11
227 222 11 11
227 220 11 11
227 221 11 11
228 220 11 11
228 223 11 11
228 221 11 11
228 222 11 11
229 223 11 11
229 220 11 11
229 228 11 11
229 222 11 11
230 224 11 11
230 225 11 11
230 228 11 11
230 220 11 11
231 220 11 11
231 226 11 11
231 223 11 11
231 227 11 11
232 226 11 11
232 223 11 11
232 230 11 11
232 229 11 11
233 228 11 11
233 227 11 11
233 231 11 11
233 224 11 11
234 228 11 11
234 229 11 11
234 223 11 11
234 227 11 11
235 233 11 11
235 222 11 11
235 228 11 11
235 224 11 11
236 224 11 11
236 222 11 11
236 220 11 11
236 223 11 11
237 225 11 11
237 236 11 11
237 221 11 11
237 230 11 11
238 223 11 11
238 229 11 11
238 222 11 11
238 234 11 11
239 229 11 11
239 235 11 11
239 238 11 11
239 221 11 11
220 235 11 11
220 233 11 11
220 234 11 11
220 237 11 11
221 230 11 11
221 238 11 11
221 231 11 11
221 236 11 11
222 237 11 11
222 233 11 11
222 231 11 11
222 234 11 11
223 226 11 11
223 239 11 11
223 230 11 11
223 233 11 11
244 241 12 12
244 242 12 12
244 243 12 12
244 240 12 12
245 240 12 12
245 242 12 12
245 241 12 12
245 244 12 12
246 245 12 12
246 243 12 12
246 240 12 12
246 242 12 12
247 244 12 12
247 245 12 12
247 242 12 12
247 246 12 12
248 242 12 12
248 244 12 12
248 243 12 12
248 247 12 12
249 241 12 12
249 245 12 12
249 248 12 12
249 246 12 12
250 249 12 12
250 242 12 12
250 247 12 12
250 248 12 12
251 245 12 12
251 248 12 12
251 242 12 12
251 247 12 12
252 241 12 12
252 240 12 12
252 246 12 12
252 247 12 12
253 247 12 12
253 252 12 12
253 244 12 12
253 250 12 12
254 244 12 12
254 241 12 12
254 247 12 12
254 253 12 12
255 240 12 12
255 247 12 12
255 244 12 12
255 241 12 12
256 252 12 12
256 246 12 12
256 253 12 12
256 254 12 12
257 253 12 12
257 246 12 12
257 248 12 12
257 255 12 12
258 257 12 12
258 245 12 12
258 243 12 12
258 250 12 12
259 258 12 12
259 240 12 12
259 245 12 12
259 248 12 12
240 253 12 12
240 248 12 12
240 254 12 12
240 257 12 12
241 247 12 12
241 250 12 12
241 248 12 12
241 251 12 12
242 252 12 12
242 259 12 12
242 256 12 12
242 257 12 12
243 250 12 12
243 251 12 12
243 247 12 12
243 256 12 12
264 261 13 13
264 262 13 13
264 260 13 13
264 263 13 13
265 260 13 13
265 262 13 13
265 264 13 13
265 261 13 13
266 265 13 13
266 264 13 13
266 261 13 13
266 263 13 13
267 261 13 13
267 260 13 13
267 262 13 13
267 263 13 13
268 264 13 13
268 261 13 13
268 260 13 13
268 266 13 13
269 261 13 13
269 262 13 13
269 266 13 13
269 267 13 13
270 262 13 13
270 264 13 13
270 269 13 13
270 268 13 13
271 264 13 13
271 262 13 13
271 268 13 13
271 265 13 13
272 260 13 13
272 267 13 13
272 269 13 13
272 261 13 13
273 268 13 13
273 266 13 13
273 265 13 13
273 270 13 13
274 271 13 13
274 272 13 13
274 260 13 13
274 273 13 13
275 274 13 13
275 268 13 13
275 261 13 13
275 271 13 13
276 266 13 13
276 271 13 13
276 267 13 13
276 275 13 13
277 275 13 13
277 274 13 13
277 271 13 13
277 260 13 13
278 269 13 13
278 261 13 13
278 263 13 13
278 266 13 13
279 273 13 13
279 268 13 13
279 263 13 13
279 275 13 13
260 275 13 13
260 279 13 13
260 278 13 13
260 271 13 13
261 276 13 13
261 274 13 13
261 271 13 13
261 277 13 13
262 274 13 13
262 266 13 13
262 278 13 13
262 272 13 13
263 265 13 13
263 269 13 13
263 272 13 13
263 273 13 13
284 283 14 14
284 282 14 14
284 281 14 14
284 280 14 14
285 282 14 14
285 280 14 14
285 281 14 14
285 284 14 14
286 280 14 14
286 284 14 14
286 281 14 14
286 282 14 14
287 282 14 14
287 286 14 14
287 280 14 14
287 281 14 14
288 280 14 14
288 286 14 14
288 284 14 14
288 281 14 14
289 287 14 14
289 286 14 14
289 280 14 14
289 283 14 14
290 286 14 14
290 280 14 14
290 289 14 14
290 281 14 14
291 288 14 14
291 289 14 14
291 281 14 14
291 287 14 14
292 287 14 14
292 280 14 14
292 288 14 14
292 291 14 14
293 291 14 14
293 280 14 14
293 286 14 14
293 282 14 14
294 290 14 14
294 284 14 14
294 285 14 14
294 292 14 14
295 280 14 14
295 286 14 14
295 281 14 14
295 291 14 14
296 293 14 14
296 292 14 14
296 295 14 14
296 289 14 14
297 283 14 14
297 285 14 14
297 282 14 14
297 295 14 14
298 294 14 14
298 296 14 14
298 280 14 14
298 291 14 14
299 280 14 14
299 290 14 14
299 285 14 14
299 294 14 14
280 297 14 14
280 296 14 14
280 291 14 14
280 294 14 14
281 294 14 14
281 292 14 14
281 296 14 14
281 299 14 14
282 299 14 14
282 294 14 14
282 290 14 14
282 291 14 14
283 294 14 14
283 285 14 14
283 291 14 14
283 298 14 14
304 301 15 15
304 300 15 15
304 302 15 15
304 303 15 15
305 304 15 15
305 300 15 15
305 301 15 15
305 302 15 15
306 300 15 15
306 303 15 15
306 302 15 15
306 301 15 15
307 302 15 15
307 301 15 15
307 303 15 15
307 306 15 15
308 307 15 15
308 301 15 15
308 300 15 15
308 302 15 15
309 302 15 15
309 307 15 15
309 308 15 15
309 305 15 15
310 304 15 15
310 300 15 15
310 301 15 15
310 302 15 15
311 309 15 15
311 307 15 15
311 302 15 15
311 301 15 15
312 306 15 15
312 311 15 15
312 302 15 15
312 309 15 15
313 300 15 15
313 302 15 15
313 303 15 15
313 306 15 15
314 308 15 15
314 307 15 15
314 303 15 15
314 311 15 15
315 302 15 15
315 306 15 15
315 303 15 15
315 313 15 15
316 306 15 15
316 315 15 15
316 313 15 15
316 314 15 15
317 314 15 15
317 315 15 15
317 307 15 15
317 301 15 15
318 300 15 15
318 315 15 15
318 302 15 15
318 310 15 15
319 317 15 15
319 302 15 15
319 311 15 15
319 305 15 15
300 317 15 15
300 312 15 15
300 307 15 15
300 319 15 15
301 319 15 15
301 313 15 15
301 309 15 15
301 312 15 15
302 317 15 15
302 314 15 15
302 316 15 15
303 316 15 15
303 319 15 15
303 312 15 15
303 311 15 15
88 19 4 0
90 24 4 1
93 51 4 2
85 75 4 3
102 54 5 2
116 65 5 3
115 19 5 0
116 35 5 1
131 59 6 2
132 92 6 4
126 75 6 3
139 3 6 0
142 61 7 3
153 92 7 4
158 59 7 2
151 126 7 6
164 87 8 4
179 42 8 2
160 147 8 7
175 1 8 0
186 66 9 3
189 16 9 0
181 118 9 5
192 89 9 4
207 112 10 5
217 95 10 4
216 67 10 3
219 127 10 6
226 151 11 7
227 115 11 5
230 131 11 6
231 15 11 0
252 44 12 2
242 1 12 0
241 109 12 5
256 27 12 1
266 141 13 7
260 252 13 12
279 45 13 2
279 72 13 3
289 154 14 7
299 230 14 11
297 25 14 1
298 244 14 12
311 289 15 14
307 20 15 1
315 228 15 11
307 123 15 6
11 291 0 14
1 306 0 15
10 141 0 7
5 268 0 13
23 201 1 10
29 236 1 11
37 147 1 7
25 270 1 13
50 307 2 15
47 286 2 14
43 222 2 11
54 207 2 10
73 282 3 14
64 258 3 12
64 312 3 15
68 232 3 11
