swNum = 320
edgeNum = 1344

0 0
1 0
2 0
3 0
4 0
5 0
6 0
7 0
8 0
9 0
10 0
11 0
12 0
13 0
14 0
15 0
16 0
17 0
18 0
19 0
20 1
21 1
22 1
23 1
24 1
25 1
26 1
27 1
28 1
29 1
30 1
31 1
32 1
33 1
34 1
35 1
36 1
37 1
38 1
39 1
40 2
41 2
42 2
43 2
44 2
45 2
46 2
47 2
48 2
49 2
50 2
51 2
52 2
53 2
54 2
55 2
56 2
57 2
58 2
59 2
60 3
61 3
62 3
63 3
64 3
65 3
66 3
67 3
68 3
69 3
70 3
71 3
72 3
73 3
74 3
75 3
76 3
77 3
78 3
79 3
80 4
81 4
82 4
83 4
84 4
85 4
86 4
87 4
88 4
89 4
90 4
91 4
92 4
93 4
94 4
95 4
96 4
97 4
98 4
99 4
100 5
101 5
102 5
103 5
104 5
105 5
106 5
107 5
108 5
109 5
110 5
111 5
112 5
113 5
114 5
115 5
116 5
117 5
118 5
119 5
120 6
121 6
122 6
123 6
124 6
125 6
126 6
127 6
128 6
129 6
130 6
131 6
132 6
133 6
134 6
135 6
136 6
137 6
138 6
139 6
140 7
141 7
142 7
143 7
144 7
145 7
146 7
147 7
148 7
149 7
150 7
151 7
152 7
153 7
154 7
155 7
156 7
157 7
158 7
159 7
160 8
161 8
162 8
163 8
164 8
165 8
166 8
167 8
168 8
169 8
170 8
171 8
172 8
173 8
174 8
175 8
176 8
177 8
178 8
179 8
180 9
181 9
182 9
183 9
184 9
185 9
186 9
187 9
188 9
189 9
190 9
191 9
192 9
193 9
194 9
195 9
196 9
197 9
198 9
199 9
200 10
201 10
202 10
203 10
204 10
205 10
206 10
207 10
208 10
209 10
210 10
211 10
212 10
213 10
214 10
215 10
216 10
217 10
218 10
219 10
220 11
221 11
222 11
223 11
224 11
225 11
226 11
227 11
228 11
229 11
230 11
231 11
232 11
233 11
234 11
235 11
236 11
237 11
238 11
239 11
240 12
241 12
242 12
243 12
244 12
245 12
246 12
247 12
248 12
249 12
250 12
251 12
252 12
253 12
254 12
255 12
256 12
257 12
258 12
259 12
260 13
261 13
262 13
263 13
264 13
265 13
266 13
267 13
268 13
269 13
270 13
271 13
272 13
273 13
274 13
275 13
276 13
277 13
278 13
279 13
280 14
281 14
282 14
283 14
284 14
285 14
286 14
287 14
288 14
289 14
290 14
291 14
292 14
293 14
294 14
295 14
296 14
297 14
298 14
299 14
300 15
301 15
302 15
303 15
304 15
305 15
306 15
307 15
308 15
309 15
310 15
311 15
312 15
313 15
314 15
315 15
316 15
317 15
318 15
319 15

4 0 0 0
4 3 0 0
4 1 0 0
4 2 0 0
5 1 0 0
5 0 0 0
5 4 0 0
5 2 0 0
6 0 0 0
6 5 0 0
6 1 0 0
6 4 0 0
7 3 0 0
7 0 0 0
7 1 0 0
7 4 0 0
8 7 0 0
8 0 0 0
8 5 0 0
8 4 0 0
9 7 0 0
9 2 0 0
9 3 0 0
9 8 0 0
10 6 0 0
10 4 0 0
10 5 0 0
10 1 0 0
11 10 0 0
11 5 0 0
11 6 0 0
11 1 0 0
12 6 0 0
12 5 0 0
12 10 0 0
12 9 0 0
13 2 0 0
13 12 0 0
13 0 0 0
13 3 0 0
14 5 0 0
14 0 0 0
14 13 0 0
14 4 0 0
15 14 0 0
15 6 0 0
15 8 0 0
15 10 0 0
16 8 0 0
16 7 0 0
16 0 0 0
16 3 0 0
17 14 0 0
17 16 0 0
17 3 0 0
17 0 0 0
18 0 0 0
18 17 0 0
18 14 0 0
18 1 0 0
19 10 0 0
19 9 0 0
19 17 0 0
19 0 0 0
0 12 0 0
0 15 0 0
0 11 0 0
0 9 0 0
1 17 0 0
1 13 0 0
1 12 0 0
1 14 0 0
2 16 0 0
2 7 0 0
2 19 0 0
2 18 0 0
3 15 0 0
3 8 0 0
3 18 0 0
3 10 0 0
24 22 1 1
24 21 1 1
24 20 1 1
24 23 1 1
25 22 1 1
25 24 1 1
25 20 1 1
25 21 1 1
26 24 1 1
26 20 1 1
26 22 1 1
26 23 1 1
27 24 1 1
27 26 1 1
27 23 1 1
27 21 1 1
28 27 1 1
28 22 1 1
28 20 1 1
28 24 1 1
29 20 1 1
29 21 1 1
29 22 1 1
29 24 1 1
30 25 1 1
30 29 1 1
30 22 1 1
30 28 1 1
31 20 1 1
31 29 1 1
31 25 1 1
31 24 1 1
32 28 1 1
32 23 1 1
32 29 1 1
32 27 1 1
33 24 1 1
33 27 1 1
33 21 1 1
33 23 1 1
34 26 1 1
34 23 1 1
34 32 1 1
34 28 1 1
35 29 1 1
35 20 1 1
35 21 1 1
35 34 1 1
36 22 1 1
36 26 1 1
36 32 1 1
36 33 1 1
37 28 1 1
37 27 1 1
37 24 1 1
37 26 1 1
38 31 1 1
38 22 1 1
38 37 1 1
38 36 1 1
39 30 1 1
39 25 1 1
39 37 1 1
39 31 1 1
20 38 1 1
20 33 1 1
20 30 1 1
20 36 1 1
21 37 1 1
21 39 1 1
21 30 1 1
21 28 1 1
22 39 1 1
22 37 1 1
22 35 1 1
22 33 1 1
23 37 1 1
23 36 1 1
23 28 1 1
23 38 1 1
44 42 2 2
44 40 2 2
44 43 2 2
44 41 2 2
45 43 2 2
45 42 2 2
45 41 2 2
45 40 2 2
46 45 2 2
46 40 2 2
46 44 2 2
46 42 2 2
47 40 2 2
47 46 2 2
47 45 2 2
47 41 2 2
48 40 2 2
48 43 2 2
48 47 2 2
48 46 2 2
49 48 2 2
49 47 2 2
49 43 2 2
49 40 2 2
50 47 2 2
50 46 2 2
50 42 2 2
50 43 2 2
51 43 2 2
51 41 2 2
51 45 2 2
51 50 2 2
52 42 2 2
52 48 2 2
52 46 2 2
52 50 2 2
53 40 2 2
53 44 2 2
53 49 2 2
53 51 2 2
54 46 2 2
54 51 2 2
54 42 2 2
54 52 2 2
55 44 2 2
55 42 2 2
55 52 2 2
55 53 2 2
56 42 2 2
56 44 2 2
56 54 2 2
56 48 2 2
57 40 2 2
57 41 2 2
57 56 2 2
57 55 2 2
58 53 2 2
58 52 2 2
58 41 2 2
58 40 2 2
59 52 2 2
59 56 2 2
59 46 2 2
59 45 2 2
40 56 2 2
40 54 2 2
40 59 2 2
40 55 2 2
41 49 2 2
41 48 2 2
41 59 2 2
41 56 2 2
42 58 2 2
42 51 2 2
42 53 2 2
42 48 2 2
43 59 2 2
43 57 2 2
43 56 2 2
43 52 2 2
64 60 3 3
64 62 3 3
64 61 3 3
64 63 3 3
65 63 3 3
65 60 3 3
65 61 3 3
65 64 3 3
66 60 3 3
66 63 3 3
66 65 3 3
66 61 3 3
67 62 3 3
67 64 3 3
67 60 3 3
67 65 3 3
68 61 3 3
68 67 3 3
68 62 3 3
68 65 3 3
69 66 3 3
69 61 3 3
69 60 3 3
69 63 3 3
70 61 3 3
70 68 3 3
70 66 3 3
70 63 3 3
71 67 3 3
71 62 3 3
71 64 3 3
71 66 3 3
72 64 3 3
72 60 3 3
72 69 3 3
72 67 3 3
73 64 3 3
73 61 3 3
73 71 3 3
73 60 3 3
74 71 3 3
74 62 3 3
74 67 3 3
74 73 3 3
75 73 3 3
75 63 3 3
75 60 3 3
75 68 3 3
76 64 3 3
76 72 3 3
76 67 3 3
76 74 3 3
77 74 3 3
77 73 3 3
77 71 3 3
77 67 3 3
78 74 3 3
78 77 3 3
78 76 3 3
78 71 3 3
79 68 3 3
79 65 3 3
79 70 3 3
79 67 3 3
60 74 3 3
60 77 3 3
60 76 3 3
60 78 3 3
61 67 3 3
61 75 3 3
61 77 3 3
61 71 3 3
62 78 3 3
62 79 3 3
62 77 3 3
62 76 3 3
63 68 3 3
63 76 3 3
63 77 3 3
63 71 3 3
84 82 4 4
84 83 4 4
84 81 4 4
84 80 4 4
85 80 4 4
85 82 4 4
85 83 4 4
85 81 4 4
86 80 4 4
86 82 4 4
86 83 4 4
86 81 4 4
87 83 4 4
87 80 4 4
87 84 4 4
87 86 4 4
88 80 4 4
88 86 4 4
88 84 4 4
88 81 4 4
89 82 4 4
89 86 4 4
89 88 4 4
89 85 4 4
90 82 4 4
90 80 4 4
90 89 4 4
90 86 4 4
91 85 4 4
91 86 4 4
91 80 4 4
91 88 4 4
92 89 4 4
92 88 4 4
92 84 4 4
92 83 4 4
93 87 4 4
93 90 4 4
93 80 4 4
93 88 4 4
94 92 4 4
94 82 4 4
94 85 4 4
94 86 4 4
95 88 4 4
95 80 4 4
95 86 4 4
95 82 4 4
96 84 4 4
96 83 4 4
96 87 4 4
96 88 4 4
97 89 4 4
97 91 4 4
97 86 4 4
97 94 4 4
98 85 4 4
98 93 4 4
98 88 4 4
98 84 4 4
99 82 4 4
99 93 4 4
99 80 4 4
99 91 4 4
80 96 4 4
80 92 4 4
80 89 4 4
80 98 4 4
81 96 4 4
81 89 4 4
81 91 4 4
81 93 4 4
82 88 4 4
82 97 4 4
82 98 4 4
82 96 4 4
83 91 4 4
83 99 4 4
83 98 4 4
83 95 4 4
104 100 5 5
104 103 5 5
104 101 5 5
104 102 5 5
105 100 5 5
105 104 5 5
105 102 5 5
105 103 5 5
106 102 5 5
106 101 5 5
106 100 5 5
106 103 5 5
107 100 5 5
107 103 5 5
107 104 5 5
107 105 5 5
108 106 5 5
108 103 5 5
108 101 5 5
108 107 5 5
109 107 5 5
109 104 5 5
109 103 5 5
109 100 5 5
110 108 5 5
110 105 5 5
110 109 5 5
110 100 5 5
111 105 5 5
111 106 5 5
111 101 5 5
111 107 5 5
112 100 5 5
112 106 5 5
112 111 5 5
112 110 5 5
113 106 5 5
113 102 5 5
113 101 5 5
113 108 5 5
114 103 5 5
114 105 5 5
114 110 5 5
114 102 5 5
115 114 5 5
115 103 5 5
115 102 5 5
115 106 5 5
116 110 5 5
116 112 5 5
116 102 5 5
116 115 5 5
117 110 5 5
117 105 5 5
117 107 5 5
117 114 5 5
118 106 5 5
118 105 5 5
118 111 5 5
118 117 5 5
119 103 5 5
119 118 5 5
119 114 5 5
119 112 5 5
100 115 5 5
100 116 5 5
100 118 5 5
100 119 5 5
101 115 5 5
101 110 5 5
101 107 5 5
101 114 5 5
102 110 5 5
102 118 5 5
102 108 5 5
102 112 5 5
103 110 5 5
103 112 5 5
103 118 5 5
103 116 5 5
124 121 6 6
124 123 6 6
124 120 6 6
124 122 6 6
125 121 6 6
125 124 6 6
125 120 6 6
125 122 6 6
126 122 6 6
126 123 6 6
126 125 6 6
126 124 6 6
127 123 6 6
127 121 6 6
127 126 6 6
127 124 6 6
128 122 6 6
128 120 6 6
128 123 6 6
128 125 6 6
129 123 6 6
129 122 6 6
129 127 6 6
129 128 6 6
130 121 6 6
130 126 6 6
130 129 6 6
130 122 6 6
131 126 6 6
131 122 6 6
131 130 6 6
131 128 6 6
132 123 6 6
132 131 6 6
132 124 6 6
132 121 6 6
133 131 6 6
133 122 6 6
133 129 6 6
133 120 6 6
134 122 6 6
134 127 6 6
134 120 6 6
134 126 6 6
135 134 6 6
135 131 6 6
135 125 6 6
135 122 6 6
136 127 6 6
136 121 6 6
136 131 6 6
136 130 6 6
137 121 6 6
137 126 6 6
137 123 6 6
137 131 6 6
138 134 6 6
138 131 6 6
138 132 6 6
138 121 6 6
139 130 6 6
139 122 6 6
139 131 6 6
139 136 6 6
120 139 6 6
120 138 6 6
120 129 6 6
120 132 6 6
121 126 6 6
121 131 6 6
121 134 6 6
121 135 6 6
122 132 6 6
122 136 6 6
122 127 6 6
122 138 6 6
123 130 6 6
123 139 6 6
123 136 6 6
123 134 6 6
144 141 7 7
144 143 7 7
144 140 7 7
144 142 7 7
145 143 7 7
145 141 7 7
145 144 7 7
145 142 7 7
146 144 7 7
146 145 7 7
146 141 7 7
146 140 7 7
147 141 7 7
147 140 7 7
147 143 7 7
147 145 7 7
148 140 7 7
148 141 7 7
148 144 7 7
148 146 7 7
149 140 7 7
149 145 7 7
149 142 7 7
149 148 7 7
150 144 7 7
150 146 7 7
150 148 7 7
150 141 7 7
151 150 7 7
151 145 7 7
151 143 7 7
151 141 7 7
152 142 7 7
152 145 7 7
152 149 7 7
152 140 7 7
153 146 7 7
153 143 7 7
153 147 7 7
153 151 7 7
154 146 7 7
154 150 7 7
154 140 7 7
154 145 7 7
155 146 7 7
155 153 7 7
155 144 7 7
155 154 7 7
156 141 7 7
156 153 7 7
156 147 7 7
156 155 7 7
157 145 7 7
157 143 7 7
157 153 7 7
157 141 7 7
158 149 7 7
158 141 7 7
158 147 7 7
158 145 7 7
159 141 7 7
159 143 7 7
159 151 7 7
159 145 7 7
140 158 7 7
140 153 7 7
140 155 7 7
140 145 7 7
141 155 7 7
141 153 7 7
141 152 7 7
141 154 7 7
142 159 7 7
142 158 7 7
142 153 7 7
142 154 7 7
143 154 7 7
143 149 7 7
143 155 7 7
143 152 7 7
164 161 8 8
164 160 8 8
164 162 8 8
164 163 8 8
165 163 8 8
165 160 8 8
165 164 8 8
165 161 8 8
166 164 8 8
166 160 8 8
166 163 8 8
166 162 8 8
167 165 8 8
167 163 8 8
167 166 8 8
167 161 8 8
168 161 8 8
168 160 8 8
168 164 8 8
168 162 8 8
169 163 8 8
169 161 8 8
169 167 8 8
169 165 8 8
170 166 8 8
170 165 8 8
170 168 8 8
170 160 8 8
171 160 8 8
171 170 8 8
171 166 8 8
171 162 8 8
172 163 8 8
172 167 8 8
172 169 8 8
172 161 8 8
173 170 8 8
173 166 8 8
173 169 8 8
173 171 8 8
174 163 8 8
174 166 8 8
174 164 8 8
174 165 8 8
175 173 8 8
175 174 8 8
175 160 8 8
175 166 8 8
176 168 8 8
176 165 8 8
176 164 8 8
176 172 8 8
177 168 8 8
177 174 8 8
177 173 8 8
177 176 8 8
178 161 8 8
178 170 8 8
178 176 8 8
178 167 8 8
179 161 8 8
179 176 8 8
179 170 8 8
179 166 8 8
160 173 8 8
160 174 8 8
160 179 8 8
160 176 8 8
161 175 8 8
161 177 8 8
161 173 8 8
161 176 8 8
162 174 8 8
162 177 8 8
162 176 8 8
162 175 8 8
163 168 8 8
163 179 8 8
163 176 8 8
163 178 8 8
184 181 9 9
184 180 9 9
184 183 9 9
184 182 9 9
185 180 9 9
185 183 9 9
185 181 9 9
185 184 9 9
186 185 9 9
186 180 9 9
186 183 9 9
186 181 9 9
187 180 9 9
187 182 9 9
187 184 9 9
187 186 9 9
188 184 9 9
188 181 9 9
188 183 9 9
188 180 9 9
189 185 9 9
189 186 9 9
189 187 9 9
189 188 9 9
190 182 9 9
190 186 9 9
190 183 9 9
190 185 9 9
191 181 9 9
191 184 9 9
191 186 9 9
191 188 9 9
192 187 9 9
192 182 9 9
192 183 9 9
192 181 9 9
193 192 9 9
193 181 9 9
193 187 9 9
193 189 9 9
194 183 9 9
194 180 9 9
194 191 9 9
194 188 9 9
195 182 9 9
195 188 9 9
195 180 9 9
195 183 9 9
196 185 9 9
196 184 9 9
196 181 9 9
196 193 9 9
197 186 9 9
197 192 9 9
197 190 9 9
197 183 9 9
198 196 9 9
198 183 9 9
198 182 9 9
198 188 9 9
199 182 9 9
199 181 9 9
199 183 9 9
199 186 9 9
180 191 9 9
180 196 9 9
180 193 9 9
180 192 9 9
181 198 9 9
181 194 9 9
181 187 9 9
181 190 9 9
182 197 9 9
182 189 9 9
182 186 9 9
182 196 9 9
183 193 9 9
183 187 9 9
183 196 9 9
183 191 9 9
204 201 10 10
204 203 10 10
204 202 10 10
204 200 10 10
205 201 10 10
205 204 10 10
205 203 10 10
205 202 10 10
206 205 10 10
206 201 10 10
206 203 10 10
206 204 10 10
207 202 10 10
207 204 10 10
207 201 10 10
207 203 10 10
208 207 10 10
208 202 10 10
208 201 10 10
208 204 10 10
209 201 10 10
209 203 10 10
209 207 10 10
209 204 10 10
210 201 10 10
210 208 10 10
210 203 10 10
210 209 10 10
211 201 10 10
211 210 10 10
211 209 10 10
211 207 10 10
212 210 10 10
212 206 10 10
212 211 10 10
212 204 10 10
213 208 10 10
213 206 10 10
213 202 10 10
213 201 10 10
214 204 10 10
214 205 10 10
214 212 10 10
214 209 10 10
215 206 10 10
215 214 10 10
215 205 10 10
215 203 10 10
216 208 10 10
216 205 10 10
216 210 10 10
216 211 10 10
217 214 10 10
217 215 10 10
217 200 10 10
217 208 10 10
218 214 10 10
218 215 10 10
218 216 10 10
218 204 10 10
219 213 10 10
219 218 10 10
219 201 10 10
219 217 10 10
200 213 10 10
200 207 10 10
200 208 10 10
200 214 10 10
201 215 10 10
201 212 10 10
201 216 10 10
201 214 10 10
202 214 10 10
202 206 10 10
202 212 10 10
202 216 10 10
203 208 10 10
203 216 10 10
203 213 10 10
203 211 10 10
224 222 11 11
224 221 11 11
224 223 11 11
224 220 11 11
225 221 11 11
225 222 11 11
225 224 11 11
225 223 11 11
226 223 11 11
226 225 11 11
226 221 11 11
226 224 11 11
227 224 11 11
227 221 11 11
227 223 11 11
227 225 11 11
228 220 11 11
228 221 11 11
228 223 11 11
228 226 11 11
229 220 11 11
229 224 11 11
229 223 11 11
229 225 11 11
230 227 11 11
230 223 11 11
230 221 11 11
230 224 11 11
231 226 11 11
231 224 11 11
231 223 11 11
231 225 11 11
232 220 11 11
232 221 11 11
232 229 11 11
232 228 11 11
233 222 11 11
233 224 11 11
233 230 11 11
233 223 11 11
234 233 11 11
234 221 11 11
234 225 11 11
234 231 11 11
235 226 11 11
235 230 11 11
235 224 11 11
235 220 11 11
236 222 11 11
236 226 11 11
236 229 11 11
236 223 11 11
237 220 11 11
237 228 11 11
237 231 11 11
237 223 11 11
238 236 11 11
238 221 11 11
238 230 11 11
238 228 11 11
239 222 11 11
239 227 11 11
239 235 11 11
239 232 11 11
220 227 11 11
220 230 11 11
220 238 11 11
220 231 11 11
221 231 11 11
221 237 11 11
221 229 11 11
221 236 11 11
222 227 11 11
222 231 11 11
222 230 11 11
222 235 11 11
223 234 11 11
223 239 11 11
223 235 11 11
223 238 11 11
244 242 12 12
244 240 12 12
244 241 12 12
244 243 12 12
245 243 12 12
245 241 12 12
245 240 12 12
245 244 12 12
246 244 12 12
246 242 12 12
246 241 12 12
246 243 12 12
247 240 12 12
247 246 12 12
247 242 12 12
247 245 12 12
248 243 12 12
248 241 12 12
248 247 12 12
248 242 12 12
249 242 12 12
249 244 12 12
249 240 12 12
249 247 12 12
250 240 12 12
250 243 12 12
250 248 12 12
250 247 12 12
251 246 12 12
251 242 12 12
251 241 12 12
251 247 12 12
252 247 12 12
252 248 12 12
252 242 12 12
252 249 12 12
253 248 12 12
253 245 12 12
253 240 12 12
253 241 12 12
254 244 12 12
254 242 12 12
254 253 12 12
254 245 12 12
255 242 12 12
255 250 12 12
255 241 12 12
255 248 12 12
256 252 12 12
256 249 12 12
256 251 12 12
256 247 12 12
257 243 12 12
257 244 12 12
257 240 12 12
257 249 12 12
258 241 12 12
258 244 12 12
258 253 12 12
258 256 12 12
259 244 12 12
259 249 12 12
259 253 12 12
259 242 12 12
240 256 12 12
240 246 12 12
240 252 12 12
240 258 12 12
241 257 12 12
241 249 12 12
241 254 12 12
241 247 12 12
242 257 12 12
242 258 12 12
242 256 12 12
242 245 12 12
243 253 12 12
243 251 12 12
243 252 12 12
243 254 12 12
264 263 13 13
264 261 13 13
264 262 13 13
264 260 13 13
265 263 13 13
265 261 13 13
265 260 13 13
265 264 13 13
266 260 13 13
266 265 13 13
266 261 13 13
266 262 13 13
267 265 13 13
267 263 13 13
267 266 13 13
267 264 13 13
268 263 13 13
268 261 13 13
268 262 13 13
268 260 13 13
269 263 13 13
269 266 13 13
269 265 13 13
269 261 13 13
270 268 13 13
270 261 13 13
270 262 13 13
270 263 13 13
271 266 13 13
271 263 13 13
271 267 13 13
271 269 13 13
272 261 13 13
272 265 13 13
272 264 13 13
272 263 13 13
273 268 13 13
273 263 13 13
273 260 13 13
273 262 13 13
274 270 13 13
274 271 13 13
274 267 13 13
274 265 13 13
275 274 13 13
275 266 13 13
275 263 13 13
275 264 13 13
276 271 13 13
276 274 13 13
276 275 13 13
276 261 13 13
277 272 13 13
277 266 13 13
277 270 13 13
277 264 13 13
278 266 13 13
278 274 13 13
278 267 13 13
278 268 13 13
279 277 13 13
279 270 13 13
279 274 13 13
279 276 13 13
260 274 13 13
260 277 13 13
260 279 13 13
260 270 13 13
261 277 13 13
261 271 13 13
261 267 13 13
261 278 13 13
262 267 13 13
262 279 13 13
262 277 13 13
262 276 13 13
263 266 13 13
263 277 13 13
263 276 13 13
263 279 13 13
284 282 14 14
284 281 14 14
284 280 14 14
284 283 14 14
285 281 14 14
285 280 14 14
285 283 14 14
285 284 14 14
286 283 14 14
286 284 14 14
286 281 14 14
286 282 14 14
287 283 14 14
287 281 14 14
287 286 14 14
287 280 14 14
288 284 14 14
288 280 14 14
288 286 14 14
288 282 14 14
289 287 14 14
289 288 14 14
289 281 14 14
289 286 14 14
290 284 14 14
290 289 14 14
290 285 14 14
290 282 14 14
291 281 14 14
291 284 14 14
291 283 14 14
291 288 14 14
292 286 14 14
292 282 14 14
292 290 14 14
292 289 14 14
293 288 14 14
293 284 14 14
293 290 14 14
293 283 14 14
294 284 14 14
294 281 14 14
294 289 14 14
294 292 14 14
295 283 14 14
295 292 14 14
295 287 14 14
295 291 14 14
296 295 14 14
296 292 14 14
296 294 14 14
296 287 14 14
297 296 14 14
297 280 14 14
297 284 14 14
297 294 14 14
298 280 14 14
298 281 14 14
298 289 14 14
298 295 14 14
299 297 14 14
299 296 14 14
299 291 14 14
299 288 14 14
280 289 14 14
280 295 14 14
280 292 14 14
280 286 14 14
281 297 14 14
281 292 14 14
281 296 14 14
281 295 14 14
282 289 14 14
282 285 14 14
282 295 14 14
282 298 14 14
283 296 14 14
283 298 14 14
283 292 14 14
283 297 14 14
304 300 15 15
304 302 15 15
304 301 15 15
304 303 15 15
305 301 15 15
305 302 15 15
305 300 15 15
305 304 15 15
306 303 15 15
306 302 15 15
306 301 15 15
306 304 15 15
307 304 15 15
307 300 15 15
307 303 15 15
307 302 15 15
308 303 15 15
308 301 15 15
308 305 15 15
308 306 15 15
309 301 15 15
309 305 15 15
309 300 15 15
309 303 15 15
310 303 15 15
310 305 15 15
310 307 15 15
310 301 15 15
311 309 15 15
311 301 15 15
311 302 15 15
311 305 15 15
312 300 15 15
312 308 15 15
312 303 15 15
312 310 15 15
313 312 15 15
313 311 15 15
313 305 15 15
313 300 15 15
314 308 15 15
314 302 15 15
314 300 15 15
314 306 15 15
315 302 15 15
315 313 15 15
315 314 15 15
315 303 15 15
316 302 15 15
316 310 15 15
316 306 15 15
316 315 15 15
317 314 15 15
317 309 15 15
317 310 15 15
317 305 15 15
318 303 15 15
318 317 15 15
318 313 15 15
318 309 15 15
319 307 15 15
319 301 15 15
319 305 15 15
319 317 15 15
300 316 15 15
300 318 15 15
300 315 15 15
300 308 15 15
301 315 15 15
301 318 15 15
301 316 15 15
301 317 15 15
302 308 15 15
302 310 15 15
302 313 15 15
302 317 15 15
303 317 15 15
303 314 15 15
303 319 15 15
303 305 15 15
92 57 4 2
89 77 4 3
91 16 4 0
86 27 4 1
110 58 5 2
107 15 5 0
105 37 5 1
119 72 5 3
131 89 6 4
133 50 6 2
137 4 6 0
134 102 6 5
156 24 7 1
151 68 7 3
140 114 7 5
158 138 7 6
178 78 8 3
165 8 8 0
171 123 8 6
176 106 8 5
194 126 9 6
199 104 9 5
190 34 9 1
197 142 9 7
208 7 10 0
204 38 10 1
214 172 10 8
210 105 10 5
226 204 11 10
230 132 11 6
238 98 11 4
234 167 11 8
246 230 12 11
240 195 12 9
240 108 12 5
254 7 12 0
267 172 13 8
266 238 13 11
270 122 13 6
273 254 13 12
293 58 14 2
292 252 14 12
293 221 14 11
289 183 14 9
301 206 15 10
306 251 15 12
300 109 15 5
305 174 15 8
4 294 0 14
15 223 0 11
11 157 0 7
18 267 0 13
30 241 1 12
33 315 1 15
36 288 1 14
29 166 1 8
42 316 2 15
48 273 2 13
43 259 2 12
40 218 2 10
67 204 3 10
77 248 3 12
77 302 3 15
76 286 3 14
