swNum = 320
edgeNum = 1344

0 0
1 0
2 0
3 0
4 0
5 0
6 0
7 0
8 0
9 0
10 0
11 0
12 0
13 0
14 0
15 0
16 0
17 0
18 0
19 0
20 1
21 1
22 1
23 1
24 1
25 1
26 1
27 1
28 1
29 1
30 1
31 1
32 1
33 1
34 1
35 1
36 1
37 1
38 1
39 1
40 2
41 2
42 2
43 2
44 2
45 2
46 2
47 2
48 2
49 2
50 2
51 2
52 2
53 2
54 2
55 2
56 2
57 2
58 2
59 2
60 3
61 3
62 3
63 3
64 3
65 3
66 3
67 3
68 3
69 3
70 3
71 3
72 3
73 3
74 3
75 3
76 3
77 3
78 3
79 3
80 4
81 4
82 4
83 4
84 4
85 4
86 4
87 4
88 4
89 4
90 4
91 4
92 4
93 4
94 4
95 4
96 4
97 4
98 4
99 4
100 5
101 5
102 5
103 5
104 5
105 5
106 5
107 5
108 5
109 5
110 5
111 5
112 5
113 5
114 5
115 5
116 5
117 5
118 5
119 5
120 6
121 6
122 6
123 6
124 6
125 6
126 6
127 6
128 6
129 6
130 6
131 6
132 6
133 6
134 6
135 6
136 6
137 6
138 6
139 6
140 7
141 7
142 7
143 7
144 7
145 7
146 7
147 7
148 7
149 7
150 7
151 7
152 7
153 7
154 7
155 7
156 7
157 7
158 7
159 7
160 8
161 8
162 8
163 8
164 8
165 8
166 8
167 8
168 8
169 8
170 8
171 8
172 8
173 8
174 8
175 8
176 8
177 8
178 8
179 8
180 9
181 9
182 9
183 9
184 9
185 9
186 9
187 9
188 9
189 9
190 9
191 9
192 9
193 9
194 9
195 9
196 9
197 9
198 9
199 9
200 10
201 10
202 10
203 10
204 10
205 10
206 10
207 10
208 10
209 10
210 10
211 10
212 10
213 10
214 10
215 10
216 10
217 10
218 10
219 10
220 11
221 11
222 11
223 11
224 11
225 11
226 11
227 11
228 11
229 11
230 11
231 11
232 11
233 11
234 11
235 11
236 11
237 11
238 11
239 11
240 12
241 12
242 12
243 12
244 12
245 12
246 12
247 12
248 12
249 12
250 12
251 12
252 12
253 12
254 12
255 12
256 12
257 12
258 12
259 12
260 13
261 13
262 13
263 13
264 13
265 13
266 13
267 13
268 13
269 13
270 13
271 13
272 13
273 13
274 13
275 13
276 13
277 13
278 13
279 13
280 14
281 14
282 14
283 14
284 14
285 14
286 14
287 14
288 14
289 14
290 14
291 14
292 14
293 14
294 14
295 14
296 14
297 14
298 14
299 14
300 15
301 15
302 15
303 15
304 15
305 15
306 15
307 15
308 15
309 15
310 15
311 15
312 15
313 15
314 15
315 15
316 15
317 15
318 15
319 15

4 0 0 0
4 3 0 0
4 1 0 0
4 2 0 0
5 2 0 0
5 0 0 0
5 4 0 0
5 1 0 0
6 5 0 0
6 0 0 0
6 1 0 0
6 2 0 0
7 5 0 0
7 0 0 0
7 2 0 0
7 6 0 0
8 4 0 0
8 5 0 0
8 6 0 0
8 1 0 0
9 8 0 0
9 1 0 0
9 5 0 0
9 3 0 0
10 6 0 0
10 9 0 0
10 1 0 0
10 3 0 0
11 10 0 0
11 5 0 0
11 9 0 0
11 1 0 0
12 4 0 0
12 9 0 0
12 3 0 0
12 10 0 0
13 2 0 0
13 10 0 0
13 9 0 0
13 5 0 0
14 0 0 0
14 13 0 0
14 6 0 0
14 2 0 0
15 6 0 0
15 8 0 0
15 13 0 0
15 4 0 0
16 12 0 0
16 3 0 0
16 7 0 0
16 9 0 0
17 0 0 0
17 4 0 0
17 16 0 0
17 9 0 0
18 9 0 0
18 17 0 0
18 8 0 0
18 11 0 0
19 0 0 0
19 10 0 0
19 5 0 0
19 2 0 0
0 8 0 0
0 10 0 0
0 13 0 0
0 15 0 0
1 18 0 0
1 7 0 0
1 14 0 0
1 15 0 0
2 15 0 0
2 10 0 0
2 9 0 0
2 11 0 0
3 6 0 0
3 14 0 0
3 17 0 0
3 15 0 0
24 20 1 1
24 23 1 1
24 22 1 1
24 21 1 1
25 23 1 1
25 24 1 1
25 21 1 1
25 20 1 1
26 23 1 1
26 21 1 1
26 22 1 1
26 25 1 1
27 26 1 1
27 23 1 1
27 25 1 1
27 20 1 1
28 21 1 1
28 26 1 1
28 27 1 1
28 25 1 1
29 26 1 1
29 24 1 1
29 23 1 1
29 28 1 1
30 23 1 1
30 27 1 1
30 26 1 1
30 28 1 1
31 26 1 1
31 24 1 1
31 21 1 1
31 27 1 1
32 31 1 1
32 20 1 1
32 24 1 1
32 30 1 1
33 21 1 1
33 27 1 1
33 30 1 1
33 26 1 1
34 32 1 1
34 29 1 1
34 20 1 1
34 24 1 1
35 29 1 1
35 26 1 1
35 25 1 1
35 21 1 1
36 35 1 1
36 24 1 1
36 34 1 1
36 33 1 1
37 30 1 1
37 21 1 1
37 35 1 1
37 25 1 1
38 37 1 1
38 27 1 1
38 31 1 1
38 36 1 1
39 28 1 1
39 33 1 1
39 31 1 1
39 24 1 1
20 28 1 1
20 26 1 1
20 35 1 1
20 36 1 1
21 29 1 1
21 38 1 1
21 36 1 1
21 27 1 1
22 31 1 1
22 27 1 1
22 28 1 1
22 30 1 1
23 37 1 1
23 36 1 1
23 35 1 1
23 32 1 1
44 41 2 2
44 43 2 2
44 40 2 2
44 42 2 2
45 43 2 2
45 44 2 2
45 42 2 2
45 41 2 2
46 41 2 2
46 44 2 2
46 42 2 2
46 40 2 2
47 45 2 2
47 43 2 2
47 46 2 2
47 44 2 2
48 47 2 2
48 40 2 2
48 41 2 2
48 42 2 2
49 40 2 2
49 46 2 2
49 48 2 2
49 42 2 2
50 44 2 2
50 47 2 2
50 40 2 2
50 45 2 2
51 48 2 2
51 49 2 2
51 44 2 2
51 50 2 2
52 46 2 2
52 44 2 2
52 42 2 2
52 49 2 2
53 46 2 2
53 45 2 2
53 43 2 2
53 48 2 2
54 40 2 2
54 50 2 2
54 53 2 2
54 45 2 2
55 47 2 2
55 54 2 2
55 45 2 2
55 51 2 2
56 45 2 2
56 54 2 2
56 53 2 2
56 44 2 2
57 55 2 2
57 43 2 2
57 50 2 2
57 56 2 2
58 55 2 2
58 51 2 2
58 44 2 2
58 56 2 2
59 41 2 2
59 50 2 2
59 58 2 2
59 51 2 2
40 52 2 2
40 55 2 2
40 51 2 2
40 59 2 2
41 51 2 2
41 52 2 2
41 53 2 2
41 49 2 2
42 50 2 2
42 55 2 2
42 57 2 2
42 56 2 2
43 50 2 2
43 56 2 2
43 59 2 2
43 54 2 2
64 62 3 3
64 60 3 3
64 61 3 3
64 63 3 3
65 63 3 3
65 64 3 3
65 60 3 3
65 62 3 3
66 62 3 3
66 60 3 3
66 65 3 3
66 64 3 3
67 63 3 3
67 61 3 3
67 62 3 3
67 66 3 3
68 60 3 3
68 64 3 3
68 65 3 3
68 61 3 3
69 68 3 3
69 61 3 3
69 64 3 3
69 66 3 3
70 62 3 3
70 68 3 3
70 65 3 3
70 69 3 3
71 65 3 3
71 69 3 3
71 62 3 3
71 68 3 3
72 67 3 3
72 69 3 3
72 63 3 3
72 61 3 3
73 65 3 3
73 69 3 3
73 64 3 3
73 66 3 3
74 64 3 3
74 68 3 3
74 71 3 3
74 69 3 3
75 66 3 3
75 61 3 3
75 62 3 3
75 72 3 3
76 69 3 3
76 60 3 3
76 64 3 3
76 72 3 3
77 62 3 3
77 64 3 3
77 67 3 3
77 66 3 3
78 73 3 3
78 69 3 3
78 72 3 3
78 60 3 3
79 77 3 3
79 65 3 3
79 78 3 3
79 60 3 3
60 69 3 3
60 70 3 3
60 74 3 3
60 77 3 3
61 77 3 3
61 79 3 3
61 78 3 3
61 74 3 3
62 79 3 3
62 76 3 3
62 68 3 3
62 69 3 3
63 74 3 3
63 78 3 3
63 79 3 3
63 69 3 3
84 83 4 4
84 82 4 4
84 81 4 4
84 80 4 4
85 82 4 4
85 81 4 4
85 83 4 4
85 84 4 4
86 81 4 4
86 82 4 4
86 80 4 4
86 84 4 4
87 80 4 4
87 81 4 4
87 84 4 4
87 82 4 4
88 86 4 4
88 80 4 4
88 81 4 4
88 87 4 4
89 83 4 4
89 88 4 4
89 81 4 4
89 84 4 4
90 89 4 4
90 85 4 4
90 82 4 4
90 80 4 4
91 89 4 4
91 87 4 4
91 86 4 4
91 88 4 4
92 88 4 4
92 80 4 4
92 82 4 4
92 85 4 4
93 81 4 4
93 82 4 4
93 85 4 4
93 92 4 4
94 88 4 4
94 89 4 4
94 83 4 4
94 82 4 4
95 94 4 4
95 83 4 4
95 80 4 4
95 88 4 4
96 95 4 4
96 87 4 4
96 91 4 4
96 81 4 4
97 92 4 4
97 91 4 4
97 82 4 4
97 81 4 4
98 96 4 4
98 80 4 4
98 89 4 4
98 94 4 4
99 98 4 4
99 95 4 4
99 94 4 4
99 82 4 4
80 91 4 4
80 96 4 4
80 89 4 4
80 85 4 4
81 99 4 4
81 94 4 4
81 92 4 4
81 98 4 4
82 88 4 4
82 98 4 4
82 95 4 4
82 89 4 4
83 99 4 4
83 96 4 4
83 93 4 4
83 98 4 4
104 101 5 5
104 103 5 5
104 100 5 5
104 102 5 5
105 103 5 5
105 104 5 5
105 102 5 5
105 100 5 5
106 105 5 5
106 104 5 5
106 103 5 5
106 102 5 5
107 100 5 5
107 103 5 5
107 106 5 5
107 102 5 5
108 107 5 5
108 103 5 5
108 105 5 5
108 101 5 5
109 105 5 5
109 106 5 5
109 108 5 5
109 101 5 5
110 106 5 5
110 102 5 5
110 100 5 5
110 107 5 5
111 110 5 5
111 105 5 5
111 108 5 5
111 107 5 5
112 100 5 5
112 105 5 5
112 101 5 5
112 102 5 5
113 109 5 5
113 102 5 5
113 110 5 5
113 101 5 5
114 111 5 5
114 105 5 5
114 100 5 5
114 109 5 5
115 112 5 5
115 101 5 5
115 106 5 5
115 102 5 5
116 110 5 5
116 105 5 5
116 100 5 5
116 114 5 5
117 109 5 5
117 113 5 5
117 106 5 5
117 103 5 5
118 104 5 5
118 103 5 5
118 102 5 5
118 101 5 5
119 109 5 5
119 102 5 5
119 105 5 5
119 117 5 5
100 108 5 5
100 113 5 5
100 117 5 5
100 119 5 5
101 117 5 5
101 119 5 5
101 106 5 5
101 116 5 5
102 109 5 5
102 117 5 5
102 111 5 5
102 114 5 5
103 115 5 5
103 113 5 5
103 116 5 5
103 119 5 5
124 122 6 6
124 123 6 6
124 121 6 6
124 120 6 6
125 123 6 6
125 124 6 6
125 121 6 6
125 120 6 6
126 120 6 6
126 122 6 6
126 124 6 6
126 125 6 6
127 121 6 6
127 123 6 6
127 122 6 6
127 125 6 6
128 125 6 6
128 127 6 6
128 121 6 6
128 120 6 6
129 121 6 6
129 120 6 6
129 128 6 6
129 127 6 6
130 128 6 6
130 125 6 6
130 127 6 6
130 120 6 6
131 123 6 6
131 127 6 6
131 121 6 6
131 129 6 6
132 124 6 6
132 127 6 6
132 122 6 6
132 123 6 6
133 131 6 6
133 120 6 6
133 127 6 6
133 132 6 6
134 130 6 6
134 125 6 6
134 123 6 6
134 129 6 6
135 120 6 6
135 127 6 6
135 126 6 6
135 133 6 6
136 135 6 6
136 130 6 6
136 134 6 6
136 121 6 6
137 130 6 6
137 125 6 6
137 136 6 6
137 123 6 6
138 137 6 6
138 136 6 6
138 130 6 6
138 131 6 6
139 138 6 6
139 134 6 6
139 136 6 6
139 131 6 6
120 137 6 6
120 134 6 6
120 127 6 6
120 136 6 6
121 130 6 6
121 133 6 6
121 138 6 6
121 135 6 6
122 129 6 6
122 135 6 6
122 125 6 6
122 131 6 6
123 128 6 6
123 138 6 6
123 139 6 6
123 133 6 6
144 140 7 7
144 142 7 7
144 143 7 7
144 141 7 7
145 144 7 7
145 141 7 7
145 140 7 7
145 143 7 7
146 142 7 7
146 144 7 7
146 140 7 7
146 141 7 7
147 145 7 7
147 144 7 7
147 141 7 7
147 143 7 7
148 147 7 7
148 146 7 7
148 141 7 7
148 142 7 7
149 148 7 7
149 141 7 7
149 145 7 7
149 144 7 7
150 145 7 7
150 149 7 7
150 146 7 7
150 148 7 7
151 140 7 7
151 150 7 7
151 149 7 7
151 147 7 7
152 151 7 7
152 145 7 7
152 148 7 7
152 141 7 7
153 152 7 7
153 140 7 7
153 146 7 7
153 151 7 7
154 147 7 7
154 151 7 7
154 145 7 7
154 153 7 7
155 154 7 7
155 153 7 7
155 147 7 7
155 151 7 7
156 154 7 7
156 153 7 7
156 155 7 7
156 145 7 7
157 140 7 7
157 146 7 7
157 142 7 7
157 148 7 7
158 149 7 7
158 145 7 7
158 157 7 7
158 142 7 7
159 142 7 7
159 140 7 7
159 157 7 7
159 141 7 7
140 158 7 7
140 154 7 7
140 152 7 7
140 150 7 7
141 157 7 7
141 156 7 7
141 150 7 7
141 155 7 7
142 152 7 7
142 155 7 7
142 156 7 7
142 153 7 7
143 157 7 7
143 153 7 7
143 158 7 7
143 154 7 7
164 160 8 8
164 161 8 8
164 163 8 8
164 162 8 8
165 162 8 8
165 163 8 8
165 160 8 8
165 161 8 8
166 163 8 8
166 164 8 8
166 162 8 8
166 165 8 8
167 166 8 8
167 165 8 8
167 164 8 8
167 161 8 8
168 166 8 8
168 163 8 8
168 167 8 8
168 160 8 8
169 160 8 8
169 164 8 8
169 167 8 8
169 165 8 8
170 168 8 8
170 163 8 8
170 167 8 8
170 166 8 8
171 169 8 8
171 167 8 8
171 160 8 8
171 163 8 8
172 169 8 8
172 160 8 8
172 171 8 8
172 167 8 8
173 171 8 8
173 162 8 8
173 170 8 8
173 169 8 8
174 164 8 8
174 167 8 8
174 161 8 8
174 173 8 8
175 172 8 8
175 163 8 8
175 171 8 8
175 166 8 8
176 171 8 8
176 162 8 8
176 170 8 8
176 173 8 8
177 167 8 8
177 163 8 8
177 168 8 8
177 176 8 8
178 171 8 8
178 162 8 8
178 176 8 8
178 170 8 8
179 164 8 8
179 168 8 8
179 172 8 8
179 169 8 8
160 174 8 8
160 166 8 8
160 179 8 8
160 173 8 8
161 168 8 8
161 170 8 8
161 177 8 8
161 169 8 8
162 167 8 8
162 171 8 8
162 175 8 8
162 179 8 8
163 173 8 8
163 176 8 8
163 178 8 8
163 169 8 8
184 180 9 9
184 181 9 9
184 182 9 9
184 183 9 9
185 181 9 9
185 180 9 9
185 183 9 9
185 182 9 9
186 181 9 9
186 185 9 9
186 184 9 9
186 180 9 9
187 184 9 9
187 186 9 9
187 180 9 9
187 182 9 9
188 180 9 9
188 184 9 9
188 187 9 9
188 186 9 9
189 187 9 9
189 184 9 9
189 180 9 9
189 186 9 9
190 187 9 9
190 188 9 9
190 183 9 9
190 184 9 9
191 189 9 9
191 185 9 9
191 190 9 9
191 187 9 9
192 191 9 9
192 188 9 9
192 181 9 9
192 186 9 9
193 188 9 9
193 190 9 9
193 186 9 9
193 192 9 9
194 183 9 9
194 189 9 9
194 184 9 9
194 181 9 9
195 180 9 9
195 182 9 9
195 194 9 9
195 181 9 9
196 182 9 9
196 186 9 9
196 188 9 9
196 185 9 9
197 183 9 9
197 191 9 9
197 188 9 9
197 194 9 9
198 196 9 9
198 190 9 9
198 193 9 9
198 188 9 9
199 187 9 9
199 183 9 9
199 191 9 9
199 189 9 9
180 197 9 9
180 191 9 9
180 192 9 9
180 194 9 9
181 198 9 9
181 190 9 9
181 188 9 9
181 196 9 9
182 188 9 9
182 198 9 9
182 194 9 9
182 186 9 9
183 191 9 9
183 195 9 9
183 186 9 9
183 188 9 9
204 201 10 10
204 203 10 10
204 200 10 10
204 202 10 10
205 201 10 10
205 204 10 10
205 203 10 10
205 200 10 10
206 205 10 10
206 203 10 10
206 202 10 10
206 200 10 10
207 200 10 10
207 202 10 10
207 206 10 10
207 205 10 10
208 203 10 10
208 207 10 10
208 205 10 10
208 202 10 10
209 208 10 10
209 205 10 10
209 204 10 10
209 201 10 10
210 200 10 10
210 202 10 10
210 207 10 10
210 201 10 10
211 209 10 10
211 201 10 10
211 207 10 10
211 210 10 10
212 211 10 10
212 209 10 10
212 201 10 10
212 208 10 10
213 211 10 10
213 207 10 10
213 208 10 10
213 210 10 10
214 202 10 10
214 212 10 10
214 213 10 10
214 209 10 10
215 204 10 10
215 203 10 10
215 202 10 10
215 206 10 10
216 205 10 10
216 215 10 10
216 203 10 10
216 213 10 10
217 207 10 10
217 213 10 10
217 202 10 10
217 212 10 10
218 212 10 10
218 209 10 10
218 214 10 10
218 208 10 10
219 215 10 10
219 213 10 10
219 208 10 10
219 207 10 10
200 219 10 10
200 217 10 10
200 215 10 10
200 216 10 10
201 215 10 10
201 213 10 10
201 216 10 10
201 208 10 10
202 211 10 10
202 212 10 10
202 205 10 10
202 216 10 10
203 207 10 10
203 213 10 10
203 218 10 10
203 219 10 10
224 221 11 11
224 222 11 11
224 223 11 11
224 220 11 11
225 221 11 11
225 223 11 11
225 222 11 11
225 220 11 11
226 225 11 11
226 220 11 11
226 223 11 11
226 224 11 11
227 223 11 11
227 221 11 11
227 224 11 11
227 226 11 11
228 225 11 11
228 227 11 11
228 220 11 11
228 223 11 11
229 221 11 11
229 228 11 11
229 223 11 11
229 222 11 11
230 225 11 11
230 229 11 11
230 223 11 11
230 222 11 11
231 228 11 11
231 223 11 11
231 227 11 11
231 221 11 11
232 231 11 11
232 228 11 11
232 223 11 11
232 227 11 11
233 228 11 11
233 231 11 11
233 226 11 11
233 227 11 11
234 222 11 11
234 232 11 11
234 229 11 11
234 225 11 11
235 221 11 11
235 220 11 11
235 226 11 11
235 228 11 11
236 233 11 11
236 226 11 11
236 222 11 11
236 231 11 11
237 222 11 11
237 225 11 11
237 234 11 11
237 224 11 11
238 232 11 11
238 233 11 11
238 231 11 11
238 226 11 11
239 231 11 11
239 238 11 11
239 233 11 11
239 229 11 11
220 229 11 11
220 230 11 11
220 232 11 11
220 234 11 11
221 236 11 11
221 234 11 11
221 237 11 11
221 228 11 11
222 231 11 11
222 232 11 11
222 238 11 11
222 239 11 11
223 233 11 11
223 234 11 11
223 238 11 11
223 236 11 11
244 242 12 12
244 243 12 12
244 241 12 12
244 240 12 12
245 243 12 12
245 244 12 12
245 241 12 12
245 242 12 12
246 244 12 12
246 243 12 12
246 245 12 12
246 242 12 12
247 241 12 12
247 246 12 12
247 245 12 12
247 242 12 12
248 246 12 12
248 247 12 12
248 241 12 12
248 242 12 12
249 246 12 12
249 243 12 12
249 248 12 12
249 245 12 12
250 247 12 12
250 248 12 12
250 249 12 12
250 246 12 12
251 246 12 12
251 247 12 12
251 248 12 12
251 244 12 12
252 251 12 12
252 244 12 12
252 246 12 12
252 248 12 12
253 248 12 12
253 246 12 12
253 250 12 12
253 249 12 12
254 246 12 12
254 245 12 12
254 249 12 12
254 244 12 12
255 246 12 12
255 251 12 12
255 242 12 12
255 241 12 12
256 253 12 12
256 252 12 12
256 251 12 12
256 244 12 12
257 251 12 12
257 246 12 12
257 253 12 12
257 244 12 12
258 241 12 12
258 244 12 12
258 251 12 12
258 247 12 12
259 255 12 12
259 258 12 12
259 240 12 12
259 257 12 12
240 258 12 12
240 251 12 12
240 257 12 12
240 255 12 12
241 257 12 12
241 256 12 12
241 259 12 12
241 250 12 12
242 251 12 12
242 250 12 12
242 258 12 12
242 256 12 12
243 257 12 12
243 258 12 12
243 251 12 12
243 247 12 12
264 263 13 13
264 261 13 13
264 260 13 13
264 262 13 13
265 264 13 13
265 260 13 13
265 261 13 13
265 262 13 13
266 265 13 13
266 261 13 13
266 264 13 13
266 263 13 13
267 261 13 13
267 263 13 13
267 265 13 13
267 262 13 13
268 260 13 13
268 267 13 13
268 261 13 13
268 262 13 13
269 260 13 13
269 261 13 13
269 262 13 13
269 264 13 13
270 265 13 13
270 264 13 13
270 260 13 13
270 269 13 13
271 268 13 13
271 267 13 13
271 266 13 13
271 269 13 13
272 264 13 13
272 263 13 13
272 270 13 13
272 268 13 13
273 260 13 13
273 272 13 13
273 268 13 13
273 263 13 13
274 263 13 13
274 262 13 13
274 266 13 13
274 270 13 13
275 268 13 13
275 270 13 13
275 267 13 13
275 271 13 13
276 261 13 13
276 263 13 13
276 268 13 13
276 274 13 13
277 267 13 13
277 273 13 13
277 274 13 13
277 263 13 13
278 275 13 13
278 261 13 13
278 270 13 13
278 265 13 13
279 278 13 13
279 266 13 13
279 277 13 13
279 274 13 13
260 274 13 13
260 276 13 13
260 271 13 13
260 277 13 13
261 274 13 13
261 270 13 13
261 277 13 13
261 279 13 13
262 270 13 13
262 276 13 13
262 277 13 13
262 279 13 13
263 269 13 13
263 268 13 13
263 275 13 13
263 270 13 13
284 283 14 14
284 280 14 14
284 281 14 14
284 282 14 14
285 284 14 14
285 280 14 14
285 281 14 14
285 283 14 14
286 280 14 14
286 285 14 14
286 284 14 14
286 282 14 14
287 280 14 14
287 283 14 14
287 284 14 14
287 286 14 14
288 285 14 14
288 282 14 14
288 281 14 14
288 286 14 14
289 288 14 14
289 286 14 14
289 282 14 14
289 283 14 14
290 280 14 14
290 284 14 14
290 285 14 14
290 289 14 14
291 290 14 14
291 285 14 14
291 281 14 14
291 284 14 14
292 282 14 14
292 284 14 14
292 286 14 14
292 289 14 14
293 290 14 14
293 283 14 14
293 285 14 14
293 284 14 14
294 288 14 14
294 280 14 14
294 291 14 14
294 283 14 14
295 289 14 14
295 282 14 14
295 292 14 14
295 293 14 14
296 286 14 14
296 288 14 14
296 294 14 14
296 290 14 14
297 288 14 14
297 285 14 14
297 289 14 14
297 296 14 14
298 297 14 14
298 296 14 14
298 294 14 14
298 293 14 14
299 290 14 14
299 294 14 14
299 282 14 14
299 280 14 14
280 293 14 14
280 292 14 14
280 288 14 14
280 296 14 14
281 290 14 14
281 294 14 14
281 297 14 14
281 293 14 14
282 291 14 14
282 298 14 14
282 297 14 14
282 293 14 14
283 299 14 14
283 295 14 14
283 297 14 14
283 298 14 14
304 302 15 15
304 303 15 15
304 300 15 15
304 301 15 15
305 300 15 15
305 304 15 15
305 301 15 15
305 302 15 15
306 302 15 15
306 300 15 15
306 301 15 15
306 305 15 15
307 304 15 15
307 303 15 15
307 302 15 15
307 300 15 15
308 303 15 15
308 304 15 15
308 305 15 15
308 306 15 15
309 302 15 15
309 305 15 15
309 307 15 15
309 303 15 15
310 302 15 15
310 305 15 15
310 304 15 15
310 303 15 15
311 308 15 15
311 300 15 15
311 309 15 15
311 301 15 15
312 310 15 15
312 302 15 15
312 307 15 15
312 306 15 15
313 303 15 15
313 300 15 15
313 308 15 15
313 302 15 15
314 309 15 15
314 306 15 15
314 303 15 15
314 310 15 15
315 313 15 15
315 308 15 15
315 314 15 15
315 312 15 15
316 305 15 15
316 304 15 15
316 301 15 15
316 309 15 15
317 315 15 15
317 312 15 15
317 306 15 15
317 314 15 15
318 305 15 15
318 304 15 15
318 316 15 15
318 300 15 15
319 302 15 15
319 306 15 15
319 312 15 15
319 303 15 15
300 316 15 15
300 308 15 15
300 310 15 15
300 317 15 15
301 312 15 15
301 307 15 15
301 309 15 15
301 318 15 15
302 308 15 15
302 316 15 15
302 315 15 15
302 314 15 15
303 306 15 15
303 315 15 15
303 317 15 15
303 312 15 15
86 53 4 2
91 78 4 3
81 19 4 0
99 37 4 1
112 59 5 2
113 0 5 0
117 68 5 3
112 24 5 1
133 95 6 4
139 69 6 3
126 38 6 1
120 10 6 0
140 75 7 3
157 54 7 2
148 139 7 6
144 37 7 1
177 122 8 6
176 144 8 7
178 10 8 0
179 83 8 4
185 164 9 8
181 84 9 4
191 118 9 5
184 49 9 2
210 112 10 5
211 23 10 1
200 133 10 6
207 72 10 3
225 159 11 7
222 56 11 2
238 22 11 1
220 171 11 8
250 215 12 10
254 94 12 4
241 148 12 7
244 183 12 9
268 64 13 3
275 127 13 6
275 167 13 8
270 40 13 2
289 38 14 1
290 164 14 8
280 226 14 11
298 120 14 6
302 285 15 14
312 274 15 13
302 16 15 0
314 208 15 10
2 275 0 13
19 140 0 7
8 191 0 9
17 205 0 10
34 267 1 13
36 167 1 8
38 315 1 15
30 249 1 12
56 316 2 15
50 280 2 14
50 203 2 10
45 173 2 8
63 308 3 15
72 166 3 8
64 251 3 12
67 191 3 9
