swNum = 320
edgeNum = 1344

0 0
1 0
2 0
3 0
4 0
5 0
6 0
7 0
8 0
9 0
10 0
11 0
12 0
13 0
14 0
15 0
16 0
17 0
18 0
19 0
20 1
21 1
22 1
23 1
24 1
25 1
26 1
27 1
28 1
29 1
30 1
31 1
32 1
33 1
34 1
35 1
36 1
37 1
38 1
39 1
40 2
41 2
42 2
43 2
44 2
45 2
46 2
47 2
48 2
49 2
50 2
51 2
52 2
53 2
54 2
55 2
56 2
57 2
58 2
59 2
60 3
61 3
62 3
63 3
64 3
65 3
66 3
67 3
68 3
69 3
70 3
71 3
72 3
73 3
74 3
75 3
76 3
77 3
78 3
79 3
80 4
81 4
82 4
83 4
84 4
85 4
86 4
87 4
88 4
89 4
90 4
91 4
92 4
93 4
94 4
95 4
96 4
97 4
98 4
99 4
100 5
101 5
102 5
103 5
104 5
105 5
106 5
107 5
108 5
109 5
110 5
111 5
112 5
113 5
114 5
115 5
116 5
117 5
118 5
119 5
120 6
121 6
122 6
123 6
124 6
125 6
126 6
127 6
128 6
129 6
130 6
131 6
132 6
133 6
134 6
135 6
136 6
137 6
138 6
139 6
140 7
141 7
142 7
143 7
144 7
145 7
146 7
147 7
148 7
149 7
150 7
151 7
152 7
153 7
154 7
155 7
156 7
157 7
158 7
159 7
160 8
161 8
162 8
163 8
164 8
165 8
166 8
167 8
168 8
169 8
170 8
171 8
172 8
173 8
174 8
175 8
176 8
177 8
178 8
179 8
180 9
181 9
182 9
183 9
184 9
185 9
186 9
187 9
188 9
189 9
190 9
191 9
192 9
193 9
194 9
195 9
196 9
197 9
198 9
199 9
200 10
201 10
202 10
203 10
204 10
205 10
206 10
207 10
208 10
209 10
210 10
211 10
212 10
213 10
214 10
215 10
216 10
217 10
218 10
219 10
220 11
221 11
222 11
223 11
224 11
225 11
226 11
227 11
228 11
229 11
230 11
231 11
232 11
233 11
234 11
235 11
236 11
237 11
238 11
239 11
240 12
241 12
242 12
243 12
244 12
245 12
246 12
247 12
248 12
249 12
250 12
251 12
252 12
253 12
254 12
255 12
256 12
257 12
258 12
259 12
260 13
261 13
262 13
263 13
264 13
265 13
266 13
267 13
268 13
269 13
270 13
271 13
272 13
273 13
274 13
275 13
276 13
277 13
278 13
279 13
280 14
281 14
282 14
283 14
284 14
285 14
286 14
287 14
288 14
289 14
290 14
291 14
292 14
293 14
294 14
295 14
296 14
297 14
298 14
299 14
300 15
301 15
302 15
303 15
304 15
305 15
306 15
307 15
308 15
309 15
310 15
311 15
312 15
313 15
314 15
315 15
316 15
317 15
318 15
319 15

4 2 0 0
4 0 0 0
4 1 0 0
4 3 0 0
5 1 0 0
5 4 0 0
5 2 0 0
5 0 0 0
6 4 0 0
6 2 0 0
6 0 0 0
6 5 0 0
7 3 0 0
7 6 0 0
7 2 0 0
7 1 0 0
8 6 0 0
8 5 0 0
8 0 0 0
8 4 0 0
9 8 0 0
9 4 0 0
9 7 0 0
9 6 0 0
10 8 0 0
10 5 0 0
10 0 0 0
10 2 0 0
11 4 0 0
11 1 0 0
11 10 0 0
11 6 0 0
12 4 0 0
12 11 0 0
12 10 0 0
12 6 0 0
13 1 0 0
13 7 0 0
13 0 0 0
13 2 0 0
14 13 0 0
14 7 0 0
14 2 0 0
14 9 0 0
15 9 0 0
15 14 0 0
15 3 0 0
15 13 0 0
16 11 0 0
16 7 0 0
16 4 0 0
16 14 0 0
17 12 0 0
17 11 0 0
17 5 0 0
17 6 0 0
18 13 0 0
18 14 0 0
18 7 0 0
18 15 0 0
19 2 0 0
19 4 0 0
19 12 0 0
19 10 0 0
0 12 0 0
0 17 0 0
0 18 0 0
0 19 0 0
1 19 0 0
1 10 0 0
1 9 0 0
1 17 0 0
2 18 0 0
2 11 0 0
2 9 0 0
2 12 0 0
3 17 0 0
3 13 0 0
3 14 0 0
3 16 0 0
24 22 1 1
24 21 1 1
24 23 1 1
24 20 1 1
25 21 1 1
25 20 1 1
25 24 1 1
25 22 1 1
26 21 1 1
26 22 1 1
26 23 1 1
26 24 1 1
27 26 1 1
27 25 1 1
27 22 1 1
27 24 1 1
28 26 1 1
28 21 1 1
28 27 1 1
28 24 1 1
29 21 1 1
29 23 1 1
29 22 1 1
29 24 1 1
30 24 1 1
30 21 1 1
30 27 1 1
30 26 1 1
31 27 1 1
31 22 1 1
31 24 1 1
31 21 1 1
32 31 1 1
32 24 1 1
32 22 1 1
32 21 1 1
33 28 1 1
33 25 1 1
33 30 1 1
33 31 1 1
34 24 1 1
34 30 1 1
34 22 1 1
34 31 1 1
35 25 1 1
35 30 1 1
35 32 1 1
35 33 1 1
36 24 1 1
36 35 1 1
36 23 1 1
36 20 1 1
37 21 1 1
37 27 1 1
37 33 1 1
37 26 1 1
38 37 1 1
38 23 1 1
38 28 1 1
38 29 1 1
39 33 1 1
39 23 1 1
39 31 1 1
39 35 1 1
20 34 1 1
20 37 1 1
20 38 1 1
20 30 1 1
21 33 1 1
21 35 1 1
21 39 1 1
21 27 1 1
22 28 1 1
22 30 1 1
22 33 1 1
22 39 1 1
23 37 1 1
23 34 1 1
23 27 1 1
23 33 1 1
44 41 2 2
44 40 2 2
44 42 2 2
44 43 2 2
45 43 2 2
45 42 2 2
45 41 2 2
45 44 2 2
46 43 2 2
46 41 2 2
46 44 2 2
46 42 2 2
47 41 2 2
47 43 2 2
47 46 2 2
47 42 2 2
48 46 2 2
48 44 2 2
48 40 2 2
48 41 2 2
49 44 2 2
49 42 2 2
49 43 2 2
49 41 2 2
50 41 2 2
50 46 2 2
50 48 2 2
50 42 2 2
51 49 2 2
51 44 2 2
51 45 2 2
51 48 2 2
52 47 2 2
52 42 2 2
52 44 2 2
52 46 2 2
53 51 2 2
53 49 2 2
53 47 2 2
53 43 2 2
54 46 2 2
54 41 2 2
54 45 2 2
54 51 2 2
55 49 2 2
55 43 2 2
55 45 2 2
55 50 2 2
56 44 2 2
56 51 2 2
56 48 2 2
56 53 2 2
57 50 2 2
57 55 2 2
57 43 2 2
57 45 2 2
58 52 2 2
58 40 2 2
58 51 2 2
58 41 2 2
59 41 2 2
59 58 2 2
59 51 2 2
59 56 2 2
40 56 2 2
40 59 2 2
40 52 2 2
40 47 2 2
41 53 2 2
41 57 2 2
41 56 2 2
41 51 2 2
42 54 2 2
42 55 2 2
42 56 2 2
42 58 2 2
43 50 2 2
43 56 2 2
43 54 2 2
43 59 2 2
64 63 3 3
64 62 3 3
64 61 3 3
64 60 3 3
65 63 3 3
65 61 3 3
65 62 3 3
65 64 3 3
66 61 3 3
66 60 3 3
66 64 3 3
66 65 3 3
67 65 3 3
67 66 3 3
67 64 3 3
67 60 3 3
68 65 3 3
68 61 3 3
68 66 3 3
68 60 3 3
69 65 3 3
69 64 3 3
69 62 3 3
69 66 3 3
70 67 3 3
70 64 3 3
70 66 3 3
70 65 3 3
71 62 3 3
71 60 3 3
71 68 3 3
71 61 3 3
72 69 3 3
72 67 3 3
72 65 3 3
72 61 3 3
73 70 3 3
73 68 3 3
73 69 3 3
73 72 3 3
74 70 3 3
74 72 3 3
74 65 3 3
74 69 3 3
75 74 3 3
75 69 3 3
75 61 3 3
75 67 3 3
76 68 3 3
76 63 3 3
76 69 3 3
76 72 3 3
77 63 3 3
77 76 3 3
77 62 3 3
77 61 3 3
78 77 3 3
78 63 3 3
78 64 3 3
78 62 3 3
79 68 3 3
79 65 3 3
79 64 3 3
79 75 3 3
60 78 3 3
60 77 3 3
60 65 3 3
60 76 3 3
61 76 3 3
61 73 3 3
61 79 3 3
61 69 3 3
62 79 3 3
62 75 3 3
62 68 3 3
62 67 3 3
63 71 3 3
63 66 3 3
63 73 3 3
63 74 3 3
84 81 4 4
84 82 4 4
84 83 4 4
84 80 4 4
85 84 4 4
85 82 4 4
85 80 4 4
85 83 4 4
86 84 4 4
86 85 4 4
86 83 4 4
86 80 4 4
87 85 4 4
87 84 4 4
87 86 4 4
87 82 4 4
88 87 4 4
88 86 4 4
88 82 4 4
88 84 4 4
89 87 4 4
89 85 4 4
89 86 4 4
89 88 4 4
90 86 4 4
90 88 4 4
90 83 4 4
90 84 4 4
91 87 4 4
91 90 4 4
91 88 4 4
91 83 4 4
92 91 4 4
92 81 4 4
92 87 4 4
92 82 4 4
93 84 4 4
93 80 4 4
93 90 4 4
93 83 4 4
94 83 4 4
94 87 4 4
94 92 4 4
94 84 4 4
95 89 4 4
95 94 4 4
95 86 4 4
95 93 4 4
96 91 4 4
96 86 4 4
96 90 4 4
96 84 4 4
97 82 4 4
97 91 4 4
97 84 4 4
97 94 4 4
98 95 4 4
98 82 4 4
98 83 4 4
98 92 4 4
99 93 4 4
99 90 4 4
99 97 4 4
99 84 4 4
80 90 4 4
80 92 4 4
80 94 4 4
80 87 4 4
81 97 4 4
81 87 4 4
81 94 4 4
81 99 4 4
82 89 4 4
82 94 4 4
82 90 4 4
82 96 4 4
83 88 4 4
83 87 4 4
83 89 4 4
83 95 4 4
104 103 5 5
104 100 5 5
104 101 5 5
104 102 5 5
105 102 5 5
105 101 5 5
105 104 5 5
105 103 5 5
106 102 5 5
106 103 5 5
106 104 5 5
106 101 5 5
107 105 5 5
107 103 5 5
107 104 5 5
107 106 5 5
108 104 5 5
108 102 5 5
108 107 5 5
108 101 5 5
109 103 5 5
109 102 5 5
109 108 5 5
109 104 5 5
110 107 5 5
110 106 5 5
110 108 5 5
110 103 5 5
111 108 5 5
111 104 5 5
111 102 5 5
111 110 5 5
112 101 5 5
112 107 5 5
112 103 5 5
112 105 5 5
113 104 5 5
113 109 5 5
113 106 5 5
113 110 5 5
114 108 5 5
114 112 5 5
114 103 5 5
114 110 5 5
115 114 5 5
115 101 5 5
115 111 5 5
115 113 5 5
116 100 5 5
116 105 5 5
116 115 5 5
116 101 5 5
117 109 5 5
117 107 5 5
117 116 5 5
117 115 5 5
118 105 5 5
118 112 5 5
118 111 5 5
118 109 5 5
119 112 5 5
119 115 5 5
119 100 5 5
119 114 5 5
100 115 5 5
100 108 5 5
100 118 5 5
100 111 5 5
101 119 5 5
101 109 5 5
101 114 5 5
101 111 5 5
102 110 5 5
102 119 5 5
102 117 5 5
102 116 5 5
103 113 5 5
103 117 5 5
103 108 5 5
103 116 5 5
124 122 6 6
124 120 6 6
124 121 6 6
124 123 6 6
125 120 6 6
125 124 6 6
125 122 6 6
125 123 6 6
126 121 6 6
126 120 6 6
126 123 6 6
126 125 6 6
127 125 6 6
127 126 6 6
127 121 6 6
127 124 6 6
128 126 6 6
128 122 6 6
128 120 6 6
128 127 6 6
129 121 6 6
129 124 6 6
129 122 6 6
129 126 6 6
130 120 6 6
130 124 6 6
130 128 6 6
130 122 6 6
131 130 6 6
131 125 6 6
131 120 6 6
131 123 6 6
132 122 6 6
132 120 6 6
132 131 6 6
132 124 6 6
133 127 6 6
133 129 6 6
133 128 6 6
133 125 6 6
134 131 6 6
134 121 6 6
134 133 6 6
134 126 6 6
135 132 6 6
135 134 6 6
135 129 6 6
135 126 6 6
136 132 6 6
136 124 6 6
136 120 6 6
136 134 6 6
137 120 6 6
137 131 6 6
137 133 6 6
137 135 6 6
138 137 6 6
138 134 6 6
138 124 6 6
138 120 6 6
139 129 6 6
139 120 6 6
139 132 6 6
139 138 6 6
120 127 6 6
120 134 6 6
120 133 6 6
120 129 6 6
121 137 6 6
121 125 6 6
121 138 6 6
121 139 6 6
122 139 6 6
122 136 6 6
122 126 6 6
122 127 6 6
123 128 6 6
123 138 6 6
123 139 6 6
123 134 6 6
144 142 7 7
144 141 7 7
144 140 7 7
144 143 7 7
145 142 7 7
145 140 7 7
145 144 7 7
145 141 7 7
146 144 7 7
146 141 7 7
146 142 7 7
146 140 7 7
147 140 7 7
147 141 7 7
147 142 7 7
147 144 7 7
148 143 7 7
148 145 7 7
148 140 7 7
148 147 7 7
149 147 7 7
149 141 7 7
149 142 7 7
149 148 7 7
150 145 7 7
150 140 7 7
150 147 7 7
150 144 7 7
151 141 7 7
151 143 7 7
151 144 7 7
151 146 7 7
152 141 7 7
152 142 7 7
152 146 7 7
152 151 7 7
153 144 7 7
153 146 7 7
153 151 7 7
153 145 7 7
154 142 7 7
154 149 7 7
154 143 7 7
154 141 7 7
155 150 7 7
155 148 7 7
155 147 7 7
155 153 7 7
156 142 7 7
156 146 7 7
156 154 7 7
156 143 7 7
157 152 7 7
157 142 7 7
157 144 7 7
157 148 7 7
158 153 7 7
158 143 7 7
158 141 7 7
158 155 7 7
159 146 7 7
159 140 7 7
159 141 7 7
159 152 7 7
140 158 7 7
140 153 7 7
140 152 7 7
140 156 7 7
141 150 7 7
141 157 7 7
141 156 7 7
141 155 7 7
142 155 7 7
142 158 7 7
142 151 7 7
142 159 7 7
143 155 7 7
143 157 7 7
143 152 7 7
143 150 7 7
164 162 8 8
164 161 8 8
164 160 8 8
164 163 8 8
165 162 8 8
165 161 8 8
165 164 8 8
165 163 8 8
166 162 8 8
166 163 8 8
166 165 8 8
166 164 8 8
167 164 8 8
167 160 8 8
167 166 8 8
167 161 8 8
168 165 8 8
168 160 8 8
168 164 8 8
168 161 8 8
169 166 8 8
169 160 8 8
169 164 8 8
169 163 8 8
170 167 8 8
170 168 8 8
170 162 8 8
170 160 8 8
171 162 8 8
171 160 8 8
171 161 8 8
171 163 8 8
172 165 8 8
172 164 8 8
172 161 8 8
172 169 8 8
173 170 8 8
173 166 8 8
173 165 8 8
173 160 8 8
174 161 8 8
174 160 8 8
174 171 8 8
174 162 8 8
175 164 8 8
175 160 8 8
175 165 8 8
175 171 8 8
176 160 8 8
176 162 8 8
176 165 8 8
176 168 8 8
177 160 8 8
177 164 8 8
177 162 8 8
177 170 8 8
178 176 8 8
178 165 8 8
178 173 8 8
178 174 8 8
179 175 8 8
179 162 8 8
179 177 8 8
179 168 8 8
160 178 8 8
160 165 8 8
160 179 8 8
160 166 8 8
161 179 8 8
161 178 8 8
161 170 8 8
161 176 8 8
162 167 8 8
162 178 8 8
162 168 8 8
162 175 8 8
163 173 8 8
163 176 8 8
163 179 8 8
163 177 8 8
184 182 9 9
184 183 9 9
184 180 9 9
184 181 9 9
185 184 9 9
185 182 9 9
185 183 9 9
185 180 9 9
186 185 9 9
186 183 9 9
186 184 9 9
186 181 9 9
187 185 9 9
187 180 9 9
187 183 9 9
187 182 9 9
188 187 9 9
188 180 9 9
188 181 9 9
188 186 9 9
189 185 9 9
189 184 9 9
189 188 9 9
189 182 9 9
190 183 9 9
190 182 9 9
190 187 9 9
190 189 9 9
191 180 9 9
191 181 9 9
191 183 9 9
191 188 9 9
192 188 9 9
192 181 9 9
192 185 9 9
192 189 9 9
193 186 9 9
193 187 9 9
193 182 9 9
193 185 9 9
194 185 9 9
194 189 9 9
194 180 9 9
194 186 9 9
195 194 9 9
195 188 9 9
195 186 9 9
195 189 9 9
196 181 9 9
196 187 9 9
196 180 9 9
196 191 9 9
197 181 9 9
197 185 9 9
197 188 9 9
197 187 9 9
198 197 9 9
198 192 9 9
198 181 9 9
198 189 9 9
199 181 9 9
199 194 9 9
199 180 9 9
199 191 9 9
180 190 9 9
180 195 9 9
180 192 9 9
180 189 9 9
181 187 9 9
181 189 9 9
181 194 9 9
181 195 9 9
182 192 9 9
182 196 9 9
182 186 9 9
182 188 9 9
183 189 9 9
183 198 9 9
183 192 9 9
183 194 9 9
204 201 10 10
204 200 10 10
204 202 10 10
204 203 10 10
205 200 10 10
205 204 10 10
205 201 10 10
205 203 10 10
206 201 10 10
206 204 10 10
206 200 10 10
206 205 10 10
207 206 10 10
207 201 10 10
207 200 10 10
207 205 10 10
208 202 10 10
208 206 10 10
208 203 10 10
208 207 10 10
209 207 10 10
209 203 10 10
209 202 10 10
209 201 10 10
210 206 10 10
210 205 10 10
210 204 10 10
210 208 10 10
211 208 10 10
211 202 10 10
211 209 10 10
211 210 10 10
212 206 10 10
212 208 10 10
212 210 10 10
212 200 10 10
213 204 10 10
213 205 10 10
213 201 10 10
213 203 10 10
214 201 10 10
214 206 10 10
214 200 10 10
214 213 10 10
215 206 10 10
215 204 10 10
215 212 10 10
215 200 10 10
216 214 10 10
216 207 10 10
216 210 10 10
216 201 10 10
217 205 10 10
217 203 10 10
217 207 10 10
217 213 10 10
218 204 10 10
218 200 10 10
218 206 10 10
218 212 10 10
219 214 10 10
219 212 10 10
219 218 10 10
219 210 10 10
200 219 10 10
200 216 10 10
200 217 10 10
200 213 10 10
201 211 10 10
201 217 10 10
201 215 10 10
201 212 10 10
202 210 10 10
202 216 10 10
202 205 10 10
202 213 10 10
203 211 10 10
203 216 10 10
203 210 10 10
203 212 10 10
224 222 11 11
224 223 11 11
224 220 11 11
224 221 11 11
225 224 11 11
225 221 11 11
225 223 11 11
225 220 11 11
226 222 11 11
226 223 11 11
226 220 11 11
226 225 11 11
227 224 11 11
227 220 11 11
227 223 11 11
227 222 11 11
228 226 11 11
228 223 11 11
228 221 11 11
228 222 11 11
229 220 11 11
229 221 11 11
229 227 11 11
229 225 11 11
230 227 11 11
230 220 11 11
230 224 11 11
230 222 11 11
231 230 11 11
231 222 11 11
231 229 11 11
231 224 11 11
232 221 11 11
232 230 11 11
232 220 11 11
232 229 11 11
233 228 11 11
233 221 11 11
233 229 11 11
233 230 11 11
234 227 11 11
234 230 11 11
234 220 11 11
234 221 11 11
235 220 11 11
235 230 11 11
235 233 11 11
235 232 11 11
236 229 11 11
236 226 11 11
236 230 11 11
236 233 11 11
237 232 11 11
237 220 11 11
237 230 11 11
237 236 11 11
238 223 11 11
238 232 11 11
238 230 11 11
238 229 11 11
239 223 11 11
239 233 11 11
239 221 11 11
239 238 11 11
220 231 11 11
220 239 11 11
220 238 11 11
220 233 11 11
221 236 11 11
221 235 11 11
221 226 11 11
221 238 11 11
222 234 11 11
222 236 11 11
222 238 11 11
222 225 11 11
223 230 11 11
223 236 11 11
223 232 11 11
223 235 11 11
244 241 12 12
244 243 12 12
244 240 12 12
244 242 12 12
245 244 12 12
245 243 12 12
245 241 12 12
245 240 12 12
246 242 12 12
246 241 12 12
246 240 12 12
246 245 12 12
247 240 12 12
247 241 12 12
247 242 12 12
247 244 12 12
248 243 12 12
248 241 12 12
248 240 12 12
248 245 12 12
249 242 12 12
249 241 12 12
249 248 12 12
249 240 12 12
250 242 12 12
250 241 12 12
250 244 12 12
250 249 12 12
251 245 12 12
251 244 12 12
251 243 12 12
251 240 12 12
252 242 12 12
252 244 12 12
252 240 12 12
252 250 12 12
253 243 12 12
253 250 12 12
253 247 12 12
253 244 12 12
254 242 12 12
254 249 12 12
254 246 12 12
254 252 12 12
255 240 12 12
255 250 12 12
255 248 12 12
255 244 12 12
256 253 12 12
256 247 12 12
256 252 12 12
256 241 12 12
257 243 12 12
257 244 12 12
257 245 12 12
257 246 12 12
258 244 12 12
258 255 12 12
258 257 12 12
258 250 12 12
259 250 12 12
259 248 12 12
259 251 12 12
259 243 12 12
240 254 12 12
240 258 12 12
240 250 12 12
240 259 12 12
241 255 12 12
241 252 12 12
241 258 12 12
241 259 12 12
242 255 12 12
242 248 12 12
242 245 12 12
242 253 12 12
243 252 12 12
243 246 12 12
243 255 12 12
243 250 12 12
264 262 13 13
264 261 13 13
264 260 13 13
264 263 13 13
265 263 13 13
265 262 13 13
265 261 13 13
265 264 13 13
266 265 13 13
266 263 13 13
266 262 13 13
266 264 13 13
267 262 13 13
267 260 13 13
267 261 13 13
267 263 13 13
268 267 13 13
268 260 13 13
268 262 13 13
268 265 13 13
269 261 13 13
269 264 13 13
269 267 13 13
269 268 13 13
270 261 13 13
270 260 13 13
270 262 13 13
270 268 13 13
271 264 13 13
271 260 13 13
271 261 13 13
271 262 13 13
272 269 13 13
272 266 13 13
272 263 13 13
272 271 13 13
273 272 13 13
273 263 13 13
273 266 13 13
273 265 13 13
274 270 13 13
274 271 13 13
274 268 13 13
274 261 13 13
275 268 13 13
275 260 13 13
275 263 13 13
275 274 13 13
276 272 13 13
276 261 13 13
276 266 13 13
276 269 13 13
277 269 13 13
277 264 13 13
277 267 13 13
277 270 13 13
278 266 13 13
278 273 13 13
278 265 13 13
278 261 13 13
279 278 13 13
279 273 13 13
279 277 13 13
279 262 13 13
260 269 13 13
260 274 13 13
260 278 13 13
260 272 13 13
261 273 13 13
261 268 13 13
261 277 13 13
261 266 13 13
262 274 13 13
262 275 13 13
262 269 13 13
262 276 13 13
263 278 13 13
263 269 13 13
263 268 13 13
263 270 13 13
284 283 14 14
284 280 14 14
284 282 14 14
284 281 14 14
285 284 14 14
285 282 14 14
285 280 14 14
285 283 14 14
286 283 14 14
286 285 14 14
286 284 14 14
286 281 14 14
287 281 14 14
287 286 14 14
287 280 14 14
287 285 14 14
288 286 14 14
288 281 14 14
288 283 14 14
288 287 14 14
289 281 14 14
289 287 14 14
289 282 14 14
289 286 14 14
290 283 14 14
290 285 14 14
290 289 14 14
290 282 14 14
291 289 14 14
291 288 14 14
291 283 14 14
291 284 14 14
292 287 14 14
292 284 14 14
292 281 14 14
292 285 14 14
293 288 14 14
293 289 14 14
293 286 14 14
293 285 14 14
294 282 14 14
294 288 14 14
294 283 14 14
294 285 14 14
295 293 14 14
295 281 14 14
295 291 14 14
295 280 14 14
296 285 14 14
296 284 14 14
296 291 14 14
296 281 14 14
297 288 14 14
297 286 14 14
297 296 14 14
297 284 14 14
298 286 14 14
298 287 14 14
298 289 14 14
298 288 14 14
299 293 14 14
299 289 14 14
299 281 14 14
299 286 14 14
280 292 14 14
280 290 14 14
280 296 14 14
280 291 14 14
281 294 14 14
281 298 14 14
281 297 14 14
281 290 14 14
282 298 14 14
282 291 14 14
282 299 14 14
282 288 14 14
283 296 14 14
283 299 14 14
283 297 14 14
283 292 14 14
304 300 15 15
304 302 15 15
304 303 15 15
304 301 15 15
305 300 15 15
305 302 15 15
305 303 15 15
305 304 15 15
306 300 15 15
306 304 15 15
306 305 15 15
306 302 15 15
307 305 15 15
307 302 15 15
307 306 15 15
307 303 15 15
308 302 15 15
308 305 15 15
308 301 15 15
308 304 15 15
309 305 15 15
309 304 15 15
309 300 15 15
309 307 15 15
310 304 15 15
310 306 15 15
310 307 15 15
310 309 15 15
311 307 15 15
311 309 15 15
311 303 15 15
311 305 15 15
312 301 15 15
312 309 15 15
312 310 15 15
312 308 15 15
313 310 15 15
313 303 15 15
313 302 15 15
313 308 15 15
314 302 15 15
314 305 15 15
314 307 15 15
314 300 15 15
315 300 15 15
315 308 15 15
315 305 15 15
315 307 15 15
316 307 15 15
316 300 15 15
316 314 15 15
316 313 15 15
317 304 15 15
317 311 15 15
317 306 15 15
317 314 15 15
318 306 15 15
318 302 15 15
318 304 15 15
318 310 15 15
319 304 15 15
319 318 15 15
319 306 15 15
319 302 15 15
300 311 15 15
300 318 15 15
300 307 15 15
300 310 15 15
301 319 15 15
301 318 15 15
301 311 15 15
301 306 15 15
302 310 15 15
302 309 15 15
302 315 15 15
302 316 15 15
303 317 15 15
303 316 15 15
303 306 15 15
303 318 15 15
83 76 4 3
91 4 4 0
93 28 4 1
85 47 4 2
113 56 5 2
117 87 5 4
115 77 5 3
107 20 5 1
126 53 6 2
138 29 6 1
125 9 6 0
137 117 6 5
153 116 7 5
156 5 7 0
155 38 7 1
149 95 7 4
167 39 8 1
177 98 8 4
166 51 8 2
171 78 8 3
185 154 9 7
188 138 9 6
187 105 9 5
195 75 9 3
202 47 10 2
203 65 10 3
212 146 10 7
211 17 10 0
220 82 11 4
226 105 11 5
227 9 11 0
238 63 11 3
244 226 12 11
249 84 12 4
258 73 12 3
254 191 12 9
276 133 13 6
264 250 13 12
267 159 13 7
273 204 13 10
285 169 14 8
293 9 14 0
289 156 14 7
284 263 14 13
311 235 15 11
311 248 15 12
319 262 15 13
317 156 15 7
6 267 0 13
14 118 0 5
3 169 0 8
6 308 0 15
39 209 1 10
23 298 1 14
27 252 1 12
28 316 1 15
45 271 2 13
49 293 2 14
53 196 2 9
47 144 2 7
74 299 3 14
61 138 3 6
77 149 3 7
73 262 3 13
