swNum = 320
edgeNum = 1344

0 0
1 0
2 0
3 0
4 0
5 0
6 0
7 0
8 0
9 0
10 0
11 0
12 0
13 0
14 0
15 0
16 0
17 0
18 0
19 0
20 1
21 1
22 1
23 1
24 1
25 1
26 1
27 1
28 1
29 1
30 1
31 1
32 1
33 1
34 1
35 1
36 1
37 1
38 1
39 1
40 2
41 2
42 2
43 2
44 2
45 2
46 2
47 2
48 2
49 2
50 2
51 2
52 2
53 2
54 2
55 2
56 2
57 2
58 2
59 2
60 3
61 3
62 3
63 3
64 3
65 3
66 3
67 3
68 3
69 3
70 3
71 3
72 3
73 3
74 3
75 3
76 3
77 3
78 3
79 3
80 4
81 4
82 4
83 4
84 4
85 4
86 4
87 4
88 4
89 4
90 4
91 4
92 4
93 4
94 4
95 4
96 4
97 4
98 4
99 4
100 5
101 5
102 5
103 5
104 5
105 5
106 5
107 5
108 5
109 5
110 5
111 5
112 5
113 5
114 5
115 5
116 5
117 5
118 5
119 5
120 6
121 6
122 6
123 6
124 6
125 6
126 6
127 6
128 6
129 6
130 6
131 6
132 6
133 6
134 6
135 6
136 6
137 6
138 6
139 6
140 7
141 7
142 7
143 7
144 7
145 7
146 7
147 7
148 7
149 7
150 7
151 7
152 7
153 7
154 7
155 7
156 7
157 7
158 7
159 7
160 8
161 8
162 8
163 8
164 8
165 8
166 8
167 8
168 8
169 8
170 8
171 8
172 8
173 8
174 8
175 8
176 8
177 8
178 8
179 8
180 9
181 9
182 9
183 9
184 9
185 9
186 9
187 9
188 9
189 9
190 9
191 9
192 9
193 9
194 9
195 9
196 9
197 9
198 9
199 9
200 10
201 10
202 10
203 10
204 10
205 10
206 10
207 10
208 10
209 10
210 10
211 10
212 10
213 10
214 10
215 10
216 10
217 10
218 10
219 10
220 11
221 11
222 11
223 11
224 11
225 11
226 11
227 11
228 11
229 11
230 11
231 11
232 11
233 11
234 11
235 11
236 11
237 11
238 11
239 11
240 12
241 12
242 12
243 12
244 12
245 12
246 12
247 12
248 12
249 12
250 12
251 12
252 12
253 12
254 12
255 12
256 12
257 12
258 12
259 12
260 13
261 13
262 13
263 13
264 13
265 13
266 13
267 13
268 13
269 13
270 13
271 13
272 13
273 13
274 13
275 13
276 13
277 13
278 13
279 13
280 14
281 14
282 14
283 14
284 14
285 14
286 14
287 14
288 14
289 14
290 14
291 14
292 14
293 14
294 14
295 14
296 14
297 14
298 14
299 14
300 15
301 15
302 15
303 15
304 15
305 15
306 15
307 15
308 15
309 15
310 15
311 15
312 15
313 15
314 15
315 15
316 15
317 15
318 15
319 15

4 1 0 0
4 2 0 0
4 3 0 0
4 0 0 0
5 0 0 0
5 3 0 0
5 4 0 0
5 2 0 0
6 2 0 0
6 3 0 0
6 5 0 0
6 4 0 0
7 2 0 0
7 0 0 0
7 3 0 0
7 4 0 0
8 5 0 0
8 4 0 0
8 3 0 0
8 6 0 0
9 3 0 0
9 6 0 0
9 7 0 0
9 4 0 0
10 6 0 0
10 2 0 0
10 8 0 0
10 9 0 0
11 9 0 0
11 3 0 0
11 10 0 0
11 0 0 0
12 8 0 0
12 10 0 0
12 11 0 0
12 6 0 0
13 7 0 0
13 1 0 0
13 4 0 0
13 12 0 0
14 4 0 0
14 6 0 0
14 2 0 0
14 7 0 0
15 10 0 0
15 11 0 0
15 14 0 0
15 2 0 0
16 2 0 0
16 6 0 0
16 5 0 0
16 15 0 0
17 13 0 0
17 9 0 0
17 1 0 0
17 5 0 0
18 4 0 0
18 7 0 0
18 17 0 0
18 1 0 0
19 12 0 0
19 2 0 0
19 5 0 0
19 1 0 0
0 10 0 0
0 16 0 0
0 12 0 0
0 13 0 0
1 7 0 0
1 12 0 0
1 8 0 0
1 11 0 0
2 13 0 0
2 9 0 0
2 12 0 0
2 17 0 0
3 18 0 0
3 14 0 0
3 10 0 0
3 16 0 0
24 22 1 1
24 21 1 1
24 20 1 1
24 23 1 1
25 24 1 1
25 21 1 1
25 22 1 1
25 23 1 1
26 22 1 1
26 25 1 1
26 20 1 1
26 24 1 1
27 22 1 1
27 26 1 1
27 24 1 1
27 25 1 1
28 21 1 1
28 23 1 1
28 25 1 1
28 22 1 1
29 22 1 1
29 20 1 1
29 21 1 1
29 25 1 1
30 22 1 1
30 24 1 1
30 27 1 1
30 26 1 1
31 24 1 1
31 28 1 1
31 22 1 1
31 20 1 1
32 22 1 1
32 27 1 1
32 30 1 1
32 21 1 1
33 30 1 1
33 25 1 1
33 31 1 1
33 28 1 1
34 30 1 1
34 22 1 1
34 26 1 1
34 28 1 1
35 24 1 1
35 22 1 1
35 29 1 1
35 32 1 1
36 23 1 1
36 30 1 1
36 25 1 1
36 32 1 1
37 31 1 1
37 36 1 1
37 20 1 1
37 23 1 1
38 36 1 1
38 21 1 1
38 25 1 1
38 22 1 1
39 37 1 1
39 23 1 1
39 33 1 1
39 30 1 1
20 33 1 1
20 30 1 1
20 28 1 1
20 34 1 1
21 35 1 1
21 31 1 1
21 39 1 1
21 30 1 1
22 39 1 1
22 33 1 1
22 37 1 1
22 36 1 1
23 38 1 1
23 33 1 1
23 31 1 1
23 35 1 1
44 42 2 2
44 40 2 2
44 43 2 2
44 41 2 2
45 41 2 2
45 42 2 2
45 43 2 2
45 40 2 2
46 45 2 2
46 41 2 2
46 44 2 2
46 40 2 2
47 43 2 2
47 45 2 2
47 41 2 2
47 42 2 2
48 40 2 2
48 42 2 2
48 43 2 2
48 45 2 2
49 42 2 2
49 40 2 2
49 48 2 2
49 44 2 2
50 42 2 2
50 40 2 2
50 44 2 2
50 49 2 2
51 43 2 2
51 46 2 2
51 40 2 2
51 47 2 2
52 51 2 2
52 50 2 2
52 44 2 2
52 40 2 2
53 43 2 2
53 52 2 2
53 47 2 2
53 49 2 2
54 53 2 2
54 41 2 2
54 48 2 2
54 45 2 2
55 48 2 2
55 45 2 2
55 47 2 2
55 54 2 2
56 40 2 2
56 49 2 2
56 45 2 2
56 47 2 2
57 56 2 2
57 54 2 2
57 48 2 2
57 46 2 2
58 40 2 2
58 45 2 2
58 48 2 2
58 46 2 2
59 54 2 2
59 57 2 2
59 48 2 2
59 56 2 2
40 54 2 2
40 53 2 2
40 47 2 2
40 59 2 2
41 50 2 2
41 53 2 2
41 55 2 2
41 57 2 2
42 53 2 2
42 52 2 2
42 46 2 2
42 57 2 2
43 58 2 2
43 52 2 2
43 46 2 2
43 55 2 2
64 63 3 3
64 62 3 3
64 61 3 3
64 60 3 3
65 62 3 3
65 61 3 3
65 60 3 3
65 63 3 3
66 61 3 3
66 63 3 3
66 60 3 3
66 65 3 3
67 65 3 3
67 66 3 3
67 62 3 3
67 63 3 3
68 62 3 3
68 65 3 3
68 61 3 3
68 67 3 3
69 61 3 3
69 60 3 3
69 64 3 3
69 63 3 3
70 66 3 3
70 63 3 3
70 68 3 3
70 60 3 3
71 67 3 3
71 66 3 3
71 70 3 3
71 60 3 3
72 61 3 3
72 60 3 3
72 67 3 3
72 65 3 3
73 66 3 3
73 71 3 3
73 69 3 3
73 63 3 3
74 60 3 3
74 64 3 3
74 62 3 3
74 67 3 3
75 66 3 3
75 74 3 3
75 70 3 3
75 64 3 3
76 61 3 3
76 70 3 3
76 72 3 3
76 63 3 3
77 61 3 3
77 73 3 3
77 66 3 3
77 65 3 3
78 64 3 3
78 76 3 3
78 63 3 3
78 70 3 3
79 75 3 3
79 62 3 3
79 74 3 3
79 60 3 3
60 77 3 3
60 78 3 3
60 68 3 3
60 67 3 3
61 67 3 3
61 78 3 3
61 70 3 3
61 71 3 3
62 72 3 3
62 77 3 3
62 76 3 3
62 70 3 3
63 68 3 3
63 77 3 3
63 75 3 3
63 71 3 3
84 83 4 4
84 81 4 4
84 80 4 4
84 82 4 4
85 81 4 4
85 82 4 4
85 80 4 4
85 84 4 4
86 82 4 4
86 80 4 4
86 83 4 4
86 85 4 4
87 83 4 4
87 84 4 4
87 80 4 4
87 86 4 4
88 81 4 4
88 82 4 4
88 84 4 4
88 80 4 4
89 83 4 4
89 85 4 4
89 80 4 4
89 86 4 4
90 87 4 4
90 84 4 4
90 83 4 4
90 81 4 4
91 88 4 4
91 80 4 4
91 86 4 4
91 81 4 4
92 91 4 4
92 84 4 4
92 82 4 4
92 87 4 4
93 82 4 4
93 81 4 4
93 84 4 4
93 88 4 4
94 93 4 4
94 84 4 4
94 90 4 4
94 88 4 4
95 81 4 4
95 87 4 4
95 82 4 4
95 88 4 4
96 88 4 4
96 90 4 4
96 93 4 4
96 95 4 4
97 90 4 4
97 89 4 4
97 93 4 4
97 86 4 4
98 89 4 4
98 83 4 4
98 87 4 4
98 86 4 4
99 84 4 4
99 80 4 4
99 82 4 4
99 87 4 4
80 92 4 4
80 93 4 4
80 98 4 4
80 97 4 4
81 94 4 4
81 87 4 4
81 92 4 4
81 98 4 4
82 91 4 4
82 96 4 4
82 87 4 4
82 97 4 4
83 95 4 4
83 96 4 4
83 93 4 4
83 85 4 4
104 100 5 5
104 102 5 5
104 101 5 5
104 103 5 5
105 103 5 5
105 104 5 5
105 100 5 5
105 101 5 5
106 103 5 5
106 105 5 5
106 101 5 5
106 104 5 5
107 101 5 5
107 100 5 5
107 105 5 5
107 103 5 5
108 107 5 5
108 100 5 5
108 101 5 5
108 102 5 5
109 108 5 5
109 107 5 5
109 102 5 5
109 100 5 5
110 101 5 5
110 107 5 5
110 102 5 5
110 106 5 5
111 110 5 5
111 109 5 5
111 102 5 5
111 104 5 5
112 100 5 5
112 104 5 5
112 105 5 5
112 101 5 5
113 102 5 5
113 105 5 5
113 104 5 5
113 110 5 5
114 100 5 5
114 105 5 5
114 112 5 5
114 110 5 5
115 113 5 5
115 106 5 5
115 110 5 5
115 101 5 5
116 110 5 5
116 113 5 5
116 109 5 5
116 115 5 5
117 101 5 5
117 115 5 5
117 111 5 5
117 113 5 5
118 107 5 5
118 104 5 5
118 111 5 5
118 101 5 5
119 107 5 5
119 110 5 5
119 103 5 5
119 106 5 5
100 115 5 5
100 119 5 5
100 118 5 5
100 117 5 5
101 119 5 5
101 111 5 5
101 109 5 5
101 113 5 5
102 119 5 5
102 117 5 5
102 118 5 5
102 115 5 5
103 118 5 5
103 112 5 5
103 114 5 5
103 111 5 5
124 121 6 6
124 120 6 6
124 123 6 6
124 122 6 6
125 122 6 6
125 121 6 6
125 120 6 6
125 124 6 6
126 123 6 6
126 124 6 6
126 122 6 6
126 125 6 6
127 121 6 6
127 124 6 6
127 122 6 6
127 120 6 6
128 122 6 6
128 120 6 6
128 121 6 6
128 123 6 6
129 120 6 6
129 121 6 6
129 127 6 6
129 125 6 6
130 126 6 6
130 128 6 6
130 125 6 6
130 124 6 6
131 128 6 6
131 125 6 6
131 123 6 6
131 129 6 6
132 125 6 6
132 120 6 6
132 126 6 6
132 131 6 6
133 129 6 6
133 120 6 6
133 124 6 6
133 128 6 6
134 131 6 6
134 132 6 6
134 125 6 6
134 124 6 6
135 130 6 6
135 133 6 6
135 125 6 6
135 129 6 6
136 135 6 6
136 120 6 6
136 125 6 6
136 132 6 6
137 121 6 6
137 129 6 6
137 128 6 6
137 120 6 6
138 125 6 6
138 122 6 6
138 123 6 6
138 124 6 6
139 134 6 6
139 124 6 6
139 120 6 6
139 135 6 6
120 134 6 6
120 135 6 6
120 130 6 6
120 138 6 6
121 133 6 6
121 135 6 6
121 138 6 6
121 130 6 6
122 129 6 6
122 133 6 6
122 135 6 6
122 136 6 6
123 132 6 6
123 129 6 6
123 139 6 6
123 135 6 6
144 143 7 7
144 142 7 7
144 141 7 7
144 140 7 7
145 144 7 7
145 140 7 7
145 143 7 7
145 141 7 7
146 141 7 7
146 140 7 7
146 144 7 7
146 142 7 7
147 143 7 7
147 146 7 7
147 142 7 7
147 144 7 7
148 144 7 7
148 145 7 7
148 143 7 7
148 142 7 7
149 140 7 7
149 143 7 7
149 141 7 7
149 147 7 7
150 148 7 7
150 142 7 7
150 143 7 7
150 147 7 7
151 148 7 7
151 143 7 7
151 142 7 7
151 144 7 7
152 145 7 7
152 143 7 7
152 150 7 7
152 141 7 7
153 147 7 7
153 142 7 7
153 143 7 7
153 150 7 7
154 153 7 7
154 149 7 7
154 150 7 7
154 143 7 7
155 152 7 7
155 145 7 7
155 150 7 7
155 149 7 7
156 140 7 7
156 143 7 7
156 154 7 7
156 146 7 7
157 146 7 7
157 140 7 7
157 154 7 7
157 156 7 7
158 155 7 7
158 145 7 7
158 153 7 7
158 152 7 7
159 140 7 7
159 149 7 7
159 143 7 7
159 145 7 7
140 154 7 7
140 158 7 7
140 152 7 7
140 155 7 7
141 157 7 7
141 148 7 7
141 153 7 7
141 159 7 7
142 157 7 7
142 155 7 7
142 154 7 7
142 156 7 7
143 157 7 7
143 146 7 7
143 158 7 7
143 155 7 7
164 160 8 8
164 161 8 8
164 162 8 8
164 163 8 8
165 164 8 8
165 163 8 8
165 160 8 8
165 162 8 8
166 161 8 8
166 160 8 8
166 163 8 8
166 162 8 8
167 166 8 8
167 161 8 8
167 165 8 8
167 163 8 8
168 165 8 8
168 167 8 8
168 164 8 8
168 162 8 8
169 162 8 8
169 168 8 8
169 167 8 8
169 165 8 8
170 166 8 8
170 167 8 8
170 165 8 8
170 168 8 8
171 170 8 8
171 165 8 8
171 167 8 8
171 168 8 8
172 161 8 8
172 160 8 8
172 164 8 8
172 167 8 8
173 161 8 8
173 167 8 8
173 165 8 8
173 171 8 8
174 162 8 8
174 161 8 8
174 164 8 8
174 173 8 8
175 165 8 8
175 162 8 8
175 164 8 8
175 174 8 8
176 165 8 8
176 169 8 8
176 173 8 8
176 162 8 8
177 165 8 8
177 160 8 8
177 163 8 8
177 164 8 8
178 173 8 8
178 165 8 8
178 163 8 8
178 160 8 8
179 167 8 8
179 165 8 8
179 168 8 8
179 175 8 8
160 173 8 8
160 171 8 8
160 175 8 8
160 167 8 8
161 178 8 8
161 165 8 8
161 170 8 8
161 177 8 8
162 170 8 8
162 173 8 8
162 178 8 8
162 179 8 8
163 175 8 8
163 173 8 8
163 179 8 8
163 172 8 8
184 181 9 9
184 182 9 9
184 183 9 9
184 180 9 9
185 182 9 9
185 180 9 9
185 184 9 9
185 183 9 9
186 180 9 9
186 183 9 9
186 181 9 9
186 184 9 9
187 181 9 9
187 180 9 9
187 185 9 9
187 182 9 9
188 181 9 9
188 182 9 9
188 180 9 9
188 185 9 9
189 180 9 9
189 183 9 9
189 186 9 9
189 187 9 9
190 182 9 9
190 184 9 9
190 187 9 9
190 186 9 9
191 183 9 9
191 189 9 9
191 188 9 9
191 184 9 9
192 184 9 9
192 186 9 9
192 191 9 9
192 180 9 9
193 190 9 9
193 182 9 9
193 184 9 9
193 185 9 9
194 181 9 9
194 182 9 9
194 184 9 9
194 186 9 9
195 186 9 9
195 187 9 9
195 185 9 9
195 194 9 9
196 193 9 9
196 194 9 9
196 185 9 9
196 188 9 9
197 190 9 9
197 196 9 9
197 194 9 9
197 187 9 9
198 187 9 9
198 197 9 9
198 196 9 9
198 189 9 9
199 196 9 9
199 190 9 9
199 188 9 9
199 193 9 9
180 194 9 9
180 193 9 9
180 198 9 9
180 197 9 9
181 197 9 9
181 198 9 9
181 195 9 9
181 192 9 9
182 186 9 9
182 192 9 9
182 195 9 9
182 197 9 9
183 198 9 9
183 193 9 9
183 187 9 9
183 195 9 9
204 200 10 10
204 201 10 10
204 203 10 10
204 202 10 10
205 201 10 10
205 202 10 10
205 203 10 10
205 200 10 10
206 202 10 10
206 205 10 10
206 201 10 10
206 204 10 10
207 203 10 10
207 204 10 10
207 200 10 10
207 206 10 10
208 201 10 10
208 200 10 10
208 204 10 10
208 205 10 10
209 203 10 10
209 201 10 10
209 204 10 10
209 200 10 10
210 204 10 10
210 208 10 10
210 201 10 10
210 200 10 10
211 209 10 10
211 204 10 10
211 201 10 10
211 202 10 10
212 200 10 10
212 201 10 10
212 210 10 10
212 204 10 10
213 212 10 10
213 204 10 10
213 210 10 10
213 206 10 10
214 205 10 10
214 212 10 10
214 204 10 10
214 203 10 10
215 208 10 10
215 207 10 10
215 211 10 10
215 205 10 10
216 207 10 10
216 211 10 10
216 203 10 10
216 206 10 10
217 212 10 10
217 216 10 10
217 214 10 10
217 200 10 10
218 208 10 10
218 214 10 10
218 200 10 10
218 202 10 10
219 212 10 10
219 207 10 10
219 215 10 10
219 209 10 10
200 211 10 10
200 206 10 10
200 216 10 10
200 219 10 10
201 213 10 10
201 219 10 10
201 207 10 10
201 218 10 10
202 207 10 10
202 216 10 10
202 217 10 10
202 214 10 10
203 206 10 10
203 211 10 10
203 217 10 10
203 210 10 10
224 223 11 11
224 222 11 11
224 220 11 11
224 221 11 11
225 220 11 11
225 224 11 11
225 223 11 11
225 221 11 11
226 223 11 11
226 221 11 11
226 225 11 11
226 222 11 11
227 223 11 11
227 220 11 11
227 226 11 11
227 225 11 11
228 225 11 11
228 227 11 11
228 226 11 11
228 220 11 11
229 222 11 11
229 220 11 11
229 221 11 11
229 228 11 11
230 222 11 11
230 224 11 11
230 229 11 11
230 227 11 11
231 222 11 11
231 221 11 11
231 229 11 11
231 225 11 11
232 230 11 11
232 222 11 11
232 225 11 11
232 228 11 11
233 220 11 11
233 224 11 11
233 225 11 11
233 231 11 11
234 225 11 11
234 227 11 11
234 228 11 11
234 226 11 11
235 223 11 11
235 232 11 11
235 220 11 11
235 230 11 11
236 232 11 11
236 221 11 11
236 234 11 11
236 229 11 11
237 223 11 11
237 222 11 11
237 234 11 11
237 231 11 11
238 223 11 11
238 236 11 11
238 221 11 11
238 224 11 11
239 220 11 11
239 229 11 11
239 221 11 11
239 238 11 11
220 232 11 11
220 230 11 11
220 238 11 11
220 231 11 11
221 230 11 11
221 235 11 11
221 237 11 11
221 233 11 11
222 236 11 11
222 239 11 11
222 227 11 11
222 238 11 11
223 233 11 11
223 234 11 11
223 239 11 11
223 236 11 11
244 242 12 12
244 240 12 12
244 241 12 12
244 243 12 12
245 241 12 12
245 243 12 12
245 242 12 12
245 240 12 12
246 244 12 12
246 240 12 12
246 242 12 12
246 245 12 12
247 241 12 12
247 240 12 12
247 243 12 12
247 245 12 12
248 241 12 12
248 247 12 12
248 242 12 12
248 240 12 12
249 246 12 12
249 244 12 12
249 248 12 12
249 242 12 12
250 242 12 12
250 243 12 12
250 247 12 12
250 240 12 12
251 240 12 12
251 250 12 12
251 248 12 12
251 242 12 12
252 242 12 12
252 249 12 12
252 248 12 12
252 241 12 12
253 242 12 12
253 249 12 12
253 246 12 12
253 244 12 12
254 253 12 12
254 250 12 12
254 241 12 12
254 252 12 12
255 246 12 12
255 243 12 12
255 254 12 12
255 241 12 12
256 255 12 12
256 251 12 12
256 242 12 12
256 252 12 12
257 255 12 12
257 248 12 12
257 252 12 12
257 244 12 12
258 250 12 12
258 247 12 12
258 254 12 12
258 251 12 12
259 254 12 12
259 249 12 12
259 253 12 12
259 258 12 12
240 258 12 12
240 254 12 12
240 249 12 12
240 256 12 12
241 246 12 12
241 251 12 12
241 258 12 12
241 259 12 12
242 254 12 12
242 255 12 12
242 259 12 12
242 258 12 12
243 258 12 12
243 256 12 12
243 248 12 12
243 251 12 12
264 262 13 13
264 260 13 13
264 261 13 13
264 263 13 13
265 262 13 13
265 264 13 13
265 261 13 13
265 260 13 13
266 261 13 13
266 260 13 13
266 264 13 13
266 263 13 13
267 260 13 13
267 266 13 13
267 261 13 13
267 264 13 13
268 264 13 13
268 266 13 13
268 261 13 13
268 263 13 13
269 266 13 13
269 260 13 13
269 267 13 13
269 265 13 13
270 261 13 13
270 264 13 13
270 268 13 13
270 260 13 13
271 262 13 13
271 264 13 13
271 268 13 13
271 265 13 13
272 266 13 13
272 269 13 13
272 261 13 13
272 263 13 13
273 262 13 13
273 271 13 13
273 264 13 13
273 261 13 13
274 266 13 13
274 261 13 13
274 269 13 13
274 270 13 13
275 272 13 13
275 261 13 13
275 262 13 13
275 260 13 13
276 275 13 13
276 270 13 13
276 268 13 13
276 263 13 13
277 261 13 13
277 266 13 13
277 275 13 13
277 270 13 13
278 263 13 13
278 266 13 13
278 276 13 13
278 274 13 13
279 265 13 13
279 273 13 13
279 260 13 13
279 262 13 13
260 271 13 13
260 278 13 13
260 272 13 13
260 273 13 13
261 269 13 13
261 278 13 13
261 279 13 13
261 276 13 13
262 267 13 13
262 274 13 13
262 270 13 13
262 269 13 13
263 277 13 13
263 279 13 13
263 270 13 13
263 274 13 13
284 281 14 14
284 280 14 14
284 283 14 14
284 282 14 14
285 284 14 14
285 280 14 14
285 283 14 14
285 281 14 14
286 283 14 14
286 285 14 14
286 284 14 14
286 281 14 14
287 285 14 14
287 280 14 14
287 283 14 14
287 281 14 14
288 281 14 14
288 287 14 14
288 286 14 14
288 282 14 14
289 280 14 14
289 286 14 14
289 287 14 14
289 283 14 14
290 281 14 14
290 286 14 14
290 284 14 14
290 285 14 14
291 281 14 14
291 284 14 14
291 290 14 14
291 286 14 14
292 291 14 14
292 285 14 14
292 286 14 14
292 289 14 14
293 281 14 14
293 286 14 14
293 287 14 14
293 285 14 14
294 285 14 14
294 286 14 14
294 289 14 14
294 292 14 14
295 280 14 14
295 291 14 14
295 294 14 14
295 287 14 14
296 281 14 14
296 287 14 14
296 293 14 14
296 288 14 14
297 293 14 14
297 291 14 14
297 280 14 14
297 286 14 14
298 284 14 14
298 290 14 14
298 289 14 14
298 286 14 14
299 289 14 14
299 282 14 14
299 294 14 14
299 281 14 14
280 299 14 14
280 290 14 14
280 296 14 14
280 292 14 14
281 289 14 14
281 292 14 14
281 295 14 14
281 298 14 14
282 295 14 14
282 286 14 14
282 298 14 14
282 297 14 14
283 294 14 14
283 295 14 14
283 297 14 14
283 299 14 14
304 301 15 15
304 302 15 15
304 300 15 15
304 303 15 15
305 301 15 15
305 300 15 15
305 304 15 15
305 302 15 15
306 303 15 15
306 301 15 15
306 304 15 15
306 300 15 15
307 300 15 15
307 301 15 15
307 306 15 15
307 302 15 15
308 300 15 15
308 306 15 15
308 303 15 15
308 302 15 15
309 305 15 15
309 303 15 15
309 302 15 15
309 308 15 15
310 307 15 15
310 306 15 15
310 304 15 15
310 308 15 15
311 302 15 15
311 301 15 15
311 310 15 15
311 307 15 15
312 301 15 15
312 304 15 15
312 305 15 15
312 306 15 15
313 307 15 15
313 310 15 15
313 308 15 15
313 302 15 15
314 304 15 15
314 306 15 15
314 310 15 15
314 305 15 15
315 303 15 15
315 305 15 15
315 308 15 15
315 301 15 15
316 305 15 15
316 309 15 15
316 300 15 15
316 302 15 15
317 313 15 15
317 311 15 15
317 300 15 15
317 309 15 15
318 300 15 15
318 311 15 15
318 312 15 15
318 309 15 15
319 317 15 15
319 307 15 15
319 313 15 15
319 311 15 15
300 315 15 15
300 314 15 15
300 319 15 15
300 310 15 15
301 318 15 15
301 317 15 15
301 319 15 15
301 316 15 15
302 318 15 15
302 314 15 15
302 310 15 15
302 319 15 15
303 314 15 15
303 310 15 15
303 317 15 15
303 319 15 15
80 53 4 2
82 0 4 0
84 28 4 1
94 69 4 3
116 94 5 4
100 59 5 2
104 9 5 0
107 71 5 3
129 53 6 2
126 100 6 5
137 24 6 1
138 8 6 0
157 92 7 4
148 1 7 0
140 124 7 6
158 49 7 2
165 121 8 6
176 74 8 3
162 115 8 5
175 87 8 4
193 11 9 0
182 148 9 7
189 125 9 6
194 167 9 8
216 166 10 8
210 194 10 9
213 156 10 7
214 81 10 4
227 141 11 7
227 176 11 8
239 128 11 6
228 26 11 1
254 153 12 7
252 113 12 5
241 189 12 9
243 84 12 4
272 10 13 0
269 208 13 10
273 169 13 8
272 259 13 12
292 139 14 6
296 213 14 10
280 57 14 2
281 19 14 0
318 146 15 7
305 92 15 4
313 241 15 12
308 112 15 5
0 259 0 12
11 178 0 8
5 223 0 11
11 218 0 10
27 293 1 14
35 190 1 9
29 161 1 8
26 266 1 13
55 240 2 12
46 200 2 10
51 181 2 9
52 269 2 13
75 288 3 14
76 316 3 15
71 229 3 11
77 185 3 9
