swNum = 320
edgeNum = 1342

0 0
1 0
2 0
3 0
4 0
5 0
6 0
7 0
8 0
9 0
10 0
11 0
12 0
13 0
14 0
15 0
16 0
17 0
18 0
19 0
20 1
21 1
22 1
23 1
24 1
25 1
26 1
27 1
28 1
29 1
30 1
31 1
32 1
33 1
34 1
35 1
36 1
37 1
38 1
39 1
40 2
41 2
42 2
43 2
44 2
45 2
46 2
47 2
48 2
49 2
50 2
51 2
52 2
53 2
54 2
55 2
56 2
57 2
58 2
59 2
60 3
61 3
62 3
63 3
64 3
65 3
66 3
67 3
68 3
69 3
70 3
71 3
72 3
73 3
74 3
75 3
76 3
77 3
78 3
79 3
80 4
81 4
82 4
83 4
84 4
85 4
86 4
87 4
88 4
89 4
90 4
91 4
92 4
93 4
94 4
95 4
96 4
97 4
98 4
99 4
100 5
101 5
102 5
103 5
104 5
105 5
106 5
107 5
108 5
109 5
110 5
111 5
112 5
113 5
114 5
115 5
116 5
117 5
118 5
119 5
120 6
121 6
122 6
123 6
124 6
125 6
126 6
127 6
128 6
129 6
130 6
131 6
132 6
133 6
134 6
135 6
136 6
137 6
138 6
139 6
140 7
141 7
142 7
143 7
144 7
145 7
146 7
147 7
148 7
149 7
150 7
151 7
152 7
153 7
154 7
155 7
156 7
157 7
158 7
159 7
160 8
161 8
162 8
163 8
164 8
165 8
166 8
167 8
168 8
169 8
170 8
171 8
172 8
173 8
174 8
175 8
176 8
177 8
178 8
179 8
180 9
181 9
182 9
183 9
184 9
185 9
186 9
187 9
188 9
189 9
190 9
191 9
192 9
193 9
194 9
195 9
196 9
197 9
198 9
199 9
200 10
201 10
202 10
203 10
204 10
205 10
206 10
207 10
208 10
209 10
210 10
211 10
212 10
213 10
214 10
215 10
216 10
217 10
218 10
219 10
220 11
221 11
222 11
223 11
224 11
225 11
226 11
227 11
228 11
229 11
230 11
231 11
232 11
233 11
234 11
235 11
236 11
237 11
238 11
239 11
240 12
241 12
242 12
243 12
244 12
245 12
246 12
247 12
248 12
249 12
250 12
251 12
252 12
253 12
254 12
255 12
256 12
257 12
258 12
259 12
260 13
261 13
262 13
263 13
264 13
265 13
266 13
267 13
268 13
269 13
270 13
271 13
272 13
273 13
274 13
275 13
276 13
277 13
278 13
279 13
280 14
281 14
282 14
283 14
284 14
285 14
286 14
287 14
288 14
289 14
290 14
291 14
292 14
293 14
294 14
295 14
296 14
297 14
298 14
299 14
300 15
301 15
302 15
303 15
304 15
305 15
306 15
307 15
308 15
309 15
310 15
311 15
312 15
313 15
314 15
315 15
316 15
317 15
318 15
319 15

4 1 0 0
4 0 0 0
4 2 0 0
4 3 0 0
5 1 0 0
5 2 0 0
5 0 0 0
5 3 0 0
6 3 0 0
6 1 0 0
6 4 0 0
6 5 0 0
7 0 0 0
7 2 0 0
7 5 0 0
7 4 0 0
8 2 0 0
8 0 0 0
8 4 0 0
8 5 0 0
9 1 0 0
9 0 0 0
9 5 0 0
9 4 0 0
10 9 0 0
10 3 0 0
10 6 0 0
10 7 0 0
11 7 0 0
11 5 0 0
11 8 0 0
11 9 0 0
12 2 0 0
12 3 0 0
12 5 0 0
12 7 0 0
13 12 0 0
13 6 0 0
13 7 0 0
13 0 0 0
14 5 0 0
14 7 0 0
14 2 0 0
14 12 0 0
15 3 0 0
15 1 0 0
15 2 0 0
15 0 0 0
16 3 0 0
16 13 0 0
16 14 0 0
16 0 0 0
17 5 0 0
17 3 0 0
17 12 0 0
17 2 0 0
18 3 0 0
18 17 0 0
18 2 0 0
18 8 0 0
19 4 0 0
19 0 0 0
19 3 0 0
19 16 0 0
0 11 0 0
0 14 0 0
0 12 0 0
0 17 0 0
1 17 0 0
1 18 0 0
1 13 0 0
1 14 0 0
2 16 0 0
2 19 0 0
2 11 0 0
2 13 0 0
3 13 0 0
3 14 0 0
3 8 0 0
3 9 0 0
24 23 1 1
24 22 1 1
24 21 1 1
24 20 1 1
25 23 1 1
25 21 1 1
25 22 1 1
25 20 1 1
26 22 1 1
26 24 1 1
26 20 1 1
26 21 1 1
27 25 1 1
27 21 1 1
27 24 1 1
27 20 1 1
28 25 1 1
28 27 1 1
28 24 1 1
28 21 1 1
29 27 1 1
29 22 1 1
29 25 1 1
29 21 1 1
30 28 1 1
30 24 1 1
30 22 1 1
30 29 1 1
31 27 1 1
31 22 1 1
31 25 1 1
31 24 1 1
32 27 1 1
32 30 1 1
32 24 1 1
32 26 1 1
33 27 1 1
33 25 1 1
33 22 1 1
33 21 1 1
34 25 1 1
34 23 1 1
34 33 1 1
34 22 1 1
35 32 1 1
35 29 1 1
35 24 1 1
35 26 1 1
36 21 1 1
36 24 1 1
36 30 1 1
36 29 1 1
37 22 1 1
37 34 1 1
37 25 1 1
37 29 1 1
38 31 1 1
38 34 1 1
38 23 1 1
38 21 1 1
39 29 1 1
39 26 1 1
39 38 1 1
39 36 1 1
20 36 1 1
20 35 1 1
20 39 1 1
20 38 1 1
21 39 1 1
21 31 1 1
21 37 1 1
21 30 1 1
22 28 1 1
22 36 1 1
22 32 1 1
22 38 1 1
23 31 1 1
23 27 1 1
23 28 1 1
23 33 1 1
44 41 2 2
44 43 2 2
44 42 2 2
44 40 2 2
45 43 2 2
45 44 2 2
45 41 2 2
45 42 2 2
46 42 2 2
46 44 2 2
46 43 2 2
46 45 2 2
47 45 2 2
47 41 2 2
47 46 2 2
47 40 2 2
48 43 2 2
48 40 2 2
48 42 2 2
48 46 2 2
49 48 2 2
49 44 2 2
49 47 2 2
49 46 2 2
50 46 2 2
50 40 2 2
50 44 2 2
50 45 2 2
51 43 2 2
51 49 2 2
51 47 2 2
51 42 2 2
52 44 2 2
52 48 2 2
52 47 2 2
52 51 2 2
53 51 2 2
53 42 2 2
53 43 2 2
53 46 2 2
54 51 2 2
54 42 2 2
54 48 2 2
54 44 2 2
55 50 2 2
55 41 2 2
55 43 2 2
55 44 2 2
56 44 2 2
56 47 2 2
56 52 2 2
56 42 2 2
57 48 2 2
57 46 2 2
57 56 2 2
57 53 2 2
58 45 2 2
58 41 2 2
58 48 2 2
58 49 2 2
59 54 2 2
59 51 2 2
59 58 2 2
59 47 2 2
40 58 2 2
40 59 2 2
40 49 2 2
40 53 2 2
41 46 2 2
41 48 2 2
41 57 2 2
41 50 2 2
42 52 2 2
42 49 2 2
42 47 2 2
42 58 2 2
43 58 2 2
43 47 2 2
43 52 2 2
43 54 2 2
64 61 3 3
64 60 3 3
64 62 3 3
64 63 3 3
65 60 3 3
65 63 3 3
65 61 3 3
65 62 3 3
66 61 3 3
66 64 3 3
66 60 3 3
66 65 3 3
67 65 3 3
67 61 3 3
67 64 3 3
67 62 3 3
68 62 3 3
68 67 3 3
68 61 3 3
68 64 3 3
69 62 3 3
69 67 3 3
69 68 3 3
69 61 3 3
70 63 3 3
70 69 3 3
70 66 3 3
70 68 3 3
71 60 3 3
71 61 3 3
71 65 3 3
71 66 3 3
72 60 3 3
72 64 3 3
72 71 3 3
72 63 3 3
73 69 3 3
73 66 3 3
73 63 3 3
73 61 3 3
74 70 3 3
74 60 3 3
74 66 3 3
74 67 3 3
75 71 3 3
75 72 3 3
75 60 3 3
75 68 3 3
76 71 3 3
76 65 3 3
76 72 3 3
76 66 3 3
77 75 3 3
77 69 3 3
77 70 3 3
77 65 3 3
78 68 3 3
78 74 3 3
78 62 3 3
78 77 3 3
79 77 3 3
79 74 3 3
79 62 3 3
79 61 3 3
60 76 3 3
60 70 3 3
60 77 3 3
60 79 3 3
61 74 3 3
61 75 3 3
61 76 3 3
61 70 3 3
62 73 3 3
62 66 3 3
62 75 3 3
62 76 3 3
63 71 3 3
63 77 3 3
63 76 3 3
63 74 3 3
84 81 4 4
84 83 4 4
84 80 4 4
84 82 4 4
85 80 4 4
85 84 4 4
85 83 4 4
85 81 4 4
86 82 4 4
86 85 4 4
86 80 4 4
86 83 4 4
87 85 4 4
87 84 4 4
87 82 4 4
87 80 4 4
88 86 4 4
88 82 4 4
88 87 4 4
88 84 4 4
89 80 4 4
89 87 4 4
89 88 4 4
89 84 4 4
90 87 4 4
90 80 4 4
90 84 4 4
90 88 4 4
91 81 4 4
91 84 4 4
91 85 4 4
91 86 4 4
92 85 4 4
92 90 4 4
92 87 4 4
92 80 4 4
93 88 4 4
93 85 4 4
93 80 4 4
93 86 4 4
94 88 4 4
94 80 4 4
94 82 4 4
94 87 4 4
95 90 4 4
95 91 4 4
95 92 4 4
95 93 4 4
96 85 4 4
96 93 4 4
96 89 4 4
96 88 4 4
97 96 4 4
97 86 4 4
97 92 4 4
97 90 4 4
98 85 4 4
98 86 4 4
98 90 4 4
98 94 4 4
99 83 4 4
99 93 4 4
99 96 4 4
99 97 4 4
80 91 4 4
80 99 4 4
80 97 4 4
80 88 4 4
81 93 4 4
81 95 4 4
81 98 4 4
81 92 4 4
82 93 4 4
82 97 4 4
82 96 4 4
82 98 4 4
83 93 4 4
83 98 4 4
83 97 4 4
83 96 4 4
104 103 5 5
104 102 5 5
104 101 5 5
104 100 5 5
105 102 5 5
105 104 5 5
105 103 5 5
105 101 5 5
106 104 5 5
106 105 5 5
106 100 5 5
106 101 5 5
107 105 5 5
107 106 5 5
107 103 5 5
107 104 5 5
108 102 5 5
108 106 5 5
108 103 5 5
108 101 5 5
109 105 5 5
109 108 5 5
109 104 5 5
109 107 5 5
110 105 5 5
110 104 5 5
110 100 5 5
110 108 5 5
111 110 5 5
111 107 5 5
111 105 5 5
111 109 5 5
112 108 5 5
112 109 5 5
112 111 5 5
112 110 5 5
113 107 5 5
113 106 5 5
113 101 5 5
113 105 5 5
114 112 5 5
114 105 5 5
114 107 5 5
114 106 5 5
115 101 5 5
115 109 5 5
115 110 5 5
115 102 5 5
116 113 5 5
116 111 5 5
116 108 5 5
116 110 5 5
117 104 5 5
117 100 5 5
117 101 5 5
117 113 5 5
118 100 5 5
118 110 5 5
118 103 5 5
118 102 5 5
119 107 5 5
119 108 5 5
119 102 5 5
119 113 5 5
100 105 5 5
100 107 5 5
100 111 5 5
100 114 5 5
101 114 5 5
101 116 5 5
101 111 5 5
101 110 5 5
102 109 5 5
102 112 5 5
102 114 5 5
102 107 5 5
103 117 5 5
103 110 5 5
103 109 5 5
103 112 5 5
124 120 6 6
124 122 6 6
124 121 6 6
124 123 6 6
125 122 6 6
125 124 6 6
125 120 6 6
125 121 6 6
126 122 6 6
126 121 6 6
126 123 6 6
126 125 6 6
127 126 6 6
127 122 6 6
127 125 6 6
127 120 6 6
128 126 6 6
128 124 6 6
128 120 6 6
128 125 6 6
129 123 6 6
129 124 6 6
129 127 6 6
129 120 6 6
130 125 6 6
130 120 6 6
130 127 6 6
130 128 6 6
131 122 6 6
131 121 6 6
131 125 6 6
131 126 6 6
132 128 6 6
132 126 6 6
132 125 6 6
132 122 6 6
133 124 6 6
133 131 6 6
133 127 6 6
133 132 6 6
134 131 6 6
134 121 6 6
134 123 6 6
134 128 6 6
135 131 6 6
135 128 6 6
135 121 6 6
135 129 6 6
136 127 6 6
136 129 6 6
136 125 6 6
136 134 6 6
137 133 6 6
137 122 6 6
137 124 6 6
137 129 6 6
138 132 6 6
138 130 6 6
138 129 6 6
138 120 6 6
139 127 6 6
139 123 6 6
139 124 6 6
139 132 6 6
120 136 6 6
120 134 6 6
120 133 6 6
120 132 6 6
121 137 6 6
121 132 6 6
121 133 6 6
121 127 6 6
122 130 6 6
122 133 6 6
122 134 6 6
122 139 6 6
123 130 6 6
123 135 6 6
123 137 6 6
123 136 6 6
144 143 7 7
144 140 7 7
144 141 7 7
144 142 7 7
145 141 7 7
145 140 7 7
145 144 7 7
145 143 7 7
146 140 7 7
146 143 7 7
146 141 7 7
146 145 7 7
147 141 7 7
147 143 7 7
147 145 7 7
147 140 7 7
148 146 7 7
148 144 7 7
148 141 7 7
148 145 7 7
149 147 7 7
149 142 7 7
149 145 7 7
149 148 7 7
150 149 7 7
150 141 7 7
150 140 7 7
150 147 7 7
151 149 7 7
151 140 7 7
151 150 7 7
151 146 7 7
152 149 7 7
152 151 7 7
152 146 7 7
152 144 7 7
153 142 7 7
153 144 7 7
153 150 7 7
153 149 7 7
154 143 7 7
154 146 7 7
154 153 7 7
154 141 7 7
155 145 7 7
155 141 7 7
155 143 7 7
155 152 7 7
156 144 7 7
156 149 7 7
156 153 7 7
156 141 7 7
157 140 7 7
157 155 7 7
157 143 7 7
157 142 7 7
158 151 7 7
158 146 7 7
158 140 7 7
158 152 7 7
159 151 7 7
159 149 7 7
159 155 7 7
159 154 7 7
140 155 7 7
140 159 7 7
140 153 7 7
140 148 7 7
141 157 7 7
141 158 7 7
141 153 7 7
141 152 7 7
142 152 7 7
142 158 7 7
142 159 7 7
142 146 7 7
143 148 7 7
143 153 7 7
143 151 7 7
143 149 7 7
164 160 8 8
164 163 8 8
164 161 8 8
164 162 8 8
165 161 8 8
165 163 8 8
165 160 8 8
165 162 8 8
166 164 8 8
166 162 8 8
166 160 8 8
166 163 8 8
167 162 8 8
167 166 8 8
167 160 8 8
167 161 8 8
168 160 8 8
168 166 8 8
168 167 8 8
168 163 8 8
169 166 8 8
169 168 8 8
169 164 8 8
169 167 8 8
170 165 8 8
170 163 8 8
170 164 8 8
170 161 8 8
171 161 8 8
171 170 8 8
171 164 8 8
171 167 8 8
172 166 8 8
172 165 8 8
172 164 8 8
172 162 8 8
173 168 8 8
173 169 8 8
173 165 8 8
173 160 8 8
174 169 8 8
174 167 8 8
174 166 8 8
174 168 8 8
175 167 8 8
175 168 8 8
175 174 8 8
175 169 8 8
176 171 8 8
176 172 8 8
176 164 8 8
176 163 8 8
177 168 8 8
177 174 8 8
177 164 8 8
177 167 8 8
178 174 8 8
178 173 8 8
178 161 8 8
178 175 8 8
179 168 8 8
179 160 8 8
179 177 8 8
179 176 8 8
160 170 8 8
160 175 8 8
160 169 8 8
160 178 8 8
161 176 8 8
161 174 8 8
161 169 8 8
161 168 8 8
162 168 8 8
162 173 8 8
162 177 8 8
162 178 8 8
163 173 8 8
163 171 8 8
163 172 8 8
163 174 8 8
184 181 9 9
184 180 9 9
184 182 9 9
184 183 9 9
185 184 9 9
185 180 9 9
185 183 9 9
185 181 9 9
186 180 9 9
186 185 9 9
186 184 9 9
186 181 9 9
187 186 9 9
187 181 9 9
187 184 9 9
187 183 9 9
188 187 9 9
188 181 9 9
188 186 9 9
188 180 9 9
189 184 9 9
189 187 9 9
189 185 9 9
189 188 9 9
190 183 9 9
190 185 9 9
190 186 9 9
190 187 9 9
191 182 9 9
191 187 9 9
191 184 9 9
191 183 9 9
192 189 9 9
192 185 9 9
192 180 9 9
192 184 9 9
193 189 9 9
193 185 9 9
193 192 9 9
193 180 9 9
194 191 9 9
194 181 9 9
194 183 9 9
194 180 9 9
195 189 9 9
195 186 9 9
195 185 9 9
195 181 9 9
196 182 9 9
196 180 9 9
196 195 9 9
196 189 9 9
197 196 9 9
197 184 9 9
197 183 9 9
197 193 9 9
198 180 9 9
198 195 9 9
198 189 9 9
198 194 9 9
199 187 9 9
199 197 9 9
199 180 9 9
199 192 9 9
180 187 9 9
180 195 9 9
180 189 9 9
180 197 9 9
181 197 9 9
181 192 9 9
181 199 9 9
181 193 9 9
182 190 9 9
182 199 9 9
182 192 9 9
182 188 9 9
183 186 9 9
183 195 9 9
183 192 9 9
183 193 9 9
204 201 10 10
204 202 10 10
204 200 10 10
204 203 10 10
205 204 10 10
205 200 10 10
205 201 10 10
205 202 10 10
206 204 10 10
206 201 10 10
206 200 10 10
206 205 10 10
207 204 10 10
207 202 10 10
207 206 10 10
207 201 10 10
208 203 10 10
208 200 10 10
208 205 10 10
208 201 10 10
209 206 10 10
209 203 10 10
209 204 10 10
209 200 10 10
210 204 10 10
210 200 10 10
210 208 10 10
210 202 10 10
211 207 10 10
211 201 10 10
211 200 10 10
211 209 10 10
212 204 10 10
212 209 10 10
212 210 10 10
212 206 10 10
213 210 10 10
213 206 10 10
213 205 10 10
213 202 10 10
214 200 10 10
214 201 10 10
214 202 10 10
214 208 10 10
215 205 10 10
215 210 10 10
215 204 10 10
215 206 10 10
216 214 10 10
216 200 10 10
216 209 10 10
216 210 10 10
217 208 10 10
217 207 10 10
217 211 10 10
217 204 10 10
218 207 10 10
218 204 10 10
218 216 10 10
218 201 10 10
219 217 10 10
219 200 10 10
219 207 10 10
219 203 10 10
200 213 10 10
200 218 10 10
200 215 10 10
200 217 10 10
201 217 10 10
201 209 10 10
201 213 10 10
201 216 10 10
202 212 10 10
202 218 10 10
202 211 10 10
202 216 10 10
203 205 10 10
203 218 10 10
203 216 10 10
203 213 10 10
224 222 11 11
224 220 11 11
224 221 11 11
224 223 11 11
225 221 11 11
225 220 11 11
225 222 11 11
225 223 11 11
226 220 11 11
226 225 11 11
226 223 11 11
226 221 11 11
227 221 11 11
227 220 11 11
227 224 11 11
227 225 11 11
228 227 11 11
228 221 11 11
228 225 11 11
228 220 11 11
229 225 11 11
229 220 11 11
229 221 11 11
229 227 11 11
230 228 11 11
230 221 11 11
230 226 11 11
230 223 11 11
231 229 11 11
231 230 11 11
231 226 11 11
231 225 11 11
232 223 11 11
232 226 11 11
232 221 11 11
232 230 11 11
233 232 11 11
233 229 11 11
233 226 11 11
233 221 11 11
234 227 11 11
234 222 11 11
234 221 11 11
234 228 11 11
235 228 11 11
235 234 11 11
235 221 11 11
235 222 11 11
236 227 11 11
236 228 11 11
236 235 11 11
236 222 11 11
237 221 11 11
237 222 11 11
237 234 11 11
237 236 11 11
238 221 11 11
238 220 11 11
238 223 11 11
238 226 11 11
239 225 11 11
239 234 11 11
239 227 11 11
239 232 11 11
220 234 11 11
220 230 11 11
220 232 11 11
220 233 11 11
221 236 11 11
221 239 11 11
221 231 11 11
222 231 11 11
222 239 11 11
222 232 11 11
222 226 11 11
223 229 11 11
223 239 11 11
223 235 11 11
223 228 11 11
244 242 12 12
244 240 12 12
244 241 12 12
244 243 12 12
245 240 12 12
245 242 12 12
245 243 12 12
245 244 12 12
246 240 12 12
246 244 12 12
246 245 12 12
246 243 12 12
247 245 12 12
247 240 12 12
247 241 12 12
247 242 12 12
248 245 12 12
248 243 12 12
248 240 12 12
248 247 12 12
249 247 12 12
249 243 12 12
249 248 12 12
249 244 12 12
250 247 12 12
250 246 12 12
250 244 12 12
250 249 12 12
251 249 12 12
251 244 12 12
251 246 12 12
251 240 12 12
252 251 12 12
252 246 12 12
252 244 12 12
252 245 12 12
253 251 12 12
253 252 12 12
253 244 12 12
253 240 12 12
254 249 12 12
254 253 12 12
254 251 12 12
254 242 12 12
255 246 12 12
255 250 12 12
255 248 12 12
255 253 12 12
256 255 12 12
256 245 12 12
256 253 12 12
256 240 12 12
257 244 12 12
257 247 12 12
257 256 12 12
257 248 12 12
258 256 12 12
258 251 12 12
258 246 12 12
258 249 12 12
259 247 12 12
259 246 12 12
259 257 12 12
259 249 12 12
240 249 12 12
240 252 12 12
240 258 12 12
240 259 12 12
241 246 12 12
241 259 12 12
241 255 12 12
241 256 12 12
242 259 12 12
242 257 12 12
242 248 12 12
242 256 12 12
243 255 12 12
243 259 12 12
243 257 12 12
243 258 12 12
264 260 13 13
264 263 13 13
264 262 13 13
264 261 13 13
265 262 13 13
265 264 13 13
265 263 13 13
265 261 13 13
266 262 13 13
266 265 13 13
266 261 13 13
266 264 13 13
267 262 13 13
267 265 13 13
267 261 13 13
267 266 13 13
268 267 13 13
268 264 13 13
268 265 13 13
268 263 13 13
269 268 13 13
269 262 13 13
269 260 13 13
269 265 13 13
270 268 13 13
270 264 13 13
270 260 13 13
270 269 13 13
271 266 13 13
271 261 13 13
271 267 13 13
271 262 13 13
272 268 13 13
272 267 13 13
272 264 13 13
272 270 13 13
273 272 13 13
273 261 13 13
273 266 13 13
273 271 13 13
274 267 13 13
274 263 13 13
274 272 13 13
274 265 13 13
275 265 13 13
275 270 13 13
275 274 13 13
275 262 13 13
276 273 13 13
276 268 13 13
276 269 13 13
276 275 13 13
277 273 13 13
277 275 13 13
277 276 13 13
277 269 13 13
278 269 13 13
278 276 13 13
278 264 13 13
278 273 13 13
279 273 13 13
279 271 13 13
279 269 13 13
279 276 13 13
260 268 13 13
260 277 13 13
260 272 13 13
260 276 13 13
261 278 13 13
261 276 13 13
261 268 13 13
261 279 13 13
262 277 13 13
262 276 13 13
262 270 13 13
262 272 13 13
263 279 13 13
263 278 13 13
263 272 13 13
263 276 13 13
284 283 14 14
284 280 14 14
284 282 14 14
284 281 14 14
285 283 14 14
285 280 14 14
285 281 14 14
285 284 14 14
286 285 14 14
286 283 14 14
286 282 14 14
286 284 14 14
287 284 14 14
287 282 14 14
287 286 14 14
287 283 14 14
288 281 14 14
288 286 14 14
288 285 14 14
288 283 14 14
289 282 14 14
289 286 14 14
289 288 14 14
289 280 14 14
290 287 14 14
290 282 14 14
290 281 14 14
290 280 14 14
291 282 14 14
291 290 14 14
291 284 14 14
291 289 14 14
292 287 14 14
292 280 14 14
292 282 14 14
292 281 14 14
293 292 14 14
293 282 14 14
293 290 14 14
293 288 14 14
294 288 14 14
294 284 14 14
294 281 14 14
294 280 14 14
295 283 14 14
295 293 14 14
295 292 14 14
295 287 14 14
296 294 14 14
296 280 14 14
296 284 14 14
296 292 14 14
297 296 14 14
297 290 14 14
297 294 14 14
297 281 14 14
298 290 14 14
298 280 14 14
298 297 14 14
298 292 14 14
299 298 14 14
299 280 14 14
299 290 14 14
299 296 14 14
280 287 14 14
280 291 14 14
280 288 14 14
280 293 14 14
281 289 14 14
281 293 14 14
281 296 14 14
281 299 14 14
282 288 14 14
282 296 14 14
282 294 14 14
282 297 14 14
283 292 14 14
283 289 14 14
283 294 14 14
283 293 14 14
304 301 15 15
304 303 15 15
304 302 15 15
304 300 15 15
305 300 15 15
305 303 15 15
305 302 15 15
305 304 15 15
306 305 15 15
306 300 15 15
306 301 15 15
306 303 15 15
307 303 15 15
307 305 15 15
307 302 15 15
307 304 15 15
308 306 15 15
308 307 15 15
308 302 15 15
308 305 15 15
309 304 15 15
309 305 15 15
309 307 15 15
309 302 15 15
310 301 15 15
310 306 15 15
310 302 15 15
310 307 15 15
311 306 15 15
311 304 15 15
311 303 15 15
311 308 15 15
312 310 15 15
312 305 15 15
312 303 15 15
312 309 15 15
313 300 15 15
313 307 15 15
313 310 15 15
313 305 15 15
314 313 15 15
314 302 15 15
314 310 15 15
314 300 15 15
315 313 15 15
315 305 15 15
315 306 15 15
315 312 15 15
316 308 15 15
316 309 15 15
316 300 15 15
316 305 15 15
317 305 15 15
317 308 15 15
317 300 15 15
317 311 15 15
318 304 15 15
318 307 15 15
318 311 15 15
318 305 15 15
319 318 15 15
319 314 15 15
319 304 15 15
319 308 15 15
300 307 15 15
300 309 15 15
300 312 15 15
300 311 15 15
301 313 15 15
301 314 15 15
301 315 15 15
301 319 15 15
302 313 15 15
302 318 15 15
302 316 15 15
302 311 15 15
303 309 15 15
303 308 15 15
303 314 15 15
303 319 15 15
89 45 4 2
89 62 4 3
95 9 4 0
90 24 4 1
103 19 5 0
101 98 5 4
111 51 5 2
101 62 5 3
130 86 6 4
126 28 6 1
121 49 6 2
137 73 6 3
144 13 7 0
143 83 7 4
151 135 7 6
148 41 7 2
179 63 8 3
162 41 8 2
165 106 8 5
177 156 8 7
190 67 9 3
197 105 9 5
188 20 9 1
182 83 9 4
213 178 10 8
204 188 10 9
218 40 10 2
203 158 10 7
223 46 11 2
234 114 11 5
237 92 11 4
229 145 11 7
253 147 12 7
241 5 12 0
240 27 12 1
249 52 12 2
265 132 13 6
276 111 13 5
274 81 13 4
264 40 13 2
295 230 14 11
284 120 14 6
293 37 14 1
283 119 14 5
304 144 15 7
301 107 15 5
319 232 15 11
303 258 15 12
13 219 0 10
4 301 0 15
11 260 0 13
4 230 0 11
27 215 1 10
31 267 1 13
20 238 1 11
32 169 1 8
59 283 2 14
48 189 2 9
58 313 2 15
75 300 3 15
76 227 3 11
76 203 3 10
65 268 3 13
