swNum = 320
edgeNum = 1344

0 0
1 0
2 0
3 0
4 0
5 0
6 0
7 0
8 0
9 0
10 0
11 0
12 0
13 0
14 0
15 0
16 0
17 0
18 0
19 0
20 1
21 1
22 1
23 1
24 1
25 1
26 1
27 1
28 1
29 1
30 1
31 1
32 1
33 1
34 1
35 1
36 1
37 1
38 1
39 1
40 2
41 2
42 2
43 2
44 2
45 2
46 2
47 2
48 2
49 2
50 2
51 2
52 2
53 2
54 2
55 2
56 2
57 2
58 2
59 2
60 3
61 3
62 3
63 3
64 3
65 3
66 3
67 3
68 3
69 3
70 3
71 3
72 3
73 3
74 3
75 3
76 3
77 3
78 3
79 3
80 4
81 4
82 4
83 4
84 4
85 4
86 4
87 4
88 4
89 4
90 4
91 4
92 4
93 4
94 4
95 4
96 4
97 4
98 4
99 4
100 5
101 5
102 5
103 5
104 5
105 5
106 5
107 5
108 5
109 5
110 5
111 5
112 5
113 5
114 5
115 5
116 5
117 5
118 5
119 5
120 6
121 6
122 6
123 6
124 6
125 6
126 6
127 6
128 6
129 6
130 6
131 6
132 6
133 6
134 6
135 6
136 6
137 6
138 6
139 6
140 7
141 7
142 7
143 7
144 7
145 7
146 7
147 7
148 7
149 7
150 7
151 7
152 7
153 7
154 7
155 7
156 7
157 7
158 7
159 7
160 8
161 8
162 8
163 8
164 8
165 8
166 8
167 8
168 8
169 8
170 8
171 8
172 8
173 8
174 8
175 8
176 8
177 8
178 8
179 8
180 9
181 9
182 9
183 9
184 9
185 9
186 9
187 9
188 9
189 9
190 9
191 9
192 9
193 9
194 9
195 9
196 9
197 9
198 9
199 9
200 10
201 10
202 10
203 10
204 10
205 10
206 10
207 10
208 10
209 10
210 10
211 10
212 10
213 10
214 10
215 10
216 10
217 10
218 10
219 10
220 11
221 11
222 11
223 11
224 11
225 11
226 11
227 11
228 11
229 11
230 11
231 11
232 11
233 11
234 11
235 11
236 11
237 11
238 11
239 11
240 12
241 12
242 12
243 12
244 12
245 12
246 12
247 12
248 12
249 12
250 12
251 12
252 12
253 12
254 12
255 12
256 12
257 12
258 12
259 12
260 13
261 13
262 13
263 13
264 13
265 13
266 13
267 13
268 13
269 13
270 13
271 13
272 13
273 13
274 13
275 13
276 13
277 13
278 13
279 13
280 14
281 14
282 14
283 14
284 14
285 14
286 14
287 14
288 14
289 14
290 14
291 14
292 14
293 14
294 14
295 14
296 14
297 14
298 14
299 14
300 15
301 15
302 15
303 15
304 15
305 15
306 15
307 15
308 15
309 15
310 15
311 15
312 15
313 15
314 15
315 15
316 15
317 15
318 15
319 15

4 0 0 0
4 1 0 0
4 3 0 0
4 2 0 0
5 2 0 0
5 3 0 0
5 1 0 0
5 4 0 0
6 5 0 0
6 2 0 0
6 0 0 0
6 4 0 0
7 3 0 0
7 6 0 0
7 1 0 0
7 4 0 0
8 5 0 0
8 2 0 0
8 0 0 0
8 6 0 0
9 0 0 0
9 7 0 0
9 8 0 0
9 2 0 0
10 0 0 0
10 9 0 0
10 2 0 0
10 4 0 0
11 6 0 0
11 9 0 0
11 8 0 0
11 10 0 0
12 5 0 0
12 8 0 0
12 0 0 0
12 11 0 0
13 11 0 0
13 4 0 0
13 9 0 0
13 10 0 0
14 4 0 0
14 3 0 0
14 11 0 0
14 13 0 0
15 10 0 0
15 0 0 0
15 11 0 0
15 8 0 0
16 13 0 0
16 10 0 0
16 1 0 0
16 9 0 0
17 5 0 0
17 2 0 0
17 7 0 0
17 3 0 0
18 1 0 0
18 8 0 0
18 7 0 0
18 16 0 0
19 17 0 0
19 14 0 0
19 15 0 0
19 7 0 0
0 7 0 0
0 18 0 0
0 19 0 0
0 17 0 0
1 10 0 0
1 9 0 0
1 12 0 0
1 17 0 0
2 16 0 0
2 11 0 0
2 14 0 0
2 15 0 0
3 18 0 0
3 13 0 0
3 9 0 0
3 15 0 0
24 22 1 1
24 23 1 1
24 20 1 1
24 21 1 1
25 24 1 1
25 22 1 1
25 20 1 1
25 23 1 1
26 23 1 1
26 25 1 1
26 24 1 1
26 20 1 1
27 26 1 1
27 20 1 1
27 23 1 1
27 24 1 1
28 20 1 1
28 22 1 1
28 23 1 1
28 26 1 1
29 22 1 1
29 25 1 1
29 28 1 1
29 26 1 1
30 25 1 1
30 23 1 1
30 28 1 1
30 21 1 1
31 29 1 1
31 28 1 1
31 20 1 1
31 27 1 1
32 29 1 1
32 30 1 1
32 31 1 1
32 26 1 1
33 28 1 1
33 31 1 1
33 23 1 1
33 20 1 1
34 32 1 1
34 28 1 1
34 25 1 1
34 31 1 1
35 30 1 1
35 33 1 1
35 34 1 1
35 26 1 1
36 33 1 1
36 20 1 1
36 24 1 1
36 23 1 1
37 22 1 1
37 25 1 1
37 23 1 1
37 28 1 1
38 30 1 1
38 34 1 1
38 26 1 1
38 33 1 1
39 31 1 1
39 36 1 1
39 20 1 1
39 29 1 1
20 37 1 1
20 32 1 1
20 30 1 1
20 35 1 1
21 36 1 1
21 38 1 1
21 37 1 1
21 33 1 1
22 36 1 1
22 30 1 1
22 33 1 1
22 35 1 1
23 35 1 1
23 32 1 1
23 34 1 1
23 29 1 1
44 40 2 2
44 41 2 2
44 42 2 2
44 43 2 2
45 40 2 2
45 41 2 2
45 44 2 2
45 43 2 2
46 43 2 2
46 40 2 2
46 45 2 2
46 42 2 2
47 41 2 2
47 45 2 2
47 44 2 2
47 42 2 2
48 43 2 2
48 44 2 2
48 41 2 2
48 46 2 2
49 46 2 2
49 44 2 2
49 48 2 2
49 42 2 2
50 46 2 2
50 44 2 2
50 48 2 2
50 40 2 2
51 40 2 2
51 50 2 2
51 43 2 2
51 49 2 2
52 43 2 2
52 51 2 2
52 41 2 2
52 45 2 2
53 47 2 2
53 41 2 2
53 45 2 2
53 51 2 2
54 44 2 2
54 40 2 2
54 52 2 2
54 50 2 2
55 49 2 2
55 43 2 2
55 41 2 2
55 42 2 2
56 51 2 2
56 41 2 2
56 44 2 2
56 40 2 2
57 44 2 2
57 53 2 2
57 40 2 2
57 46 2 2
58 44 2 2
58 47 2 2
58 55 2 2
58 52 2 2
59 51 2 2
59 58 2 2
59 48 2 2
59 55 2 2
40 48 2 2
40 53 2 2
40 52 2 2
40 58 2 2
41 46 2 2
41 57 2 2
41 58 2 2
41 51 2 2
42 50 2 2
42 59 2 2
42 54 2 2
42 45 2 2
43 58 2 2
43 54 2 2
43 59 2 2
43 57 2 2
64 61 3 3
64 60 3 3
64 63 3 3
64 62 3 3
65 64 3 3
65 63 3 3
65 62 3 3
65 61 3 3
66 60 3 3
66 62 3 3
66 61 3 3
66 63 3 3
67 66 3 3
67 63 3 3
67 62 3 3
67 61 3 3
68 61 3 3
68 64 3 3
68 67 3 3
68 60 3 3
69 64 3 3
69 61 3 3
69 63 3 3
69 62 3 3
70 67 3 3
70 61 3 3
70 69 3 3
70 68 3 3
71 68 3 3
71 61 3 3
71 60 3 3
71 66 3 3
72 70 3 3
72 66 3 3
72 60 3 3
72 68 3 3
73 63 3 3
73 71 3 3
73 64 3 3
73 68 3 3
74 63 3 3
74 69 3 3
74 62 3 3
74 72 3 3
75 67 3 3
75 66 3 3
75 71 3 3
75 72 3 3
76 69 3 3
76 67 3 3
76 73 3 3
76 74 3 3
77 75 3 3
77 68 3 3
77 76 3 3
77 60 3 3
78 75 3 3
78 63 3 3
78 64 3 3
78 60 3 3
79 70 3 3
79 66 3 3
79 72 3 3
79 62 3 3
60 67 3 3
60 75 3 3
60 79 3 3
60 69 3 3
61 75 3 3
61 78 3 3
61 79 3 3
61 74 3 3
62 78 3 3
62 75 3 3
62 71 3 3
62 76 3 3
63 71 3 3
63 76 3 3
63 72 3 3
63 68 3 3
84 83 4 4
84 80 4 4
84 81 4 4
84 82 4 4
85 82 4 4
85 81 4 4
85 80 4 4
85 83 4 4
86 82 4 4
86 80 4 4
86 84 4 4
86 83 4 4
87 83 4 4
87 86 4 4
87 82 4 4
87 84 4 4
88 83 4 4
88 87 4 4
88 86 4 4
88 82 4 4
89 83 4 4
89 81 4 4
89 85 4 4
89 80 4 4
90 87 4 4
90 85 4 4
90 86 4 4
90 82 4 4
91 89 4 4
91 85 4 4
91 86 4 4
91 82 4 4
92 85 4 4
92 89 4 4
92 86 4 4
92 84 4 4
93 80 4 4
93 82 4 4
93 84 4 4
93 83 4 4
94 81 4 4
94 85 4 4
94 80 4 4
94 83 4 4
95 83 4 4
95 80 4 4
95 92 4 4
95 84 4 4
96 92 4 4
96 84 4 4
96 88 4 4
96 82 4 4
97 93 4 4
97 91 4 4
97 83 4 4
97 81 4 4
98 94 4 4
98 85 4 4
98 89 4 4
98 82 4 4
99 93 4 4
99 84 4 4
99 96 4 4
99 86 4 4
80 97 4 4
80 96 4 4
80 91 4 4
80 98 4 4
81 96 4 4
81 98 4 4
81 92 4 4
81 91 4 4
82 89 4 4
82 97 4 4
82 92 4 4
82 95 4 4
83 99 4 4
83 98 4 4
83 91 4 4
83 92 4 4
104 103 5 5
104 100 5 5
104 101 5 5
104 102 5 5
105 102 5 5
105 104 5 5
105 103 5 5
105 100 5 5
106 101 5 5
106 104 5 5
106 103 5 5
106 102 5 5
107 103 5 5
107 105 5 5
107 104 5 5
107 102 5 5
108 106 5 5
108 101 5 5
108 100 5 5
108 105 5 5
109 100 5 5
109 106 5 5
109 102 5 5
109 107 5 5
110 105 5 5
110 102 5 5
110 109 5 5
110 107 5 5
111 105 5 5
111 106 5 5
111 103 5 5
111 102 5 5
112 109 5 5
112 110 5 5
112 105 5 5
112 103 5 5
113 106 5 5
113 105 5 5
113 103 5 5
113 102 5 5
114 111 5 5
114 107 5 5
114 105 5 5
114 112 5 5
115 102 5 5
115 105 5 5
115 109 5 5
115 110 5 5
116 103 5 5
116 106 5 5
116 115 5 5
116 111 5 5
117 101 5 5
117 104 5 5
117 103 5 5
117 112 5 5
118 107 5 5
118 113 5 5
118 103 5 5
118 112 5 5
119 100 5 5
119 104 5 5
119 106 5 5
119 103 5 5
100 112 5 5
100 113 5 5
100 106 5 5
100 111 5 5
101 116 5 5
101 109 5 5
101 118 5 5
101 113 5 5
102 114 5 5
102 116 5 5
102 112 5 5
102 117 5 5
103 115 5 5
103 109 5 5
103 108 5 5
103 114 5 5
124 120 6 6
124 122 6 6
124 123 6 6
124 121 6 6
125 120 6 6
125 122 6 6
125 123 6 6
125 124 6 6
126 120 6 6
126 124 6 6
126 125 6 6
126 123 6 6
127 122 6 6
127 120 6 6
127 125 6 6
127 124 6 6
128 127 6 6
128 126 6 6
128 124 6 6
128 125 6 6
129 122 6 6
129 125 6 6
129 121 6 6
129 127 6 6
130 126 6 6
130 128 6 6
130 124 6 6
130 120 6 6
131 123 6 6
131 124 6 6
131 130 6 6
131 126 6 6
132 120 6 6
132 127 6 6
132 125 6 6
132 121 6 6
133 126 6 6
133 120 6 6
133 125 6 6
133 123 6 6
134 120 6 6
134 125 6 6
134 132 6 6
134 123 6 6
135 134 6 6
135 123 6 6
135 122 6 6
135 125 6 6
136 126 6 6
136 133 6 6
136 127 6 6
136 123 6 6
137 122 6 6
137 126 6 6
137 128 6 6
137 120 6 6
138 132 6 6
138 126 6 6
138 136 6 6
138 134 6 6
139 129 6 6
139 137 6 6
139 134 6 6
139 122 6 6
120 135 6 6
120 131 6 6
120 138 6 6
120 136 6 6
121 134 6 6
121 135 6 6
121 125 6 6
121 138 6 6
122 128 6 6
122 134 6 6
122 138 6 6
122 136 6 6
123 139 6 6
123 132 6 6
123 130 6 6
123 138 6 6
144 141 7 7
144 140 7 7
144 143 7 7
144 142 7 7
145 141 7 7
145 142 7 7
145 140 7 7
145 144 7 7
146 142 7 7
146 140 7 7
146 141 7 7
146 144 7 7
147 141 7 7
147 145 7 7
147 140 7 7
147 142 7 7
148 142 7 7
148 143 7 7
148 145 7 7
148 146 7 7
149 142 7 7
149 144 7 7
149 146 7 7
149 148 7 7
150 143 7 7
150 141 7 7
150 146 7 7
150 148 7 7
151 149 7 7
151 150 7 7
151 143 7 7
151 142 7 7
152 140 7 7
152 147 7 7
152 146 7 7
152 144 7 7
153 145 7 7
153 149 7 7
153 144 7 7
153 141 7 7
154 143 7 7
154 148 7 7
154 150 7 7
154 149 7 7
155 154 7 7
155 148 7 7
155 151 7 7
155 143 7 7
156 152 7 7
156 142 7 7
156 140 7 7
156 147 7 7
157 152 7 7
157 144 7 7
157 155 7 7
157 149 7 7
158 154 7 7
158 143 7 7
158 157 7 7
158 151 7 7
159 141 7 7
159 150 7 7
159 146 7 7
159 151 7 7
140 154 7 7
140 150 7 7
140 159 7 7
140 157 7 7
141 157 7 7
141 154 7 7
141 149 7 7
141 152 7 7
142 154 7 7
142 150 7 7
142 158 7 7
142 155 7 7
143 159 7 7
143 153 7 7
143 149 7 7
143 146 7 7
164 161 8 8
164 163 8 8
164 160 8 8
164 162 8 8
165 162 8 8
165 164 8 8
165 163 8 8
165 160 8 8
166 163 8 8
166 161 8 8
166 164 8 8
166 160 8 8
167 161 8 8
167 163 8 8
167 160 8 8
167 162 8 8
168 161 8 8
168 163 8 8
168 165 8 8
168 162 8 8
169 167 8 8
169 168 8 8
169 161 8 8
169 163 8 8
170 169 8 8
170 162 8 8
170 165 8 8
170 160 8 8
171 167 8 8
171 165 8 8
171 160 8 8
171 163 8 8
172 171 8 8
172 160 8 8
172 163 8 8
172 169 8 8
173 165 8 8
173 169 8 8
173 167 8 8
173 161 8 8
174 161 8 8
174 171 8 8
174 160 8 8
174 169 8 8
175 164 8 8
175 166 8 8
175 172 8 8
175 167 8 8
176 174 8 8
176 175 8 8
176 164 8 8
176 172 8 8
177 174 8 8
177 168 8 8
177 160 8 8
177 173 8 8
178 161 8 8
178 177 8 8
178 163 8 8
178 162 8 8
179 178 8 8
179 170 8 8
179 161 8 8
179 163 8 8
160 168 8 8
160 173 8 8
160 178 8 8
160 169 8 8
161 175 8 8
161 177 8 8
161 171 8 8
161 172 8 8
162 177 8 8
162 174 8 8
162 179 8 8
162 171 8 8
163 173 8 8
163 170 8 8
163 174 8 8
163 177 8 8
184 181 9 9
184 180 9 9
184 183 9 9
184 182 9 9
185 182 9 9
185 183 9 9
185 180 9 9
185 181 9 9
186 181 9 9
186 184 9 9
186 182 9 9
186 180 9 9
187 184 9 9
187 181 9 9
187 186 9 9
187 183 9 9
188 182 9 9
188 181 9 9
188 180 9 9
188 186 9 9
189 188 9 9
189 182 9 9
189 184 9 9
189 183 9 9
190 184 9 9
190 189 9 9
190 181 9 9
190 187 9 9
191 187 9 9
191 190 9 9
191 184 9 9
191 181 9 9
192 182 9 9
192 189 9 9
192 185 9 9
192 180 9 9
193 185 9 9
193 188 9 9
193 192 9 9
193 182 9 9
194 190 9 9
194 183 9 9
194 180 9 9
194 188 9 9
195 194 9 9
195 192 9 9
195 182 9 9
195 188 9 9
196 194 9 9
196 191 9 9
196 190 9 9
196 187 9 9
197 183 9 9
197 186 9 9
197 190 9 9
197 194 9 9
198 194 9 9
198 189 9 9
198 186 9 9
198 191 9 9
199 184 9 9
199 195 9 9
199 190 9 9
199 194 9 9
180 199 9 9
180 197 9 9
180 189 9 9
180 190 9 9
181 197 9 9
181 199 9 9
181 196 9 9
181 189 9 9
182 197 9 9
182 196 9 9
182 194 9 9
182 191 9 9
183 195 9 9
183 190 9 9
183 193 9 9
183 196 9 9
204 201 10 10
204 202 10 10
204 203 10 10
204 200 10 10
205 201 10 10
205 204 10 10
205 200 10 10
205 203 10 10
206 201 10 10
206 200 10 10
206 203 10 10
206 202 10 10
207 201 10 10
207 206 10 10
207 203 10 10
207 200 10 10
208 201 10 10
208 207 10 10
208 202 10 10
208 203 10 10
209 208 10 10
209 200 10 10
209 203 10 10
209 206 10 10
210 209 10 10
210 203 10 10
210 200 10 10
210 206 10 10
211 209 10 10
211 202 10 10
211 203 10 10
211 204 10 10
212 203 10 10
212 200 10 10
212 206 10 10
212 201 10 10
213 207 10 10
213 211 10 10
213 202 10 10
213 201 10 10
214 203 10 10
214 207 10 10
214 210 10 10
214 208 10 10
215 209 10 10
215 205 10 10
215 204 10 10
215 208 10 10
216 209 10 10
216 201 10 10
216 208 10 10
216 215 10 10
217 210 10 10
217 206 10 10
217 201 10 10
217 215 10 10
218 207 10 10
218 200 10 10
218 203 10 10
218 206 10 10
219 215 10 10
219 204 10 10
219 216 10 10
219 211 10 10
200 208 10 10
200 214 10 10
200 217 10 10
200 213 10 10
201 218 10 10
201 209 10 10
201 211 10 10
201 210 10 10
202 209 10 10
202 207 10 10
202 214 10 10
202 218 10 10
203 217 10 10
203 216 10 10
203 219 10 10
203 215 10 10
224 221 11 11
224 220 11 11
224 222 11 11
224 223 11 11
225 224 11 11
225 220 11 11
225 223 11 11
225 221 11 11
226 224 11 11
226 225 11 11
226 221 11 11
226 220 11 11
227 224 11 11
227 220 11 11
227 225 11 11
227 222 11 11
228 227 11 11
228 220 11 11
228 223 11 11
228 225 11 11
229 226 11 11
229 220 11 11
229 223 11 11
229 227 11 11
230 229 11 11
230 226 11 11
230 221 11 11
230 228 11 11
231 222 11 11
231 223 11 11
231 229 11 11
231 225 11 11
232 225 11 11
232 227 11 11
232 229 11 11
232 226 11 11
233 225 11 11
233 220 11 11
233 232 11 11
233 230 11 11
234 224 11 11
234 222 11 11
234 229 11 11
234 227 11 11
235 226 11 11
235 233 11 11
235 223 11 11
235 231 11 11
236 233 11 11
236 232 11 11
236 221 11 11
236 231 11 11
237 236 11 11
237 225 11 11
237 224 11 11
237 234 11 11
238 228 11 11
238 233 11 11
238 220 11 11
238 225 11 11
239 224 11 11
239 225 11 11
239 233 11 11
239 234 11 11
220 239 11 11
220 232 11 11
220 234 11 11
220 236 11 11
221 235 11 11
221 239 11 11
221 238 11 11
221 233 11 11
222 233 11 11
222 229 11 11
222 236 11 11
222 225 11 11
223 239 11 11
223 232 11 11
223 238 11 11
223 227 11 11
244 242 12 12
244 243 12 12
244 241 12 12
244 240 12 12
245 240 12 12
245 242 12 12
245 244 12 12
245 241 12 12
246 243 12 12
246 242 12 12
246 241 12 12
246 244 12 12
247 243 12 12
247 245 12 12
247 241 12 12
247 242 12 12
248 242 12 12
248 243 12 12
248 244 12 12
248 240 12 12
249 244 12 12
249 243 12 12
249 242 12 12
249 245 12 12
250 242 12 12
250 241 12 12
250 243 12 12
250 248 12 12
251 247 12 12
251 240 12 12
251 243 12 12
251 242 12 12
252 242 12 12
252 249 12 12
252 247 12 12
252 245 12 12
253 251 12 12
253 249 12 12
253 242 12 12
253 244 12 12
254 246 12 12
254 250 12 12
254 247 12 12
254 252 12 12
255 252 12 12
255 249 12 12
255 245 12 12
255 244 12 12
256 254 12 12
256 245 12 12
256 247 12 12
256 240 12 12
257 247 12 12
257 240 12 12
257 249 12 12
257 250 12 12
258 240 12 12
258 251 12 12
258 246 12 12
258 249 12 12
259 253 12 12
259 247 12 12
259 257 12 12
259 245 12 12
240 252 12 12
240 247 12 12
240 246 12 12
240 253 12 12
241 254 12 12
241 248 12 12
241 258 12 12
241 249 12 12
242 257 12 12
242 255 12 12
242 256 12 12
242 254 12 12
243 252 12 12
243 257 12 12
243 256 12 12
243 253 12 12
264 260 13 13
264 262 13 13
264 261 13 13
264 263 13 13
265 263 13 13
265 261 13 13
265 264 13 13
265 260 13 13
266 263 13 13
266 265 13 13
266 261 13 13
266 260 13 13
267 266 13 13
267 265 13 13
267 263 13 13
267 260 13 13
268 260 13 13
268 263 13 13
268 266 13 13
268 261 13 13
269 262 13 13
269 266 13 13
269 267 13 13
269 268 13 13
270 263 13 13
270 264 13 13
270 265 13 13
270 269 13 13
271 264 13 13
271 268 13 13
271 269 13 13
271 261 13 13
272 264 13 13
272 261 13 13
272 269 13 13
272 268 13 13
273 265 13 13
273 267 13 13
273 263 13 13
273 272 13 13
274 264 13 13
274 261 13 13
274 271 13 13
274 266 13 13
275 263 13 13
275 264 13 13
275 265 13 13
275 272 13 13
276 261 13 13
276 262 13 13
276 274 13 13
276 260 13 13
277 262 13 13
277 264 13 13
277 271 13 13
277 272 13 13
278 276 13 13
278 274 13 13
278 268 13 13
278 263 13 13
279 274 13 13
279 276 13 13
279 268 13 13
279 261 13 13
260 272 13 13
260 275 13 13
260 271 13 13
260 274 13 13
261 267 13 13
261 278 13 13
261 273 13 13
261 270 13 13
262 271 13 13
262 278 13 13
262 272 13 13
262 265 13 13
263 274 13 13
263 271 13 13
263 272 13 13
263 269 13 13
284 281 14 14
284 280 14 14
284 283 14 14
284 282 14 14
285 284 14 14
285 282 14 14
285 283 14 14
285 281 14 14
286 281 14 14
286 285 14 14
286 284 14 14
286 282 14 14
287 283 14 14
287 284 14 14
287 286 14 14
287 281 14 14
288 283 14 14
288 285 14 14
288 287 14 14
288 286 14 14
289 281 14 14
289 286 14 14
289 285 14 14
289 287 14 14
290 280 14 14
290 287 14 14
290 289 14 14
290 288 14 14
291 282 14 14
291 280 14 14
291 289 14 14
291 288 14 14
292 282 14 14
292 280 14 14
292 291 14 14
292 283 14 14
293 286 14 14
293 288 14 14
293 284 14 14
293 283 14 14
294 284 14 14
294 289 14 14
294 290 14 14
294 287 14 14
295 284 14 14
295 289 14 14
295 287 14 14
295 285 14 14
296 290 14 14
296 286 14 14
296 291 14 14
296 295 14 14
297 284 14 14
297 282 14 14
297 289 14 14
297 291 14 14
298 297 14 14
298 280 14 14
298 292 14 14
298 287 14 14
299 289 14 14
299 290 14 14
299 294 14 14
299 298 14 14
280 293 14 14
280 297 14 14
280 296 14 14
280 287 14 14
281 290 14 14
281 292 14 14
281 299 14 14
281 293 14 14
282 290 14 14
282 298 14 14
282 287 14 14
282 299 14 14
283 296 14 14
283 295 14 14
283 290 14 14
283 297 14 14
304 300 15 15
304 301 15 15
304 303 15 15
304 302 15 15
305 300 15 15
305 303 15 15
305 302 15 15
305 304 15 15
306 300 15 15
306 301 15 15
306 305 15 15
306 302 15 15
307 301 15 15
307 305 15 15
307 306 15 15
307 300 15 15
308 306 15 15
308 304 15 15
308 305 15 15
308 302 15 15
309 300 15 15
309 304 15 15
309 305 15 15
309 308 15 15
310 307 15 15
310 304 15 15
310 309 15 15
310 306 15 15
311 309 15 15
311 306 15 15
311 300 15 15
311 307 15 15
312 307 15 15
312 311 15 15
312 306 15 15
312 305 15 15
313 302 15 15
313 300 15 15
313 304 15 15
313 306 15 15
314 310 15 15
314 312 15 15
314 313 15 15
314 311 15 15
315 309 15 15
315 304 15 15
315 312 15 15
315 307 15 15
316 301 15 15
316 310 15 15
316 302 15 15
316 303 15 15
317 310 15 15
317 304 15 15
317 311 15 15
317 313 15 15
318 307 15 15
318 303 15 15
318 316 15 15
318 306 15 15
319 318 15 15
319 303 15 15
319 316 15 15
319 308 15 15
300 317 15 15
300 315 15 15
300 312 15 15
300 310 15 15
301 317 15 15
301 305 15 15
301 318 15 15
301 310 15 15
302 307 15 15
302 319 15 15
302 312 15 15
302 310 15 15
303 307 15 15
303 310 15 15
303 313 15 15
303 306 15 15
99 64 4 3
88 36 4 1
89 0 4 0
85 53 4 2
111 16 5 0
111 51 5 2
104 69 5 3
107 20 5 1
133 21 6 1
126 9 6 0
124 96 6 4
139 68 6 3
140 103 7 5
146 20 7 1
145 17 7 0
151 122 7 6
179 76 8 3
177 12 8 0
165 25 8 1
163 147 8 7
186 100 9 5
180 81 9 4
192 171 9 8
188 39 9 1
219 133 10 6
219 60 10 3
216 177 10 8
202 144 10 7
230 163 11 8
233 147 11 7
237 211 11 10
225 138 11 6
251 118 12 5
257 178 12 8
253 16 12 0
251 225 12 11
264 97 13 4
263 256 13 12
273 187 13 9
272 213 13 10
292 116 14 5
290 172 14 8
296 120 14 6
285 228 14 11
317 65 15 3
309 187 15 9
315 89 15 4
305 177 15 8
16 181 0 9
19 217 0 10
4 290 0 14
2 307 0 15
37 296 1 14
29 257 1 12
20 209 1 10
31 266 1 13
57 261 2 13
49 141 2 7
41 225 2 11
44 247 2 12
76 147 3 7
62 246 3 12
73 189 3 9
75 288 3 14
