swNum = 320
edgeNum = 1344

0 0
1 0
2 0
3 0
4 0
5 0
6 0
7 0
8 0
9 0
10 0
11 0
12 0
13 0
14 0
15 0
16 0
17 0
18 0
19 0
20 1
21 1
22 1
23 1
24 1
25 1
26 1
27 1
28 1
29 1
30 1
31 1
32 1
33 1
34 1
35 1
36 1
37 1
38 1
39 1
40 2
41 2
42 2
43 2
44 2
45 2
46 2
47 2
48 2
49 2
50 2
51 2
52 2
53 2
54 2
55 2
56 2
57 2
58 2
59 2
60 3
61 3
62 3
63 3
64 3
65 3
66 3
67 3
68 3
69 3
70 3
71 3
72 3
73 3
74 3
75 3
76 3
77 3
78 3
79 3
80 4
81 4
82 4
83 4
84 4
85 4
86 4
87 4
88 4
89 4
90 4
91 4
92 4
93 4
94 4
95 4
96 4
97 4
98 4
99 4
100 5
101 5
102 5
103 5
104 5
105 5
106 5
107 5
108 5
109 5
110 5
111 5
112 5
113 5
114 5
115 5
116 5
117 5
118 5
119 5
120 6
121 6
122 6
123 6
124 6
125 6
126 6
127 6
128 6
129 6
130 6
131 6
132 6
133 6
134 6
135 6
136 6
137 6
138 6
139 6
140 7
141 7
142 7
143 7
144 7
145 7
146 7
147 7
148 7
149 7
150 7
151 7
152 7
153 7
154 7
155 7
156 7
157 7
158 7
159 7
160 8
161 8
162 8
163 8
164 8
165 8
166 8
167 8
168 8
169 8
170 8
171 8
172 8
173 8
174 8
175 8
176 8
177 8
178 8
179 8
180 9
181 9
182 9
183 9
184 9
185 9
186 9
187 9
188 9
189 9
190 9
191 9
192 9
193 9
194 9
195 9
196 9
197 9
198 9
199 9
200 10
201 10
202 10
203 10
204 10
205 10
206 10
207 10
208 10
209 10
210 10
211 10
212 10
213 10
214 10
215 10
216 10
217 10
218 10
219 10
220 11
221 11
222 11
223 11
224 11
225 11
226 11
227 11
228 11
229 11
230 11
231 11
232 11
233 11
234 11
235 11
236 11
237 11
238 11
239 11
240 12
241 12
242 12
243 12
244 12
245 12
246 12
247 12
248 12
249 12
250 12
251 12
252 12
253 12
254 12
255 12
256 12
257 12
258 12
259 12
260 13
261 13
262 13
263 13
264 13
265 13
266 13
267 13
268 13
269 13
270 13
271 13
272 13
273 13
274 13
275 13
276 13
277 13
278 13
279 13
280 14
281 14
282 14
283 14
284 14
285 14
286 14
287 14
288 14
289 14
290 14
291 14
292 14
293 14
294 14
295 14
296 14
297 14
298 14
299 14
300 15
301 15
302 15
303 15
304 15
305 15
306 15
307 15
308 15
309 15
310 15
311 15
312 15
313 15
314 15
315 15
316 15
317 15
318 15
319 15

4 1 0 0
4 0 0 0
4 2 0 0
4 3 0 0
5 4 0 0
5 1 0 0
5 2 0 0
5 0 0 0
6 0 0 0
6 4 0 0
6 3 0 0
6 5 0 0
7 5 0 0
7 6 0 0
7 2 0 0
7 4 0 0
8 1 0 0
8 0 0 0
8 4 0 0
8 6 0 0
9 0 0 0
9 3 0 0
9 6 0 0
9 7 0 0
10 0 0 0
10 9 0 0
10 3 0 0
10 7 0 0
11 5 0 0
11 8 0 0
11 3 0 0
11 2 0 0
12 7 0 0
12 11 0 0
12 5 0 0
12 10 0 0
13 0 0 0
13 8 0 0
13 1 0 0
13 9 0 0
14 0 0 0
14 2 0 0
14 10 0 0
14 9 0 0
15 12 0 0
15 5 0 0
15 2 0 0
15 9 0 0
16 1 0 0
16 4 0 0
16 6 0 0
16 5 0 0
17 15 0 0
17 7 0 0
17 3 0 0
17 10 0 0
18 17 0 0
18 7 0 0
18 12 0 0
18 5 0 0
19 17 0 0
19 9 0 0
19 5 0 0
19 13 0 0
0 19 0 0
0 17 0 0
0 16 0 0
0 11 0 0
1 14 0 0
1 10 0 0
1 17 0 0
1 9 0 0
2 10 0 0
2 9 0 0
2 17 0 0
2 8 0 0
3 14 0 0
3 12 0 0
3 8 0 0
3 13 0 0
24 23 1 1
24 21 1 1
24 22 1 1
24 20 1 1
25 24 1 1
25 21 1 1
25 22 1 1
25 23 1 1
26 24 1 1
26 23 1 1
26 21 1 1
26 22 1 1
27 20 1 1
27 23 1 1
27 26 1 1
27 24 1 1
28 24 1 1
28 26 1 1
28 25 1 1
28 27 1 1
29 20 1 1
29 22 1 1
29 21 1 1
29 26 1 1
30 20 1 1
30 29 1 1
30 25 1 1
30 24 1 1
31 20 1 1
31 30 1 1
31 28 1 1
31 26 1 1
32 26 1 1
32 29 1 1
32 20 1 1
32 21 1 1
33 25 1 1
33 31 1 1
33 23 1 1
33 27 1 1
34 20 1 1
34 26 1 1
34 28 1 1
34 21 1 1
35 34 1 1
35 24 1 1
35 22 1 1
35 21 1 1
36 35 1 1
36 25 1 1
36 31 1 1
36 33 1 1
37 35 1 1
37 24 1 1
37 30 1 1
37 31 1 1
38 21 1 1
38 25 1 1
38 32 1 1
38 22 1 1
39 22 1 1
39 29 1 1
39 26 1 1
39 34 1 1
20 33 1 1
20 37 1 1
20 36 1 1
20 35 1 1
21 33 1 1
21 31 1 1
21 27 1 1
21 30 1 1
22 33 1 1
22 37 1 1
22 34 1 1
22 28 1 1
23 29 1 1
23 34 1 1
23 39 1 1
23 37 1 1
44 40 2 2
44 43 2 2
44 41 2 2
44 42 2 2
45 42 2 2
45 40 2 2
45 41 2 2
45 44 2 2
46 41 2 2
46 44 2 2
46 43 2 2
46 40 2 2
47 42 2 2
47 43 2 2
47 41 2 2
47 40 2 2
48 46 2 2
48 45 2 2
48 41 2 2
48 43 2 2
49 44 2 2
49 40 2 2
49 48 2 2
49 45 2 2
50 49 2 2
50 47 2 2
50 48 2 2
50 43 2 2
51 46 2 2
51 49 2 2
51 41 2 2
51 47 2 2
52 43 2 2
52 49 2 2
52 41 2 2
52 50 2 2
53 49 2 2
53 47 2 2
53 41 2 2
53 44 2 2
54 50 2 2
54 48 2 2
54 43 2 2
54 47 2 2
55 50 2 2
55 52 2 2
55 40 2 2
55 53 2 2
56 40 2 2
56 44 2 2
56 43 2 2
56 55 2 2
57 47 2 2
57 52 2 2
57 40 2 2
57 43 2 2
58 45 2 2
58 53 2 2
58 42 2 2
58 55 2 2
59 52 2 2
59 56 2 2
59 53 2 2
59 58 2 2
40 59 2 2
40 54 2 2
40 48 2 2
40 58 2 2
41 57 2 2
41 59 2 2
41 56 2 2
41 55 2 2
42 54 2 2
42 57 2 2
42 51 2 2
42 59 2 2
43 58 2 2
43 51 2 2
43 53 2 2
43 49 2 2
64 60 3 3
64 63 3 3
64 61 3 3
64 62 3 3
65 62 3 3
65 60 3 3
65 61 3 3
65 64 3 3
66 60 3 3
66 65 3 3
66 61 3 3
66 63 3 3
67 62 3 3
67 61 3 3
67 66 3 3
67 65 3 3
68 67 3 3
68 62 3 3
68 61 3 3
68 60 3 3
69 60 3 3
69 63 3 3
69 66 3 3
69 68 3 3
70 63 3 3
70 61 3 3
70 62 3 3
70 69 3 3
71 64 3 3
71 63 3 3
71 68 3 3
71 69 3 3
72 65 3 3
72 66 3 3
72 62 3 3
72 63 3 3
73 69 3 3
73 63 3 3
73 61 3 3
73 68 3 3
74 61 3 3
74 70 3 3
74 67 3 3
74 62 3 3
75 74 3 3
75 67 3 3
75 60 3 3
75 66 3 3
76 70 3 3
76 71 3 3
76 62 3 3
76 63 3 3
77 75 3 3
77 74 3 3
77 71 3 3
77 62 3 3
78 62 3 3
78 71 3 3
78 75 3 3
78 61 3 3
79 61 3 3
79 66 3 3
79 77 3 3
79 68 3 3
60 72 3 3
60 73 3 3
60 77 3 3
60 71 3 3
61 77 3 3
61 75 3 3
61 72 3 3
61 71 3 3
62 66 3 3
62 75 3 3
62 71 3 3
62 69 3 3
63 68 3 3
63 78 3 3
63 79 3 3
63 67 3 3
84 81 4 4
84 83 4 4
84 82 4 4
84 80 4 4
85 84 4 4
85 81 4 4
85 83 4 4
85 80 4 4
86 85 4 4
86 84 4 4
86 81 4 4
86 82 4 4
87 82 4 4
87 80 4 4
87 81 4 4
87 85 4 4
88 87 4 4
88 84 4 4
88 85 4 4
88 86 4 4
89 80 4 4
89 87 4 4
89 81 4 4
89 83 4 4
90 88 4 4
90 82 4 4
90 89 4 4
90 86 4 4
91 83 4 4
91 88 4 4
91 80 4 4
91 82 4 4
92 86 4 4
92 88 4 4
92 82 4 4
92 83 4 4
93 82 4 4
93 89 4 4
93 88 4 4
93 87 4 4
94 81 4 4
94 91 4 4
94 88 4 4
94 80 4 4
95 87 4 4
95 94 4 4
95 84 4 4
95 80 4 4
96 83 4 4
96 93 4 4
96 94 4 4
96 81 4 4
97 80 4 4
97 83 4 4
97 91 4 4
97 85 4 4
98 80 4 4
98 87 4 4
98 95 4 4
98 94 4 4
99 92 4 4
99 83 4 4
99 97 4 4
99 84 4 4
80 93 4 4
80 86 4 4
80 96 4 4
80 90 4 4
81 90 4 4
81 95 4 4
81 98 4 4
81 93 4 4
82 98 4 4
82 96 4 4
82 94 4 4
82 95 4 4
83 94 4 4
83 93 4 4
83 88 4 4
83 95 4 4
104 102 5 5
104 103 5 5
104 100 5 5
104 101 5 5
105 100 5 5
105 103 5 5
105 104 5 5
105 101 5 5
106 105 5 5
106 101 5 5
106 104 5 5
106 100 5 5
107 106 5 5
107 101 5 5
107 102 5 5
107 100 5 5
108 101 5 5
108 102 5 5
108 104 5 5
108 105 5 5
109 102 5 5
109 101 5 5
109 106 5 5
109 100 5 5
110 106 5 5
110 109 5 5
110 107 5 5
110 101 5 5
111 104 5 5
111 109 5 5
111 105 5 5
111 103 5 5
112 106 5 5
112 101 5 5
112 105 5 5
112 109 5 5
113 109 5 5
113 108 5 5
113 107 5 5
113 102 5 5
114 102 5 5
114 106 5 5
114 111 5 5
114 108 5 5
115 104 5 5
115 105 5 5
115 113 5 5
115 102 5 5
116 104 5 5
116 115 5 5
116 111 5 5
116 114 5 5
117 109 5 5
117 106 5 5
117 105 5 5
117 112 5 5
118 102 5 5
118 108 5 5
118 114 5 5
118 111 5 5
119 104 5 5
119 111 5 5
119 113 5 5
119 114 5 5
100 117 5 5
100 111 5 5
100 119 5 5
100 116 5 5
101 117 5 5
101 119 5 5
101 114 5 5
101 118 5 5
102 119 5 5
102 112 5 5
102 105 5 5
102 111 5 5
103 116 5 5
103 112 5 5
103 113 5 5
103 115 5 5
124 122 6 6
124 120 6 6
124 121 6 6
124 123 6 6
125 120 6 6
125 124 6 6
125 123 6 6
125 122 6 6
126 125 6 6
126 124 6 6
126 122 6 6
126 121 6 6
127 125 6 6
127 126 6 6
127 124 6 6
127 120 6 6
128 122 6 6
128 123 6 6
128 125 6 6
128 120 6 6
129 124 6 6
129 120 6 6
129 121 6 6
129 127 6 6
130 126 6 6
130 121 6 6
130 127 6 6
130 125 6 6
131 125 6 6
131 127 6 6
131 123 6 6
131 128 6 6
132 129 6 6
132 125 6 6
132 127 6 6
132 128 6 6
133 125 6 6
133 131 6 6
133 128 6 6
133 120 6 6
134 132 6 6
134 127 6 6
134 128 6 6
134 121 6 6
135 133 6 6
135 132 6 6
135 121 6 6
135 122 6 6
136 135 6 6
136 134 6 6
136 133 6 6
136 127 6 6
137 121 6 6
137 122 6 6
137 134 6 6
137 124 6 6
138 131 6 6
138 129 6 6
138 135 6 6
138 125 6 6
139 135 6 6
139 128 6 6
139 130 6 6
139 136 6 6
120 139 6 6
120 132 6 6
120 130 6 6
120 137 6 6
121 133 6 6
121 127 6 6
121 131 6 6
121 139 6 6
122 138 6 6
122 133 6 6
122 139 6 6
122 131 6 6
123 137 6 6
123 134 6 6
123 127 6 6
123 135 6 6
144 140 7 7
144 143 7 7
144 142 7 7
144 141 7 7
145 144 7 7
145 140 7 7
145 142 7 7
145 143 7 7
146 142 7 7
146 145 7 7
146 143 7 7
146 141 7 7
147 140 7 7
147 144 7 7
147 141 7 7
147 142 7 7
148 143 7 7
148 145 7 7
148 144 7 7
148 142 7 7
149 147 7 7
149 145 7 7
149 148 7 7
149 141 7 7
150 141 7 7
150 146 7 7
150 148 7 7
150 145 7 7
151 148 7 7
151 141 7 7
151 145 7 7
151 140 7 7
152 141 7 7
152 144 7 7
152 142 7 7
152 149 7 7
153 149 7 7
153 145 7 7
153 144 7 7
153 141 7 7
154 153 7 7
154 152 7 7
154 143 7 7
154 146 7 7
155 149 7 7
155 148 7 7
155 142 7 7
155 147 7 7
156 143 7 7
156 140 7 7
156 150 7 7
156 151 7 7
157 155 7 7
157 142 7 7
157 151 7 7
157 141 7 7
158 143 7 7
158 156 7 7
158 149 7 7
158 146 7 7
159 151 7 7
159 143 7 7
159 156 7 7
159 144 7 7
140 149 7 7
140 157 7 7
140 152 7 7
140 153 7 7
141 148 7 7
141 145 7 7
141 158 7 7
141 155 7 7
142 149 7 7
142 153 7 7
142 151 7 7
142 150 7 7
143 155 7 7
143 149 7 7
143 151 7 7
143 152 7 7
164 161 8 8
164 162 8 8
164 163 8 8
164 160 8 8
165 164 8 8
165 162 8 8
165 160 8 8
165 163 8 8
166 165 8 8
166 160 8 8
166 162 8 8
166 164 8 8
167 165 8 8
167 164 8 8
167 162 8 8
167 163 8 8
168 161 8 8
168 167 8 8
168 166 8 8
168 160 8 8
169 160 8 8
169 162 8 8
169 164 8 8
169 165 8 8
170 168 8 8
170 160 8 8
170 162 8 8
170 169 8 8
171 160 8 8
171 162 8 8
171 166 8 8
171 168 8 8
172 163 8 8
172 161 8 8
172 162 8 8
172 171 8 8
173 168 8 8
173 163 8 8
173 167 8 8
173 162 8 8
174 169 8 8
174 171 8 8
174 162 8 8
174 173 8 8
175 168 8 8
175 173 8 8
175 161 8 8
175 170 8 8
176 173 8 8
176 165 8 8
176 171 8 8
176 167 8 8
177 174 8 8
177 164 8 8
177 167 8 8
177 162 8 8
178 175 8 8
178 173 8 8
178 169 8 8
178 165 8 8
179 162 8 8
179 160 8 8
179 164 8 8
179 161 8 8
160 173 8 8
160 172 8 8
160 178 8 8
160 167 8 8
161 169 8 8
161 165 8 8
161 174 8 8
161 170 8 8
162 178 8 8
162 168 8 8
162 176 8 8
162 175 8 8
163 171 8 8
163 179 8 8
163 174 8 8
163 169 8 8
184 181 9 9
184 180 9 9
184 183 9 9
184 182 9 9
185 183 9 9
185 184 9 9
185 180 9 9
185 181 9 9
186 185 9 9
186 181 9 9
186 182 9 9
186 184 9 9
187 181 9 9
187 186 9 9
187 182 9 9
187 185 9 9
188 180 9 9
188 186 9 9
188 187 9 9
188 185 9 9
189 184 9 9
189 183 9 9
189 186 9 9
189 181 9 9
190 184 9 9
190 183 9 9
190 180 9 9
190 189 9 9
191 190 9 9
191 181 9 9
191 184 9 9
191 189 9 9
192 186 9 9
192 180 9 9
192 189 9 9
192 191 9 9
193 184 9 9
193 187 9 9
193 186 9 9
193 189 9 9
194 187 9 9
194 192 9 9
194 190 9 9
194 180 9 9
195 185 9 9
195 183 9 9
195 188 9 9
195 189 9 9
196 190 9 9
196 186 9 9
196 189 9 9
196 181 9 9
197 189 9 9
197 184 9 9
197 193 9 9
197 186 9 9
198 183 9 9
198 195 9 9
198 189 9 9
198 187 9 9
199 189 9 9
199 197 9 9
199 192 9 9
199 196 9 9
180 197 9 9
180 199 9 9
180 189 9 9
180 198 9 9
181 190 9 9
181 194 9 9
181 192 9 9
181 197 9 9
182 195 9 9
182 193 9 9
182 196 9 9
182 194 9 9
183 186 9 9
183 187 9 9
183 191 9 9
183 199 9 9
204 201 10 10
204 203 10 10
204 200 10 10
204 202 10 10
205 203 10 10
205 204 10 10
205 201 10 10
205 202 10 10
206 205 10 10
206 200 10 10
206 203 10 10
206 201 10 10
207 201 10 10
207 205 10 10
207 204 10 10
207 206 10 10
208 205 10 10
208 201 10 10
208 207 10 10
208 204 10 10
209 204 10 10
209 207 10 10
209 206 10 10
209 200 10 10
210 202 10 10
210 203 10 10
210 206 10 10
210 201 10 10
211 210 10 10
211 201 10 10
211 207 10 10
211 208 10 10
212 209 10 10
212 210 10 10
212 205 10 10
212 202 10 10
213 201 10 10
213 200 10 10
213 210 10 10
213 203 10 10
214 205 10 10
214 211 10 10
214 207 10 10
214 209 10 10
215 213 10 10
215 205 10 10
215 207 10 10
215 206 10 10
216 211 10 10
216 213 10 10
216 203 10 10
216 215 10 10
217 200 10 10
217 207 10 10
217 209 10 10
217 206 10 10
218 211 10 10
218 200 10 10
218 216 10 10
218 215 10 10
219 203 10 10
219 201 10 10
219 205 10 10
219 210 10 10
200 207 10 10
200 215 10 10
200 214 10 10
200 216 10 10
201 215 10 10
201 218 10 10
201 212 10 10
201 216 10 10
202 207 10 10
202 215 10 10
202 213 10 10
202 219 10 10
203 218 10 10
203 215 10 10
203 207 10 10
203 209 10 10
224 221 11 11
224 223 11 11
224 220 11 11
224 222 11 11
225 222 11 11
225 220 11 11
225 223 11 11
225 221 11 11
226 221 11 11
226 220 11 11
226 222 11 11
226 223 11 11
227 222 11 11
227 225 11 11
227 223 11 11
227 226 11 11
228 222 11 11
228 221 11 11
228 223 11 11
228 225 11 11
229 223 11 11
229 224 11 11
229 222 11 11
229 228 11 11
230 220 11 11
230 222 11 11
230 225 11 11
230 226 11 11
231 221 11 11
231 228 11 11
231 220 11 11
231 225 11 11
232 227 11 11
232 222 11 11
232 231 11 11
232 229 11 11
233 229 11 11
233 232 11 11
233 226 11 11
233 228 11 11
234 227 11 11
234 222 11 11
234 229 11 11
234 232 11 11
235 230 11 11
235 224 11 11
235 229 11 11
235 227 11 11
236 224 11 11
236 220 11 11
236 232 11 11
236 228 11 11
237 223 11 11
237 231 11 11
237 225 11 11
237 228 11 11
238 224 11 11
238 234 11 11
238 235 11 11
238 222 11 11
239 235 11 11
239 224 11 11
239 225 11 11
239 234 11 11
220 235 11 11
220 229 11 11
220 238 11 11
220 232 11 11
221 232 11 11
221 230 11 11
221 234 11 11
221 238 11 11
222 235 11 11
222 239 11 11
222 237 11 11
222 236 11 11
223 233 11 11
223 235 11 11
223 231 11 11
223 232 11 11
244 241 12 12
244 240 12 12
244 243 12 12
244 242 12 12
245 244 12 12
245 241 12 12
245 243 12 12
245 240 12 12
246 241 12 12
246 243 12 12
246 240 12 12
246 244 12 12
247 240 12 12
247 245 12 12
247 244 12 12
247 241 12 12
248 244 12 12
248 246 12 12
248 243 12 12
248 240 12 12
249 247 12 12
249 241 12 12
249 245 12 12
249 246 12 12
250 245 12 12
250 241 12 12
250 246 12 12
250 243 12 12
251 246 12 12
251 241 12 12
251 247 12 12
251 242 12 12
252 250 12 12
252 245 12 12
252 249 12 12
252 240 12 12
253 244 12 12
253 248 12 12
253 249 12 12
253 246 12 12
254 240 12 12
254 252 12 12
254 249 12 12
254 241 12 12
255 253 12 12
255 243 12 12
255 254 12 12
255 246 12 12
256 244 12 12
256 240 12 12
256 241 12 12
256 248 12 12
257 250 12 12
257 246 12 12
257 248 12 12
257 255 12 12
258 245 12 12
258 254 12 12
258 240 12 12
258 247 12 12
259 249 12 12
259 254 12 12
259 250 12 12
259 240 12 12
240 250 12 12
240 249 12 12
240 257 12 12
240 253 12 12
241 258 12 12
241 259 12 12
241 248 12 12
241 257 12 12
242 257 12 12
242 254 12 12
242 253 12 12
242 256 12 12
243 257 12 12
243 254 12 12
243 256 12 12
243 247 12 12
264 262 13 13
264 263 13 13
264 260 13 13
264 261 13 13
265 261 13 13
265 262 13 13
265 260 13 13
265 263 13 13
266 263 13 13
266 261 13 13
266 260 13 13
266 265 13 13
267 265 13 13
267 263 13 13
267 260 13 13
267 266 13 13
268 263 13 13
268 262 13 13
268 261 13 13
268 264 13 13
269 268 13 13
269 263 13 13
269 262 13 13
269 261 13 13
270 264 13 13
270 263 13 13
270 260 13 13
270 262 13 13
271 263 13 13
271 265 13 13
271 266 13 13
271 260 13 13
272 266 13 13
272 271 13 13
272 263 13 13
272 267 13 13
273 264 13 13
273 269 13 13
273 272 13 13
273 266 13 13
274 270 13 13
274 273 13 13
274 266 13 13
274 265 13 13
275 262 13 13
275 266 13 13
275 261 13 13
275 265 13 13
276 268 13 13
276 273 13 13
276 271 13 13
276 266 13 13
277 271 13 13
277 274 13 13
277 267 13 13
277 260 13 13
278 265 13 13
278 267 13 13
278 261 13 13
278 268 13 13
279 268 13 13
279 264 13 13
279 278 13 13
279 260 13 13
260 269 13 13
260 275 13 13
260 274 13 13
260 272 13 13
261 276 13 13
261 273 13 13
261 274 13 13
261 271 13 13
262 273 13 13
262 278 13 13
262 277 13 13
262 276 13 13
263 278 13 13
263 273 13 13
263 277 13 13
263 279 13 13
284 282 14 14
284 280 14 14
284 281 14 14
284 283 14 14
285 282 14 14
285 284 14 14
285 283 14 14
285 280 14 14
286 284 14 14
286 283 14 14
286 285 14 14
286 282 14 14
287 280 14 14
287 282 14 14
287 281 14 14
287 284 14 14
288 284 14 14
288 281 14 14
288 286 14 14
288 280 14 14
289 284 14 14
289 283 14 14
289 281 14 14
289 280 14 14
290 285 14 14
290 286 14 14
290 289 14 14
290 281 14 14
291 288 14 14
291 289 14 14
291 287 14 14
291 290 14 14
292 290 14 14
292 287 14 14
292 286 14 14
292 291 14 14
293 290 14 14
293 291 14 14
293 292 14 14
293 288 14 14
294 286 14 14
294 280 14 14
294 281 14 14
294 282 14 14
295 290 14 14
295 280 14 14
295 281 14 14
295 293 14 14
296 294 14 14
296 285 14 14
296 287 14 14
296 286 14 14
297 282 14 14
297 288 14 14
297 295 14 14
297 286 14 14
298 295 14 14
298 281 14 14
298 283 14 14
298 289 14 14
299 294 14 14
299 295 14 14
299 296 14 14
299 280 14 14
280 293 14 14
280 292 14 14
280 291 14 14
280 298 14 14
281 296 14 14
281 291 14 14
281 292 14 14
281 286 14 14
282 298 14 14
282 289 14 14
282 296 14 14
282 292 14 14
283 296 14 14
283 297 14 14
283 292 14 14
283 287 14 14
304 301 15 15
304 302 15 15
304 300 15 15
304 303 15 15
305 301 15 15
305 302 15 15
305 300 15 15
305 304 15 15
306 302 15 15
306 304 15 15
306 305 15 15
306 301 15 15
307 302 15 15
307 303 15 15
307 304 15 15
307 305 15 15
308 300 15 15
308 301 15 15
308 303 15 15
308 307 15 15
309 303 15 15
309 301 15 15
309 302 15 15
309 304 15 15
310 306 15 15
310 307 15 15
310 308 15 15
310 300 15 15
311 302 15 15
311 304 15 15
311 305 15 15
311 307 15 15
312 304 15 15
312 301 15 15
312 311 15 15
312 307 15 15
313 304 15 15
313 309 15 15
313 307 15 15
313 303 15 15
314 300 15 15
314 306 15 15
314 307 15 15
314 311 15 15
315 300 15 15
315 308 15 15
315 313 15 15
315 311 15 15
316 310 15 15
316 302 15 15
316 306 15 15
316 300 15 15
317 311 15 15
317 315 15 15
317 301 15 15
317 316 15 15
318 310 15 15
318 312 15 15
318 316 15 15
318 307 15 15
319 300 15 15
319 311 15 15
319 314 15 15
319 316 15 15
300 317 15 15
300 307 15 15
300 318 15 15
300 311 15 15
301 315 15 15
301 313 15 15
301 311 15 15
301 307 15 15
302 315 15 15
302 312 15 15
302 314 15 15
302 313 15 15
303 315 15 15
303 312 15 15
303 319 15 15
303 317 15 15
83 45 4 2
98 34 4 1
89 76 4 3
95 6 4 0
119 18 5 0
110 22 5 1
100 83 5 4
111 51 5 2
121 82 6 4
131 41 6 2
137 1 6 0
135 36 6 1
153 46 7 2
141 128 7 6
152 69 7 3
155 83 7 4
164 93 8 4
178 40 8 2
175 16 8 0
167 66 8 3
195 152 9 7
186 72 9 3
190 41 9 2
196 137 9 6
211 166 10 8
203 18 10 0
205 151 10 7
200 110 10 5
232 214 11 10
227 101 11 5
227 174 11 8
231 29 11 1
253 189 12 9
248 129 12 6
257 51 12 2
242 208 12 10
260 128 13 6
276 87 13 4
273 245 13 12
267 166 13 8
292 56 14 2
288 169 14 8
288 277 14 13
282 249 14 12
314 167 15 8
306 272 15 13
312 129 15 6
309 159 15 7
3 229 0 11
5 262 0 13
3 288 0 14
9 302 0 15
24 287 1 14
23 147 1 7
38 279 1 13
38 305 1 15
49 215 2 10
52 262 2 13
40 312 2 15
57 232 2 11
72 309 3 15
62 210 3 10
64 252 3 12
65 265 3 13
