swNum = 320
edgeNum = 1344

0 0
1 0
2 0
3 0
4 0
5 0
6 0
7 0
8 0
9 0
10 0
11 0
12 0
13 0
14 0
15 0
16 0
17 0
18 0
19 0
20 1
21 1
22 1
23 1
24 1
25 1
26 1
27 1
28 1
29 1
30 1
31 1
32 1
33 1
34 1
35 1
36 1
37 1
38 1
39 1
40 2
41 2
42 2
43 2
44 2
45 2
46 2
47 2
48 2
49 2
50 2
51 2
52 2
53 2
54 2
55 2
56 2
57 2
58 2
59 2
60 3
61 3
62 3
63 3
64 3
65 3
66 3
67 3
68 3
69 3
70 3
71 3
72 3
73 3
74 3
75 3
76 3
77 3
78 3
79 3
80 4
81 4
82 4
83 4
84 4
85 4
86 4
87 4
88 4
89 4
90 4
91 4
92 4
93 4
94 4
95 4
96 4
97 4
98 4
99 4
100 5
101 5
102 5
103 5
104 5
105 5
106 5
107 5
108 5
109 5
110 5
111 5
112 5
113 5
114 5
115 5
116 5
117 5
118 5
119 5
120 6
121 6
122 6
123 6
124 6
125 6
126 6
127 6
128 6
129 6
130 6
131 6
132 6
133 6
134 6
135 6
136 6
137 6
138 6
139 6
140 7
141 7
142 7
143 7
144 7
145 7
146 7
147 7
148 7
149 7
150 7
151 7
152 7
153 7
154 7
155 7
156 7
157 7
158 7
159 7
160 8
161 8
162 8
163 8
164 8
165 8
166 8
167 8
168 8
169 8
170 8
171 8
172 8
173 8
174 8
175 8
176 8
177 8
178 8
179 8
180 9
181 9
182 9
183 9
184 9
185 9
186 9
187 9
188 9
189 9
190 9
191 9
192 9
193 9
194 9
195 9
196 9
197 9
198 9
199 9
200 10
201 10
202 10
203 10
204 10
205 10
206 10
207 10
208 10
209 10
210 10
211 10
212 10
213 10
214 10
215 10
216 10
217 10
218 10
219 10
220 11
221 11
222 11
223 11
224 11
225 11
226 11
227 11
228 11
229 11
230 11
231 11
232 11
233 11
234 11
235 11
236 11
237 11
238 11
239 11
240 12
241 12
242 12
243 12
244 12
245 12
246 12
247 12
248 12
249 12
250 12
251 12
252 12
253 12
254 12
255 12
256 12
257 12
258 12
259 12
260 13
261 13
262 13
263 13
264 13
265 13
266 13
267 13
268 13
269 13
270 13
271 13
272 13
273 13
274 13
275 13
276 13
277 13
278 13
279 13
280 14
281 14
282 14
283 14
284 14
285 14
286 14
287 14
288 14
289 14
290 14
291 14
292 14
293 14
294 14
295 14
296 14
297 14
298 14
299 14
300 15
301 15
302 15
303 15
304 15
305 15
306 15
307 15
308 15
309 15
310 15
311 15
312 15
313 15
314 15
315 15
316 15
317 15
318 15
319 15

4 0 0 0
4 2 0 0
4 3 0 0
4 1 0 0
5 1 0 0
5 2 0 0
5 0 0 0
5 3 0 0
6 3 0 0
6 1 0 0
6 0 0 0
6 5 0 0
7 3 0 0
7 4 0 0
7 1 0 0
7 6 0 0
8 4 0 0
8 3 0 0
8 0 0 0
8 1 0 0
9 8 0 0
9 7 0 0
9 6 0 0
9 1 0 0
10 0 0 0
10 2 0 0
10 6 0 0
10 1 0 0
11 10 0 0
11 7 0 0
11 2 0 0
11 6 0 0
12 4 0 0
12 5 0 0
12 8 0 0
12 3 0 0
13 4 0 0
13 1 0 0
13 6 0 0
13 7 0 0
14 7 0 0
14 11 0 0
14 12 0 0
14 2 0 0
15 11 0 0
15 8 0 0
15 2 0 0
15 12 0 0
16 11 0 0
16 15 0 0
16 10 0 0
16 3 0 0
17 15 0 0
17 0 0 0
17 2 0 0
17 3 0 0
18 15 0 0
18 12 0 0
18 10 0 0
18 3 0 0
19 0 0 0
19 14 0 0
19 3 0 0
19 5 0 0
0 12 0 0
0 14 0 0
0 9 0 0
0 16 0 0
1 19 0 0
1 14 0 0
1 12 0 0
1 18 0 0
2 16 0 0
2 12 0 0
2 6 0 0
2 18 0 0
3 15 0 0
3 11 0 0
3 14 0 0
3 10 0 0
24 20 1 1
24 23 1 1
24 21 1 1
24 22 1 1
25 22 1 1
25 24 1 1
25 21 1 1
25 20 1 1
26 23 1 1
26 21 1 1
26 20 1 1
26 25 1 1
27 23 1 1
27 26 1 1
27 21 1 1
27 25 1 1
28 26 1 1
28 25 1 1
28 27 1 1
28 24 1 1
29 20 1 1
29 21 1 1
29 26 1 1
29 27 1 1
30 23 1 1
30 20 1 1
30 25 1 1
30 27 1 1
31 29 1 1
31 22 1 1
31 28 1 1
31 30 1 1
32 24 1 1
32 21 1 1
32 27 1 1
32 28 1 1
33 30 1 1
33 25 1 1
33 24 1 1
33 27 1 1
34 20 1 1
34 31 1 1
34 33 1 1
34 28 1 1
35 21 1 1
35 20 1 1
35 25 1 1
35 30 1 1
36 29 1 1
36 25 1 1
36 22 1 1
36 33 1 1
37 34 1 1
37 29 1 1
37 22 1 1
37 25 1 1
38 22 1 1
38 31 1 1
38 29 1 1
38 37 1 1
39 34 1 1
39 22 1 1
39 27 1 1
39 31 1 1
20 37 1 1
20 38 1 1
20 31 1 1
20 39 1 1
21 28 1 1
21 39 1 1
21 37 1 1
21 38 1 1
22 33 1 1
22 34 1 1
22 26 1 1
22 29 1 1
23 32 1 1
23 35 1 1
23 33 1 1
23 29 1 1
44 43 2 2
44 41 2 2
44 42 2 2
44 40 2 2
45 40 2 2
45 44 2 2
45 43 2 2
45 41 2 2
46 44 2 2
46 45 2 2
46 43 2 2
46 40 2 2
47 42 2 2
47 40 2 2
47 41 2 2
47 43 2 2
48 44 2 2
48 46 2 2
48 42 2 2
48 47 2 2
49 44 2 2
49 41 2 2
49 42 2 2
49 45 2 2
50 43 2 2
50 45 2 2
50 46 2 2
50 47 2 2
51 43 2 2
51 44 2 2
51 47 2 2
51 42 2 2
52 42 2 2
52 46 2 2
52 51 2 2
52 47 2 2
53 50 2 2
53 45 2 2
53 40 2 2
53 47 2 2
54 44 2 2
54 43 2 2
54 49 2 2
54 47 2 2
55 52 2 2
55 53 2 2
55 46 2 2
55 50 2 2
56 40 2 2
56 45 2 2
56 43 2 2
56 55 2 2
57 46 2 2
57 52 2 2
57 43 2 2
57 41 2 2
58 57 2 2
58 50 2 2
58 42 2 2
58 40 2 2
59 48 2 2
59 53 2 2
59 51 2 2
59 42 2 2
40 51 2 2
40 59 2 2
40 50 2 2
40 54 2 2
41 53 2 2
41 51 2 2
41 56 2 2
41 46 2 2
42 57 2 2
42 53 2 2
42 55 2 2
42 50 2 2
43 58 2 2
43 52 2 2
43 49 2 2
43 48 2 2
64 61 3 3
64 62 3 3
64 63 3 3
64 60 3 3
65 62 3 3
65 64 3 3
65 61 3 3
65 60 3 3
66 63 3 3
66 65 3 3
66 64 3 3
66 62 3 3
67 64 3 3
67 60 3 3
67 61 3 3
67 62 3 3
68 61 3 3
68 63 3 3
68 67 3 3
68 64 3 3
69 62 3 3
69 65 3 3
69 64 3 3
69 68 3 3
70 68 3 3
70 64 3 3
70 66 3 3
70 63 3 3
71 64 3 3
71 66 3 3
71 60 3 3
71 65 3 3
72 67 3 3
72 68 3 3
72 62 3 3
72 60 3 3
73 62 3 3
73 71 3 3
73 61 3 3
73 65 3 3
74 63 3 3
74 70 3 3
74 64 3 3
74 67 3 3
75 61 3 3
75 66 3 3
75 74 3 3
75 62 3 3
76 68 3 3
76 63 3 3
76 64 3 3
76 69 3 3
77 67 3 3
77 60 3 3
77 71 3 3
77 61 3 3
78 61 3 3
78 67 3 3
78 77 3 3
78 72 3 3
79 78 3 3
79 76 3 3
79 72 3 3
79 68 3 3
60 74 3 3
60 70 3 3
60 66 3 3
60 79 3 3
61 71 3 3
61 66 3 3
61 76 3 3
61 70 3 3
62 70 3 3
62 76 3 3
62 68 3 3
62 74 3 3
63 73 3 3
63 79 3 3
63 77 3 3
63 65 3 3
84 82 4 4
84 80 4 4
84 83 4 4
84 81 4 4
85 80 4 4
85 82 4 4
85 81 4 4
85 83 4 4
86 80 4 4
86 84 4 4
86 82 4 4
86 83 4 4
87 85 4 4
87 81 4 4
87 83 4 4
87 84 4 4
88 85 4 4
88 81 4 4
88 87 4 4
88 83 4 4
89 87 4 4
89 86 4 4
89 80 4 4
89 81 4 4
90 81 4 4
90 80 4 4
90 89 4 4
90 84 4 4
91 82 4 4
91 80 4 4
91 90 4 4
91 88 4 4
92 88 4 4
92 89 4 4
92 81 4 4
92 85 4 4
93 81 4 4
93 80 4 4
93 84 4 4
93 82 4 4
94 91 4 4
94 85 4 4
94 82 4 4
94 84 4 4
95 92 4 4
95 88 4 4
95 84 4 4
95 93 4 4
96 95 4 4
96 85 4 4
96 81 4 4
96 87 4 4
97 96 4 4
97 87 4 4
97 92 4 4
97 95 4 4
98 92 4 4
98 85 4 4
98 86 4 4
98 87 4 4
99 91 4 4
99 82 4 4
99 86 4 4
99 87 4 4
80 87 4 4
80 95 4 4
80 99 4 4
80 98 4 4
81 98 4 4
81 86 4 4
81 99 4 4
81 97 4 4
82 95 4 4
82 92 4 4
82 87 4 4
82 90 4 4
83 91 4 4
83 89 4 4
83 96 4 4
83 99 4 4
104 101 5 5
104 103 5 5
104 102 5 5
104 100 5 5
105 101 5 5
105 102 5 5
105 100 5 5
105 104 5 5
106 103 5 5
106 104 5 5
106 105 5 5
106 101 5 5
107 101 5 5
107 104 5 5
107 105 5 5
107 102 5 5
108 102 5 5
108 101 5 5
108 105 5 5
108 103 5 5
109 106 5 5
109 103 5 5
109 102 5 5
109 108 5 5
110 104 5 5
110 106 5 5
110 108 5 5
110 101 5 5
111 101 5 5
111 104 5 5
111 105 5 5
111 102 5 5
112 101 5 5
112 105 5 5
112 110 5 5
112 103 5 5
113 106 5 5
113 108 5 5
113 105 5 5
113 103 5 5
114 100 5 5
114 105 5 5
114 108 5 5
114 110 5 5
115 105 5 5
115 113 5 5
115 104 5 5
115 101 5 5
116 100 5 5
116 111 5 5
116 112 5 5
116 107 5 5
117 114 5 5
117 104 5 5
117 101 5 5
117 113 5 5
118 109 5 5
118 108 5 5
118 114 5 5
118 113 5 5
119 118 5 5
119 113 5 5
119 100 5 5
119 109 5 5
100 118 5 5
100 112 5 5
100 117 5 5
100 106 5 5
101 109 5 5
101 116 5 5
101 114 5 5
101 119 5 5
102 117 5 5
102 119 5 5
102 115 5 5
102 112 5 5
103 118 5 5
103 110 5 5
103 116 5 5
103 114 5 5
124 122 6 6
124 121 6 6
124 123 6 6
124 120 6 6
125 123 6 6
125 124 6 6
125 122 6 6
125 121 6 6
126 121 6 6
126 120 6 6
126 125 6 6
126 124 6 6
127 123 6 6
127 124 6 6
127 121 6 6
127 122 6 6
128 121 6 6
128 124 6 6
128 127 6 6
128 122 6 6
129 125 6 6
129 126 6 6
129 120 6 6
129 124 6 6
130 128 6 6
130 121 6 6
130 120 6 6
130 126 6 6
131 130 6 6
131 127 6 6
131 121 6 6
131 125 6 6
132 122 6 6
132 121 6 6
132 131 6 6
132 123 6 6
133 130 6 6
133 126 6 6
133 125 6 6
133 120 6 6
134 125 6 6
134 130 6 6
134 127 6 6
134 126 6 6
135 121 6 6
135 128 6 6
135 127 6 6
135 124 6 6
136 130 6 6
136 124 6 6
136 131 6 6
136 122 6 6
137 131 6 6
137 127 6 6
137 122 6 6
137 120 6 6
138 123 6 6
138 127 6 6
138 124 6 6
138 129 6 6
139 136 6 6
139 131 6 6
139 129 6 6
139 126 6 6
120 134 6 6
120 136 6 6
120 125 6 6
120 139 6 6
121 136 6 6
121 138 6 6
121 139 6 6
121 129 6 6
122 131 6 6
122 139 6 6
122 130 6 6
122 134 6 6
123 139 6 6
123 137 6 6
123 131 6 6
123 126 6 6
144 142 7 7
144 140 7 7
144 141 7 7
144 143 7 7
145 141 7 7
145 144 7 7
145 142 7 7
145 140 7 7
146 141 7 7
146 145 7 7
146 142 7 7
146 144 7 7
147 143 7 7
147 141 7 7
147 144 7 7
147 146 7 7
148 142 7 7
148 141 7 7
148 146 7 7
148 143 7 7
149 148 7 7
149 141 7 7
149 144 7 7
149 142 7 7
150 142 7 7
150 145 7 7
150 141 7 7
150 148 7 7
151 144 7 7
151 142 7 7
151 140 7 7
151 141 7 7
152 149 7 7
152 144 7 7
152 151 7 7
152 146 7 7
153 150 7 7
153 142 7 7
153 141 7 7
153 151 7 7
154 149 7 7
154 143 7 7
154 151 7 7
154 140 7 7
155 149 7 7
155 152 7 7
155 140 7 7
155 142 7 7
156 146 7 7
156 142 7 7
156 150 7 7
156 155 7 7
157 151 7 7
157 144 7 7
157 141 7 7
157 149 7 7
158 151 7 7
158 146 7 7
158 152 7 7
158 144 7 7
159 142 7 7
159 145 7 7
159 153 7 7
159 143 7 7
140 157 7 7
140 158 7 7
140 149 7 7
140 156 7 7
141 152 7 7
141 156 7 7
141 158 7 7
141 155 7 7
142 152 7 7
142 157 7 7
142 158 7 7
142 154 7 7
143 149 7 7
143 155 7 7
143 150 7 7
143 151 7 7
164 160 8 8
164 163 8 8
164 161 8 8
164 162 8 8
165 164 8 8
165 162 8 8
165 163 8 8
165 160 8 8
166 163 8 8
166 164 8 8
166 160 8 8
166 165 8 8
167 162 8 8
167 165 8 8
167 161 8 8
167 160 8 8
168 166 8 8
168 165 8 8
168 161 8 8
168 160 8 8
169 163 8 8
169 161 8 8
169 168 8 8
169 164 8 8
170 167 8 8
170 162 8 8
170 168 8 8
170 166 8 8
171 163 8 8
171 165 8 8
171 169 8 8
171 168 8 8
172 163 8 8
172 161 8 8
172 164 8 8
172 162 8 8
173 170 8 8
173 166 8 8
173 171 8 8
173 165 8 8
174 173 8 8
174 164 8 8
174 161 8 8
174 163 8 8
175 164 8 8
175 166 8 8
175 168 8 8
175 173 8 8
176 168 8 8
176 172 8 8
176 175 8 8
176 166 8 8
177 165 8 8
177 175 8 8
177 166 8 8
177 160 8 8
178 162 8 8
178 171 8 8
178 167 8 8
178 168 8 8
179 167 8 8
179 172 8 8
179 165 8 8
179 169 8 8
160 176 8 8
160 174 8 8
160 170 8 8
160 173 8 8
161 175 8 8
161 179 8 8
161 166 8 8
161 165 8 8
162 179 8 8
162 168 8 8
162 173 8 8
162 166 8 8
163 173 8 8
163 179 8 8
163 177 8 8
163 170 8 8
184 183 9 9
184 182 9 9
184 181 9 9
184 180 9 9
185 183 9 9
185 180 9 9
185 182 9 9
185 184 9 9
186 184 9 9
186 180 9 9
186 185 9 9
186 183 9 9
187 180 9 9
187 181 9 9
187 185 9 9
187 186 9 9
188 183 9 9
188 184 9 9
188 180 9 9
188 181 9 9
189 180 9 9
189 181 9 9
189 183 9 9
189 182 9 9
190 186 9 9
190 187 9 9
190 180 9 9
190 185 9 9
191 187 9 9
191 180 9 9
191 189 9 9
191 186 9 9
192 183 9 9
192 188 9 9
192 184 9 9
192 181 9 9
193 183 9 9
193 184 9 9
193 188 9 9
193 182 9 9
194 187 9 9
194 189 9 9
194 186 9 9
194 180 9 9
195 183 9 9
195 184 9 9
195 185 9 9
195 190 9 9
196 180 9 9
196 182 9 9
196 189 9 9
196 194 9 9
197 186 9 9
197 183 9 9
197 188 9 9
197 181 9 9
198 195 9 9
198 192 9 9
198 184 9 9
198 193 9 9
199 183 9 9
199 197 9 9
199 188 9 9
199 189 9 9
180 197 9 9
180 199 9 9
180 195 9 9
180 192 9 9
181 196 9 9
181 190 9 9
181 193 9 9
181 186 9 9
182 198 9 9
182 188 9 9
182 195 9 9
182 192 9 9
183 194 9 9
183 198 9 9
183 190 9 9
183 196 9 9
204 202 10 10
204 203 10 10
204 201 10 10
204 200 10 10
205 203 10 10
205 202 10 10
205 201 10 10
205 200 10 10
206 201 10 10
206 200 10 10
206 204 10 10
206 205 10 10
207 201 10 10
207 205 10 10
207 204 10 10
207 206 10 10
208 202 10 10
208 205 10 10
208 206 10 10
208 201 10 10
209 207 10 10
209 204 10 10
209 203 10 10
209 202 10 10
210 207 10 10
210 205 10 10
210 206 10 10
210 209 10 10
211 201 10 10
211 205 10 10
211 204 10 10
211 207 10 10
212 200 10 10
212 207 10 10
212 202 10 10
212 208 10 10
213 205 10 10
213 208 10 10
213 211 10 10
213 204 10 10
214 213 10 10
214 207 10 10
214 212 10 10
214 204 10 10
215 211 10 10
215 201 10 10
215 209 10 10
215 205 10 10
216 206 10 10
216 207 10 10
216 214 10 10
216 209 10 10
217 209 10 10
217 202 10 10
217 212 10 10
217 214 10 10
218 200 10 10
218 215 10 10
218 214 10 10
218 206 10 10
219 218 10 10
219 208 10 10
219 206 10 10
219 211 10 10
200 214 10 10
200 213 10 10
200 208 10 10
200 211 10 10
201 214 10 10
201 217 10 10
201 210 10 10
201 212 10 10
202 213 10 10
202 214 10 10
202 215 10 10
202 219 10 10
203 210 10 10
203 219 10 10
203 213 10 10
203 212 10 10
224 220 11 11
224 222 11 11
224 223 11 11
224 221 11 11
225 223 11 11
225 220 11 11
225 224 11 11
225 221 11 11
226 223 11 11
226 221 11 11
226 225 11 11
226 220 11 11
227 220 11 11
227 222 11 11
227 221 11 11
227 225 11 11
228 222 11 11
228 227 11 11
228 223 11 11
228 224 11 11
229 220 11 11
229 222 11 11
229 227 11 11
229 221 11 11
230 227 11 11
230 221 11 11
230 220 11 11
230 222 11 11
231 220 11 11
231 225 11 11
231 223 11 11
231 226 11 11
232 223 11 11
232 228 11 11
232 227 11 11
232 230 11 11
233 231 11 11
233 225 11 11
233 223 11 11
233 228 11 11
234 228 11 11
234 220 11 11
234 221 11 11
234 222 11 11
235 224 11 11
235 232 11 11
235 220 11 11
235 223 11 11
236 232 11 11
236 229 11 11
236 228 11 11
236 227 11 11
237 233 11 11
237 236 11 11
237 224 11 11
237 228 11 11
238 227 11 11
238 229 11 11
238 220 11 11
238 235 11 11
239 227 11 11
239 232 11 11
239 230 11 11
239 228 11 11
220 237 11 11
220 236 11 11
220 232 11 11
220 228 11 11
221 228 11 11
221 239 11 11
221 238 11 11
221 235 11 11
222 237 11 11
222 238 11 11
222 232 11 11
222 233 11 11
223 234 11 11
223 238 11 11
223 237 11 11
223 227 11 11
244 240 12 12
244 242 12 12
244 241 12 12
244 243 12 12
245 243 12 12
245 244 12 12
245 241 12 12
245 240 12 12
246 242 12 12
246 240 12 12
246 245 12 12
246 244 12 12
247 242 12 12
247 244 12 12
247 245 12 12
247 246 12 12
248 243 12 12
248 245 12 12
248 244 12 12
248 242 12 12
249 241 12 12
249 244 12 12
249 242 12 12
249 245 12 12
250 249 12 12
250 246 12 12
250 245 12 12
250 242 12 12
251 250 12 12
251 242 12 12
251 246 12 12
251 240 12 12
252 243 12 12
252 250 12 12
252 249 12 12
252 244 12 12
253 242 12 12
253 244 12 12
253 248 12 12
253 246 12 12
254 241 12 12
254 242 12 12
254 245 12 12
254 240 12 12
255 243 12 12
255 249 12 12
255 245 12 12
255 240 12 12
256 246 12 12
256 252 12 12
256 253 12 12
256 245 12 12
257 243 12 12
257 252 12 12
257 255 12 12
257 242 12 12
258 255 12 12
258 242 12 12
258 243 12 12
258 241 12 12
259 249 12 12
259 244 12 12
259 242 12 12
259 253 12 12
240 247 12 12
240 253 12 12
240 256 12 12
240 249 12 12
241 259 12 12
241 257 12 12
241 246 12 12
241 251 12 12
242 255 12 12
242 256 12 12
242 252 12 12
242 245 12 12
243 249 12 12
243 253 12 12
243 251 12 12
243 256 12 12
264 263 13 13
264 261 13 13
264 260 13 13
264 262 13 13
265 263 13 13
265 261 13 13
265 264 13 13
265 260 13 13
266 260 13 13
266 264 13 13
266 261 13 13
266 262 13 13
267 264 13 13
267 261 13 13
267 263 13 13
267 265 13 13
268 260 13 13
268 267 13 13
268 261 13 13
268 263 13 13
269 261 13 13
269 263 13 13
269 268 13 13
269 267 13 13
270 265 13 13
270 267 13 13
270 268 13 13
270 269 13 13
271 268 13 13
271 266 13 13
271 261 13 13
271 262 13 13
272 260 13 13
272 267 13 13
272 266 13 13
272 270 13 13
273 267 13 13
273 262 13 13
273 260 13 13
273 264 13 13
274 262 13 13
274 264 13 13
274 261 13 13
274 267 13 13
275 262 13 13
275 272 13 13
275 269 13 13
275 260 13 13
276 267 13 13
276 274 13 13
276 272 13 13
276 266 13 13
277 273 13 13
277 270 13 13
277 267 13 13
277 269 13 13
278 276 13 13
278 266 13 13
278 270 13 13
278 261 13 13
279 261 13 13
279 263 13 13
279 269 13 13
279 274 13 13
260 274 13 13
260 269 13 13
260 267 13 13
260 279 13 13
261 270 13 13
261 273 13 13
261 276 13 13
261 277 13 13
262 267 13 13
262 278 13 13
262 276 13 13
262 270 13 13
263 270 13 13
263 274 13 13
263 276 13 13
263 278 13 13
284 282 14 14
284 280 14 14
284 281 14 14
284 283 14 14
285 284 14 14
285 281 14 14
285 282 14 14
285 280 14 14
286 284 14 14
286 280 14 14
286 285 14 14
286 283 14 14
287 283 14 14
287 282 14 14
287 285 14 14
287 284 14 14
288 281 14 14
288 283 14 14
288 285 14 14
288 282 14 14
289 286 14 14
289 280 14 14
289 287 14 14
289 282 14 14
290 280 14 14
290 283 14 14
290 286 14 14
290 284 14 14
291 280 14 14
291 283 14 14
291 282 14 14
291 281 14 14
292 284 14 14
292 285 14 14
292 287 14 14
292 283 14 14
293 289 14 14
293 286 14 14
293 284 14 14
293 290 14 14
294 290 14 14
294 281 14 14
294 283 14 14
294 280 14 14
295 292 14 14
295 287 14 14
295 290 14 14
295 293 14 14
296 291 14 14
296 289 14 14
296 286 14 14
296 280 14 14
297 284 14 14
297 285 14 14
297 295 14 14
297 286 14 14
298 285 14 14
298 296 14 14
298 280 14 14
298 287 14 14
299 281 14 14
299 290 14 14
299 287 14 14
299 296 14 14
280 293 14 14
280 288 14 14
280 295 14 14
280 287 14 14
281 287 14 14
281 298 14 14
281 292 14 14
281 290 14 14
282 294 14 14
282 286 14 14
282 292 14 14
282 296 14 14
283 289 14 14
283 297 14 14
283 293 14 14
283 295 14 14
304 300 15 15
304 302 15 15
304 303 15 15
304 301 15 15
305 304 15 15
305 302 15 15
305 303 15 15
305 300 15 15
306 300 15 15
306 303 15 15
306 304 15 15
306 302 15 15
307 302 15 15
307 300 15 15
307 306 15 15
307 301 15 15
308 305 15 15
308 300 15 15
308 307 15 15
308 302 15 15
309 303 15 15
309 302 15 15
309 300 15 15
309 308 15 15
310 304 15 15
310 300 15 15
310 307 15 15
310 303 15 15
311 305 15 15
311 310 15 15
311 302 15 15
311 301 15 15
312 304 15 15
312 310 15 15
312 301 15 15
312 300 15 15
313 305 15 15
313 308 15 15
313 302 15 15
313 309 15 15
314 308 15 15
314 313 15 15
314 312 15 15
314 303 15 15
315 305 15 15
315 304 15 15
315 309 15 15
315 310 15 15
316 310 15 15
316 315 15 15
316 300 15 15
316 313 15 15
317 300 15 15
317 312 15 15
317 316 15 15
317 301 15 15
318 302 15 15
318 314 15 15
318 304 15 15
318 315 15 15
319 300 15 15
319 315 15 15
319 312 15 15
319 318 15 15
300 314 15 15
300 318 15 15
300 313 15 15
300 311 15 15
301 310 15 15
301 316 15 15
301 308 15 15
301 313 15 15
302 316 15 15
302 315 15 15
302 310 15 15
302 312 15 15
303 313 15 15
303 308 15 15
303 312 15 15
303 316 15 15
84 10 4 0
83 33 4 1
95 73 4 3
90 55 4 2
119 18 5 0
100 76 5 3
113 94 5 4
108 24 5 1
130 1 6 0
133 55 6 2
128 31 6 1
136 69 6 3
142 65 7 3
148 138 7 6
146 2 7 0
141 23 7 1
169 17 8 0
163 34 8 1
162 84 8 4
172 120 8 6
189 131 9 6
191 147 9 7
181 79 9 3
183 12 9 0
206 135 10 6
211 68 10 3
218 161 10 8
215 186 10 9
236 5 11 0
235 215 11 10
238 78 11 3
235 179 11 8
256 3 12 0
254 31 12 1
256 169 12 8
258 112 12 5
269 248 13 12
276 234 13 11
271 178 13 8
271 126 13 6
285 43 14 2
283 21 14 1
296 247 14 12
296 103 14 5
315 294 15 14
318 44 15 2
305 73 15 3
316 204 15 10
5 210 0 10
12 302 0 15
0 295 0 14
0 266 0 13
23 313 1 15
28 263 1 13
21 210 1 10
27 226 1 11
53 151 2 7
48 241 2 12
56 232 2 11
40 173 2 8
61 162 3 8
70 245 3 12
75 270 3 13
63 291 3 14
