swNum = 320
edgeNum = 1343

0 0
1 0
2 0
3 0
4 0
5 0
6 0
7 0
8 0
9 0
10 0
11 0
12 0
13 0
14 0
15 0
16 0
17 0
18 0
19 0
20 1
21 1
22 1
23 1
24 1
25 1
26 1
27 1
28 1
29 1
30 1
31 1
32 1
33 1
34 1
35 1
36 1
37 1
38 1
39 1
40 2
41 2
42 2
43 2
44 2
45 2
46 2
47 2
48 2
49 2
50 2
51 2
52 2
53 2
54 2
55 2
56 2
57 2
58 2
59 2
60 3
61 3
62 3
63 3
64 3
65 3
66 3
67 3
68 3
69 3
70 3
71 3
72 3
73 3
74 3
75 3
76 3
77 3
78 3
79 3
80 4
81 4
82 4
83 4
84 4
85 4
86 4
87 4
88 4
89 4
90 4
91 4
92 4
93 4
94 4
95 4
96 4
97 4
98 4
99 4
100 5
101 5
102 5
103 5
104 5
105 5
106 5
107 5
108 5
109 5
110 5
111 5
112 5
113 5
114 5
115 5
116 5
117 5
118 5
119 5
120 6
121 6
122 6
123 6
124 6
125 6
126 6
127 6
128 6
129 6
130 6
131 6
132 6
133 6
134 6
135 6
136 6
137 6
138 6
139 6
140 7
141 7
142 7
143 7
144 7
145 7
146 7
147 7
148 7
149 7
150 7
151 7
152 7
153 7
154 7
155 7
156 7
157 7
158 7
159 7
160 8
161 8
162 8
163 8
164 8
165 8
166 8
167 8
168 8
169 8
170 8
171 8
172 8
173 8
174 8
175 8
176 8
177 8
178 8
179 8
180 9
181 9
182 9
183 9
184 9
185 9
186 9
187 9
188 9
189 9
190 9
191 9
192 9
193 9
194 9
195 9
196 9
197 9
198 9
199 9
200 10
201 10
202 10
203 10
204 10
205 10
206 10
207 10
208 10
209 10
210 10
211 10
212 10
213 10
214 10
215 10
216 10
217 10
218 10
219 10
220 11
221 11
222 11
223 11
224 11
225 11
226 11
227 11
228 11
229 11
230 11
231 11
232 11
233 11
234 11
235 11
236 11
237 11
238 11
239 11
240 12
241 12
242 12
243 12
244 12
245 12
246 12
247 12
248 12
249 12
250 12
251 12
252 12
253 12
254 12
255 12
256 12
257 12
258 12
259 12
260 13
261 13
262 13
263 13
264 13
265 13
266 13
267 13
268 13
269 13
270 13
271 13
272 13
273 13
274 13
275 13
276 13
277 13
278 13
279 13
280 14
281 14
282 14
283 14
284 14
285 14
286 14
287 14
288 14
289 14
290 14
291 14
292 14
293 14
294 14
295 14
296 14
297 14
298 14
299 14
300 15
301 15
302 15
303 15
304 15
305 15
306 15
307 15
308 15
309 15
310 15
311 15
312 15
313 15
314 15
315 15
316 15
317 15
318 15
319 15

4 0 0 0
4 3 0 0
4 1 0 0
4 2 0 0
5 2 0 0
5 0 0 0
5 1 0 0
5 4 0 0
6 1 0 0
6 5 0 0
6 2 0 0
6 0 0 0
7 0 0 0
7 4 0 0
7 3 0 0
7 5 0 0
8 6 0 0
8 1 0 0
8 4 0 0
8 7 0 0
9 4 0 0
9 1 0 0
9 0 0 0
9 3 0 0
10 8 0 0
10 1 0 0
10 9 0 0
10 2 0 0
11 8 0 0
11 7 0 0
11 5 0 0
11 6 0 0
12 2 0 0
12 9 0 0
12 11 0 0
12 8 0 0
13 0 0 0
13 1 0 0
13 2 0 0
13 10 0 0
14 9 0 0
14 10 0 0
14 6 0 0
14 7 0 0
15 0 0 0
15 6 0 0
15 8 0 0
15 4 0 0
16 15 0 0
16 0 0 0
16 12 0 0
16 11 0 0
17 10 0 0
17 3 0 0
17 15 0 0
17 0 0 0
18 5 0 0
18 8 0 0
18 2 0 0
18 16 0 0
19 1 0 0
19 11 0 0
19 12 0 0
19 10 0 0
0 11 0 0
0 8 0 0
0 18 0 0
0 12 0 0
1 11 0 0
1 16 0 0
1 14 0 0
1 18 0 0
2 19 0 0
2 11 0 0
2 8 0 0
2 7 0 0
3 8 0 0
3 10 0 0
3 15 0 0
3 16 0 0
24 20 1 1
24 21 1 1
24 22 1 1
24 23 1 1
25 24 1 1
25 21 1 1
25 20 1 1
25 22 1 1
26 20 1 1
26 24 1 1
26 21 1 1
26 23 1 1
27 26 1 1
27 20 1 1
27 24 1 1
27 23 1 1
28 24 1 1
28 22 1 1
28 21 1 1
28 20 1 1
29 24 1 1
29 28 1 1
29 22 1 1
29 25 1 1
30 25 1 1
30 24 1 1
30 26 1 1
30 27 1 1
31 30 1 1
31 29 1 1
31 20 1 1
31 23 1 1
32 29 1 1
32 23 1 1
32 31 1 1
32 25 1 1
33 24 1 1
33 20 1 1
33 29 1 1
33 27 1 1
34 24 1 1
34 33 1 1
34 21 1 1
34 30 1 1
35 32 1 1
35 31 1 1
35 34 1 1
35 29 1 1
36 30 1 1
36 20 1 1
36 28 1 1
36 24 1 1
37 27 1 1
37 21 1 1
37 25 1 1
37 33 1 1
38 32 1 1
38 23 1 1
38 30 1 1
38 29 1 1
39 35 1 1
39 36 1 1
39 32 1 1
39 28 1 1
20 29 1 1
20 30 1 1
20 32 1 1
20 34 1 1
21 30 1 1
21 33 1 1
21 32 1 1
21 35 1 1
22 39 1 1
22 26 1 1
22 27 1 1
22 35 1 1
23 36 1 1
23 35 1 1
23 37 1 1
23 34 1 1
44 41 2 2
44 42 2 2
44 40 2 2
44 43 2 2
45 41 2 2
45 44 2 2
45 42 2 2
45 43 2 2
46 42 2 2
46 40 2 2
46 44 2 2
46 41 2 2
47 43 2 2
47 42 2 2
47 45 2 2
47 40 2 2
48 41 2 2
48 46 2 2
48 45 2 2
48 42 2 2
49 43 2 2
49 45 2 2
49 42 2 2
49 40 2 2
50 41 2 2
50 45 2 2
50 43 2 2
50 48 2 2
51 47 2 2
51 49 2 2
51 43 2 2
51 50 2 2
52 42 2 2
52 41 2 2
52 44 2 2
52 46 2 2
53 50 2 2
53 44 2 2
53 43 2 2
53 49 2 2
54 51 2 2
54 52 2 2
54 44 2 2
54 43 2 2
55 46 2 2
55 50 2 2
55 41 2 2
55 45 2 2
56 49 2 2
56 55 2 2
56 43 2 2
56 54 2 2
57 52 2 2
57 56 2 2
57 42 2 2
57 51 2 2
58 40 2 2
58 45 2 2
58 55 2 2
58 48 2 2
59 43 2 2
59 46 2 2
59 55 2 2
59 57 2 2
40 53 2 2
40 54 2 2
40 55 2 2
40 48 2 2
41 58 2 2
41 53 2 2
41 59 2 2
41 54 2 2
42 59 2 2
42 56 2 2
42 54 2 2
42 50 2 2
43 55 2 2
43 46 2 2
43 48 2 2
43 57 2 2
64 63 3 3
64 60 3 3
64 61 3 3
64 62 3 3
65 64 3 3
65 63 3 3
65 60 3 3
65 61 3 3
66 61 3 3
66 62 3 3
66 63 3 3
66 60 3 3
67 63 3 3
67 65 3 3
67 60 3 3
67 62 3 3
68 60 3 3
68 66 3 3
68 62 3 3
68 67 3 3
69 63 3 3
69 64 3 3
69 60 3 3
69 61 3 3
70 66 3 3
70 60 3 3
70 64 3 3
70 68 3 3
71 61 3 3
71 64 3 3
71 63 3 3
71 69 3 3
72 60 3 3
72 71 3 3
72 70 3 3
72 61 3 3
73 65 3 3
73 63 3 3
73 61 3 3
73 67 3 3
74 64 3 3
74 68 3 3
74 63 3 3
74 60 3 3
75 66 3 3
75 69 3 3
75 64 3 3
75 68 3 3
76 67 3 3
76 68 3 3
76 69 3 3
76 71 3 3
77 61 3 3
77 68 3 3
77 66 3 3
77 63 3 3
78 62 3 3
78 68 3 3
78 60 3 3
78 75 3 3
79 67 3 3
79 69 3 3
79 61 3 3
79 68 3 3
60 71 3 3
60 75 3 3
60 76 3 3
60 77 3 3
61 67 3 3
61 75 3 3
61 68 3 3
61 74 3 3
62 69 3 3
62 77 3 3
62 74 3 3
62 65 3 3
63 75 3 3
63 78 3 3
63 76 3 3
63 70 3 3
84 81 4 4
84 82 4 4
84 83 4 4
84 80 4 4
85 81 4 4
85 84 4 4
85 82 4 4
85 80 4 4
86 84 4 4
86 82 4 4
86 81 4 4
86 83 4 4
87 84 4 4
87 83 4 4
87 81 4 4
87 82 4 4
88 82 4 4
88 83 4 4
88 87 4 4
88 86 4 4
89 81 4 4
89 83 4 4
89 82 4 4
89 80 4 4
90 87 4 4
90 82 4 4
90 81 4 4
90 85 4 4
91 86 4 4
91 89 4 4
91 90 4 4
91 80 4 4
92 84 4 4
92 85 4 4
92 80 4 4
92 90 4 4
93 90 4 4
93 81 4 4
93 88 4 4
93 91 4 4
94 83 4 4
94 87 4 4
94 84 4 4
94 80 4 4
95 85 4 4
95 81 4 4
95 90 4 4
95 93 4 4
96 84 4 4
96 82 4 4
96 89 4 4
96 81 4 4
97 88 4 4
97 96 4 4
97 89 4 4
97 90 4 4
98 96 4 4
98 97 4 4
98 91 4 4
98 86 4 4
99 81 4 4
99 91 4 4
99 98 4 4
99 83 4 4
80 97 4 4
80 88 4 4
80 86 4 4
80 98 4 4
81 91 4 4
81 97 4 4
81 94 4 4
81 88 4 4
82 98 4 4
82 99 4 4
82 97 4 4
82 94 4 4
83 98 4 4
83 93 4 4
83 96 4 4
83 97 4 4
104 103 5 5
104 102 5 5
104 101 5 5
104 100 5 5
105 104 5 5
105 102 5 5
105 101 5 5
105 103 5 5
106 102 5 5
106 103 5 5
106 100 5 5
106 104 5 5
107 102 5 5
107 101 5 5
107 103 5 5
107 100 5 5
108 106 5 5
108 105 5 5
108 107 5 5
108 103 5 5
109 101 5 5
109 107 5 5
109 108 5 5
109 105 5 5
110 101 5 5
110 103 5 5
110 104 5 5
110 102 5 5
111 101 5 5
111 102 5 5
111 104 5 5
111 105 5 5
112 109 5 5
112 100 5 5
112 108 5 5
112 107 5 5
113 105 5 5
113 111 5 5
113 102 5 5
113 104 5 5
114 107 5 5
114 100 5 5
114 109 5 5
114 112 5 5
115 104 5 5
115 113 5 5
115 112 5 5
115 109 5 5
116 103 5 5
116 110 5 5
116 101 5 5
116 115 5 5
117 105 5 5
117 114 5 5
117 113 5 5
117 102 5 5
118 103 5 5
118 117 5 5
118 105 5 5
118 114 5 5
119 101 5 5
119 109 5 5
119 108 5 5
119 116 5 5
100 108 5 5
100 113 5 5
100 119 5 5
100 105 5 5
101 115 5 5
101 117 5 5
101 112 5 5
101 113 5 5
102 108 5 5
102 116 5 5
102 109 5 5
102 114 5 5
103 111 5 5
103 113 5 5
103 117 5 5
103 109 5 5
124 120 6 6
124 123 6 6
124 121 6 6
124 122 6 6
125 123 6 6
125 120 6 6
125 124 6 6
125 121 6 6
126 122 6 6
126 120 6 6
126 125 6 6
126 123 6 6
127 125 6 6
127 120 6 6
127 122 6 6
127 121 6 6
128 124 6 6
128 125 6 6
128 123 6 6
128 120 6 6
129 128 6 6
129 120 6 6
129 123 6 6
129 126 6 6
130 127 6 6
130 120 6 6
130 121 6 6
130 126 6 6
131 120 6 6
131 126 6 6
131 123 6 6
131 128 6 6
132 125 6 6
132 123 6 6
132 126 6 6
132 128 6 6
133 128 6 6
133 120 6 6
133 123 6 6
133 129 6 6
134 123 6 6
134 128 6 6
134 129 6 6
134 120 6 6
135 128 6 6
135 133 6 6
135 130 6 6
135 126 6 6
136 134 6 6
136 126 6 6
136 127 6 6
136 130 6 6
137 122 6 6
137 125 6 6
137 134 6 6
137 120 6 6
138 134 6 6
138 120 6 6
138 130 6 6
138 132 6 6
139 130 6 6
139 136 6 6
139 132 6 6
139 120 6 6
120 132 6 6
120 136 6 6
120 135 6 6
121 136 6 6
121 139 6 6
121 126 6 6
121 133 6 6
122 138 6 6
122 130 6 6
122 139 6 6
122 134 6 6
123 135 6 6
123 138 6 6
123 139 6 6
123 136 6 6
144 141 7 7
144 140 7 7
144 143 7 7
144 142 7 7
145 140 7 7
145 144 7 7
145 141 7 7
145 142 7 7
146 145 7 7
146 144 7 7
146 143 7 7
146 140 7 7
147 144 7 7
147 145 7 7
147 140 7 7
147 146 7 7
148 145 7 7
148 141 7 7
148 143 7 7
148 146 7 7
149 143 7 7
149 146 7 7
149 145 7 7
149 140 7 7
150 141 7 7
150 145 7 7
150 146 7 7
150 147 7 7
151 147 7 7
151 143 7 7
151 148 7 7
151 142 7 7
152 150 7 7
152 146 7 7
152 149 7 7
152 140 7 7
153 148 7 7
153 152 7 7
153 142 7 7
153 141 7 7
154 151 7 7
154 144 7 7
154 142 7 7
154 141 7 7
155 142 7 7
155 149 7 7
155 151 7 7
155 146 7 7
156 147 7 7
156 140 7 7
156 150 7 7
156 144 7 7
157 149 7 7
157 142 7 7
157 148 7 7
157 154 7 7
158 148 7 7
158 146 7 7
158 153 7 7
158 149 7 7
159 143 7 7
159 149 7 7
159 150 7 7
159 154 7 7
140 154 7 7
140 150 7 7
140 159 7 7
140 157 7 7
141 159 7 7
141 157 7 7
141 155 7 7
141 146 7 7
142 159 7 7
142 147 7 7
142 150 7 7
142 148 7 7
143 157 7 7
143 154 7 7
143 153 7 7
143 147 7 7
164 163 8 8
164 160 8 8
164 161 8 8
164 162 8 8
165 160 8 8
165 164 8 8
165 162 8 8
165 161 8 8
166 161 8 8
166 162 8 8
166 163 8 8
166 164 8 8
167 160 8 8
167 163 8 8
167 161 8 8
167 166 8 8
168 165 8 8
168 167 8 8
168 164 8 8
168 166 8 8
169 161 8 8
169 166 8 8
169 160 8 8
169 163 8 8
170 166 8 8
170 160 8 8
170 169 8 8
170 163 8 8
171 164 8 8
171 170 8 8
171 168 8 8
171 161 8 8
172 171 8 8
172 165 8 8
172 167 8 8
172 164 8 8
173 165 8 8
173 172 8 8
173 163 8 8
173 160 8 8
174 171 8 8
174 161 8 8
174 168 8 8
174 167 8 8
175 167 8 8
175 164 8 8
175 174 8 8
175 165 8 8
176 164 8 8
176 168 8 8
176 167 8 8
176 165 8 8
177 172 8 8
177 162 8 8
177 169 8 8
177 173 8 8
178 174 8 8
178 177 8 8
178 167 8 8
178 166 8 8
179 174 8 8
179 161 8 8
179 165 8 8
179 166 8 8
160 171 8 8
160 178 8 8
160 176 8 8
160 174 8 8
161 178 8 8
161 175 8 8
161 170 8 8
161 177 8 8
162 168 8 8
162 170 8 8
162 174 8 8
162 179 8 8
163 179 8 8
163 174 8 8
163 177 8 8
163 178 8 8
184 183 9 9
184 180 9 9
184 181 9 9
184 182 9 9
185 183 9 9
185 182 9 9
185 180 9 9
185 181 9 9
186 183 9 9
186 182 9 9
186 181 9 9
186 185 9 9
187 185 9 9
187 181 9 9
187 183 9 9
187 182 9 9
188 185 9 9
188 182 9 9
188 187 9 9
188 183 9 9
189 181 9 9
189 184 9 9
189 180 9 9
189 183 9 9
190 184 9 9
190 189 9 9
190 186 9 9
190 181 9 9
191 190 9 9
191 186 9 9
191 189 9 9
191 188 9 9
192 180 9 9
192 183 9 9
192 189 9 9
192 188 9 9
193 185 9 9
193 190 9 9
193 186 9 9
193 187 9 9
194 193 9 9
194 185 9 9
194 180 9 9
194 188 9 9
195 182 9 9
195 185 9 9
195 183 9 9
195 189 9 9
196 192 9 9
196 190 9 9
196 180 9 9
196 183 9 9
197 194 9 9
197 196 9 9
197 185 9 9
197 192 9 9
198 187 9 9
198 196 9 9
198 182 9 9
198 186 9 9
199 188 9 9
199 191 9 9
199 182 9 9
199 185 9 9
180 188 9 9
180 198 9 9
180 197 9 9
180 193 9 9
181 188 9 9
181 198 9 9
181 191 9 9
181 197 9 9
182 196 9 9
182 193 9 9
182 190 9 9
182 191 9 9
183 197 9 9
183 199 9 9
183 194 9 9
183 198 9 9
204 201 10 10
204 202 10 10
204 200 10 10
204 203 10 10
205 200 10 10
205 202 10 10
205 201 10 10
205 204 10 10
206 203 10 10
206 200 10 10
206 204 10 10
206 205 10 10
207 205 10 10
207 204 10 10
207 201 10 10
207 203 10 10
208 201 10 10
208 206 10 10
208 204 10 10
208 203 10 10
209 202 10 10
209 208 10 10
209 205 10 10
209 207 10 10
210 201 10 10
210 200 10 10
210 204 10 10
210 202 10 10
211 200 10 10
211 208 10 10
211 205 10 10
211 207 10 10
212 201 10 10
212 207 10 10
212 208 10 10
212 210 10 10
213 203 10 10
213 208 10 10
213 212 10 10
213 200 10 10
214 202 10 10
214 201 10 10
214 213 10 10
214 211 10 10
215 210 10 10
215 202 10 10
215 209 10 10
215 201 10 10
216 213 10 10
216 206 10 10
216 211 10 10
216 207 10 10
217 211 10 10
217 200 10 10
217 215 10 10
217 206 10 10
218 200 10 10
218 203 10 10
218 213 10 10
218 208 10 10
219 212 10 10
219 213 10 10
219 210 10 10
219 203 10 10
200 208 10 10
200 214 10 10
200 212 10 10
200 216 10 10
201 219 10 10
201 217 10 10
201 211 10 10
201 213 10 10
202 208 10 10
202 216 10 10
202 213 10 10
202 217 10 10
203 215 10 10
203 209 10 10
203 217 10 10
203 214 10 10
224 221 11 11
224 222 11 11
224 223 11 11
224 220 11 11
225 223 11 11
225 222 11 11
225 221 11 11
225 220 11 11
226 224 11 11
226 221 11 11
226 222 11 11
226 225 11 11
227 226 11 11
227 225 11 11
227 223 11 11
227 221 11 11
228 224 11 11
228 223 11 11
228 226 11 11
228 225 11 11
229 228 11 11
229 226 11 11
229 225 11 11
229 224 11 11
230 228 11 11
230 221 11 11
230 229 11 11
230 225 11 11
231 229 11 11
231 226 11 11
231 228 11 11
231 225 11 11
232 228 11 11
232 224 11 11
232 226 11 11
232 221 11 11
233 229 11 11
233 223 11 11
233 230 11 11
233 225 11 11
234 222 11 11
234 224 11 11
234 220 11 11
234 221 11 11
235 220 11 11
235 229 11 11
235 221 11 11
235 234 11 11
236 232 11 11
236 224 11 11
236 229 11 11
236 221 11 11
237 229 11 11
237 231 11 11
237 222 11 11
237 228 11 11
238 235 11 11
238 220 11 11
238 228 11 11
238 231 11 11
239 220 11 11
239 233 11 11
239 232 11 11
239 229 11 11
220 232 11 11
220 226 11 11
220 228 11 11
220 227 11 11
221 229 11 11
221 238 11 11
221 239 11 11
221 237 11 11
222 235 11 11
222 239 11 11
222 227 11 11
222 233 11 11
223 238 11 11
223 232 11 11
223 226 11 11
223 234 11 11
244 241 12 12
244 240 12 12
244 242 12 12
244 243 12 12
245 241 12 12
245 240 12 12
245 242 12 12
245 244 12 12
246 240 12 12
246 245 12 12
246 242 12 12
246 241 12 12
247 246 12 12
247 242 12 12
247 244 12 12
247 240 12 12
248 240 12 12
248 247 12 12
248 245 12 12
248 246 12 12
249 240 12 12
249 243 12 12
249 244 12 12
249 241 12 12
250 242 12 12
250 248 12 12
250 245 12 12
250 241 12 12
251 243 12 12
251 244 12 12
251 241 12 12
251 248 12 12
252 245 12 12
252 244 12 12
252 243 12 12
252 241 12 12
253 240 12 12
253 246 12 12
253 249 12 12
253 248 12 12
254 245 12 12
254 252 12 12
254 244 12 12
254 250 12 12
255 251 12 12
255 249 12 12
255 243 12 12
255 240 12 12
256 248 12 12
256 245 12 12
256 251 12 12
256 242 12 12
257 249 12 12
257 250 12 12
257 242 12 12
257 243 12 12
258 249 12 12
258 244 12 12
258 255 12 12
258 240 12 12
259 244 12 12
259 250 12 12
259 248 12 12
259 249 12 12
240 251 12 12
240 256 12 12
240 250 12 12
240 254 12 12
241 248 12 12
241 254 12 12
241 258 12 12
241 255 12 12
242 258 12 12
242 259 12 12
242 251 12 12
242 249 12 12
243 248 12 12
243 256 12 12
243 250 12 12
243 247 12 12
264 263 13 13
264 260 13 13
264 261 13 13
264 262 13 13
265 260 13 13
265 263 13 13
265 262 13 13
265 264 13 13
266 263 13 13
266 262 13 13
266 265 13 13
266 264 13 13
267 266 13 13
267 260 13 13
267 262 13 13
267 263 13 13
268 266 13 13
268 264 13 13
268 267 13 13
268 263 13 13
269 267 13 13
269 268 13 13
269 264 13 13
269 266 13 13
270 268 13 13
270 260 13 13
270 261 13 13
270 265 13 13
271 263 13 13
271 261 13 13
271 269 13 13
271 262 13 13
272 262 13 13
272 269 13 13
272 268 13 13
272 260 13 13
273 268 13 13
273 272 13 13
273 261 13 13
273 263 13 13
274 264 13 13
274 270 13 13
274 272 13 13
274 262 13 13
275 263 13 13
275 267 13 13
275 268 13 13
275 270 13 13
276 274 13 13
276 261 13 13
276 266 13 13
276 263 13 13
277 269 13 13
277 274 13 13
277 262 13 13
277 276 13 13
278 274 13 13
278 271 13 13
278 263 13 13
278 270 13 13
279 261 13 13
279 277 13 13
279 268 13 13
279 260 13 13
260 274 13 13
260 276 13 13
260 266 13 13
260 278 13 13
261 267 13 13
261 274 13 13
261 272 13 13
261 269 13 13
262 273 13 13
262 276 13 13
262 279 13 13
262 278 13 13
263 272 13 13
263 269 13 13
263 277 13 13
263 270 13 13
284 281 14 14
284 280 14 14
284 282 14 14
284 283 14 14
285 283 14 14
285 282 14 14
285 284 14 14
285 280 14 14
286 282 14 14
286 283 14 14
286 285 14 14
286 280 14 14
287 280 14 14
287 285 14 14
287 284 14 14
287 281 14 14
288 283 14 14
288 284 14 14
288 282 14 14
288 280 14 14
289 282 14 14
289 287 14 14
289 281 14 14
289 284 14 14
290 284 14 14
290 289 14 14
290 288 14 14
290 287 14 14
291 286 14 14
291 288 14 14
291 280 14 14
291 282 14 14
292 282 14 14
292 291 14 14
292 290 14 14
292 284 14 14
293 284 14 14
293 281 14 14
293 288 14 14
293 287 14 14
294 287 14 14
294 286 14 14
294 282 14 14
294 281 14 14
295 280 14 14
295 285 14 14
295 282 14 14
295 287 14 14
296 280 14 14
296 291 14 14
296 285 14 14
296 288 14 14
297 282 14 14
297 286 14 14
297 283 14 14
297 294 14 14
298 287 14 14
298 292 14 14
298 293 14 14
298 283 14 14
299 291 14 14
299 282 14 14
299 288 14 14
299 292 14 14
280 290 14 14
280 299 14 14
280 294 14 14
280 298 14 14
281 290 14 14
281 288 14 14
281 292 14 14
281 299 14 14
282 298 14 14
282 290 14 14
282 287 14 14
282 296 14 14
283 294 14 14
283 295 14 14
283 287 14 14
283 290 14 14
304 303 15 15
304 300 15 15
304 301 15 15
304 302 15 15
305 301 15 15
305 300 15 15
305 302 15 15
305 303 15 15
306 302 15 15
306 301 15 15
306 304 15 15
306 300 15 15
307 300 15 15
307 304 15 15
307 303 15 15
307 306 15 15
308 306 15 15
308 300 15 15
308 307 15 15
308 304 15 15
309 305 15 15
309 304 15 15
309 300 15 15
309 307 15 15
310 309 15 15
310 301 15 15
310 304 15 15
310 300 15 15
311 307 15 15
311 302 15 15
311 301 15 15
311 303 15 15
312 308 15 15
312 301 15 15
312 305 15 15
312 300 15 15
313 311 15 15
313 303 15 15
313 302 15 15
313 301 15 15
314 303 15 15
314 300 15 15
314 312 15 15
314 313 15 15
315 301 15 15
315 302 15 15
315 310 15 15
315 304 15 15
316 305 15 15
316 311 15 15
316 307 15 15
316 315 15 15
317 311 15 15
317 306 15 15
317 316 15 15
317 307 15 15
318 311 15 15
318 309 15 15
318 303 15 15
318 307 15 15
319 311 15 15
319 309 15 15
319 301 15 15
319 304 15 15
300 316 15 15
300 318 15 15
300 311 15 15
300 319 15 15
301 307 15 15
301 308 15 15
301 309 15 15
301 317 15 15
302 310 15 15
302 309 15 15
302 308 15 15
302 317 15 15
303 315 15 15
303 316 15 15
303 319 15 15
303 312 15 15
80 15 4 0
99 57 4 2
90 70 4 3
93 21 4 1
102 26 5 1
110 86 5 4
119 70 5 3
100 14 5 0
128 97 6 4
128 112 6 5
125 3 6 0
129 43 6 2
155 36 7 1
151 8 7 0
159 133 7 6
151 111 7 5
167 79 8 3
168 124 8 6
167 29 8 1
173 114 8 5
185 29 9 1
185 145 9 7
198 134 9 6
196 175 9 8
209 109 10 5
201 26 10 1
215 170 10 8
201 11 10 0
224 65 11 3
225 206 11 10
222 139 11 6
221 161 11 8
245 153 12 7
248 1 12 0
244 82 12 4
259 72 12 3
261 145 13 7
270 226 13 11
264 120 13 6
277 182 13 9
294 216 14 10
294 172 14 8
285 159 14 7
286 231 14 11
302 94 15 4
300 229 15 11
318 168 15 8
313 180 15 9
0 233 0 11
14 310 0 15
16 170 0 8
3 281 0 14
27 225 1 11
20 126 1 6
37 269 1 13
38 243 1 12
55 106 2 5
52 285 2 14
51 146 2 7
47 245 2 12
66 268 3 13
64 314 3 15
64 184 3 9
76 125 3 6
