swNum = 320
edgeNum = 1343

0 0
1 0
2 0
3 0
4 0
5 0
6 0
7 0
8 0
9 0
10 0
11 0
12 0
13 0
14 0
15 0
16 0
17 0
18 0
19 0
20 1
21 1
22 1
23 1
24 1
25 1
26 1
27 1
28 1
29 1
30 1
31 1
32 1
33 1
34 1
35 1
36 1
37 1
38 1
39 1
40 2
41 2
42 2
43 2
44 2
45 2
46 2
47 2
48 2
49 2
50 2
51 2
52 2
53 2
54 2
55 2
56 2
57 2
58 2
59 2
60 3
61 3
62 3
63 3
64 3
65 3
66 3
67 3
68 3
69 3
70 3
71 3
72 3
73 3
74 3
75 3
76 3
77 3
78 3
79 3
80 4
81 4
82 4
83 4
84 4
85 4
86 4
87 4
88 4
89 4
90 4
91 4
92 4
93 4
94 4
95 4
96 4
97 4
98 4
99 4
100 5
101 5
102 5
103 5
104 5
105 5
106 5
107 5
108 5
109 5
110 5
111 5
112 5
113 5
114 5
115 5
116 5
117 5
118 5
119 5
120 6
121 6
122 6
123 6
124 6
125 6
126 6
127 6
128 6
129 6
130 6
131 6
132 6
133 6
134 6
135 6
136 6
137 6
138 6
139 6
140 7
141 7
142 7
143 7
144 7
145 7
146 7
147 7
148 7
149 7
150 7
151 7
152 7
153 7
154 7
155 7
156 7
157 7
158 7
159 7
160 8
161 8
162 8
163 8
164 8
165 8
166 8
167 8
168 8
169 8
170 8
171 8
172 8
173 8
174 8
175 8
176 8
177 8
178 8
179 8
180 9
181 9
182 9
183 9
184 9
185 9
186 9
187 9
188 9
189 9
190 9
191 9
192 9
193 9
194 9
195 9
196 9
197 9
198 9
199 9
200 10
201 10
202 10
203 10
204 10
205 10
206 10
207 10
208 10
209 10
210 10
211 10
212 10
213 10
214 10
215 10
216 10
217 10
218 10
219 10
220 11
221 11
222 11
223 11
224 11
225 11
226 11
227 11
228 11
229 11
230 11
231 11
232 11
233 11
234 11
235 11
236 11
237 11
238 11
239 11
240 12
241 12
242 12
243 12
244 12
245 12
246 12
247 12
248 12
249 12
250 12
251 12
252 12
253 12
254 12
255 12
256 12
257 12
258 12
259 12
260 13
261 13
262 13
263 13
264 13
265 13
266 13
267 13
268 13
269 13
270 13
271 13
272 13
273 13
274 13
275 13
276 13
277 13
278 13
279 13
280 14
281 14
282 14
283 14
284 14
285 14
286 14
287 14
288 14
289 14
290 14
291 14
292 14
293 14
294 14
295 14
296 14
297 14
298 14
299 14
300 15
301 15
302 15
303 15
304 15
305 15
306 15
307 15
308 15
309 15
310 15
311 15
312 15
313 15
314 15
315 15
316 15
317 15
318 15
319 15

4 3 0 0
4 0 0 0
4 2 0 0
4 1 0 0
5 3 0 0
5 4 0 0
5 0 0 0
5 1 0 0
6 1 0 0
6 0 0 0
6 5 0 0
6 2 0 0
7 4 0 0
7 6 0 0
7 0 0 0
7 3 0 0
8 3 0 0
8 4 0 0
8 2 0 0
8 0 0 0
9 3 0 0
9 8 0 0
9 5 0 0
9 2 0 0
10 8 0 0
10 5 0 0
10 3 0 0
10 0 0 0
11 9 0 0
11 10 0 0
11 1 0 0
11 5 0 0
12 7 0 0
12 1 0 0
12 4 0 0
12 2 0 0
13 11 0 0
13 1 0 0
13 7 0 0
13 8 0 0
14 10 0 0
14 8 0 0
14 4 0 0
14 9 0 0
15 6 0 0
15 14 0 0
15 13 0 0
15 1 0 0
16 6 0 0
16 12 0 0
16 14 0 0
16 2 0 0
17 1 0 0
17 5 0 0
17 15 0 0
17 14 0 0
18 14 0 0
18 12 0 0
18 8 0 0
18 3 0 0
19 0 0 0
19 14 0 0
19 16 0 0
19 18 0 0
0 11 0 0
0 17 0 0
0 12 0 0
0 9 0 0
1 7 0 0
1 9 0 0
1 10 0 0
1 19 0 0
2 17 0 0
2 13 0 0
2 15 0 0
2 5 0 0
3 15 0 0
3 6 0 0
3 13 0 0
3 14 0 0
24 20 1 1
24 22 1 1
24 23 1 1
24 21 1 1
25 23 1 1
25 20 1 1
25 22 1 1
25 24 1 1
26 20 1 1
26 22 1 1
26 23 1 1
26 24 1 1
27 23 1 1
27 22 1 1
27 24 1 1
27 25 1 1
28 26 1 1
28 20 1 1
28 25 1 1
28 23 1 1
29 26 1 1
29 28 1 1
29 25 1 1
29 27 1 1
30 26 1 1
30 28 1 1
30 21 1 1
30 25 1 1
31 23 1 1
31 26 1 1
31 21 1 1
31 28 1 1
32 26 1 1
32 21 1 1
32 25 1 1
32 20 1 1
33 22 1 1
33 32 1 1
33 20 1 1
33 25 1 1
34 28 1 1
34 33 1 1
34 27 1 1
34 26 1 1
35 32 1 1
35 29 1 1
35 20 1 1
35 21 1 1
36 31 1 1
36 24 1 1
36 34 1 1
36 23 1 1
37 36 1 1
37 31 1 1
37 26 1 1
37 32 1 1
38 28 1 1
38 30 1 1
38 35 1 1
38 31 1 1
39 24 1 1
39 21 1 1
39 34 1 1
39 35 1 1
20 39 1 1
20 36 1 1
20 37 1 1
20 29 1 1
21 34 1 1
21 37 1 1
21 33 1 1
21 38 1 1
22 32 1 1
22 34 1 1
22 39 1 1
22 28 1 1
23 35 1 1
23 29 1 1
23 33 1 1
23 39 1 1
44 42 2 2
44 40 2 2
44 41 2 2
44 43 2 2
45 44 2 2
45 40 2 2
45 43 2 2
45 41 2 2
46 42 2 2
46 40 2 2
46 44 2 2
46 43 2 2
47 45 2 2
47 40 2 2
47 46 2 2
47 41 2 2
48 45 2 2
48 41 2 2
48 44 2 2
48 43 2 2
49 42 2 2
49 45 2 2
49 40 2 2
49 46 2 2
50 48 2 2
50 43 2 2
50 45 2 2
50 46 2 2
51 40 2 2
51 42 2 2
51 46 2 2
51 48 2 2
52 43 2 2
52 44 2 2
52 48 2 2
52 41 2 2
53 41 2 2
53 43 2 2
53 50 2 2
53 49 2 2
54 44 2 2
54 40 2 2
54 51 2 2
54 42 2 2
55 46 2 2
55 50 2 2
55 54 2 2
55 51 2 2
56 47 2 2
56 54 2 2
56 42 2 2
56 49 2 2
57 46 2 2
57 43 2 2
57 54 2 2
57 55 2 2
58 50 2 2
58 42 2 2
58 54 2 2
58 47 2 2
59 50 2 2
59 40 2 2
59 56 2 2
59 52 2 2
40 57 2 2
40 58 2 2
40 56 2 2
40 53 2 2
41 49 2 2
41 46 2 2
41 55 2 2
41 57 2 2
42 47 2 2
42 59 2 2
42 48 2 2
42 45 2 2
43 54 2 2
43 59 2 2
43 55 2 2
43 58 2 2
64 60 3 3
64 61 3 3
64 63 3 3
64 62 3 3
65 63 3 3
65 61 3 3
65 60 3 3
65 64 3 3
66 65 3 3
66 61 3 3
66 62 3 3
66 63 3 3
67 63 3 3
67 65 3 3
67 66 3 3
67 64 3 3
68 64 3 3
68 60 3 3
68 65 3 3
68 63 3 3
69 68 3 3
69 63 3 3
69 67 3 3
69 66 3 3
70 63 3 3
70 64 3 3
70 60 3 3
70 61 3 3
71 61 3 3
71 60 3 3
71 64 3 3
71 63 3 3
72 65 3 3
72 61 3 3
72 67 3 3
72 64 3 3
73 64 3 3
73 71 3 3
73 68 3 3
73 60 3 3
74 73 3 3
74 63 3 3
74 60 3 3
74 68 3 3
75 71 3 3
75 74 3 3
75 68 3 3
75 70 3 3
76 73 3 3
76 68 3 3
76 64 3 3
76 65 3 3
77 71 3 3
77 64 3 3
77 60 3 3
77 62 3 3
78 68 3 3
78 69 3 3
78 74 3 3
78 77 3 3
79 63 3 3
79 61 3 3
79 68 3 3
79 70 3 3
60 76 3 3
60 75 3 3
60 79 3 3
60 78 3 3
61 75 3 3
61 67 3 3
61 77 3 3
61 68 3 3
62 70 3 3
62 76 3 3
62 69 3 3
62 71 3 3
63 75 3 3
63 77 3 3
63 78 3 3
63 72 3 3
84 81 4 4
84 80 4 4
84 83 4 4
84 82 4 4
85 83 4 4
85 84 4 4
85 81 4 4
85 82 4 4
86 81 4 4
86 85 4 4
86 84 4 4
86 83 4 4
87 86 4 4
87 85 4 4
87 81 4 4
87 84 4 4
88 85 4 4
88 86 4 4
88 80 4 4
88 83 4 4
89 85 4 4
89 83 4 4
89 81 4 4
89 84 4 4
90 87 4 4
90 83 4 4
90 85 4 4
90 88 4 4
91 80 4 4
91 83 4 4
91 82 4 4
91 89 4 4
92 89 4 4
92 85 4 4
92 87 4 4
92 90 4 4
93 92 4 4
93 89 4 4
93 85 4 4
93 88 4 4
94 92 4 4
94 89 4 4
94 82 4 4
94 90 4 4
95 88 4 4
95 92 4 4
95 87 4 4
95 86 4 4
96 89 4 4
96 91 4 4
96 85 4 4
96 81 4 4
97 85 4 4
97 82 4 4
97 88 4 4
97 93 4 4
98 97 4 4
98 92 4 4
98 91 4 4
98 94 4 4
99 94 4 4
99 82 4 4
99 93 4 4
99 91 4 4
80 99 4 4
80 87 4 4
80 94 4 4
80 89 4 4
81 95 4 4
81 90 4 4
81 92 4 4
81 93 4 4
82 92 4 4
82 89 4 4
82 88 4 4
82 93 4 4
83 93 4 4
83 97 4 4
83 92 4 4
83 99 4 4
104 101 5 5
104 102 5 5
104 103 5 5
104 100 5 5
105 101 5 5
105 100 5 5
105 103 5 5
105 104 5 5
106 103 5 5
106 100 5 5
106 101 5 5
106 102 5 5
107 102 5 5
107 106 5 5
107 101 5 5
107 104 5 5
108 103 5 5
108 101 5 5
108 102 5 5
108 107 5 5
109 103 5 5
109 107 5 5
109 100 5 5
109 101 5 5
110 107 5 5
110 100 5 5
110 106 5 5
110 104 5 5
111 102 5 5
111 108 5 5
111 110 5 5
111 107 5 5
112 110 5 5
112 103 5 5
112 102 5 5
112 107 5 5
113 108 5 5
113 100 5 5
113 105 5 5
113 109 5 5
114 104 5 5
114 111 5 5
114 108 5 5
114 107 5 5
115 113 5 5
115 100 5 5
115 109 5 5
115 111 5 5
116 115 5 5
116 103 5 5
116 110 5 5
116 113 5 5
117 112 5 5
117 101 5 5
117 116 5 5
117 106 5 5
118 105 5 5
118 100 5 5
118 112 5 5
118 115 5 5
119 117 5 5
119 106 5 5
119 108 5 5
119 101 5 5
100 119 5 5
100 114 5 5
100 108 5 5
100 116 5 5
101 118 5 5
101 115 5 5
101 114 5 5
101 110 5 5
102 116 5 5
102 117 5 5
102 109 5 5
102 119 5 5
103 117 5 5
103 111 5 5
103 113 5 5
103 119 5 5
124 120 6 6
124 121 6 6
124 122 6 6
124 123 6 6
125 124 6 6
125 120 6 6
125 121 6 6
125 122 6 6
126 120 6 6
126 125 6 6
126 124 6 6
126 121 6 6
127 121 6 6
127 120 6 6
127 124 6 6
127 125 6 6
128 124 6 6
128 120 6 6
128 126 6 6
128 122 6 6
129 125 6 6
129 128 6 6
129 124 6 6
129 122 6 6
130 127 6 6
130 122 6 6
130 129 6 6
130 120 6 6
131 123 6 6
131 121 6 6
131 122 6 6
131 130 6 6
132 123 6 6
132 120 6 6
132 122 6 6
132 130 6 6
133 125 6 6
133 127 6 6
133 132 6 6
133 131 6 6
134 123 6 6
134 131 6 6
134 121 6 6
134 130 6 6
135 121 6 6
135 130 6 6
135 125 6 6
135 126 6 6
136 122 6 6
136 129 6 6
136 131 6 6
136 120 6 6
137 123 6 6
137 125 6 6
137 122 6 6
137 126 6 6
138 132 6 6
138 137 6 6
138 129 6 6
138 135 6 6
139 128 6 6
139 129 6 6
139 134 6 6
139 124 6 6
120 131 6 6
120 138 6 6
120 129 6 6
120 139 6 6
121 137 6 6
121 130 6 6
121 133 6 6
121 139 6 6
122 126 6 6
122 139 6 6
122 127 6 6
122 133 6 6
123 129 6 6
123 130 6 6
123 136 6 6
123 138 6 6
144 141 7 7
144 142 7 7
144 143 7 7
144 140 7 7
145 144 7 7
145 142 7 7
145 143 7 7
145 140 7 7
146 145 7 7
146 140 7 7
146 142 7 7
146 144 7 7
147 143 7 7
147 145 7 7
147 142 7 7
147 141 7 7
148 143 7 7
148 142 7 7
148 147 7 7
148 140 7 7
149 147 7 7
149 143 7 7
149 140 7 7
149 144 7 7
150 146 7 7
150 143 7 7
150 145 7 7
150 140 7 7
151 149 7 7
151 140 7 7
151 145 7 7
151 142 7 7
152 150 7 7
152 143 7 7
152 151 7 7
152 146 7 7
153 142 7 7
153 148 7 7
153 145 7 7
153 152 7 7
154 149 7 7
154 151 7 7
154 147 7 7
154 141 7 7
155 143 7 7
155 148 7 7
155 146 7 7
155 150 7 7
156 153 7 7
156 142 7 7
156 145 7 7
156 147 7 7
157 150 7 7
157 156 7 7
157 146 7 7
157 152 7 7
158 153 7 7
158 156 7 7
158 140 7 7
158 141 7 7
159 157 7 7
159 146 7 7
159 151 7 7
159 152 7 7
140 159 7 7
140 156 7 7
140 152 7 7
140 147 7 7
141 149 7 7
141 156 7 7
141 153 7 7
141 150 7 7
142 158 7 7
142 157 7 7
142 155 7 7
142 152 7 7
143 158 7 7
143 159 7 7
143 157 7 7
143 146 7 7
164 163 8 8
164 161 8 8
164 160 8 8
164 162 8 8
165 163 8 8
165 162 8 8
165 164 8 8
165 161 8 8
166 163 8 8
166 161 8 8
166 164 8 8
166 160 8 8
167 164 8 8
167 162 8 8
167 166 8 8
167 165 8 8
168 163 8 8
168 166 8 8
168 161 8 8
168 160 8 8
169 167 8 8
169 161 8 8
169 168 8 8
169 160 8 8
170 164 8 8
170 165 8 8
170 168 8 8
170 167 8 8
171 167 8 8
171 162 8 8
171 166 8 8
171 169 8 8
172 162 8 8
172 165 8 8
172 167 8 8
172 168 8 8
173 166 8 8
173 171 8 8
173 162 8 8
173 164 8 8
174 170 8 8
174 168 8 8
174 163 8 8
174 165 8 8
175 165 8 8
175 170 8 8
175 163 8 8
175 162 8 8
176 160 8 8
176 174 8 8
176 161 8 8
176 166 8 8
177 166 8 8
177 160 8 8
177 173 8 8
177 174 8 8
178 164 8 8
178 167 8 8
178 161 8 8
178 166 8 8
179 177 8 8
179 169 8 8
179 161 8 8
179 162 8 8
160 174 8 8
160 171 8 8
160 179 8 8
160 165 8 8
161 177 8 8
161 171 8 8
161 167 8 8
161 172 8 8
162 170 8 8
162 174 8 8
162 178 8 8
162 168 8 8
163 178 8 8
163 172 8 8
163 177 8 8
163 167 8 8
184 180 9 9
184 181 9 9
184 182 9 9
184 183 9 9
185 184 9 9
185 182 9 9
185 180 9 9
185 181 9 9
186 184 9 9
186 183 9 9
186 181 9 9
186 185 9 9
187 180 9 9
187 182 9 9
187 181 9 9
187 185 9 9
188 185 9 9
188 182 9 9
188 187 9 9
188 180 9 9
189 186 9 9
189 182 9 9
189 185 9 9
189 187 9 9
190 187 9 9
190 189 9 9
190 182 9 9
190 188 9 9
191 185 9 9
191 188 9 9
191 189 9 9
191 180 9 9
192 191 9 9
192 180 9 9
192 187 9 9
192 182 9 9
193 184 9 9
193 187 9 9
193 185 9 9
193 181 9 9
194 182 9 9
194 184 9 9
194 185 9 9
194 190 9 9
195 187 9 9
195 192 9 9
195 188 9 9
195 182 9 9
196 193 9 9
196 187 9 9
196 194 9 9
196 182 9 9
197 190 9 9
197 194 9 9
197 184 9 9
197 185 9 9
198 181 9 9
198 186 9 9
198 183 9 9
198 184 9 9
199 194 9 9
199 196 9 9
199 186 9 9
199 197 9 9
180 195 9 9
180 189 9 9
180 199 9 9
180 186 9 9
181 191 9 9
181 197 9 9
181 199 9 9
181 190 9 9
182 191 9 9
182 197 9 9
182 186 9 9
182 198 9 9
183 187 9 9
183 199 9 9
183 192 9 9
183 189 9 9
204 203 10 10
204 201 10 10
204 200 10 10
204 202 10 10
205 202 10 10
205 204 10 10
205 200 10 10
205 201 10 10
206 205 10 10
206 201 10 10
206 202 10 10
206 203 10 10
207 203 10 10
207 205 10 10
207 201 10 10
207 202 10 10
208 207 10 10
208 203 10 10
208 205 10 10
208 202 10 10
209 204 10 10
209 206 10 10
209 200 10 10
209 202 10 10
210 201 10 10
210 200 10 10
210 202 10 10
210 208 10 10
211 206 10 10
211 201 10 10
211 210 10 10
211 200 10 10
212 202 10 10
212 207 10 10
212 200 10 10
212 210 10 10
213 207 10 10
213 202 10 10
213 205 10 10
213 208 10 10
214 200 10 10
214 202 10 10
214 206 10 10
214 207 10 10
215 206 10 10
215 202 10 10
215 211 10 10
215 213 10 10
216 214 10 10
216 207 10 10
216 212 10 10
216 202 10 10
217 215 10 10
217 208 10 10
217 213 10 10
217 209 10 10
218 213 10 10
218 215 10 10
218 201 10 10
218 206 10 10
219 213 10 10
219 218 10 10
219 215 10 10
219 202 10 10
200 207 10 10
200 216 10 10
200 206 10 10
200 218 10 10
201 219 10 10
201 209 10 10
201 215 10 10
201 213 10 10
202 211 10 10
202 217 10 10
202 218 10 10
203 213 10 10
203 212 10 10
203 215 10 10
203 219 10 10
224 222 11 11
224 220 11 11
224 221 11 11
224 223 11 11
225 220 11 11
225 223 11 11
225 224 11 11
225 221 11 11
226 224 11 11
226 225 11 11
226 220 11 11
226 222 11 11
227 224 11 11
227 221 11 11
227 226 11 11
227 223 11 11
228 223 11 11
228 220 11 11
228 221 11 11
228 222 11 11
229 220 11 11
229 227 11 11
229 225 11 11
229 228 11 11
230 220 11 11
230 224 11 11
230 225 11 11
230 226 11 11
231 220 11 11
231 229 11 11
231 225 11 11
231 221 11 11
232 222 11 11
232 225 11 11
232 230 11 11
232 223 11 11
233 220 11 11
233 228 11 11
233 230 11 11
233 229 11 11
234 226 11 11
234 233 11 11
234 227 11 11
234 224 11 11
235 222 11 11
235 225 11 11
235 226 11 11
235 220 11 11
236 235 11 11
236 226 11 11
236 234 11 11
236 222 11 11
237 233 11 11
237 221 11 11
237 228 11 11
237 231 11 11
238 225 11 11
238 237 11 11
238 233 11 11
238 228 11 11
239 231 11 11
239 223 11 11
239 230 11 11
239 233 11 11
220 236 11 11
220 234 11 11
220 227 11 11
220 238 11 11
221 229 11 11
221 238 11 11
221 230 11 11
221 239 11 11
222 237 11 11
222 234 11 11
222 230 11 11
222 227 11 11
223 238 11 11
223 234 11 11
223 229 11 11
223 237 11 11
244 240 12 12
244 242 12 12
244 241 12 12
244 243 12 12
245 242 12 12
245 244 12 12
245 243 12 12
245 240 12 12
246 242 12 12
246 241 12 12
246 244 12 12
246 245 12 12
247 244 12 12
247 240 12 12
247 241 12 12
247 246 12 12
248 242 12 12
248 246 12 12
248 244 12 12
248 241 12 12
249 242 12 12
249 244 12 12
249 243 12 12
249 247 12 12
250 244 12 12
250 240 12 12
250 249 12 12
250 248 12 12
251 244 12 12
251 248 12 12
251 242 12 12
251 250 12 12
252 249 12 12
252 250 12 12
252 246 12 12
252 244 12 12
253 251 12 12
253 246 12 12
253 242 12 12
253 249 12 12
254 242 12 12
254 251 12 12
254 253 12 12
254 245 12 12
255 245 12 12
255 250 12 12
255 240 12 12
255 251 12 12
256 244 12 12
256 243 12 12
256 249 12 12
256 253 12 12
257 255 12 12
257 253 12 12
257 241 12 12
257 252 12 12
258 246 12 12
258 240 12 12
258 249 12 12
258 257 12 12
259 258 12 12
259 253 12 12
259 257 12 12
259 246 12 12
240 249 12 12
240 259 12 12
240 256 12 12
240 254 12 12
241 258 12 12
241 250 12 12
241 256 12 12
241 255 12 12
242 255 12 12
242 259 12 12
242 252 12 12
242 250 12 12
243 258 12 12
243 257 12 12
243 247 12 12
243 252 12 12
264 263 13 13
264 262 13 13
264 260 13 13
264 261 13 13
265 260 13 13
265 261 13 13
265 263 13 13
265 262 13 13
266 265 13 13
266 262 13 13
266 260 13 13
266 264 13 13
267 261 13 13
267 266 13 13
267 264 13 13
267 262 13 13
268 267 13 13
268 262 13 13
268 263 13 13
268 261 13 13
269 262 13 13
269 266 13 13
269 268 13 13
269 264 13 13
270 262 13 13
270 268 13 13
270 265 13 13
270 260 13 13
271 270 13 13
271 262 13 13
271 261 13 13
271 269 13 13
272 263 13 13
272 268 13 13
272 267 13 13
272 269 13 13
273 266 13 13
273 263 13 13
273 272 13 13
273 269 13 13
274 272 13 13
274 265 13 13
274 271 13 13
274 260 13 13
275 268 13 13
275 263 13 13
275 261 13 13
275 266 13 13
276 272 13 13
276 268 13 13
276 263 13 13
276 260 13 13
277 264 13 13
277 271 13 13
277 270 13 13
277 273 13 13
278 260 13 13
278 268 13 13
278 266 13 13
278 262 13 13
279 266 13 13
279 275 13 13
279 276 13 13
279 260 13 13
260 271 13 13
260 275 13 13
260 268 13 13
260 277 13 13
261 274 13 13
261 278 13 13
261 277 13 13
261 269 13 13
262 276 13 13
262 277 13 13
262 272 13 13
262 275 13 13
263 277 13 13
263 270 13 13
263 266 13 13
263 269 13 13
284 282 14 14
284 280 14 14
284 281 14 14
284 283 14 14
285 283 14 14
285 284 14 14
285 282 14 14
285 280 14 14
286 282 14 14
286 284 14 14
286 285 14 14
286 281 14 14
287 285 14 14
287 284 14 14
287 286 14 14
287 280 14 14
288 284 14 14
288 283 14 14
288 282 14 14
288 285 14 14
289 284 14 14
289 281 14 14
289 283 14 14
289 288 14 14
290 284 14 14
290 286 14 14
290 287 14 14
290 282 14 14
291 288 14 14
291 282 14 14
291 280 14 14
291 287 14 14
292 285 14 14
292 287 14 14
292 281 14 14
292 289 14 14
293 292 14 14
293 290 14 14
293 287 14 14
293 291 14 14
294 284 14 14
294 291 14 14
294 282 14 14
294 280 14 14
295 289 14 14
295 285 14 14
295 286 14 14
295 293 14 14
296 294 14 14
296 288 14 14
296 292 14 14
296 293 14 14
297 295 14 14
297 291 14 14
297 296 14 14
297 284 14 14
298 290 14 14
298 293 14 14
298 286 14 14
298 296 14 14
299 288 14 14
299 282 14 14
299 281 14 14
299 284 14 14
280 296 14 14
280 293 14 14
280 286 14 14
280 299 14 14
281 295 14 14
281 288 14 14
281 296 14 14
281 298 14 14
282 293 14 14
282 287 14 14
282 298 14 14
282 297 14 14
283 293 14 14
283 292 14 14
283 294 14 14
283 295 14 14
304 300 15 15
304 302 15 15
304 303 15 15
304 301 15 15
305 304 15 15
305 302 15 15
305 300 15 15
305 301 15 15
306 304 15 15
306 300 15 15
306 302 15 15
306 303 15 15
307 302 15 15
307 303 15 15
307 304 15 15
307 306 15 15
308 305 15 15
308 301 15 15
308 306 15 15
308 300 15 15
309 304 15 15
309 302 15 15
309 306 15 15
309 307 15 15
310 307 15 15
310 302 15 15
310 301 15 15
310 300 15 15
311 307 15 15
311 300 15 15
311 306 15 15
311 304 15 15
312 311 15 15
312 300 15 15
312 303 15 15
312 307 15 15
313 311 15 15
313 300 15 15
313 302 15 15
313 309 15 15
314 307 15 15
314 310 15 15
314 306 15 15
314 309 15 15
315 307 15 15
315 310 15 15
315 305 15 15
315 300 15 15
316 314 15 15
316 302 15 15
316 315 15 15
316 309 15 15
317 305 15 15
317 311 15 15
317 310 15 15
317 303 15 15
318 304 15 15
318 310 15 15
318 305 15 15
318 303 15 15
319 311 15 15
319 300 15 15
319 309 15 15
319 303 15 15
300 317 15 15
300 316 15 15
300 318 15 15
300 309 15 15
301 306 15 15
301 316 15 15
301 317 15 15
301 313 15 15
302 317 15 15
302 314 15 15
302 312 15 15
302 311 15 15
303 316 15 15
303 314 15 15
303 313 15 15
303 308 15 15
86 4 4 0
85 65 4 3
88 21 4 1
91 50 4 2
110 1 5 0
118 31 5 1
102 91 5 4
113 69 5 3
121 109 6 5
130 7 6 0
128 28 6 1
138 77 6 3
145 48 7 2
152 24 7 1
151 10 7 0
140 128 7 6
176 72 8 3
174 128 8 6
160 43 8 2
176 100 8 5
194 83 9 4
197 16 9 0
195 143 9 7
192 39 9 1
204 63 10 3
209 56 10 2
202 157 10 7
212 107 10 5
236 156 11 7
239 68 11 3
228 12 11 0
228 166 11 8
241 175 12 8
246 222 12 11
243 153 12 7
256 129 12 6
260 87 13 4
264 167 13 8
263 197 13 9
260 219 13 10
281 205 14 10
289 222 14 11
293 271 14 13
283 162 14 8
312 4 15 0
314 210 15 10
309 73 15 3
300 150 15 7
6 212 0 10
3 276 0 13
14 244 0 12
7 298 0 14
25 212 1 10
32 316 1 15
37 161 1 8
24 299 1 14
52 316 2 15
45 197 2 9
41 260 2 13
56 280 2 14
77 193 3 9
71 155 3 7
78 283 3 14
77 272 3 13
