swNum = 320
edgeNum = 1344

0 0
1 0
2 0
3 0
4 0
5 0
6 0
7 0
8 0
9 0
10 0
11 0
12 0
13 0
14 0
15 0
16 0
17 0
18 0
19 0
20 1
21 1
22 1
23 1
24 1
25 1
26 1
27 1
28 1
29 1
30 1
31 1
32 1
33 1
34 1
35 1
36 1
37 1
38 1
39 1
40 2
41 2
42 2
43 2
44 2
45 2
46 2
47 2
48 2
49 2
50 2
51 2
52 2
53 2
54 2
55 2
56 2
57 2
58 2
59 2
60 3
61 3
62 3
63 3
64 3
65 3
66 3
67 3
68 3
69 3
70 3
71 3
72 3
73 3
74 3
75 3
76 3
77 3
78 3
79 3
80 4
81 4
82 4
83 4
84 4
85 4
86 4
87 4
88 4
89 4
90 4
91 4
92 4
93 4
94 4
95 4
96 4
97 4
98 4
99 4
100 5
101 5
102 5
103 5
104 5
105 5
106 5
107 5
108 5
109 5
110 5
111 5
112 5
113 5
114 5
115 5
116 5
117 5
118 5
119 5
120 6
121 6
122 6
123 6
124 6
125 6
126 6
127 6
128 6
129 6
130 6
131 6
132 6
133 6
134 6
135 6
136 6
137 6
138 6
139 6
140 7
141 7
142 7
143 7
144 7
145 7
146 7
147 7
148 7
149 7
150 7
151 7
152 7
153 7
154 7
155 7
156 7
157 7
158 7
159 7
160 8
161 8
162 8
163 8
164 8
165 8
166 8
167 8
168 8
169 8
170 8
171 8
172 8
173 8
174 8
175 8
176 8
177 8
178 8
179 8
180 9
181 9
182 9
183 9
184 9
185 9
186 9
187 9
188 9
189 9
190 9
191 9
192 9
193 9
194 9
195 9
196 9
197 9
198 9
199 9
200 10
201 10
202 10
203 10
204 10
205 10
206 10
207 10
208 10
209 10
210 10
211 10
212 10
213 10
214 10
215 10
216 10
217 10
218 10
219 10
220 11
221 11
222 11
223 11
224 11
225 11
226 11
227 11
228 11
229 11
230 11
231 11
232 11
233 11
234 11
235 11
236 11
237 11
238 11
239 11
240 12
241 12
242 12
243 12
244 12
245 12
246 12
247 12
248 12
249 12
250 12
251 12
252 12
253 12
254 12
255 12
256 12
257 12
258 12
259 12
260 13
261 13
262 13
263 13
264 13
265 13
266 13
267 13
268 13
269 13
270 13
271 13
272 13
273 13
274 13
275 13
276 13
277 13
278 13
279 13
280 14
281 14
282 14
283 14
284 14
285 14
286 14
287 14
288 14
289 14
290 14
291 14
292 14
293 14
294 14
295 14
296 14
297 14
298 14
299 14
300 15
301 15
302 15
303 15
304 15
305 15
306 15
307 15
308 15
309 15
310 15
311 15
312 15
313 15
314 15
315 15
316 15
317 15
318 15
319 15

4 0 0 0
4 2 0 0
4 1 0 0
4 3 0 0
5 1 0 0
5 0 0 0
5 2 0 0
5 3 0 0
6 0 0 0
6 2 0 0
6 1 0 0
6 3 0 0
7 6 0 0
7 1 0 0
7 2 0 0
7 3 0 0
8 2 0 0
8 5 0 0
8 1 0 0
8 3 0 0
9 8 0 0
9 5 0 0
9 3 0 0
9 0 0 0
10 0 0 0
10 4 0 0
10 1 0 0
10 8 0 0
11 5 0 0
11 9 0 0
11 3 0 0
11 1 0 0
12 1 0 0
12 10 0 0
12 4 0 0
12 6 0 0
13 5 0 0
13 2 0 0
13 10 0 0
13 4 0 0
14 0 0 0
14 5 0 0
14 13 0 0
14 2 0 0
15 5 0 0
15 9 0 0
15 14 0 0
15 3 0 0
16 7 0 0
16 0 0 0
16 1 0 0
16 6 0 0
17 7 0 0
17 10 0 0
17 5 0 0
17 8 0 0
18 9 0 0
18 5 0 0
18 12 0 0
18 14 0 0
19 15 0 0
19 13 0 0
19 14 0 0
19 18 0 0
0 19 0 0
0 13 0 0
0 15 0 0
0 18 0 0
1 17 0 0
1 15 0 0
1 13 0 0
1 19 0 0
2 11 0 0
2 10 0 0
2 16 0 0
2 15 0 0
3 14 0 0
3 10 0 0
3 19 0 0
3 12 0 0
24 21 1 1
24 20 1 1
24 22 1 1
24 23 1 1
25 22 1 1
25 20 1 1
25 23 1 1
25 24 1 1
26 20 1 1
26 25 1 1
26 23 1 1
26 22 1 1
27 21 1 1
27 26 1 1
27 20 1 1
27 22 1 1
28 20 1 1
28 25 1 1
28 26 1 1
28 23 1 1
29 28 1 1
29 21 1 1
29 27 1 1
29 26 1 1
30 26 1 1
30 25 1 1
30 27 1 1
30 21 1 1
31 28 1 1
31 26 1 1
31 30 1 1
31 21 1 1
32 22 1 1
32 26 1 1
32 25 1 1
32 24 1 1
33 26 1 1
33 20 1 1
33 25 1 1
33 32 1 1
34 24 1 1
34 22 1 1
34 27 1 1
34 29 1 1
35 29 1 1
35 26 1 1
35 30 1 1
35 31 1 1
36 20 1 1
36 21 1 1
36 23 1 1
36 29 1 1
37 30 1 1
37 20 1 1
37 34 1 1
37 32 1 1
38 28 1 1
38 26 1 1
38 34 1 1
38 29 1 1
39 23 1 1
39 25 1 1
39 27 1 1
39 32 1 1
20 29 1 1
20 34 1 1
20 32 1 1
20 38 1 1
21 26 1 1
21 32 1 1
21 37 1 1
21 38 1 1
22 39 1 1
22 29 1 1
22 36 1 1
22 33 1 1
23 32 1 1
23 27 1 1
23 30 1 1
23 29 1 1
44 41 2 2
44 42 2 2
44 43 2 2
44 40 2 2
45 44 2 2
45 40 2 2
45 41 2 2
45 42 2 2
46 43 2 2
46 42 2 2
46 45 2 2
46 41 2 2
47 45 2 2
47 44 2 2
47 42 2 2
47 41 2 2
48 42 2 2
48 40 2 2
48 43 2 2
48 47 2 2
49 41 2 2
49 42 2 2
49 40 2 2
49 48 2 2
50 42 2 2
50 43 2 2
50 44 2 2
50 48 2 2
51 42 2 2
51 46 2 2
51 47 2 2
51 48 2 2
52 50 2 2
52 47 2 2
52 45 2 2
52 43 2 2
53 43 2 2
53 50 2 2
53 48 2 2
53 40 2 2
54 49 2 2
54 41 2 2
54 44 2 2
54 52 2 2
55 51 2 2
55 48 2 2
55 40 2 2
55 47 2 2
56 43 2 2
56 51 2 2
56 52 2 2
56 40 2 2
57 50 2 2
57 53 2 2
57 52 2 2
57 40 2 2
58 52 2 2
58 46 2 2
58 47 2 2
58 53 2 2
59 40 2 2
59 44 2 2
59 41 2 2
59 54 2 2
40 52 2 2
40 47 2 2
40 58 2 2
40 46 2 2
41 58 2 2
41 50 2 2
41 52 2 2
41 55 2 2
42 58 2 2
42 55 2 2
42 59 2 2
42 57 2 2
43 49 2 2
43 59 2 2
43 57 2 2
43 58 2 2
64 62 3 3
64 60 3 3
64 61 3 3
64 63 3 3
65 60 3 3
65 62 3 3
65 64 3 3
65 61 3 3
66 60 3 3
66 63 3 3
66 61 3 3
66 65 3 3
67 64 3 3
67 61 3 3
67 60 3 3
67 66 3 3
68 62 3 3
68 64 3 3
68 65 3 3
68 67 3 3
69 66 3 3
69 68 3 3
69 67 3 3
69 62 3 3
70 65 3 3
70 67 3 3
70 66 3 3
70 63 3 3
71 69 3 3
71 68 3 3
71 60 3 3
71 70 3 3
72 71 3 3
72 60 3 3
72 70 3 3
72 67 3 3
73 64 3 3
73 72 3 3
73 69 3 3
73 63 3 3
74 69 3 3
74 71 3 3
74 72 3 3
74 68 3 3
75 72 3 3
75 69 3 3
75 70 3 3
75 74 3 3
76 66 3 3
76 71 3 3
76 63 3 3
76 60 3 3
77 76 3 3
77 70 3 3
77 60 3 3
77 63 3 3
78 70 3 3
78 67 3 3
78 61 3 3
78 77 3 3
79 72 3 3
79 67 3 3
79 66 3 3
79 71 3 3
60 78 3 3
60 74 3 3
60 79 3 3
60 69 3 3
61 70 3 3
61 72 3 3
61 71 3 3
61 79 3 3
62 66 3 3
62 78 3 3
62 76 3 3
62 70 3 3
63 65 3 3
63 78 3 3
63 67 3 3
63 68 3 3
84 80 4 4
84 83 4 4
84 81 4 4
84 82 4 4
85 81 4 4
85 83 4 4
85 84 4 4
85 82 4 4
86 81 4 4
86 82 4 4
86 84 4 4
86 83 4 4
87 84 4 4
87 81 4 4
87 86 4 4
87 85 4 4
88 83 4 4
88 85 4 4
88 81 4 4
88 80 4 4
89 84 4 4
89 82 4 4
89 87 4 4
89 83 4 4
90 85 4 4
90 89 4 4
90 88 4 4
90 81 4 4
91 83 4 4
91 80 4 4
91 88 4 4
91 81 4 4
92 87 4 4
92 89 4 4
92 86 4 4
92 84 4 4
93 91 4 4
93 84 4 4
93 85 4 4
93 86 4 4
94 84 4 4
94 86 4 4
94 91 4 4
94 81 4 4
95 87 4 4
95 81 4 4
95 82 4 4
95 85 4 4
96 86 4 4
96 84 4 4
96 87 4 4
96 90 4 4
97 89 4 4
97 94 4 4
97 95 4 4
97 85 4 4
98 88 4 4
98 94 4 4
98 85 4 4
98 89 4 4
99 80 4 4
99 91 4 4
99 85 4 4
99 83 4 4
80 93 4 4
80 90 4 4
80 96 4 4
80 85 4 4
81 96 4 4
81 97 4 4
81 89 4 4
81 92 4 4
82 94 4 4
82 96 4 4
82 93 4 4
82 92 4 4
83 94 4 4
83 90 4 4
83 93 4 4
83 96 4 4
104 101 5 5
104 100 5 5
104 102 5 5
104 103 5 5
105 103 5 5
105 101 5 5
105 102 5 5
105 100 5 5
106 100 5 5
106 104 5 5
106 103 5 5
106 102 5 5
107 105 5 5
107 101 5 5
107 100 5 5
107 106 5 5
108 100 5 5
108 106 5 5
108 103 5 5
108 104 5 5
109 104 5 5
109 102 5 5
109 106 5 5
109 108 5 5
110 104 5 5
110 107 5 5
110 102 5 5
110 101 5 5
111 101 5 5
111 102 5 5
111 107 5 5
111 105 5 5
112 102 5 5
112 111 5 5
112 110 5 5
112 103 5 5
113 111 5 5
113 101 5 5
113 112 5 5
113 104 5 5
114 111 5 5
114 109 5 5
114 100 5 5
114 104 5 5
115 104 5 5
115 100 5 5
115 110 5 5
115 114 5 5
116 100 5 5
116 106 5 5
116 112 5 5
116 109 5 5
117 104 5 5
117 115 5 5
117 100 5 5
117 106 5 5
118 111 5 5
118 117 5 5
118 105 5 5
118 101 5 5
119 108 5 5
119 116 5 5
119 109 5 5
119 106 5 5
100 112 5 5
100 118 5 5
100 109 5 5
100 110 5 5
101 117 5 5
101 112 5 5
101 114 5 5
101 106 5 5
102 116 5 5
102 117 5 5
102 107 5 5
102 114 5 5
103 115 5 5
103 114 5 5
103 107 5 5
103 110 5 5
124 121 6 6
124 120 6 6
124 122 6 6
124 123 6 6
125 122 6 6
125 121 6 6
125 123 6 6
125 120 6 6
126 124 6 6
126 125 6 6
126 120 6 6
126 121 6 6
127 120 6 6
127 123 6 6
127 125 6 6
127 122 6 6
128 125 6 6
128 124 6 6
128 126 6 6
128 121 6 6
129 125 6 6
129 124 6 6
129 120 6 6
129 126 6 6
130 129 6 6
130 126 6 6
130 124 6 6
130 128 6 6
131 120 6 6
131 125 6 6
131 129 6 6
131 122 6 6
132 128 6 6
132 125 6 6
132 124 6 6
132 122 6 6
133 131 6 6
133 121 6 6
133 127 6 6
133 122 6 6
134 124 6 6
134 132 6 6
134 128 6 6
134 126 6 6
135 129 6 6
135 120 6 6
135 131 6 6
135 130 6 6
136 120 6 6
136 121 6 6
136 124 6 6
136 128 6 6
137 133 6 6
137 135 6 6
137 125 6 6
137 121 6 6
138 122 6 6
138 132 6 6
138 134 6 6
138 128 6 6
139 127 6 6
139 137 6 6
139 120 6 6
139 122 6 6
120 130 6 6
120 132 6 6
120 137 6 6
120 133 6 6
121 134 6 6
121 129 6 6
121 135 6 6
121 127 6 6
122 135 6 6
122 136 6 6
122 137 6 6
122 129 6 6
123 138 6 6
123 129 6 6
123 134 6 6
123 126 6 6
144 140 7 7
144 142 7 7
144 141 7 7
144 143 7 7
145 142 7 7
145 140 7 7
145 143 7 7
145 144 7 7
146 144 7 7
146 140 7 7
146 143 7 7
146 141 7 7
147 143 7 7
147 141 7 7
147 144 7 7
147 140 7 7
148 143 7 7
148 142 7 7
148 144 7 7
148 145 7 7
149 144 7 7
149 145 7 7
149 140 7 7
149 143 7 7
150 149 7 7
150 148 7 7
150 145 7 7
150 142 7 7
151 141 7 7
151 146 7 7
151 144 7 7
151 143 7 7
152 151 7 7
152 140 7 7
152 141 7 7
152 143 7 7
153 147 7 7
153 140 7 7
153 150 7 7
153 148 7 7
154 153 7 7
154 150 7 7
154 146 7 7
154 141 7 7
155 145 7 7
155 149 7 7
155 153 7 7
155 152 7 7
156 142 7 7
156 146 7 7
156 147 7 7
156 141 7 7
157 145 7 7
157 153 7 7
157 141 7 7
157 148 7 7
158 155 7 7
158 143 7 7
158 144 7 7
158 142 7 7
159 146 7 7
159 156 7 7
159 157 7 7
159 147 7 7
140 155 7 7
140 158 7 7
140 154 7 7
140 159 7 7
141 158 7 7
141 159 7 7
141 148 7 7
141 153 7 7
142 157 7 7
142 153 7 7
142 152 7 7
142 155 7 7
143 156 7 7
143 159 7 7
143 153 7 7
143 154 7 7
164 162 8 8
164 160 8 8
164 163 8 8
164 161 8 8
165 164 8 8
165 161 8 8
165 160 8 8
165 162 8 8
166 164 8 8
166 163 8 8
166 165 8 8
166 162 8 8
167 166 8 8
167 163 8 8
167 162 8 8
167 161 8 8
168 163 8 8
168 160 8 8
168 166 8 8
168 161 8 8
169 166 8 8
169 162 8 8
169 167 8 8
169 163 8 8
170 169 8 8
170 163 8 8
170 162 8 8
170 161 8 8
171 160 8 8
171 162 8 8
171 161 8 8
171 163 8 8
172 167 8 8
172 163 8 8
172 161 8 8
172 168 8 8
173 169 8 8
173 162 8 8
173 170 8 8
173 166 8 8
174 163 8 8
174 172 8 8
174 166 8 8
174 173 8 8
175 167 8 8
175 169 8 8
175 165 8 8
175 171 8 8
176 169 8 8
176 171 8 8
176 168 8 8
176 163 8 8
177 160 8 8
177 170 8 8
177 175 8 8
177 171 8 8
178 166 8 8
178 164 8 8
178 168 8 8
178 165 8 8
179 178 8 8
179 165 8 8
179 173 8 8
179 166 8 8
160 172 8 8
160 178 8 8
160 166 8 8
160 176 8 8
161 166 8 8
161 178 8 8
161 179 8 8
161 176 8 8
162 176 8 8
162 179 8 8
162 168 8 8
162 172 8 8
163 173 8 8
163 175 8 8
163 165 8 8
163 177 8 8
184 180 9 9
184 183 9 9
184 182 9 9
184 181 9 9
185 183 9 9
185 182 9 9
185 181 9 9
185 184 9 9
186 183 9 9
186 182 9 9
186 184 9 9
186 185 9 9
187 183 9 9
187 184 9 9
187 185 9 9
187 186 9 9
188 183 9 9
188 187 9 9
188 180 9 9
188 185 9 9
189 186 9 9
189 182 9 9
189 187 9 9
189 188 9 9
190 180 9 9
190 181 9 9
190 182 9 9
190 183 9 9
191 184 9 9
191 181 9 9
191 189 9 9
191 186 9 9
192 191 9 9
192 183 9 9
192 187 9 9
192 185 9 9
193 188 9 9
193 192 9 9
193 186 9 9
193 183 9 9
194 180 9 9
194 182 9 9
194 184 9 9
194 190 9 9
195 192 9 9
195 187 9 9
195 191 9 9
195 185 9 9
196 188 9 9
196 187 9 9
196 195 9 9
196 183 9 9
197 183 9 9
197 189 9 9
197 181 9 9
197 180 9 9
198 184 9 9
198 194 9 9
198 191 9 9
198 197 9 9
199 186 9 9
199 184 9 9
199 182 9 9
199 191 9 9
180 198 9 9
180 191 9 9
180 189 9 9
180 187 9 9
181 188 9 9
181 198 9 9
181 189 9 9
181 186 9 9
182 198 9 9
182 197 9 9
182 193 9 9
182 195 9 9
183 189 9 9
183 198 9 9
183 194 9 9
183 195 9 9
204 200 10 10
204 201 10 10
204 203 10 10
204 202 10 10
205 200 10 10
205 204 10 10
205 203 10 10
205 201 10 10
206 202 10 10
206 201 10 10
206 205 10 10
206 200 10 10
207 205 10 10
207 203 10 10
207 201 10 10
207 200 10 10
208 204 10 10
208 201 10 10
208 203 10 10
208 205 10 10
209 206 10 10
209 202 10 10
209 208 10 10
209 201 10 10
210 202 10 10
210 206 10 10
210 209 10 10
210 200 10 10
211 208 10 10
211 205 10 10
211 200 10 10
211 207 10 10
212 208 10 10
212 206 10 10
212 202 10 10
212 201 10 10
213 200 10 10
213 203 10 10
213 207 10 10
213 205 10 10
214 211 10 10
214 200 10 10
214 201 10 10
214 210 10 10
215 208 10 10
215 211 10 10
215 203 10 10
215 213 10 10
216 215 10 10
216 203 10 10
216 211 10 10
216 213 10 10
217 200 10 10
217 207 10 10
217 206 10 10
217 201 10 10
218 207 10 10
218 200 10 10
218 203 10 10
218 216 10 10
219 216 10 10
219 210 10 10
219 209 10 10
219 206 10 10
200 216 10 10
200 215 10 10
200 219 10 10
200 209 10 10
201 211 10 10
201 219 10 10
201 216 10 10
201 218 10 10
202 219 10 10
202 214 10 10
202 208 10 10
202 217 10 10
203 210 10 10
203 214 10 10
203 219 10 10
203 206 10 10
224 222 11 11
224 223 11 11
224 220 11 11
224 221 11 11
225 222 11 11
225 220 11 11
225 223 11 11
225 224 11 11
226 220 11 11
226 225 11 11
226 223 11 11
226 224 11 11
227 224 11 11
227 226 11 11
227 223 11 11
227 221 11 11
228 227 11 11
228 222 11 11
228 224 11 11
228 223 11 11
229 222 11 11
229 228 11 11
229 225 11 11
229 226 11 11
230 220 11 11
230 222 11 11
230 227 11 11
230 223 11 11
231 228 11 11
231 229 11 11
231 224 11 11
231 225 11 11
232 225 11 11
232 231 11 11
232 228 11 11
232 230 11 11
233 232 11 11
233 227 11 11
233 220 11 11
233 230 11 11
234 229 11 11
234 222 11 11
234 220 11 11
234 221 11 11
235 223 11 11
235 232 11 11
235 226 11 11
235 234 11 11
236 230 11 11
236 234 11 11
236 222 11 11
236 231 11 11
237 229 11 11
237 232 11 11
237 221 11 11
237 227 11 11
238 223 11 11
238 233 11 11
238 229 11 11
238 228 11 11
239 224 11 11
239 236 11 11
239 226 11 11
239 232 11 11
220 238 11 11
220 237 11 11
220 231 11 11
220 229 11 11
221 226 11 11
221 229 11 11
221 233 11 11
221 235 11 11
222 237 11 11
222 226 11 11
222 227 11 11
222 232 11 11
223 229 11 11
223 231 11 11
223 233 11 11
223 232 11 11
244 241 12 12
244 240 12 12
244 243 12 12
244 242 12 12
245 243 12 12
245 244 12 12
245 241 12 12
245 240 12 12
246 240 12 12
246 243 12 12
246 241 12 12
246 242 12 12
247 243 12 12
247 241 12 12
247 240 12 12
247 246 12 12
248 241 12 12
248 243 12 12
248 245 12 12
248 240 12 12
249 245 12 12
249 243 12 12
249 248 12 12
249 244 12 12
250 243 12 12
250 248 12 12
250 241 12 12
250 246 12 12
251 249 12 12
251 248 12 12
251 247 12 12
251 244 12 12
252 250 12 12
252 242 12 12
252 241 12 12
252 248 12 12
253 243 12 12
253 240 12 12
253 248 12 12
253 246 12 12
254 246 12 12
254 240 12 12
254 251 12 12
254 244 12 12
255 248 12 12
255 245 12 12
255 244 12 12
255 240 12 12
256 246 12 12
256 242 12 12
256 240 12 12
256 248 12 12
257 244 12 12
257 254 12 12
257 251 12 12
257 249 12 12
258 244 12 12
258 251 12 12
258 248 12 12
258 241 12 12
259 257 12 12
259 240 12 12
259 251 12 12
259 253 12 12
240 252 12 12
240 258 12 12
240 250 12 12
240 251 12 12
241 251 12 12
241 256 12 12
241 253 12 12
241 254 12 12
242 255 12 12
242 254 12 12
242 259 12 12
242 247 12 12
243 252 12 12
243 258 12 12
243 254 12 12
243 255 12 12
264 261 13 13
264 260 13 13
264 262 13 13
264 263 13 13
265 260 13 13
265 261 13 13
265 264 13 13
265 262 13 13
266 263 13 13
266 264 13 13
266 260 13 13
266 262 13 13
267 265 13 13
267 264 13 13
267 260 13 13
267 261 13 13
268 267 13 13
268 264 13 13
268 265 13 13
268 261 13 13
269 264 13 13
269 265 13 13
269 266 13 13
269 263 13 13
270 260 13 13
270 263 13 13
270 261 13 13
270 265 13 13
271 262 13 13
271 267 13 13
271 266 13 13
271 261 13 13
272 270 13 13
272 260 13 13
272 261 13 13
272 263 13 13
273 261 13 13
273 269 13 13
273 271 13 13
273 262 13 13
274 268 13 13
274 263 13 13
274 264 13 13
274 262 13 13
275 267 13 13
275 263 13 13
275 260 13 13
275 269 13 13
276 267 13 13
276 272 13 13
276 270 13 13
276 261 13 13
277 261 13 13
277 267 13 13
277 265 13 13
277 276 13 13
278 269 13 13
278 274 13 13
278 264 13 13
278 267 13 13
279 269 13 13
279 261 13 13
279 264 13 13
279 275 13 13
260 269 13 13
260 268 13 13
260 276 13 13
260 274 13 13
261 274 13 13
261 269 13 13
261 275 13 13
261 266 13 13
262 275 13 13
262 279 13 13
262 278 13 13
262 270 13 13
263 268 13 13
263 273 13 13
263 271 13 13
263 279 13 13
284 281 14 14
284 283 14 14
284 280 14 14
284 282 14 14
285 282 14 14
285 283 14 14
285 281 14 14
285 280 14 14
286 281 14 14
286 285 14 14
286 282 14 14
286 280 14 14
287 280 14 14
287 285 14 14
287 286 14 14
287 281 14 14
288 283 14 14
288 287 14 14
288 286 14 14
288 282 14 14
289 281 14 14
289 283 14 14
289 288 14 14
289 280 14 14
290 282 14 14
290 286 14 14
290 288 14 14
290 281 14 14
291 283 14 14
291 281 14 14
291 290 14 14
291 285 14 14
292 282 14 14
292 280 14 14
292 290 14 14
292 281 14 14
293 283 14 14
293 289 14 14
293 290 14 14
293 291 14 14
294 280 14 14
294 282 14 14
294 287 14 14
294 292 14 14
295 282 14 14
295 285 14 14
295 286 14 14
295 281 14 14
296 286 14 14
296 294 14 14
296 280 14 14
296 288 14 14
297 288 14 14
297 295 14 14
297 293 14 14
297 290 14 14
298 286 14 14
298 285 14 14
298 284 14 14
298 296 14 14
299 294 14 14
299 285 14 14
299 291 14 14
299 296 14 14
280 295 14 14
280 288 14 14
280 290 14 14
280 299 14 14
281 293 14 14
281 297 14 14
281 294 14 14
281 298 14 14
282 287 14 14
282 299 14 14
282 296 14 14
282 289 14 14
283 290 14 14
283 298 14 14
283 296 14 14
283 295 14 14
304 301 15 15
304 302 15 15
304 303 15 15
304 300 15 15
305 303 15 15
305 302 15 15
305 300 15 15
305 304 15 15
306 305 15 15
306 300 15 15
306 302 15 15
306 304 15 15
307 306 15 15
307 303 15 15
307 300 15 15
307 302 15 15
308 306 15 15
308 303 15 15
308 304 15 15
308 301 15 15
309 306 15 15
309 304 15 15
309 308 15 15
309 301 15 15
310 304 15 15
310 308 15 15
310 302 15 15
310 306 15 15
311 310 15 15
311 306 15 15
311 308 15 15
311 307 15 15
312 306 15 15
312 300 15 15
312 308 15 15
312 304 15 15
313 307 15 15
313 301 15 15
313 305 15 15
313 310 15 15
314 306 15 15
314 301 15 15
314 311 15 15
314 304 15 15
315 308 15 15
315 312 15 15
315 302 15 15
315 311 15 15
316 314 15 15
316 313 15 15
316 309 15 15
316 304 15 15
317 307 15 15
317 301 15 15
317 313 15 15
317 316 15 15
318 300 15 15
318 309 15 15
318 301 15 15
318 310 15 15
319 300 15 15
319 314 15 15
319 318 15 15
319 316 15 15
300 317 15 15
300 314 15 15
300 313 15 15
300 311 15 15
301 311 15 15
301 310 15 15
301 319 15 15
301 306 15 15
302 314 15 15
302 308 15 15
302 317 15 15
302 318 15 15
303 306 15 15
303 318 15 15
303 313 15 15
303 311 15 15
88 75 4 3
95 36 4 1
94 41 4 2
98 7 4 0
112 43 5 2
102 9 5 0
108 63 5 3
118 98 5 4
125 63 6 3
138 90 6 4
134 110 6 5
124 37 6 1
142 107 7 5
140 55 7 2
150 17 7 0
146 77 7 3
176 137 8 6
179 77 8 3
164 57 8 2
172 96 8 4
193 177 9 8
181 135 9 6
180 82 9 4
194 77 9 3
218 13 10 0
207 147 10 7
207 119 10 5
208 84 10 4
227 148 11 7
229 214 11 10
229 169 11 8
236 9 11 0
241 41 12 2
242 76 12 3
246 97 12 4
248 125 12 6
269 4 13 0
273 101 13 5
271 251 13 12
272 42 13 2
290 124 14 6
296 1 14 0
290 245 14 12
281 74 14 3
311 215 15 10
312 100 15 5
306 229 15 11
318 147 15 7
6 304 0 15
11 132 0 6
15 163 0 8
13 191 0 9
31 141 1 7
22 225 1 11
35 244 1 12
33 199 1 9
42 289 2 14
46 124 2 6
46 199 2 9
47 227 2 11
73 263 3 13
70 301 3 15
77 239 3 11
77 211 3 10
