swNum = 320
edgeNum = 1344

0 0
1 0
2 0
3 0
4 0
5 0
6 0
7 0
8 0
9 0
10 0
11 0
12 0
13 0
14 0
15 0
16 0
17 0
18 0
19 0
20 1
21 1
22 1
23 1
24 1
25 1
26 1
27 1
28 1
29 1
30 1
31 1
32 1
33 1
34 1
35 1
36 1
37 1
38 1
39 1
40 2
41 2
42 2
43 2
44 2
45 2
46 2
47 2
48 2
49 2
50 2
51 2
52 2
53 2
54 2
55 2
56 2
57 2
58 2
59 2
60 3
61 3
62 3
63 3
64 3
65 3
66 3
67 3
68 3
69 3
70 3
71 3
72 3
73 3
74 3
75 3
76 3
77 3
78 3
79 3
80 4
81 4
82 4
83 4
84 4
85 4
86 4
87 4
88 4
89 4
90 4
91 4
92 4
93 4
94 4
95 4
96 4
97 4
98 4
99 4
100 5
101 5
102 5
103 5
104 5
105 5
106 5
107 5
108 5
109 5
110 5
111 5
112 5
113 5
114 5
115 5
116 5
117 5
118 5
119 5
120 6
121 6
122 6
123 6
124 6
125 6
126 6
127 6
128 6
129 6
130 6
131 6
132 6
133 6
134 6
135 6
136 6
137 6
138 6
139 6
140 7
141 7
142 7
143 7
144 7
145 7
146 7
147 7
148 7
149 7
150 7
151 7
152 7
153 7
154 7
155 7
156 7
157 7
158 7
159 7
160 8
161 8
162 8
163 8
164 8
165 8
166 8
167 8
168 8
169 8
170 8
171 8
172 8
173 8
174 8
175 8
176 8
177 8
178 8
179 8
180 9
181 9
182 9
183 9
184 9
185 9
186 9
187 9
188 9
189 9
190 9
191 9
192 9
193 9
194 9
195 9
196 9
197 9
198 9
199 9
200 10
201 10
202 10
203 10
204 10
205 10
206 10
207 10
208 10
209 10
210 10
211 10
212 10
213 10
214 10
215 10
216 10
217 10
218 10
219 10
220 11
221 11
222 11
223 11
224 11
225 11
226 11
227 11
228 11
229 11
230 11
231 11
232 11
233 11
234 11
235 11
236 11
237 11
238 11
239 11
240 12
241 12
242 12
243 12
244 12
245 12
246 12
247 12
248 12
249 12
250 12
251 12
252 12
253 12
254 12
255 12
256 12
257 12
258 12
259 12
260 13
261 13
262 13
263 13
264 13
265 13
266 13
267 13
268 13
269 13
270 13
271 13
272 13
273 13
274 13
275 13
276 13
277 13
278 13
279 13
280 14
281 14
282 14
283 14
284 14
285 14
286 14
287 14
288 14
289 14
290 14
291 14
292 14
293 14
294 14
295 14
296 14
297 14
298 14
299 14
300 15
301 15
302 15
303 15
304 15
305 15
306 15
307 15
308 15
309 15
310 15
311 15
312 15
313 15
314 15
315 15
316 15
317 15
318 15
319 15

4 1 0 0
4 2 0 0
4 3 0 0
4 0 0 0
5 3 0 0
5 4 0 0
5 2 0 0
5 1 0 0
6 0 0 0
6 3 0 0
6 2 0 0
6 5 0 0
7 2 0 0
7 3 0 0
7 6 0 0
7 4 0 0
8 6 0 0
8 7 0 0
8 4 0 0
8 1 0 0
9 5 0 0
9 3 0 0
9 0 0 0
9 7 0 0
10 5 0 0
10 6 0 0
10 8 0 0
10 1 0 0
11 5 0 0
11 9 0 0
11 3 0 0
11 7 0 0
12 8 0 0
12 0 0 0
12 1 0 0
12 2 0 0
13 1 0 0
13 10 0 0
13 9 0 0
13 5 0 0
14 11 0 0
14 12 0 0
14 2 0 0
14 6 0 0
15 2 0 0
15 10 0 0
15 11 0 0
15 14 0 0
16 1 0 0
16 2 0 0
16 9 0 0
16 3 0 0
17 6 0 0
17 8 0 0
17 12 0 0
17 4 0 0
18 2 0 0
18 0 0 0
18 15 0 0
18 11 0 0
19 3 0 0
19 1 0 0
19 5 0 0
19 16 0 0
0 15 0 0
0 13 0 0
0 14 0 0
0 17 0 0
1 11 0 0
1 15 0 0
1 17 0 0
1 9 0 0
2 10 0 0
2 19 0 0
2 8 0 0
2 11 0 0
3 15 0 0
3 18 0 0
3 17 0 0
3 12 0 0
24 23 1 1
24 21 1 1
24 22 1 1
24 20 1 1
25 23 1 1
25 24 1 1
25 22 1 1
25 21 1 1
26 25 1 1
26 22 1 1
26 23 1 1
26 24 1 1
27 20 1 1
27 21 1 1
27 25 1 1
27 23 1 1
28 27 1 1
28 20 1 1
28 22 1 1
28 25 1 1
29 23 1 1
29 21 1 1
29 28 1 1
29 20 1 1
30 24 1 1
30 20 1 1
30 23 1 1
30 29 1 1
31 21 1 1
31 24 1 1
31 23 1 1
31 26 1 1
32 20 1 1
32 27 1 1
32 28 1 1
32 25 1 1
33 23 1 1
33 31 1 1
33 30 1 1
33 21 1 1
34 26 1 1
34 33 1 1
34 30 1 1
34 27 1 1
35 32 1 1
35 20 1 1
35 30 1 1
35 28 1 1
36 32 1 1
36 34 1 1
36 35 1 1
36 33 1 1
37 21 1 1
37 33 1 1
37 36 1 1
37 24 1 1
38 28 1 1
38 34 1 1
38 27 1 1
38 20 1 1
39 38 1 1
39 29 1 1
39 21 1 1
39 31 1 1
20 37 1 1
20 34 1 1
20 36 1 1
20 33 1 1
21 28 1 1
21 30 1 1
21 26 1 1
21 35 1 1
22 34 1 1
22 29 1 1
22 38 1 1
22 31 1 1
23 38 1 1
23 39 1 1
23 32 1 1
23 36 1 1
44 43 2 2
44 42 2 2
44 40 2 2
44 41 2 2
45 41 2 2
45 43 2 2
45 42 2 2
45 44 2 2
46 41 2 2
46 40 2 2
46 44 2 2
46 42 2 2
47 42 2 2
47 43 2 2
47 40 2 2
47 41 2 2
48 44 2 2
48 41 2 2
48 40 2 2
48 47 2 2
49 44 2 2
49 48 2 2
49 40 2 2
49 41 2 2
50 42 2 2
50 41 2 2
50 45 2 2
50 49 2 2
51 48 2 2
51 40 2 2
51 47 2 2
51 49 2 2
52 42 2 2
52 43 2 2
52 44 2 2
52 46 2 2
53 49 2 2
53 46 2 2
53 50 2 2
53 43 2 2
54 51 2 2
54 41 2 2
54 47 2 2
54 45 2 2
55 47 2 2
55 52 2 2
55 44 2 2
55 43 2 2
56 43 2 2
56 51 2 2
56 48 2 2
56 42 2 2
57 45 2 2
57 56 2 2
57 44 2 2
57 43 2 2
58 55 2 2
58 44 2 2
58 40 2 2
58 42 2 2
59 49 2 2
59 52 2 2
59 43 2 2
59 56 2 2
40 50 2 2
40 45 2 2
40 57 2 2
40 54 2 2
41 59 2 2
41 53 2 2
41 58 2 2
41 55 2 2
42 59 2 2
42 49 2 2
42 53 2 2
42 51 2 2
43 58 2 2
43 50 2 2
43 48 2 2
43 49 2 2
64 60 3 3
64 61 3 3
64 63 3 3
64 62 3 3
65 63 3 3
65 64 3 3
65 61 3 3
65 60 3 3
66 64 3 3
66 65 3 3
66 60 3 3
66 62 3 3
67 61 3 3
67 66 3 3
67 64 3 3
67 63 3 3
68 65 3 3
68 63 3 3
68 60 3 3
68 66 3 3
69 65 3 3
69 68 3 3
69 63 3 3
69 61 3 3
70 62 3 3
70 69 3 3
70 64 3 3
70 61 3 3
71 62 3 3
71 60 3 3
71 66 3 3
71 64 3 3
72 68 3 3
72 63 3 3
72 61 3 3
72 66 3 3
73 65 3 3
73 70 3 3
73 61 3 3
73 66 3 3
74 64 3 3
74 69 3 3
74 71 3 3
74 66 3 3
75 61 3 3
75 70 3 3
75 62 3 3
75 72 3 3
76 64 3 3
76 67 3 3
76 71 3 3
76 68 3 3
77 65 3 3
77 71 3 3
77 66 3 3
77 64 3 3
78 67 3 3
78 66 3 3
78 69 3 3
78 76 3 3
79 61 3 3
79 63 3 3
79 72 3 3
79 77 3 3
60 67 3 3
60 69 3 3
60 77 3 3
60 73 3 3
61 76 3 3
61 77 3 3
61 68 3 3
61 71 3 3
62 73 3 3
62 69 3 3
62 68 3 3
62 78 3 3
63 73 3 3
63 74 3 3
63 77 3 3
63 66 3 3
84 81 4 4
84 80 4 4
84 83 4 4
84 82 4 4
85 82 4 4
85 83 4 4
85 84 4 4
85 81 4 4
86 83 4 4
86 85 4 4
86 80 4 4
86 84 4 4
87 86 4 4
87 81 4 4
87 80 4 4
87 84 4 4
88 83 4 4
88 82 4 4
88 87 4 4
88 85 4 4
89 80 4 4
89 85 4 4
89 86 4 4
89 82 4 4
90 85 4 4
90 81 4 4
90 82 4 4
90 84 4 4
91 80 4 4
91 83 4 4
91 88 4 4
91 82 4 4
92 90 4 4
92 89 4 4
92 84 4 4
92 87 4 4
93 87 4 4
93 89 4 4
93 83 4 4
93 88 4 4
94 93 4 4
94 91 4 4
94 92 4 4
94 87 4 4
95 90 4 4
95 81 4 4
95 94 4 4
95 92 4 4
96 95 4 4
96 87 4 4
96 84 4 4
96 90 4 4
97 87 4 4
97 92 4 4
97 89 4 4
97 82 4 4
98 91 4 4
98 95 4 4
98 90 4 4
98 80 4 4
99 91 4 4
99 83 4 4
99 82 4 4
99 95 4 4
80 93 4 4
80 97 4 4
80 92 4 4
80 88 4 4
81 97 4 4
81 93 4 4
81 91 4 4
81 96 4 4
82 94 4 4
82 87 4 4
82 86 4 4
82 96 4 4
83 89 4 4
83 94 4 4
83 95 4 4
83 96 4 4
104 100 5 5
104 103 5 5
104 102 5 5
104 101 5 5
105 101 5 5
105 104 5 5
105 100 5 5
105 103 5 5
106 102 5 5
106 100 5 5
106 101 5 5
106 103 5 5
107 105 5 5
107 101 5 5
107 104 5 5
107 106 5 5
108 107 5 5
108 103 5 5
108 106 5 5
108 104 5 5
109 106 5 5
109 101 5 5
109 102 5 5
109 105 5 5
110 107 5 5
110 105 5 5
110 103 5 5
110 100 5 5
111 107 5 5
111 103 5 5
111 101 5 5
111 100 5 5
112 109 5 5
112 100 5 5
112 101 5 5
112 106 5 5
113 109 5 5
113 107 5 5
113 101 5 5
113 111 5 5
114 109 5 5
114 107 5 5
114 110 5 5
114 101 5 5
115 101 5 5
115 109 5 5
115 113 5 5
115 107 5 5
116 115 5 5
116 101 5 5
116 110 5 5
116 103 5 5
117 115 5 5
117 110 5 5
117 107 5 5
117 111 5 5
118 117 5 5
118 101 5 5
118 110 5 5
118 102 5 5
119 110 5 5
119 115 5 5
119 118 5 5
119 107 5 5
100 113 5 5
100 107 5 5
100 118 5 5
100 119 5 5
101 110 5 5
101 117 5 5
101 108 5 5
101 119 5 5
102 111 5 5
102 112 5 5
102 115 5 5
102 108 5 5
103 119 5 5
103 109 5 5
103 107 5 5
103 115 5 5
124 122 6 6
124 123 6 6
124 121 6 6
124 120 6 6
125 124 6 6
125 123 6 6
125 122 6 6
125 121 6 6
126 122 6 6
126 123 6 6
126 124 6 6
126 120 6 6
127 125 6 6
127 123 6 6
127 126 6 6
127 121 6 6
128 121 6 6
128 126 6 6
128 120 6 6
128 122 6 6
129 127 6 6
129 124 6 6
129 128 6 6
129 125 6 6
130 128 6 6
130 124 6 6
130 126 6 6
130 127 6 6
131 120 6 6
131 125 6 6
131 123 6 6
131 130 6 6
132 123 6 6
132 127 6 6
132 120 6 6
132 125 6 6
133 126 6 6
133 122 6 6
133 132 6 6
133 123 6 6
134 132 6 6
134 121 6 6
134 125 6 6
134 127 6 6
135 121 6 6
135 122 6 6
135 128 6 6
135 123 6 6
136 127 6 6
136 135 6 6
136 122 6 6
136 126 6 6
137 126 6 6
137 133 6 6
137 132 6 6
137 128 6 6
138 121 6 6
138 129 6 6
138 127 6 6
138 133 6 6
139 135 6 6
139 121 6 6
139 134 6 6
139 136 6 6
120 130 6 6
120 133 6 6
120 134 6 6
120 138 6 6
121 131 6 6
121 130 6 6
121 133 6 6
121 126 6 6
122 139 6 6
122 127 6 6
122 129 6 6
122 134 6 6
123 134 6 6
123 139 6 6
123 130 6 6
123 128 6 6
144 140 7 7
144 142 7 7
144 143 7 7
144 141 7 7
145 140 7 7
145 141 7 7
145 142 7 7
145 144 7 7
146 144 7 7
146 143 7 7
146 140 7 7
146 145 7 7
147 145 7 7
147 141 7 7
147 142 7 7
147 140 7 7
148 142 7 7
148 145 7 7
148 146 7 7
148 147 7 7
149 144 7 7
149 145 7 7
149 146 7 7
149 143 7 7
150 148 7 7
150 142 7 7
150 144 7 7
150 149 7 7
151 150 7 7
151 141 7 7
151 147 7 7
151 140 7 7
152 141 7 7
152 145 7 7
152 144 7 7
152 151 7 7
153 140 7 7
153 144 7 7
153 141 7 7
153 146 7 7
154 147 7 7
154 151 7 7
154 152 7 7
154 144 7 7
155 142 7 7
155 150 7 7
155 154 7 7
155 140 7 7
156 142 7 7
156 149 7 7
156 145 7 7
156 146 7 7
157 146 7 7
157 151 7 7
157 142 7 7
157 153 7 7
158 140 7 7
158 142 7 7
158 143 7 7
158 155 7 7
159 143 7 7
159 140 7 7
159 149 7 7
159 157 7 7
140 150 7 7
140 157 7 7
140 152 7 7
140 154 7 7
141 146 7 7
141 158 7 7
141 154 7 7
141 155 7 7
142 154 7 7
142 149 7 7
142 159 7 7
142 153 7 7
143 151 7 7
143 153 7 7
143 154 7 7
143 145 7 7
164 163 8 8
164 161 8 8
164 162 8 8
164 160 8 8
165 162 8 8
165 164 8 8
165 163 8 8
165 160 8 8
166 165 8 8
166 163 8 8
166 160 8 8
166 161 8 8
167 165 8 8
167 163 8 8
167 162 8 8
167 160 8 8
168 160 8 8
168 167 8 8
168 164 8 8
168 165 8 8
169 165 8 8
169 161 8 8
169 166 8 8
169 163 8 8
170 167 8 8
170 161 8 8
170 160 8 8
170 166 8 8
171 170 8 8
171 160 8 8
171 163 8 8
171 164 8 8
172 163 8 8
172 162 8 8
172 165 8 8
172 166 8 8
173 170 8 8
173 163 8 8
173 164 8 8
173 160 8 8
174 163 8 8
174 161 8 8
174 169 8 8
174 166 8 8
175 161 8 8
175 165 8 8
175 170 8 8
175 168 8 8
176 174 8 8
176 162 8 8
176 173 8 8
176 165 8 8
177 166 8 8
177 160 8 8
177 162 8 8
177 170 8 8
178 172 8 8
178 161 8 8
178 168 8 8
178 176 8 8
179 177 8 8
179 169 8 8
179 166 8 8
179 161 8 8
160 179 8 8
160 169 8 8
160 175 8 8
160 178 8 8
161 165 8 8
161 168 8 8
161 177 8 8
161 171 8 8
162 174 8 8
162 175 8 8
162 178 8 8
162 173 8 8
163 178 8 8
163 176 8 8
163 170 8 8
163 177 8 8
184 181 9 9
184 183 9 9
184 182 9 9
184 180 9 9
185 181 9 9
185 180 9 9
185 183 9 9
185 184 9 9
186 184 9 9
186 181 9 9
186 183 9 9
186 182 9 9
187 184 9 9
187 183 9 9
187 186 9 9
187 185 9 9
188 180 9 9
188 186 9 9
188 181 9 9
188 182 9 9
189 184 9 9
189 183 9 9
189 186 9 9
189 185 9 9
190 184 9 9
190 181 9 9
190 187 9 9
190 186 9 9
191 189 9 9
191 182 9 9
191 180 9 9
191 188 9 9
192 191 9 9
192 181 9 9
192 185 9 9
192 188 9 9
193 182 9 9
193 189 9 9
193 181 9 9
193 191 9 9
194 193 9 9
194 191 9 9
194 187 9 9
194 182 9 9
195 190 9 9
195 185 9 9
195 186 9 9
195 183 9 9
196 188 9 9
196 192 9 9
196 189 9 9
196 181 9 9
197 184 9 9
197 190 9 9
197 195 9 9
197 182 9 9
198 191 9 9
198 193 9 9
198 190 9 9
198 186 9 9
199 181 9 9
199 193 9 9
199 186 9 9
199 180 9 9
180 194 9 9
180 192 9 9
180 187 9 9
180 197 9 9
181 198 9 9
181 189 9 9
181 197 9 9
181 187 9 9
182 199 9 9
182 198 9 9
182 190 9 9
182 196 9 9
183 192 9 9
183 188 9 9
183 197 9 9
183 196 9 9
204 201 10 10
204 200 10 10
204 202 10 10
204 203 10 10
205 203 10 10
205 202 10 10
205 204 10 10
205 200 10 10
206 201 10 10
206 202 10 10
206 203 10 10
206 200 10 10
207 202 10 10
207 200 10 10
207 201 10 10
207 206 10 10
208 201 10 10
208 204 10 10
208 205 10 10
208 200 10 10
209 201 10 10
209 202 10 10
209 207 10 10
209 203 10 10
210 207 10 10
210 200 10 10
210 203 10 10
210 208 10 10
211 210 10 10
211 206 10 10
211 205 10 10
211 200 10 10
212 203 10 10
212 208 10 10
212 210 10 10
212 206 10 10
213 203 10 10
213 205 10 10
213 202 10 10
213 212 10 10
214 208 10 10
214 211 10 10
214 201 10 10
214 203 10 10
215 208 10 10
215 201 10 10
215 207 10 10
215 204 10 10
216 204 10 10
216 201 10 10
216 208 10 10
216 202 10 10
217 200 10 10
217 216 10 10
217 209 10 10
217 214 10 10
218 208 10 10
218 204 10 10
218 203 10 10
218 214 10 10
219 200 10 10
219 214 10 10
219 204 10 10
219 211 10 10
200 214 10 10
200 216 10 10
200 213 10 10
200 209 10 10
201 211 10 10
201 217 10 10
201 219 10 10
201 218 10 10
202 217 10 10
202 212 10 10
202 208 10 10
202 215 10 10
203 216 10 10
203 207 10 10
203 219 10 10
203 217 10 10
224 223 11 11
224 222 11 11
224 221 11 11
224 220 11 11
225 220 11 11
225 221 11 11
225 223 11 11
225 224 11 11
226 223 11 11
226 221 11 11
226 225 11 11
226 224 11 11
227 222 11 11
227 223 11 11
227 220 11 11
227 221 11 11
228 222 11 11
228 226 11 11
228 223 11 11
228 220 11 11
229 226 11 11
229 223 11 11
229 225 11 11
229 224 11 11
230 221 11 11
230 220 11 11
230 222 11 11
230 223 11 11
231 225 11 11
231 224 11 11
231 223 11 11
231 226 11 11
232 225 11 11
232 222 11 11
232 229 11 11
232 220 11 11
233 221 11 11
233 231 11 11
233 227 11 11
233 224 11 11
234 232 11 11
234 221 11 11
234 220 11 11
234 230 11 11
235 231 11 11
235 234 11 11
235 221 11 11
235 222 11 11
236 229 11 11
236 220 11 11
236 222 11 11
236 234 11 11
237 233 11 11
237 230 11 11
237 224 11 11
237 235 11 11
238 227 11 11
238 222 11 11
238 225 11 11
238 236 11 11
239 226 11 11
239 233 11 11
239 229 11 11
239 224 11 11
220 238 11 11
220 226 11 11
220 229 11 11
220 233 11 11
221 229 11 11
221 237 11 11
221 231 11 11
221 232 11 11
222 237 11 11
222 229 11 11
222 233 11 11
222 231 11 11
223 237 11 11
223 233 11 11
223 234 11 11
223 239 11 11
244 240 12 12
244 241 12 12
244 242 12 12
244 243 12 12
245 243 12 12
245 242 12 12
245 241 12 12
245 240 12 12
246 245 12 12
246 241 12 12
246 243 12 12
246 240 12 12
247 243 12 12
247 246 12 12
247 241 12 12
247 240 12 12
248 245 12 12
248 242 12 12
248 240 12 12
248 243 12 12
249 247 12 12
249 243 12 12
249 242 12 12
249 240 12 12
250 246 12 12
250 242 12 12
250 249 12 12
250 244 12 12
251 241 12 12
251 242 12 12
251 249 12 12
251 247 12 12
252 247 12 12
252 245 12 12
252 249 12 12
252 243 12 12
253 244 12 12
253 242 12 12
253 248 12 12
253 241 12 12
254 249 12 12
254 248 12 12
254 247 12 12
254 242 12 12
255 253 12 12
255 254 12 12
255 244 12 12
255 240 12 12
256 248 12 12
256 241 12 12
256 254 12 12
256 245 12 12
257 253 12 12
257 255 12 12
257 244 12 12
257 248 12 12
258 248 12 12
258 254 12 12
258 250 12 12
258 245 12 12
259 242 12 12
259 250 12 12
259 247 12 12
259 252 12 12
240 257 12 12
240 252 12 12
240 251 12 12
240 253 12 12
241 254 12 12
241 248 12 12
241 259 12 12
241 255 12 12
242 256 12 12
242 247 12 12
242 246 12 12
242 258 12 12
243 250 12 12
243 254 12 12
243 258 12 12
243 259 12 12
264 262 13 13
264 263 13 13
264 260 13 13
264 261 13 13
265 262 13 13
265 260 13 13
265 261 13 13
265 263 13 13
266 264 13 13
266 263 13 13
266 260 13 13
266 265 13 13
267 262 13 13
267 265 13 13
267 261 13 13
267 264 13 13
268 260 13 13
268 261 13 13
268 266 13 13
268 267 13 13
269 267 13 13
269 263 13 13
269 266 13 13
269 260 13 13
270 266 13 13
270 260 13 13
270 263 13 13
270 262 13 13
271 262 13 13
271 264 13 13
271 266 13 13
271 263 13 13
272 261 13 13
272 265 13 13
272 262 13 13
272 270 13 13
273 272 13 13
273 266 13 13
273 267 13 13
273 263 13 13
274 265 13 13
274 266 13 13
274 272 13 13
274 268 13 13
275 274 13 13
275 266 13 13
275 260 13 13
275 268 13 13
276 275 13 13
276 266 13 13
276 272 13 13
276 265 13 13
277 267 13 13
277 260 13 13
277 272 13 13
277 261 13 13
278 263 13 13
278 271 13 13
278 262 13 13
278 272 13 13
279 266 13 13
279 275 13 13
279 263 13 13
279 276 13 13
260 267 13 13
260 276 13 13
260 273 13 13
260 271 13 13
261 271 13 13
261 278 13 13
261 274 13 13
261 275 13 13
262 277 13 13
262 275 13 13
262 269 13 13
262 274 13 13
263 272 13 13
263 274 13 13
263 267 13 13
263 276 13 13
284 280 14 14
284 282 14 14
284 283 14 14
284 281 14 14
285 281 14 14
285 280 14 14
285 283 14 14
285 282 14 14
286 283 14 14
286 281 14 14
286 285 14 14
286 284 14 14
287 285 14 14
287 280 14 14
287 281 14 14
287 286 14 14
288 287 14 14
288 281 14 14
288 282 14 14
288 284 14 14
289 285 14 14
289 287 14 14
289 284 14 14
289 281 14 14
290 283 14 14
290 280 14 14
290 282 14 14
290 288 14 14
291 283 14 14
291 286 14 14
291 288 14 14
291 282 14 14
292 282 14 14
292 280 14 14
292 286 14 14
292 285 14 14
293 282 14 14
293 280 14 14
293 283 14 14
293 285 14 14
294 282 14 14
294 284 14 14
294 285 14 14
294 289 14 14
295 282 14 14
295 294 14 14
295 291 14 14
295 286 14 14
296 290 14 14
296 287 14 14
296 292 14 14
296 284 14 14
297 293 14 14
297 294 14 14
297 282 14 14
297 287 14 14
298 284 14 14
298 292 14 14
298 294 14 14
298 288 14 14
299 285 14 14
299 293 14 14
299 280 14 14
299 288 14 14
280 291 14 14
280 295 14 14
280 288 14 14
280 297 14 14
281 290 14 14
281 292 14 14
281 299 14 14
281 295 14 14
282 289 14 14
282 287 14 14
282 296 14 14
282 298 14 14
283 288 14 14
283 292 14 14
283 294 14 14
283 287 14 14
304 301 15 15
304 303 15 15
304 302 15 15
304 300 15 15
305 301 15 15
305 302 15 15
305 303 15 15
305 304 15 15
306 302 15 15
306 301 15 15
306 305 15 15
306 300 15 15
307 303 15 15
307 301 15 15
307 304 15 15
307 300 15 15
308 306 15 15
308 304 15 15
308 302 15 15
308 303 15 15
309 300 15 15
309 308 15 15
309 303 15 15
309 307 15 15
310 300 15 15
310 302 15 15
310 305 15 15
310 308 15 15
311 301 15 15
311 307 15 15
311 308 15 15
311 302 15 15
312 306 15 15
312 310 15 15
312 300 15 15
312 302 15 15
313 304 15 15
313 311 15 15
313 301 15 15
313 307 15 15
314 307 15 15
314 300 15 15
314 302 15 15
314 308 15 15
315 305 15 15
315 307 15 15
315 311 15 15
315 301 15 15
316 311 15 15
316 304 15 15
316 314 15 15
316 303 15 15
317 310 15 15
317 306 15 15
317 303 15 15
317 312 15 15
318 311 15 15
318 316 15 15
318 309 15 15
318 303 15 15
319 311 15 15
319 301 15 15
319 305 15 15
319 317 15 15
300 317 15 15
300 308 15 15
300 311 15 15
300 319 15 15
301 316 15 15
301 312 15 15
301 310 15 15
301 314 15 15
302 315 15 15
302 309 15 15
302 316 15 15
302 313 15 15
303 314 15 15
303 313 15 15
303 310 15 15
303 319 15 15
97 58 4 2
85 61 4 3
96 6 4 0
80 22 4 1
116 97 5 4
101 6 5 0
105 72 5 3
117 45 5 2
132 51 6 2
137 15 6 0
137 79 6 3
121 93 6 4
151 10 7 0
158 50 7 2
149 61 7 3
144 131 7 6
177 31 8 1
175 159 8 7
177 77 8 3
176 18 8 0
192 15 9 0
184 28 9 1
188 44 9 2
188 121 9 6
218 136 10 6
213 180 10 9
218 92 10 4
201 70 10 3
226 43 11 2
231 30 11 1
231 100 11 5
221 161 11 8
259 219 12 10
252 96 12 4
255 101 12 5
253 41 12 2
269 171 13 8
266 39 13 1
271 238 13 11
267 157 13 7
290 15 14 0
297 92 14 4
289 247 14 12
290 117 14 5
306 37 15 1
316 77 15 3
304 55 15 2
311 236 15 11
7 249 0 12
19 225 0 11
3 269 0 13
1 305 0 15
21 106 1 5
27 145 1 7
25 257 1 12
25 133 1 6
57 168 2 8
42 267 2 13
42 299 2 14
48 204 2 10
70 224 3 11
78 269 3 13
75 197 3 9
75 259 3 12
