swNum = 320
edgeNum = 1344

0 0
1 0
2 0
3 0
4 0
5 0
6 0
7 0
8 0
9 0
10 0
11 0
12 0
13 0
14 0
15 0
16 0
17 0
18 0
19 0
20 1
21 1
22 1
23 1
24 1
25 1
26 1
27 1
28 1
29 1
30 1
31 1
32 1
33 1
34 1
35 1
36 1
37 1
38 1
39 1
40 2
41 2
42 2
43 2
44 2
45 2
46 2
47 2
48 2
49 2
50 2
51 2
52 2
53 2
54 2
55 2
56 2
57 2
58 2
59 2
60 3
61 3
62 3
63 3
64 3
65 3
66 3
67 3
68 3
69 3
70 3
71 3
72 3
73 3
74 3
75 3
76 3
77 3
78 3
79 3
80 4
81 4
82 4
83 4
84 4
85 4
86 4
87 4
88 4
89 4
90 4
91 4
92 4
93 4
94 4
95 4
96 4
97 4
98 4
99 4
100 5
101 5
102 5
103 5
104 5
105 5
106 5
107 5
108 5
109 5
110 5
111 5
112 5
113 5
114 5
115 5
116 5
117 5
118 5
119 5
120 6
121 6
122 6
123 6
124 6
125 6
126 6
127 6
128 6
129 6
130 6
131 6
132 6
133 6
134 6
135 6
136 6
137 6
138 6
139 6
140 7
141 7
142 7
143 7
144 7
145 7
146 7
147 7
148 7
149 7
150 7
151 7
152 7
153 7
154 7
155 7
156 7
157 7
158 7
159 7
160 8
161 8
162 8
163 8
164 8
165 8
166 8
167 8
168 8
169 8
170 8
171 8
172 8
173 8
174 8
175 8
176 8
177 8
178 8
179 8
180 9
181 9
182 9
183 9
184 9
185 9
186 9
187 9
188 9
189 9
190 9
191 9
192 9
193 9
194 9
195 9
196 9
197 9
198 9
199 9
200 10
201 10
202 10
203 10
204 10
205 10
206 10
207 10
208 10
209 10
210 10
211 10
212 10
213 10
214 10
215 10
216 10
217 10
218 10
219 10
220 11
221 11
222 11
223 11
224 11
225 11
226 11
227 11
228 11
229 11
230 11
231 11
232 11
233 11
234 11
235 11
236 11
237 11
238 11
239 11
240 12
241 12
242 12
243 12
244 12
245 12
246 12
247 12
248 12
249 12
250 12
251 12
252 12
253 12
254 12
255 12
256 12
257 12
258 12
259 12
260 13
261 13
262 13
263 13
264 13
265 13
266 13
267 13
268 13
269 13
270 13
271 13
272 13
273 13
274 13
275 13
276 13
277 13
278 13
279 13
280 14
281 14
282 14
283 14
284 14
285 14
286 14
287 14
288 14
289 14
290 14
291 14
292 14
293 14
294 14
295 14
296 14
297 14
298 14
299 14
300 15
301 15
302 15
303 15
304 15
305 15
306 15
307 15
308 15
309 15
310 15
311 15
312 15
313 15
314 15
315 15
316 15
317 15
318 15
319 15

4 3 0 0
4 1 0 0
4 2 0 0
4 0 0 0
5 3 0 0
5 4 0 0
5 1 0 0
5 0 0 0
6 1 0 0
6 0 0 0
6 3 0 0
6 2 0 0
7 5 0 0
7 6 0 0
7 0 0 0
7 3 0 0
8 1 0 0
8 7 0 0
8 2 0 0
8 3 0 0
9 3 0 0
9 0 0 0
9 5 0 0
9 6 0 0
10 7 0 0
10 3 0 0
10 0 0 0
10 6 0 0
11 1 0 0
11 5 0 0
11 9 0 0
11 10 0 0
12 6 0 0
12 10 0 0
12 5 0 0
12 3 0 0
13 7 0 0
13 10 0 0
13 6 0 0
13 8 0 0
14 5 0 0
14 13 0 0
14 3 0 0
14 0 0 0
15 1 0 0
15 11 0 0
15 5 0 0
15 12 0 0
16 9 0 0
16 5 0 0
16 11 0 0
16 0 0 0
17 10 0 0
17 13 0 0
17 0 0 0
17 4 0 0
18 6 0 0
18 0 0 0
18 17 0 0
18 5 0 0
19 13 0 0
19 6 0 0
19 7 0 0
19 17 0 0
0 15 0 0
0 13 0 0
0 11 0 0
0 12 0 0
1 16 0 0
1 12 0 0
1 14 0 0
1 9 0 0
2 12 0 0
2 7 0 0
2 11 0 0
2 13 0 0
3 16 0 0
3 19 0 0
3 11 0 0
3 13 0 0
24 23 1 1
24 21 1 1
24 20 1 1
24 22 1 1
25 22 1 1
25 21 1 1
25 20 1 1
25 24 1 1
26 25 1 1
26 24 1 1
26 21 1 1
26 22 1 1
27 25 1 1
27 21 1 1
27 22 1 1
27 20 1 1
28 27 1 1
28 24 1 1
28 26 1 1
28 22 1 1
29 22 1 1
29 21 1 1
29 20 1 1
29 25 1 1
30 20 1 1
30 24 1 1
30 27 1 1
30 28 1 1
31 24 1 1
31 21 1 1
31 28 1 1
31 29 1 1
32 24 1 1
32 28 1 1
32 20 1 1
32 26 1 1
33 31 1 1
33 23 1 1
33 30 1 1
33 24 1 1
34 22 1 1
34 33 1 1
34 20 1 1
34 29 1 1
35 23 1 1
35 33 1 1
35 27 1 1
35 31 1 1
36 23 1 1
36 32 1 1
36 33 1 1
36 22 1 1
37 24 1 1
37 33 1 1
37 23 1 1
37 32 1 1
38 23 1 1
38 35 1 1
38 36 1 1
38 21 1 1
39 36 1 1
39 20 1 1
39 33 1 1
39 24 1 1
20 37 1 1
20 35 1 1
20 33 1 1
20 31 1 1
21 39 1 1
21 33 1 1
21 34 1 1
21 30 1 1
22 39 1 1
22 30 1 1
22 37 1 1
22 31 1 1
23 29 1 1
23 30 1 1
23 31 1 1
23 27 1 1
44 41 2 2
44 40 2 2
44 43 2 2
44 42 2 2
45 41 2 2
45 40 2 2
45 43 2 2
45 44 2 2
46 41 2 2
46 44 2 2
46 40 2 2
46 42 2 2
47 42 2 2
47 46 2 2
47 45 2 2
47 40 2 2
48 47 2 2
48 43 2 2
48 42 2 2
48 44 2 2
49 47 2 2
49 48 2 2
49 42 2 2
49 44 2 2
50 44 2 2
50 45 2 2
50 47 2 2
50 43 2 2
51 45 2 2
51 43 2 2
51 49 2 2
51 48 2 2
52 47 2 2
52 42 2 2
52 49 2 2
52 40 2 2
53 49 2 2
53 51 2 2
53 42 2 2
53 52 2 2
54 45 2 2
54 47 2 2
54 51 2 2
54 46 2 2
55 45 2 2
55 41 2 2
55 50 2 2
55 46 2 2
56 43 2 2
56 47 2 2
56 48 2 2
56 53 2 2
57 54 2 2
57 41 2 2
57 40 2 2
57 44 2 2
58 52 2 2
58 41 2 2
58 48 2 2
58 55 2 2
59 44 2 2
59 43 2 2
59 58 2 2
59 40 2 2
40 50 2 2
40 58 2 2
40 55 2 2
40 53 2 2
41 54 2 2
41 53 2 2
41 50 2 2
41 47 2 2
42 54 2 2
42 56 2 2
42 57 2 2
42 51 2 2
43 52 2 2
43 46 2 2
43 57 2 2
43 55 2 2
64 61 3 3
64 60 3 3
64 62 3 3
64 63 3 3
65 63 3 3
65 62 3 3
65 64 3 3
65 60 3 3
66 63 3 3
66 61 3 3
66 64 3 3
66 65 3 3
67 61 3 3
67 66 3 3
67 62 3 3
67 64 3 3
68 63 3 3
68 60 3 3
68 66 3 3
68 64 3 3
69 66 3 3
69 68 3 3
69 61 3 3
69 65 3 3
70 61 3 3
70 67 3 3
70 60 3 3
70 69 3 3
71 66 3 3
71 63 3 3
71 69 3 3
71 64 3 3
72 61 3 3
72 62 3 3
72 65 3 3
72 70 3 3
73 61 3 3
73 72 3 3
73 70 3 3
73 67 3 3
74 70 3 3
74 69 3 3
74 66 3 3
74 64 3 3
75 67 3 3
75 62 3 3
75 61 3 3
75 73 3 3
76 67 3 3
76 72 3 3
76 61 3 3
76 70 3 3
77 73 3 3
77 65 3 3
77 63 3 3
77 70 3 3
78 73 3 3
78 67 3 3
78 65 3 3
78 75 3 3
79 61 3 3
79 74 3 3
79 70 3 3
79 77 3 3
60 74 3 3
60 75 3 3
60 67 3 3
60 69 3 3
61 77 3 3
61 78 3 3
61 71 3 3
61 74 3 3
62 77 3 3
62 73 3 3
62 68 3 3
62 78 3 3
63 79 3 3
63 78 3 3
63 74 3 3
63 70 3 3
84 81 4 4
84 83 4 4
84 80 4 4
84 82 4 4
85 83 4 4
85 80 4 4
85 84 4 4
85 81 4 4
86 80 4 4
86 85 4 4
86 83 4 4
86 84 4 4
87 80 4 4
87 83 4 4
87 81 4 4
87 84 4 4
88 86 4 4
88 83 4 4
88 85 4 4
88 84 4 4
89 86 4 4
89 80 4 4
89 85 4 4
89 88 4 4
90 84 4 4
90 87 4 4
90 83 4 4
90 85 4 4
91 82 4 4
91 83 4 4
91 81 4 4
91 86 4 4
92 86 4 4
92 80 4 4
92 89 4 4
92 84 4 4
93 89 4 4
93 81 4 4
93 83 4 4
93 92 4 4
94 84 4 4
94 81 4 4
94 90 4 4
94 87 4 4
95 90 4 4
95 83 4 4
95 87 4 4
95 84 4 4
96 95 4 4
96 90 4 4
96 81 4 4
96 84 4 4
97 91 4 4
97 80 4 4
97 86 4 4
97 83 4 4
98 80 4 4
98 88 4 4
98 85 4 4
98 97 4 4
99 97 4 4
99 91 4 4
99 93 4 4
99 94 4 4
80 90 4 4
80 88 4 4
80 99 4 4
80 93 4 4
81 95 4 4
81 90 4 4
81 86 4 4
81 92 4 4
82 99 4 4
82 92 4 4
82 97 4 4
82 87 4 4
83 89 4 4
83 99 4 4
83 96 4 4
83 92 4 4
104 101 5 5
104 103 5 5
104 102 5 5
104 100 5 5
105 101 5 5
105 104 5 5
105 103 5 5
105 100 5 5
106 104 5 5
106 100 5 5
106 103 5 5
106 105 5 5
107 101 5 5
107 106 5 5
107 103 5 5
107 100 5 5
108 104 5 5
108 103 5 5
108 101 5 5
108 105 5 5
109 101 5 5
109 100 5 5
109 105 5 5
109 108 5 5
110 104 5 5
110 102 5 5
110 107 5 5
110 105 5 5
111 109 5 5
111 106 5 5
111 107 5 5
111 110 5 5
112 104 5 5
112 111 5 5
112 100 5 5
112 109 5 5
113 100 5 5
113 107 5 5
113 110 5 5
113 106 5 5
114 111 5 5
114 101 5 5
114 112 5 5
114 103 5 5
115 104 5 5
115 100 5 5
115 109 5 5
115 112 5 5
116 104 5 5
116 101 5 5
116 112 5 5
116 114 5 5
117 113 5 5
117 109 5 5
117 102 5 5
117 115 5 5
118 117 5 5
118 105 5 5
118 106 5 5
118 100 5 5
119 115 5 5
119 106 5 5
119 101 5 5
119 118 5 5
100 108 5 5
100 117 5 5
100 116 5 5
100 114 5 5
101 113 5 5
101 111 5 5
101 117 5 5
101 112 5 5
102 105 5 5
102 115 5 5
102 107 5 5
102 111 5 5
103 118 5 5
103 116 5 5
103 111 5 5
103 109 5 5
124 122 6 6
124 123 6 6
124 121 6 6
124 120 6 6
125 124 6 6
125 123 6 6
125 122 6 6
125 121 6 6
126 120 6 6
126 121 6 6
126 125 6 6
126 122 6 6
127 125 6 6
127 123 6 6
127 121 6 6
127 124 6 6
128 122 6 6
128 124 6 6
128 127 6 6
128 125 6 6
129 120 6 6
129 126 6 6
129 125 6 6
129 127 6 6
130 126 6 6
130 120 6 6
130 128 6 6
130 121 6 6
131 123 6 6
131 130 6 6
131 126 6 6
131 120 6 6
132 126 6 6
132 120 6 6
132 122 6 6
132 129 6 6
133 125 6 6
133 128 6 6
133 131 6 6
133 121 6 6
134 132 6 6
134 122 6 6
134 128 6 6
134 123 6 6
135 130 6 6
135 131 6 6
135 121 6 6
135 128 6 6
136 134 6 6
136 124 6 6
136 125 6 6
136 128 6 6
137 136 6 6
137 122 6 6
137 135 6 6
137 131 6 6
138 125 6 6
138 122 6 6
138 128 6 6
138 121 6 6
139 138 6 6
139 130 6 6
139 129 6 6
139 120 6 6
120 137 6 6
120 135 6 6
120 136 6 6
120 128 6 6
121 128 6 6
121 139 6 6
121 129 6 6
121 131 6 6
122 127 6 6
122 131 6 6
122 136 6 6
122 133 6 6
123 132 6 6
123 139 6 6
123 126 6 6
123 137 6 6
144 141 7 7
144 140 7 7
144 143 7 7
144 142 7 7
145 141 7 7
145 143 7 7
145 142 7 7
145 140 7 7
146 145 7 7
146 140 7 7
146 144 7 7
146 142 7 7
147 141 7 7
147 142 7 7
147 143 7 7
147 146 7 7
148 141 7 7
148 140 7 7
148 147 7 7
148 146 7 7
149 142 7 7
149 148 7 7
149 147 7 7
149 145 7 7
150 147 7 7
150 141 7 7
150 149 7 7
150 146 7 7
151 141 7 7
151 146 7 7
151 140 7 7
151 143 7 7
152 151 7 7
152 141 7 7
152 148 7 7
152 145 7 7
153 142 7 7
153 147 7 7
153 151 7 7
153 150 7 7
154 140 7 7
154 149 7 7
154 142 7 7
154 148 7 7
155 150 7 7
155 152 7 7
155 151 7 7
155 153 7 7
156 147 7 7
156 141 7 7
156 149 7 7
156 148 7 7
157 155 7 7
157 156 7 7
157 150 7 7
157 152 7 7
158 151 7 7
158 152 7 7
158 157 7 7
158 153 7 7
159 140 7 7
159 154 7 7
159 143 7 7
159 146 7 7
140 147 7 7
140 152 7 7
140 157 7 7
140 153 7 7
141 154 7 7
141 157 7 7
141 158 7 7
141 155 7 7
142 156 7 7
142 159 7 7
142 148 7 7
142 152 7 7
143 156 7 7
143 148 7 7
143 149 7 7
143 154 7 7
164 163 8 8
164 161 8 8
164 162 8 8
164 160 8 8
165 160 8 8
165 162 8 8
165 163 8 8
165 161 8 8
166 160 8 8
166 162 8 8
166 161 8 8
166 165 8 8
167 162 8 8
167 166 8 8
167 163 8 8
167 160 8 8
168 162 8 8
168 166 8 8
168 160 8 8
168 167 8 8
169 161 8 8
169 165 8 8
169 160 8 8
169 166 8 8
170 169 8 8
170 165 8 8
170 163 8 8
170 160 8 8
171 160 8 8
171 169 8 8
171 167 8 8
171 166 8 8
172 164 8 8
172 166 8 8
172 167 8 8
172 165 8 8
173 170 8 8
173 160 8 8
173 171 8 8
173 163 8 8
174 164 8 8
174 172 8 8
174 162 8 8
174 173 8 8
175 174 8 8
175 161 8 8
175 172 8 8
175 170 8 8
176 167 8 8
176 169 8 8
176 171 8 8
176 175 8 8
177 162 8 8
177 168 8 8
177 165 8 8
177 176 8 8
178 175 8 8
178 174 8 8
178 170 8 8
178 161 8 8
179 169 8 8
179 172 8 8
179 175 8 8
179 160 8 8
160 177 8 8
160 172 8 8
160 174 8 8
160 178 8 8
161 172 8 8
161 174 8 8
161 177 8 8
161 170 8 8
162 179 8 8
162 169 8 8
162 175 8 8
162 170 8 8
163 169 8 8
163 172 8 8
163 168 8 8
163 177 8 8
184 182 9 9
184 180 9 9
184 183 9 9
184 181 9 9
185 183 9 9
185 182 9 9
185 181 9 9
185 184 9 9
186 181 9 9
186 180 9 9
186 182 9 9
186 184 9 9
187 181 9 9
187 183 9 9
187 184 9 9
187 186 9 9
188 186 9 9
188 181 9 9
188 187 9 9
188 182 9 9
189 184 9 9
189 180 9 9
189 183 9 9
189 182 9 9
190 184 9 9
190 186 9 9
190 181 9 9
190 187 9 9
191 189 9 9
191 181 9 9
191 184 9 9
191 190 9 9
192 187 9 9
192 185 9 9
192 180 9 9
192 188 9 9
193 188 9 9
193 183 9 9
193 187 9 9
193 181 9 9
194 180 9 9
194 187 9 9
194 186 9 9
194 181 9 9
195 185 9 9
195 193 9 9
195 183 9 9
195 188 9 9
196 195 9 9
196 186 9 9
196 194 9 9
196 185 9 9
197 180 9 9
197 188 9 9
197 182 9 9
197 185 9 9
198 187 9 9
198 197 9 9
198 194 9 9
198 192 9 9
199 194 9 9
199 181 9 9
199 186 9 9
199 190 9 9
180 195 9 9
180 193 9 9
180 199 9 9
180 187 9 9
181 195 9 9
181 197 9 9
181 192 9 9
181 196 9 9
182 190 9 9
182 194 9 9
182 191 9 9
182 195 9 9
183 194 9 9
183 191 9 9
183 197 9 9
183 186 9 9
204 201 10 10
204 202 10 10
204 203 10 10
204 200 10 10
205 203 10 10
205 200 10 10
205 201 10 10
205 202 10 10
206 204 10 10
206 200 10 10
206 203 10 10
206 205 10 10
207 205 10 10
207 200 10 10
207 206 10 10
207 201 10 10
208 207 10 10
208 201 10 10
208 205 10 10
208 204 10 10
209 205 10 10
209 201 10 10
209 207 10 10
209 200 10 10
210 201 10 10
210 202 10 10
210 204 10 10
210 206 10 10
211 205 10 10
211 201 10 10
211 207 10 10
211 209 10 10
212 208 10 10
212 210 10 10
212 211 10 10
212 205 10 10
213 206 10 10
213 201 10 10
213 210 10 10
213 204 10 10
214 212 10 10
214 202 10 10
214 204 10 10
214 201 10 10
215 201 10 10
215 202 10 10
215 213 10 10
215 210 10 10
216 209 10 10
216 205 10 10
216 213 10 10
216 211 10 10
217 203 10 10
217 211 10 10
217 205 10 10
217 201 10 10
218 212 10 10
218 203 10 10
218 214 10 10
218 205 10 10
219 200 10 10
219 215 10 10
219 203 10 10
219 214 10 10
200 213 10 10
200 217 10 10
200 210 10 10
200 215 10 10
201 219 10 10
201 218 10 10
201 216 10 10
201 212 10 10
202 213 10 10
202 211 10 10
202 217 10 10
202 219 10 10
203 212 10 10
203 211 10 10
203 208 10 10
203 214 10 10
224 221 11 11
224 223 11 11
224 222 11 11
224 220 11 11
225 222 11 11
225 223 11 11
225 220 11 11
225 221 11 11
226 225 11 11
226 224 11 11
226 223 11 11
226 221 11 11
227 223 11 11
227 226 11 11
227 225 11 11
227 224 11 11
228 227 11 11
228 222 11 11
228 224 11 11
228 225 11 11
229 220 11 11
229 221 11 11
229 226 11 11
229 228 11 11
230 227 11 11
230 221 11 11
230 226 11 11
230 224 11 11
231 230 11 11
231 220 11 11
231 229 11 11
231 228 11 11
232 227 11 11
232 229 11 11
232 221 11 11
232 224 11 11
233 228 11 11
233 221 11 11
233 227 11 11
233 224 11 11
234 229 11 11
234 233 11 11
234 232 11 11
234 228 11 11
235 226 11 11
235 229 11 11
235 225 11 11
235 222 11 11
236 221 11 11
236 227 11 11
236 231 11 11
236 234 11 11
237 228 11 11
237 233 11 11
237 226 11 11
237 236 11 11
238 222 11 11
238 230 11 11
238 236 11 11
238 224 11 11
239 236 11 11
239 238 11 11
239 220 11 11
239 221 11 11
220 238 11 11
220 232 11 11
220 236 11 11
220 226 11 11
221 227 11 11
221 238 11 11
221 235 11 11
221 228 11 11
222 232 11 11
222 229 11 11
222 227 11 11
222 236 11 11
223 230 11 11
223 229 11 11
223 232 11 11
223 235 11 11
244 241 12 12
244 243 12 12
244 240 12 12
244 242 12 12
245 242 12 12
245 243 12 12
245 240 12 12
245 241 12 12
246 243 12 12
246 244 12 12
246 240 12 12
246 241 12 12
247 240 12 12
247 241 12 12
247 242 12 12
247 245 12 12
248 244 12 12
248 246 12 12
248 240 12 12
248 247 12 12
249 246 12 12
249 248 12 12
249 244 12 12
249 247 12 12
250 249 12 12
250 244 12 12
250 243 12 12
250 248 12 12
251 250 12 12
251 248 12 12
251 249 12 12
251 246 12 12
252 247 12 12
252 244 12 12
252 250 12 12
252 246 12 12
253 250 12 12
253 244 12 12
253 251 12 12
253 246 12 12
254 244 12 12
254 245 12 12
254 250 12 12
254 253 12 12
255 250 12 12
255 251 12 12
255 241 12 12
255 243 12 12
256 255 12 12
256 245 12 12
256 250 12 12
256 246 12 12
257 246 12 12
257 250 12 12
257 248 12 12
257 254 12 12
258 257 12 12
258 250 12 12
258 251 12 12
258 246 12 12
259 250 12 12
259 255 12 12
259 251 12 12
259 252 12 12
240 256 12 12
240 253 12 12
240 252 12 12
240 254 12 12
241 249 12 12
241 259 12 12
241 257 12 12
241 251 12 12
242 249 12 12
242 259 12 12
242 250 12 12
242 255 12 12
243 249 12 12
243 257 12 12
243 256 12 12
243 253 12 12
264 260 13 13
264 261 13 13
264 263 13 13
264 262 13 13
265 264 13 13
265 262 13 13
265 261 13 13
265 260 13 13
266 264 13 13
266 261 13 13
266 265 13 13
266 260 13 13
267 261 13 13
267 266 13 13
267 262 13 13
267 265 13 13
268 261 13 13
268 266 13 13
268 263 13 13
268 267 13 13
269 265 13 13
269 260 13 13
269 261 13 13
269 268 13 13
270 260 13 13
270 261 13 13
270 264 13 13
270 266 13 13
271 267 13 13
271 265 13 13
271 262 13 13
271 264 13 13
272 262 13 13
272 266 13 13
272 267 13 13
272 269 13 13
273 267 13 13
273 271 13 13
273 268 13 13
273 269 13 13
274 269 13 13
274 265 13 13
274 271 13 13
274 268 13 13
275 269 13 13
275 273 13 13
275 264 13 13
275 274 13 13
276 271 13 13
276 272 13 13
276 261 13 13
276 268 13 13
277 264 13 13
277 260 13 13
277 263 13 13
277 261 13 13
278 273 13 13
278 263 13 13
278 271 13 13
278 276 13 13
279 267 13 13
279 268 13 13
279 263 13 13
279 276 13 13
260 278 13 13
260 273 13 13
260 279 13 13
260 275 13 13
261 275 13 13
261 273 13 13
261 271 13 13
261 278 13 13
262 274 13 13
262 268 13 13
262 269 13 13
262 278 13 13
263 270 13 13
263 271 13 13
263 276 13 13
263 275 13 13
284 283 14 14
284 281 14 14
284 280 14 14
284 282 14 14
285 281 14 14
285 284 14 14
285 282 14 14
285 280 14 14
286 284 14 14
286 280 14 14
286 282 14 14
286 281 14 14
287 282 14 14
287 283 14 14
287 280 14 14
287 286 14 14
288 285 14 14
288 282 14 14
288 281 14 14
288 287 14 14
289 287 14 14
289 288 14 14
289 284 14 14
289 280 14 14
290 282 14 14
290 285 14 14
290 280 14 14
290 283 14 14
291 285 14 14
291 286 14 14
291 280 14 14
291 281 14 14
292 287 14 14
292 281 14 14
292 282 14 14
292 291 14 14
293 284 14 14
293 292 14 14
293 287 14 14
293 290 14 14
294 293 14 14
294 292 14 14
294 284 14 14
294 291 14 14
295 286 14 14
295 292 14 14
295 284 14 14
295 283 14 14
296 290 14 14
296 289 14 14
296 282 14 14
296 280 14 14
297 284 14 14
297 292 14 14
297 293 14 14
297 287 14 14
298 285 14 14
298 297 14 14
298 287 14 14
298 284 14 14
299 281 14 14
299 291 14 14
299 289 14 14
299 298 14 14
280 293 14 14
280 295 14 14
280 294 14 14
280 297 14 14
281 298 14 14
281 293 14 14
281 297 14 14
281 289 14 14
282 297 14 14
282 295 14 14
282 299 14 14
282 289 14 14
283 297 14 14
283 296 14 14
283 292 14 14
283 298 14 14
304 301 15 15
304 300 15 15
304 303 15 15
304 302 15 15
305 300 15 15
305 303 15 15
305 302 15 15
305 304 15 15
306 304 15 15
306 302 15 15
306 303 15 15
306 300 15 15
307 300 15 15
307 303 15 15
307 305 15 15
307 301 15 15
308 300 15 15
308 301 15 15
308 307 15 15
308 303 15 15
309 300 15 15
309 306 15 15
309 308 15 15
309 307 15 15
310 305 15 15
310 303 15 15
310 304 15 15
310 302 15 15
311 301 15 15
311 300 15 15
311 307 15 15
311 305 15 15
312 301 15 15
312 303 15 15
312 308 15 15
312 311 15 15
313 311 15 15
313 301 15 15
313 308 15 15
313 300 15 15
314 312 15 15
314 305 15 15
314 313 15 15
314 308 15 15
315 307 15 15
315 303 15 15
315 312 15 15
315 310 15 15
316 303 15 15
316 306 15 15
316 311 15 15
316 310 15 15
317 312 15 15
317 315 15 15
317 305 15 15
317 307 15 15
318 304 15 15
318 302 15 15
318 306 15 15
318 301 15 15
319 302 15 15
319 309 15 15
319 306 15 15
319 304 15 15
300 310 15 15
300 319 15 15
300 318 15 15
300 312 15 15
301 316 15 15
301 309 15 15
301 310 15 15
301 319 15 15
302 308 15 15
302 312 15 15
302 315 15 15
302 317 15 15
303 314 15 15
303 313 15 15
303 309 15 15
303 319 15 15
93 36 4 1
81 71 4 3
97 10 4 0
97 43 4 2
107 49 5 2
113 36 5 1
100 0 5 0
108 67 5 3
130 8 6 0
137 85 6 4
134 28 6 1
128 61 6 3
157 96 7 4
146 104 7 5
140 28 7 1
151 18 7 0
164 64 8 3
167 91 8 4
177 24 8 1
162 110 8 5
182 178 9 8
182 71 9 3
188 148 9 7
181 110 9 5
208 140 10 7
207 19 10 0
212 89 10 4
207 168 10 8
227 127 11 6
231 177 11 8
232 75 11 3
223 81 11 4
242 99 12 4
243 46 12 2
253 23 12 1
252 114 12 5
270 252 13 12
267 132 13 6
272 229 13 11
267 58 13 2
292 248 14 12
290 229 14 11
296 274 14 13
284 176 14 8
302 223 15 11
316 135 15 6
311 34 15 1
310 149 15 7
12 228 0 11
2 179 0 8
2 279 0 13
14 196 0 9
20 290 1 14
35 201 1 10
21 187 1 9
34 235 1 11
55 306 2 15
49 223 2 11
53 286 2 14
40 213 2 10
79 200 3 10
63 143 3 7
79 295 3 14
72 245 3 12
