swNum = 320
edgeNum = 1343

0 0
1 0
2 0
3 0
4 0
5 0
6 0
7 0
8 0
9 0
10 0
11 0
12 0
13 0
14 0
15 0
16 0
17 0
18 0
19 0
20 1
21 1
22 1
23 1
24 1
25 1
26 1
27 1
28 1
29 1
30 1
31 1
32 1
33 1
34 1
35 1
36 1
37 1
38 1
39 1
40 2
41 2
42 2
43 2
44 2
45 2
46 2
47 2
48 2
49 2
50 2
51 2
52 2
53 2
54 2
55 2
56 2
57 2
58 2
59 2
60 3
61 3
62 3
63 3
64 3
65 3
66 3
67 3
68 3
69 3
70 3
71 3
72 3
73 3
74 3
75 3
76 3
77 3
78 3
79 3
80 4
81 4
82 4
83 4
84 4
85 4
86 4
87 4
88 4
89 4
90 4
91 4
92 4
93 4
94 4
95 4
96 4
97 4
98 4
99 4
100 5
101 5
102 5
103 5
104 5
105 5
106 5
107 5
108 5
109 5
110 5
111 5
112 5
113 5
114 5
115 5
116 5
117 5
118 5
119 5
120 6
121 6
122 6
123 6
124 6
125 6
126 6
127 6
128 6
129 6
130 6
131 6
132 6
133 6
134 6
135 6
136 6
137 6
138 6
139 6
140 7
141 7
142 7
143 7
144 7
145 7
146 7
147 7
148 7
149 7
150 7
151 7
152 7
153 7
154 7
155 7
156 7
157 7
158 7
159 7
160 8
161 8
162 8
163 8
164 8
165 8
166 8
167 8
168 8
169 8
170 8
171 8
172 8
173 8
174 8
175 8
176 8
177 8
178 8
179 8
180 9
181 9
182 9
183 9
184 9
185 9
186 9
187 9
188 9
189 9
190 9
191 9
192 9
193 9
194 9
195 9
196 9
197 9
198 9
199 9
200 10
201 10
202 10
203 10
204 10
205 10
206 10
207 10
208 10
209 10
210 10
211 10
212 10
213 10
214 10
215 10
216 10
217 10
218 10
219 10
220 11
221 11
222 11
223 11
224 11
225 11
226 11
227 11
228 11
229 11
230 11
231 11
232 11
233 11
234 11
235 11
236 11
237 11
238 11
239 11
240 12
241 12
242 12
243 12
244 12
245 12
246 12
247 12
248 12
249 12
250 12
251 12
252 12
253 12
254 12
255 12
256 12
257 12
258 12
259 12
260 13
261 13
262 13
263 13
264 13
265 13
266 13
267 13
268 13
269 13
270 13
271 13
272 13
273 13
274 13
275 13
276 13
277 13
278 13
279 13
280 14
281 14
282 14
283 14
284 14
285 14
286 14
287 14
288 14
289 14
290 14
291 14
292 14
293 14
294 14
295 14
296 14
297 14
298 14
299 14
300 15
301 15
302 15
303 15
304 15
305 15
306 15
307 15
308 15
309 15
310 15
311 15
312 15
313 15
314 15
315 15
316 15
317 15
318 15
319 15

4 0 0 0
4 2 0 0
4 3 0 0
4 1 0 0
5 3 0 0
5 2 0 0
5 4 0 0
5 1 0 0
6 2 0 0
6 5 0 0
6 0 0 0
6 4 0 0
7 0 0 0
7 4 0 0
7 3 0 0
7 6 0 0
8 6 0 0
8 4 0 0
8 0 0 0
8 2 0 0
9 5 0 0
9 1 0 0
9 7 0 0
9 6 0 0
10 3 0 0
10 2 0 0
10 0 0 0
10 5 0 0
11 4 0 0
11 10 0 0
11 0 0 0
11 6 0 0
12 7 0 0
12 11 0 0
12 6 0 0
12 4 0 0
13 7 0 0
13 1 0 0
13 0 0 0
13 9 0 0
14 5 0 0
14 4 0 0
14 10 0 0
14 11 0 0
15 3 0 0
15 13 0 0
15 5 0 0
15 4 0 0
16 8 0 0
16 4 0 0
16 2 0 0
16 1 0 0
17 13 0 0
17 4 0 0
17 2 0 0
17 7 0 0
18 13 0 0
18 6 0 0
18 1 0 0
18 0 0 0
19 1 0 0
19 11 0 0
19 3 0 0
19 12 0 0
0 19 0 0
0 12 0 0
0 14 0 0
0 16 0 0
1 17 0 0
1 6 0 0
1 11 0 0
1 14 0 0
2 14 0 0
2 18 0 0
2 12 0 0
2 7 0 0
3 14 0 0
3 12 0 0
3 13 0 0
3 18 0 0
24 20 1 1
24 23 1 1
24 22 1 1
24 21 1 1
25 23 1 1
25 21 1 1
25 22 1 1
25 20 1 1
26 21 1 1
26 22 1 1
26 25 1 1
26 20 1 1
27 20 1 1
27 25 1 1
27 24 1 1
27 22 1 1
28 22 1 1
28 23 1 1
28 26 1 1
28 25 1 1
29 20 1 1
29 24 1 1
29 26 1 1
29 27 1 1
30 23 1 1
30 27 1 1
30 24 1 1
30 20 1 1
31 27 1 1
31 21 1 1
31 24 1 1
31 30 1 1
32 20 1 1
32 29 1 1
32 23 1 1
32 31 1 1
33 28 1 1
33 32 1 1
33 30 1 1
33 31 1 1
34 22 1 1
34 24 1 1
34 30 1 1
34 28 1 1
35 25 1 1
35 29 1 1
35 23 1 1
35 20 1 1
36 32 1 1
36 27 1 1
36 33 1 1
36 30 1 1
37 35 1 1
37 28 1 1
37 26 1 1
37 23 1 1
38 31 1 1
38 30 1 1
38 33 1 1
38 27 1 1
39 21 1 1
39 33 1 1
39 30 1 1
39 26 1 1
20 38 1 1
20 37 1 1
20 33 1 1
20 39 1 1
21 30 1 1
21 37 1 1
21 35 1 1
21 27 1 1
22 37 1 1
22 33 1 1
22 36 1 1
22 38 1 1
23 39 1 1
23 29 1 1
23 27 1 1
23 38 1 1
44 42 2 2
44 43 2 2
44 40 2 2
44 41 2 2
45 43 2 2
45 44 2 2
45 42 2 2
45 41 2 2
46 41 2 2
46 42 2 2
46 40 2 2
46 45 2 2
47 45 2 2
47 44 2 2
47 42 2 2
47 40 2 2
48 47 2 2
48 44 2 2
48 43 2 2
48 41 2 2
49 47 2 2
49 48 2 2
49 41 2 2
49 44 2 2
50 49 2 2
50 44 2 2
50 47 2 2
50 45 2 2
51 44 2 2
51 41 2 2
51 47 2 2
51 49 2 2
52 45 2 2
52 44 2 2
52 48 2 2
52 46 2 2
53 51 2 2
53 46 2 2
53 50 2 2
53 40 2 2
54 51 2 2
54 47 2 2
54 42 2 2
54 43 2 2
55 52 2 2
55 51 2 2
55 50 2 2
55 54 2 2
56 51 2 2
56 43 2 2
56 42 2 2
56 46 2 2
57 56 2 2
57 43 2 2
57 42 2 2
57 47 2 2
58 55 2 2
58 40 2 2
58 47 2 2
58 45 2 2
59 52 2 2
59 44 2 2
59 57 2 2
59 45 2 2
40 51 2 2
40 56 2 2
40 59 2 2
40 57 2 2
41 57 2 2
41 52 2 2
41 47 2 2
41 50 2 2
42 50 2 2
42 58 2 2
42 55 2 2
42 53 2 2
43 47 2 2
43 58 2 2
43 52 2 2
43 55 2 2
64 61 3 3
64 63 3 3
64 60 3 3
64 62 3 3
65 61 3 3
65 62 3 3
65 63 3 3
65 64 3 3
66 60 3 3
66 63 3 3
66 64 3 3
66 61 3 3
67 63 3 3
67 66 3 3
67 64 3 3
67 60 3 3
68 60 3 3
68 63 3 3
68 66 3 3
68 64 3 3
69 63 3 3
69 67 3 3
69 66 3 3
69 68 3 3
70 69 3 3
70 65 3 3
70 64 3 3
70 62 3 3
71 67 3 3
71 66 3 3
71 69 3 3
71 60 3 3
72 62 3 3
72 69 3 3
72 67 3 3
72 63 3 3
73 70 3 3
73 63 3 3
73 61 3 3
73 62 3 3
74 68 3 3
74 71 3 3
74 60 3 3
74 63 3 3
75 72 3 3
75 71 3 3
75 65 3 3
75 66 3 3
76 68 3 3
76 64 3 3
76 67 3 3
76 74 3 3
77 63 3 3
77 68 3 3
77 74 3 3
77 75 3 3
78 75 3 3
78 69 3 3
78 63 3 3
78 64 3 3
79 66 3 3
79 68 3 3
79 61 3 3
79 70 3 3
60 72 3 3
60 77 3 3
60 69 3 3
60 78 3 3
61 68 3 3
61 71 3 3
61 75 3 3
61 78 3 3
62 78 3 3
62 75 3 3
62 69 3 3
62 71 3 3
63 75 3 3
63 71 3 3
63 79 3 3
63 76 3 3
84 83 4 4
84 81 4 4
84 80 4 4
84 82 4 4
85 84 4 4
85 80 4 4
85 82 4 4
85 81 4 4
86 82 4 4
86 80 4 4
86 84 4 4
86 81 4 4
87 85 4 4
87 80 4 4
87 86 4 4
87 81 4 4
88 83 4 4
88 86 4 4
88 84 4 4
88 80 4 4
89 87 4 4
89 82 4 4
89 81 4 4
89 84 4 4
90 82 4 4
90 83 4 4
90 85 4 4
90 86 4 4
91 88 4 4
91 90 4 4
91 81 4 4
91 83 4 4
92 84 4 4
92 85 4 4
92 89 4 4
92 81 4 4
93 83 4 4
93 88 4 4
93 92 4 4
93 91 4 4
94 92 4 4
94 89 4 4
94 83 4 4
94 91 4 4
95 84 4 4
95 87 4 4
95 86 4 4
95 83 4 4
96 94 4 4
96 91 4 4
96 89 4 4
96 82 4 4
97 80 4 4
97 89 4 4
97 84 4 4
97 90 4 4
98 80 4 4
98 89 4 4
98 91 4 4
98 87 4 4
99 95 4 4
99 93 4 4
99 86 4 4
99 96 4 4
80 96 4 4
80 89 4 4
80 95 4 4
80 94 4 4
81 94 4 4
81 98 4 4
81 95 4 4
81 90 4 4
82 94 4 4
82 99 4 4
82 95 4 4
82 88 4 4
83 96 4 4
83 89 4 4
83 86 4 4
83 98 4 4
104 101 5 5
104 103 5 5
104 100 5 5
104 102 5 5
105 102 5 5
105 100 5 5
105 103 5 5
105 104 5 5
106 101 5 5
106 104 5 5
106 105 5 5
106 103 5 5
107 106 5 5
107 104 5 5
107 103 5 5
107 101 5 5
108 101 5 5
108 102 5 5
108 105 5 5
108 100 5 5
109 100 5 5
109 102 5 5
109 108 5 5
109 107 5 5
110 102 5 5
110 108 5 5
110 100 5 5
110 101 5 5
111 107 5 5
111 110 5 5
111 103 5 5
111 104 5 5
112 103 5 5
112 109 5 5
112 107 5 5
112 108 5 5
113 100 5 5
113 102 5 5
113 105 5 5
113 112 5 5
114 113 5 5
114 112 5 5
114 106 5 5
114 100 5 5
115 100 5 5
115 110 5 5
115 105 5 5
115 114 5 5
116 107 5 5
116 101 5 5
116 104 5 5
116 108 5 5
117 103 5 5
117 112 5 5
117 107 5 5
117 111 5 5
118 102 5 5
118 116 5 5
118 110 5 5
118 100 5 5
119 109 5 5
119 105 5 5
119 114 5 5
119 100 5 5
100 107 5 5
100 106 5 5
100 116 5 5
100 117 5 5
101 118 5 5
101 112 5 5
101 113 5 5
101 111 5 5
102 119 5 5
102 114 5 5
102 115 5 5
102 117 5 5
103 118 5 5
103 116 5 5
103 108 5 5
103 110 5 5
124 122 6 6
124 121 6 6
124 123 6 6
124 120 6 6
125 123 6 6
125 122 6 6
125 124 6 6
125 121 6 6
126 123 6 6
126 121 6 6
126 124 6 6
126 122 6 6
127 126 6 6
127 123 6 6
127 124 6 6
127 121 6 6
128 122 6 6
128 125 6 6
128 123 6 6
128 121 6 6
129 126 6 6
129 123 6 6
129 125 6 6
129 124 6 6
130 126 6 6
130 127 6 6
130 125 6 6
130 123 6 6
131 128 6 6
131 127 6 6
131 125 6 6
131 129 6 6
132 120 6 6
132 123 6 6
132 125 6 6
132 129 6 6
133 123 6 6
133 124 6 6
133 130 6 6
133 127 6 6
134 123 6 6
134 133 6 6
134 120 6 6
134 125 6 6
135 128 6 6
135 123 6 6
135 127 6 6
135 134 6 6
136 127 6 6
136 135 6 6
136 131 6 6
136 128 6 6
137 128 6 6
137 123 6 6
137 134 6 6
137 122 6 6
138 124 6 6
138 137 6 6
138 133 6 6
138 129 6 6
139 132 6 6
139 138 6 6
139 123 6 6
139 122 6 6
120 139 6 6
120 138 6 6
120 128 6 6
120 131 6 6
121 135 6 6
121 137 6 6
121 138 6 6
121 130 6 6
122 133 6 6
122 127 6 6
122 130 6 6
122 134 6 6
123 136 6 6
123 131 6 6
123 138 6 6
144 140 7 7
144 141 7 7
144 143 7 7
144 142 7 7
145 141 7 7
145 143 7 7
145 144 7 7
145 142 7 7
146 142 7 7
146 144 7 7
146 140 7 7
146 143 7 7
147 145 7 7
147 143 7 7
147 141 7 7
147 144 7 7
148 145 7 7
148 143 7 7
148 140 7 7
148 144 7 7
149 145 7 7
149 143 7 7
149 146 7 7
149 142 7 7
150 146 7 7
150 147 7 7
150 144 7 7
150 149 7 7
151 143 7 7
151 148 7 7
151 149 7 7
151 150 7 7
152 142 7 7
152 151 7 7
152 144 7 7
152 145 7 7
153 148 7 7
153 149 7 7
153 140 7 7
153 152 7 7
154 144 7 7
154 140 7 7
154 141 7 7
154 148 7 7
155 147 7 7
155 144 7 7
155 154 7 7
155 141 7 7
156 142 7 7
156 149 7 7
156 146 7 7
156 151 7 7
157 143 7 7
157 146 7 7
157 150 7 7
157 142 7 7
158 140 7 7
158 148 7 7
158 153 7 7
158 157 7 7
159 151 7 7
159 153 7 7
159 149 7 7
159 142 7 7
140 155 7 7
140 150 7 7
140 147 7 7
140 149 7 7
141 149 7 7
141 157 7 7
141 158 7 7
141 148 7 7
142 148 7 7
142 151 7 7
142 147 7 7
142 153 7 7
143 156 7 7
143 159 7 7
143 155 7 7
143 158 7 7
164 161 8 8
164 162 8 8
164 163 8 8
164 160 8 8
165 164 8 8
165 160 8 8
165 162 8 8
165 163 8 8
166 165 8 8
166 164 8 8
166 160 8 8
166 162 8 8
167 162 8 8
167 163 8 8
167 160 8 8
167 161 8 8
168 163 8 8
168 166 8 8
168 162 8 8
168 164 8 8
169 168 8 8
169 161 8 8
169 163 8 8
169 165 8 8
170 162 8 8
170 161 8 8
170 169 8 8
170 168 8 8
171 165 8 8
171 164 8 8
171 161 8 8
171 160 8 8
172 160 8 8
172 162 8 8
172 166 8 8
172 164 8 8
173 171 8 8
173 163 8 8
173 168 8 8
173 165 8 8
174 167 8 8
174 170 8 8
174 172 8 8
174 162 8 8
175 160 8 8
175 166 8 8
175 167 8 8
175 162 8 8
176 162 8 8
176 161 8 8
176 169 8 8
176 164 8 8
177 164 8 8
177 169 8 8
177 173 8 8
177 171 8 8
178 163 8 8
178 174 8 8
178 172 8 8
178 175 8 8
179 167 8 8
179 168 8 8
179 177 8 8
179 164 8 8
160 174 8 8
160 176 8 8
160 179 8 8
160 170 8 8
161 174 8 8
161 173 8 8
161 166 8 8
161 178 8 8
162 173 8 8
162 169 8 8
162 178 8 8
162 177 8 8
163 171 8 8
163 176 8 8
163 170 8 8
163 175 8 8
184 183 9 9
184 182 9 9
184 181 9 9
184 180 9 9
185 183 9 9
185 182 9 9
185 184 9 9
185 180 9 9
186 181 9 9
186 180 9 9
186 184 9 9
186 182 9 9
187 180 9 9
187 184 9 9
187 181 9 9
187 186 9 9
188 181 9 9
188 183 9 9
188 180 9 9
188 186 9 9
189 183 9 9
189 186 9 9
189 185 9 9
189 181 9 9
190 186 9 9
190 188 9 9
190 189 9 9
190 183 9 9
191 190 9 9
191 189 9 9
191 187 9 9
191 183 9 9
192 180 9 9
192 184 9 9
192 186 9 9
192 187 9 9
193 190 9 9
193 191 9 9
193 188 9 9
193 192 9 9
194 192 9 9
194 190 9 9
194 193 9 9
194 180 9 9
195 187 9 9
195 184 9 9
195 181 9 9
195 190 9 9
196 183 9 9
196 193 9 9
196 189 9 9
196 190 9 9
197 180 9 9
197 191 9 9
197 189 9 9
197 190 9 9
198 181 9 9
198 186 9 9
198 187 9 9
198 180 9 9
199 192 9 9
199 182 9 9
199 181 9 9
199 183 9 9
180 190 9 9
180 191 9 9
180 193 9 9
180 199 9 9
181 185 9 9
181 192 9 9
181 196 9 9
181 194 9 9
182 189 9 9
182 193 9 9
182 197 9 9
182 191 9 9
183 192 9 9
183 198 9 9
183 193 9 9
183 197 9 9
204 202 10 10
204 200 10 10
204 201 10 10
204 203 10 10
205 203 10 10
205 204 10 10
205 200 10 10
205 201 10 10
206 205 10 10
206 202 10 10
206 204 10 10
206 201 10 10
207 204 10 10
207 200 10 10
207 205 10 10
207 203 10 10
208 200 10 10
208 201 10 10
208 205 10 10
208 204 10 10
209 208 10 10
209 206 10 10
209 201 10 10
209 202 10 10
210 208 10 10
210 200 10 10
210 205 10 10
210 204 10 10
211 207 10 10
211 203 10 10
211 208 10 10
211 205 10 10
212 211 10 10
212 200 10 10
212 207 10 10
212 210 10 10
213 209 10 10
213 206 10 10
213 208 10 10
213 202 10 10
214 201 10 10
214 205 10 10
214 208 10 10
214 200 10 10
215 203 10 10
215 207 10 10
215 202 10 10
215 204 10 10
216 208 10 10
216 201 10 10
216 210 10 10
216 214 10 10
217 200 10 10
217 210 10 10
217 203 10 10
217 211 10 10
218 208 10 10
218 204 10 10
218 211 10 10
218 214 10 10
219 207 10 10
219 215 10 10
219 217 10 10
219 203 10 10
200 219 10 10
200 218 10 10
200 213 10 10
200 211 10 10
201 213 10 10
201 215 10 10
201 207 10 10
201 212 10 10
202 216 10 10
202 219 10 10
202 208 10 10
202 214 10 10
203 210 10 10
203 218 10 10
203 214 10 10
203 206 10 10
224 222 11 11
224 220 11 11
224 223 11 11
224 221 11 11
225 222 11 11
225 224 11 11
225 221 11 11
225 223 11 11
226 224 11 11
226 220 11 11
226 221 11 11
226 225 11 11
227 221 11 11
227 222 11 11
227 223 11 11
227 220 11 11
228 226 11 11
228 220 11 11
228 227 11 11
228 223 11 11
229 220 11 11
229 227 11 11
229 222 11 11
229 223 11 11
230 224 11 11
230 228 11 11
230 226 11 11
230 221 11 11
231 225 11 11
231 224 11 11
231 222 11 11
231 226 11 11
232 221 11 11
232 229 11 11
232 220 11 11
232 226 11 11
233 222 11 11
233 231 11 11
233 228 11 11
233 232 11 11
234 221 11 11
234 233 11 11
234 222 11 11
234 226 11 11
235 221 11 11
235 223 11 11
235 220 11 11
235 229 11 11
236 230 11 11
236 225 11 11
236 233 11 11
236 234 11 11
237 236 11 11
237 234 11 11
237 225 11 11
237 222 11 11
238 231 11 11
238 226 11 11
238 229 11 11
238 230 11 11
239 226 11 11
239 236 11 11
239 230 11 11
239 238 11 11
220 237 11 11
220 230 11 11
220 236 11 11
220 233 11 11
221 233 11 11
221 229 11 11
221 237 11 11
221 228 11 11
222 226 11 11
222 236 11 11
222 232 11 11
222 228 11 11
223 226 11 11
223 230 11 11
223 232 11 11
223 237 11 11
244 243 12 12
244 242 12 12
244 241 12 12
244 240 12 12
245 241 12 12
245 242 12 12
245 240 12 12
245 243 12 12
246 241 12 12
246 240 12 12
246 245 12 12
246 244 12 12
247 240 12 12
247 241 12 12
247 246 12 12
247 243 12 12
248 242 12 12
248 243 12 12
248 240 12 12
248 245 12 12
249 246 12 12
249 241 12 12
249 247 12 12
249 240 12 12
250 243 12 12
250 240 12 12
250 248 12 12
250 247 12 12
251 249 12 12
251 246 12 12
251 247 12 12
251 248 12 12
252 241 12 12
252 249 12 12
252 247 12 12
252 250 12 12
253 240 12 12
253 246 12 12
253 250 12 12
253 245 12 12
254 250 12 12
254 249 12 12
254 253 12 12
254 248 12 12
255 241 12 12
255 253 12 12
255 251 12 12
255 240 12 12
256 243 12 12
256 242 12 12
256 244 12 12
256 248 12 12
257 245 12 12
257 242 12 12
257 256 12 12
257 254 12 12
258 250 12 12
258 257 12 12
258 253 12 12
258 254 12 12
259 242 12 12
259 249 12 12
259 252 12 12
259 241 12 12
240 251 12 12
240 252 12 12
240 259 12 12
240 257 12 12
241 251 12 12
241 250 12 12
241 254 12 12
241 253 12 12
242 258 12 12
242 249 12 12
242 253 12 12
242 246 12 12
243 254 12 12
243 258 12 12
243 252 12 12
243 257 12 12
264 262 13 13
264 261 13 13
264 263 13 13
264 260 13 13
265 261 13 13
265 260 13 13
265 263 13 13
265 262 13 13
266 263 13 13
266 260 13 13
266 265 13 13
266 261 13 13
267 260 13 13
267 262 13 13
267 265 13 13
267 264 13 13
268 267 13 13
268 263 13 13
268 260 13 13
268 262 13 13
269 267 13 13
269 261 13 13
269 262 13 13
269 260 13 13
270 264 13 13
270 263 13 13
270 269 13 13
270 262 13 13
271 270 13 13
271 266 13 13
271 263 13 13
271 262 13 13
272 267 13 13
272 269 13 13
272 270 13 13
272 265 13 13
273 264 13 13
273 270 13 13
273 263 13 13
273 268 13 13
274 270 13 13
274 263 13 13
274 266 13 13
274 260 13 13
275 261 13 13
275 262 13 13
275 270 13 13
275 263 13 13
276 269 13 13
276 262 13 13
276 261 13 13
276 265 13 13
277 275 13 13
277 273 13 13
277 269 13 13
277 262 13 13
278 262 13 13
278 269 13 13
278 260 13 13
278 272 13 13
279 261 13 13
279 267 13 13
279 266 13 13
279 276 13 13
260 275 13 13
260 279 13 13
260 272 13 13
260 271 13 13
261 270 13 13
261 278 13 13
261 272 13 13
261 267 13 13
262 273 13 13
262 272 13 13
262 266 13 13
262 279 13 13
263 277 13 13
263 278 13 13
263 279 13 13
263 267 13 13
284 281 14 14
284 283 14 14
284 282 14 14
284 280 14 14
285 284 14 14
285 283 14 14
285 282 14 14
285 281 14 14
286 284 14 14
286 282 14 14
286 283 14 14
286 285 14 14
287 282 14 14
287 285 14 14
287 286 14 14
287 281 14 14
288 286 14 14
288 284 14 14
288 283 14 14
288 287 14 14
289 286 14 14
289 282 14 14
289 284 14 14
289 288 14 14
290 287 14 14
290 288 14 14
290 284 14 14
290 286 14 14
291 281 14 14
291 287 14 14
291 289 14 14
291 290 14 14
292 284 14 14
292 283 14 14
292 289 14 14
292 285 14 14
293 288 14 14
293 291 14 14
293 287 14 14
293 283 14 14
294 281 14 14
294 286 14 14
294 289 14 14
294 293 14 14
295 287 14 14
295 288 14 14
295 283 14 14
295 294 14 14
296 283 14 14
296 291 14 14
296 281 14 14
296 292 14 14
297 292 14 14
297 283 14 14
297 296 14 14
297 287 14 14
298 291 14 14
298 294 14 14
298 295 14 14
298 287 14 14
299 283 14 14
299 285 14 14
299 296 14 14
299 291 14 14
280 296 14 14
280 294 14 14
280 288 14 14
280 297 14 14
281 290 14 14
281 293 14 14
281 286 14 14
281 292 14 14
282 291 14 14
282 299 14 14
282 294 14 14
282 295 14 14
283 294 14 14
283 287 14 14
283 291 14 14
283 290 14 14
304 302 15 15
304 301 15 15
304 303 15 15
304 300 15 15
305 300 15 15
305 302 15 15
305 303 15 15
305 301 15 15
306 301 15 15
306 305 15 15
306 303 15 15
306 302 15 15
307 303 15 15
307 301 15 15
307 305 15 15
307 304 15 15
308 301 15 15
308 306 15 15
308 307 15 15
308 304 15 15
309 307 15 15
309 304 15 15
309 305 15 15
309 306 15 15
310 307 15 15
310 306 15 15
310 300 15 15
310 303 15 15
311 309 15 15
311 306 15 15
311 310 15 15
311 308 15 15
312 301 15 15
312 302 15 15
312 311 15 15
312 307 15 15
313 300 15 15
313 309 15 15
313 303 15 15
313 302 15 15
314 303 15 15
314 301 15 15
314 308 15 15
314 307 15 15
315 300 15 15
315 302 15 15
315 314 15 15
315 307 15 15
316 301 15 15
316 315 15 15
316 313 15 15
316 311 15 15
317 303 15 15
317 305 15 15
317 310 15 15
317 314 15 15
318 300 15 15
318 305 15 15
318 307 15 15
318 317 15 15
319 309 15 15
319 312 15 15
319 308 15 15
319 311 15 15
300 307 15 15
300 316 15 15
300 309 15 15
300 311 15 15
301 319 15 15
301 310 15 15
301 309 15 15
301 317 15 15
302 316 15 15
302 307 15 15
302 310 15 15
302 311 15 15
303 316 15 15
303 318 15 15
303 315 15 15
303 309 15 15
86 47 4 2
83 76 4 3
86 37 4 1
90 17 4 0
104 20 5 1
112 84 5 4
116 11 5 0
113 58 5 2
132 80 6 4
132 73 6 3
135 53 6 2
124 101 6 5
148 110 7 5
142 63 7 3
147 93 7 4
151 139 7 6
168 111 8 5
179 8 8 0
171 132 8 6
165 63 8 3
193 144 9 7
195 175 9 8
185 4 9 0
188 67 9 3
218 95 10 4
208 2 10 0
205 142 10 7
215 22 10 1
224 122 11 6
236 173 11 8
239 54 11 2
222 217 11 10
252 145 12 7
242 239 12 11
245 68 12 3
249 114 12 5
273 91 13 4
271 236 13 11
261 170 13 8
266 213 13 10
285 184 14 9
282 256 14 12
284 162 14 8
284 201 14 10
309 81 15 4
313 58 15 2
307 69 15 3
318 153 15 7
16 289 0 14
17 303 0 15
14 249 0 12
12 154 0 7
32 240 1 12
32 314 1 15
31 226 1 11
25 147 1 7
44 205 2 10
54 272 2 13
51 194 2 9
40 175 2 8
65 271 3 13
76 286 3 14
65 203 3 10
60 113 3 5
