swNum = 320
edgeNum = 1344

0 0
1 0
2 0
3 0
4 0
5 0
6 0
7 0
8 0
9 0
10 0
11 0
12 0
13 0
14 0
15 0
16 0
17 0
18 0
19 0
20 1
21 1
22 1
23 1
24 1
25 1
26 1
27 1
28 1
29 1
30 1
31 1
32 1
33 1
34 1
35 1
36 1
37 1
38 1
39 1
40 2
41 2
42 2
43 2
44 2
45 2
46 2
47 2
48 2
49 2
50 2
51 2
52 2
53 2
54 2
55 2
56 2
57 2
58 2
59 2
60 3
61 3
62 3
63 3
64 3
65 3
66 3
67 3
68 3
69 3
70 3
71 3
72 3
73 3
74 3
75 3
76 3
77 3
78 3
79 3
80 4
81 4
82 4
83 4
84 4
85 4
86 4
87 4
88 4
89 4
90 4
91 4
92 4
93 4
94 4
95 4
96 4
97 4
98 4
99 4
100 5
101 5
102 5
103 5
104 5
105 5
106 5
107 5
108 5
109 5
110 5
111 5
112 5
113 5
114 5
115 5
116 5
117 5
118 5
119 5
120 6
121 6
122 6
123 6
124 6
125 6
126 6
127 6
128 6
129 6
130 6
131 6
132 6
133 6
134 6
135 6
136 6
137 6
138 6
139 6
140 7
141 7
142 7
143 7
144 7
145 7
146 7
147 7
148 7
149 7
150 7
151 7
152 7
153 7
154 7
155 7
156 7
157 7
158 7
159 7
160 8
161 8
162 8
163 8
164 8
165 8
166 8
167 8
168 8
169 8
170 8
171 8
172 8
173 8
174 8
175 8
176 8
177 8
178 8
179 8
180 9
181 9
182 9
183 9
184 9
185 9
186 9
187 9
188 9
189 9
190 9
191 9
192 9
193 9
194 9
195 9
196 9
197 9
198 9
199 9
200 10
201 10
202 10
203 10
204 10
205 10
206 10
207 10
208 10
209 10
210 10
211 10
212 10
213 10
214 10
215 10
216 10
217 10
218 10
219 10
220 11
221 11
222 11
223 11
224 11
225 11
226 11
227 11
228 11
229 11
230 11
231 11
232 11
233 11
234 11
235 11
236 11
237 11
238 11
239 11
240 12
241 12
242 12
243 12
244 12
245 12
246 12
247 12
248 12
249 12
250 12
251 12
252 12
253 12
254 12
255 12
256 12
257 12
258 12
259 12
260 13
261 13
262 13
263 13
264 13
265 13
266 13
267 13
268 13
269 13
270 13
271 13
272 13
273 13
274 13
275 13
276 13
277 13
278 13
279 13
280 14
281 14
282 14
283 14
284 14
285 14
286 14
287 14
288 14
289 14
290 14
291 14
292 14
293 14
294 14
295 14
296 14
297 14
298 14
299 14
300 15
301 15
302 15
303 15
304 15
305 15
306 15
307 15
308 15
309 15
310 15
311 15
312 15
313 15
314 15
315 15
316 15
317 15
318 15
319 15

4 2 0 0
4 1 0 0
4 3 0 0
4 0 0 0
5 3 0 0
5 0 0 0
5 1 0 0
5 2 0 0
6 0 0 0
6 5 0 0
6 3 0 0
6 2 0 0
7 3 0 0
7 2 0 0
7 4 0 0
7 1 0 0
8 6 0 0
8 2 0 0
8 1 0 0
8 3 0 0
9 1 0 0
9 8 0 0
9 2 0 0
9 0 0 0
10 8 0 0
10 3 0 0
10 7 0 0
10 1 0 0
11 1 0 0
11 0 0 0
11 8 0 0
11 7 0 0
12 1 0 0
12 8 0 0
12 5 0 0
12 3 0 0
13 12 0 0
13 11 0 0
13 4 0 0
13 1 0 0
14 8 0 0
14 13 0 0
14 2 0 0
14 12 0 0
15 1 0 0
15 0 0 0
15 3 0 0
15 5 0 0
16 4 0 0
16 3 0 0
16 14 0 0
16 12 0 0
17 0 0 0
17 6 0 0
17 15 0 0
17 16 0 0
18 3 0 0
18 4 0 0
18 11 0 0
18 0 0 0
19 9 0 0
19 16 0 0
19 18 0 0
19 12 0 0
0 8 0 0
0 7 0 0
0 13 0 0
0 12 0 0
1 16 0 0
1 14 0 0
1 19 0 0
1 18 0 0
2 16 0 0
2 11 0 0
2 10 0 0
2 17 0 0
3 9 0 0
3 11 0 0
3 14 0 0
3 13 0 0
24 21 1 1
24 22 1 1
24 20 1 1
24 23 1 1
25 20 1 1
25 24 1 1
25 21 1 1
25 22 1 1
26 25 1 1
26 22 1 1
26 24 1 1
26 21 1 1
27 22 1 1
27 25 1 1
27 20 1 1
27 26 1 1
28 25 1 1
28 27 1 1
28 26 1 1
28 21 1 1
29 22 1 1
29 20 1 1
29 27 1 1
29 26 1 1
30 22 1 1
30 25 1 1
30 29 1 1
30 28 1 1
31 20 1 1
31 25 1 1
31 28 1 1
31 24 1 1
32 28 1 1
32 31 1 1
32 21 1 1
32 20 1 1
33 31 1 1
33 32 1 1
33 24 1 1
33 27 1 1
34 20 1 1
34 31 1 1
34 33 1 1
34 32 1 1
35 25 1 1
35 24 1 1
35 20 1 1
35 22 1 1
36 20 1 1
36 25 1 1
36 35 1 1
36 34 1 1
37 32 1 1
37 25 1 1
37 21 1 1
37 24 1 1
38 32 1 1
38 33 1 1
38 25 1 1
38 36 1 1
39 26 1 1
39 24 1 1
39 21 1 1
39 35 1 1
20 38 1 1
20 33 1 1
20 26 1 1
20 39 1 1
21 34 1 1
21 29 1 1
21 35 1 1
21 27 1 1
22 38 1 1
22 33 1 1
22 32 1 1
22 28 1 1
23 30 1 1
23 36 1 1
23 29 1 1
23 33 1 1
44 42 2 2
44 41 2 2
44 43 2 2
44 40 2 2
45 40 2 2
45 42 2 2
45 44 2 2
45 43 2 2
46 42 2 2
46 40 2 2
46 45 2 2
46 41 2 2
47 46 2 2
47 44 2 2
47 45 2 2
47 40 2 2
48 43 2 2
48 44 2 2
48 41 2 2
48 40 2 2
49 44 2 2
49 42 2 2
49 40 2 2
49 45 2 2
50 46 2 2
50 49 2 2
50 45 2 2
50 47 2 2
51 45 2 2
51 43 2 2
51 44 2 2
51 42 2 2
52 43 2 2
52 42 2 2
52 48 2 2
52 51 2 2
53 44 2 2
53 49 2 2
53 51 2 2
53 52 2 2
54 49 2 2
54 48 2 2
54 52 2 2
54 41 2 2
55 52 2 2
55 44 2 2
55 49 2 2
55 50 2 2
56 47 2 2
56 45 2 2
56 40 2 2
56 43 2 2
57 55 2 2
57 56 2 2
57 48 2 2
57 51 2 2
58 50 2 2
58 48 2 2
58 54 2 2
58 55 2 2
59 56 2 2
59 43 2 2
59 52 2 2
59 55 2 2
40 50 2 2
40 59 2 2
40 52 2 2
40 54 2 2
41 57 2 2
41 55 2 2
41 52 2 2
41 50 2 2
42 53 2 2
42 47 2 2
42 57 2 2
42 50 2 2
43 58 2 2
43 54 2 2
43 57 2 2
43 53 2 2
64 61 3 3
64 62 3 3
64 60 3 3
64 63 3 3
65 63 3 3
65 61 3 3
65 60 3 3
65 62 3 3
66 62 3 3
66 65 3 3
66 61 3 3
66 64 3 3
67 64 3 3
67 66 3 3
67 61 3 3
67 63 3 3
68 65 3 3
68 63 3 3
68 66 3 3
68 67 3 3
69 68 3 3
69 65 3 3
69 63 3 3
69 66 3 3
70 69 3 3
70 60 3 3
70 64 3 3
70 68 3 3
71 66 3 3
71 64 3 3
71 70 3 3
71 60 3 3
72 71 3 3
72 63 3 3
72 64 3 3
72 62 3 3
73 66 3 3
73 64 3 3
73 61 3 3
73 70 3 3
74 71 3 3
74 68 3 3
74 65 3 3
74 60 3 3
75 61 3 3
75 71 3 3
75 70 3 3
75 65 3 3
76 72 3 3
76 71 3 3
76 73 3 3
76 67 3 3
77 73 3 3
77 65 3 3
77 67 3 3
77 63 3 3
78 63 3 3
78 65 3 3
78 77 3 3
78 75 3 3
79 63 3 3
79 75 3 3
79 71 3 3
79 77 3 3
60 68 3 3
60 75 3 3
60 66 3 3
60 78 3 3
61 78 3 3
61 77 3 3
61 76 3 3
61 70 3 3
62 79 3 3
62 67 3 3
62 77 3 3
62 76 3 3
63 75 3 3
63 74 3 3
63 76 3 3
63 66 3 3
84 80 4 4
84 83 4 4
84 82 4 4
84 81 4 4
85 80 4 4
85 82 4 4
85 83 4 4
85 81 4 4
86 80 4 4
86 81 4 4
86 84 4 4
86 85 4 4
87 86 4 4
87 80 4 4
87 84 4 4
87 85 4 4
88 82 4 4
88 84 4 4
88 83 4 4
88 87 4 4
89 81 4 4
89 84 4 4
89 85 4 4
89 86 4 4
90 81 4 4
90 84 4 4
90 89 4 4
90 87 4 4
91 87 4 4
91 81 4 4
91 85 4 4
91 80 4 4
92 87 4 4
92 80 4 4
92 89 4 4
92 81 4 4
93 83 4 4
93 89 4 4
93 82 4 4
93 92 4 4
94 92 4 4
94 80 4 4
94 86 4 4
94 93 4 4
95 81 4 4
95 80 4 4
95 91 4 4
95 86 4 4
96 85 4 4
96 80 4 4
96 91 4 4
96 92 4 4
97 96 4 4
97 86 4 4
97 92 4 4
97 95 4 4
98 96 4 4
98 95 4 4
98 85 4 4
98 86 4 4
99 87 4 4
99 80 4 4
99 91 4 4
99 96 4 4
80 89 4 4
80 88 4 4
80 98 4 4
80 97 4 4
81 96 4 4
81 97 4 4
81 88 4 4
81 94 4 4
82 99 4 4
82 86 4 4
82 97 4 4
82 98 4 4
83 91 4 4
83 92 4 4
83 86 4 4
83 89 4 4
104 100 5 5
104 103 5 5
104 102 5 5
104 101 5 5
105 104 5 5
105 100 5 5
105 101 5 5
105 103 5 5
106 104 5 5
106 102 5 5
106 103 5 5
106 101 5 5
107 106 5 5
107 105 5 5
107 102 5 5
107 104 5 5
108 103 5 5
108 107 5 5
108 101 5 5
108 106 5 5
109 108 5 5
109 101 5 5
109 105 5 5
109 102 5 5
110 107 5 5
110 105 5 5
110 109 5 5
110 108 5 5
111 100 5 5
111 108 5 5
111 102 5 5
111 106 5 5
112 106 5 5
112 109 5 5
112 101 5 5
112 102 5 5
113 109 5 5
113 104 5 5
113 106 5 5
113 110 5 5
114 107 5 5
114 101 5 5
114 104 5 5
114 109 5 5
115 105 5 5
115 111 5 5
115 112 5 5
115 107 5 5
116 107 5 5
116 114 5 5
116 100 5 5
116 105 5 5
117 113 5 5
117 111 5 5
117 100 5 5
117 107 5 5
118 104 5 5
118 115 5 5
118 114 5 5
118 107 5 5
119 112 5 5
119 117 5 5
119 101 5 5
119 103 5 5
100 118 5 5
100 114 5 5
100 106 5 5
100 115 5 5
101 113 5 5
101 117 5 5
101 107 5 5
101 111 5 5
102 114 5 5
102 117 5 5
102 113 5 5
102 119 5 5
103 112 5 5
103 117 5 5
103 111 5 5
103 118 5 5
124 121 6 6
124 120 6 6
124 122 6 6
124 123 6 6
125 121 6 6
125 123 6 6
125 122 6 6
125 120 6 6
126 123 6 6
126 125 6 6
126 121 6 6
126 124 6 6
127 123 6 6
127 124 6 6
127 120 6 6
127 122 6 6
128 127 6 6
128 122 6 6
128 124 6 6
128 123 6 6
129 126 6 6
129 123 6 6
129 120 6 6
129 121 6 6
130 129 6 6
130 120 6 6
130 127 6 6
130 121 6 6
131 122 6 6
131 124 6 6
131 126 6 6
131 129 6 6
132 123 6 6
132 129 6 6
132 125 6 6
132 126 6 6
133 131 6 6
133 125 6 6
133 122 6 6
133 121 6 6
134 126 6 6
134 128 6 6
134 130 6 6
134 131 6 6
135 129 6 6
135 127 6 6
135 120 6 6
135 128 6 6
136 123 6 6
136 129 6 6
136 127 6 6
136 128 6 6
137 123 6 6
137 124 6 6
137 122 6 6
137 132 6 6
138 131 6 6
138 137 6 6
138 124 6 6
138 132 6 6
139 129 6 6
139 122 6 6
139 121 6 6
139 138 6 6
120 126 6 6
120 138 6 6
120 131 6 6
120 136 6 6
121 132 6 6
121 131 6 6
121 136 6 6
121 128 6 6
122 138 6 6
122 135 6 6
122 132 6 6
122 134 6 6
123 130 6 6
123 135 6 6
123 138 6 6
123 133 6 6
144 142 7 7
144 140 7 7
144 143 7 7
144 141 7 7
145 141 7 7
145 142 7 7
145 140 7 7
145 144 7 7
146 145 7 7
146 142 7 7
146 141 7 7
146 144 7 7
147 141 7 7
147 140 7 7
147 145 7 7
147 146 7 7
148 144 7 7
148 140 7 7
148 145 7 7
148 146 7 7
149 146 7 7
149 142 7 7
149 148 7 7
149 143 7 7
150 142 7 7
150 149 7 7
150 143 7 7
150 141 7 7
151 148 7 7
151 140 7 7
151 141 7 7
151 149 7 7
152 148 7 7
152 142 7 7
152 144 7 7
152 145 7 7
153 148 7 7
153 143 7 7
153 150 7 7
153 151 7 7
154 144 7 7
154 142 7 7
154 143 7 7
154 150 7 7
155 145 7 7
155 141 7 7
155 150 7 7
155 149 7 7
156 143 7 7
156 153 7 7
156 144 7 7
156 141 7 7
157 145 7 7
157 150 7 7
157 142 7 7
157 154 7 7
158 157 7 7
158 155 7 7
158 153 7 7
158 154 7 7
159 144 7 7
159 154 7 7
159 143 7 7
159 156 7 7
140 149 7 7
140 152 7 7
140 150 7 7
140 146 7 7
141 158 7 7
141 152 7 7
141 148 7 7
141 157 7 7
142 158 7 7
142 153 7 7
142 151 7 7
142 156 7 7
143 157 7 7
143 145 7 7
143 158 7 7
143 151 7 7
164 160 8 8
164 163 8 8
164 161 8 8
164 162 8 8
165 162 8 8
165 161 8 8
165 164 8 8
165 160 8 8
166 162 8 8
166 164 8 8
166 165 8 8
166 163 8 8
167 163 8 8
167 162 8 8
167 166 8 8
167 161 8 8
168 160 8 8
168 164 8 8
168 163 8 8
168 162 8 8
169 167 8 8
169 163 8 8
169 160 8 8
169 166 8 8
170 165 8 8
170 161 8 8
170 162 8 8
170 166 8 8
171 160 8 8
171 163 8 8
171 162 8 8
171 167 8 8
172 164 8 8
172 167 8 8
172 162 8 8
172 165 8 8
173 165 8 8
173 170 8 8
173 162 8 8
173 166 8 8
174 166 8 8
174 165 8 8
174 161 8 8
174 162 8 8
175 169 8 8
175 174 8 8
175 162 8 8
175 170 8 8
176 164 8 8
176 167 8 8
176 165 8 8
176 171 8 8
177 173 8 8
177 176 8 8
177 170 8 8
177 175 8 8
178 161 8 8
178 174 8 8
178 165 8 8
178 167 8 8
179 178 8 8
179 174 8 8
179 172 8 8
179 175 8 8
160 176 8 8
160 170 8 8
160 175 8 8
160 177 8 8
161 179 8 8
161 168 8 8
161 172 8 8
161 166 8 8
162 176 8 8
162 179 8 8
162 169 8 8
162 177 8 8
163 170 8 8
163 179 8 8
163 176 8 8
163 178 8 8
184 182 9 9
184 180 9 9
184 181 9 9
184 183 9 9
185 181 9 9
185 184 9 9
185 180 9 9
185 182 9 9
186 185 9 9
186 183 9 9
186 180 9 9
186 182 9 9
187 186 9 9
187 180 9 9
187 185 9 9
187 184 9 9
188 185 9 9
188 186 9 9
188 182 9 9
188 181 9 9
189 181 9 9
189 182 9 9
189 185 9 9
189 186 9 9
190 184 9 9
190 188 9 9
190 182 9 9
190 185 9 9
191 182 9 9
191 184 9 9
191 189 9 9
191 183 9 9
192 184 9 9
192 182 9 9
192 185 9 9
192 180 9 9
193 182 9 9
193 192 9 9
193 185 9 9
193 188 9 9
194 183 9 9
194 191 9 9
194 186 9 9
194 180 9 9
195 190 9 9
195 188 9 9
195 182 9 9
195 191 9 9
196 189 9 9
196 180 9 9
196 187 9 9
196 193 9 9
197 196 9 9
197 180 9 9
197 190 9 9
197 181 9 9
198 186 9 9
198 197 9 9
198 187 9 9
198 196 9 9
199 190 9 9
199 188 9 9
199 185 9 9
199 191 9 9
180 191 9 9
180 198 9 9
180 189 9 9
180 199 9 9
181 187 9 9
181 193 9 9
181 198 9 9
181 192 9 9
182 187 9 9
182 199 9 9
182 197 9 9
182 194 9 9
183 198 9 9
183 195 9 9
183 196 9 9
183 190 9 9
204 202 10 10
204 201 10 10
204 203 10 10
204 200 10 10
205 203 10 10
205 200 10 10
205 204 10 10
205 202 10 10
206 202 10 10
206 204 10 10
206 205 10 10
206 201 10 10
207 201 10 10
207 203 10 10
207 200 10 10
207 205 10 10
208 201 10 10
208 203 10 10
208 207 10 10
208 204 10 10
209 202 10 10
209 206 10 10
209 203 10 10
209 204 10 10
210 202 10 10
210 204 10 10
210 206 10 10
210 207 10 10
211 209 10 10
211 206 10 10
211 204 10 10
211 210 10 10
212 207 10 10
212 211 10 10
212 203 10 10
212 204 10 10
213 209 10 10
213 208 10 10
213 203 10 10
213 201 10 10
214 212 10 10
214 205 10 10
214 203 10 10
214 208 10 10
215 206 10 10
215 201 10 10
215 212 10 10
215 204 10 10
216 203 10 10
216 213 10 10
216 200 10 10
216 209 10 10
217 200 10 10
217 207 10 10
217 212 10 10
217 214 10 10
218 200 10 10
218 217 10 10
218 207 10 10
218 205 10 10
219 212 10 10
219 213 10 10
219 201 10 10
219 215 10 10
200 213 10 10
200 214 10 10
200 208 10 10
200 211 10 10
201 209 10 10
201 216 10 10
201 212 10 10
201 218 10 10
202 215 10 10
202 214 10 10
202 211 10 10
202 218 10 10
203 218 10 10
203 210 10 10
203 217 10 10
203 215 10 10
224 220 11 11
224 222 11 11
224 221 11 11
224 223 11 11
225 224 11 11
225 223 11 11
225 222 11 11
225 221 11 11
226 225 11 11
226 224 11 11
226 220 11 11
226 221 11 11
227 222 11 11
227 223 11 11
227 220 11 11
227 225 11 11
228 226 11 11
228 223 11 11
228 224 11 11
228 222 11 11
229 223 11 11
229 228 11 11
229 227 11 11
229 222 11 11
230 228 11 11
230 221 11 11
230 226 11 11
230 224 11 11
231 223 11 11
231 229 11 11
231 228 11 11
231 222 11 11
232 224 11 11
232 231 11 11
232 220 11 11
232 222 11 11
233 224 11 11
233 220 11 11
233 222 11 11
233 225 11 11
234 227 11 11
234 232 11 11
234 230 11 11
234 220 11 11
235 227 11 11
235 231 11 11
235 222 11 11
235 232 11 11
236 235 11 11
236 229 11 11
236 232 11 11
236 223 11 11
237 230 11 11
237 226 11 11
237 220 11 11
237 232 11 11
238 226 11 11
238 237 11 11
238 228 11 11
238 230 11 11
239 233 11 11
239 235 11 11
239 232 11 11
239 225 11 11
220 235 11 11
220 229 11 11
220 225 11 11
220 239 11 11
221 232 11 11
221 234 11 11
221 231 11 11
221 227 11 11
222 236 11 11
222 239 11 11
222 238 11 11
222 226 11 11
223 237 11 11
223 232 11 11
223 230 11 11
223 239 11 11
244 242 12 12
244 241 12 12
244 243 12 12
244 240 12 12
245 242 12 12
245 243 12 12
245 241 12 12
245 244 12 12
246 240 12 12
246 245 12 12
246 243 12 12
246 242 12 12
247 240 12 12
247 243 12 12
247 245 12 12
247 246 12 12
248 240 12 12
248 247 12 12
248 241 12 12
248 243 12 12
249 244 12 12
249 243 12 12
249 247 12 12
249 240 12 12
250 240 12 12
250 243 12 12
250 248 12 12
250 249 12 12
251 240 12 12
251 247 12 12
251 243 12 12
251 248 12 12
252 243 12 12
252 248 12 12
252 245 12 12
252 250 12 12
253 247 12 12
253 252 12 12
253 251 12 12
253 244 12 12
254 252 12 12
254 246 12 12
254 250 12 12
254 251 12 12
255 247 12 12
255 246 12 12
255 248 12 12
255 254 12 12
256 245 12 12
256 243 12 12
256 251 12 12
256 246 12 12
257 244 12 12
257 254 12 12
257 240 12 12
257 249 12 12
258 252 12 12
258 254 12 12
258 246 12 12
258 250 12 12
259 252 12 12
259 251 12 12
259 246 12 12
259 258 12 12
240 252 12 12
240 259 12 12
240 255 12 12
240 253 12 12
241 246 12 12
241 258 12 12
241 257 12 12
241 250 12 12
242 250 12 12
242 247 12 12
242 255 12 12
242 253 12 12
243 258 12 12
243 259 12 12
243 255 12 12
243 254 12 12
264 262 13 13
264 260 13 13
264 263 13 13
264 261 13 13
265 264 13 13
265 263 13 13
265 260 13 13
265 262 13 13
266 261 13 13
266 264 13 13
266 260 13 13
266 263 13 13
267 260 13 13
267 261 13 13
267 266 13 13
267 263 13 13
268 262 13 13
268 267 13 13
268 261 13 13
268 266 13 13
269 266 13 13
269 260 13 13
269 261 13 13
269 263 13 13
270 266 13 13
270 269 13 13
270 261 13 13
270 263 13 13
271 269 13 13
271 270 13 13
271 265 13 13
271 266 13 13
272 260 13 13
272 269 13 13
272 263 13 13
272 264 13 13
273 265 13 13
273 264 13 13
273 262 13 13
273 261 13 13
274 271 13 13
274 269 13 13
274 272 13 13
274 270 13 13
275 266 13 13
275 272 13 13
275 260 13 13
275 263 13 13
276 272 13 13
276 261 13 13
276 275 13 13
276 271 13 13
277 263 13 13
277 268 13 13
277 265 13 13
277 271 13 13
278 264 13 13
278 263 13 13
278 265 13 13
278 266 13 13
279 275 13 13
279 260 13 13
279 269 13 13
279 276 13 13
260 271 13 13
260 274 13 13
260 277 13 13
260 268 13 13
261 271 13 13
261 277 13 13
261 275 13 13
261 272 13 13
262 271 13 13
262 267 13 13
262 278 13 13
262 272 13 13
263 273 13 13
263 268 13 13
263 279 13 13
263 274 13 13
284 283 14 14
284 282 14 14
284 281 14 14
284 280 14 14
285 282 14 14
285 283 14 14
285 280 14 14
285 281 14 14
286 280 14 14
286 285 14 14
286 283 14 14
286 284 14 14
287 284 14 14
287 285 14 14
287 283 14 14
287 286 14 14
288 284 14 14
288 287 14 14
288 283 14 14
288 286 14 14
289 284 14 14
289 280 14 14
289 281 14 14
289 286 14 14
290 282 14 14
290 288 14 14
290 284 14 14
290 287 14 14
291 280 14 14
291 285 14 14
291 289 14 14
291 288 14 14
292 286 14 14
292 285 14 14
292 280 14 14
292 283 14 14
293 287 14 14
293 286 14 14
293 285 14 14
293 282 14 14
294 286 14 14
294 283 14 14
294 288 14 14
294 287 14 14
295 286 14 14
295 293 14 14
295 280 14 14
295 291 14 14
296 295 14 14
296 287 14 14
296 293 14 14
296 291 14 14
297 286 14 14
297 290 14 14
297 282 14 14
297 292 14 14
298 283 14 14
298 293 14 14
298 286 14 14
298 289 14 14
299 284 14 14
299 294 14 14
299 287 14 14
299 283 14 14
280 297 14 14
280 296 14 14
280 298 14 14
280 293 14 14
281 292 14 14
281 296 14 14
281 293 14 14
281 294 14 14
282 292 14 14
282 286 14 14
282 296 14 14
282 289 14 14
283 290 14 14
283 296 14 14
283 293 14 14
283 295 14 14
304 301 15 15
304 303 15 15
304 300 15 15
304 302 15 15
305 303 15 15
305 302 15 15
305 304 15 15
305 301 15 15
306 303 15 15
306 301 15 15
306 302 15 15
306 305 15 15
307 304 15 15
307 302 15 15
307 303 15 15
307 301 15 15
308 302 15 15
308 301 15 15
308 303 15 15
308 304 15 15
309 303 15 15
309 306 15 15
309 301 15 15
309 300 15 15
310 309 15 15
310 301 15 15
310 302 15 15
310 303 15 15
311 301 15 15
311 305 15 15
311 304 15 15
311 300 15 15
312 311 15 15
312 307 15 15
312 306 15 15
312 310 15 15
313 310 15 15
313 308 15 15
313 307 15 15
313 301 15 15
314 310 15 15
314 305 15 15
314 300 15 15
314 308 15 15
315 305 15 15
315 313 15 15
315 310 15 15
315 309 15 15
316 300 15 15
316 308 15 15
316 311 15 15
316 302 15 15
317 302 15 15
317 309 15 15
317 304 15 15
317 305 15 15
318 303 15 15
318 307 15 15
318 314 15 15
318 311 15 15
319 303 15 15
319 306 15 15
319 310 15 15
319 309 15 15
300 318 15 15
300 315 15 15
300 310 15 15
300 308 15 15
301 312 15 15
301 316 15 15
301 318 15 15
301 315 15 15
302 313 15 15
302 319 15 15
302 318 15 15
302 311 15 15
303 311 15 15
303 317 15 15
303 313 15 15
303 316 15 15
86 35 4 1
92 45 4 2
98 79 4 3
99 14 4 0
114 46 5 2
106 80 5 4
114 34 5 1
117 62 5 3
136 47 6 2
132 65 6 3
135 27 6 1
125 112 6 5
159 90 7 4
154 24 7 1
152 14 7 0
152 109 7 5
171 136 8 6
178 47 8 2
162 73 8 3
160 1 8 0
198 144 9 7
197 111 9 5
197 48 9 2
190 23 9 1
208 146 10 7
219 79 10 3
211 133 10 6
201 167 10 8
232 84 11 4
232 157 11 7
236 33 11 1
220 19 11 0
244 224 12 11
248 83 12 4
243 38 12 1
252 18 12 0
263 237 13 11
265 86 13 4
268 120 13 6
278 105 13 5
289 250 14 12
284 29 14 1
281 4 14 0
298 113 14 5
318 240 15 12
302 226 15 11
312 8 15 0
306 117 15 5
16 112 0 5
11 205 0 10
19 138 0 6
12 260 0 13
21 215 1 10
32 310 1 15
28 260 1 13
27 164 1 8
50 268 2 13
50 299 2 14
50 203 2 10
43 312 2 15
66 269 3 13
73 190 3 9
73 294 3 14
64 251 3 12
