swNum = 320
edgeNum = 1344

0 0
1 0
2 0
3 0
4 0
5 0
6 0
7 0
8 0
9 0
10 0
11 0
12 0
13 0
14 0
15 0
16 0
17 0
18 0
19 0
20 1
21 1
22 1
23 1
24 1
25 1
26 1
27 1
28 1
29 1
30 1
31 1
32 1
33 1
34 1
35 1
36 1
37 1
38 1
39 1
40 2
41 2
42 2
43 2
44 2
45 2
46 2
47 2
48 2
49 2
50 2
51 2
52 2
53 2
54 2
55 2
56 2
57 2
58 2
59 2
60 3
61 3
62 3
63 3
64 3
65 3
66 3
67 3
68 3
69 3
70 3
71 3
72 3
73 3
74 3
75 3
76 3
77 3
78 3
79 3
80 4
81 4
82 4
83 4
84 4
85 4
86 4
87 4
88 4
89 4
90 4
91 4
92 4
93 4
94 4
95 4
96 4
97 4
98 4
99 4
100 5
101 5
102 5
103 5
104 5
105 5
106 5
107 5
108 5
109 5
110 5
111 5
112 5
113 5
114 5
115 5
116 5
117 5
118 5
119 5
120 6
121 6
122 6
123 6
124 6
125 6
126 6
127 6
128 6
129 6
130 6
131 6
132 6
133 6
134 6
135 6
136 6
137 6
138 6
139 6
140 7
141 7
142 7
143 7
144 7
145 7
146 7
147 7
148 7
149 7
150 7
151 7
152 7
153 7
154 7
155 7
156 7
157 7
158 7
159 7
160 8
161 8
162 8
163 8
164 8
165 8
166 8
167 8
168 8
169 8
170 8
171 8
172 8
173 8
174 8
175 8
176 8
177 8
178 8
179 8
180 9
181 9
182 9
183 9
184 9
185 9
186 9
187 9
188 9
189 9
190 9
191 9
192 9
193 9
194 9
195 9
196 9
197 9
198 9
199 9
200 10
201 10
202 10
203 10
204 10
205 10
206 10
207 10
208 10
209 10
210 10
211 10
212 10
213 10
214 10
215 10
216 10
217 10
218 10
219 10
220 11
221 11
222 11
223 11
224 11
225 11
226 11
227 11
228 11
229 11
230 11
231 11
232 11
233 11
234 11
235 11
236 11
237 11
238 11
239 11
240 12
241 12
242 12
243 12
244 12
245 12
246 12
247 12
248 12
249 12
250 12
251 12
252 12
253 12
254 12
255 12
256 12
257 12
258 12
259 12
260 13
261 13
262 13
263 13
264 13
265 13
266 13
267 13
268 13
269 13
270 13
271 13
272 13
273 13
274 13
275 13
276 13
277 13
278 13
279 13
280 14
281 14
282 14
283 14
284 14
285 14
286 14
287 14
288 14
289 14
290 14
291 14
292 14
293 14
294 14
295 14
296 14
297 14
298 14
299 14
300 15
301 15
302 15
303 15
304 15
305 15
306 15
307 15
308 15
309 15
310 15
311 15
312 15
313 15
314 15
315 15
316 15
317 15
318 15
319 15

4 3 0 0
4 1 0 0
4 0 0 0
4 2 0 0
5 1 0 0
5 3 0 0
5 0 0 0
5 4 0 0
6 4 0 0
6 0 0 0
6 3 0 0
6 1 0 0
7 0 0 0
7 3 0 0
7 2 0 0
7 6 0 0
8 4 0 0
8 3 0 0
8 6 0 0
8 7 0 0
9 2 0 0
9 6 0 0
9 8 0 0
9 7 0 0
10 7 0 0
10 5 0 0
10 3 0 0
10 0 0 0
11 6 0 0
11 0 0 0
11 3 0 0
11 9 0 0
12 0 0 0
12 8 0 0
12 10 0 0
12 5 0 0
13 12 0 0
13 0 0 0
13 1 0 0
13 5 0 0
14 9 0 0
14 13 0 0
14 3 0 0
14 11 0 0
15 1 0 0
15 8 0 0
15 14 0 0
15 13 0 0
16 13 0 0
16 0 0 0
16 12 0 0
16 3 0 0
17 2 0 0
17 12 0 0
17 15 0 0
17 1 0 0
18 5 0 0
18 15 0 0
18 3 0 0
18 9 0 0
19 4 0 0
19 16 0 0
19 17 0 0
19 7 0 0
0 14 0 0
0 17 0 0
0 8 0 0
0 18 0 0
1 7 0 0
1 9 0 0
1 12 0 0
1 8 0 0
2 6 0 0
2 5 0 0
2 14 0 0
2 19 0 0
3 13 0 0
3 17 0 0
3 19 0 0
3 15 0 0
24 20 1 1
24 22 1 1
24 23 1 1
24 21 1 1
25 24 1 1
25 23 1 1
25 20 1 1
25 21 1 1
26 25 1 1
26 20 1 1
26 24 1 1
26 22 1 1
27 22 1 1
27 26 1 1
27 23 1 1
27 20 1 1
28 23 1 1
28 22 1 1
28 21 1 1
28 27 1 1
29 24 1 1
29 28 1 1
29 20 1 1
29 26 1 1
30 23 1 1
30 26 1 1
30 20 1 1
30 21 1 1
31 20 1 1
31 28 1 1
31 23 1 1
31 22 1 1
32 27 1 1
32 22 1 1
32 30 1 1
32 21 1 1
33 27 1 1
33 30 1 1
33 32 1 1
33 20 1 1
34 28 1 1
34 26 1 1
34 23 1 1
34 31 1 1
35 27 1 1
35 31 1 1
35 24 1 1
35 25 1 1
36 34 1 1
36 25 1 1
36 24 1 1
36 26 1 1
37 36 1 1
37 22 1 1
37 25 1 1
37 30 1 1
38 31 1 1
38 28 1 1
38 35 1 1
38 23 1 1
39 34 1 1
39 26 1 1
39 28 1 1
39 29 1 1
20 39 1 1
20 32 1 1
20 34 1 1
20 37 1 1
21 33 1 1
21 38 1 1
21 35 1 1
21 26 1 1
22 30 1 1
22 29 1 1
22 33 1 1
22 34 1 1
23 29 1 1
23 37 1 1
23 35 1 1
23 33 1 1
44 40 2 2
44 41 2 2
44 43 2 2
44 42 2 2
45 44 2 2
45 43 2 2
45 40 2 2
45 41 2 2
46 45 2 2
46 44 2 2
46 41 2 2
46 40 2 2
47 42 2 2
47 40 2 2
47 45 2 2
47 46 2 2
48 40 2 2
48 44 2 2
48 41 2 2
48 46 2 2
49 45 2 2
49 43 2 2
49 44 2 2
49 42 2 2
50 42 2 2
50 44 2 2
50 41 2 2
50 48 2 2
51 41 2 2
51 40 2 2
51 45 2 2
51 46 2 2
52 47 2 2
52 42 2 2
52 40 2 2
52 45 2 2
53 45 2 2
53 44 2 2
53 48 2 2
53 47 2 2
54 42 2 2
54 43 2 2
54 53 2 2
54 52 2 2
55 46 2 2
55 50 2 2
55 47 2 2
55 53 2 2
56 47 2 2
56 54 2 2
56 49 2 2
56 52 2 2
57 56 2 2
57 53 2 2
57 51 2 2
57 52 2 2
58 44 2 2
58 53 2 2
58 50 2 2
58 49 2 2
59 45 2 2
59 53 2 2
59 40 2 2
59 43 2 2
40 58 2 2
40 50 2 2
40 56 2 2
40 57 2 2
41 55 2 2
41 57 2 2
41 58 2 2
41 54 2 2
42 56 2 2
42 58 2 2
42 46 2 2
42 48 2 2
43 50 2 2
43 47 2 2
43 56 2 2
43 55 2 2
64 63 3 3
64 60 3 3
64 61 3 3
64 62 3 3
65 61 3 3
65 62 3 3
65 60 3 3
65 63 3 3
66 62 3 3
66 61 3 3
66 63 3 3
66 64 3 3
67 65 3 3
67 62 3 3
67 66 3 3
67 63 3 3
68 64 3 3
68 62 3 3
68 67 3 3
68 61 3 3
69 67 3 3
69 63 3 3
69 64 3 3
69 65 3 3
70 65 3 3
70 63 3 3
70 64 3 3
70 67 3 3
71 61 3 3
71 69 3 3
71 60 3 3
71 66 3 3
72 60 3 3
72 71 3 3
72 64 3 3
72 63 3 3
73 71 3 3
73 65 3 3
73 63 3 3
73 64 3 3
74 72 3 3
74 63 3 3
74 67 3 3
74 73 3 3
75 62 3 3
75 65 3 3
75 60 3 3
75 71 3 3
76 75 3 3
76 72 3 3
76 61 3 3
76 65 3 3
77 74 3 3
77 64 3 3
77 73 3 3
77 66 3 3
78 77 3 3
78 70 3 3
78 62 3 3
78 69 3 3
79 77 3 3
79 66 3 3
79 73 3 3
79 68 3 3
60 70 3 3
60 76 3 3
60 74 3 3
60 77 3 3
61 72 3 3
61 77 3 3
61 75 3 3
61 73 3 3
62 70 3 3
62 74 3 3
62 72 3 3
62 77 3 3
63 76 3 3
63 79 3 3
63 68 3 3
63 71 3 3
84 82 4 4
84 80 4 4
84 83 4 4
84 81 4 4
85 82 4 4
85 81 4 4
85 84 4 4
85 80 4 4
86 84 4 4
86 80 4 4
86 82 4 4
86 85 4 4
87 86 4 4
87 84 4 4
87 82 4 4
87 85 4 4
88 85 4 4
88 84 4 4
88 87 4 4
88 82 4 4
89 83 4 4
89 81 4 4
89 85 4 4
89 82 4 4
90 86 4 4
90 83 4 4
90 82 4 4
90 84 4 4
91 88 4 4
91 82 4 4
91 87 4 4
91 84 4 4
92 85 4 4
92 90 4 4
92 86 4 4
92 83 4 4
93 90 4 4
93 92 4 4
93 89 4 4
93 82 4 4
94 84 4 4
94 81 4 4
94 80 4 4
94 88 4 4
95 87 4 4
95 85 4 4
95 91 4 4
95 80 4 4
96 82 4 4
96 93 4 4
96 87 4 4
96 84 4 4
97 92 4 4
97 85 4 4
97 94 4 4
97 89 4 4
98 85 4 4
98 90 4 4
98 84 4 4
98 88 4 4
99 97 4 4
99 96 4 4
99 86 4 4
99 84 4 4
80 99 4 4
80 96 4 4
80 87 4 4
80 88 4 4
81 87 4 4
81 96 4 4
81 99 4 4
81 97 4 4
82 99 4 4
82 97 4 4
82 98 4 4
82 95 4 4
83 96 4 4
83 88 4 4
83 98 4 4
83 93 4 4
104 101 5 5
104 103 5 5
104 100 5 5
104 102 5 5
105 103 5 5
105 104 5 5
105 101 5 5
105 102 5 5
106 101 5 5
106 100 5 5
106 102 5 5
106 105 5 5
107 103 5 5
107 105 5 5
107 101 5 5
107 102 5 5
108 106 5 5
108 102 5 5
108 100 5 5
108 101 5 5
109 103 5 5
109 105 5 5
109 104 5 5
109 100 5 5
110 104 5 5
110 101 5 5
110 108 5 5
110 103 5 5
111 107 5 5
111 110 5 5
111 109 5 5
111 104 5 5
112 108 5 5
112 100 5 5
112 109 5 5
112 105 5 5
113 100 5 5
113 111 5 5
113 109 5 5
113 108 5 5
114 113 5 5
114 102 5 5
114 112 5 5
114 107 5 5
115 109 5 5
115 102 5 5
115 105 5 5
115 103 5 5
116 105 5 5
116 109 5 5
116 111 5 5
116 114 5 5
117 106 5 5
117 110 5 5
117 116 5 5
117 100 5 5
118 110 5 5
118 101 5 5
118 106 5 5
118 103 5 5
119 108 5 5
119 100 5 5
119 113 5 5
119 107 5 5
100 114 5 5
100 116 5 5
100 115 5 5
100 118 5 5
101 113 5 5
101 111 5 5
101 112 5 5
101 109 5 5
102 109 5 5
102 119 5 5
102 117 5 5
102 116 5 5
103 119 5 5
103 111 5 5
103 112 5 5
103 114 5 5
124 120 6 6
124 121 6 6
124 122 6 6
124 123 6 6
125 120 6 6
125 122 6 6
125 121 6 6
125 123 6 6
126 124 6 6
126 120 6 6
126 121 6 6
126 122 6 6
127 126 6 6
127 120 6 6
127 125 6 6
127 121 6 6
128 126 6 6
128 125 6 6
128 124 6 6
128 121 6 6
129 128 6 6
129 125 6 6
129 126 6 6
129 120 6 6
130 120 6 6
130 127 6 6
130 124 6 6
130 129 6 6
131 123 6 6
131 126 6 6
131 125 6 6
131 130 6 6
132 120 6 6
132 124 6 6
132 121 6 6
132 122 6 6
133 129 6 6
133 128 6 6
133 122 6 6
133 126 6 6
134 121 6 6
134 130 6 6
134 131 6 6
134 133 6 6
135 123 6 6
135 133 6 6
135 129 6 6
135 131 6 6
136 134 6 6
136 121 6 6
136 133 6 6
136 127 6 6
137 130 6 6
137 125 6 6
137 124 6 6
137 135 6 6
138 131 6 6
138 129 6 6
138 135 6 6
138 134 6 6
139 124 6 6
139 120 6 6
139 130 6 6
139 137 6 6
120 136 6 6
120 128 6 6
120 138 6 6
120 133 6 6
121 137 6 6
121 129 6 6
121 133 6 6
121 139 6 6
122 128 6 6
122 130 6 6
122 139 6 6
122 129 6 6
123 138 6 6
123 127 6 6
123 129 6 6
123 133 6 6
144 141 7 7
144 142 7 7
144 143 7 7
144 140 7 7
145 141 7 7
145 144 7 7
145 140 7 7
145 142 7 7
146 144 7 7
146 141 7 7
146 140 7 7
146 143 7 7
147 143 7 7
147 140 7 7
147 145 7 7
147 141 7 7
148 147 7 7
148 142 7 7
148 145 7 7
148 143 7 7
149 140 7 7
149 142 7 7
149 143 7 7
149 145 7 7
150 145 7 7
150 144 7 7
150 141 7 7
150 143 7 7
151 143 7 7
151 142 7 7
151 145 7 7
151 147 7 7
152 146 7 7
152 147 7 7
152 151 7 7
152 141 7 7
153 150 7 7
153 151 7 7
153 143 7 7
153 140 7 7
154 142 7 7
154 147 7 7
154 146 7 7
154 143 7 7
155 147 7 7
155 152 7 7
155 148 7 7
155 144 7 7
156 154 7 7
156 155 7 7
156 152 7 7
156 143 7 7
157 151 7 7
157 152 7 7
157 153 7 7
157 148 7 7
158 142 7 7
158 151 7 7
158 148 7 7
158 145 7 7
159 142 7 7
159 143 7 7
159 153 7 7
159 156 7 7
140 152 7 7
140 156 7 7
140 157 7 7
140 151 7 7
141 148 7 7
141 157 7 7
141 155 7 7
141 156 7 7
142 147 7 7
142 150 7 7
142 156 7 7
142 146 7 7
143 152 7 7
143 155 7 7
143 158 7 7
143 157 7 7
164 161 8 8
164 163 8 8
164 162 8 8
164 160 8 8
165 164 8 8
165 163 8 8
165 161 8 8
165 160 8 8
166 163 8 8
166 160 8 8
166 162 8 8
166 161 8 8
167 164 8 8
167 161 8 8
167 165 8 8
167 163 8 8
168 160 8 8
168 165 8 8
168 163 8 8
168 164 8 8
169 162 8 8
169 167 8 8
169 164 8 8
169 165 8 8
170 160 8 8
170 161 8 8
170 166 8 8
170 164 8 8
171 162 8 8
171 167 8 8
171 161 8 8
171 169 8 8
172 168 8 8
172 169 8 8
172 161 8 8
172 163 8 8
173 171 8 8
173 169 8 8
173 161 8 8
173 162 8 8
174 167 8 8
174 163 8 8
174 165 8 8
174 160 8 8
175 161 8 8
175 173 8 8
175 162 8 8
175 164 8 8
176 162 8 8
176 174 8 8
176 168 8 8
176 161 8 8
177 166 8 8
177 165 8 8
177 160 8 8
177 171 8 8
178 166 8 8
178 175 8 8
178 161 8 8
178 160 8 8
179 162 8 8
179 178 8 8
179 166 8 8
179 160 8 8
160 167 8 8
160 173 8 8
160 171 8 8
160 176 8 8
161 169 8 8
161 177 8 8
161 179 8 8
161 174 8 8
162 167 8 8
162 178 8 8
162 177 8 8
162 172 8 8
163 175 8 8
163 169 8 8
163 176 8 8
163 173 8 8
184 182 9 9
184 181 9 9
184 180 9 9
184 183 9 9
185 183 9 9
185 180 9 9
185 182 9 9
185 184 9 9
186 184 9 9
186 181 9 9
186 183 9 9
186 185 9 9
187 186 9 9
187 181 9 9
187 182 9 9
187 185 9 9
188 184 9 9
188 180 9 9
188 187 9 9
188 185 9 9
189 181 9 9
189 182 9 9
189 184 9 9
189 183 9 9
190 183 9 9
190 180 9 9
190 188 9 9
190 181 9 9
191 185 9 9
191 180 9 9
191 187 9 9
191 184 9 9
192 183 9 9
192 186 9 9
192 181 9 9
192 188 9 9
193 180 9 9
193 181 9 9
193 190 9 9
193 186 9 9
194 188 9 9
194 181 9 9
194 186 9 9
194 193 9 9
195 189 9 9
195 191 9 9
195 187 9 9
195 185 9 9
196 194 9 9
196 189 9 9
196 182 9 9
196 187 9 9
197 190 9 9
197 194 9 9
197 193 9 9
197 188 9 9
198 192 9 9
198 195 9 9
198 193 9 9
198 185 9 9
199 191 9 9
199 183 9 9
199 197 9 9
199 185 9 9
180 197 9 9
180 192 9 9
180 189 9 9
180 186 9 9
181 191 9 9
181 197 9 9
181 195 9 9
181 196 9 9
182 197 9 9
182 186 9 9
182 192 9 9
182 193 9 9
183 198 9 9
183 197 9 9
183 196 9 9
183 194 9 9
204 202 10 10
204 203 10 10
204 200 10 10
204 201 10 10
205 203 10 10
205 202 10 10
205 204 10 10
205 200 10 10
206 201 10 10
206 203 10 10
206 200 10 10
206 202 10 10
207 201 10 10
207 202 10 10
207 204 10 10
207 203 10 10
208 204 10 10
208 203 10 10
208 202 10 10
208 207 10 10
209 207 10 10
209 203 10 10
209 208 10 10
209 201 10 10
210 200 10 10
210 201 10 10
210 203 10 10
210 209 10 10
211 201 10 10
211 206 10 10
211 204 10 10
211 203 10 10
212 210 10 10
212 207 10 10
212 211 10 10
212 201 10 10
213 200 10 10
213 210 10 10
213 201 10 10
213 206 10 10
214 210 10 10
214 206 10 10
214 201 10 10
214 212 10 10
215 213 10 10
215 212 10 10
215 214 10 10
215 200 10 10
216 200 10 10
216 204 10 10
216 210 10 10
216 205 10 10
217 211 10 10
217 213 10 10
217 206 10 10
217 203 10 10
218 212 10 10
218 206 10 10
218 202 10 10
218 215 10 10
219 211 10 10
219 217 10 10
219 207 10 10
219 202 10 10
200 207 10 10
200 217 10 10
200 212 10 10
200 209 10 10
201 219 10 10
201 208 10 10
201 215 10 10
201 217 10 10
202 210 10 10
202 211 10 10
202 214 10 10
202 209 10 10
203 219 10 10
203 218 10 10
203 216 10 10
203 215 10 10
224 221 11 11
224 220 11 11
224 223 11 11
224 222 11 11
225 224 11 11
225 220 11 11
225 223 11 11
225 222 11 11
226 224 11 11
226 221 11 11
226 225 11 11
226 220 11 11
227 222 11 11
227 225 11 11
227 220 11 11
227 224 11 11
228 220 11 11
228 225 11 11
228 227 11 11
228 223 11 11
229 227 11 11
229 226 11 11
229 220 11 11
229 224 11 11
230 229 11 11
230 222 11 11
230 223 11 11
230 220 11 11
231 228 11 11
231 227 11 11
231 225 11 11
231 220 11 11
232 230 11 11
232 228 11 11
232 229 11 11
232 231 11 11
233 224 11 11
233 229 11 11
233 227 11 11
233 232 11 11
234 233 11 11
234 220 11 11
234 228 11 11
234 232 11 11
235 234 11 11
235 221 11 11
235 223 11 11
235 220 11 11
236 222 11 11
236 225 11 11
236 229 11 11
236 221 11 11
237 235 11 11
237 229 11 11
237 228 11 11
237 220 11 11
238 225 11 11
238 237 11 11
238 228 11 11
238 220 11 11
239 222 11 11
239 236 11 11
239 228 11 11
239 230 11 11
220 232 11 11
220 233 11 11
220 236 11 11
220 239 11 11
221 232 11 11
221 228 11 11
221 229 11 11
221 239 11 11
222 238 11 11
222 231 11 11
222 228 11 11
222 229 11 11
223 238 11 11
223 232 11 11
223 237 11 11
223 233 11 11
244 242 12 12
244 243 12 12
244 240 12 12
244 241 12 12
245 243 12 12
245 244 12 12
245 241 12 12
245 240 12 12
246 240 12 12
246 245 12 12
246 242 12 12
246 241 12 12
247 242 12 12
247 243 12 12
247 244 12 12
247 245 12 12
248 241 12 12
248 242 12 12
248 240 12 12
248 246 12 12
249 240 12 12
249 248 12 12
249 246 12 12
249 241 12 12
250 245 12 12
250 248 12 12
250 244 12 12
250 242 12 12
251 245 12 12
251 250 12 12
251 246 12 12
251 248 12 12
252 242 12 12
252 250 12 12
252 241 12 12
252 251 12 12
253 252 12 12
253 242 12 12
253 241 12 12
253 248 12 12
254 240 12 12
254 251 12 12
254 253 12 12
254 246 12 12
255 252 12 12
255 241 12 12
255 251 12 12
255 242 12 12
256 242 12 12
256 244 12 12
256 240 12 12
256 243 12 12
257 251 12 12
257 253 12 12
257 241 12 12
257 248 12 12
258 256 12 12
258 254 12 12
258 240 12 12
258 252 12 12
259 255 12 12
259 251 12 12
259 247 12 12
259 250 12 12
240 251 12 12
240 257 12 12
240 252 12 12
240 253 12 12
241 247 12 12
241 251 12 12
241 256 12 12
241 258 12 12
242 245 12 12
242 251 12 12
242 258 12 12
242 259 12 12
243 251 12 12
243 254 12 12
243 259 12 12
243 249 12 12
264 260 13 13
264 263 13 13
264 262 13 13
264 261 13 13
265 262 13 13
265 261 13 13
265 260 13 13
265 263 13 13
266 262 13 13
266 265 13 13
266 261 13 13
266 260 13 13
267 261 13 13
267 266 13 13
267 262 13 13
267 263 13 13
268 265 13 13
268 263 13 13
268 262 13 13
268 267 13 13
269 263 13 13
269 262 13 13
269 261 13 13
269 260 13 13
270 261 13 13
270 262 13 13
270 268 13 13
270 260 13 13
271 261 13 13
271 268 13 13
271 265 13 13
271 260 13 13
272 265 13 13
272 260 13 13
272 268 13 13
272 271 13 13
273 272 13 13
273 261 13 13
273 264 13 13
273 270 13 13
274 271 13 13
274 273 13 13
274 268 13 13
274 266 13 13
275 261 13 13
275 272 13 13
275 268 13 13
275 274 13 13
276 265 13 13
276 275 13 13
276 260 13 13
276 270 13 13
277 274 13 13
277 261 13 13
277 266 13 13
277 275 13 13
278 267 13 13
278 270 13 13
278 266 13 13
278 277 13 13
279 263 13 13
279 273 13 13
279 270 13 13
279 274 13 13
260 279 13 13
260 277 13 13
260 278 13 13
260 267 13 13
261 278 13 13
261 268 13 13
261 276 13 13
261 272 13 13
262 273 13 13
262 279 13 13
262 274 13 13
262 271 13 13
263 275 13 13
263 276 13 13
263 274 13 13
263 270 13 13
284 280 14 14
284 282 14 14
284 283 14 14
284 281 14 14
285 284 14 14
285 281 14 14
285 283 14 14
285 282 14 14
286 283 14 14
286 281 14 14
286 282 14 14
286 284 14 14
287 280 14 14
287 281 14 14
287 282 14 14
287 283 14 14
288 286 14 14
288 287 14 14
288 281 14 14
288 285 14 14
289 281 14 14
289 287 14 14
289 284 14 14
289 286 14 14
290 289 14 14
290 284 14 14
290 287 14 14
290 285 14 14
291 281 14 14
291 286 14 14
291 288 14 14
291 283 14 14
292 282 14 14
292 287 14 14
292 289 14 14
292 290 14 14
293 288 14 14
293 286 14 14
293 281 14 14
293 287 14 14
294 288 14 14
294 286 14 14
294 285 14 14
294 287 14 14
295 283 14 14
295 287 14 14
295 293 14 14
295 291 14 14
296 292 14 14
296 285 14 14
296 294 14 14
296 287 14 14
297 294 14 14
297 293 14 14
297 291 14 14
297 295 14 14
298 281 14 14
298 286 14 14
298 295 14 14
298 285 14 14
299 297 14 14
299 294 14 14
299 288 14 14
299 283 14 14
280 291 14 14
280 298 14 14
280 289 14 14
280 292 14 14
281 295 14 14
281 299 14 14
281 290 14 14
281 297 14 14
282 295 14 14
282 289 14 14
282 297 14 14
282 293 14 14
283 293 14 14
283 297 14 14
283 298 14 14
283 288 14 14
304 303 15 15
304 302 15 15
304 301 15 15
304 300 15 15
305 301 15 15
305 300 15 15
305 304 15 15
305 303 15 15
306 302 15 15
306 303 15 15
306 300 15 15
306 305 15 15
307 305 15 15
307 300 15 15
307 301 15 15
307 303 15 15
308 303 15 15
308 306 15 15
308 304 15 15
308 300 15 15
309 302 15 15
309 304 15 15
309 305 15 15
309 300 15 15
310 301 15 15
310 309 15 15
310 304 15 15
310 306 15 15
311 307 15 15
311 301 15 15
311 300 15 15
311 309 15 15
312 302 15 15
312 303 15 15
312 310 15 15
312 306 15 15
313 303 15 15
313 302 15 15
313 308 15 15
313 312 15 15
314 312 15 15
314 300 15 15
314 310 15 15
314 304 15 15
315 310 15 15
315 300 15 15
315 314 15 15
315 302 15 15
316 310 15 15
316 309 15 15
316 308 15 15
316 313 15 15
317 307 15 15
317 305 15 15
317 301 15 15
317 304 15 15
318 312 15 15
318 308 15 15
318 300 15 15
318 311 15 15
319 302 15 15
319 316 15 15
319 306 15 15
319 307 15 15
300 313 15 15
300 312 15 15
300 316 15 15
300 310 15 15
301 309 15 15
301 314 15 15
301 315 15 15
301 318 15 15
302 318 15 15
302 316 15 15
302 310 15 15
302 308 15 15
303 314 15 15
303 316 15 15
303 318 15 15
303 319 15 15
98 36 4 1
88 8 4 0
82 65 4 3
85 59 4 2
108 90 5 4
104 55 5 2
109 21 5 1
109 70 5 3
120 3 6 0
130 66 6 3
136 23 6 1
139 95 6 4
149 37 7 1
156 135 7 6
154 46 7 2
156 94 7 4
161 11 8 0
162 65 8 3
164 136 8 6
178 119 8 5
181 129 9 6
180 69 9 3
186 3 9 0
181 100 9 5
219 63 10 3
211 170 10 8
200 16 10 0
201 182 10 9
225 187 11 9
239 139 11 6
226 106 11 5
224 90 11 4
249 28 12 1
248 69 12 3
257 230 12 11
257 158 12 7
262 13 13 0
265 256 13 12
270 161 13 8
262 118 13 5
290 149 14 7
280 212 14 10
295 264 14 13
293 36 14 1
315 45 15 2
317 280 15 14
316 152 15 7
305 239 15 11
11 250 0 12
4 105 0 5
7 236 0 11
19 292 0 14
23 262 1 13
31 181 1 9
32 203 1 10
33 308 1 15
42 285 2 14
45 195 2 9
46 202 2 10
48 266 2 13
79 275 3 13
61 303 3 15
75 229 3 11
72 298 3 14
