swNum = 320
edgeNum = 1343

0 0
1 0
2 0
3 0
4 0
5 0
6 0
7 0
8 0
9 0
10 0
11 0
12 0
13 0
14 0
15 0
16 0
17 0
18 0
19 0
20 1
21 1
22 1
23 1
24 1
25 1
26 1
27 1
28 1
29 1
30 1
31 1
32 1
33 1
34 1
35 1
36 1
37 1
38 1
39 1
40 2
41 2
42 2
43 2
44 2
45 2
46 2
47 2
48 2
49 2
50 2
51 2
52 2
53 2
54 2
55 2
56 2
57 2
58 2
59 2
60 3
61 3
62 3
63 3
64 3
65 3
66 3
67 3
68 3
69 3
70 3
71 3
72 3
73 3
74 3
75 3
76 3
77 3
78 3
79 3
80 4
81 4
82 4
83 4
84 4
85 4
86 4
87 4
88 4
89 4
90 4
91 4
92 4
93 4
94 4
95 4
96 4
97 4
98 4
99 4
100 5
101 5
102 5
103 5
104 5
105 5
106 5
107 5
108 5
109 5
110 5
111 5
112 5
113 5
114 5
115 5
116 5
117 5
118 5
119 5
120 6
121 6
122 6
123 6
124 6
125 6
126 6
127 6
128 6
129 6
130 6
131 6
132 6
133 6
134 6
135 6
136 6
137 6
138 6
139 6
140 7
141 7
142 7
143 7
144 7
145 7
146 7
147 7
148 7
149 7
150 7
151 7
152 7
153 7
154 7
155 7
156 7
157 7
158 7
159 7
160 8
161 8
162 8
163 8
164 8
165 8
166 8
167 8
168 8
169 8
170 8
171 8
172 8
173 8
174 8
175 8
176 8
177 8
178 8
179 8
180 9
181 9
182 9
183 9
184 9
185 9
186 9
187 9
188 9
189 9
190 9
191 9
192 9
193 9
194 9
195 9
196 9
197 9
198 9
199 9
200 10
201 10
202 10
203 10
204 10
205 10
206 10
207 10
208 10
209 10
210 10
211 10
212 10
213 10
214 10
215 10
216 10
217 10
218 10
219 10
220 11
221 11
222 11
223 11
224 11
225 11
226 11
227 11
228 11
229 11
230 11
231 11
232 11
233 11
234 11
235 11
236 11
237 11
238 11
239 11
240 12
241 12
242 12
243 12
244 12
245 12
246 12
247 12
248 12
249 12
250 12
251 12
252 12
253 12
254 12
255 12
256 12
257 12
258 12
259 12
260 13
261 13
262 13
263 13
264 13
265 13
266 13
267 13
268 13
269 13
270 13
271 13
272 13
273 13
274 13
275 13
276 13
277 13
278 13
279 13
280 14
281 14
282 14
283 14
284 14
285 14
286 14
287 14
288 14
289 14
290 14
291 14
292 14
293 14
294 14
295 14
296 14
297 14
298 14
299 14
300 15
301 15
302 15
303 15
304 15
305 15
306 15
307 15
308 15
309 15
310 15
311 15
312 15
313 15
314 15
315 15
316 15
317 15
318 15
319 15

4 0 0 0
4 1 0 0
4 3 0 0
4 2 0 0
5 4 0 0
5 1 0 0
5 0 0 0
5 2 0 0
6 3 0 0
6 2 0 0
6 4 0 0
6 0 0 0
7 5 0 0
7 1 0 0
7 4 0 0
7 0 0 0
8 3 0 0
8 2 0 0
8 6 0 0
8 0 0 0
9 2 0 0
9 3 0 0
9 7 0 0
9 6 0 0
10 3 0 0
10 8 0 0
10 1 0 0
10 2 0 0
11 5 0 0
11 7 0 0
11 6 0 0
11 1 0 0
12 10 0 0
12 9 0 0
12 6 0 0
12 8 0 0
13 2 0 0
13 9 0 0
13 0 0 0
13 6 0 0
14 5 0 0
14 1 0 0
14 6 0 0
14 11 0 0
15 4 0 0
15 0 0 0
15 1 0 0
15 8 0 0
16 4 0 0
16 15 0 0
16 10 0 0
16 1 0 0
17 14 0 0
17 7 0 0
17 11 0 0
17 1 0 0
18 5 0 0
18 7 0 0
18 11 0 0
18 15 0 0
19 5 0 0
19 16 0 0
19 4 0 0
19 1 0 0
0 11 0 0
0 12 0 0
0 16 0 0
0 19 0 0
1 6 0 0
1 18 0 0
1 12 0 0
1 9 0 0
2 16 0 0
2 12 0 0
2 11 0 0
2 15 0 0
3 17 0 0
3 13 0 0
3 12 0 0
3 5 0 0
24 21 1 1
24 23 1 1
24 20 1 1
24 22 1 1
25 22 1 1
25 21 1 1
25 24 1 1
25 23 1 1
26 20 1 1
26 25 1 1
26 22 1 1
26 24 1 1
27 25 1 1
27 22 1 1
27 24 1 1
27 20 1 1
28 25 1 1
28 20 1 1
28 24 1 1
28 26 1 1
29 27 1 1
29 23 1 1
29 22 1 1
29 24 1 1
30 20 1 1
30 21 1 1
30 24 1 1
30 27 1 1
31 29 1 1
31 23 1 1
31 20 1 1
31 30 1 1
32 29 1 1
32 23 1 1
32 21 1 1
32 31 1 1
33 27 1 1
33 22 1 1
33 20 1 1
33 25 1 1
34 25 1 1
34 20 1 1
34 30 1 1
34 28 1 1
35 21 1 1
35 26 1 1
35 34 1 1
35 33 1 1
36 26 1 1
36 23 1 1
36 30 1 1
36 32 1 1
37 30 1 1
37 26 1 1
37 36 1 1
37 28 1 1
38 31 1 1
38 27 1 1
38 28 1 1
38 32 1 1
39 37 1 1
39 36 1 1
39 35 1 1
39 30 1 1
20 36 1 1
20 32 1 1
20 39 1 1
20 38 1 1
21 37 1 1
21 26 1 1
21 34 1 1
21 29 1 1
22 28 1 1
22 32 1 1
22 35 1 1
22 34 1 1
23 26 1 1
23 30 1 1
23 38 1 1
23 28 1 1
44 42 2 2
44 43 2 2
44 40 2 2
44 41 2 2
45 42 2 2
45 43 2 2
45 44 2 2
45 41 2 2
46 42 2 2
46 40 2 2
46 44 2 2
46 43 2 2
47 40 2 2
47 46 2 2
47 44 2 2
47 45 2 2
48 46 2 2
48 43 2 2
48 40 2 2
48 42 2 2
49 41 2 2
49 48 2 2
49 42 2 2
49 40 2 2
50 45 2 2
50 47 2 2
50 49 2 2
50 44 2 2
51 42 2 2
51 44 2 2
51 41 2 2
51 43 2 2
52 50 2 2
52 40 2 2
52 43 2 2
52 47 2 2
53 50 2 2
53 52 2 2
53 47 2 2
53 43 2 2
54 50 2 2
54 43 2 2
54 48 2 2
54 44 2 2
55 44 2 2
55 40 2 2
55 41 2 2
55 52 2 2
56 43 2 2
56 46 2 2
56 42 2 2
56 40 2 2
57 42 2 2
57 52 2 2
57 53 2 2
57 48 2 2
58 44 2 2
58 57 2 2
58 45 2 2
58 42 2 2
59 57 2 2
59 48 2 2
59 56 2 2
59 52 2 2
40 45 2 2
40 59 2 2
40 58 2 2
40 51 2 2
41 52 2 2
41 59 2 2
41 56 2 2
41 47 2 2
42 59 2 2
42 52 2 2
42 47 2 2
42 55 2 2
43 49 2 2
43 57 2 2
43 59 2 2
43 55 2 2
64 61 3 3
64 62 3 3
64 60 3 3
64 63 3 3
65 63 3 3
65 61 3 3
65 62 3 3
65 60 3 3
66 61 3 3
66 62 3 3
66 60 3 3
66 63 3 3
67 62 3 3
67 66 3 3
67 63 3 3
67 61 3 3
68 62 3 3
68 61 3 3
68 60 3 3
68 65 3 3
69 67 3 3
69 63 3 3
69 68 3 3
69 61 3 3
70 62 3 3
70 64 3 3
70 66 3 3
70 61 3 3
71 60 3 3
71 61 3 3
71 68 3 3
71 66 3 3
72 71 3 3
72 64 3 3
72 69 3 3
72 62 3 3
73 67 3 3
73 68 3 3
73 72 3 3
73 69 3 3
74 68 3 3
74 62 3 3
74 69 3 3
74 72 3 3
75 73 3 3
75 63 3 3
75 69 3 3
75 60 3 3
76 75 3 3
76 67 3 3
76 68 3 3
76 71 3 3
77 60 3 3
77 76 3 3
77 74 3 3
77 75 3 3
78 67 3 3
78 63 3 3
78 73 3 3
78 61 3 3
79 63 3 3
79 73 3 3
79 66 3 3
79 61 3 3
60 72 3 3
60 76 3 3
60 74 3 3
60 67 3 3
61 76 3 3
61 77 3 3
61 73 3 3
61 75 3 3
62 79 3 3
62 78 3 3
62 69 3 3
62 75 3 3
63 68 3 3
63 76 3 3
63 73 3 3
63 77 3 3
84 83 4 4
84 81 4 4
84 80 4 4
84 82 4 4
85 81 4 4
85 80 4 4
85 83 4 4
85 82 4 4
86 82 4 4
86 85 4 4
86 83 4 4
86 81 4 4
87 83 4 4
87 82 4 4
87 85 4 4
87 81 4 4
88 87 4 4
88 81 4 4
88 84 4 4
88 80 4 4
89 87 4 4
89 83 4 4
89 81 4 4
89 85 4 4
90 82 4 4
90 89 4 4
90 87 4 4
90 80 4 4
91 85 4 4
91 84 4 4
91 87 4 4
91 83 4 4
92 81 4 4
92 88 4 4
92 84 4 4
92 80 4 4
93 92 4 4
93 83 4 4
93 89 4 4
93 82 4 4
94 86 4 4
94 90 4 4
94 83 4 4
94 82 4 4
95 83 4 4
95 93 4 4
95 86 4 4
95 82 4 4
96 91 4 4
96 83 4 4
96 88 4 4
96 94 4 4
97 83 4 4
97 82 4 4
97 86 4 4
97 80 4 4
98 92 4 4
98 88 4 4
98 84 4 4
98 89 4 4
99 97 4 4
99 80 4 4
99 91 4 4
99 90 4 4
80 87 4 4
80 96 4 4
80 94 4 4
80 98 4 4
81 93 4 4
81 94 4 4
81 96 4 4
81 99 4 4
82 89 4 4
82 98 4 4
82 96 4 4
82 92 4 4
83 90 4 4
83 99 4 4
83 92 4 4
83 88 4 4
104 103 5 5
104 100 5 5
104 101 5 5
104 102 5 5
105 103 5 5
105 102 5 5
105 104 5 5
105 101 5 5
106 100 5 5
106 101 5 5
106 105 5 5
106 102 5 5
107 100 5 5
107 103 5 5
107 104 5 5
107 102 5 5
108 101 5 5
108 105 5 5
108 106 5 5
108 100 5 5
109 101 5 5
109 102 5 5
109 105 5 5
109 107 5 5
110 107 5 5
110 109 5 5
110 100 5 5
110 104 5 5
111 104 5 5
111 107 5 5
111 109 5 5
111 102 5 5
112 103 5 5
112 111 5 5
112 100 5 5
112 110 5 5
113 112 5 5
113 108 5 5
113 109 5 5
113 111 5 5
114 100 5 5
114 106 5 5
114 110 5 5
114 104 5 5
115 107 5 5
115 104 5 5
115 112 5 5
115 114 5 5
116 101 5 5
116 109 5 5
116 114 5 5
116 115 5 5
117 114 5 5
117 115 5 5
117 107 5 5
117 116 5 5
118 102 5 5
118 117 5 5
118 105 5 5
118 115 5 5
119 115 5 5
119 100 5 5
119 117 5 5
119 116 5 5
100 113 5 5
100 111 5 5
100 118 5 5
100 105 5 5
101 117 5 5
101 113 5 5
101 111 5 5
101 110 5 5
102 113 5 5
102 115 5 5
102 112 5 5
102 116 5 5
103 119 5 5
103 110 5 5
103 111 5 5
103 116 5 5
124 122 6 6
124 121 6 6
124 120 6 6
124 123 6 6
125 122 6 6
125 124 6 6
125 120 6 6
125 121 6 6
126 120 6 6
126 123 6 6
126 122 6 6
126 124 6 6
127 124 6 6
127 125 6 6
127 121 6 6
127 120 6 6
128 120 6 6
128 127 6 6
128 121 6 6
128 126 6 6
129 122 6 6
129 121 6 6
129 124 6 6
129 120 6 6
130 121 6 6
130 126 6 6
130 123 6 6
130 122 6 6
131 126 6 6
131 127 6 6
131 121 6 6
131 129 6 6
132 122 6 6
132 125 6 6
132 124 6 6
132 130 6 6
133 131 6 6
133 127 6 6
133 125 6 6
133 120 6 6
134 124 6 6
134 129 6 6
134 133 6 6
134 126 6 6
135 129 6 6
135 131 6 6
135 134 6 6
135 127 6 6
136 121 6 6
136 129 6 6
136 135 6 6
136 124 6 6
137 125 6 6
137 130 6 6
137 131 6 6
137 132 6 6
138 131 6 6
138 122 6 6
138 137 6 6
138 130 6 6
139 121 6 6
139 125 6 6
139 127 6 6
139 129 6 6
120 132 6 6
120 135 6 6
120 130 6 6
120 136 6 6
121 135 6 6
121 134 6 6
121 133 6 6
121 137 6 6
122 136 6 6
122 139 6 6
122 128 6 6
122 133 6 6
123 128 6 6
123 136 6 6
123 125 6 6
123 134 6 6
144 143 7 7
144 141 7 7
144 140 7 7
144 142 7 7
145 143 7 7
145 142 7 7
145 141 7 7
145 140 7 7
146 142 7 7
146 145 7 7
146 143 7 7
146 141 7 7
147 140 7 7
147 142 7 7
147 143 7 7
147 141 7 7
148 147 7 7
148 144 7 7
148 145 7 7
148 143 7 7
149 146 7 7
149 143 7 7
149 145 7 7
149 142 7 7
150 147 7 7
150 145 7 7
150 144 7 7
150 140 7 7
151 143 7 7
151 144 7 7
151 148 7 7
151 140 7 7
152 149 7 7
152 142 7 7
152 141 7 7
152 151 7 7
153 141 7 7
153 140 7 7
153 142 7 7
153 152 7 7
154 149 7 7
154 145 7 7
154 146 7 7
154 152 7 7
155 152 7 7
155 149 7 7
155 150 7 7
155 148 7 7
156 143 7 7
156 154 7 7
156 145 7 7
156 146 7 7
157 145 7 7
157 147 7 7
157 148 7 7
157 156 7 7
158 153 7 7
158 141 7 7
158 145 7 7
158 140 7 7
159 152 7 7
159 142 7 7
159 148 7 7
159 147 7 7
140 152 7 7
140 155 7 7
140 148 7 7
140 157 7 7
141 157 7 7
141 154 7 7
141 159 7 7
141 155 7 7
142 157 7 7
142 154 7 7
142 155 7 7
142 148 7 7
143 154 7 7
143 155 7 7
143 159 7 7
143 157 7 7
164 160 8 8
164 161 8 8
164 163 8 8
164 162 8 8
165 163 8 8
165 164 8 8
165 160 8 8
165 162 8 8
166 160 8 8
166 164 8 8
166 163 8 8
166 165 8 8
167 163 8 8
167 166 8 8
167 164 8 8
167 165 8 8
168 160 8 8
168 161 8 8
168 163 8 8
168 164 8 8
169 160 8 8
169 167 8 8
169 163 8 8
169 162 8 8
170 161 8 8
170 162 8 8
170 167 8 8
170 168 8 8
171 167 8 8
171 161 8 8
171 160 8 8
171 169 8 8
172 171 8 8
172 167 8 8
172 168 8 8
172 163 8 8
173 170 8 8
173 168 8 8
173 171 8 8
173 162 8 8
174 160 8 8
174 166 8 8
174 165 8 8
174 167 8 8
175 170 8 8
175 173 8 8
175 163 8 8
175 161 8 8
176 170 8 8
176 175 8 8
176 165 8 8
176 161 8 8
177 172 8 8
177 166 8 8
177 167 8 8
177 161 8 8
178 172 8 8
178 173 8 8
178 177 8 8
178 176 8 8
179 177 8 8
179 172 8 8
179 178 8 8
179 174 8 8
160 177 8 8
160 167 8 8
160 179 8 8
160 175 8 8
161 169 8 8
161 166 8 8
161 172 8 8
161 179 8 8
162 171 8 8
162 176 8 8
162 178 8 8
162 167 8 8
163 173 8 8
163 177 8 8
163 171 8 8
163 170 8 8
184 181 9 9
184 180 9 9
184 183 9 9
184 182 9 9
185 183 9 9
185 182 9 9
185 181 9 9
185 184 9 9
186 181 9 9
186 183 9 9
186 184 9 9
186 180 9 9
187 181 9 9
187 186 9 9
187 180 9 9
187 185 9 9
188 180 9 9
188 186 9 9
188 183 9 9
188 181 9 9
189 180 9 9
189 188 9 9
189 181 9 9
189 183 9 9
190 180 9 9
190 188 9 9
190 186 9 9
190 183 9 9
191 183 9 9
191 180 9 9
191 186 9 9
191 181 9 9
192 191 9 9
192 189 9 9
192 188 9 9
192 183 9 9
193 184 9 9
193 185 9 9
193 191 9 9
193 183 9 9
194 192 9 9
194 180 9 9
194 188 9 9
194 190 9 9
195 187 9 9
195 185 9 9
195 193 9 9
195 182 9 9
196 194 9 9
196 183 9 9
196 190 9 9
196 191 9 9
197 193 9 9
197 180 9 9
197 190 9 9
197 181 9 9
198 196 9 9
198 194 9 9
198 189 9 9
198 181 9 9
199 191 9 9
199 195 9 9
199 183 9 9
199 188 9 9
180 192 9 9
180 193 9 9
180 196 9 9
180 195 9 9
181 190 9 9
181 193 9 9
181 194 9 9
181 199 9 9
182 196 9 9
182 199 9 9
182 186 9 9
182 188 9 9
183 194 9 9
183 198 9 9
183 197 9 9
183 187 9 9
204 200 10 10
204 202 10 10
204 201 10 10
204 203 10 10
205 200 10 10
205 201 10 10
205 203 10 10
205 202 10 10
206 200 10 10
206 203 10 10
206 201 10 10
206 204 10 10
207 204 10 10
207 206 10 10
207 201 10 10
207 203 10 10
208 200 10 10
208 203 10 10
208 207 10 10
208 204 10 10
209 202 10 10
209 200 10 10
209 208 10 10
209 205 10 10
210 206 10 10
210 201 10 10
210 207 10 10
210 200 10 10
211 202 10 10
211 209 10 10
211 203 10 10
211 200 10 10
212 209 10 10
212 204 10 10
212 205 10 10
212 211 10 10
213 205 10 10
213 202 10 10
213 211 10 10
213 212 10 10
214 208 10 10
214 213 10 10
214 211 10 10
214 205 10 10
215 211 10 10
215 212 10 10
215 202 10 10
215 205 10 10
216 206 10 10
216 209 10 10
216 201 10 10
216 203 10 10
217 204 10 10
217 201 10 10
217 209 10 10
217 208 10 10
218 201 10 10
218 203 10 10
218 207 10 10
218 208 10 10
219 202 10 10
219 212 10 10
219 205 10 10
219 213 10 10
200 217 10 10
200 212 10 10
200 207 10 10
200 216 10 10
201 208 10 10
201 214 10 10
201 211 10 10
201 212 10 10
202 214 10 10
202 217 10 10
202 216 10 10
202 212 10 10
203 210 10 10
203 214 10 10
203 213 10 10
203 217 10 10
224 222 11 11
224 221 11 11
224 223 11 11
224 220 11 11
225 224 11 11
225 222 11 11
225 220 11 11
225 223 11 11
226 223 11 11
226 224 11 11
226 220 11 11
226 222 11 11
227 221 11 11
227 223 11 11
227 225 11 11
227 222 11 11
228 223 11 11
228 220 11 11
228 227 11 11
228 226 11 11
229 224 11 11
229 221 11 11
229 227 11 11
229 220 11 11
230 220 11 11
230 221 11 11
230 229 11 11
230 224 11 11
231 226 11 11
231 228 11 11
231 222 11 11
231 227 11 11
232 226 11 11
232 223 11 11
232 231 11 11
232 221 11 11
233 224 11 11
233 231 11 11
233 230 11 11
233 229 11 11
234 226 11 11
234 220 11 11
234 223 11 11
234 230 11 11
235 227 11 11
235 228 11 11
235 231 11 11
235 234 11 11
236 225 11 11
236 220 11 11
236 230 11 11
236 224 11 11
237 226 11 11
237 235 11 11
237 234 11 11
237 233 11 11
238 228 11 11
238 237 11 11
238 227 11 11
238 223 11 11
239 234 11 11
239 230 11 11
239 228 11 11
239 233 11 11
220 238 11 11
220 233 11 11
220 232 11 11
220 237 11 11
221 238 11 11
221 236 11 11
221 234 11 11
221 239 11 11
222 233 11 11
222 238 11 11
222 229 11 11
222 239 11 11
223 235 11 11
223 239 11 11
223 236 11 11
223 231 11 11
244 241 12 12
244 242 12 12
244 240 12 12
244 243 12 12
245 240 12 12
245 241 12 12
245 242 12 12
245 243 12 12
246 245 12 12
246 244 12 12
246 240 12 12
246 241 12 12
247 241 12 12
247 243 12 12
247 240 12 12
247 246 12 12
248 247 12 12
248 242 12 12
248 243 12 12
248 241 12 12
249 243 12 12
249 248 12 12
249 241 12 12
249 242 12 12
250 247 12 12
250 249 12 12
250 248 12 12
250 242 12 12
251 250 12 12
251 247 12 12
251 245 12 12
251 246 12 12
252 247 12 12
252 249 12 12
252 248 12 12
252 243 12 12
253 241 12 12
253 249 12 12
253 248 12 12
253 252 12 12
254 253 12 12
254 250 12 12
254 252 12 12
254 247 12 12
255 247 12 12
255 248 12 12
255 250 12 12
255 242 12 12
256 251 12 12
256 248 12 12
256 249 12 12
256 245 12 12
257 250 12 12
257 244 12 12
257 241 12 12
257 242 12 12
258 253 12 12
258 251 12 12
258 247 12 12
258 241 12 12
259 243 12 12
259 250 12 12
259 253 12 12
259 248 12 12
240 256 12 12
240 250 12 12
240 259 12 12
240 254 12 12
241 255 12 12
241 259 12 12
241 256 12 12
241 252 12 12
242 256 12 12
242 253 12 12
242 247 12 12
242 252 12 12
243 246 12 12
243 253 12 12
243 251 12 12
243 258 12 12
264 260 13 13
264 263 13 13
264 261 13 13
264 262 13 13
265 260 13 13
265 263 13 13
265 264 13 13
265 262 13 13
266 263 13 13
266 260 13 13
266 264 13 13
266 265 13 13
267 262 13 13
267 261 13 13
267 266 13 13
267 263 13 13
268 265 13 13
268 260 13 13
268 263 13 13
268 267 13 13
269 266 13 13
269 261 13 13
269 264 13 13
269 265 13 13
270 263 13 13
270 261 13 13
270 269 13 13
270 264 13 13
271 266 13 13
271 268 13 13
271 264 13 13
271 270 13 13
272 263 13 13
272 267 13 13
272 271 13 13
272 260 13 13
273 263 13 13
273 267 13 13
273 270 13 13
273 272 13 13
274 261 13 13
274 269 13 13
274 263 13 13
274 270 13 13
275 271 13 13
275 273 13 13
275 264 13 13
275 262 13 13
276 270 13 13
276 269 13 13
276 261 13 13
276 262 13 13
277 274 13 13
277 265 13 13
277 273 13 13
277 269 13 13
278 276 13 13
278 264 13 13
278 266 13 13
278 269 13 13
279 270 13 13
279 261 13 13
279 269 13 13
279 266 13 13
260 271 13 13
260 274 13 13
260 267 13 13
260 269 13 13
261 266 13 13
261 277 13 13
261 273 13 13
261 278 13 13
262 273 13 13
262 266 13 13
262 278 13 13
262 272 13 13
263 276 13 13
263 275 13 13
263 271 13 13
263 277 13 13
284 280 14 14
284 282 14 14
284 283 14 14
284 281 14 14
285 283 14 14
285 282 14 14
285 281 14 14
285 280 14 14
286 284 14 14
286 280 14 14
286 285 14 14
286 281 14 14
287 283 14 14
287 285 14 14
287 282 14 14
287 280 14 14
288 283 14 14
288 280 14 14
288 281 14 14
288 282 14 14
289 282 14 14
289 287 14 14
289 288 14 14
289 281 14 14
290 282 14 14
290 281 14 14
290 285 14 14
290 287 14 14
291 290 14 14
291 282 14 14
291 287 14 14
291 281 14 14
292 288 14 14
292 291 14 14
292 283 14 14
292 287 14 14
293 285 14 14
293 282 14 14
293 284 14 14
293 287 14 14
294 289 14 14
294 292 14 14
294 287 14 14
294 285 14 14
295 287 14 14
295 284 14 14
295 294 14 14
295 286 14 14
296 285 14 14
296 292 14 14
296 283 14 14
296 291 14 14
297 283 14 14
297 285 14 14
297 287 14 14
297 288 14 14
298 294 14 14
298 284 14 14
298 296 14 14
298 286 14 14
299 295 14 14
299 286 14 14
299 281 14 14
299 285 14 14
280 295 14 14
280 297 14 14
280 299 14 14
280 294 14 14
281 287 14 14
281 293 14 14
281 296 14 14
281 297 14 14
282 292 14 14
282 296 14 14
282 299 14 14
282 295 14 14
283 289 14 14
283 294 14 14
283 286 14 14
283 291 14 14
304 301 15 15
304 300 15 15
304 303 15 15
304 302 15 15
305 300 15 15
305 303 15 15
305 301 15 15
305 302 15 15
306 303 15 15
306 302 15 15
306 304 15 15
306 305 15 15
307 306 15 15
307 302 15 15
307 304 15 15
307 301 15 15
308 302 15 15
308 301 15 15
308 303 15 15
308 307 15 15
309 308 15 15
309 303 15 15
309 304 15 15
309 302 15 15
310 309 15 15
310 307 15 15
310 302 15 15
310 305 15 15
311 310 15 15
311 309 15 15
311 305 15 15
311 302 15 15
312 308 15 15
312 310 15 15
312 302 15 15
312 306 15 15
313 309 15 15
313 308 15 15
313 303 15 15
313 312 15 15
314 308 15 15
314 311 15 15
314 309 15 15
314 310 15 15
315 309 15 15
315 305 15 15
315 306 15 15
315 303 15 15
316 310 15 15
316 302 15 15
316 300 15 15
316 305 15 15
317 304 15 15
317 305 15 15
317 300 15 15
317 316 15 15
318 305 15 15
318 314 15 15
318 309 15 15
318 307 15 15
319 308 15 15
319 301 15 15
319 313 15 15
319 318 15 15
300 319 15 15
300 311 15 15
300 310 15 15
300 313 15 15
301 315 15 15
301 314 15 15
301 317 15 15
301 316 15 15
302 314 15 15
302 315 15 15
302 318 15 15
302 319 15 15
303 310 15 15
303 319 15 15
303 318 15 15
303 311 15 15
90 11 4 0
83 47 4 2
88 29 4 1
82 69 4 3
110 97 5 4
112 12 5 0
111 33 5 1
119 49 5 2
120 28 6 1
139 90 6 4
135 16 6 0
133 75 6 3
149 27 7 1
151 96 7 4
150 65 7 3
147 41 7 2
175 39 8 1
179 85 8 4
160 103 8 5
164 53 8 2
181 161 9 8
186 97 9 4
188 10 9 0
188 21 9 1
203 44 10 2
208 173 10 8
219 148 10 7
203 1 10 0
226 80 11 4
231 175 11 8
229 14 11 0
233 154 11 7
255 139 12 6
250 65 12 3
250 15 12 0
253 104 12 5
262 63 13 3
276 24 13 1
267 83 13 4
276 142 13 7
280 167 14 8
291 13 14 0
282 127 14 6
291 71 14 3
307 39 15 1
313 1 15 0
306 241 15 12
313 155 15 7
12 142 0 7
7 179 0 8
8 271 0 13
36 203 1 10
31 223 1 11
30 292 1 14
20 257 1 12
44 234 2 11
50 185 2 9
41 278 2 13
59 284 2 14
63 160 3 8
77 209 3 10
63 119 3 5
77 237 3 11
