swNum = 320
edgeNum = 1342

0 0
1 0
2 0
3 0
4 0
5 0
6 0
7 0
8 0
9 0
10 0
11 0
12 0
13 0
14 0
15 0
16 0
17 0
18 0
19 0
20 1
21 1
22 1
23 1
24 1
25 1
26 1
27 1
28 1
29 1
30 1
31 1
32 1
33 1
34 1
35 1
36 1
37 1
38 1
39 1
40 2
41 2
42 2
43 2
44 2
45 2
46 2
47 2
48 2
49 2
50 2
51 2
52 2
53 2
54 2
55 2
56 2
57 2
58 2
59 2
60 3
61 3
62 3
63 3
64 3
65 3
66 3
67 3
68 3
69 3
70 3
71 3
72 3
73 3
74 3
75 3
76 3
77 3
78 3
79 3
80 4
81 4
82 4
83 4
84 4
85 4
86 4
87 4
88 4
89 4
90 4
91 4
92 4
93 4
94 4
95 4
96 4
97 4
98 4
99 4
100 5
101 5
102 5
103 5
104 5
105 5
106 5
107 5
108 5
109 5
110 5
111 5
112 5
113 5
114 5
115 5
116 5
117 5
118 5
119 5
120 6
121 6
122 6
123 6
124 6
125 6
126 6
127 6
128 6
129 6
130 6
131 6
132 6
133 6
134 6
135 6
136 6
137 6
138 6
139 6
140 7
141 7
142 7
143 7
144 7
145 7
146 7
147 7
148 7
149 7
150 7
151 7
152 7
153 7
154 7
155 7
156 7
157 7
158 7
159 7
160 8
161 8
162 8
163 8
164 8
165 8
166 8
167 8
168 8
169 8
170 8
171 8
172 8
173 8
174 8
175 8
176 8
177 8
178 8
179 8
180 9
181 9
182 9
183 9
184 9
185 9
186 9
187 9
188 9
189 9
190 9
191 9
192 9
193 9
194 9
195 9
196 9
197 9
198 9
199 9
200 10
201 10
202 10
203 10
204 10
205 10
206 10
207 10
208 10
209 10
210 10
211 10
212 10
213 10
214 10
215 10
216 10
217 10
218 10
219 10
220 11
221 11
222 11
223 11
224 11
225 11
226 11
227 11
228 11
229 11
230 11
231 11
232 11
233 11
234 11
235 11
236 11
237 11
238 11
239 11
240 12
241 12
242 12
243 12
244 12
245 12
246 12
247 12
248 12
249 12
250 12
251 12
252 12
253 12
254 12
255 12
256 12
257 12
258 12
259 12
260 13
261 13
262 13
263 13
264 13
265 13
266 13
267 13
268 13
269 13
270 13
271 13
272 13
273 13
274 13
275 13
276 13
277 13
278 13
279 13
280 14
281 14
282 14
283 14
284 14
285 14
286 14
287 14
288 14
289 14
290 14
291 14
292 14
293 14
294 14
295 14
296 14
297 14
298 14
299 14
300 15
301 15
302 15
303 15
304 15
305 15
306 15
307 15
308 15
309 15
310 15
311 15
312 15
313 15
314 15
315 15
316 15
317 15
318 15
319 15

4 2 0 0
4 3 0 0
4 1 0 0
4 0 0 0
5 1 0 0
5 0 0 0
5 2 0 0
5 4 0 0
6 4 0 0
6 2 0 0
6 5 0 0
6 3 0 0
7 4 0 0
7 3 0 0
7 2 0 0
7 1 0 0
8 2 0 0
8 7 0 0
8 5 0 0
8 4 0 0
9 3 0 0
9 1 0 0
9 5 0 0
9 8 0 0
10 0 0 0
10 4 0 0
10 9 0 0
10 3 0 0
11 2 0 0
11 3 0 0
11 1 0 0
11 6 0 0
12 2 0 0
12 3 0 0
12 6 0 0
12 4 0 0
13 3 0 0
13 6 0 0
13 5 0 0
13 11 0 0
14 4 0 0
14 8 0 0
14 11 0 0
14 13 0 0
15 7 0 0
15 11 0 0
15 2 0 0
15 14 0 0
16 10 0 0
16 11 0 0
16 1 0 0
16 15 0 0
17 13 0 0
17 8 0 0
17 2 0 0
17 4 0 0
18 10 0 0
18 3 0 0
18 4 0 0
18 16 0 0
19 14 0 0
19 8 0 0
19 11 0 0
19 2 0 0
0 9 0 0
0 17 0 0
0 7 0 0
0 15 0 0
1 14 0 0
1 19 0 0
1 8 0 0
1 15 0 0
2 14 0 0
2 13 0 0
2 10 0 0
2 16 0 0
3 15 0 0
3 16 0 0
3 8 0 0
3 17 0 0
24 23 1 1
24 21 1 1
24 22 1 1
24 20 1 1
25 23 1 1
25 21 1 1
25 24 1 1
25 22 1 1
26 20 1 1
26 22 1 1
26 23 1 1
26 24 1 1
27 24 1 1
27 25 1 1
27 23 1 1
27 26 1 1
28 26 1 1
28 20 1 1
28 22 1 1
28 25 1 1
29 20 1 1
29 21 1 1
29 27 1 1
29 23 1 1
30 21 1 1
30 29 1 1
30 23 1 1
30 27 1 1
31 20 1 1
31 30 1 1
31 22 1 1
31 26 1 1
32 27 1 1
32 23 1 1
32 29 1 1
32 20 1 1
33 23 1 1
33 20 1 1
33 29 1 1
33 21 1 1
34 30 1 1
34 32 1 1
34 27 1 1
34 21 1 1
35 20 1 1
35 23 1 1
35 31 1 1
35 25 1 1
36 35 1 1
36 34 1 1
36 26 1 1
36 25 1 1
37 32 1 1
37 34 1 1
37 35 1 1
37 28 1 1
38 34 1 1
38 31 1 1
38 35 1 1
38 29 1 1
39 24 1 1
39 27 1 1
39 38 1 1
39 32 1 1
20 37 1 1
20 38 1 1
20 34 1 1
20 36 1 1
21 35 1 1
21 31 1 1
21 36 1 1
21 32 1 1
22 35 1 1
22 36 1 1
22 38 1 1
22 33 1 1
23 36 1 1
23 31 1 1
23 38 1 1
23 34 1 1
44 40 2 2
44 42 2 2
44 43 2 2
44 41 2 2
45 40 2 2
45 43 2 2
45 44 2 2
45 41 2 2
46 41 2 2
46 42 2 2
46 45 2 2
46 44 2 2
47 46 2 2
47 40 2 2
47 44 2 2
47 42 2 2
48 41 2 2
48 46 2 2
48 40 2 2
48 45 2 2
49 42 2 2
49 48 2 2
49 43 2 2
49 46 2 2
50 45 2 2
50 44 2 2
50 40 2 2
50 49 2 2
51 46 2 2
51 50 2 2
51 45 2 2
51 40 2 2
52 46 2 2
52 50 2 2
52 47 2 2
52 51 2 2
53 48 2 2
53 50 2 2
53 47 2 2
53 43 2 2
54 40 2 2
54 43 2 2
54 45 2 2
54 48 2 2
55 43 2 2
55 50 2 2
55 54 2 2
55 51 2 2
56 55 2 2
56 41 2 2
56 42 2 2
56 54 2 2
57 53 2 2
57 50 2 2
57 48 2 2
57 42 2 2
58 57 2 2
58 53 2 2
58 56 2 2
58 42 2 2
59 46 2 2
59 54 2 2
59 56 2 2
59 47 2 2
40 53 2 2
40 58 2 2
40 55 2 2
40 52 2 2
41 59 2 2
41 53 2 2
41 57 2 2
41 52 2 2
42 48 2 2
42 50 2 2
42 45 2 2
42 55 2 2
43 51 2 2
43 56 2 2
43 46 2 2
43 50 2 2
64 60 3 3
64 63 3 3
64 61 3 3
64 62 3 3
65 64 3 3
65 61 3 3
65 63 3 3
65 62 3 3
66 64 3 3
66 63 3 3
66 65 3 3
66 61 3 3
67 63 3 3
67 64 3 3
67 60 3 3
67 66 3 3
68 62 3 3
68 67 3 3
68 66 3 3
68 63 3 3
69 63 3 3
69 61 3 3
69 65 3 3
69 66 3 3
70 61 3 3
70 69 3 3
70 65 3 3
70 66 3 3
71 66 3 3
71 63 3 3
71 67 3 3
71 64 3 3
72 61 3 3
72 68 3 3
72 66 3 3
72 69 3 3
73 62 3 3
73 68 3 3
73 65 3 3
73 66 3 3
74 72 3 3
74 73 3 3
74 60 3 3
74 65 3 3
75 72 3 3
75 62 3 3
75 73 3 3
75 71 3 3
76 71 3 3
76 75 3 3
76 65 3 3
76 69 3 3
77 65 3 3
77 70 3 3
77 75 3 3
77 61 3 3
78 66 3 3
78 74 3 3
78 69 3 3
78 67 3 3
79 60 3 3
79 64 3 3
79 74 3 3
79 76 3 3
60 78 3 3
60 68 3 3
60 69 3 3
60 73 3 3
61 76 3 3
61 68 3 3
61 73 3 3
61 74 3 3
62 74 3 3
62 69 3 3
62 67 3 3
62 76 3 3
63 79 3 3
63 70 3 3
63 74 3 3
63 78 3 3
84 80 4 4
84 83 4 4
84 81 4 4
84 82 4 4
85 80 4 4
85 82 4 4
85 83 4 4
85 81 4 4
86 80 4 4
86 81 4 4
86 85 4 4
86 82 4 4
87 80 4 4
87 82 4 4
87 81 4 4
87 84 4 4
88 80 4 4
88 81 4 4
88 86 4 4
88 85 4 4
89 86 4 4
89 83 4 4
89 81 4 4
89 82 4 4
90 85 4 4
90 83 4 4
90 86 4 4
90 89 4 4
91 82 4 4
91 88 4 4
91 80 4 4
91 90 4 4
92 82 4 4
92 80 4 4
92 81 4 4
92 86 4 4
93 84 4 4
93 89 4 4
93 91 4 4
93 85 4 4
94 82 4 4
94 87 4 4
94 93 4 4
94 84 4 4
95 87 4 4
95 94 4 4
95 90 4 4
95 91 4 4
96 92 4 4
96 89 4 4
96 87 4 4
96 85 4 4
97 96 4 4
97 84 4 4
97 88 4 4
97 92 4 4
98 84 4 4
98 91 4 4
98 92 4 4
98 93 4 4
99 98 4 4
99 97 4 4
99 96 4 4
99 80 4 4
80 94 4 4
80 90 4 4
80 97 4 4
80 98 4 4
81 97 4 4
81 96 4 4
81 90 4 4
81 98 4 4
82 90 4 4
82 93 4 4
82 98 4 4
82 95 4 4
83 95 4 4
83 86 4 4
83 92 4 4
83 99 4 4
104 102 5 5
104 103 5 5
104 101 5 5
104 100 5 5
105 103 5 5
105 100 5 5
105 104 5 5
105 102 5 5
106 102 5 5
106 103 5 5
106 101 5 5
106 104 5 5
107 102 5 5
107 105 5 5
107 101 5 5
107 100 5 5
108 103 5 5
108 107 5 5
108 106 5 5
108 100 5 5
109 105 5 5
109 100 5 5
109 104 5 5
109 102 5 5
110 107 5 5
110 101 5 5
110 108 5 5
110 109 5 5
111 106 5 5
111 107 5 5
111 101 5 5
111 110 5 5
112 108 5 5
112 107 5 5
112 111 5 5
112 106 5 5
113 100 5 5
113 105 5 5
113 102 5 5
113 106 5 5
114 110 5 5
114 105 5 5
114 111 5 5
114 100 5 5
115 104 5 5
115 102 5 5
115 108 5 5
115 101 5 5
116 108 5 5
116 105 5 5
116 111 5 5
116 110 5 5
117 103 5 5
117 100 5 5
117 101 5 5
117 108 5 5
118 107 5 5
118 117 5 5
118 100 5 5
118 104 5 5
119 115 5 5
119 106 5 5
119 116 5 5
119 104 5 5
100 110 5 5
100 116 5 5
100 106 5 5
100 111 5 5
101 118 5 5
101 108 5 5
101 113 5 5
101 109 5 5
102 119 5 5
102 108 5 5
102 116 5 5
102 118 5 5
103 115 5 5
103 113 5 5
103 118 5 5
103 116 5 5
124 120 6 6
124 123 6 6
124 121 6 6
124 122 6 6
125 124 6 6
125 123 6 6
125 120 6 6
125 121 6 6
126 123 6 6
126 125 6 6
126 124 6 6
126 120 6 6
127 122 6 6
127 120 6 6
127 126 6 6
127 123 6 6
128 121 6 6
128 122 6 6
128 120 6 6
128 126 6 6
129 124 6 6
129 120 6 6
129 125 6 6
129 127 6 6
130 128 6 6
130 129 6 6
130 125 6 6
130 121 6 6
131 122 6 6
131 127 6 6
131 126 6 6
131 121 6 6
132 125 6 6
132 127 6 6
132 124 6 6
132 123 6 6
133 123 6 6
133 129 6 6
133 125 6 6
133 124 6 6
134 130 6 6
134 131 6 6
134 120 6 6
134 122 6 6
135 128 6 6
135 126 6 6
135 130 6 6
135 127 6 6
136 130 6 6
136 122 6 6
136 121 6 6
136 123 6 6
137 133 6 6
137 129 6 6
137 124 6 6
137 125 6 6
138 132 6 6
138 127 6 6
138 120 6 6
138 133 6 6
139 132 6 6
139 136 6 6
139 120 6 6
139 126 6 6
120 137 6 6
120 136 6 6
120 132 6 6
120 130 6 6
121 134 6 6
121 127 6 6
121 137 6 6
121 135 6 6
122 126 6 6
122 135 6 6
122 130 6 6
122 129 6 6
123 138 6 6
123 139 6 6
123 130 6 6
123 137 6 6
144 140 7 7
144 142 7 7
144 141 7 7
144 143 7 7
145 143 7 7
145 142 7 7
145 141 7 7
145 144 7 7
146 141 7 7
146 140 7 7
146 144 7 7
146 142 7 7
147 145 7 7
147 144 7 7
147 142 7 7
147 141 7 7
148 145 7 7
148 144 7 7
148 143 7 7
148 147 7 7
149 140 7 7
149 141 7 7
149 146 7 7
149 142 7 7
150 143 7 7
150 147 7 7
150 146 7 7
150 142 7 7
151 149 7 7
151 146 7 7
151 141 7 7
151 142 7 7
152 147 7 7
152 143 7 7
152 144 7 7
152 150 7 7
153 145 7 7
153 143 7 7
153 140 7 7
153 142 7 7
154 147 7 7
154 141 7 7
154 151 7 7
154 144 7 7
155 147 7 7
155 152 7 7
155 148 7 7
155 150 7 7
156 144 7 7
156 149 7 7
156 146 7 7
156 155 7 7
157 141 7 7
157 142 7 7
157 151 7 7
157 150 7 7
158 157 7 7
158 148 7 7
158 153 7 7
158 145 7 7
159 153 7 7
159 140 7 7
159 152 7 7
159 155 7 7
140 151 7 7
140 158 7 7
140 152 7 7
140 150 7 7
141 150 7 7
141 156 7 7
141 159 7 7
141 158 7 7
142 158 7 7
142 156 7 7
142 159 7 7
142 155 7 7
143 147 7 7
143 155 7 7
143 159 7 7
143 156 7 7
164 162 8 8
164 163 8 8
164 161 8 8
164 160 8 8
165 163 8 8
165 162 8 8
165 164 8 8
165 161 8 8
166 162 8 8
166 161 8 8
166 165 8 8
166 163 8 8
167 164 8 8
167 162 8 8
167 165 8 8
167 166 8 8
168 166 8 8
168 167 8 8
168 163 8 8
168 165 8 8
169 168 8 8
169 160 8 8
169 162 8 8
169 166 8 8
170 164 8 8
170 166 8 8
170 160 8 8
170 169 8 8
171 165 8 8
171 161 8 8
171 166 8 8
171 167 8 8
172 166 8 8
172 165 8 8
172 170 8 8
172 171 8 8
173 165 8 8
173 169 8 8
173 167 8 8
173 171 8 8
174 170 8 8
174 161 8 8
174 162 8 8
174 167 8 8
175 166 8 8
175 170 8 8
175 160 8 8
175 168 8 8
176 168 8 8
176 162 8 8
176 161 8 8
176 172 8 8
177 173 8 8
177 165 8 8
177 170 8 8
177 169 8 8
178 162 8 8
178 163 8 8
178 169 8 8
178 164 8 8
179 162 8 8
179 164 8 8
179 161 8 8
179 174 8 8
160 174 8 8
160 167 8 8
160 173 8 8
160 168 8 8
161 173 8 8
161 178 8 8
161 175 8 8
161 172 8 8
162 168 8 8
162 175 8 8
162 177 8 8
162 171 8 8
163 179 8 8
163 175 8 8
163 174 8 8
163 171 8 8
184 181 9 9
184 182 9 9
184 183 9 9
184 180 9 9
185 182 9 9
185 183 9 9
185 181 9 9
185 180 9 9
186 181 9 9
186 180 9 9
186 182 9 9
186 183 9 9
187 183 9 9
187 184 9 9
187 181 9 9
187 186 9 9
188 186 9 9
188 184 9 9
188 182 9 9
188 180 9 9
189 184 9 9
189 186 9 9
189 187 9 9
189 180 9 9
190 186 9 9
190 184 9 9
190 189 9 9
190 187 9 9
191 182 9 9
191 188 9 9
191 185 9 9
191 186 9 9
192 186 9 9
192 180 9 9
192 191 9 9
192 189 9 9
193 191 9 9
193 190 9 9
193 181 9 9
193 185 9 9
194 189 9 9
194 193 9 9
194 190 9 9
194 181 9 9
195 187 9 9
195 194 9 9
195 192 9 9
195 180 9 9
196 194 9 9
196 183 9 9
196 186 9 9
196 195 9 9
197 182 9 9
197 188 9 9
197 185 9 9
197 191 9 9
198 196 9 9
198 186 9 9
198 184 9 9
198 195 9 9
199 186 9 9
199 198 9 9
199 192 9 9
199 188 9 9
180 196 9 9
180 199 9 9
180 187 9 9
180 197 9 9
181 195 9 9
181 198 9 9
181 191 9 9
181 188 9 9
182 193 9 9
182 199 9 9
182 198 9 9
182 195 9 9
183 195 9 9
183 188 9 9
183 198 9 9
183 192 9 9
204 203 10 10
204 201 10 10
204 202 10 10
204 200 10 10
205 203 10 10
205 201 10 10
205 204 10 10
205 200 10 10
206 202 10 10
206 200 10 10
206 205 10 10
206 203 10 10
207 203 10 10
207 204 10 10
207 201 10 10
207 205 10 10
208 202 10 10
208 205 10 10
208 201 10 10
208 204 10 10
209 203 10 10
209 207 10 10
209 204 10 10
209 202 10 10
210 205 10 10
210 204 10 10
210 207 10 10
210 201 10 10
211 208 10 10
211 200 10 10
211 203 10 10
211 207 10 10
212 202 10 10
212 208 10 10
212 209 10 10
212 200 10 10
213 207 10 10
213 203 10 10
213 206 10 10
213 208 10 10
214 210 10 10
214 208 10 10
214 212 10 10
214 205 10 10
215 203 10 10
215 207 10 10
215 210 10 10
215 209 10 10
216 201 10 10
216 203 10 10
216 204 10 10
216 215 10 10
217 207 10 10
217 203 10 10
217 204 10 10
217 201 10 10
218 212 10 10
218 216 10 10
218 209 10 10
218 213 10 10
219 203 10 10
219 214 10 10
219 213 10 10
219 212 10 10
200 217 10 10
200 210 10 10
200 215 10 10
200 219 10 10
201 213 10 10
201 211 10 10
201 209 10 10
201 215 10 10
202 213 10 10
202 211 10 10
202 214 10 10
202 215 10 10
203 208 10 10
203 212 10 10
203 218 10 10
203 210 10 10
224 223 11 11
224 222 11 11
224 220 11 11
224 221 11 11
225 223 11 11
225 220 11 11
225 221 11 11
225 222 11 11
226 222 11 11
226 224 11 11
226 221 11 11
226 220 11 11
227 226 11 11
227 223 11 11
227 225 11 11
227 224 11 11
228 220 11 11
228 222 11 11
228 227 11 11
228 221 11 11
229 223 11 11
229 224 11 11
229 226 11 11
229 227 11 11
230 221 11 11
230 227 11 11
230 220 11 11
230 228 11 11
231 227 11 11
231 229 11 11
231 224 11 11
231 222 11 11
232 224 11 11
232 221 11 11
232 220 11 11
232 229 11 11
233 229 11 11
233 223 11 11
233 224 11 11
233 222 11 11
234 231 11 11
234 225 11 11
234 227 11 11
234 229 11 11
235 231 11 11
235 234 11 11
235 224 11 11
235 227 11 11
236 220 11 11
236 224 11 11
236 225 11 11
236 221 11 11
237 230 11 11
237 222 11 11
237 232 11 11
237 228 11 11
238 225 11 11
238 224 11 11
238 229 11 11
238 226 11 11
239 220 11 11
239 237 11 11
239 233 11 11
239 224 11 11
220 233 11 11
220 227 11 11
220 235 11 11
220 231 11 11
221 238 11 11
221 233 11 11
221 237 11 11
221 231 11 11
222 229 11 11
222 227 11 11
222 235 11 11
222 230 11 11
223 226 11 11
223 238 11 11
223 236 11 11
223 232 11 11
244 242 12 12
244 243 12 12
244 241 12 12
244 240 12 12
245 240 12 12
245 244 12 12
245 241 12 12
245 243 12 12
246 241 12 12
246 242 12 12
246 240 12 12
246 245 12 12
247 240 12 12
247 242 12 12
247 243 12 12
247 245 12 12
248 242 12 12
248 246 12 12
248 243 12 12
248 244 12 12
249 246 12 12
249 248 12 12
249 241 12 12
249 247 12 12
250 247 12 12
250 249 12 12
250 240 12 12
250 241 12 12
251 241 12 12
251 249 12 12
251 250 12 12
251 243 12 12
252 248 12 12
252 245 12 12
252 241 12 12
252 250 12 12
253 246 12 12
253 248 12 12
253 242 12 12
253 244 12 12
254 243 12 12
254 249 12 12
254 253 12 12
254 252 12 12
255 245 12 12
255 240 12 12
255 250 12 12
255 242 12 12
256 250 12 12
256 252 12 12
256 244 12 12
256 255 12 12
257 247 12 12
257 249 12 12
257 251 12 12
257 245 12 12
258 241 12 12
258 242 12 12
258 252 12 12
258 244 12 12
259 240 12 12
259 247 12 12
259 254 12 12
259 251 12 12
240 256 12 12
240 252 12 12
240 249 12 12
240 257 12 12
241 257 12 12
241 254 12 12
241 256 12 12
241 253 12 12
242 249 12 12
242 245 12 12
242 256 12 12
242 254 12 12
243 256 12 12
243 259 12 12
243 246 12 12
243 255 12 12
264 261 13 13
264 262 13 13
264 260 13 13
264 263 13 13
265 263 13 13
265 261 13 13
265 262 13 13
265 264 13 13
266 261 13 13
266 260 13 13
266 262 13 13
266 264 13 13
267 263 13 13
267 266 13 13
267 261 13 13
267 265 13 13
268 262 13 13
268 267 13 13
268 264 13 13
268 263 13 13
269 261 13 13
269 264 13 13
269 267 13 13
269 263 13 13
270 262 13 13
270 261 13 13
270 264 13 13
270 265 13 13
271 269 13 13
271 264 13 13
271 270 13 13
271 263 13 13
272 267 13 13
272 271 13 13
272 269 13 13
272 263 13 13
273 267 13 13
273 266 13 13
273 264 13 13
273 269 13 13
274 264 13 13
274 265 13 13
274 269 13 13
274 260 13 13
275 268 13 13
275 271 13 13
275 274 13 13
275 267 13 13
276 262 13 13
276 270 13 13
276 261 13 13
276 264 13 13
277 264 13 13
277 267 13 13
277 261 13 13
277 270 13 13
278 272 13 13
278 263 13 13
278 271 13 13
278 267 13 13
279 275 13 13
279 262 13 13
279 263 13 13
279 278 13 13
260 273 13 13
260 276 13 13
260 279 13 13
260 278 13 13
261 271 13 13
261 279 13 13
261 274 13 13
261 273 13 13
262 277 13 13
262 271 13 13
262 273 13 13
262 267 13 13
263 273 13 13
263 276 13 13
263 274 13 13
263 270 13 13
284 282 14 14
284 283 14 14
284 281 14 14
284 280 14 14
285 283 14 14
285 280 14 14
285 281 14 14
285 282 14 14
286 281 14 14
286 285 14 14
286 280 14 14
286 282 14 14
287 284 14 14
287 283 14 14
287 286 14 14
287 285 14 14
288 287 14 14
288 284 14 14
288 280 14 14
288 285 14 14
289 280 14 14
289 288 14 14
289 284 14 14
289 282 14 14
290 287 14 14
290 288 14 14
290 282 14 14
290 284 14 14
291 280 14 14
291 286 14 14
291 283 14 14
291 282 14 14
292 288 14 14
292 281 14 14
292 282 14 14
292 287 14 14
293 281 14 14
293 280 14 14
293 287 14 14
293 286 14 14
294 284 14 14
294 282 14 14
294 292 14 14
294 290 14 14
295 283 14 14
295 290 14 14
295 287 14 14
295 292 14 14
296 282 14 14
296 287 14 14
296 283 14 14
296 291 14 14
297 286 14 14
297 291 14 14
297 283 14 14
297 294 14 14
298 283 14 14
298 294 14 14
298 285 14 14
298 296 14 14
299 293 14 14
299 287 14 14
299 280 14 14
299 285 14 14
280 287 14 14
280 298 14 14
280 297 14 14
280 295 14 14
281 288 14 14
281 297 14 14
281 289 14 14
281 291 14 14
282 295 14 14
282 287 14 14
282 298 14 14
282 288 14 14
283 292 14 14
283 290 14 14
283 286 14 14
283 288 14 14
304 300 15 15
304 303 15 15
304 302 15 15
304 301 15 15
305 304 15 15
305 303 15 15
305 301 15 15
305 300 15 15
306 304 15 15
306 303 15 15
306 301 15 15
306 305 15 15
307 300 15 15
307 301 15 15
307 304 15 15
307 305 15 15
308 303 15 15
308 304 15 15
308 300 15 15
308 307 15 15
309 300 15 15
309 303 15 15
309 305 15 15
309 304 15 15
310 305 15 15
310 304 15 15
310 301 15 15
310 306 15 15
311 310 15 15
311 305 15 15
311 302 15 15
311 306 15 15
312 302 15 15
312 301 15 15
312 310 15 15
312 305 15 15
313 310 15 15
313 304 15 15
313 306 15 15
313 305 15 15
314 303 15 15
314 301 15 15
314 312 15 15
314 304 15 15
315 302 15 15
315 300 15 15
315 307 15 15
315 312 15 15
316 305 15 15
316 308 15 15
316 310 15 15
316 300 15 15
317 307 15 15
317 308 15 15
317 311 15 15
317 314 15 15
318 317 15 15
318 310 15 15
318 314 15 15
318 305 15 15
319 315 15 15
319 317 15 15
319 300 15 15
319 314 15 15
300 314 15 15
300 306 15 15
300 312 15 15
300 313 15 15
301 311 15 15
301 313 15 15
301 309 15 15
301 315 15 15
302 316 15 15
302 314 15 15
302 318 15 15
302 313 15 15
303 311 15 15
303 318 15 15
303 316 15 15
303 310 15 15
97 50 4 2
82 8 4 0
92 26 4 1
99 64 4 3
106 49 5 2
116 37 5 1
117 84 5 4
118 65 5 3
124 60 6 3
122 19 6 0
133 98 6 4
131 50 6 2
158 25 7 1
156 51 7 2
150 107 7 5
141 122 7 6
175 29 8 1
161 144 8 7
172 42 8 2
173 90 8 4
196 162 9 8
189 26 9 1
188 76 9 3
182 141 9 7
207 59 10 2
213 104 10 5
209 86 10 4
205 168 10 8
233 140 11 7
233 190 11 9
235 75 11 3
223 54 11 2
258 54 12 2
240 85 12 4
254 204 12 10
245 27 12 1
269 171 13 8
262 216 13 10
272 94 13 4
261 198 13 9
285 42 14 2
295 67 14 3
299 15 14 0
281 188 14 9
314 293 15 14
308 45 15 2
311 8 15 0
302 263 15 13
14 213 0 10
2 230 0 11
19 107 0 5
6 271 0 13
34 222 1 11
32 273 1 13
29 209 1 10
31 285 1 14
45 197 2 9
50 263 2 13
71 317 3 15
60 163 3 8
77 204 3 10
61 263 3 13
