swNum = 320
edgeNum = 1344

0 0
1 0
2 0
3 0
4 0
5 0
6 0
7 0
8 0
9 0
10 0
11 0
12 0
13 0
14 0
15 0
16 0
17 0
18 0
19 0
20 1
21 1
22 1
23 1
24 1
25 1
26 1
27 1
28 1
29 1
30 1
31 1
32 1
33 1
34 1
35 1
36 1
37 1
38 1
39 1
40 2
41 2
42 2
43 2
44 2
45 2
46 2
47 2
48 2
49 2
50 2
51 2
52 2
53 2
54 2
55 2
56 2
57 2
58 2
59 2
60 3
61 3
62 3
63 3
64 3
65 3
66 3
67 3
68 3
69 3
70 3
71 3
72 3
73 3
74 3
75 3
76 3
77 3
78 3
79 3
80 4
81 4
82 4
83 4
84 4
85 4
86 4
87 4
88 4
89 4
90 4
91 4
92 4
93 4
94 4
95 4
96 4
97 4
98 4
99 4
100 5
101 5
102 5
103 5
104 5
105 5
106 5
107 5
108 5
109 5
110 5
111 5
112 5
113 5
114 5
115 5
116 5
117 5
118 5
119 5
120 6
121 6
122 6
123 6
124 6
125 6
126 6
127 6
128 6
129 6
130 6
131 6
132 6
133 6
134 6
135 6
136 6
137 6
138 6
139 6
140 7
141 7
142 7
143 7
144 7
145 7
146 7
147 7
148 7
149 7
150 7
151 7
152 7
153 7
154 7
155 7
156 7
157 7
158 7
159 7
160 8
161 8
162 8
163 8
164 8
165 8
166 8
167 8
168 8
169 8
170 8
171 8
172 8
173 8
174 8
175 8
176 8
177 8
178 8
179 8
180 9
181 9
182 9
183 9
184 9
185 9
186 9
187 9
188 9
189 9
190 9
191 9
192 9
193 9
194 9
195 9
196 9
197 9
198 9
199 9
200 10
201 10
202 10
203 10
204 10
205 10
206 10
207 10
208 10
209 10
210 10
211 10
212 10
213 10
214 10
215 10
216 10
217 10
218 10
219 10
220 11
221 11
222 11
223 11
224 11
225 11
226 11
227 11
228 11
229 11
230 11
231 11
232 11
233 11
234 11
235 11
236 11
237 11
238 11
239 11
240 12
241 12
242 12
243 12
244 12
245 12
246 12
247 12
248 12
249 12
250 12
251 12
252 12
253 12
254 12
255 12
256 12
257 12
258 12
259 12
260 13
261 13
262 13
263 13
264 13
265 13
266 13
267 13
268 13
269 13
270 13
271 13
272 13
273 13
274 13
275 13
276 13
277 13
278 13
279 13
280 14
281 14
282 14
283 14
284 14
285 14
286 14
287 14
288 14
289 14
290 14
291 14
292 14
293 14
294 14
295 14
296 14
297 14
298 14
299 14
300 15
301 15
302 15
303 15
304 15
305 15
306 15
307 15
308 15
309 15
310 15
311 15
312 15
313 15
314 15
315 15
316 15
317 15
318 15
319 15

4 3 0 0
4 1 0 0
4 2 0 0
4 0 0 0
5 4 0 0
5 1 0 0
5 3 0 0
5 0 0 0
6 2 0 0
6 5 0 0
6 0 0 0
6 4 0 0
7 3 0 0
7 0 0 0
7 2 0 0
7 6 0 0
8 3 0 0
8 0 0 0
8 2 0 0
8 7 0 0
9 3 0 0
9 8 0 0
9 6 0 0
9 7 0 0
10 4 0 0
10 2 0 0
10 5 0 0
10 3 0 0
11 3 0 0
11 0 0 0
11 1 0 0
11 7 0 0
12 11 0 0
12 6 0 0
12 5 0 0
12 9 0 0
13 4 0 0
13 1 0 0
13 11 0 0
13 2 0 0
14 7 0 0
14 2 0 0
14 11 0 0
14 8 0 0
15 9 0 0
15 3 0 0
15 6 0 0
15 0 0 0
16 11 0 0
16 4 0 0
16 1 0 0
16 10 0 0
17 6 0 0
17 12 0 0
17 0 0 0
17 10 0 0
18 16 0 0
18 1 0 0
18 10 0 0
18 5 0 0
19 4 0 0
19 14 0 0
19 9 0 0
19 6 0 0
0 12 0 0
0 9 0 0
0 10 0 0
0 13 0 0
1 7 0 0
1 12 0 0
1 8 0 0
1 9 0 0
2 9 0 0
2 12 0 0
2 15 0 0
2 11 0 0
3 14 0 0
3 6 0 0
3 12 0 0
3 18 0 0
24 22 1 1
24 23 1 1
24 21 1 1
24 20 1 1
25 20 1 1
25 23 1 1
25 24 1 1
25 22 1 1
26 24 1 1
26 25 1 1
26 23 1 1
26 21 1 1
27 24 1 1
27 20 1 1
27 21 1 1
27 22 1 1
28 25 1 1
28 24 1 1
28 23 1 1
28 22 1 1
29 23 1 1
29 22 1 1
29 24 1 1
29 25 1 1
30 27 1 1
30 20 1 1
30 28 1 1
30 23 1 1
31 23 1 1
31 26 1 1
31 25 1 1
31 24 1 1
32 20 1 1
32 22 1 1
32 23 1 1
32 21 1 1
33 24 1 1
33 29 1 1
33 25 1 1
33 31 1 1
34 28 1 1
34 29 1 1
34 22 1 1
34 26 1 1
35 23 1 1
35 21 1 1
35 34 1 1
35 29 1 1
36 31 1 1
36 28 1 1
36 24 1 1
36 33 1 1
37 35 1 1
37 28 1 1
37 25 1 1
37 27 1 1
38 23 1 1
38 28 1 1
38 35 1 1
38 34 1 1
39 30 1 1
39 35 1 1
39 20 1 1
39 22 1 1
20 26 1 1
20 34 1 1
20 28 1 1
20 29 1 1
21 37 1 1
21 39 1 1
21 34 1 1
21 25 1 1
22 35 1 1
22 31 1 1
22 30 1 1
22 37 1 1
23 36 1 1
23 39 1 1
23 37 1 1
23 34 1 1
44 43 2 2
44 42 2 2
44 41 2 2
44 40 2 2
45 40 2 2
45 42 2 2
45 43 2 2
45 41 2 2
46 45 2 2
46 42 2 2
46 40 2 2
46 44 2 2
47 45 2 2
47 44 2 2
47 43 2 2
47 40 2 2
48 47 2 2
48 46 2 2
48 42 2 2
48 40 2 2
49 41 2 2
49 42 2 2
49 45 2 2
49 46 2 2
50 49 2 2
50 41 2 2
50 40 2 2
50 42 2 2
51 44 2 2
51 46 2 2
51 41 2 2
51 42 2 2
52 47 2 2
52 45 2 2
52 44 2 2
52 49 2 2
53 45 2 2
53 52 2 2
53 50 2 2
53 48 2 2
54 51 2 2
54 41 2 2
54 49 2 2
54 46 2 2
55 46 2 2
55 51 2 2
55 49 2 2
55 42 2 2
56 45 2 2
56 48 2 2
56 55 2 2
56 44 2 2
57 43 2 2
57 45 2 2
57 47 2 2
57 55 2 2
58 42 2 2
58 51 2 2
58 57 2 2
58 45 2 2
59 51 2 2
59 44 2 2
59 54 2 2
59 58 2 2
40 54 2 2
40 51 2 2
40 49 2 2
40 53 2 2
41 46 2 2
41 55 2 2
41 59 2 2
41 53 2 2
42 59 2 2
42 53 2 2
42 54 2 2
42 56 2 2
43 46 2 2
43 50 2 2
43 51 2 2
43 48 2 2
64 63 3 3
64 62 3 3
64 61 3 3
64 60 3 3
65 62 3 3
65 64 3 3
65 63 3 3
65 61 3 3
66 60 3 3
66 62 3 3
66 64 3 3
66 65 3 3
67 62 3 3
67 66 3 3
67 64 3 3
67 63 3 3
68 61 3 3
68 64 3 3
68 62 3 3
68 65 3 3
69 68 3 3
69 61 3 3
69 64 3 3
69 65 3 3
70 60 3 3
70 67 3 3
70 66 3 3
70 63 3 3
71 67 3 3
71 61 3 3
71 62 3 3
71 70 3 3
72 64 3 3
72 60 3 3
72 61 3 3
72 65 3 3
73 67 3 3
73 65 3 3
73 63 3 3
73 62 3 3
74 62 3 3
74 73 3 3
74 71 3 3
74 72 3 3
75 63 3 3
75 66 3 3
75 60 3 3
75 71 3 3
76 62 3 3
76 74 3 3
76 71 3 3
76 68 3 3
77 72 3 3
77 73 3 3
77 67 3 3
77 68 3 3
78 66 3 3
78 69 3 3
78 70 3 3
78 60 3 3
79 72 3 3
79 60 3 3
79 71 3 3
79 63 3 3
60 76 3 3
60 67 3 3
60 71 3 3
60 69 3 3
61 74 3 3
61 73 3 3
61 70 3 3
61 67 3 3
62 72 3 3
62 70 3 3
62 79 3 3
62 77 3 3
63 66 3 3
63 69 3 3
63 76 3 3
63 72 3 3
84 80 4 4
84 82 4 4
84 83 4 4
84 81 4 4
85 81 4 4
85 83 4 4
85 80 4 4
85 82 4 4
86 85 4 4
86 82 4 4
86 80 4 4
86 83 4 4
87 86 4 4
87 85 4 4
87 80 4 4
87 84 4 4
88 84 4 4
88 86 4 4
88 83 4 4
88 82 4 4
89 88 4 4
89 80 4 4
89 85 4 4
89 83 4 4
90 89 4 4
90 83 4 4
90 88 4 4
90 84 4 4
91 87 4 4
91 89 4 4
91 88 4 4
91 80 4 4
92 80 4 4
92 90 4 4
92 83 4 4
92 84 4 4
93 85 4 4
93 87 4 4
93 81 4 4
93 83 4 4
94 85 4 4
94 86 4 4
94 82 4 4
94 93 4 4
95 93 4 4
95 82 4 4
95 85 4 4
95 80 4 4
96 89 4 4
96 81 4 4
96 87 4 4
96 80 4 4
97 92 4 4
97 84 4 4
97 89 4 4
97 91 4 4
98 85 4 4
98 96 4 4
98 81 4 4
98 83 4 4
99 92 4 4
99 84 4 4
99 89 4 4
99 94 4 4
80 93 4 4
80 99 4 4
80 88 4 4
80 90 4 4
81 86 4 4
81 99 4 4
81 91 4 4
81 89 4 4
82 92 4 4
82 87 4 4
82 93 4 4
82 89 4 4
83 99 4 4
83 97 4 4
83 91 4 4
83 95 4 4
104 101 5 5
104 102 5 5
104 103 5 5
104 100 5 5
105 102 5 5
105 101 5 5
105 100 5 5
105 103 5 5
106 102 5 5
106 104 5 5
106 103 5 5
106 101 5 5
107 104 5 5
107 102 5 5
107 106 5 5
107 101 5 5
108 101 5 5
108 104 5 5
108 105 5 5
108 107 5 5
109 102 5 5
109 107 5 5
109 108 5 5
109 101 5 5
110 108 5 5
110 101 5 5
110 104 5 5
110 100 5 5
111 104 5 5
111 102 5 5
111 103 5 5
111 109 5 5
112 111 5 5
112 110 5 5
112 107 5 5
112 100 5 5
113 101 5 5
113 106 5 5
113 102 5 5
113 100 5 5
114 100 5 5
114 110 5 5
114 105 5 5
114 112 5 5
115 101 5 5
115 107 5 5
115 113 5 5
115 111 5 5
116 111 5 5
116 102 5 5
116 109 5 5
116 114 5 5
117 101 5 5
117 113 5 5
117 104 5 5
117 103 5 5
118 104 5 5
118 111 5 5
118 109 5 5
118 105 5 5
119 113 5 5
119 101 5 5
119 116 5 5
119 115 5 5
100 118 5 5
100 111 5 5
100 116 5 5
100 115 5 5
101 118 5 5
101 111 5 5
101 112 5 5
101 114 5 5
102 118 5 5
102 112 5 5
102 115 5 5
102 119 5 5
103 114 5 5
103 108 5 5
103 116 5 5
103 109 5 5
124 121 6 6
124 123 6 6
124 122 6 6
124 120 6 6
125 123 6 6
125 124 6 6
125 120 6 6
125 121 6 6
126 122 6 6
126 121 6 6
126 125 6 6
126 123 6 6
127 125 6 6
127 121 6 6
127 124 6 6
127 123 6 6
128 125 6 6
128 121 6 6
128 126 6 6
128 122 6 6
129 127 6 6
129 120 6 6
129 126 6 6
129 128 6 6
130 128 6 6
130 120 6 6
130 127 6 6
130 125 6 6
131 127 6 6
131 120 6 6
131 122 6 6
131 130 6 6
132 126 6 6
132 124 6 6
132 121 6 6
132 131 6 6
133 125 6 6
133 128 6 6
133 131 6 6
133 130 6 6
134 127 6 6
134 123 6 6
134 128 6 6
134 124 6 6
135 130 6 6
135 124 6 6
135 123 6 6
135 127 6 6
136 133 6 6
136 132 6 6
136 122 6 6
136 120 6 6
137 129 6 6
137 123 6 6
137 135 6 6
137 121 6 6
138 128 6 6
138 120 6 6
138 125 6 6
138 137 6 6
139 132 6 6
139 131 6 6
139 121 6 6
139 129 6 6
120 139 6 6
120 127 6 6
120 126 6 6
120 133 6 6
121 135 6 6
121 129 6 6
121 131 6 6
121 130 6 6
122 137 6 6
122 127 6 6
122 132 6 6
122 125 6 6
123 138 6 6
123 128 6 6
123 131 6 6
123 133 6 6
144 143 7 7
144 142 7 7
144 141 7 7
144 140 7 7
145 142 7 7
145 140 7 7
145 144 7 7
145 143 7 7
146 144 7 7
146 142 7 7
146 145 7 7
146 141 7 7
147 141 7 7
147 144 7 7
147 142 7 7
147 145 7 7
148 143 7 7
148 146 7 7
148 147 7 7
148 140 7 7
149 142 7 7
149 147 7 7
149 143 7 7
149 145 7 7
150 142 7 7
150 149 7 7
150 146 7 7
150 144 7 7
151 146 7 7
151 150 7 7
151 144 7 7
151 148 7 7
152 141 7 7
152 150 7 7
152 147 7 7
152 149 7 7
153 141 7 7
153 147 7 7
153 140 7 7
153 149 7 7
154 145 7 7
154 144 7 7
154 143 7 7
154 150 7 7
155 149 7 7
155 153 7 7
155 143 7 7
155 150 7 7
156 150 7 7
156 147 7 7
156 155 7 7
156 142 7 7
157 142 7 7
157 145 7 7
157 156 7 7
157 147 7 7
158 157 7 7
158 154 7 7
158 142 7 7
158 149 7 7
159 156 7 7
159 155 7 7
159 144 7 7
159 158 7 7
140 158 7 7
140 147 7 7
140 152 7 7
140 149 7 7
141 159 7 7
141 149 7 7
141 150 7 7
141 155 7 7
142 155 7 7
142 152 7 7
142 154 7 7
142 148 7 7
143 158 7 7
143 146 7 7
143 157 7 7
143 150 7 7
164 160 8 8
164 161 8 8
164 163 8 8
164 162 8 8
165 163 8 8
165 160 8 8
165 162 8 8
165 161 8 8
166 165 8 8
166 162 8 8
166 160 8 8
166 161 8 8
167 162 8 8
167 161 8 8
167 166 8 8
167 165 8 8
168 166 8 8
168 161 8 8
168 160 8 8
168 162 8 8
169 162 8 8
169 168 8 8
169 164 8 8
169 161 8 8
170 165 8 8
170 161 8 8
170 163 8 8
170 167 8 8
171 170 8 8
171 164 8 8
171 167 8 8
171 163 8 8
172 166 8 8
172 162 8 8
172 165 8 8
172 163 8 8
173 160 8 8
173 169 8 8
173 171 8 8
173 170 8 8
174 162 8 8
174 163 8 8
174 172 8 8
174 166 8 8
175 166 8 8
175 173 8 8
175 169 8 8
175 171 8 8
176 165 8 8
176 162 8 8
176 172 8 8
176 163 8 8
177 170 8 8
177 168 8 8
177 163 8 8
177 176 8 8
178 161 8 8
178 169 8 8
178 164 8 8
178 165 8 8
179 168 8 8
179 166 8 8
179 178 8 8
179 170 8 8
160 172 8 8
160 167 8 8
160 179 8 8
160 169 8 8
161 179 8 8
161 175 8 8
161 171 8 8
161 177 8 8
162 170 8 8
162 177 8 8
162 173 8 8
162 179 8 8
163 166 8 8
163 179 8 8
163 178 8 8
163 169 8 8
184 182 9 9
184 180 9 9
184 181 9 9
184 183 9 9
185 183 9 9
185 181 9 9
185 180 9 9
185 182 9 9
186 184 9 9
186 180 9 9
186 182 9 9
186 181 9 9
187 182 9 9
187 181 9 9
187 183 9 9
187 184 9 9
188 187 9 9
188 182 9 9
188 181 9 9
188 186 9 9
189 187 9 9
189 185 9 9
189 184 9 9
189 188 9 9
190 185 9 9
190 187 9 9
190 183 9 9
190 186 9 9
191 188 9 9
191 183 9 9
191 186 9 9
191 185 9 9
192 183 9 9
192 191 9 9
192 190 9 9
192 182 9 9
193 192 9 9
193 188 9 9
193 186 9 9
193 180 9 9
194 180 9 9
194 182 9 9
194 181 9 9
194 192 9 9
195 183 9 9
195 188 9 9
195 184 9 9
195 192 9 9
196 188 9 9
196 194 9 9
196 183 9 9
196 191 9 9
197 181 9 9
197 194 9 9
197 188 9 9
197 180 9 9
198 194 9 9
198 190 9 9
198 191 9 9
198 189 9 9
199 193 9 9
199 189 9 9
199 192 9 9
199 188 9 9
180 195 9 9
180 196 9 9
180 187 9 9
180 192 9 9
181 195 9 9
181 192 9 9
181 190 9 9
181 191 9 9
182 197 9 9
182 193 9 9
182 189 9 9
182 196 9 9
183 194 9 9
183 198 9 9
183 193 9 9
183 189 9 9
204 203 10 10
204 202 10 10
204 201 10 10
204 200 10 10
205 203 10 10
205 201 10 10
205 204 10 10
205 200 10 10
206 201 10 10
206 203 10 10
206 202 10 10
206 205 10 10
207 201 10 10
207 200 10 10
207 202 10 10
207 204 10 10
208 204 10 10
208 203 10 10
208 202 10 10
208 207 10 10
209 208 10 10
209 202 10 10
209 203 10 10
209 200 10 10
210 203 10 10
210 200 10 10
210 207 10 10
210 204 10 10
211 207 10 10
211 202 10 10
211 203 10 10
211 201 10 10
212 206 10 10
212 202 10 10
212 208 10 10
212 204 10 10
213 211 10 10
213 200 10 10
213 205 10 10
213 209 10 10
214 209 10 10
214 212 10 10
214 203 10 10
214 213 10 10
215 203 10 10
215 200 10 10
215 208 10 10
215 210 10 10
216 215 10 10
216 207 10 10
216 214 10 10
216 203 10 10
217 216 10 10
217 200 10 10
217 203 10 10
217 215 10 10
218 214 10 10
218 215 10 10
218 207 10 10
218 203 10 10
219 208 10 10
219 211 10 10
219 212 10 10
219 205 10 10
200 216 10 10
200 211 10 10
200 218 10 10
200 212 10 10
201 209 10 10
201 216 10 10
201 217 10 10
201 213 10 10
202 218 10 10
202 217 10 10
202 215 10 10
202 210 10 10
203 212 10 10
203 219 10 10
203 213 10 10
203 207 10 10
224 221 11 11
224 220 11 11
224 223 11 11
224 222 11 11
225 220 11 11
225 222 11 11
225 224 11 11
225 223 11 11
226 221 11 11
226 225 11 11
226 222 11 11
226 223 11 11
227 225 11 11
227 220 11 11
227 223 11 11
227 221 11 11
228 225 11 11
228 223 11 11
228 226 11 11
228 222 11 11
229 228 11 11
229 222 11 11
229 224 11 11
229 223 11 11
230 227 11 11
230 223 11 11
230 225 11 11
230 228 11 11
231 220 11 11
231 226 11 11
231 221 11 11
231 227 11 11
232 229 11 11
232 231 11 11
232 230 11 11
232 222 11 11
233 220 11 11
233 226 11 11
233 232 11 11
233 224 11 11
234 220 11 11
234 223 11 11
234 227 11 11
234 229 11 11
235 221 11 11
235 228 11 11
235 231 11 11
235 220 11 11
236 231 11 11
236 230 11 11
236 232 11 11
236 222 11 11
237 225 11 11
237 234 11 11
237 236 11 11
237 231 11 11
238 236 11 11
238 226 11 11
238 234 11 11
238 229 11 11
239 223 11 11
239 235 11 11
239 236 11 11
239 232 11 11
220 239 11 11
220 228 11 11
220 237 11 11
220 236 11 11
221 239 11 11
221 228 11 11
221 236 11 11
221 237 11 11
222 234 11 11
222 230 11 11
222 239 11 11
222 235 11 11
223 235 11 11
223 233 11 11
223 232 11 11
223 236 11 11
244 243 12 12
244 242 12 12
244 240 12 12
244 241 12 12
245 243 12 12
245 240 12 12
245 244 12 12
245 242 12 12
246 241 12 12
246 242 12 12
246 245 12 12
246 243 12 12
247 243 12 12
247 242 12 12
247 246 12 12
247 240 12 12
248 245 12 12
248 247 12 12
248 246 12 12
248 243 12 12
249 246 12 12
249 241 12 12
249 242 12 12
249 245 12 12
250 241 12 12
250 245 12 12
250 243 12 12
250 246 12 12
251 247 12 12
251 250 12 12
251 241 12 12
251 242 12 12
252 245 12 12
252 247 12 12
252 241 12 12
252 248 12 12
253 241 12 12
253 248 12 12
253 249 12 12
253 245 12 12
254 245 12 12
254 247 12 12
254 244 12 12
254 248 12 12
255 247 12 12
255 242 12 12
255 245 12 12
255 240 12 12
256 245 12 12
256 242 12 12
256 240 12 12
256 248 12 12
257 250 12 12
257 241 12 12
257 247 12 12
257 255 12 12
258 241 12 12
258 244 12 12
258 247 12 12
258 250 12 12
259 245 12 12
259 246 12 12
259 253 12 12
259 249 12 12
240 251 12 12
240 258 12 12
240 254 12 12
240 248 12 12
241 259 12 12
241 245 12 12
241 255 12 12
241 254 12 12
242 259 12 12
242 258 12 12
242 254 12 12
242 248 12 12
243 255 12 12
243 254 12 12
243 253 12 12
243 251 12 12
264 262 13 13
264 261 13 13
264 260 13 13
264 263 13 13
265 262 13 13
265 261 13 13
265 263 13 13
265 260 13 13
266 264 13 13
266 262 13 13
266 265 13 13
266 260 13 13
267 261 13 13
267 260 13 13
267 264 13 13
267 265 13 13
268 264 13 13
268 266 13 13
268 262 13 13
268 265 13 13
269 267 13 13
269 268 13 13
269 265 13 13
269 261 13 13
270 265 13 13
270 268 13 13
270 267 13 13
270 262 13 13
271 270 13 13
271 265 13 13
271 262 13 13
271 264 13 13
272 262 13 13
272 260 13 13
272 266 13 13
272 268 13 13
273 272 13 13
273 266 13 13
273 267 13 13
273 264 13 13
274 269 13 13
274 267 13 13
274 272 13 13
274 260 13 13
275 262 13 13
275 267 13 13
275 265 13 13
275 270 13 13
276 274 13 13
276 261 13 13
276 267 13 13
276 269 13 13
277 260 13 13
277 274 13 13
277 275 13 13
277 267 13 13
278 276 13 13
278 266 13 13
278 273 13 13
278 272 13 13
279 271 13 13
279 269 13 13
279 272 13 13
279 270 13 13
260 270 13 13
260 279 13 13
260 269 13 13
260 271 13 13
261 277 13 13
261 268 13 13
261 270 13 13
261 274 13 13
262 277 13 13
262 274 13 13
262 278 13 13
262 267 13 13
263 270 13 13
263 278 13 13
263 271 13 13
263 269 13 13
284 283 14 14
284 280 14 14
284 281 14 14
284 282 14 14
285 282 14 14
285 280 14 14
285 283 14 14
285 281 14 14
286 285 14 14
286 282 14 14
286 283 14 14
286 280 14 14
287 285 14 14
287 284 14 14
287 283 14 14
287 286 14 14
288 281 14 14
288 285 14 14
288 280 14 14
288 284 14 14
289 283 14 14
289 288 14 14
289 280 14 14
289 284 14 14
290 282 14 14
290 284 14 14
290 287 14 14
290 285 14 14
291 288 14 14
291 284 14 14
291 283 14 14
291 282 14 14
292 285 14 14
292 282 14 14
292 281 14 14
292 283 14 14
293 289 14 14
293 287 14 14
293 284 14 14
293 283 14 14
294 291 14 14
294 282 14 14
294 287 14 14
294 290 14 14
295 294 14 14
295 292 14 14
295 282 14 14
295 291 14 14
296 283 14 14
296 280 14 14
296 291 14 14
296 295 14 14
297 291 14 14
297 287 14 14
297 288 14 14
297 290 14 14
298 289 14 14
298 292 14 14
298 291 14 14
298 287 14 14
299 281 14 14
299 293 14 14
299 285 14 14
299 296 14 14
280 293 14 14
280 298 14 14
280 290 14 14
280 299 14 14
281 286 14 14
281 295 14 14
281 291 14 14
281 290 14 14
282 289 14 14
282 297 14 14
282 288 14 14
282 298 14 14
283 298 14 14
283 288 14 14
283 297 14 14
283 295 14 14
304 303 15 15
304 301 15 15
304 302 15 15
304 300 15 15
305 300 15 15
305 304 15 15
305 303 15 15
305 302 15 15
306 302 15 15
306 305 15 15
306 303 15 15
306 301 15 15
307 304 15 15
307 306 15 15
307 305 15 15
307 303 15 15
308 300 15 15
308 302 15 15
308 301 15 15
308 304 15 15
309 303 15 15
309 306 15 15
309 307 15 15
309 304 15 15
310 303 15 15
310 306 15 15
310 309 15 15
310 300 15 15
311 309 15 15
311 301 15 15
311 305 15 15
311 306 15 15
312 309 15 15
312 308 15 15
312 311 15 15
312 307 15 15
313 310 15 15
313 306 15 15
313 305 15 15
313 311 15 15
314 307 15 15
314 312 15 15
314 308 15 15
314 306 15 15
315 306 15 15
315 301 15 15
315 313 15 15
315 309 15 15
316 302 15 15
316 300 15 15
316 315 15 15
316 314 15 15
317 301 15 15
317 315 15 15
317 308 15 15
317 305 15 15
318 302 15 15
318 303 15 15
318 304 15 15
318 317 15 15
319 301 15 15
319 300 15 15
319 305 15 15
319 303 15 15
300 309 15 15
300 315 15 15
300 313 15 15
300 314 15 15
301 305 15 15
301 310 15 15
301 318 15 15
301 309 15 15
302 317 15 15
302 311 15 15
302 315 15 15
302 312 15 15
303 311 15 15
303 313 15 15
303 308 15 15
303 314 15 15
85 56 4 2
89 19 4 0
88 27 4 1
95 66 4 3
109 32 5 1
103 54 5 2
115 71 5 3
108 8 5 0
130 97 6 4
123 79 6 3
139 15 6 0
139 48 6 2
140 91 7 4
147 138 7 6
152 25 7 1
140 40 7 2
169 153 8 7
175 108 8 5
165 80 8 4
160 130 8 6
192 121 9 6
199 176 9 8
187 116 9 5
182 86 9 4
219 69 10 3
218 160 10 8
217 89 10 4
203 14 10 0
233 174 11 8
231 131 11 6
235 142 11 7
233 3 11 0
243 110 12 5
240 63 12 3
245 92 12 4
244 55 12 2
271 251 13 12
276 25 13 1
275 11 13 0
269 69 13 3
297 232 14 11
292 180 14 9
280 96 14 4
285 8 14 0
306 261 15 13
309 31 15 1
315 65 15 3
307 40 15 2
6 186 0 9
0 319 0 15
0 172 0 8
15 151 0 7
22 187 1 9
25 259 1 12
28 299 1 14
25 230 1 11
49 224 2 11
58 290 2 14
49 274 2 13
54 188 2 9
62 161 3 8
76 142 3 7
74 199 3 9
70 291 3 14
