swNum = 320
edgeNum = 1344

0 0
1 0
2 0
3 0
4 0
5 0
6 0
7 0
8 0
9 0
10 0
11 0
12 0
13 0
14 0
15 0
16 0
17 0
18 0
19 0
20 1
21 1
22 1
23 1
24 1
25 1
26 1
27 1
28 1
29 1
30 1
31 1
32 1
33 1
34 1
35 1
36 1
37 1
38 1
39 1
40 2
41 2
42 2
43 2
44 2
45 2
46 2
47 2
48 2
49 2
50 2
51 2
52 2
53 2
54 2
55 2
56 2
57 2
58 2
59 2
60 3
61 3
62 3
63 3
64 3
65 3
66 3
67 3
68 3
69 3
70 3
71 3
72 3
73 3
74 3
75 3
76 3
77 3
78 3
79 3
80 4
81 4
82 4
83 4
84 4
85 4
86 4
87 4
88 4
89 4
90 4
91 4
92 4
93 4
94 4
95 4
96 4
97 4
98 4
99 4
100 5
101 5
102 5
103 5
104 5
105 5
106 5
107 5
108 5
109 5
110 5
111 5
112 5
113 5
114 5
115 5
116 5
117 5
118 5
119 5
120 6
121 6
122 6
123 6
124 6
125 6
126 6
127 6
128 6
129 6
130 6
131 6
132 6
133 6
134 6
135 6
136 6
137 6
138 6
139 6
140 7
141 7
142 7
143 7
144 7
145 7
146 7
147 7
148 7
149 7
150 7
151 7
152 7
153 7
154 7
155 7
156 7
157 7
158 7
159 7
160 8
161 8
162 8
163 8
164 8
165 8
166 8
167 8
168 8
169 8
170 8
171 8
172 8
173 8
174 8
175 8
176 8
177 8
178 8
179 8
180 9
181 9
182 9
183 9
184 9
185 9
186 9
187 9
188 9
189 9
190 9
191 9
192 9
193 9
194 9
195 9
196 9
197 9
198 9
199 9
200 10
201 10
202 10
203 10
204 10
205 10
206 10
207 10
208 10
209 10
210 10
211 10
212 10
213 10
214 10
215 10
216 10
217 10
218 10
219 10
220 11
221 11
222 11
223 11
224 11
225 11
226 11
227 11
228 11
229 11
230 11
231 11
232 11
233 11
234 11
235 11
236 11
237 11
238 11
239 11
240 12
241 12
242 12
243 12
244 12
245 12
246 12
247 12
248 12
249 12
250 12
251 12
252 12
253 12
254 12
255 12
256 12
257 12
258 12
259 12
260 13
261 13
262 13
263 13
264 13
265 13
266 13
267 13
268 13
269 13
270 13
271 13
272 13
273 13
274 13
275 13
276 13
277 13
278 13
279 13
280 14
281 14
282 14
283 14
284 14
285 14
286 14
287 14
288 14
289 14
290 14
291 14
292 14
293 14
294 14
295 14
296 14
297 14
298 14
299 14
300 15
301 15
302 15
303 15
304 15
305 15
306 15
307 15
308 15
309 15
310 15
311 15
312 15
313 15
314 15
315 15
316 15
317 15
318 15
319 15

4 3 0 0
4 2 0 0
4 0 0 0
4 1 0 0
5 3 0 0
5 0 0 0
5 4 0 0
5 1 0 0
6 2 0 0
6 4 0 0
6 1 0 0
6 0 0 0
7 6 0 0
7 2 0 0
7 1 0 0
7 0 0 0
8 2 0 0
8 6 0 0
8 1 0 0
8 7 0 0
9 1 0 0
9 2 0 0
9 7 0 0
9 5 0 0
10 2 0 0
10 8 0 0
10 4 0 0
10 9 0 0
11 9 0 0
11 2 0 0
11 7 0 0
11 6 0 0
12 11 0 0
12 7 0 0
12 8 0 0
12 3 0 0
13 4 0 0
13 6 0 0
13 2 0 0
13 10 0 0
14 12 0 0
14 6 0 0
14 2 0 0
14 11 0 0
15 9 0 0
15 0 0 0
15 11 0 0
15 10 0 0
16 9 0 0
16 3 0 0
16 6 0 0
16 15 0 0
17 1 0 0
17 3 0 0
17 2 0 0
17 15 0 0
18 4 0 0
18 0 0 0
18 15 0 0
18 17 0 0
19 0 0 0
19 2 0 0
19 15 0 0
19 6 0 0
0 9 0 0
0 17 0 0
0 16 0 0
0 10 0 0
1 16 0 0
1 14 0 0
1 19 0 0
1 11 0 0
2 18 0 0
2 12 0 0
2 15 0 0
2 16 0 0
3 10 0 0
3 19 0 0
3 18 0 0
3 15 0 0
24 23 1 1
24 22 1 1
24 21 1 1
24 20 1 1
25 20 1 1
25 23 1 1
25 22 1 1
25 21 1 1
26 21 1 1
26 22 1 1
26 24 1 1
26 25 1 1
27 21 1 1
27 26 1 1
27 25 1 1
27 22 1 1
28 24 1 1
28 22 1 1
28 23 1 1
28 25 1 1
29 21 1 1
29 23 1 1
29 25 1 1
29 24 1 1
30 25 1 1
30 22 1 1
30 26 1 1
30 21 1 1
31 23 1 1
31 20 1 1
31 21 1 1
31 30 1 1
32 26 1 1
32 25 1 1
32 27 1 1
32 20 1 1
33 25 1 1
33 21 1 1
33 22 1 1
33 29 1 1
34 28 1 1
34 33 1 1
34 29 1 1
34 25 1 1
35 21 1 1
35 34 1 1
35 27 1 1
35 28 1 1
36 31 1 1
36 24 1 1
36 27 1 1
36 29 1 1
37 24 1 1
37 21 1 1
37 36 1 1
37 30 1 1
38 36 1 1
38 35 1 1
38 22 1 1
38 37 1 1
39 23 1 1
39 28 1 1
39 21 1 1
39 24 1 1
20 28 1 1
20 39 1 1
20 29 1 1
20 30 1 1
21 36 1 1
21 34 1 1
21 32 1 1
21 38 1 1
22 34 1 1
22 32 1 1
22 29 1 1
22 39 1 1
23 32 1 1
23 30 1 1
23 34 1 1
23 35 1 1
44 40 2 2
44 43 2 2
44 41 2 2
44 42 2 2
45 42 2 2
45 41 2 2
45 40 2 2
45 43 2 2
46 40 2 2
46 45 2 2
46 44 2 2
46 43 2 2
47 44 2 2
47 41 2 2
47 43 2 2
47 45 2 2
48 47 2 2
48 40 2 2
48 45 2 2
48 46 2 2
49 47 2 2
49 43 2 2
49 46 2 2
49 40 2 2
50 41 2 2
50 42 2 2
50 46 2 2
50 47 2 2
51 46 2 2
51 44 2 2
51 47 2 2
51 49 2 2
52 47 2 2
52 46 2 2
52 50 2 2
52 49 2 2
53 51 2 2
53 45 2 2
53 47 2 2
53 40 2 2
54 41 2 2
54 53 2 2
54 42 2 2
54 50 2 2
55 49 2 2
55 47 2 2
55 40 2 2
55 43 2 2
56 45 2 2
56 44 2 2
56 49 2 2
56 47 2 2
57 54 2 2
57 53 2 2
57 40 2 2
57 52 2 2
58 51 2 2
58 55 2 2
58 52 2 2
58 43 2 2
59 52 2 2
59 44 2 2
59 58 2 2
59 46 2 2
40 56 2 2
40 50 2 2
40 58 2 2
40 54 2 2
41 48 2 2
41 53 2 2
41 51 2 2
41 52 2 2
42 53 2 2
42 49 2 2
42 48 2 2
42 55 2 2
43 54 2 2
43 52 2 2
43 53 2 2
43 57 2 2
64 60 3 3
64 63 3 3
64 61 3 3
64 62 3 3
65 61 3 3
65 64 3 3
65 62 3 3
65 63 3 3
66 62 3 3
66 65 3 3
66 63 3 3
66 61 3 3
67 63 3 3
67 62 3 3
67 60 3 3
67 64 3 3
68 66 3 3
68 65 3 3
68 60 3 3
68 67 3 3
69 64 3 3
69 66 3 3
69 67 3 3
69 63 3 3
70 62 3 3
70 60 3 3
70 66 3 3
70 61 3 3
71 60 3 3
71 64 3 3
71 67 3 3
71 65 3 3
72 61 3 3
72 68 3 3
72 70 3 3
72 66 3 3
73 61 3 3
73 72 3 3
73 66 3 3
73 70 3 3
74 62 3 3
74 65 3 3
74 63 3 3
74 70 3 3
75 70 3 3
75 72 3 3
75 62 3 3
75 74 3 3
76 75 3 3
76 61 3 3
76 72 3 3
76 62 3 3
77 76 3 3
77 72 3 3
77 71 3 3
77 65 3 3
78 76 3 3
78 68 3 3
78 62 3 3
78 75 3 3
79 65 3 3
79 72 3 3
79 76 3 3
79 74 3 3
60 65 3 3
60 73 3 3
60 72 3 3
60 78 3 3
61 77 3 3
61 75 3 3
61 78 3 3
61 69 3 3
62 72 3 3
62 68 3 3
62 77 3 3
62 73 3 3
63 68 3 3
63 78 3 3
63 77 3 3
63 76 3 3
84 83 4 4
84 80 4 4
84 81 4 4
84 82 4 4
85 81 4 4
85 82 4 4
85 80 4 4
85 84 4 4
86 85 4 4
86 81 4 4
86 84 4 4
86 83 4 4
87 81 4 4
87 86 4 4
87 83 4 4
87 84 4 4
88 84 4 4
88 86 4 4
88 82 4 4
88 83 4 4
89 88 4 4
89 85 4 4
89 82 4 4
89 86 4 4
90 84 4 4
90 89 4 4
90 86 4 4
90 88 4 4
91 86 4 4
91 87 4 4
91 90 4 4
91 85 4 4
92 91 4 4
92 86 4 4
92 81 4 4
92 88 4 4
93 92 4 4
93 84 4 4
93 88 4 4
93 91 4 4
94 86 4 4
94 92 4 4
94 82 4 4
94 88 4 4
95 87 4 4
95 81 4 4
95 91 4 4
95 92 4 4
96 86 4 4
96 87 4 4
96 83 4 4
96 94 4 4
97 82 4 4
97 94 4 4
97 92 4 4
97 85 4 4
98 83 4 4
98 84 4 4
98 85 4 4
98 80 4 4
99 97 4 4
99 82 4 4
99 84 4 4
99 89 4 4
80 99 4 4
80 94 4 4
80 87 4 4
80 93 4 4
81 94 4 4
81 96 4 4
81 90 4 4
81 89 4 4
82 98 4 4
82 95 4 4
82 96 4 4
82 86 4 4
83 95 4 4
83 97 4 4
83 91 4 4
83 90 4 4
104 100 5 5
104 102 5 5
104 101 5 5
104 103 5 5
105 104 5 5
105 100 5 5
105 103 5 5
105 101 5 5
106 100 5 5
106 101 5 5
106 103 5 5
106 105 5 5
107 101 5 5
107 105 5 5
107 106 5 5
107 104 5 5
108 103 5 5
108 104 5 5
108 102 5 5
108 105 5 5
109 103 5 5
109 105 5 5
109 101 5 5
109 102 5 5
110 105 5 5
110 106 5 5
110 102 5 5
110 108 5 5
111 102 5 5
111 107 5 5
111 108 5 5
111 106 5 5
112 100 5 5
112 101 5 5
112 106 5 5
112 105 5 5
113 106 5 5
113 107 5 5
113 111 5 5
113 103 5 5
114 111 5 5
114 105 5 5
114 113 5 5
114 107 5 5
115 109 5 5
115 114 5 5
115 111 5 5
115 103 5 5
116 107 5 5
116 113 5 5
116 104 5 5
116 111 5 5
117 109 5 5
117 116 5 5
117 107 5 5
117 114 5 5
118 111 5 5
118 102 5 5
118 114 5 5
118 116 5 5
119 116 5 5
119 102 5 5
119 113 5 5
119 111 5 5
100 107 5 5
100 113 5 5
100 111 5 5
100 115 5 5
101 110 5 5
101 118 5 5
101 119 5 5
101 117 5 5
102 114 5 5
102 117 5 5
102 116 5 5
102 113 5 5
103 110 5 5
103 117 5 5
103 119 5 5
103 114 5 5
124 122 6 6
124 120 6 6
124 123 6 6
124 121 6 6
125 123 6 6
125 121 6 6
125 120 6 6
125 124 6 6
126 124 6 6
126 122 6 6
126 123 6 6
126 120 6 6
127 120 6 6
127 122 6 6
127 123 6 6
127 126 6 6
128 127 6 6
128 123 6 6
128 120 6 6
128 126 6 6
129 126 6 6
129 122 6 6
129 128 6 6
129 125 6 6
130 123 6 6
130 122 6 6
130 129 6 6
130 128 6 6
131 129 6 6
131 124 6 6
131 126 6 6
131 127 6 6
132 126 6 6
132 131 6 6
132 123 6 6
132 122 6 6
133 123 6 6
133 126 6 6
133 120 6 6
133 131 6 6
134 129 6 6
134 122 6 6
134 125 6 6
134 126 6 6
135 123 6 6
135 122 6 6
135 120 6 6
135 129 6 6
136 120 6 6
136 128 6 6
136 135 6 6
136 134 6 6
137 124 6 6
137 123 6 6
137 136 6 6
137 130 6 6
138 120 6 6
138 135 6 6
138 136 6 6
138 123 6 6
139 132 6 6
139 123 6 6
139 130 6 6
139 136 6 6
120 132 6 6
120 129 6 6
120 131 6 6
120 130 6 6
121 139 6 6
121 129 6 6
121 134 6 6
121 128 6 6
122 137 6 6
122 128 6 6
122 133 6 6
122 125 6 6
123 131 6 6
123 129 6 6
123 136 6 6
123 134 6 6
144 143 7 7
144 140 7 7
144 141 7 7
144 142 7 7
145 142 7 7
145 143 7 7
145 141 7 7
145 140 7 7
146 141 7 7
146 143 7 7
146 144 7 7
146 140 7 7
147 146 7 7
147 145 7 7
147 143 7 7
147 144 7 7
148 141 7 7
148 146 7 7
148 147 7 7
148 140 7 7
149 145 7 7
149 141 7 7
149 144 7 7
149 148 7 7
150 142 7 7
150 149 7 7
150 146 7 7
150 147 7 7
151 146 7 7
151 150 7 7
151 144 7 7
151 147 7 7
152 148 7 7
152 143 7 7
152 149 7 7
152 151 7 7
153 150 7 7
153 144 7 7
153 141 7 7
153 148 7 7
154 149 7 7
154 142 7 7
154 153 7 7
154 151 7 7
155 147 7 7
155 142 7 7
155 151 7 7
155 145 7 7
156 143 7 7
156 141 7 7
156 144 7 7
156 149 7 7
157 147 7 7
157 144 7 7
157 155 7 7
157 143 7 7
158 143 7 7
158 155 7 7
158 142 7 7
158 149 7 7
159 143 7 7
159 142 7 7
159 156 7 7
159 144 7 7
140 156 7 7
140 159 7 7
140 157 7 7
140 153 7 7
141 152 7 7
141 151 7 7
141 157 7 7
141 154 7 7
142 147 7 7
142 157 7 7
142 156 7 7
142 151 7 7
143 155 7 7
143 148 7 7
143 149 7 7
143 154 7 7
164 160 8 8
164 161 8 8
164 162 8 8
164 163 8 8
165 163 8 8
165 160 8 8
165 162 8 8
165 161 8 8
166 164 8 8
166 161 8 8
166 160 8 8
166 163 8 8
167 166 8 8
167 164 8 8
167 161 8 8
167 165 8 8
168 164 8 8
168 166 8 8
168 167 8 8
168 160 8 8
169 164 8 8
169 166 8 8
169 167 8 8
169 168 8 8
170 160 8 8
170 162 8 8
170 169 8 8
170 161 8 8
171 161 8 8
171 168 8 8
171 165 8 8
171 160 8 8
172 167 8 8
172 164 8 8
172 170 8 8
172 171 8 8
173 167 8 8
173 164 8 8
173 169 8 8
173 166 8 8
174 167 8 8
174 169 8 8
174 162 8 8
174 165 8 8
175 161 8 8
175 170 8 8
175 169 8 8
175 163 8 8
176 175 8 8
176 160 8 8
176 163 8 8
176 172 8 8
177 170 8 8
177 176 8 8
177 164 8 8
177 171 8 8
178 173 8 8
178 160 8 8
178 177 8 8
178 171 8 8
179 163 8 8
179 178 8 8
179 164 8 8
179 171 8 8
160 169 8 8
160 177 8 8
160 173 8 8
160 172 8 8
161 176 8 8
161 179 8 8
161 177 8 8
161 168 8 8
162 173 8 8
162 169 8 8
162 178 8 8
162 175 8 8
163 178 8 8
163 168 8 8
163 174 8 8
163 171 8 8
184 182 9 9
184 181 9 9
184 183 9 9
184 180 9 9
185 182 9 9
185 180 9 9
185 184 9 9
185 181 9 9
186 180 9 9
186 185 9 9
186 182 9 9
186 181 9 9
187 184 9 9
187 180 9 9
187 186 9 9
187 185 9 9
188 183 9 9
188 181 9 9
188 184 9 9
188 180 9 9
189 181 9 9
189 188 9 9
189 180 9 9
189 183 9 9
190 188 9 9
190 185 9 9
190 186 9 9
190 183 9 9
191 189 9 9
191 181 9 9
191 187 9 9
191 183 9 9
192 181 9 9
192 189 9 9
192 180 9 9
192 183 9 9
193 180 9 9
193 186 9 9
193 191 9 9
193 184 9 9
194 189 9 9
194 185 9 9
194 192 9 9
194 184 9 9
195 183 9 9
195 184 9 9
195 192 9 9
195 182 9 9
196 193 9 9
196 184 9 9
196 186 9 9
196 189 9 9
197 195 9 9
197 188 9 9
197 192 9 9
197 186 9 9
198 196 9 9
198 183 9 9
198 194 9 9
198 180 9 9
199 195 9 9
199 198 9 9
199 180 9 9
199 197 9 9
180 194 9 9
180 196 9 9
180 190 9 9
180 191 9 9
181 193 9 9
181 199 9 9
181 198 9 9
181 196 9 9
182 192 9 9
182 190 9 9
182 194 9 9
182 187 9 9
183 196 9 9
183 199 9 9
183 186 9 9
183 197 9 9
204 200 10 10
204 203 10 10
204 201 10 10
204 202 10 10
205 203 10 10
205 201 10 10
205 200 10 10
205 202 10 10
206 203 10 10
206 204 10 10
206 200 10 10
206 201 10 10
207 202 10 10
207 204 10 10
207 203 10 10
207 201 10 10
208 201 10 10
208 200 10 10
208 203 10 10
208 205 10 10
209 202 10 10
209 208 10 10
209 201 10 10
209 200 10 10
210 207 10 10
210 200 10 10
210 201 10 10
210 203 10 10
211 204 10 10
211 210 10 10
211 200 10 10
211 206 10 10
212 206 10 10
212 208 10 10
212 201 10 10
212 202 10 10
213 207 10 10
213 212 10 10
213 202 10 10
213 200 10 10
214 211 10 10
214 208 10 10
214 213 10 10
214 207 10 10
215 203 10 10
215 207 10 10
215 209 10 10
215 214 10 10
216 213 10 10
216 200 10 10
216 208 10 10
216 204 10 10
217 201 10 10
217 205 10 10
217 210 10 10
217 211 10 10
218 214 10 10
218 210 10 10
218 211 10 10
218 207 10 10
219 218 10 10
219 214 10 10
219 215 10 10
219 211 10 10
200 219 10 10
200 218 10 10
200 214 10 10
200 212 10 10
201 218 10 10
201 214 10 10
201 216 10 10
201 213 10 10
202 214 10 10
202 210 10 10
202 206 10 10
202 215 10 10
203 216 10 10
203 217 10 10
203 214 10 10
203 213 10 10
224 223 11 11
224 222 11 11
224 221 11 11
224 220 11 11
225 221 11 11
225 220 11 11
225 223 11 11
225 224 11 11
226 221 11 11
226 222 11 11
226 225 11 11
226 223 11 11
227 221 11 11
227 222 11 11
227 225 11 11
227 224 11 11
228 225 11 11
228 224 11 11
228 227 11 11
228 223 11 11
229 224 11 11
229 226 11 11
229 227 11 11
229 223 11 11
230 228 11 11
230 224 11 11
230 220 11 11
230 229 11 11
231 227 11 11
231 228 11 11
231 222 11 11
231 223 11 11
232 230 11 11
232 229 11 11
232 225 11 11
232 228 11 11
233 224 11 11
233 220 11 11
233 221 11 11
233 225 11 11
234 233 11 11
234 227 11 11
234 232 11 11
234 223 11 11
235 225 11 11
235 227 11 11
235 228 11 11
235 226 11 11
236 224 11 11
236 229 11 11
236 223 11 11
236 234 11 11
237 227 11 11
237 233 11 11
237 224 11 11
237 226 11 11
238 222 11 11
238 234 11 11
238 236 11 11
238 231 11 11
239 232 11 11
239 228 11 11
239 227 11 11
239 230 11 11
220 239 11 11
220 237 11 11
220 226 11 11
220 227 11 11
221 236 11 11
221 229 11 11
221 228 11 11
221 231 11 11
222 235 11 11
222 233 11 11
222 234 11 11
222 229 11 11
223 230 11 11
223 238 11 11
223 237 11 11
223 232 11 11
244 242 12 12
244 240 12 12
244 241 12 12
244 243 12 12
245 240 12 12
245 243 12 12
245 244 12 12
245 242 12 12
246 245 12 12
246 243 12 12
246 242 12 12
246 244 12 12
247 244 12 12
247 240 12 12
247 246 12 12
247 242 12 12
248 243 12 12
248 246 12 12
248 240 12 12
248 241 12 12
249 248 12 12
249 243 12 12
249 246 12 12
249 245 12 12
250 245 12 12
250 248 12 12
250 243 12 12
250 247 12 12
251 250 12 12
251 247 12 12
251 241 12 12
251 244 12 12
252 246 12 12
252 241 12 12
252 244 12 12
252 247 12 12
253 248 12 12
253 250 12 12
253 245 12 12
253 251 12 12
254 246 12 12
254 251 12 12
254 252 12 12
254 240 12 12
255 251 12 12
255 254 12 12
255 253 12 12
255 246 12 12
256 252 12 12
256 240 12 12
256 242 12 12
256 246 12 12
257 255 12 12
257 249 12 12
257 245 12 12
257 247 12 12
258 244 12 12
258 243 12 12
258 241 12 12
258 248 12 12
259 241 12 12
259 248 12 12
259 243 12 12
259 258 12 12
240 250 12 12
240 257 12 12
240 252 12 12
240 246 12 12
241 257 12 12
241 249 12 12
241 246 12 12
241 255 12 12
242 249 12 12
242 257 12 12
242 250 12 12
242 252 12 12
243 247 12 12
243 257 12 12
243 256 12 12
243 253 12 12
264 263 13 13
264 261 13 13
264 262 13 13
264 260 13 13
265 264 13 13
265 261 13 13
265 262 13 13
265 260 13 13
266 265 13 13
266 264 13 13
266 261 13 13
266 263 13 13
267 265 13 13
267 260 13 13
267 264 13 13
267 262 13 13
268 260 13 13
268 265 13 13
268 263 13 13
268 262 13 13
269 266 13 13
269 268 13 13
269 260 13 13
269 263 13 13
270 260 13 13
270 267 13 13
270 268 13 13
270 269 13 13
271 269 13 13
271 264 13 13
271 268 13 13
271 260 13 13
272 270 13 13
272 265 13 13
272 261 13 13
272 267 13 13
273 271 13 13
273 267 13 13
273 262 13 13
273 266 13 13
274 271 13 13
274 267 13 13
274 265 13 13
274 268 13 13
275 274 13 13
275 268 13 13
275 269 13 13
275 271 13 13
276 269 13 13
276 274 13 13
276 261 13 13
276 273 13 13
277 260 13 13
277 262 13 13
277 272 13 13
277 274 13 13
278 276 13 13
278 271 13 13
278 273 13 13
278 275 13 13
279 261 13 13
279 277 13 13
279 272 13 13
279 278 13 13
260 274 13 13
260 279 13 13
260 276 13 13
260 273 13 13
261 275 13 13
261 277 13 13
261 268 13 13
261 278 13 13
262 270 13 13
262 279 13 13
262 278 13 13
262 276 13 13
263 271 13 13
263 276 13 13
263 270 13 13
263 274 13 13
284 282 14 14
284 283 14 14
284 281 14 14
284 280 14 14
285 284 14 14
285 282 14 14
285 283 14 14
285 281 14 14
286 285 14 14
286 284 14 14
286 281 14 14
286 283 14 14
287 285 14 14
287 283 14 14
287 282 14 14
287 286 14 14
288 281 14 14
288 285 14 14
288 284 14 14
288 286 14 14
289 283 14 14
289 284 14 14
289 287 14 14
289 282 14 14
290 282 14 14
290 281 14 14
290 286 14 14
290 288 14 14
291 280 14 14
291 284 14 14
291 286 14 14
291 290 14 14
292 289 14 14
292 281 14 14
292 291 14 14
292 288 14 14
293 287 14 14
293 281 14 14
293 280 14 14
293 291 14 14
294 290 14 14
294 287 14 14
294 285 14 14
294 293 14 14
295 285 14 14
295 294 14 14
295 280 14 14
295 286 14 14
296 293 14 14
296 289 14 14
296 287 14 14
296 295 14 14
297 288 14 14
297 292 14 14
297 295 14 14
297 289 14 14
298 286 14 14
298 294 14 14
298 296 14 14
298 297 14 14
299 296 14 14
299 297 14 14
299 295 14 14
299 281 14 14
280 297 14 14
280 292 14 14
280 299 14 14
280 289 14 14
281 298 14 14
281 295 14 14
281 297 14 14
281 291 14 14
282 292 14 14
282 298 14 14
282 297 14 14
282 295 14 14
283 297 14 14
283 293 14 14
283 292 14 14
283 294 14 14
304 302 15 15
304 301 15 15
304 300 15 15
304 303 15 15
305 302 15 15
305 301 15 15
305 303 15 15
305 300 15 15
306 302 15 15
306 300 15 15
306 304 15 15
306 303 15 15
307 301 15 15
307 305 15 15
307 306 15 15
307 304 15 15
308 301 15 15
308 305 15 15
308 307 15 15
308 302 15 15
309 307 15 15
309 308 15 15
309 305 15 15
309 301 15 15
310 300 15 15
310 303 15 15
310 301 15 15
310 306 15 15
311 310 15 15
311 308 15 15
311 300 15 15
311 307 15 15
312 300 15 15
312 306 15 15
312 302 15 15
312 309 15 15
313 307 15 15
313 305 15 15
313 304 15 15
313 312 15 15
314 310 15 15
314 305 15 15
314 300 15 15
314 301 15 15
315 309 15 15
315 301 15 15
315 305 15 15
315 303 15 15
316 309 15 15
316 302 15 15
316 307 15 15
316 305 15 15
317 304 15 15
317 316 15 15
317 300 15 15
317 312 15 15
318 312 15 15
318 301 15 15
318 308 15 15
318 315 15 15
319 310 15 15
319 307 15 15
319 303 15 15
319 305 15 15
300 315 15 15
300 318 15 15
300 307 15 15
300 319 15 15
301 316 15 15
301 313 15 15
301 306 15 15
301 317 15 15
302 317 15 15
302 319 15 15
302 314 15 15
302 307 15 15
303 317 15 15
303 311 15 15
303 314 15 15
303 312 15 15
93 15 4 0
98 72 4 3
99 44 4 2
89 27 4 1
102 65 5 3
104 42 5 2
112 37 5 1
107 11 5 0
122 84 6 4
128 107 6 5
136 63 6 3
127 41 6 2
156 131 7 6
148 39 7 1
144 66 7 3
151 90 7 4
177 158 8 7
163 10 8 0
174 97 8 4
167 105 8 5
180 159 9 7
186 97 9 4
180 11 9 0
181 67 9 3
218 126 10 6
202 24 10 1
214 115 10 5
210 58 10 2
224 160 11 8
237 127 11 6
229 67 11 3
232 86 11 4
253 97 12 4
251 60 12 3
255 115 12 5
249 150 12 7
262 64 13 3
278 246 13 12
269 57 13 2
261 34 13 1
292 274 14 13
297 52 14 2
281 2 14 0
298 106 14 5
319 42 15 2
307 115 15 5
303 134 15 6
304 150 15 7
7 125 0 6
6 140 0 7
3 203 0 10
16 305 0 15
35 223 1 11
31 121 1 6
28 318 1 15
37 197 1 9
45 237 2 11
57 154 2 7
54 247 2 12
49 186 2 9
70 283 3 14
64 217 3 10
62 315 3 15
67 174 3 8
