swNum = 320
edgeNum = 1341

0 0
1 0
2 0
3 0
4 0
5 0
6 0
7 0
8 0
9 0
10 0
11 0
12 0
13 0
14 0
15 0
16 0
17 0
18 0
19 0
20 1
21 1
22 1
23 1
24 1
25 1
26 1
27 1
28 1
29 1
30 1
31 1
32 1
33 1
34 1
35 1
36 1
37 1
38 1
39 1
40 2
41 2
42 2
43 2
44 2
45 2
46 2
47 2
48 2
49 2
50 2
51 2
52 2
53 2
54 2
55 2
56 2
57 2
58 2
59 2
60 3
61 3
62 3
63 3
64 3
65 3
66 3
67 3
68 3
69 3
70 3
71 3
72 3
73 3
74 3
75 3
76 3
77 3
78 3
79 3
80 4
81 4
82 4
83 4
84 4
85 4
86 4
87 4
88 4
89 4
90 4
91 4
92 4
93 4
94 4
95 4
96 4
97 4
98 4
99 4
100 5
101 5
102 5
103 5
104 5
105 5
106 5
107 5
108 5
109 5
110 5
111 5
112 5
113 5
114 5
115 5
116 5
117 5
118 5
119 5
120 6
121 6
122 6
123 6
124 6
125 6
126 6
127 6
128 6
129 6
130 6
131 6
132 6
133 6
134 6
135 6
136 6
137 6
138 6
139 6
140 7
141 7
142 7
143 7
144 7
145 7
146 7
147 7
148 7
149 7
150 7
151 7
152 7
153 7
154 7
155 7
156 7
157 7
158 7
159 7
160 8
161 8
162 8
163 8
164 8
165 8
166 8
167 8
168 8
169 8
170 8
171 8
172 8
173 8
174 8
175 8
176 8
177 8
178 8
179 8
180 9
181 9
182 9
183 9
184 9
185 9
186 9
187 9
188 9
189 9
190 9
191 9
192 9
193 9
194 9
195 9
196 9
197 9
198 9
199 9
200 10
201 10
202 10
203 10
204 10
205 10
206 10
207 10
208 10
209 10
210 10
211 10
212 10
213 10
214 10
215 10
216 10
217 10
218 10
219 10
220 11
221 11
222 11
223 11
224 11
225 11
226 11
227 11
228 11
229 11
230 11
231 11
232 11
233 11
234 11
235 11
236 11
237 11
238 11
239 11
240 12
241 12
242 12
243 12
244 12
245 12
246 12
247 12
248 12
249 12
250 12
251 12
252 12
253 12
254 12
255 12
256 12
257 12
258 12
259 12
260 13
261 13
262 13
263 13
264 13
265 13
266 13
267 13
268 13
269 13
270 13
271 13
272 13
273 13
274 13
275 13
276 13
277 13
278 13
279 13
280 14
281 14
282 14
283 14
284 14
285 14
286 14
287 14
288 14
289 14
290 14
291 14
292 14
293 14
294 14
295 14
296 14
297 14
298 14
299 14
300 15
301 15
302 15
303 15
304 15
305 15
306 15
307 15
308 15
309 15
310 15
311 15
312 15
313 15
314 15
315 15
316 15
317 15
318 15
319 15

4 0 0 0
4 1 0 0
4 3 0 0
4 2 0 0
5 1 0 0
5 4 0 0
5 2 0 0
5 3 0 0
6 1 0 0
6 0 0 0
6 3 0 0
6 4 0 0
7 1 0 0
7 4 0 0
7 6 0 0
7 3 0 0
8 1 0 0
8 5 0 0
8 0 0 0
8 6 0 0
9 5 0 0
9 0 0 0
9 3 0 0
9 2 0 0
10 7 0 0
10 8 0 0
10 0 0 0
10 1 0 0
11 0 0 0
11 6 0 0
11 8 0 0
11 5 0 0
12 9 0 0
12 5 0 0
12 0 0 0
12 6 0 0
13 9 0 0
13 10 0 0
13 5 0 0
13 2 0 0
14 11 0 0
14 10 0 0
14 9 0 0
14 6 0 0
15 5 0 0
15 2 0 0
15 9 0 0
15 7 0 0
16 11 0 0
16 15 0 0
16 14 0 0
16 4 0 0
17 12 0 0
17 9 0 0
17 11 0 0
17 2 0 0
18 9 0 0
18 15 0 0
18 4 0 0
18 12 0 0
19 10 0 0
19 6 0 0
19 7 0 0
19 15 0 0
0 7 0 0
0 15 0 0
0 19 0 0
0 5 0 0
1 12 0 0
1 14 0 0
1 13 0 0
1 16 0 0
2 6 0 0
2 16 0 0
2 18 0 0
2 11 0 0
3 17 0 0
3 15 0 0
3 19 0 0
3 10 0 0
24 22 1 1
24 20 1 1
24 23 1 1
24 21 1 1
25 24 1 1
25 20 1 1
25 23 1 1
25 21 1 1
26 25 1 1
26 24 1 1
26 21 1 1
26 23 1 1
27 22 1 1
27 20 1 1
27 25 1 1
27 24 1 1
28 20 1 1
28 23 1 1
28 25 1 1
28 27 1 1
29 22 1 1
29 25 1 1
29 28 1 1
29 27 1 1
30 24 1 1
30 29 1 1
30 22 1 1
30 25 1 1
31 25 1 1
31 20 1 1
31 22 1 1
31 24 1 1
32 25 1 1
32 31 1 1
32 27 1 1
32 24 1 1
33 20 1 1
33 26 1 1
33 24 1 1
33 25 1 1
34 27 1 1
34 30 1 1
34 29 1 1
34 25 1 1
35 34 1 1
35 28 1 1
35 26 1 1
35 31 1 1
36 23 1 1
36 28 1 1
36 20 1 1
36 27 1 1
37 29 1 1
37 31 1 1
37 30 1 1
37 28 1 1
38 28 1 1
38 34 1 1
38 20 1 1
38 21 1 1
39 33 1 1
39 21 1 1
39 24 1 1
39 20 1 1
20 32 1 1
20 29 1 1
20 26 1 1
20 30 1 1
21 33 1 1
21 35 1 1
21 32 1 1
21 30 1 1
22 39 1 1
22 26 1 1
22 35 1 1
22 34 1 1
23 29 1 1
23 35 1 1
23 32 1 1
23 33 1 1
44 40 2 2
44 43 2 2
44 42 2 2
44 41 2 2
45 42 2 2
45 40 2 2
45 44 2 2
45 41 2 2
46 42 2 2
46 45 2 2
46 41 2 2
46 43 2 2
47 41 2 2
47 43 2 2
47 40 2 2
47 42 2 2
48 42 2 2
48 45 2 2
48 46 2 2
48 47 2 2
49 41 2 2
49 40 2 2
49 42 2 2
49 47 2 2
50 42 2 2
50 46 2 2
50 45 2 2
50 44 2 2
51 48 2 2
51 44 2 2
51 50 2 2
51 46 2 2
52 47 2 2
52 49 2 2
52 50 2 2
52 42 2 2
53 50 2 2
53 41 2 2
53 49 2 2
53 44 2 2
54 53 2 2
54 44 2 2
54 40 2 2
54 48 2 2
55 42 2 2
55 52 2 2
55 50 2 2
55 48 2 2
56 43 2 2
56 41 2 2
56 49 2 2
56 42 2 2
57 42 2 2
57 45 2 2
57 48 2 2
57 46 2 2
58 50 2 2
58 46 2 2
58 40 2 2
58 51 2 2
59 57 2 2
59 49 2 2
59 42 2 2
59 55 2 2
40 55 2 2
40 53 2 2
40 51 2 2
40 56 2 2
41 54 2 2
41 58 2 2
41 50 2 2
41 55 2 2
42 51 2 2
42 58 2 2
42 53 2 2
42 54 2 2
43 49 2 2
43 59 2 2
43 51 2 2
43 54 2 2
64 63 3 3
64 61 3 3
64 60 3 3
64 62 3 3
65 62 3 3
65 61 3 3
65 63 3 3
65 64 3 3
66 61 3 3
66 63 3 3
66 60 3 3
66 64 3 3
67 63 3 3
67 61 3 3
67 60 3 3
67 64 3 3
68 67 3 3
68 64 3 3
68 62 3 3
68 65 3 3
69 66 3 3
69 60 3 3
69 67 3 3
69 61 3 3
70 65 3 3
70 61 3 3
70 60 3 3
70 63 3 3
71 68 3 3
71 63 3 3
71 66 3 3
71 65 3 3
72 63 3 3
72 60 3 3
72 64 3 3
72 61 3 3
73 61 3 3
73 68 3 3
73 67 3 3
73 65 3 3
74 71 3 3
74 70 3 3
74 63 3 3
74 61 3 3
75 65 3 3
75 63 3 3
75 68 3 3
75 62 3 3
76 61 3 3
76 70 3 3
76 74 3 3
76 62 3 3
77 72 3 3
77 60 3 3
77 67 3 3
77 61 3 3
78 60 3 3
78 77 3 3
78 72 3 3
78 67 3 3
79 76 3 3
79 71 3 3
79 61 3 3
79 67 3 3
60 65 3 3
60 76 3 3
60 79 3 3
60 74 3 3
61 68 3 3
61 78 3 3
61 71 3 3
61 75 3 3
62 79 3 3
62 70 3 3
62 67 3 3
62 78 3 3
63 68 3 3
63 79 3 3
63 73 3 3
63 78 3 3
84 81 4 4
84 83 4 4
84 82 4 4
84 80 4 4
85 81 4 4
85 80 4 4
85 83 4 4
85 82 4 4
86 82 4 4
86 85 4 4
86 80 4 4
86 83 4 4
87 85 4 4
87 83 4 4
87 80 4 4
87 81 4 4
88 87 4 4
88 83 4 4
88 85 4 4
88 86 4 4
89 85 4 4
89 87 4 4
89 83 4 4
89 82 4 4
90 89 4 4
90 82 4 4
90 87 4 4
90 83 4 4
91 83 4 4
91 88 4 4
91 85 4 4
91 87 4 4
92 85 4 4
92 89 4 4
92 87 4 4
92 90 4 4
93 83 4 4
93 86 4 4
93 80 4 4
93 88 4 4
94 91 4 4
94 89 4 4
94 85 4 4
94 88 4 4
95 83 4 4
95 85 4 4
95 81 4 4
95 90 4 4
96 94 4 4
96 82 4 4
96 83 4 4
96 88 4 4
97 84 4 4
97 95 4 4
97 82 4 4
97 83 4 4
98 87 4 4
98 91 4 4
98 88 4 4
98 89 4 4
99 92 4 4
99 97 4 4
99 87 4 4
99 83 4 4
80 90 4 4
80 97 4 4
80 96 4 4
80 94 4 4
81 91 4 4
81 89 4 4
81 93 4 4
81 99 4 4
82 87 4 4
82 95 4 4
82 92 4 4
82 88 4 4
83 92 4 4
83 98 4 4
83 94 4 4
104 100 5 5
104 103 5 5
104 101 5 5
104 102 5 5
105 101 5 5
105 104 5 5
105 103 5 5
105 100 5 5
106 102 5 5
106 101 5 5
106 105 5 5
106 104 5 5
107 100 5 5
107 101 5 5
107 104 5 5
107 103 5 5
108 103 5 5
108 105 5 5
108 104 5 5
108 106 5 5
109 106 5 5
109 103 5 5
109 108 5 5
109 101 5 5
110 103 5 5
110 100 5 5
110 101 5 5
110 109 5 5
111 102 5 5
111 105 5 5
111 108 5 5
111 104 5 5
112 104 5 5
112 111 5 5
112 107 5 5
112 108 5 5
113 105 5 5
113 102 5 5
113 111 5 5
113 103 5 5
114 102 5 5
114 105 5 5
114 113 5 5
114 111 5 5
115 112 5 5
115 106 5 5
115 101 5 5
115 104 5 5
116 107 5 5
116 100 5 5
116 103 5 5
116 110 5 5
117 108 5 5
117 102 5 5
117 106 5 5
117 100 5 5
118 103 5 5
118 108 5 5
118 105 5 5
118 107 5 5
119 115 5 5
119 104 5 5
119 105 5 5
119 112 5 5
100 112 5 5
100 115 5 5
100 114 5 5
100 119 5 5
101 116 5 5
101 111 5 5
101 108 5 5
101 117 5 5
102 109 5 5
102 115 5 5
102 112 5 5
102 119 5 5
103 111 5 5
103 106 5 5
103 117 5 5
103 119 5 5
124 121 6 6
124 123 6 6
124 120 6 6
124 122 6 6
125 122 6 6
125 120 6 6
125 121 6 6
125 123 6 6
126 124 6 6
126 123 6 6
126 125 6 6
126 122 6 6
127 125 6 6
127 120 6 6
127 124 6 6
127 126 6 6
128 124 6 6
128 120 6 6
128 123 6 6
128 121 6 6
129 121 6 6
129 125 6 6
129 127 6 6
129 126 6 6
130 128 6 6
130 124 6 6
130 123 6 6
130 120 6 6
131 122 6 6
131 127 6 6
131 120 6 6
131 124 6 6
132 124 6 6
132 129 6 6
132 121 6 6
132 122 6 6
133 121 6 6
133 127 6 6
133 120 6 6
133 122 6 6
134 130 6 6
134 132 6 6
134 129 6 6
134 124 6 6
135 123 6 6
135 129 6 6
135 130 6 6
135 128 6 6
136 127 6 6
136 131 6 6
136 124 6 6
136 122 6 6
137 125 6 6
137 135 6 6
137 131 6 6
137 123 6 6
138 134 6 6
138 130 6 6
138 136 6 6
138 120 6 6
139 122 6 6
139 127 6 6
139 121 6 6
139 132 6 6
120 132 6 6
120 136 6 6
120 135 6 6
120 139 6 6
121 131 6 6
121 136 6 6
121 130 6 6
121 127 6 6
122 127 6 6
122 130 6 6
122 128 6 6
122 137 6 6
123 134 6 6
123 129 6 6
123 136 6 6
123 133 6 6
144 142 7 7
144 140 7 7
144 141 7 7
144 143 7 7
145 140 7 7
145 143 7 7
145 144 7 7
145 141 7 7
146 143 7 7
146 142 7 7
146 144 7 7
146 145 7 7
147 144 7 7
147 143 7 7
147 142 7 7
147 141 7 7
148 147 7 7
148 145 7 7
148 141 7 7
148 142 7 7
149 145 7 7
149 141 7 7
149 148 7 7
149 146 7 7
150 145 7 7
150 140 7 7
150 148 7 7
150 143 7 7
151 141 7 7
151 150 7 7
151 142 7 7
151 147 7 7
152 148 7 7
152 141 7 7
152 142 7 7
152 146 7 7
153 149 7 7
153 143 7 7
153 151 7 7
153 145 7 7
154 146 7 7
154 152 7 7
154 145 7 7
154 142 7 7
155 143 7 7
155 152 7 7
155 144 7 7
155 146 7 7
156 140 7 7
156 152 7 7
156 143 7 7
156 153 7 7
157 141 7 7
157 145 7 7
157 153 7 7
157 149 7 7
158 140 7 7
158 145 7 7
158 157 7 7
158 150 7 7
159 142 7 7
159 143 7 7
159 155 7 7
159 148 7 7
140 159 7 7
140 151 7 7
140 155 7 7
140 157 7 7
141 146 7 7
141 158 7 7
141 150 7 7
141 159 7 7
142 156 7 7
142 155 7 7
142 158 7 7
142 149 7 7
143 154 7 7
143 158 7 7
143 157 7 7
143 148 7 7
164 163 8 8
164 161 8 8
164 160 8 8
164 162 8 8
165 163 8 8
165 160 8 8
165 161 8 8
165 162 8 8
166 165 8 8
166 162 8 8
166 161 8 8
166 163 8 8
167 162 8 8
167 160 8 8
167 161 8 8
167 165 8 8
168 163 8 8
168 161 8 8
168 165 8 8
168 164 8 8
169 164 8 8
169 165 8 8
169 167 8 8
169 163 8 8
170 161 8 8
170 167 8 8
170 166 8 8
170 163 8 8
171 163 8 8
171 164 8 8
171 166 8 8
171 169 8 8
172 164 8 8
172 161 8 8
172 163 8 8
172 165 8 8
173 166 8 8
173 165 8 8
173 163 8 8
173 161 8 8
174 167 8 8
174 173 8 8
174 160 8 8
174 166 8 8
175 168 8 8
175 169 8 8
175 173 8 8
175 167 8 8
176 171 8 8
176 160 8 8
176 172 8 8
176 175 8 8
177 174 8 8
177 161 8 8
177 167 8 8
177 168 8 8
178 164 8 8
178 176 8 8
178 165 8 8
178 160 8 8
179 167 8 8
179 166 8 8
179 164 8 8
179 176 8 8
160 172 8 8
160 179 8 8
160 169 8 8
160 177 8 8
161 174 8 8
161 169 8 8
161 176 8 8
161 171 8 8
162 178 8 8
162 176 8 8
162 172 8 8
162 173 8 8
163 176 8 8
163 167 8 8
163 179 8 8
163 178 8 8
184 180 9 9
184 181 9 9
184 182 9 9
184 183 9 9
185 182 9 9
185 183 9 9
185 184 9 9
185 180 9 9
186 182 9 9
186 184 9 9
186 185 9 9
186 181 9 9
187 180 9 9
187 182 9 9
187 181 9 9
187 184 9 9
188 186 9 9
188 187 9 9
188 183 9 9
188 182 9 9
189 180 9 9
189 186 9 9
189 185 9 9
189 181 9 9
190 185 9 9
190 180 9 9
190 181 9 9
190 187 9 9
191 180 9 9
191 182 9 9
191 188 9 9
191 189 9 9
192 185 9 9
192 190 9 9
192 191 9 9
192 188 9 9
193 186 9 9
193 181 9 9
193 182 9 9
193 188 9 9
194 188 9 9
194 185 9 9
194 184 9 9
194 182 9 9
195 194 9 9
195 186 9 9
195 181 9 9
195 180 9 9
196 186 9 9
196 182 9 9
196 190 9 9
196 184 9 9
197 192 9 9
197 195 9 9
197 189 9 9
197 180 9 9
198 196 9 9
198 186 9 9
198 182 9 9
198 181 9 9
199 196 9 9
199 183 9 9
199 181 9 9
199 197 9 9
180 194 9 9
180 192 9 9
180 186 9 9
180 198 9 9
181 188 9 9
181 194 9 9
181 192 9 9
181 197 9 9
182 195 9 9
182 189 9 9
182 192 9 9
182 190 9 9
183 198 9 9
183 192 9 9
183 196 9 9
183 197 9 9
204 200 10 10
204 202 10 10
204 203 10 10
204 201 10 10
205 201 10 10
205 200 10 10
205 204 10 10
205 203 10 10
206 202 10 10
206 204 10 10
206 201 10 10
206 200 10 10
207 203 10 10
207 200 10 10
207 204 10 10
207 202 10 10
208 204 10 10
208 200 10 10
208 203 10 10
208 202 10 10
209 203 10 10
209 201 10 10
209 200 10 10
209 207 10 10
210 205 10 10
210 200 10 10
210 201 10 10
210 206 10 10
211 210 10 10
211 205 10 10
211 208 10 10
211 200 10 10
212 205 10 10
212 204 10 10
212 207 10 10
212 211 10 10
213 209 10 10
213 208 10 10
213 201 10 10
213 200 10 10
214 213 10 10
214 205 10 10
214 209 10 10
214 206 10 10
215 213 10 10
215 210 10 10
215 201 10 10
215 214 10 10
216 202 10 10
216 214 10 10
216 203 10 10
216 207 10 10
217 203 10 10
217 214 10 10
217 205 10 10
217 215 10 10
218 207 10 10
218 205 10 10
218 200 10 10
218 203 10 10
219 210 10 10
219 208 10 10
219 206 10 10
219 212 10 10
200 216 10 10
200 219 10 10
200 217 10 10
200 214 10 10
201 211 10 10
201 214 10 10
201 217 10 10
201 219 10 10
202 211 10 10
202 217 10 10
202 218 10 10
202 209 10 10
203 212 10 10
203 211 10 10
203 210 10 10
203 215 10 10
224 220 11 11
224 223 11 11
224 221 11 11
224 222 11 11
225 221 11 11
225 224 11 11
225 220 11 11
225 223 11 11
226 220 11 11
226 225 11 11
226 224 11 11
226 222 11 11
227 225 11 11
227 224 11 11
227 223 11 11
227 226 11 11
228 226 11 11
228 224 11 11
228 221 11 11
228 225 11 11
229 228 11 11
229 226 11 11
229 223 11 11
229 225 11 11
230 222 11 11
230 226 11 11
230 224 11 11
230 225 11 11
231 224 11 11
231 230 11 11
231 222 11 11
231 229 11 11
232 222 11 11
232 230 11 11
232 231 11 11
232 220 11 11
233 232 11 11
233 220 11 11
233 224 11 11
233 222 11 11
234 228 11 11
234 225 11 11
234 226 11 11
234 221 11 11
235 234 11 11
235 223 11 11
235 224 11 11
235 228 11 11
236 225 11 11
236 229 11 11
236 234 11 11
236 223 11 11
237 224 11 11
237 232 11 11
237 231 11 11
237 229 11 11
238 229 11 11
238 232 11 11
238 237 11 11
238 222 11 11
239 223 11 11
239 221 11 11
239 228 11 11
239 226 11 11
220 230 11 11
220 227 11 11
220 229 11 11
220 237 11 11
221 231 11 11
221 226 11 11
221 237 11 11
221 238 11 11
222 239 11 11
222 229 11 11
222 237 11 11
222 227 11 11
223 232 11 11
223 228 11 11
223 234 11 11
223 231 11 11
244 243 12 12
244 240 12 12
244 242 12 12
244 241 12 12
245 244 12 12
245 241 12 12
245 240 12 12
245 242 12 12
246 240 12 12
246 243 12 12
246 244 12 12
246 242 12 12
247 241 12 12
247 246 12 12
247 240 12 12
247 242 12 12
248 242 12 12
248 240 12 12
248 243 12 12
248 245 12 12
249 240 12 12
249 247 12 12
249 242 12 12
249 241 12 12
250 248 12 12
250 246 12 12
250 244 12 12
250 240 12 12
251 247 12 12
251 242 12 12
251 249 12 12
251 248 12 12
252 245 12 12
252 250 12 12
252 248 12 12
252 240 12 12
253 242 12 12
253 251 12 12
253 240 12 12
253 247 12 12
254 243 12 12
254 248 12 12
254 244 12 12
254 250 12 12
255 250 12 12
255 246 12 12
255 240 12 12
255 245 12 12
256 246 12 12
256 243 12 12
256 254 12 12
256 255 12 12
257 243 12 12
257 247 12 12
257 245 12 12
257 252 12 12
258 243 12 12
258 251 12 12
258 252 12 12
258 244 12 12
259 250 12 12
259 244 12 12
259 256 12 12
259 252 12 12
240 254 12 12
240 259 12 12
240 256 12 12
240 257 12 12
241 253 12 12
241 259 12 12
241 257 12 12
241 252 12 12
242 255 12 12
242 256 12 12
242 258 12 12
242 257 12 12
243 259 12 12
243 245 12 12
243 253 12 12
243 250 12 12
264 261 13 13
264 262 13 13
264 260 13 13
264 263 13 13
265 260 13 13
265 261 13 13
265 264 13 13
265 263 13 13
266 264 13 13
266 260 13 13
266 262 13 13
266 261 13 13
267 263 13 13
267 261 13 13
267 260 13 13
267 266 13 13
268 261 13 13
268 264 13 13
268 266 13 13
268 265 13 13
269 260 13 13
269 265 13 13
269 268 13 13
269 262 13 13
270 263 13 13
270 268 13 13
270 265 13 13
270 260 13 13
271 267 13 13
271 268 13 13
271 265 13 13
271 261 13 13
272 261 13 13
272 271 13 13
272 264 13 13
272 262 13 13
273 262 13 13
273 264 13 13
273 266 13 13
273 268 13 13
274 270 13 13
274 269 13 13
274 265 13 13
274 273 13 13
275 268 13 13
275 265 13 13
275 272 13 13
275 269 13 13
276 263 13 13
276 268 13 13
276 265 13 13
276 274 13 13
277 273 13 13
277 265 13 13
277 262 13 13
277 269 13 13
278 260 13 13
278 277 13 13
278 264 13 13
278 268 13 13
279 262 13 13
279 260 13 13
279 275 13 13
279 277 13 13
260 268 13 13
260 275 13 13
260 272 13 13
260 277 13 13
261 269 13 13
261 275 13 13
261 278 13 13
261 270 13 13
262 275 13 13
262 276 13 13
262 278 13 13
262 270 13 13
263 271 13 13
263 277 13 13
263 275 13 13
263 272 13 13
284 281 14 14
284 282 14 14
284 280 14 14
284 283 14 14
285 281 14 14
285 282 14 14
285 280 14 14
285 284 14 14
286 285 14 14
286 282 14 14
286 283 14 14
286 284 14 14
287 283 14 14
287 281 14 14
287 286 14 14
287 285 14 14
288 287 14 14
288 286 14 14
288 285 14 14
288 282 14 14
289 286 14 14
289 282 14 14
289 287 14 14
289 281 14 14
290 280 14 14
290 287 14 14
290 281 14 14
290 285 14 14
291 281 14 14
291 282 14 14
291 289 14 14
291 284 14 14
292 283 14 14
292 288 14 14
292 286 14 14
292 287 14 14
293 287 14 14
293 285 14 14
293 290 14 14
293 280 14 14
294 287 14 14
294 290 14 14
294 281 14 14
294 292 14 14
295 281 14 14
295 286 14 14
295 292 14 14
295 291 14 14
296 295 14 14
296 287 14 14
296 293 14 14
296 294 14 14
297 283 14 14
297 293 14 14
297 294 14 14
297 292 14 14
298 290 14 14
298 281 14 14
298 283 14 14
298 293 14 14
299 291 14 14
299 283 14 14
299 295 14 14
299 294 14 14
280 299 14 14
280 289 14 14
280 288 14 14
280 286 14 14
281 297 14 14
281 296 14 14
281 293 14 14
281 288 14 14
282 290 14 14
282 299 14 14
282 294 14 14
282 295 14 14
283 288 14 14
283 295 14 14
283 289 14 14
283 296 14 14
304 302 15 15
304 300 15 15
304 301 15 15
304 303 15 15
305 300 15 15
305 302 15 15
305 303 15 15
305 301 15 15
306 302 15 15
306 304 15 15
306 301 15 15
306 300 15 15
307 306 15 15
307 302 15 15
307 303 15 15
307 301 15 15
308 305 15 15
308 302 15 15
308 304 15 15
308 306 15 15
309 302 15 15
309 307 15 15
309 306 15 15
309 308 15 15
310 301 15 15
310 303 15 15
310 306 15 15
310 309 15 15
311 308 15 15
311 304 15 15
311 306 15 15
311 301 15 15
312 304 15 15
312 300 15 15
312 308 15 15
312 311 15 15
313 305 15 15
313 311 15 15
313 310 15 15
313 300 15 15
314 313 15 15
314 303 15 15
314 302 15 15
314 307 15 15
315 307 15 15
315 301 15 15
315 305 15 15
315 306 15 15
316 309 15 15
316 307 15 15
316 302 15 15
316 311 15 15
317 310 15 15
317 311 15 15
317 300 15 15
317 315 15 15
318 316 15 15
318 310 15 15
318 303 15 15
318 305 15 15
319 303 15 15
319 316 15 15
319 317 15 15
319 318 15 15
300 318 15 15
300 308 15 15
300 315 15 15
300 314 15 15
301 316 15 15
301 314 15 15
301 319 15 15
301 317 15 15
302 319 15 15
302 318 15 15
302 317 15 15
302 313 15 15
303 306 15 15
303 317 15 15
303 309 15 15
303 315 15 15
99 38 4 1
98 71 4 3
85 17 4 0
81 57 4 2
119 8 5 0
114 89 5 4
119 64 5 3
105 40 5 2
121 48 6 2
134 16 6 0
133 64 6 3
125 104 6 5
152 58 7 2
157 84 7 4
143 69 7 3
142 39 7 1
168 71 8 3
166 7 8 0
175 120 8 6
175 33 8 1
184 130 9 6
191 66 9 3
194 31 9 1
189 152 9 7
212 18 10 0
211 199 10 9
207 78 10 3
212 53 10 2
229 141 11 7
231 62 11 3
232 98 11 4
220 25 11 1
247 112 12 5
249 60 12 3
245 21 12 1
250 188 12 9
271 76 13 3
265 177 13 8
260 209 13 10
262 245 13 12
282 257 14 12
285 136 14 6
284 166 14 8
282 207 14 10
310 223 15 11
316 148 15 7
302 161 15 8
314 277 15 13
0 262 0 13
8 185 0 9
6 155 0 7
8 227 0 11
38 132 1 6
39 313 1 15
22 266 1 13
21 108 1 5
43 280 2 14
58 173 2 8
52 274 2 13
58 251 2 12
62 318 3 15
76 293 3 14
