swNum = 320
edgeNum = 1344

0 0
1 0
2 0
3 0
4 0
5 0
6 0
7 0
8 0
9 0
10 0
11 0
12 0
13 0
14 0
15 0
16 0
17 0
18 0
19 0
20 1
21 1
22 1
23 1
24 1
25 1
26 1
27 1
28 1
29 1
30 1
31 1
32 1
33 1
34 1
35 1
36 1
37 1
38 1
39 1
40 2
41 2
42 2
43 2
44 2
45 2
46 2
47 2
48 2
49 2
50 2
51 2
52 2
53 2
54 2
55 2
56 2
57 2
58 2
59 2
60 3
61 3
62 3
63 3
64 3
65 3
66 3
67 3
68 3
69 3
70 3
71 3
72 3
73 3
74 3
75 3
76 3
77 3
78 3
79 3
80 4
81 4
82 4
83 4
84 4
85 4
86 4
87 4
88 4
89 4
90 4
91 4
92 4
93 4
94 4
95 4
96 4
97 4
98 4
99 4
100 5
101 5
102 5
103 5
104 5
105 5
106 5
107 5
108 5
109 5
110 5
111 5
112 5
113 5
114 5
115 5
116 5
117 5
118 5
119 5
120 6
121 6
122 6
123 6
124 6
125 6
126 6
127 6
128 6
129 6
130 6
131 6
132 6
133 6
134 6
135 6
136 6
137 6
138 6
139 6
140 7
141 7
142 7
143 7
144 7
145 7
146 7
147 7
148 7
149 7
150 7
151 7
152 7
153 7
154 7
155 7
156 7
157 7
158 7
159 7
160 8
161 8
162 8
163 8
164 8
165 8
166 8
167 8
168 8
169 8
170 8
171 8
172 8
173 8
174 8
175 8
176 8
177 8
178 8
179 8
180 9
181 9
182 9
183 9
184 9
185 9
186 9
187 9
188 9
189 9
190 9
191 9
192 9
193 9
194 9
195 9
196 9
197 9
198 9
199 9
200 10
201 10
202 10
203 10
204 10
205 10
206 10
207 10
208 10
209 10
210 10
211 10
212 10
213 10
214 10
215 10
216 10
217 10
218 10
219 10
220 11
221 11
222 11
223 11
224 11
225 11
226 11
227 11
228 11
229 11
230 11
231 11
232 11
233 11
234 11
235 11
236 11
237 11
238 11
239 11
240 12
241 12
242 12
243 12
244 12
245 12
246 12
247 12
248 12
249 12
250 12
251 12
252 12
253 12
254 12
255 12
256 12
257 12
258 12
259 12
260 13
261 13
262 13
263 13
264 13
265 13
266 13
267 13
268 13
269 13
270 13
271 13
272 13
273 13
274 13
275 13
276 13
277 13
278 13
279 13
280 14
281 14
282 14
283 14
284 14
285 14
286 14
287 14
288 14
289 14
290 14
291 14
292 14
293 14
294 14
295 14
296 14
297 14
298 14
299 14
300 15
301 15
302 15
303 15
304 15
305 15
306 15
307 15
308 15
309 15
310 15
311 15
312 15
313 15
314 15
315 15
316 15
317 15
318 15
319 15

4 1 0 0
4 0 0 0
4 2 0 0
4 3 0 0
5 0 0 0
5 4 0 0
5 3 0 0
5 1 0 0
6 2 0 0
6 0 0 0
6 1 0 0
6 4 0 0
7 2 0 0
7 1 0 0
7 0 0 0
7 5 0 0
8 2 0 0
8 3 0 0
8 4 0 0
8 6 0 0
9 6 0 0
9 5 0 0
9 0 0 0
9 3 0 0
10 6 0 0
10 5 0 0
10 4 0 0
10 9 0 0
11 2 0 0
11 10 0 0
11 5 0 0
11 9 0 0
12 8 0 0
12 1 0 0
12 4 0 0
12 3 0 0
13 3 0 0
13 2 0 0
13 6 0 0
13 10 0 0
14 10 0 0
14 4 0 0
14 6 0 0
14 2 0 0
15 8 0 0
15 6 0 0
15 9 0 0
15 2 0 0
16 14 0 0
16 2 0 0
16 9 0 0
16 6 0 0
17 12 0 0
17 6 0 0
17 9 0 0
17 13 0 0
18 0 0 0
18 4 0 0
18 6 0 0
18 7 0 0
19 17 0 0
19 16 0 0
19 3 0 0
19 9 0 0
0 15 0 0
0 8 0 0
0 10 0 0
0 11 0 0
1 13 0 0
1 15 0 0
1 18 0 0
1 14 0 0
2 9 0 0
2 10 0 0
2 18 0 0
2 5 0 0
3 17 0 0
3 11 0 0
3 18 0 0
3 16 0 0
24 20 1 1
24 21 1 1
24 23 1 1
24 22 1 1
25 22 1 1
25 20 1 1
25 21 1 1
25 23 1 1
26 22 1 1
26 23 1 1
26 25 1 1
26 24 1 1
27 21 1 1
27 23 1 1
27 25 1 1
27 24 1 1
28 26 1 1
28 21 1 1
28 27 1 1
28 25 1 1
29 25 1 1
29 27 1 1
29 28 1 1
29 21 1 1
30 24 1 1
30 25 1 1
30 27 1 1
30 21 1 1
31 22 1 1
31 25 1 1
31 27 1 1
31 26 1 1
32 28 1 1
32 29 1 1
32 31 1 1
32 23 1 1
33 30 1 1
33 26 1 1
33 29 1 1
33 27 1 1
34 22 1 1
34 31 1 1
34 30 1 1
34 21 1 1
35 31 1 1
35 30 1 1
35 27 1 1
35 26 1 1
36 22 1 1
36 24 1 1
36 34 1 1
36 30 1 1
37 27 1 1
37 33 1 1
37 26 1 1
37 30 1 1
38 22 1 1
38 36 1 1
38 28 1 1
38 31 1 1
39 33 1 1
39 23 1 1
39 38 1 1
39 37 1 1
20 34 1 1
20 26 1 1
20 35 1 1
20 36 1 1
21 35 1 1
21 37 1 1
21 39 1 1
21 26 1 1
22 28 1 1
22 37 1 1
22 35 1 1
22 29 1 1
23 38 1 1
23 35 1 1
23 29 1 1
23 33 1 1
44 42 2 2
44 41 2 2
44 43 2 2
44 40 2 2
45 44 2 2
45 42 2 2
45 41 2 2
45 40 2 2
46 45 2 2
46 40 2 2
46 41 2 2
46 44 2 2
47 41 2 2
47 44 2 2
47 45 2 2
47 46 2 2
48 40 2 2
48 41 2 2
48 44 2 2
48 47 2 2
49 45 2 2
49 44 2 2
49 41 2 2
49 42 2 2
50 49 2 2
50 46 2 2
50 45 2 2
50 40 2 2
51 45 2 2
51 42 2 2
51 46 2 2
51 40 2 2
52 45 2 2
52 44 2 2
52 48 2 2
52 50 2 2
53 46 2 2
53 52 2 2
53 51 2 2
53 44 2 2
54 51 2 2
54 48 2 2
54 40 2 2
54 52 2 2
55 42 2 2
55 50 2 2
55 44 2 2
55 53 2 2
56 45 2 2
56 51 2 2
56 43 2 2
56 42 2 2
57 54 2 2
57 52 2 2
57 46 2 2
57 56 2 2
58 40 2 2
58 48 2 2
58 47 2 2
58 54 2 2
59 48 2 2
59 54 2 2
59 40 2 2
59 41 2 2
40 56 2 2
40 53 2 2
40 55 2 2
40 57 2 2
41 56 2 2
41 55 2 2
41 53 2 2
41 58 2 2
42 57 2 2
42 48 2 2
42 50 2 2
42 46 2 2
43 53 2 2
43 48 2 2
43 55 2 2
43 46 2 2
64 60 3 3
64 61 3 3
64 62 3 3
64 63 3 3
65 62 3 3
65 61 3 3
65 60 3 3
65 64 3 3
66 65 3 3
66 62 3 3
66 60 3 3
66 61 3 3
67 63 3 3
67 62 3 3
67 64 3 3
67 60 3 3
68 66 3 3
68 62 3 3
68 64 3 3
68 60 3 3
69 67 3 3
69 66 3 3
69 63 3 3
69 64 3 3
70 64 3 3
70 68 3 3
70 63 3 3
70 60 3 3
71 67 3 3
71 63 3 3
71 62 3 3
71 66 3 3
72 65 3 3
72 62 3 3
72 68 3 3
72 64 3 3
73 68 3 3
73 64 3 3
73 60 3 3
73 70 3 3
74 64 3 3
74 62 3 3
74 60 3 3
74 69 3 3
75 74 3 3
75 66 3 3
75 73 3 3
75 64 3 3
76 64 3 3
76 62 3 3
76 65 3 3
76 74 3 3
77 71 3 3
77 67 3 3
77 63 3 3
77 75 3 3
78 67 3 3
78 69 3 3
78 74 3 3
78 64 3 3
79 70 3 3
79 61 3 3
79 60 3 3
79 75 3 3
60 75 3 3
60 76 3 3
60 77 3 3
60 78 3 3
61 70 3 3
61 68 3 3
61 73 3 3
61 76 3 3
62 69 3 3
62 79 3 3
62 73 3 3
62 78 3 3
63 65 3 3
63 66 3 3
63 73 3 3
63 78 3 3
84 80 4 4
84 81 4 4
84 82 4 4
84 83 4 4
85 81 4 4
85 82 4 4
85 84 4 4
85 83 4 4
86 83 4 4
86 85 4 4
86 82 4 4
86 80 4 4
87 85 4 4
87 83 4 4
87 82 4 4
87 86 4 4
88 87 4 4
88 83 4 4
88 82 4 4
88 85 4 4
89 81 4 4
89 82 4 4
89 87 4 4
89 88 4 4
90 86 4 4
90 81 4 4
90 80 4 4
90 83 4 4
91 88 4 4
91 80 4 4
91 82 4 4
91 85 4 4
92 84 4 4
92 80 4 4
92 82 4 4
92 81 4 4
93 89 4 4
93 81 4 4
93 82 4 4
93 84 4 4
94 90 4 4
94 86 4 4
94 80 4 4
94 85 4 4
95 91 4 4
95 83 4 4
95 90 4 4
95 85 4 4
96 88 4 4
96 86 4 4
96 82 4 4
96 93 4 4
97 83 4 4
97 87 4 4
97 91 4 4
97 88 4 4
98 87 4 4
98 95 4 4
98 82 4 4
98 92 4 4
99 91 4 4
99 86 4 4
99 88 4 4
99 89 4 4
80 96 4 4
80 99 4 4
80 93 4 4
80 88 4 4
81 91 4 4
81 94 4 4
81 96 4 4
81 95 4 4
82 97 4 4
82 90 4 4
82 94 4 4
82 95 4 4
83 96 4 4
83 98 4 4
83 89 4 4
83 91 4 4
104 102 5 5
104 101 5 5
104 103 5 5
104 100 5 5
105 104 5 5
105 101 5 5
105 100 5 5
105 102 5 5
106 101 5 5
106 102 5 5
106 104 5 5
106 100 5 5
107 100 5 5
107 106 5 5
107 102 5 5
107 103 5 5
108 100 5 5
108 106 5 5
108 101 5 5
108 107 5 5
109 108 5 5
109 101 5 5
109 105 5 5
109 107 5 5
110 105 5 5
110 103 5 5
110 107 5 5
110 102 5 5
111 105 5 5
111 107 5 5
111 108 5 5
111 101 5 5
112 110 5 5
112 101 5 5
112 105 5 5
112 100 5 5
113 101 5 5
113 109 5 5
113 111 5 5
113 108 5 5
114 101 5 5
114 108 5 5
114 100 5 5
114 110 5 5
115 103 5 5
115 102 5 5
115 100 5 5
115 110 5 5
116 106 5 5
116 102 5 5
116 107 5 5
116 110 5 5
117 110 5 5
117 112 5 5
117 104 5 5
117 111 5 5
118 102 5 5
118 117 5 5
118 115 5 5
118 110 5 5
119 101 5 5
119 105 5 5
119 104 5 5
119 117 5 5
100 110 5 5
100 118 5 5
100 117 5 5
100 109 5 5
101 118 5 5
101 107 5 5
101 117 5 5
101 116 5 5
102 114 5 5
102 109 5 5
102 119 5 5
102 111 5 5
103 116 5 5
103 113 5 5
103 106 5 5
103 105 5 5
124 121 6 6
124 122 6 6
124 120 6 6
124 123 6 6
125 123 6 6
125 121 6 6
125 124 6 6
125 122 6 6
126 125 6 6
126 123 6 6
126 121 6 6
126 122 6 6
127 126 6 6
127 124 6 6
127 120 6 6
127 121 6 6
128 125 6 6
128 126 6 6
128 127 6 6
128 122 6 6
129 121 6 6
129 127 6 6
129 125 6 6
129 120 6 6
130 125 6 6
130 123 6 6
130 129 6 6
130 121 6 6
131 123 6 6
131 128 6 6
131 122 6 6
131 126 6 6
132 126 6 6
132 129 6 6
132 125 6 6
132 121 6 6
133 123 6 6
133 130 6 6
133 122 6 6
133 131 6 6
134 120 6 6
134 130 6 6
134 129 6 6
134 131 6 6
135 127 6 6
135 132 6 6
135 126 6 6
135 121 6 6
136 127 6 6
136 126 6 6
136 125 6 6
136 121 6 6
137 125 6 6
137 121 6 6
137 126 6 6
137 133 6 6
138 122 6 6
138 129 6 6
138 123 6 6
138 131 6 6
139 129 6 6
139 122 6 6
139 121 6 6
139 132 6 6
120 133 6 6
120 126 6 6
120 139 6 6
120 131 6 6
121 131 6 6
121 133 6 6
121 138 6 6
121 134 6 6
122 134 6 6
122 137 6 6
122 129 6 6
122 135 6 6
123 139 6 6
123 134 6 6
123 129 6 6
123 137 6 6
144 140 7 7
144 142 7 7
144 143 7 7
144 141 7 7
145 143 7 7
145 141 7 7
145 142 7 7
145 144 7 7
146 143 7 7
146 144 7 7
146 141 7 7
146 142 7 7
147 145 7 7
147 143 7 7
147 140 7 7
147 146 7 7
148 141 7 7
148 140 7 7
148 144 7 7
148 147 7 7
149 148 7 7
149 141 7 7
149 143 7 7
149 145 7 7
150 144 7 7
150 143 7 7
150 148 7 7
150 146 7 7
151 149 7 7
151 146 7 7
151 148 7 7
151 140 7 7
152 144 7 7
152 140 7 7
152 143 7 7
152 149 7 7
153 151 7 7
153 149 7 7
153 148 7 7
153 144 7 7
154 151 7 7
154 153 7 7
154 152 7 7
154 146 7 7
155 152 7 7
155 153 7 7
155 144 7 7
155 154 7 7
156 143 7 7
156 144 7 7
156 145 7 7
156 149 7 7
157 146 7 7
157 145 7 7
157 142 7 7
157 141 7 7
158 140 7 7
158 154 7 7
158 145 7 7
158 149 7 7
159 157 7 7
159 144 7 7
159 149 7 7
159 140 7 7
140 153 7 7
140 150 7 7
140 145 7 7
140 146 7 7
141 156 7 7
141 159 7 7
141 155 7 7
141 150 7 7
142 156 7 7
142 147 7 7
142 149 7 7
142 159 7 7
143 157 7 7
143 158 7 7
143 151 7 7
143 159 7 7
164 163 8 8
164 161 8 8
164 160 8 8
164 162 8 8
165 162 8 8
165 163 8 8
165 164 8 8
165 161 8 8
166 163 8 8
166 160 8 8
166 161 8 8
166 162 8 8
167 164 8 8
167 162 8 8
167 165 8 8
167 163 8 8
168 165 8 8
168 160 8 8
168 162 8 8
168 163 8 8
169 161 8 8
169 163 8 8
169 165 8 8
169 164 8 8
170 165 8 8
170 162 8 8
170 169 8 8
170 164 8 8
171 170 8 8
171 167 8 8
171 165 8 8
171 163 8 8
172 169 8 8
172 164 8 8
172 166 8 8
172 165 8 8
173 171 8 8
173 162 8 8
173 165 8 8
173 172 8 8
174 163 8 8
174 162 8 8
174 173 8 8
174 170 8 8
175 174 8 8
175 172 8 8
175 173 8 8
175 171 8 8
176 172 8 8
176 169 8 8
176 162 8 8
176 174 8 8
177 173 8 8
177 171 8 8
177 163 8 8
177 162 8 8
178 161 8 8
178 168 8 8
178 160 8 8
178 169 8 8
179 176 8 8
179 161 8 8
179 166 8 8
179 178 8 8
160 175 8 8
160 176 8 8
160 179 8 8
160 169 8 8
161 174 8 8
161 173 8 8
161 168 8 8
161 176 8 8
162 171 8 8
162 175 8 8
162 172 8 8
162 179 8 8
163 179 8 8
163 173 8 8
163 172 8 8
163 176 8 8
184 183 9 9
184 182 9 9
184 180 9 9
184 181 9 9
185 180 9 9
185 181 9 9
185 184 9 9
185 182 9 9
186 183 9 9
186 181 9 9
186 182 9 9
186 184 9 9
187 183 9 9
187 184 9 9
187 181 9 9
187 182 9 9
188 182 9 9
188 187 9 9
188 186 9 9
188 180 9 9
189 187 9 9
189 188 9 9
189 180 9 9
189 186 9 9
190 188 9 9
190 187 9 9
190 186 9 9
190 189 9 9
191 188 9 9
191 184 9 9
191 187 9 9
191 185 9 9
192 183 9 9
192 186 9 9
192 182 9 9
192 191 9 9
193 190 9 9
193 186 9 9
193 185 9 9
193 189 9 9
194 182 9 9
194 187 9 9
194 192 9 9
194 180 9 9
195 180 9 9
195 189 9 9
195 191 9 9
195 187 9 9
196 187 9 9
196 195 9 9
196 190 9 9
196 182 9 9
197 183 9 9
197 190 9 9
197 191 9 9
197 182 9 9
198 183 9 9
198 180 9 9
198 186 9 9
198 187 9 9
199 193 9 9
199 192 9 9
199 189 9 9
199 190 9 9
180 186 9 9
180 191 9 9
180 193 9 9
180 197 9 9
181 191 9 9
181 192 9 9
181 198 9 9
181 188 9 9
182 191 9 9
182 195 9 9
182 190 9 9
182 199 9 9
183 193 9 9
183 189 9 9
183 196 9 9
183 188 9 9
204 203 10 10
204 200 10 10
204 202 10 10
204 201 10 10
205 204 10 10
205 201 10 10
205 203 10 10
205 202 10 10
206 201 10 10
206 203 10 10
206 202 10 10
206 205 10 10
207 205 10 10
207 200 10 10
207 204 10 10
207 206 10 10
208 205 10 10
208 202 10 10
208 203 10 10
208 200 10 10
209 206 10 10
209 201 10 10
209 203 10 10
209 205 10 10
210 204 10 10
210 206 10 10
210 200 10 10
210 207 10 10
211 210 10 10
211 206 10 10
211 201 10 10
211 209 10 10
212 211 10 10
212 202 10 10
212 205 10 10
212 200 10 10
213 211 10 10
213 204 10 10
213 202 10 10
213 205 10 10
214 202 10 10
214 212 10 10
214 201 10 10
214 210 10 10
215 204 10 10
215 212 10 10
215 210 10 10
215 202 10 10
216 207 10 10
216 206 10 10
216 200 10 10
216 204 10 10
217 206 10 10
217 216 10 10
217 208 10 10
217 214 10 10
218 216 10 10
218 202 10 10
218 214 10 10
218 206 10 10
219 206 10 10
219 217 10 10
219 213 10 10
219 202 10 10
200 219 10 10
200 213 10 10
200 205 10 10
200 211 10 10
201 219 10 10
201 215 10 10
201 218 10 10
201 210 10 10
202 209 10 10
202 217 10 10
202 210 10 10
202 216 10 10
203 215 10 10
203 212 10 10
203 213 10 10
203 218 10 10
224 221 11 11
224 220 11 11
224 222 11 11
224 223 11 11
225 222 11 11
225 221 11 11
225 223 11 11
225 224 11 11
226 224 11 11
226 222 11 11
226 221 11 11
226 223 11 11
227 224 11 11
227 221 11 11
227 225 11 11
227 220 11 11
228 227 11 11
228 221 11 11
228 224 11 11
228 222 11 11
229 222 11 11
229 228 11 11
229 223 11 11
229 221 11 11
230 222 11 11
230 226 11 11
230 228 11 11
230 221 11 11
231 226 11 11
231 227 11 11
231 228 11 11
231 221 11 11
232 229 11 11
232 222 11 11
232 223 11 11
232 228 11 11
233 229 11 11
233 222 11 11
233 224 11 11
233 223 11 11
234 221 11 11
234 222 11 11
234 226 11 11
234 228 11 11
235 231 11 11
235 229 11 11
235 223 11 11
235 230 11 11
236 222 11 11
236 233 11 11
236 226 11 11
236 231 11 11
237 231 11 11
237 228 11 11
237 236 11 11
237 232 11 11
238 236 11 11
238 233 11 11
238 231 11 11
238 222 11 11
239 235 11 11
239 227 11 11
239 221 11 11
239 228 11 11
220 231 11 11
220 229 11 11
220 226 11 11
220 238 11 11
221 238 11 11
221 236 11 11
221 232 11 11
221 233 11 11
222 231 11 11
222 237 11 11
222 235 11 11
222 239 11 11
223 230 11 11
223 228 11 11
223 234 11 11
223 238 11 11
244 240 12 12
244 243 12 12
244 241 12 12
244 242 12 12
245 241 12 12
245 243 12 12
245 244 12 12
245 240 12 12
246 244 12 12
246 240 12 12
246 245 12 12
246 242 12 12
247 242 12 12
247 245 12 12
247 246 12 12
247 243 12 12
248 241 12 12
248 247 12 12
248 246 12 12
248 242 12 12
249 245 12 12
249 240 12 12
249 246 12 12
249 243 12 12
250 245 12 12
250 242 12 12
250 246 12 12
250 240 12 12
251 241 12 12
251 240 12 12
251 246 12 12
251 245 12 12
252 240 12 12
252 243 12 12
252 244 12 12
252 251 12 12
253 241 12 12
253 247 12 12
253 240 12 12
253 251 12 12
254 247 12 12
254 249 12 12
254 251 12 12
254 246 12 12
255 241 12 12
255 247 12 12
255 253 12 12
255 248 12 12
256 247 12 12
256 254 12 12
256 249 12 12
256 242 12 12
257 251 12 12
257 241 12 12
257 255 12 12
257 243 12 12
258 246 12 12
258 242 12 12
258 244 12 12
258 254 12 12
259 249 12 12
259 246 12 12
259 251 12 12
259 253 12 12
240 254 12 12
240 259 12 12
240 247 12 12
240 258 12 12
241 247 12 12
241 254 12 12
241 250 12 12
241 246 12 12
242 255 12 12
242 252 12 12
242 245 12 12
242 254 12 12
243 246 12 12
243 254 12 12
243 248 12 12
243 251 12 12
264 261 13 13
264 262 13 13
264 260 13 13
264 263 13 13
265 261 13 13
265 260 13 13
265 264 13 13
265 263 13 13
266 262 13 13
266 263 13 13
266 265 13 13
266 261 13 13
267 264 13 13
267 265 13 13
267 266 13 13
267 261 13 13
268 261 13 13
268 267 13 13
268 264 13 13
268 265 13 13
269 268 13 13
269 260 13 13
269 267 13 13
269 262 13 13
270 261 13 13
270 262 13 13
270 263 13 13
270 264 13 13
271 264 13 13
271 261 13 13
271 268 13 13
271 270 13 13
272 268 13 13
272 263 13 13
272 265 13 13
272 266 13 13
273 261 13 13
273 263 13 13
273 270 13 13
273 264 13 13
274 268 13 13
274 260 13 13
274 269 13 13
274 271 13 13
275 268 13 13
275 269 13 13
275 262 13 13
275 265 13 13
276 260 13 13
276 262 13 13
276 269 13 13
276 274 13 13
277 264 13 13
277 260 13 13
277 262 13 13
277 269 13 13
278 270 13 13
278 269 13 13
278 260 13 13
278 276 13 13
279 273 13 13
279 272 13 13
279 275 13 13
279 271 13 13
260 268 13 13
260 270 13 13
260 273 13 13
260 271 13 13
261 275 13 13
261 279 13 13
261 276 13 13
261 272 13 13
262 278 13 13
262 273 13 13
262 265 13 13
262 268 13 13
263 268 13 13
263 279 13 13
263 274 13 13
263 267 13 13
284 280 14 14
284 281 14 14
284 283 14 14
284 282 14 14
285 284 14 14
285 280 14 14
285 282 14 14
285 283 14 14
286 281 14 14
286 283 14 14
286 284 14 14
286 282 14 14
287 283 14 14
287 284 14 14
287 285 14 14
287 282 14 14
288 281 14 14
288 280 14 14
288 286 14 14
288 282 14 14
289 283 14 14
289 285 14 14
289 280 14 14
289 284 14 14
290 280 14 14
290 287 14 14
290 282 14 14
290 285 14 14
291 286 14 14
291 288 14 14
291 282 14 14
291 290 14 14
292 290 14 14
292 280 14 14
292 282 14 14
292 284 14 14
293 285 14 14
293 290 14 14
293 287 14 14
293 282 14 14
294 292 14 14
294 281 14 14
294 288 14 14
294 283 14 14
295 283 14 14
295 282 14 14
295 286 14 14
295 290 14 14
296 283 14 14
296 280 14 14
296 293 14 14
296 284 14 14
297 281 14 14
297 282 14 14
297 293 14 14
297 288 14 14
298 292 14 14
298 284 14 14
298 289 14 14
298 293 14 14
299 289 14 14
299 295 14 14
299 283 14 14
299 293 14 14
280 293 14 14
280 299 14 14
280 298 14 14
280 287 14 14
281 290 14 14
281 292 14 14
281 293 14 14
281 296 14 14
282 296 14 14
282 294 14 14
282 299 14 14
282 289 14 14
283 292 14 14
283 297 14 14
283 291 14 14
283 288 14 14
304 300 15 15
304 301 15 15
304 303 15 15
304 302 15 15
305 303 15 15
305 302 15 15
305 300 15 15
305 301 15 15
306 301 15 15
306 303 15 15
306 300 15 15
306 305 15 15
307 305 15 15
307 300 15 15
307 306 15 15
307 301 15 15
308 306 15 15
308 305 15 15
308 307 15 15
308 302 15 15
309 304 15 15
309 301 15 15
309 306 15 15
309 300 15 15
310 306 15 15
310 309 15 15
310 308 15 15
310 307 15 15
311 305 15 15
311 310 15 15
311 306 15 15
311 307 15 15
312 310 15 15
312 309 15 15
312 300 15 15
312 305 15 15
313 308 15 15
313 302 15 15
313 309 15 15
313 306 15 15
314 302 15 15
314 310 15 15
314 305 15 15
314 308 15 15
315 312 15 15
315 303 15 15
315 308 15 15
315 300 15 15
316 310 15 15
316 305 15 15
316 313 15 15
316 300 15 15
317 307 15 15
317 301 15 15
317 313 15 15
317 308 15 15
318 311 15 15
318 308 15 15
318 317 15 15
318 314 15 15
319 312 15 15
319 302 15 15
319 303 15 15
319 314 15 15
300 308 15 15
300 310 15 15
300 313 15 15
300 317 15 15
301 311 15 15
301 313 15 15
301 316 15 15
301 310 15 15
302 310 15 15
302 318 15 15
302 312 15 15
302 316 15 15
303 309 15 15
303 312 15 15
303 313 15 15
303 314 15 15
84 56 4 2
91 8 4 0
94 69 4 3
91 23 4 1
115 80 5 4
111 57 5 2
108 75 5 3
105 31 5 1
138 63 6 3
120 11 6 0
130 97 6 4
128 119 6 5
152 45 7 2
142 2 7 0
148 139 7 6
147 86 7 4
179 18 8 0
160 25 8 1
161 54 8 2
175 148 8 7
180 133 9 6
186 19 9 0
194 114 9 5
191 84 9 4
200 94 10 4
206 113 10 5
213 73 10 3
202 47 10 2
238 169 11 8
236 153 11 7
220 202 11 10
224 19 11 0
250 103 12 5
252 60 12 3
256 185 12 9
243 143 12 7
265 239 13 11
276 0 13 0
263 127 13 6
273 62 13 3
299 93 14 4
287 43 14 2
299 251 14 12
289 213 14 10
317 98 15 4
313 230 15 11
319 14 15 0
317 249 15 12
11 257 0 12
17 201 0 10
4 101 0 5
5 282 0 14
25 186 1 9
35 203 1 10
25 128 1 6
30 156 1 7
53 233 2 11
57 250 2 12
54 194 2 9
56 136 2 6
66 310 3 15
75 228 3 11
60 189 3 9
71 161 3 8
