swNum = 320
edgeNum = 1344

0 0
1 0
2 0
3 0
4 0
5 0
6 0
7 0
8 0
9 0
10 0
11 0
12 0
13 0
14 0
15 0
16 0
17 0
18 0
19 0
20 1
21 1
22 1
23 1
24 1
25 1
26 1
27 1
28 1
29 1
30 1
31 1
32 1
33 1
34 1
35 1
36 1
37 1
38 1
39 1
40 2
41 2
42 2
43 2
44 2
45 2
46 2
47 2
48 2
49 2
50 2
51 2
52 2
53 2
54 2
55 2
56 2
57 2
58 2
59 2
60 3
61 3
62 3
63 3
64 3
65 3
66 3
67 3
68 3
69 3
70 3
71 3
72 3
73 3
74 3
75 3
76 3
77 3
78 3
79 3
80 4
81 4
82 4
83 4
84 4
85 4
86 4
87 4
88 4
89 4
90 4
91 4
92 4
93 4
94 4
95 4
96 4
97 4
98 4
99 4
100 5
101 5
102 5
103 5
104 5
105 5
106 5
107 5
108 5
109 5
110 5
111 5
112 5
113 5
114 5
115 5
116 5
117 5
118 5
119 5
120 6
121 6
122 6
123 6
124 6
125 6
126 6
127 6
128 6
129 6
130 6
131 6
132 6
133 6
134 6
135 6
136 6
137 6
138 6
139 6
140 7
141 7
142 7
143 7
144 7
145 7
146 7
147 7
148 7
149 7
150 7
151 7
152 7
153 7
154 7
155 7
156 7
157 7
158 7
159 7
160 8
161 8
162 8
163 8
164 8
165 8
166 8
167 8
168 8
169 8
170 8
171 8
172 8
173 8
174 8
175 8
176 8
177 8
178 8
179 8
180 9
181 9
182 9
183 9
184 9
185 9
186 9
187 9
188 9
189 9
190 9
191 9
192 9
193 9
194 9
195 9
196 9
197 9
198 9
199 9
200 10
201 10
202 10
203 10
204 10
205 10
206 10
207 10
208 10
209 10
210 10
211 10
212 10
213 10
214 10
215 10
216 10
217 10
218 10
219 10
220 11
221 11
222 11
223 11
224 11
225 11
226 11
227 11
228 11
229 11
230 11
231 11
232 11
233 11
234 11
235 11
236 11
237 11
238 11
239 11
240 12
241 12
242 12
243 12
244 12
245 12
246 12
247 12
248 12
249 12
250 12
251 12
252 12
253 12
254 12
255 12
256 12
257 12
258 12
259 12
260 13
261 13
262 13
263 13
264 13
265 13
266 13
267 13
268 13
269 13
270 13
271 13
272 13
273 13
274 13
275 13
276 13
277 13
278 13
279 13
280 14
281 14
282 14
283 14
284 14
285 14
286 14
287 14
288 14
289 14
290 14
291 14
292 14
293 14
294 14
295 14
296 14
297 14
298 14
299 14
300 15
301 15
302 15
303 15
304 15
305 15
306 15
307 15
308 15
309 15
310 15
311 15
312 15
313 15
314 15
315 15
316 15
317 15
318 15
319 15

4 2 0 0
4 0 0 0
4 1 0 0
4 3 0 0
5 1 0 0
5 4 0 0
5 0 0 0
5 3 0 0
6 5 0 0
6 1 0 0
6 3 0 0
6 4 0 0
7 3 0 0
7 2 0 0
7 1 0 0
7 5 0 0
8 1 0 0
8 0 0 0
8 2 0 0
8 6 0 0
9 3 0 0
9 5 0 0
9 8 0 0
9 1 0 0
10 7 0 0
10 2 0 0
10 0 0 0
10 6 0 0
11 3 0 0
11 0 0 0
11 5 0 0
11 2 0 0
12 2 0 0
12 11 0 0
12 0 0 0
12 10 0 0
13 8 0 0
13 11 0 0
13 2 0 0
13 10 0 0
14 13 0 0
14 6 0 0
14 5 0 0
14 1 0 0
15 9 0 0
15 14 0 0
15 3 0 0
15 5 0 0
16 13 0 0
16 1 0 0
16 12 0 0
16 10 0 0
17 7 0 0
17 11 0 0
17 16 0 0
17 14 0 0
18 13 0 0
18 3 0 0
18 10 0 0
18 7 0 0
19 4 0 0
19 10 0 0
19 9 0 0
19 12 0 0
0 19 0 0
0 13 0 0
0 17 0 0
0 14 0 0
1 11 0 0
1 15 0 0
1 13 0 0
1 17 0 0
2 15 0 0
2 17 0 0
2 19 0 0
2 5 0 0
3 14 0 0
3 19 0 0
3 16 0 0
3 17 0 0
24 20 1 1
24 22 1 1
24 23 1 1
24 21 1 1
25 21 1 1
25 20 1 1
25 22 1 1
25 24 1 1
26 24 1 1
26 22 1 1
26 21 1 1
26 20 1 1
27 21 1 1
27 25 1 1
27 20 1 1
27 23 1 1
28 22 1 1
28 21 1 1
28 24 1 1
28 26 1 1
29 24 1 1
29 26 1 1
29 21 1 1
29 22 1 1
30 24 1 1
30 23 1 1
30 22 1 1
30 28 1 1
31 25 1 1
31 26 1 1
31 22 1 1
31 20 1 1
32 22 1 1
32 31 1 1
32 27 1 1
32 25 1 1
33 31 1 1
33 22 1 1
33 24 1 1
33 29 1 1
34 20 1 1
34 29 1 1
34 24 1 1
34 21 1 1
35 31 1 1
35 29 1 1
35 27 1 1
35 28 1 1
36 21 1 1
36 27 1 1
36 22 1 1
36 35 1 1
37 20 1 1
37 25 1 1
37 29 1 1
37 34 1 1
38 24 1 1
38 25 1 1
38 29 1 1
38 23 1 1
39 31 1 1
39 28 1 1
39 36 1 1
39 29 1 1
20 33 1 1
20 36 1 1
20 30 1 1
20 28 1 1
21 38 1 1
21 31 1 1
21 39 1 1
21 32 1 1
22 27 1 1
22 34 1 1
22 35 1 1
22 39 1 1
23 34 1 1
23 39 1 1
23 26 1 1
23 28 1 1
44 40 2 2
44 42 2 2
44 41 2 2
44 43 2 2
45 44 2 2
45 42 2 2
45 40 2 2
45 43 2 2
46 42 2 2
46 40 2 2
46 43 2 2
46 45 2 2
47 45 2 2
47 46 2 2
47 43 2 2
47 40 2 2
48 40 2 2
48 47 2 2
48 44 2 2
48 45 2 2
49 47 2 2
49 40 2 2
49 46 2 2
49 42 2 2
50 43 2 2
50 44 2 2
50 41 2 2
50 42 2 2
51 43 2 2
51 48 2 2
51 50 2 2
51 46 2 2
52 50 2 2
52 51 2 2
52 48 2 2
52 47 2 2
53 52 2 2
53 47 2 2
53 46 2 2
53 40 2 2
54 53 2 2
54 49 2 2
54 40 2 2
54 48 2 2
55 41 2 2
55 52 2 2
55 51 2 2
55 50 2 2
56 40 2 2
56 54 2 2
56 47 2 2
56 46 2 2
57 42 2 2
57 43 2 2
57 55 2 2
57 41 2 2
58 50 2 2
58 47 2 2
58 42 2 2
58 41 2 2
59 48 2 2
59 45 2 2
59 49 2 2
59 40 2 2
40 52 2 2
40 55 2 2
40 50 2 2
40 51 2 2
41 59 2 2
41 51 2 2
41 46 2 2
41 47 2 2
42 52 2 2
42 47 2 2
42 51 2 2
42 48 2 2
43 52 2 2
43 58 2 2
43 55 2 2
43 49 2 2
64 60 3 3
64 62 3 3
64 63 3 3
64 61 3 3
65 63 3 3
65 62 3 3
65 60 3 3
65 61 3 3
66 60 3 3
66 63 3 3
66 64 3 3
66 61 3 3
67 64 3 3
67 61 3 3
67 66 3 3
67 60 3 3
68 63 3 3
68 65 3 3
68 62 3 3
68 61 3 3
69 65 3 3
69 63 3 3
69 60 3 3
69 68 3 3
70 67 3 3
70 64 3 3
70 65 3 3
70 62 3 3
71 64 3 3
71 60 3 3
71 67 3 3
71 70 3 3
72 65 3 3
72 71 3 3
72 67 3 3
72 69 3 3
73 64 3 3
73 66 3 3
73 69 3 3
73 63 3 3
74 72 3 3
74 66 3 3
74 67 3 3
74 69 3 3
75 70 3 3
75 64 3 3
75 67 3 3
75 72 3 3
76 60 3 3
76 67 3 3
76 70 3 3
76 62 3 3
77 72 3 3
77 64 3 3
77 61 3 3
77 67 3 3
78 75 3 3
78 60 3 3
78 65 3 3
78 67 3 3
79 72 3 3
79 76 3 3
79 71 3 3
79 70 3 3
60 77 3 3
60 73 3 3
60 74 3 3
60 79 3 3
61 79 3 3
61 73 3 3
61 69 3 3
61 74 3 3
62 71 3 3
62 77 3 3
62 74 3 3
62 72 3 3
63 72 3 3
63 67 3 3
63 75 3 3
63 71 3 3
84 81 4 4
84 80 4 4
84 83 4 4
84 82 4 4
85 83 4 4
85 84 4 4
85 80 4 4
85 82 4 4
86 85 4 4
86 83 4 4
86 80 4 4
86 81 4 4
87 85 4 4
87 82 4 4
87 83 4 4
87 81 4 4
88 85 4 4
88 82 4 4
88 86 4 4
88 81 4 4
89 84 4 4
89 86 4 4
89 83 4 4
89 80 4 4
90 88 4 4
90 86 4 4
90 83 4 4
90 85 4 4
91 80 4 4
91 87 4 4
91 85 4 4
91 89 4 4
92 82 4 4
92 88 4 4
92 87 4 4
92 83 4 4
93 83 4 4
93 87 4 4
93 88 4 4
93 82 4 4
94 93 4 4
94 86 4 4
94 90 4 4
94 91 4 4
95 92 4 4
95 82 4 4
95 93 4 4
95 86 4 4
96 84 4 4
96 91 4 4
96 94 4 4
96 89 4 4
97 95 4 4
97 87 4 4
97 93 4 4
97 91 4 4
98 89 4 4
98 82 4 4
98 88 4 4
98 94 4 4
99 92 4 4
99 88 4 4
99 81 4 4
99 89 4 4
80 96 4 4
80 97 4 4
80 99 4 4
80 98 4 4
81 97 4 4
81 92 4 4
81 93 4 4
81 95 4 4
82 97 4 4
82 89 4 4
82 96 4 4
82 99 4 4
83 94 4 4
83 99 4 4
83 88 4 4
83 98 4 4
104 100 5 5
104 103 5 5
104 101 5 5
104 102 5 5
105 103 5 5
105 102 5 5
105 104 5 5
105 100 5 5
106 103 5 5
106 105 5 5
106 100 5 5
106 102 5 5
107 103 5 5
107 106 5 5
107 101 5 5
107 100 5 5
108 101 5 5
108 106 5 5
108 107 5 5
108 102 5 5
109 107 5 5
109 108 5 5
109 103 5 5
109 106 5 5
110 101 5 5
110 107 5 5
110 105 5 5
110 109 5 5
111 103 5 5
111 105 5 5
111 106 5 5
111 107 5 5
112 102 5 5
112 100 5 5
112 109 5 5
112 107 5 5
113 100 5 5
113 107 5 5
113 111 5 5
113 101 5 5
114 107 5 5
114 113 5 5
114 108 5 5
114 111 5 5
115 112 5 5
115 101 5 5
115 102 5 5
115 105 5 5
116 104 5 5
116 112 5 5
116 111 5 5
116 109 5 5
117 115 5 5
117 116 5 5
117 105 5 5
117 104 5 5
118 106 5 5
118 116 5 5
118 109 5 5
118 112 5 5
119 118 5 5
119 112 5 5
119 105 5 5
119 102 5 5
100 114 5 5
100 116 5 5
100 118 5 5
100 115 5 5
101 111 5 5
101 117 5 5
101 106 5 5
101 114 5 5
102 118 5 5
102 111 5 5
102 110 5 5
102 109 5 5
103 117 5 5
103 118 5 5
103 112 5 5
103 119 5 5
124 123 6 6
124 122 6 6
124 121 6 6
124 120 6 6
125 124 6 6
125 123 6 6
125 121 6 6
125 120 6 6
126 125 6 6
126 122 6 6
126 123 6 6
126 121 6 6
127 120 6 6
127 124 6 6
127 121 6 6
127 125 6 6
128 127 6 6
128 123 6 6
128 120 6 6
128 124 6 6
129 120 6 6
129 123 6 6
129 128 6 6
129 125 6 6
130 124 6 6
130 122 6 6
130 127 6 6
130 128 6 6
131 126 6 6
131 122 6 6
131 123 6 6
131 128 6 6
132 126 6 6
132 125 6 6
132 122 6 6
132 124 6 6
133 121 6 6
133 124 6 6
133 125 6 6
133 123 6 6
134 123 6 6
134 121 6 6
134 128 6 6
134 131 6 6
135 128 6 6
135 127 6 6
135 125 6 6
135 132 6 6
136 128 6 6
136 123 6 6
136 134 6 6
136 130 6 6
137 126 6 6
137 122 6 6
137 129 6 6
137 133 6 6
138 136 6 6
138 128 6 6
138 129 6 6
138 137 6 6
139 130 6 6
139 128 6 6
139 131 6 6
139 129 6 6
120 136 6 6
120 135 6 6
120 137 6 6
120 139 6 6
121 137 6 6
121 139 6 6
121 132 6 6
121 136 6 6
122 133 6 6
122 129 6 6
122 135 6 6
122 136 6 6
123 132 6 6
123 137 6 6
123 139 6 6
123 127 6 6
144 143 7 7
144 141 7 7
144 140 7 7
144 142 7 7
145 140 7 7
145 141 7 7
145 143 7 7
145 142 7 7
146 140 7 7
146 142 7 7
146 143 7 7
146 141 7 7
147 145 7 7
147 140 7 7
147 144 7 7
147 143 7 7
148 141 7 7
148 146 7 7
148 144 7 7
148 145 7 7
149 144 7 7
149 146 7 7
149 140 7 7
149 141 7 7
150 141 7 7
150 144 7 7
150 145 7 7
150 146 7 7
151 146 7 7
151 149 7 7
151 144 7 7
151 140 7 7
152 149 7 7
152 141 7 7
152 148 7 7
152 143 7 7
153 145 7 7
153 150 7 7
153 146 7 7
153 147 7 7
154 141 7 7
154 145 7 7
154 140 7 7
154 150 7 7
155 150 7 7
155 153 7 7
155 140 7 7
155 148 7 7
156 153 7 7
156 155 7 7
156 147 7 7
156 142 7 7
157 151 7 7
157 140 7 7
157 141 7 7
157 152 7 7
158 153 7 7
158 151 7 7
158 155 7 7
158 145 7 7
159 149 7 7
159 152 7 7
159 157 7 7
159 151 7 7
140 156 7 7
140 150 7 7
140 158 7 7
140 153 7 7
141 151 7 7
141 153 7 7
141 158 7 7
141 156 7 7
142 148 7 7
142 149 7 7
142 158 7 7
142 159 7 7
143 150 7 7
143 156 7 7
143 148 7 7
143 153 7 7
164 160 8 8
164 163 8 8
164 162 8 8
164 161 8 8
165 164 8 8
165 160 8 8
165 163 8 8
165 161 8 8
166 164 8 8
166 163 8 8
166 165 8 8
166 160 8 8
167 164 8 8
167 163 8 8
167 160 8 8
167 166 8 8
168 165 8 8
168 167 8 8
168 161 8 8
168 160 8 8
169 165 8 8
169 164 8 8
169 160 8 8
169 168 8 8
170 165 8 8
170 164 8 8
170 160 8 8
170 168 8 8
171 169 8 8
171 165 8 8
171 168 8 8
171 160 8 8
172 170 8 8
172 164 8 8
172 161 8 8
172 162 8 8
173 166 8 8
173 169 8 8
173 167 8 8
173 162 8 8
174 168 8 8
174 165 8 8
174 163 8 8
174 169 8 8
175 163 8 8
175 174 8 8
175 161 8 8
175 172 8 8
176 172 8 8
176 162 8 8
176 160 8 8
176 164 8 8
177 166 8 8
177 160 8 8
177 168 8 8
177 175 8 8
178 163 8 8
178 172 8 8
178 176 8 8
178 167 8 8
179 171 8 8
179 175 8 8
179 169 8 8
179 161 8 8
160 172 8 8
160 179 8 8
160 173 8 8
160 174 8 8
161 170 8 8
161 171 8 8
161 177 8 8
161 174 8 8
162 177 8 8
162 178 8 8
162 165 8 8
162 166 8 8
163 170 8 8
163 168 8 8
163 172 8 8
163 169 8 8
184 182 9 9
184 180 9 9
184 183 9 9
184 181 9 9
185 181 9 9
185 183 9 9
185 182 9 9
185 180 9 9
186 185 9 9
186 183 9 9
186 180 9 9
186 181 9 9
187 184 9 9
187 185 9 9
187 181 9 9
187 180 9 9
188 185 9 9
188 184 9 9
188 187 9 9
188 180 9 9
189 185 9 9
189 188 9 9
189 180 9 9
189 186 9 9
190 189 9 9
190 186 9 9
190 185 9 9
190 180 9 9
191 188 9 9
191 180 9 9
191 182 9 9
191 183 9 9
192 186 9 9
192 185 9 9
192 190 9 9
192 189 9 9
193 187 9 9
193 185 9 9
193 184 9 9
193 190 9 9
194 193 9 9
194 192 9 9
194 184 9 9
194 187 9 9
195 188 9 9
195 186 9 9
195 180 9 9
195 189 9 9
196 180 9 9
196 183 9 9
196 182 9 9
196 181 9 9
197 191 9 9
197 180 9 9
197 185 9 9
197 190 9 9
198 186 9 9
198 190 9 9
198 192 9 9
198 180 9 9
199 186 9 9
199 185 9 9
199 188 9 9
199 193 9 9
180 192 9 9
180 199 9 9
180 194 9 9
180 193 9 9
181 193 9 9
181 197 9 9
181 199 9 9
181 188 9 9
182 195 9 9
182 194 9 9
182 197 9 9
182 187 9 9
183 197 9 9
183 199 9 9
183 194 9 9
183 190 9 9
204 201 10 10
204 200 10 10
204 203 10 10
204 202 10 10
205 200 10 10
205 204 10 10
205 202 10 10
205 203 10 10
206 201 10 10
206 203 10 10
206 205 10 10
206 200 10 10
207 204 10 10
207 202 10 10
207 205 10 10
207 203 10 10
208 203 10 10
208 204 10 10
208 207 10 10
208 202 10 10
209 207 10 10
209 204 10 10
209 205 10 10
209 208 10 10
210 201 10 10
210 207 10 10
210 209 10 10
210 208 10 10
211 205 10 10
211 210 10 10
211 207 10 10
211 204 10 10
212 208 10 10
212 201 10 10
212 206 10 10
212 203 10 10
213 209 10 10
213 202 10 10
213 205 10 10
213 206 10 10
214 205 10 10
214 206 10 10
214 209 10 10
214 207 10 10
215 206 10 10
215 211 10 10
215 210 10 10
215 207 10 10
216 208 10 10
216 203 10 10
216 204 10 10
216 207 10 10
217 207 10 10
217 203 10 10
217 209 10 10
217 208 10 10
218 213 10 10
218 211 10 10
218 210 10 10
218 212 10 10
219 207 10 10
219 214 10 10
219 210 10 10
219 209 10 10
200 211 10 10
200 209 10 10
200 219 10 10
200 215 10 10
201 218 10 10
201 205 10 10
201 213 10 10
201 217 10 10
202 209 10 10
202 215 10 10
202 210 10 10
202 219 10 10
203 209 10 10
203 213 10 10
203 210 10 10
203 219 10 10
224 221 11 11
224 223 11 11
224 220 11 11
224 222 11 11
225 222 11 11
225 221 11 11
225 223 11 11
225 224 11 11
226 224 11 11
226 223 11 11
226 221 11 11
226 220 11 11
227 225 11 11
227 223 11 11
227 221 11 11
227 220 11 11
228 221 11 11
228 222 11 11
228 225 11 11
228 223 11 11
229 221 11 11
229 228 11 11
229 223 11 11
229 225 11 11
230 223 11 11
230 227 11 11
230 222 11 11
230 221 11 11
231 226 11 11
231 220 11 11
231 229 11 11
231 224 11 11
232 222 11 11
232 229 11 11
232 225 11 11
232 221 11 11
233 224 11 11
233 230 11 11
233 222 11 11
233 231 11 11
234 227 11 11
234 229 11 11
234 222 11 11
234 226 11 11
235 226 11 11
235 224 11 11
235 228 11 11
235 232 11 11
236 227 11 11
236 235 11 11
236 224 11 11
236 233 11 11
237 232 11 11
237 225 11 11
237 229 11 11
237 223 11 11
238 232 11 11
238 237 11 11
238 223 11 11
238 224 11 11
239 226 11 11
239 222 11 11
239 220 11 11
239 238 11 11
220 235 11 11
220 237 11 11
220 233 11 11
220 229 11 11
221 236 11 11
221 237 11 11
221 239 11 11
221 234 11 11
222 229 11 11
222 235 11 11
222 238 11 11
222 236 11 11
223 236 11 11
223 234 11 11
223 239 11 11
223 232 11 11
244 242 12 12
244 241 12 12
244 240 12 12
244 243 12 12
245 240 12 12
245 242 12 12
245 244 12 12
245 241 12 12
246 243 12 12
246 242 12 12
246 245 12 12
246 240 12 12
247 240 12 12
247 244 12 12
247 243 12 12
247 241 12 12
248 240 12 12
248 246 12 12
248 247 12 12
248 242 12 12
249 241 12 12
249 245 12 12
249 242 12 12
249 248 12 12
250 249 12 12
250 244 12 12
250 241 12 12
250 242 12 12
251 246 12 12
251 247 12 12
251 248 12 12
251 249 12 12
252 249 12 12
252 242 12 12
252 241 12 12
252 245 12 12
253 246 12 12
253 248 12 12
253 247 12 12
253 251 12 12
254 246 12 12
254 240 12 12
254 250 12 12
254 251 12 12
255 251 12 12
255 243 12 12
255 248 12 12
255 240 12 12
256 250 12 12
256 253 12 12
256 241 12 12
256 255 12 12
257 251 12 12
257 250 12 12
257 242 12 12
257 252 12 12
258 256 12 12
258 255 12 12
258 257 12 12
258 247 12 12
259 240 12 12
259 252 12 12
259 244 12 12
259 251 12 12
240 256 12 12
240 249 12 12
240 252 12 12
240 257 12 12
241 257 12 12
241 258 12 12
241 248 12 12
241 254 12 12
242 247 12 12
242 259 12 12
242 251 12 12
242 254 12 12
243 251 12 12
243 256 12 12
243 253 12 12
243 249 12 12
264 262 13 13
264 261 13 13
264 260 13 13
264 263 13 13
265 262 13 13
265 260 13 13
265 261 13 13
265 263 13 13
266 263 13 13
266 262 13 13
266 260 13 13
266 265 13 13
267 260 13 13
267 265 13 13
267 261 13 13
267 266 13 13
268 264 13 13
268 266 13 13
268 262 13 13
268 263 13 13
269 266 13 13
269 260 13 13
269 268 13 13
269 261 13 13
270 268 13 13
270 262 13 13
270 264 13 13
270 269 13 13
271 265 13 13
271 263 13 13
271 270 13 13
271 269 13 13
272 266 13 13
272 265 13 13
272 271 13 13
272 264 13 13
273 270 13 13
273 271 13 13
273 268 13 13
273 263 13 13
274 260 13 13
274 267 13 13
274 265 13 13
274 263 13 13
275 260 13 13
275 262 13 13
275 263 13 13
275 266 13 13
276 274 13 13
276 261 13 13
276 260 13 13
276 267 13 13
277 263 13 13
277 273 13 13
277 268 13 13
277 266 13 13
278 264 13 13
278 267 13 13
278 276 13 13
278 260 13 13
279 260 13 13
279 272 13 13
279 266 13 13
279 261 13 13
260 268 13 13
260 277 13 13
260 271 13 13
260 270 13 13
261 266 13 13
261 277 13 13
261 274 13 13
261 275 13 13
262 274 13 13
262 279 13 13
262 277 13 13
262 269 13 13
263 267 13 13
263 276 13 13
263 279 13 13
263 278 13 13
284 281 14 14
284 280 14 14
284 283 14 14
284 282 14 14
285 280 14 14
285 282 14 14
285 283 14 14
285 284 14 14
286 285 14 14
286 282 14 14
286 284 14 14
286 281 14 14
287 283 14 14
287 284 14 14
287 281 14 14
287 282 14 14
288 285 14 14
288 286 14 14
288 280 14 14
288 287 14 14
289 281 14 14
289 282 14 14
289 288 14 14
289 285 14 14
290 285 14 14
290 282 14 14
290 280 14 14
290 286 14 14
291 283 14 14
291 286 14 14
291 280 14 14
291 290 14 14
292 287 14 14
292 283 14 14
292 284 14 14
292 288 14 14
293 287 14 14
293 282 14 14
293 289 14 14
293 286 14 14
294 283 14 14
294 282 14 14
294 288 14 14
294 284 14 14
295 281 14 14
295 282 14 14
295 289 14 14
295 280 14 14
296 289 14 14
296 288 14 14
296 286 14 14
296 294 14 14
297 290 14 14
297 282 14 14
297 288 14 14
297 294 14 14
298 290 14 14
298 293 14 14
298 292 14 14
298 280 14 14
299 288 14 14
299 295 14 14
299 297 14 14
299 287 14 14
280 296 14 14
280 297 14 14
280 294 14 14
280 299 14 14
281 296 14 14
281 294 14 14
281 285 14 14
281 299 14 14
282 296 14 14
282 288 14 14
282 299 14 14
282 291 14 14
283 296 14 14
283 290 14 14
283 297 14 14
283 286 14 14
304 301 15 15
304 303 15 15
304 300 15 15
304 302 15 15
305 302 15 15
305 300 15 15
305 304 15 15
305 303 15 15
306 305 15 15
306 300 15 15
306 303 15 15
306 304 15 15
307 302 15 15
307 306 15 15
307 304 15 15
307 301 15 15
308 307 15 15
308 305 15 15
308 306 15 15
308 302 15 15
309 305 15 15
309 308 15 15
309 302 15 15
309 300 15 15
310 303 15 15
310 302 15 15
310 301 15 15
310 306 15 15
311 309 15 15
311 307 15 15
311 306 15 15
311 308 15 15
312 306 15 15
312 303 15 15
312 300 15 15
312 310 15 15
313 305 15 15
313 312 15 15
313 308 15 15
313 307 15 15
314 309 15 15
314 307 15 15
314 310 15 15
314 311 15 15
315 301 15 15
315 310 15 15
315 302 15 15
315 303 15 15
316 313 15 15
316 309 15 15
316 304 15 15
316 302 15 15
317 316 15 15
317 314 15 15
317 308 15 15
317 305 15 15
318 305 15 15
318 313 15 15
318 301 15 15
318 303 15 15
319 304 15 15
319 310 15 15
319 316 15 15
319 307 15 15
300 319 15 15
300 316 15 15
300 318 15 15
300 315 15 15
301 311 15 15
301 306 15 15
301 317 15 15
301 319 15 15
302 314 15 15
302 318 15 15
302 313 15 15
302 311 15 15
303 319 15 15
303 308 15 15
303 307 15 15
303 311 15 15
91 5 4 0
83 43 4 2
83 24 4 1
89 65 4 3
108 54 5 2
107 79 5 3
113 28 5 1
116 99 5 4
120 93 6 4
127 72 6 3
124 11 6 0
130 30 6 1
147 126 7 6
153 31 7 1
157 57 7 2
141 10 7 0
161 29 8 1
177 89 8 4
160 54 8 2
163 5 8 0
191 78 9 3
195 163 9 8
199 58 9 2
181 87 9 4
205 126 10 6
215 63 10 3
213 142 10 7
207 53 10 2
224 149 11 7
225 112 11 5
236 179 11 8
227 41 11 2
241 129 12 6
247 114 12 5
241 12 12 0
249 210 12 10
261 88 13 4
270 104 13 5
268 213 13 10
276 139 13 6
283 56 14 2
281 200 14 10
280 65 14 3
294 144 14 7
316 204 15 10
301 70 15 3
313 114 15 5
315 234 15 11
10 295 0 14
2 185 0 9
16 266 0 13
5 111 0 5
28 192 1 9
35 295 1 14
27 240 1 12
25 271 1 13
40 313 2 15
42 124 2 6
45 256 2 12
40 264 2 13
76 279 3 13
63 236 3 11
79 171 3 8
70 152 3 7
