swNum = 320
edgeNum = 1344

0 0
1 0
2 0
3 0
4 0
5 0
6 0
7 0
8 0
9 0
10 0
11 0
12 0
13 0
14 0
15 0
16 0
17 0
18 0
19 0
20 1
21 1
22 1
23 1
24 1
25 1
26 1
27 1
28 1
29 1
30 1
31 1
32 1
33 1
34 1
35 1
36 1
37 1
38 1
39 1
40 2
41 2
42 2
43 2
44 2
45 2
46 2
47 2
48 2
49 2
50 2
51 2
52 2
53 2
54 2
55 2
56 2
57 2
58 2
59 2
60 3
61 3
62 3
63 3
64 3
65 3
66 3
67 3
68 3
69 3
70 3
71 3
72 3
73 3
74 3
75 3
76 3
77 3
78 3
79 3
80 4
81 4
82 4
83 4
84 4
85 4
86 4
87 4
88 4
89 4
90 4
91 4
92 4
93 4
94 4
95 4
96 4
97 4
98 4
99 4
100 5
101 5
102 5
103 5
104 5
105 5
106 5
107 5
108 5
109 5
110 5
111 5
112 5
113 5
114 5
115 5
116 5
117 5
118 5
119 5
120 6
121 6
122 6
123 6
124 6
125 6
126 6
127 6
128 6
129 6
130 6
131 6
132 6
133 6
134 6
135 6
136 6
137 6
138 6
139 6
140 7
141 7
142 7
143 7
144 7
145 7
146 7
147 7
148 7
149 7
150 7
151 7
152 7
153 7
154 7
155 7
156 7
157 7
158 7
159 7
160 8
161 8
162 8
163 8
164 8
165 8
166 8
167 8
168 8
169 8
170 8
171 8
172 8
173 8
174 8
175 8
176 8
177 8
178 8
179 8
180 9
181 9
182 9
183 9
184 9
185 9
186 9
187 9
188 9
189 9
190 9
191 9
192 9
193 9
194 9
195 9
196 9
197 9
198 9
199 9
200 10
201 10
202 10
203 10
204 10
205 10
206 10
207 10
208 10
209 10
210 10
211 10
212 10
213 10
214 10
215 10
216 10
217 10
218 10
219 10
220 11
221 11
222 11
223 11
224 11
225 11
226 11
227 11
228 11
229 11
230 11
231 11
232 11
233 11
234 11
235 11
236 11
237 11
238 11
239 11
240 12
241 12
242 12
243 12
244 12
245 12
246 12
247 12
248 12
249 12
250 12
251 12
252 12
253 12
254 12
255 12
256 12
257 12
258 12
259 12
260 13
261 13
262 13
263 13
264 13
265 13
266 13
267 13
268 13
269 13
270 13
271 13
272 13
273 13
274 13
275 13
276 13
277 13
278 13
279 13
280 14
281 14
282 14
283 14
284 14
285 14
286 14
287 14
288 14
289 14
290 14
291 14
292 14
293 14
294 14
295 14
296 14
297 14
298 14
299 14
300 15
301 15
302 15
303 15
304 15
305 15
306 15
307 15
308 15
309 15
310 15
311 15
312 15
313 15
314 15
315 15
316 15
317 15
318 15
319 15

4 0 0 0
4 1 0 0
4 2 0 0
4 3 0 0
5 0 0 0
5 3 0 0
5 2 0 0
5 4 0 0
6 5 0 0
6 2 0 0
6 1 0 0
6 3 0 0
7 6 0 0
7 3 0 0
7 2 0 0
7 1 0 0
8 7 0 0
8 4 0 0
8 0 0 0
8 1 0 0
9 6 0 0
9 0 0 0
9 8 0 0
9 7 0 0
10 8 0 0
10 4 0 0
10 0 0 0
10 9 0 0
11 9 0 0
11 6 0 0
11 1 0 0
11 2 0 0
12 8 0 0
12 4 0 0
12 3 0 0
12 1 0 0
13 11 0 0
13 8 0 0
13 6 0 0
13 12 0 0
14 1 0 0
14 3 0 0
14 9 0 0
14 7 0 0
15 4 0 0
15 2 0 0
15 13 0 0
15 7 0 0
16 7 0 0
16 5 0 0
16 12 0 0
16 6 0 0
17 11 0 0
17 3 0 0
17 10 0 0
17 5 0 0
18 11 0 0
18 15 0 0
18 16 0 0
18 1 0 0
19 18 0 0
19 7 0 0
19 12 0 0
19 10 0 0
0 12 0 0
0 13 0 0
0 19 0 0
0 7 0 0
1 13 0 0
1 9 0 0
1 10 0 0
1 16 0 0
2 18 0 0
2 19 0 0
2 12 0 0
2 16 0 0
3 9 0 0
3 10 0 0
3 19 0 0
3 13 0 0
24 20 1 1
24 21 1 1
24 23 1 1
24 22 1 1
25 21 1 1
25 20 1 1
25 22 1 1
25 24 1 1
26 25 1 1
26 24 1 1
26 22 1 1
26 21 1 1
27 24 1 1
27 26 1 1
27 23 1 1
27 21 1 1
28 24 1 1
28 23 1 1
28 20 1 1
28 27 1 1
29 25 1 1
29 22 1 1
29 26 1 1
29 28 1 1
30 29 1 1
30 26 1 1
30 22 1 1
30 25 1 1
31 27 1 1
31 21 1 1
31 24 1 1
31 29 1 1
32 25 1 1
32 22 1 1
32 31 1 1
32 21 1 1
33 23 1 1
33 27 1 1
33 28 1 1
33 26 1 1
34 27 1 1
34 24 1 1
34 20 1 1
34 31 1 1
35 25 1 1
35 24 1 1
35 22 1 1
35 29 1 1
36 28 1 1
36 21 1 1
36 31 1 1
36 27 1 1
37 25 1 1
37 20 1 1
37 26 1 1
37 24 1 1
38 23 1 1
38 33 1 1
38 27 1 1
38 34 1 1
39 37 1 1
39 36 1 1
39 33 1 1
39 27 1 1
20 33 1 1
20 38 1 1
20 29 1 1
20 35 1 1
21 34 1 1
21 39 1 1
21 30 1 1
21 35 1 1
22 38 1 1
22 36 1 1
22 31 1 1
22 28 1 1
23 26 1 1
23 39 1 1
23 29 1 1
23 36 1 1
44 41 2 2
44 40 2 2
44 43 2 2
44 42 2 2
45 40 2 2
45 43 2 2
45 44 2 2
45 41 2 2
46 43 2 2
46 45 2 2
46 42 2 2
46 40 2 2
47 41 2 2
47 43 2 2
47 44 2 2
47 46 2 2
48 40 2 2
48 43 2 2
48 41 2 2
48 46 2 2
49 48 2 2
49 45 2 2
49 42 2 2
49 46 2 2
50 48 2 2
50 43 2 2
50 44 2 2
50 46 2 2
51 45 2 2
51 43 2 2
51 46 2 2
51 48 2 2
52 47 2 2
52 41 2 2
52 49 2 2
52 40 2 2
53 40 2 2
53 45 2 2
53 51 2 2
53 47 2 2
54 44 2 2
54 40 2 2
54 50 2 2
54 41 2 2
55 45 2 2
55 50 2 2
55 44 2 2
55 41 2 2
56 45 2 2
56 48 2 2
56 46 2 2
56 51 2 2
57 54 2 2
57 52 2 2
57 55 2 2
57 45 2 2
58 57 2 2
58 51 2 2
58 45 2 2
58 43 2 2
59 47 2 2
59 51 2 2
59 50 2 2
59 48 2 2
40 59 2 2
40 47 2 2
40 50 2 2
40 49 2 2
41 59 2 2
41 57 2 2
41 53 2 2
41 46 2 2
42 50 2 2
42 47 2 2
42 58 2 2
42 45 2 2
43 57 2 2
43 56 2 2
43 54 2 2
43 49 2 2
64 61 3 3
64 60 3 3
64 63 3 3
64 62 3 3
65 64 3 3
65 63 3 3
65 61 3 3
65 60 3 3
66 63 3 3
66 64 3 3
66 60 3 3
66 65 3 3
67 66 3 3
67 60 3 3
67 64 3 3
67 65 3 3
68 63 3 3
68 65 3 3
68 66 3 3
68 62 3 3
69 63 3 3
69 67 3 3
69 62 3 3
69 66 3 3
70 67 3 3
70 64 3 3
70 60 3 3
70 63 3 3
71 63 3 3
71 70 3 3
71 66 3 3
71 62 3 3
72 62 3 3
72 61 3 3
72 67 3 3
72 71 3 3
73 71 3 3
73 63 3 3
73 61 3 3
73 64 3 3
74 60 3 3
74 73 3 3
74 71 3 3
74 70 3 3
75 62 3 3
75 65 3 3
75 72 3 3
75 60 3 3
76 68 3 3
76 64 3 3
76 69 3 3
76 66 3 3
77 69 3 3
77 76 3 3
77 71 3 3
77 67 3 3
78 74 3 3
78 73 3 3
78 77 3 3
78 70 3 3
79 67 3 3
79 63 3 3
79 73 3 3
79 77 3 3
60 69 3 3
60 71 3 3
60 73 3 3
60 78 3 3
61 70 3 3
61 79 3 3
61 78 3 3
61 71 3 3
62 65 3 3
62 73 3 3
62 79 3 3
62 78 3 3
63 74 3 3
63 78 3 3
63 67 3 3
63 76 3 3
84 80 4 4
84 81 4 4
84 82 4 4
84 83 4 4
85 83 4 4
85 84 4 4
85 82 4 4
85 81 4 4
86 80 4 4
86 82 4 4
86 81 4 4
86 83 4 4
87 80 4 4
87 85 4 4
87 81 4 4
87 82 4 4
88 81 4 4
88 84 4 4
88 85 4 4
88 80 4 4
89 88 4 4
89 82 4 4
89 86 4 4
89 85 4 4
90 83 4 4
90 85 4 4
90 80 4 4
90 81 4 4
91 90 4 4
91 82 4 4
91 88 4 4
91 86 4 4
92 87 4 4
92 90 4 4
92 83 4 4
92 85 4 4
93 81 4 4
93 84 4 4
93 80 4 4
93 90 4 4
94 93 4 4
94 87 4 4
94 81 4 4
94 83 4 4
95 82 4 4
95 83 4 4
95 92 4 4
95 80 4 4
96 81 4 4
96 89 4 4
96 80 4 4
96 88 4 4
97 85 4 4
97 88 4 4
97 96 4 4
97 91 4 4
98 93 4 4
98 94 4 4
98 85 4 4
98 80 4 4
99 83 4 4
99 92 4 4
99 85 4 4
99 89 4 4
80 94 4 4
80 91 4 4
80 99 4 4
80 89 4 4
81 89 4 4
81 91 4 4
81 92 4 4
81 98 4 4
82 99 4 4
82 98 4 4
82 88 4 4
82 97 4 4
83 97 4 4
83 96 4 4
83 89 4 4
83 87 4 4
104 103 5 5
104 101 5 5
104 102 5 5
104 100 5 5
105 103 5 5
105 104 5 5
105 102 5 5
105 101 5 5
106 104 5 5
106 105 5 5
106 101 5 5
106 103 5 5
107 101 5 5
107 104 5 5
107 100 5 5
107 105 5 5
108 102 5 5
108 100 5 5
108 107 5 5
108 105 5 5
109 108 5 5
109 100 5 5
109 104 5 5
109 102 5 5
110 106 5 5
110 102 5 5
110 103 5 5
110 109 5 5
111 100 5 5
111 107 5 5
111 109 5 5
111 101 5 5
112 108 5 5
112 100 5 5
112 106 5 5
112 105 5 5
113 109 5 5
113 108 5 5
113 103 5 5
113 107 5 5
114 106 5 5
114 101 5 5
114 108 5 5
114 103 5 5
115 110 5 5
115 103 5 5
115 104 5 5
115 112 5 5
116 112 5 5
116 102 5 5
116 107 5 5
116 101 5 5
117 109 5 5
117 103 5 5
117 105 5 5
117 106 5 5
118 104 5 5
118 100 5 5
118 102 5 5
118 117 5 5
119 111 5 5
119 114 5 5
119 105 5 5
119 107 5 5
100 119 5 5
100 115 5 5
100 106 5 5
100 114 5 5
101 119 5 5
101 113 5 5
101 115 5 5
101 112 5 5
102 114 5 5
102 117 5 5
102 111 5 5
102 112 5 5
103 118 5 5
103 109 5 5
103 116 5 5
103 111 5 5
124 121 6 6
124 122 6 6
124 120 6 6
124 123 6 6
125 123 6 6
125 124 6 6
125 122 6 6
125 121 6 6
126 121 6 6
126 125 6 6
126 123 6 6
126 122 6 6
127 125 6 6
127 121 6 6
127 122 6 6
127 120 6 6
128 121 6 6
128 125 6 6
128 122 6 6
128 123 6 6
129 126 6 6
129 125 6 6
129 121 6 6
129 122 6 6
130 120 6 6
130 128 6 6
130 126 6 6
130 121 6 6
131 121 6 6
131 126 6 6
131 128 6 6
131 120 6 6
132 125 6 6
132 128 6 6
132 126 6 6
132 131 6 6
133 130 6 6
133 121 6 6
133 123 6 6
133 120 6 6
134 131 6 6
134 123 6 6
134 128 6 6
134 132 6 6
135 133 6 6
135 130 6 6
135 123 6 6
135 134 6 6
136 129 6 6
136 131 6 6
136 125 6 6
136 134 6 6
137 132 6 6
137 127 6 6
137 131 6 6
137 121 6 6
138 132 6 6
138 127 6 6
138 137 6 6
138 136 6 6
139 134 6 6
139 135 6 6
139 121 6 6
139 129 6 6
120 132 6 6
120 137 6 6
120 136 6 6
120 125 6 6
121 132 6 6
121 138 6 6
121 136 6 6
121 134 6 6
122 131 6 6
122 137 6 6
122 133 6 6
122 132 6 6
123 136 6 6
123 130 6 6
123 131 6 6
123 132 6 6
144 141 7 7
144 140 7 7
144 142 7 7
144 143 7 7
145 140 7 7
145 144 7 7
145 141 7 7
145 142 7 7
146 143 7 7
146 142 7 7
146 140 7 7
146 145 7 7
147 142 7 7
147 146 7 7
147 145 7 7
147 140 7 7
148 141 7 7
148 142 7 7
148 143 7 7
148 144 7 7
149 141 7 7
149 145 7 7
149 144 7 7
149 140 7 7
150 148 7 7
150 144 7 7
150 140 7 7
150 149 7 7
151 141 7 7
151 150 7 7
151 145 7 7
151 149 7 7
152 143 7 7
152 148 7 7
152 142 7 7
152 141 7 7
153 152 7 7
153 143 7 7
153 141 7 7
153 148 7 7
154 150 7 7
154 151 7 7
154 142 7 7
154 146 7 7
155 152 7 7
155 142 7 7
155 148 7 7
155 147 7 7
156 141 7 7
156 144 7 7
156 145 7 7
156 148 7 7
157 150 7 7
157 140 7 7
157 146 7 7
157 154 7 7
158 145 7 7
158 149 7 7
158 152 7 7
158 157 7 7
159 145 7 7
159 156 7 7
159 151 7 7
159 154 7 7
140 152 7 7
140 156 7 7
140 155 7 7
140 154 7 7
141 146 7 7
141 155 7 7
141 158 7 7
141 154 7 7
142 153 7 7
142 149 7 7
142 157 7 7
142 158 7 7
143 155 7 7
143 145 7 7
143 157 7 7
143 151 7 7
164 161 8 8
164 163 8 8
164 162 8 8
164 160 8 8
165 164 8 8
165 160 8 8
165 161 8 8
165 163 8 8
166 162 8 8
166 165 8 8
166 160 8 8
166 163 8 8
167 166 8 8
167 162 8 8
167 163 8 8
167 160 8 8
168 163 8 8
168 166 8 8
168 161 8 8
168 167 8 8
169 165 8 8
169 161 8 8
169 168 8 8
169 164 8 8
170 166 8 8
170 167 8 8
170 169 8 8
170 168 8 8
171 165 8 8
171 168 8 8
171 161 8 8
171 162 8 8
172 162 8 8
172 166 8 8
172 170 8 8
172 160 8 8
173 164 8 8
173 160 8 8
173 171 8 8
173 169 8 8
174 169 8 8
174 167 8 8
174 166 8 8
174 168 8 8
175 166 8 8
175 162 8 8
175 163 8 8
175 170 8 8
176 167 8 8
176 166 8 8
176 163 8 8
176 170 8 8
177 175 8 8
177 169 8 8
177 165 8 8
177 168 8 8
178 176 8 8
178 175 8 8
178 163 8 8
178 170 8 8
179 169 8 8
179 174 8 8
179 165 8 8
179 172 8 8
160 174 8 8
160 171 8 8
160 175 8 8
160 168 8 8
161 173 8 8
161 170 8 8
161 177 8 8
161 178 8 8
162 178 8 8
162 170 8 8
162 176 8 8
162 174 8 8
163 169 8 8
163 172 8 8
163 177 8 8
163 173 8 8
184 183 9 9
184 181 9 9
184 182 9 9
184 180 9 9
185 182 9 9
185 184 9 9
185 180 9 9
185 181 9 9
186 180 9 9
186 182 9 9
186 181 9 9
186 184 9 9
187 181 9 9
187 185 9 9
187 186 9 9
187 183 9 9
188 180 9 9
188 185 9 9
188 186 9 9
188 183 9 9
189 182 9 9
189 185 9 9
189 186 9 9
189 180 9 9
190 185 9 9
190 186 9 9
190 182 9 9
190 187 9 9
191 187 9 9
191 183 9 9
191 181 9 9
191 180 9 9
192 187 9 9
192 188 9 9
192 180 9 9
192 189 9 9
193 184 9 9
193 185 9 9
193 181 9 9
193 189 9 9
194 185 9 9
194 181 9 9
194 180 9 9
194 188 9 9
195 194 9 9
195 182 9 9
195 181 9 9
195 183 9 9
196 192 9 9
196 189 9 9
196 194 9 9
196 181 9 9
197 189 9 9
197 182 9 9
197 184 9 9
197 185 9 9
198 197 9 9
198 183 9 9
198 184 9 9
198 190 9 9
199 184 9 9
199 189 9 9
199 183 9 9
199 197 9 9
180 199 9 9
180 193 9 9
180 197 9 9
180 187 9 9
181 189 9 9
181 199 9 9
181 188 9 9
181 192 9 9
182 196 9 9
182 188 9 9
182 199 9 9
182 198 9 9
183 192 9 9
183 189 9 9
183 193 9 9
183 194 9 9
204 201 10 10
204 202 10 10
204 200 10 10
204 203 10 10
205 204 10 10
205 203 10 10
205 200 10 10
205 201 10 10
206 202 10 10
206 201 10 10
206 200 10 10
206 204 10 10
207 203 10 10
207 200 10 10
207 205 10 10
207 201 10 10
208 202 10 10
208 204 10 10
208 200 10 10
208 205 10 10
209 203 10 10
209 206 10 10
209 204 10 10
209 200 10 10
210 207 10 10
210 204 10 10
210 201 10 10
210 209 10 10
211 202 10 10
211 206 10 10
211 201 10 10
211 203 10 10
212 202 10 10
212 205 10 10
212 201 10 10
212 200 10 10
213 200 10 10
213 212 10 10
213 201 10 10
213 203 10 10
214 207 10 10
214 209 10 10
214 200 10 10
214 212 10 10
215 207 10 10
215 201 10 10
215 208 10 10
215 206 10 10
216 213 10 10
216 210 10 10
216 207 10 10
216 203 10 10
217 208 10 10
217 203 10 10
217 204 10 10
217 209 10 10
218 203 10 10
218 205 10 10
218 201 10 10
218 210 10 10
219 208 10 10
219 215 10 10
219 202 10 10
219 217 10 10
200 211 10 10
200 216 10 10
200 210 10 10
200 218 10 10
201 216 10 10
201 209 10 10
201 217 10 10
201 219 10 10
202 216 10 10
202 214 10 10
202 215 10 10
202 205 10 10
203 212 10 10
203 210 10 10
203 219 10 10
203 206 10 10
224 221 11 11
224 222 11 11
224 220 11 11
224 223 11 11
225 223 11 11
225 221 11 11
225 224 11 11
225 220 11 11
226 222 11 11
226 220 11 11
226 223 11 11
226 225 11 11
227 223 11 11
227 226 11 11
227 221 11 11
227 224 11 11
228 223 11 11
228 221 11 11
228 227 11 11
228 225 11 11
229 221 11 11
229 225 11 11
229 223 11 11
229 228 11 11
230 226 11 11
230 221 11 11
230 220 11 11
230 222 11 11
231 228 11 11
231 230 11 11
231 220 11 11
231 227 11 11
232 231 11 11
232 230 11 11
232 228 11 11
232 227 11 11
233 231 11 11
233 222 11 11
233 232 11 11
233 228 11 11
234 231 11 11
234 232 11 11
234 233 11 11
234 226 11 11
235 227 11 11
235 228 11 11
235 234 11 11
235 225 11 11
236 221 11 11
236 233 11 11
236 231 11 11
236 224 11 11
237 233 11 11
237 221 11 11
237 225 11 11
237 232 11 11
238 230 11 11
238 222 11 11
238 220 11 11
238 226 11 11
239 237 11 11
239 221 11 11
239 236 11 11
239 229 11 11
220 237 11 11
220 236 11 11
220 227 11 11
220 232 11 11
221 231 11 11
221 235 11 11
221 232 11 11
221 233 11 11
222 232 11 11
222 231 11 11
222 237 11 11
222 228 11 11
223 239 11 11
223 233 11 11
223 236 11 11
223 234 11 11
244 242 12 12
244 243 12 12
244 241 12 12
244 240 12 12
245 244 12 12
245 241 12 12
245 243 12 12
245 242 12 12
246 242 12 12
246 240 12 12
246 244 12 12
246 243 12 12
247 241 12 12
247 240 12 12
247 245 12 12
247 242 12 12
248 240 12 12
248 243 12 12
248 246 12 12
248 242 12 12
249 242 12 12
249 248 12 12
249 247 12 12
249 240 12 12
250 243 12 12
250 241 12 12
250 240 12 12
250 248 12 12
251 241 12 12
251 247 12 12
251 246 12 12
251 244 12 12
252 244 12 12
252 242 12 12
252 246 12 12
252 251 12 12
253 245 12 12
253 249 12 12
253 241 12 12
253 246 12 12
254 247 12 12
254 244 12 12
254 242 12 12
254 240 12 12
255 247 12 12
255 243 12 12
255 251 12 12
255 253 12 12
256 253 12 12
256 241 12 12
256 246 12 12
256 254 12 12
257 252 12 12
257 240 12 12
257 242 12 12
257 249 12 12
258 253 12 12
258 241 12 12
258 243 12 12
258 240 12 12
259 242 12 12
259 251 12 12
259 250 12 12
259 249 12 12
240 245 12 12
240 253 12 12
240 255 12 12
240 259 12 12
241 259 12 12
241 248 12 12
241 257 12 12
241 246 12 12
242 251 12 12
242 255 12 12
242 256 12 12
242 250 12 12
243 252 12 12
243 254 12 12
243 253 12 12
243 247 12 12
264 262 13 13
264 263 13 13
264 260 13 13
264 261 13 13
265 260 13 13
265 263 13 13
265 261 13 13
265 262 13 13
266 262 13 13
266 260 13 13
266 265 13 13
266 261 13 13
267 260 13 13
267 266 13 13
267 265 13 13
267 263 13 13
268 263 13 13
268 261 13 13
268 262 13 13
268 266 13 13
269 262 13 13
269 268 13 13
269 260 13 13
269 263 13 13
270 267 13 13
270 261 13 13
270 268 13 13
270 262 13 13
271 266 13 13
271 260 13 13
271 263 13 13
271 269 13 13
272 269 13 13
272 268 13 13
272 260 13 13
272 270 13 13
273 272 13 13
273 260 13 13
273 268 13 13
273 271 13 13
274 265 13 13
274 270 13 13
274 268 13 13
274 266 13 13
275 270 13 13
275 263 13 13
275 266 13 13
275 261 13 13
276 263 13 13
276 275 13 13
276 266 13 13
276 262 13 13
277 264 13 13
277 271 13 13
277 261 13 13
277 269 13 13
278 276 13 13
278 274 13 13
278 269 13 13
278 272 13 13
279 275 13 13
279 271 13 13
279 277 13 13
279 262 13 13
260 278 13 13
260 270 13 13
260 275 13 13
260 279 13 13
261 276 13 13
261 269 13 13
261 279 13 13
261 278 13 13
262 277 13 13
262 271 13 13
262 275 13 13
262 273 13 13
263 279 13 13
263 266 13 13
263 270 13 13
263 277 13 13
284 282 14 14
284 283 14 14
284 280 14 14
284 281 14 14
285 281 14 14
285 283 14 14
285 282 14 14
285 280 14 14
286 283 14 14
286 282 14 14
286 284 14 14
286 281 14 14
287 285 14 14
287 286 14 14
287 283 14 14
287 281 14 14
288 283 14 14
288 284 14 14
288 280 14 14
288 285 14 14
289 280 14 14
289 281 14 14
289 286 14 14
289 288 14 14
290 286 14 14
290 289 14 14
290 283 14 14
290 284 14 14
291 287 14 14
291 289 14 14
291 288 14 14
291 283 14 14
292 282 14 14
292 281 14 14
292 289 14 14
292 288 14 14
293 284 14 14
293 286 14 14
293 289 14 14
293 288 14 14
294 291 14 14
294 290 14 14
294 289 14 14
294 280 14 14
295 280 14 14
295 293 14 14
295 285 14 14
295 290 14 14
296 286 14 14
296 292 14 14
296 294 14 14
296 287 14 14
297 283 14 14
297 288 14 14
297 284 14 14
297 293 14 14
298 282 14 14
298 287 14 14
298 286 14 14
298 293 14 14
299 295 14 14
299 287 14 14
299 284 14 14
299 280 14 14
280 286 14 14
280 293 14 14
280 290 14 14
280 291 14 14
281 291 14 14
281 296 14 14
281 288 14 14
281 299 14 14
282 293 14 14
282 288 14 14
282 297 14 14
282 290 14 14
283 289 14 14
283 299 14 14
283 293 14 14
283 296 14 14
304 300 15 15
304 303 15 15
304 302 15 15
304 301 15 15
305 301 15 15
305 300 15 15
305 302 15 15
305 303 15 15
306 303 15 15
306 301 15 15
306 302 15 15
306 304 15 15
307 305 15 15
307 303 15 15
307 301 15 15
307 304 15 15
308 300 15 15
308 301 15 15
308 305 15 15
308 307 15 15
309 301 15 15
309 308 15 15
309 300 15 15
309 306 15 15
310 301 15 15
310 304 15 15
310 307 15 15
310 302 15 15
311 306 15 15
311 309 15 15
311 303 15 15
311 307 15 15
312 301 15 15
312 307 15 15
312 302 15 15
312 303 15 15
313 307 15 15
313 303 15 15
313 304 15 15
313 311 15 15
314 301 15 15
314 302 15 15
314 309 15 15
314 307 15 15
315 312 15 15
315 303 15 15
315 301 15 15
315 306 15 15
316 306 15 15
316 307 15 15
316 302 15 15
316 309 15 15
317 300 15 15
317 312 15 15
317 303 15 15
317 304 15 15
318 301 15 15
318 310 15 15
318 313 15 15
318 308 15 15
319 317 15 15
319 312 15 15
319 301 15 15
319 300 15 15
300 318 15 15
300 310 15 15
300 311 15 15
300 307 15 15
301 317 15 15
301 316 15 15
301 313 15 15
301 311 15 15
302 318 15 15
302 309 15 15
302 308 15 15
302 315 15 15
303 319 15 15
303 309 15 15
303 316 15 15
303 310 15 15
84 38 4 1
81 2 4 0
86 42 4 2
80 71 4 3
111 79 5 3
114 23 5 1
102 97 5 4
107 58 5 2
130 1 6 0
130 23 6 1
133 104 6 5
137 49 6 2
141 135 7 6
159 42 7 2
146 8 7 0
146 104 7 5
160 151 8 7
172 63 8 3
168 123 8 6
171 111 8 5
198 130 9 6
183 20 9 1
198 146 9 7
185 60 9 3
201 12 10 0
213 59 10 2
214 104 10 5
216 79 10 3
225 198 11 9
225 173 11 8
229 138 11 6
238 67 11 3
256 82 12 4
249 112 12 5
253 211 12 10
240 14 12 0
275 15 13 0
274 156 13 7
266 76 13 3
260 165 13 8
287 95 14 4
295 11 14 0
299 158 14 7
281 237 14 11
309 94 15 4
309 241 15 12
316 113 15 5
302 202 15 10
8 319 0 15
18 192 0 9
11 221 0 11
13 117 0 5
28 217 1 10
24 220 1 11
24 177 1 8
31 255 1 12
43 167 2 8
53 253 2 12
55 278 2 13
55 295 2 14
69 305 3 15
78 255 3 12
78 145 3 7
73 120 3 6
