swNum = 320
edgeNum = 1344

0 0
1 0
2 0
3 0
4 0
5 0
6 0
7 0
8 0
9 0
10 0
11 0
12 0
13 0
14 0
15 0
16 0
17 0
18 0
19 0
20 1
21 1
22 1
23 1
24 1
25 1
26 1
27 1
28 1
29 1
30 1
31 1
32 1
33 1
34 1
35 1
36 1
37 1
38 1
39 1
40 2
41 2
42 2
43 2
44 2
45 2
46 2
47 2
48 2
49 2
50 2
51 2
52 2
53 2
54 2
55 2
56 2
57 2
58 2
59 2
60 3
61 3
62 3
63 3
64 3
65 3
66 3
67 3
68 3
69 3
70 3
71 3
72 3
73 3
74 3
75 3
76 3
77 3
78 3
79 3
80 4
81 4
82 4
83 4
84 4
85 4
86 4
87 4
88 4
89 4
90 4
91 4
92 4
93 4
94 4
95 4
96 4
97 4
98 4
99 4
100 5
101 5
102 5
103 5
104 5
105 5
106 5
107 5
108 5
109 5
110 5
111 5
112 5
113 5
114 5
115 5
116 5
117 5
118 5
119 5
120 6
121 6
122 6
123 6
124 6
125 6
126 6
127 6
128 6
129 6
130 6
131 6
132 6
133 6
134 6
135 6
136 6
137 6
138 6
139 6
140 7
141 7
142 7
143 7
144 7
145 7
146 7
147 7
148 7
149 7
150 7
151 7
152 7
153 7
154 7
155 7
156 7
157 7
158 7
159 7
160 8
161 8
162 8
163 8
164 8
165 8
166 8
167 8
168 8
169 8
170 8
171 8
172 8
173 8
174 8
175 8
176 8
177 8
178 8
179 8
180 9
181 9
182 9
183 9
184 9
185 9
186 9
187 9
188 9
189 9
190 9
191 9
192 9
193 9
194 9
195 9
196 9
197 9
198 9
199 9
200 10
201 10
202 10
203 10
204 10
205 10
206 10
207 10
208 10
209 10
210 10
211 10
212 10
213 10
214 10
215 10
216 10
217 10
218 10
219 10
220 11
221 11
222 11
223 11
224 11
225 11
226 11
227 11
228 11
229 11
230 11
231 11
232 11
233 11
234 11
235 11
236 11
237 11
238 11
239 11
240 12
241 12
242 12
243 12
244 12
245 12
246 12
247 12
248 12
249 12
250 12
251 12
252 12
253 12
254 12
255 12
256 12
257 12
258 12
259 12
260 13
261 13
262 13
263 13
264 13
265 13
266 13
267 13
268 13
269 13
270 13
271 13
272 13
273 13
274 13
275 13
276 13
277 13
278 13
279 13
280 14
281 14
282 14
283 14
284 14
285 14
286 14
287 14
288 14
289 14
290 14
291 14
292 14
293 14
294 14
295 14
296 14
297 14
298 14
299 14
300 15
301 15
302 15
303 15
304 15
305 15
306 15
307 15
308 15
309 15
310 15
311 15
312 15
313 15
314 15
315 15
316 15
317 15
318 15
319 15

4 1 0 0
4 2 0 0
4 0 0 0
4 3 0 0
5 0 0 0
5 3 0 0
5 1 0 0
5 4 0 0
6 5 0 0
6 4 0 0
6 2 0 0
6 1 0 0
7 6 0 0
7 5 0 0
7 3 0 0
7 2 0 0
8 1 0 0
8 2 0 0
8 4 0 0
8 6 0 0
9 2 0 0
9 4 0 0
9 5 0 0
9 1 0 0
10 1 0 0
10 2 0 0
10 4 0 0
10 0 0 0
11 9 0 0
11 7 0 0
11 4 0 0
11 8 0 0
12 8 0 0
12 1 0 0
12 11 0 0
12 6 0 0
13 7 0 0
13 6 0 0
13 10 0 0
13 3 0 0
14 13 0 0
14 7 0 0
14 8 0 0
14 11 0 0
15 11 0 0
15 10 0 0
15 4 0 0
15 14 0 0
16 12 0 0
16 5 0 0
16 9 0 0
16 6 0 0
17 10 0 0
17 0 0 0
17 15 0 0
17 16 0 0
18 11 0 0
18 8 0 0
18 15 0 0
18 2 0 0
19 12 0 0
19 0 0 0
19 17 0 0
19 16 0 0
0 6 0 0
0 8 0 0
0 12 0 0
0 18 0 0
1 17 0 0
1 7 0 0
1 16 0 0
1 18 0 0
2 19 0 0
2 15 0 0
2 11 0 0
2 12 0 0
3 14 0 0
3 16 0 0
3 6 0 0
3 19 0 0
24 21 1 1
24 23 1 1
24 22 1 1
24 20 1 1
25 22 1 1
25 20 1 1
25 24 1 1
25 21 1 1
26 22 1 1
26 23 1 1
26 24 1 1
26 20 1 1
27 23 1 1
27 21 1 1
27 25 1 1
27 26 1 1
28 27 1 1
28 21 1 1
28 26 1 1
28 24 1 1
29 22 1 1
29 21 1 1
29 25 1 1
29 24 1 1
30 24 1 1
30 28 1 1
30 21 1 1
30 27 1 1
31 24 1 1
31 30 1 1
31 28 1 1
31 27 1 1
32 30 1 1
32 26 1 1
32 22 1 1
32 29 1 1
33 31 1 1
33 24 1 1
33 30 1 1
33 20 1 1
34 24 1 1
34 20 1 1
34 29 1 1
34 25 1 1
35 31 1 1
35 26 1 1
35 29 1 1
35 23 1 1
36 23 1 1
36 31 1 1
36 28 1 1
36 35 1 1
37 20 1 1
37 34 1 1
37 25 1 1
37 24 1 1
38 34 1 1
38 25 1 1
38 21 1 1
38 20 1 1
39 29 1 1
39 34 1 1
39 24 1 1
39 36 1 1
20 35 1 1
20 31 1 1
20 32 1 1
20 30 1 1
21 32 1 1
21 35 1 1
21 34 1 1
21 37 1 1
22 34 1 1
22 33 1 1
22 31 1 1
22 38 1 1
23 28 1 1
23 38 1 1
23 33 1 1
23 29 1 1
44 40 2 2
44 41 2 2
44 43 2 2
44 42 2 2
45 44 2 2
45 43 2 2
45 42 2 2
45 41 2 2
46 42 2 2
46 43 2 2
46 45 2 2
46 41 2 2
47 45 2 2
47 43 2 2
47 46 2 2
47 42 2 2
48 46 2 2
48 43 2 2
48 47 2 2
48 41 2 2
49 43 2 2
49 42 2 2
49 41 2 2
49 46 2 2
50 43 2 2
50 48 2 2
50 45 2 2
50 47 2 2
51 49 2 2
51 41 2 2
51 47 2 2
51 44 2 2
52 49 2 2
52 50 2 2
52 51 2 2
52 46 2 2
53 47 2 2
53 50 2 2
53 52 2 2
53 43 2 2
54 47 2 2
54 42 2 2
54 52 2 2
54 50 2 2
55 54 2 2
55 47 2 2
55 53 2 2
55 45 2 2
56 44 2 2
56 41 2 2
56 43 2 2
56 50 2 2
57 42 2 2
57 41 2 2
57 56 2 2
57 40 2 2
58 46 2 2
58 57 2 2
58 43 2 2
58 41 2 2
59 53 2 2
59 43 2 2
59 47 2 2
59 46 2 2
40 54 2 2
40 50 2 2
40 52 2 2
40 55 2 2
41 50 2 2
41 52 2 2
41 47 2 2
41 54 2 2
42 51 2 2
42 48 2 2
42 59 2 2
42 50 2 2
43 51 2 2
43 55 2 2
43 57 2 2
43 54 2 2
64 62 3 3
64 63 3 3
64 61 3 3
64 60 3 3
65 64 3 3
65 60 3 3
65 62 3 3
65 61 3 3
66 60 3 3
66 61 3 3
66 65 3 3
66 63 3 3
67 62 3 3
67 66 3 3
67 64 3 3
67 60 3 3
68 62 3 3
68 61 3 3
68 63 3 3
68 64 3 3
69 66 3 3
69 64 3 3
69 62 3 3
69 67 3 3
70 67 3 3
70 64 3 3
70 61 3 3
70 66 3 3
71 61 3 3
71 66 3 3
71 60 3 3
71 67 3 3
72 66 3 3
72 69 3 3
72 65 3 3
72 60 3 3
73 63 3 3
73 64 3 3
73 62 3 3
73 67 3 3
74 64 3 3
74 61 3 3
74 72 3 3
74 69 3 3
75 69 3 3
75 62 3 3
75 65 3 3
75 73 3 3
76 66 3 3
76 72 3 3
76 75 3 3
76 71 3 3
77 70 3 3
77 66 3 3
77 63 3 3
77 61 3 3
78 65 3 3
78 66 3 3
78 74 3 3
78 64 3 3
79 78 3 3
79 70 3 3
79 67 3 3
79 62 3 3
60 78 3 3
60 76 3 3
60 74 3 3
60 69 3 3
61 79 3 3
61 76 3 3
61 72 3 3
61 75 3 3
62 72 3 3
62 77 3 3
62 70 3 3
62 74 3 3
63 65 3 3
63 70 3 3
63 67 3 3
63 71 3 3
84 82 4 4
84 80 4 4
84 83 4 4
84 81 4 4
85 80 4 4
85 84 4 4
85 81 4 4
85 82 4 4
86 82 4 4
86 85 4 4
86 81 4 4
86 80 4 4
87 81 4 4
87 82 4 4
87 80 4 4
87 85 4 4
88 81 4 4
88 83 4 4
88 80 4 4
88 85 4 4
89 87 4 4
89 83 4 4
89 85 4 4
89 81 4 4
90 87 4 4
90 84 4 4
90 82 4 4
90 85 4 4
91 80 4 4
91 90 4 4
91 87 4 4
91 88 4 4
92 89 4 4
92 88 4 4
92 85 4 4
92 91 4 4
93 89 4 4
93 92 4 4
93 81 4 4
93 80 4 4
94 87 4 4
94 91 4 4
94 83 4 4
94 93 4 4
95 86 4 4
95 82 4 4
95 85 4 4
95 84 4 4
96 91 4 4
96 82 4 4
96 95 4 4
96 90 4 4
97 81 4 4
97 93 4 4
97 94 4 4
97 89 4 4
98 95 4 4
98 91 4 4
98 80 4 4
98 81 4 4
99 95 4 4
99 86 4 4
99 85 4 4
99 80 4 4
80 96 4 4
80 95 4 4
80 92 4 4
80 97 4 4
81 94 4 4
81 91 4 4
81 96 4 4
81 95 4 4
82 99 4 4
82 98 4 4
82 97 4 4
82 88 4 4
83 91 4 4
83 90 4 4
83 92 4 4
83 98 4 4
104 102 5 5
104 103 5 5
104 101 5 5
104 100 5 5
105 101 5 5
105 103 5 5
105 102 5 5
105 100 5 5
106 105 5 5
106 103 5 5
106 101 5 5
106 104 5 5
107 103 5 5
107 100 5 5
107 106 5 5
107 105 5 5
108 105 5 5
108 100 5 5
108 104 5 5
108 102 5 5
109 106 5 5
109 105 5 5
109 104 5 5
109 107 5 5
110 107 5 5
110 103 5 5
110 100 5 5
110 108 5 5
111 107 5 5
111 105 5 5
111 110 5 5
111 109 5 5
112 108 5 5
112 109 5 5
112 100 5 5
112 110 5 5
113 102 5 5
113 100 5 5
113 108 5 5
113 110 5 5
114 107 5 5
114 102 5 5
114 105 5 5
114 106 5 5
115 102 5 5
115 113 5 5
115 105 5 5
115 114 5 5
116 114 5 5
116 101 5 5
116 102 5 5
116 103 5 5
117 108 5 5
117 110 5 5
117 109 5 5
117 103 5 5
118 116 5 5
118 101 5 5
118 114 5 5
118 107 5 5
119 107 5 5
119 111 5 5
119 112 5 5
119 117 5 5
100 109 5 5
100 117 5 5
100 119 5 5
100 116 5 5
101 113 5 5
101 107 5 5
101 108 5 5
101 117 5 5
102 118 5 5
102 106 5 5
102 107 5 5
102 119 5 5
103 112 5 5
103 109 5 5
103 119 5 5
103 111 5 5
124 121 6 6
124 122 6 6
124 120 6 6
124 123 6 6
125 121 6 6
125 120 6 6
125 123 6 6
125 122 6 6
126 125 6 6
126 123 6 6
126 122 6 6
126 120 6 6
127 126 6 6
127 123 6 6
127 122 6 6
127 120 6 6
128 120 6 6
128 122 6 6
128 121 6 6
128 126 6 6
129 126 6 6
129 120 6 6
129 122 6 6
129 124 6 6
130 129 6 6
130 124 6 6
130 121 6 6
130 120 6 6
131 129 6 6
131 130 6 6
131 124 6 6
131 127 6 6
132 130 6 6
132 129 6 6
132 120 6 6
132 123 6 6
133 129 6 6
133 127 6 6
133 120 6 6
133 125 6 6
134 121 6 6
134 124 6 6
134 127 6 6
134 122 6 6
135 130 6 6
135 121 6 6
135 124 6 6
135 126 6 6
136 120 6 6
136 123 6 6
136 133 6 6
136 125 6 6
137 127 6 6
137 132 6 6
137 122 6 6
137 130 6 6
138 137 6 6
138 133 6 6
138 135 6 6
138 124 6 6
139 128 6 6
139 132 6 6
139 135 6 6
139 137 6 6
120 135 6 6
120 138 6 6
120 137 6 6
120 139 6 6
121 137 6 6
121 126 6 6
121 136 6 6
121 133 6 6
122 130 6 6
122 131 6 6
122 138 6 6
122 139 6 6
123 128 6 6
123 137 6 6
123 131 6 6
123 133 6 6
144 142 7 7
144 140 7 7
144 143 7 7
144 141 7 7
145 144 7 7
145 143 7 7
145 140 7 7
145 142 7 7
146 141 7 7
146 143 7 7
146 142 7 7
146 144 7 7
147 141 7 7
147 142 7 7
147 146 7 7
147 145 7 7
148 145 7 7
148 144 7 7
148 140 7 7
148 142 7 7
149 146 7 7
149 148 7 7
149 147 7 7
149 143 7 7
150 148 7 7
150 144 7 7
150 145 7 7
150 142 7 7
151 140 7 7
151 145 7 7
151 144 7 7
151 142 7 7
152 148 7 7
152 151 7 7
152 145 7 7
152 144 7 7
153 151 7 7
153 145 7 7
153 141 7 7
153 142 7 7
154 152 7 7
154 143 7 7
154 146 7 7
154 150 7 7
155 144 7 7
155 152 7 7
155 148 7 7
155 141 7 7
156 153 7 7
156 142 7 7
156 141 7 7
156 147 7 7
157 148 7 7
157 150 7 7
157 140 7 7
157 143 7 7
158 143 7 7
158 156 7 7
158 155 7 7
158 141 7 7
159 157 7 7
159 158 7 7
159 152 7 7
159 140 7 7
140 154 7 7
140 152 7 7
140 150 7 7
140 156 7 7
141 150 7 7
141 151 7 7
141 148 7 7
141 152 7 7
142 159 7 7
142 158 7 7
142 149 7 7
142 154 7 7
143 151 7 7
143 150 7 7
143 147 7 7
143 148 7 7
164 162 8 8
164 163 8 8
164 161 8 8
164 160 8 8
165 163 8 8
165 162 8 8
165 164 8 8
165 160 8 8
166 163 8 8
166 161 8 8
166 164 8 8
166 165 8 8
167 164 8 8
167 163 8 8
167 165 8 8
167 166 8 8
168 161 8 8
168 167 8 8
168 162 8 8
168 160 8 8
169 161 8 8
169 165 8 8
169 168 8 8
169 167 8 8
170 168 8 8
170 167 8 8
170 164 8 8
170 165 8 8
171 163 8 8
171 168 8 8
171 165 8 8
171 167 8 8
172 165 8 8
172 170 8 8
172 162 8 8
172 164 8 8
173 161 8 8
173 168 8 8
173 165 8 8
173 160 8 8
174 168 8 8
174 163 8 8
174 172 8 8
174 162 8 8
175 161 8 8
175 173 8 8
175 162 8 8
175 169 8 8
176 170 8 8
176 168 8 8
176 165 8 8
176 172 8 8
177 161 8 8
177 164 8 8
177 160 8 8
177 165 8 8
178 164 8 8
178 161 8 8
178 177 8 8
178 175 8 8
179 166 8 8
179 161 8 8
179 160 8 8
179 162 8 8
160 176 8 8
160 175 8 8
160 171 8 8
160 178 8 8
161 172 8 8
161 165 8 8
161 176 8 8
161 170 8 8
162 178 8 8
162 166 8 8
162 176 8 8
162 173 8 8
163 168 8 8
163 172 8 8
163 169 8 8
163 176 8 8
184 183 9 9
184 182 9 9
184 180 9 9
184 181 9 9
185 184 9 9
185 181 9 9
185 182 9 9
185 180 9 9
186 180 9 9
186 181 9 9
186 184 9 9
186 182 9 9
187 183 9 9
187 185 9 9
187 180 9 9
187 186 9 9
188 182 9 9
188 185 9 9
188 186 9 9
188 184 9 9
189 188 9 9
189 187 9 9
189 185 9 9
189 181 9 9
190 181 9 9
190 187 9 9
190 182 9 9
190 183 9 9
191 189 9 9
191 188 9 9
191 190 9 9
191 180 9 9
192 189 9 9
192 181 9 9
192 186 9 9
192 190 9 9
193 180 9 9
193 191 9 9
193 185 9 9
193 192 9 9
194 183 9 9
194 184 9 9
194 192 9 9
194 182 9 9
195 188 9 9
195 186 9 9
195 192 9 9
195 180 9 9
196 185 9 9
196 190 9 9
196 181 9 9
196 191 9 9
197 190 9 9
197 189 9 9
197 192 9 9
197 185 9 9
198 183 9 9
198 193 9 9
198 188 9 9
198 180 9 9
199 180 9 9
199 182 9 9
199 188 9 9
199 187 9 9
180 194 9 9
180 188 9 9
180 192 9 9
180 196 9 9
181 198 9 9
181 194 9 9
181 193 9 9
181 188 9 9
182 193 9 9
182 196 9 9
182 195 9 9
182 198 9 9
183 189 9 9
183 192 9 9
183 186 9 9
183 193 9 9
204 201 10 10
204 200 10 10
204 203 10 10
204 202 10 10
205 203 10 10
205 204 10 10
205 202 10 10
205 200 10 10
206 203 10 10
206 204 10 10
206 205 10 10
206 200 10 10
207 204 10 10
207 203 10 10
207 202 10 10
207 200 10 10
208 203 10 10
208 202 10 10
208 200 10 10
208 205 10 10
209 206 10 10
209 201 10 10
209 205 10 10
209 202 10 10
210 209 10 10
210 205 10 10
210 201 10 10
210 200 10 10
211 201 10 10
211 200 10 10
211 204 10 10
211 209 10 10
212 207 10 10
212 208 10 10
212 202 10 10
212 206 10 10
213 200 10 10
213 202 10 10
213 207 10 10
213 201 10 10
214 209 10 10
214 213 10 10
214 200 10 10
214 202 10 10
215 211 10 10
215 204 10 10
215 212 10 10
215 210 10 10
216 210 10 10
216 209 10 10
216 200 10 10
216 215 10 10
217 211 10 10
217 206 10 10
217 201 10 10
217 203 10 10
218 211 10 10
218 216 10 10
218 204 10 10
218 206 10 10
219 209 10 10
219 206 10 10
219 217 10 10
219 218 10 10
200 219 10 10
200 217 10 10
200 215 10 10
200 218 10 10
201 215 10 10
201 206 10 10
201 219 10 10
201 214 10 10
202 216 10 10
202 215 10 10
202 210 10 10
202 218 10 10
203 216 10 10
203 210 10 10
203 215 10 10
203 219 10 10
224 222 11 11
224 221 11 11
224 223 11 11
224 220 11 11
225 221 11 11
225 223 11 11
225 222 11 11
225 224 11 11
226 223 11 11
226 225 11 11
226 221 11 11
226 222 11 11
227 226 11 11
227 223 11 11
227 225 11 11
227 221 11 11
228 221 11 11
228 220 11 11
228 225 11 11
228 222 11 11
229 223 11 11
229 221 11 11
229 227 11 11
229 222 11 11
230 229 11 11
230 226 11 11
230 223 11 11
230 227 11 11
231 227 11 11
231 225 11 11
231 226 11 11
231 221 11 11
232 227 11 11
232 222 11 11
232 226 11 11
232 221 11 11
233 221 11 11
233 223 11 11
233 226 11 11
233 230 11 11
234 231 11 11
234 224 11 11
234 225 11 11
234 222 11 11
235 228 11 11
235 234 11 11
235 230 11 11
235 224 11 11
236 227 11 11
236 223 11 11
236 226 11 11
236 230 11 11
237 234 11 11
237 224 11 11
237 226 11 11
237 228 11 11
238 231 11 11
238 227 11 11
238 220 11 11
238 236 11 11
239 224 11 11
239 235 11 11
239 238 11 11
239 222 11 11
220 236 11 11
220 231 11 11
220 229 11 11
220 232 11 11
221 237 11 11
221 230 11 11
221 239 11 11
221 236 11 11
222 227 11 11
222 235 11 11
222 231 11 11
222 237 11 11
223 239 11 11
223 232 11 11
223 231 11 11
223 237 11 11
244 243 12 12
244 242 12 12
244 240 12 12
244 241 12 12
245 241 12 12
245 240 12 12
245 242 12 12
245 244 12 12
246 242 12 12
246 240 12 12
246 244 12 12
246 243 12 12
247 242 12 12
247 241 12 12
247 246 12 12
247 240 12 12
248 244 12 12
248 242 12 12
248 243 12 12
248 245 12 12
249 240 12 12
249 244 12 12
249 245 12 12
249 246 12 12
250 242 12 12
250 241 12 12
250 247 12 12
250 240 12 12
251 249 12 12
251 250 12 12
251 240 12 12
251 242 12 12
252 242 12 12
252 247 12 12
252 249 12 12
252 251 12 12
253 252 12 12
253 247 12 12
253 241 12 12
253 242 12 12
254 244 12 12
254 247 12 12
254 250 12 12
254 245 12 12
255 243 12 12
255 254 12 12
255 248 12 12
255 246 12 12
256 241 12 12
256 253 12 12
256 250 12 12
256 249 12 12
257 246 12 12
257 254 12 12
257 240 12 12
257 249 12 12
258 244 12 12
258 256 12 12
258 242 12 12
258 246 12 12
259 258 12 12
259 246 12 12
259 250 12 12
259 245 12 12
240 259 12 12
240 258 12 12
240 256 12 12
240 253 12 12
241 258 12 12
241 246 12 12
241 259 12 12
241 251 12 12
242 257 12 12
242 254 12 12
242 259 12 12
242 249 12 12
243 259 12 12
243 245 12 12
243 249 12 12
243 252 12 12
264 263 13 13
264 261 13 13
264 262 13 13
264 260 13 13
265 261 13 13
265 262 13 13
265 260 13 13
265 264 13 13
266 261 13 13
266 265 13 13
266 262 13 13
266 263 13 13
267 262 13 13
267 266 13 13
267 260 13 13
267 263 13 13
268 261 13 13
268 262 13 13
268 260 13 13
268 266 13 13
269 260 13 13
269 267 13 13
269 266 13 13
269 263 13 13
270 265 13 13
270 266 13 13
270 261 13 13
270 268 13 13
271 268 13 13
271 260 13 13
271 261 13 13
271 262 13 13
272 267 13 13
272 261 13 13
272 262 13 13
272 268 13 13
273 260 13 13
273 264 13 13
273 266 13 13
273 268 13 13
274 260 13 13
274 264 13 13
274 265 13 13
274 262 13 13
275 273 13 13
275 274 13 13
275 270 13 13
275 266 13 13
276 269 13 13
276 264 13 13
276 275 13 13
276 274 13 13
277 267 13 13
277 275 13 13
277 269 13 13
277 276 13 13
278 275 13 13
278 267 13 13
278 262 13 13
278 277 13 13
279 262 13 13
279 274 13 13
279 265 13 13
279 271 13 13
260 278 13 13
260 277 13 13
260 266 13 13
260 275 13 13
261 273 13 13
261 274 13 13
261 277 13 13
261 276 13 13
262 276 13 13
262 269 13 13
262 270 13 13
262 277 13 13
263 276 13 13
263 273 13 13
263 278 13 13
263 277 13 13
284 280 14 14
284 281 14 14
284 282 14 14
284 283 14 14
285 284 14 14
285 282 14 14
285 283 14 14
285 281 14 14
286 285 14 14
286 284 14 14
286 282 14 14
286 280 14 14
287 280 14 14
287 285 14 14
287 284 14 14
287 281 14 14
288 286 14 14
288 281 14 14
288 285 14 14
288 283 14 14
289 286 14 14
289 281 14 14
289 283 14 14
289 284 14 14
290 281 14 14
290 285 14 14
290 287 14 14
290 283 14 14
291 284 14 14
291 281 14 14
291 282 14 14
291 288 14 14
292 286 14 14
292 280 14 14
292 289 14 14
292 284 14 14
293 285 14 14
293 284 14 14
293 281 14 14
293 289 14 14
294 282 14 14
294 280 14 14
294 283 14 14
294 281 14 14
295 288 14 14
295 283 14 14
295 294 14 14
295 284 14 14
296 286 14 14
296 293 14 14
296 295 14 14
296 282 14 14
297 280 14 14
297 294 14 14
297 287 14 14
297 283 14 14
298 294 14 14
298 287 14 14
298 281 14 14
298 297 14 14
299 287 14 14
299 289 14 14
299 284 14 14
299 291 14 14
280 285 14 14
280 290 14 14
280 293 14 14
280 299 14 14
281 297 14 14
281 286 14 14
281 296 14 14
281 292 14 14
282 293 14 14
282 290 14 14
282 288 14 14
282 295 14 14
283 293 14 14
283 296 14 14
283 292 14 14
283 286 14 14
304 303 15 15
304 300 15 15
304 301 15 15
304 302 15 15
305 300 15 15
305 304 15 15
305 303 15 15
305 301 15 15
306 304 15 15
306 303 15 15
306 300 15 15
306 305 15 15
307 301 15 15
307 304 15 15
307 305 15 15
307 300 15 15
308 304 15 15
308 300 15 15
308 301 15 15
308 302 15 15
309 304 15 15
309 306 15 15
309 303 15 15
309 305 15 15
310 302 15 15
310 301 15 15
310 305 15 15
310 300 15 15
311 310 15 15
311 302 15 15
311 304 15 15
311 301 15 15
312 308 15 15
312 305 15 15
312 301 15 15
312 303 15 15
313 308 15 15
313 305 15 15
313 311 15 15
313 303 15 15
314 305 15 15
314 301 15 15
314 308 15 15
314 307 15 15
315 301 15 15
315 310 15 15
315 302 15 15
315 308 15 15
316 313 15 15
316 300 15 15
316 305 15 15
316 311 15 15
317 303 15 15
317 311 15 15
317 304 15 15
317 314 15 15
318 313 15 15
318 303 15 15
318 302 15 15
318 317 15 15
319 301 15 15
319 312 15 15
319 306 15 15
319 305 15 15
300 312 15 15
300 319 15 15
300 309 15 15
300 313 15 15
301 313 15 15
301 317 15 15
301 318 15 15
301 309 15 15
302 305 15 15
302 317 15 15
302 306 15 15
302 319 15 15
303 316 15 15
303 308 15 15
303 315 15 15
303 319 15 15
98 48 4 2
86 63 4 3
89 5 4 0
83 35 4 1
109 35 5 1
107 54 5 2
108 65 5 3
116 10 5 0
136 62 6 3
120 89 6 4
135 2 6 0
135 100 6 5
157 27 7 1
148 117 7 5
148 83 7 4
151 133 7 6
177 120 8 6
175 103 8 5
163 22 8 1
174 143 8 7
185 108 9 5
198 178 9 8
194 25 9 1
188 84 9 4
202 5 10 0
200 68 10 3
210 31 10 1
216 160 10 8
229 184 11 9
235 37 11 1
239 160 11 8
222 126 11 6
246 88 12 4
254 238 12 11
259 197 12 9
249 200 12 10
273 186 13 9
273 229 13 11
263 251 13 12
266 179 13 8
287 170 14 8
299 197 14 9
282 279 14 13
290 23 14 1
317 225 15 11
300 273 15 13
302 47 15 2
312 214 15 10
18 153 0 7
13 193 0 9
4 305 0 15
14 251 0 12
20 247 1 12
36 277 1 13
31 315 1 15
28 134 1 6
56 230 2 11
41 208 2 10
42 134 2 6
54 163 2 8
70 319 3 15
65 195 3 9
66 173 3 8
79 273 3 13
