swNum = 320
edgeNum = 1344

0 0
1 0
2 0
3 0
4 0
5 0
6 0
7 0
8 0
9 0
10 0
11 0
12 0
13 0
14 0
15 0
16 0
17 0
18 0
19 0
20 1
21 1
22 1
23 1
24 1
25 1
26 1
27 1
28 1
29 1
30 1
31 1
32 1
33 1
34 1
35 1
36 1
37 1
38 1
39 1
40 2
41 2
42 2
43 2
44 2
45 2
46 2
47 2
48 2
49 2
50 2
51 2
52 2
53 2
54 2
55 2
56 2
57 2
58 2
59 2
60 3
61 3
62 3
63 3
64 3
65 3
66 3
67 3
68 3
69 3
70 3
71 3
72 3
73 3
74 3
75 3
76 3
77 3
78 3
79 3
80 4
81 4
82 4
83 4
84 4
85 4
86 4
87 4
88 4
89 4
90 4
91 4
92 4
93 4
94 4
95 4
96 4
97 4
98 4
99 4
100 5
101 5
102 5
103 5
104 5
105 5
106 5
107 5
108 5
109 5
110 5
111 5
112 5
113 5
114 5
115 5
116 5
117 5
118 5
119 5
120 6
121 6
122 6
123 6
124 6
125 6
126 6
127 6
128 6
129 6
130 6
131 6
132 6
133 6
134 6
135 6
136 6
137 6
138 6
139 6
140 7
141 7
142 7
143 7
144 7
145 7
146 7
147 7
148 7
149 7
150 7
151 7
152 7
153 7
154 7
155 7
156 7
157 7
158 7
159 7
160 8
161 8
162 8
163 8
164 8
165 8
166 8
167 8
168 8
169 8
170 8
171 8
172 8
173 8
174 8
175 8
176 8
177 8
178 8
179 8
180 9
181 9
182 9
183 9
184 9
185 9
186 9
187 9
188 9
189 9
190 9
191 9
192 9
193 9
194 9
195 9
196 9
197 9
198 9
199 9
200 10
201 10
202 10
203 10
204 10
205 10
206 10
207 10
208 10
209 10
210 10
211 10
212 10
213 10
214 10
215 10
216 10
217 10
218 10
219 10
220 11
221 11
222 11
223 11
224 11
225 11
226 11
227 11
228 11
229 11
230 11
231 11
232 11
233 11
234 11
235 11
236 11
237 11
238 11
239 11
240 12
241 12
242 12
243 12
244 12
245 12
246 12
247 12
248 12
249 12
250 12
251 12
252 12
253 12
254 12
255 12
256 12
257 12
258 12
259 12
260 13
261 13
262 13
263 13
264 13
265 13
266 13
267 13
268 13
269 13
270 13
271 13
272 13
273 13
274 13
275 13
276 13
277 13
278 13
279 13
280 14
281 14
282 14
283 14
284 14
285 14
286 14
287 14
288 14
289 14
290 14
291 14
292 14
293 14
294 14
295 14
296 14
297 14
298 14
299 14
300 15
301 15
302 15
303 15
304 15
305 15
306 15
307 15
308 15
309 15
310 15
311 15
312 15
313 15
314 15
315 15
316 15
317 15
318 15
319 15

4 3 0 0
4 2 0 0
4 0 0 0
4 1 0 0
5 0 0 0
5 3 0 0
5 2 0 0
5 1 0 0
6 3 0 0
6 5 0 0
6 2 0 0
6 1 0 0
7 3 0 0
7 5 0 0
7 2 0 0
7 6 0 0
8 0 0 0
8 5 0 0
8 1 0 0
8 2 0 0
9 3 0 0
9 1 0 0
9 7 0 0
9 5 0 0
10 0 0 0
10 1 0 0
10 5 0 0
10 3 0 0
11 7 0 0
11 6 0 0
11 10 0 0
11 9 0 0
12 5 0 0
12 3 0 0
12 9 0 0
12 2 0 0
13 5 0 0
13 11 0 0
13 10 0 0
13 12 0 0
14 3 0 0
14 9 0 0
14 4 0 0
14 7 0 0
15 11 0 0
15 5 0 0
15 10 0 0
15 7 0 0
16 8 0 0
16 1 0 0
16 2 0 0
16 13 0 0
17 12 0 0
17 6 0 0
17 1 0 0
17 3 0 0
18 1 0 0
18 10 0 0
18 0 0 0
18 17 0 0
19 6 0 0
19 8 0 0
19 18 0 0
19 12 0 0
0 15 0 0
0 14 0 0
0 16 0 0
0 7 0 0
1 11 0 0
1 12 0 0
1 14 0 0
1 7 0 0
2 9 0 0
2 18 0 0
2 19 0 0
2 11 0 0
3 16 0 0
3 11 0 0
3 19 0 0
3 15 0 0
24 23 1 1
24 20 1 1
24 21 1 1
24 22 1 1
25 22 1 1
25 24 1 1
25 20 1 1
25 21 1 1
26 20 1 1
26 23 1 1
26 24 1 1
26 22 1 1
27 23 1 1
27 26 1 1
27 22 1 1
27 20 1 1
28 25 1 1
28 26 1 1
28 22 1 1
28 24 1 1
29 27 1 1
29 25 1 1
29 26 1 1
29 20 1 1
30 22 1 1
30 26 1 1
30 24 1 1
30 25 1 1
31 26 1 1
31 25 1 1
31 27 1 1
31 24 1 1
32 25 1 1
32 28 1 1
32 21 1 1
32 26 1 1
33 22 1 1
33 29 1 1
33 27 1 1
33 26 1 1
34 33 1 1
34 26 1 1
34 31 1 1
34 29 1 1
35 31 1 1
35 24 1 1
35 21 1 1
35 30 1 1
36 31 1 1
36 21 1 1
36 28 1 1
36 30 1 1
37 26 1 1
37 31 1 1
37 25 1 1
37 20 1 1
38 20 1 1
38 24 1 1
38 36 1 1
38 32 1 1
39 22 1 1
39 27 1 1
39 20 1 1
39 38 1 1
20 28 1 1
20 35 1 1
20 31 1 1
20 30 1 1
21 39 1 1
21 26 1 1
21 30 1 1
21 33 1 1
22 32 1 1
22 34 1 1
22 29 1 1
22 31 1 1
23 33 1 1
23 25 1 1
23 31 1 1
23 29 1 1
44 41 2 2
44 43 2 2
44 42 2 2
44 40 2 2
45 44 2 2
45 42 2 2
45 43 2 2
45 41 2 2
46 44 2 2
46 45 2 2
46 42 2 2
46 43 2 2
47 44 2 2
47 42 2 2
47 41 2 2
47 46 2 2
48 43 2 2
48 45 2 2
48 40 2 2
48 47 2 2
49 43 2 2
49 45 2 2
49 44 2 2
49 41 2 2
50 42 2 2
50 40 2 2
50 41 2 2
50 43 2 2
51 48 2 2
51 42 2 2
51 40 2 2
51 43 2 2
52 46 2 2
52 42 2 2
52 44 2 2
52 40 2 2
53 40 2 2
53 45 2 2
53 46 2 2
53 42 2 2
54 45 2 2
54 52 2 2
54 40 2 2
54 53 2 2
55 45 2 2
55 41 2 2
55 43 2 2
55 48 2 2
56 55 2 2
56 43 2 2
56 51 2 2
56 50 2 2
57 46 2 2
57 41 2 2
57 45 2 2
57 53 2 2
58 42 2 2
58 52 2 2
58 48 2 2
58 57 2 2
59 51 2 2
59 48 2 2
59 45 2 2
59 50 2 2
40 56 2 2
40 49 2 2
40 47 2 2
40 59 2 2
41 58 2 2
41 52 2 2
41 51 2 2
41 56 2 2
42 56 2 2
42 49 2 2
42 54 2 2
42 55 2 2
43 54 2 2
43 47 2 2
43 59 2 2
43 53 2 2
64 63 3 3
64 62 3 3
64 60 3 3
64 61 3 3
65 64 3 3
65 62 3 3
65 61 3 3
65 63 3 3
66 62 3 3
66 61 3 3
66 63 3 3
66 64 3 3
67 64 3 3
67 63 3 3
67 62 3 3
67 65 3 3
68 60 3 3
68 63 3 3
68 67 3 3
68 65 3 3
69 68 3 3
69 62 3 3
69 63 3 3
69 61 3 3
70 63 3 3
70 61 3 3
70 62 3 3
70 69 3 3
71 61 3 3
71 62 3 3
71 66 3 3
71 69 3 3
72 68 3 3
72 69 3 3
72 60 3 3
72 62 3 3
73 60 3 3
73 64 3 3
73 63 3 3
73 70 3 3
74 62 3 3
74 70 3 3
74 63 3 3
74 65 3 3
75 67 3 3
75 71 3 3
75 64 3 3
75 65 3 3
76 72 3 3
76 67 3 3
76 68 3 3
76 75 3 3
77 70 3 3
77 76 3 3
77 73 3 3
77 60 3 3
78 61 3 3
78 72 3 3
78 65 3 3
78 70 3 3
79 60 3 3
79 74 3 3
79 68 3 3
79 76 3 3
60 74 3 3
60 75 3 3
60 76 3 3
60 70 3 3
61 74 3 3
61 77 3 3
61 68 3 3
61 72 3 3
62 77 3 3
62 78 3 3
62 79 3 3
62 73 3 3
63 76 3 3
63 79 3 3
63 77 3 3
63 75 3 3
84 80 4 4
84 81 4 4
84 82 4 4
84 83 4 4
85 83 4 4
85 84 4 4
85 80 4 4
85 82 4 4
86 85 4 4
86 84 4 4
86 81 4 4
86 80 4 4
87 81 4 4
87 86 4 4
87 80 4 4
87 85 4 4
88 85 4 4
88 86 4 4
88 87 4 4
88 84 4 4
89 87 4 4
89 86 4 4
89 84 4 4
89 81 4 4
90 81 4 4
90 86 4 4
90 88 4 4
90 85 4 4
91 87 4 4
91 82 4 4
91 84 4 4
91 85 4 4
92 82 4 4
92 91 4 4
92 88 4 4
92 86 4 4
93 86 4 4
93 84 4 4
93 80 4 4
93 81 4 4
94 87 4 4
94 82 4 4
94 90 4 4
94 86 4 4
95 82 4 4
95 88 4 4
95 92 4 4
95 86 4 4
96 88 4 4
96 94 4 4
96 90 4 4
96 80 4 4
97 80 4 4
97 96 4 4
97 88 4 4
97 95 4 4
98 95 4 4
98 91 4 4
98 82 4 4
98 92 4 4
99 97 4 4
99 84 4 4
99 91 4 4
99 96 4 4
80 99 4 4
80 89 4 4
80 91 4 4
80 90 4 4
81 97 4 4
81 98 4 4
81 95 4 4
81 91 4 4
82 88 4 4
82 99 4 4
82 93 4 4
82 96 4 4
83 96 4 4
83 88 4 4
83 92 4 4
83 90 4 4
104 100 5 5
104 102 5 5
104 101 5 5
104 103 5 5
105 100 5 5
105 103 5 5
105 102 5 5
105 104 5 5
106 100 5 5
106 104 5 5
106 105 5 5
106 102 5 5
107 104 5 5
107 103 5 5
107 106 5 5
107 101 5 5
108 103 5 5
108 100 5 5
108 101 5 5
108 102 5 5
109 103 5 5
109 105 5 5
109 106 5 5
109 102 5 5
110 104 5 5
110 107 5 5
110 106 5 5
110 101 5 5
111 104 5 5
111 110 5 5
111 100 5 5
111 101 5 5
112 108 5 5
112 100 5 5
112 109 5 5
112 105 5 5
113 103 5 5
113 108 5 5
113 112 5 5
113 109 5 5
114 103 5 5
114 110 5 5
114 104 5 5
114 107 5 5
115 102 5 5
115 101 5 5
115 114 5 5
115 109 5 5
116 103 5 5
116 100 5 5
116 102 5 5
116 108 5 5
117 101 5 5
117 108 5 5
117 112 5 5
117 104 5 5
118 112 5 5
118 101 5 5
118 100 5 5
118 105 5 5
119 112 5 5
119 103 5 5
119 104 5 5
119 113 5 5
100 114 5 5
100 115 5 5
100 107 5 5
100 113 5 5
101 116 5 5
101 105 5 5
101 114 5 5
101 106 5 5
102 114 5 5
102 111 5 5
102 117 5 5
102 118 5 5
103 112 5 5
103 115 5 5
103 118 5 5
103 111 5 5
124 120 6 6
124 123 6 6
124 121 6 6
124 122 6 6
125 121 6 6
125 122 6 6
125 120 6 6
125 124 6 6
126 123 6 6
126 122 6 6
126 124 6 6
126 120 6 6
127 126 6 6
127 121 6 6
127 123 6 6
127 124 6 6
128 124 6 6
128 121 6 6
128 120 6 6
128 123 6 6
129 120 6 6
129 124 6 6
129 122 6 6
129 126 6 6
130 120 6 6
130 129 6 6
130 126 6 6
130 121 6 6
131 125 6 6
131 121 6 6
131 128 6 6
131 127 6 6
132 124 6 6
132 120 6 6
132 129 6 6
132 123 6 6
133 124 6 6
133 131 6 6
133 132 6 6
133 128 6 6
134 122 6 6
134 128 6 6
134 127 6 6
134 121 6 6
135 131 6 6
135 127 6 6
135 124 6 6
135 134 6 6
136 123 6 6
136 135 6 6
136 120 6 6
136 126 6 6
137 128 6 6
137 133 6 6
137 135 6 6
137 130 6 6
138 135 6 6
138 133 6 6
138 134 6 6
138 122 6 6
139 133 6 6
139 129 6 6
139 126 6 6
139 128 6 6
120 135 6 6
120 133 6 6
120 138 6 6
120 137 6 6
121 136 6 6
121 126 6 6
121 129 6 6
121 137 6 6
122 139 6 6
122 127 6 6
122 131 6 6
122 137 6 6
123 131 6 6
123 138 6 6
123 137 6 6
123 133 6 6
144 142 7 7
144 143 7 7
144 140 7 7
144 141 7 7
145 144 7 7
145 143 7 7
145 142 7 7
145 141 7 7
146 142 7 7
146 145 7 7
146 140 7 7
146 141 7 7
147 146 7 7
147 144 7 7
147 142 7 7
147 145 7 7
148 141 7 7
148 146 7 7
148 142 7 7
148 143 7 7
149 142 7 7
149 143 7 7
149 148 7 7
149 146 7 7
150 140 7 7
150 146 7 7
150 141 7 7
150 142 7 7
151 147 7 7
151 144 7 7
151 142 7 7
151 146 7 7
152 144 7 7
152 149 7 7
152 145 7 7
152 143 7 7
153 146 7 7
153 142 7 7
153 149 7 7
153 148 7 7
154 151 7 7
154 146 7 7
154 144 7 7
154 142 7 7
155 140 7 7
155 142 7 7
155 141 7 7
155 148 7 7
156 147 7 7
156 151 7 7
156 152 7 7
156 149 7 7
157 140 7 7
157 155 7 7
157 146 7 7
157 154 7 7
158 141 7 7
158 152 7 7
158 153 7 7
158 142 7 7
159 141 7 7
159 150 7 7
159 140 7 7
159 144 7 7
140 154 7 7
140 158 7 7
140 153 7 7
140 152 7 7
141 154 7 7
141 156 7 7
141 157 7 7
141 149 7 7
142 156 7 7
142 159 7 7
142 157 7 7
142 152 7 7
143 151 7 7
143 155 7 7
143 156 7 7
143 159 7 7
164 161 8 8
164 160 8 8
164 163 8 8
164 162 8 8
165 163 8 8
165 161 8 8
165 164 8 8
165 160 8 8
166 165 8 8
166 162 8 8
166 163 8 8
166 161 8 8
167 165 8 8
167 160 8 8
167 161 8 8
167 166 8 8
168 164 8 8
168 166 8 8
168 165 8 8
168 167 8 8
169 165 8 8
169 162 8 8
169 161 8 8
169 164 8 8
170 169 8 8
170 164 8 8
170 160 8 8
170 165 8 8
171 165 8 8
171 164 8 8
171 168 8 8
171 163 8 8
172 168 8 8
172 166 8 8
172 167 8 8
172 169 8 8
173 160 8 8
173 170 8 8
173 169 8 8
173 168 8 8
174 172 8 8
174 162 8 8
174 163 8 8
174 161 8 8
175 167 8 8
175 168 8 8
175 173 8 8
175 160 8 8
176 168 8 8
176 165 8 8
176 175 8 8
176 171 8 8
177 161 8 8
177 169 8 8
177 173 8 8
177 164 8 8
178 168 8 8
178 169 8 8
178 174 8 8
178 171 8 8
179 172 8 8
179 162 8 8
179 178 8 8
179 166 8 8
160 176 8 8
160 177 8 8
160 171 8 8
160 178 8 8
161 171 8 8
161 168 8 8
161 170 8 8
161 172 8 8
162 167 8 8
162 173 8 8
162 165 8 8
162 170 8 8
163 168 8 8
163 172 8 8
163 179 8 8
163 167 8 8
184 183 9 9
184 182 9 9
184 180 9 9
184 181 9 9
185 180 9 9
185 182 9 9
185 184 9 9
185 181 9 9
186 185 9 9
186 184 9 9
186 182 9 9
186 183 9 9
187 186 9 9
187 184 9 9
187 183 9 9
187 182 9 9
188 180 9 9
188 181 9 9
188 183 9 9
188 187 9 9
189 185 9 9
189 181 9 9
189 180 9 9
189 186 9 9
190 180 9 9
190 182 9 9
190 189 9 9
190 181 9 9
191 186 9 9
191 188 9 9
191 183 9 9
191 185 9 9
192 180 9 9
192 187 9 9
192 191 9 9
192 182 9 9
193 187 9 9
193 182 9 9
193 190 9 9
193 183 9 9
194 187 9 9
194 190 9 9
194 191 9 9
194 184 9 9
195 181 9 9
195 187 9 9
195 190 9 9
195 186 9 9
196 183 9 9
196 192 9 9
196 191 9 9
196 187 9 9
197 192 9 9
197 195 9 9
197 186 9 9
197 196 9 9
198 193 9 9
198 187 9 9
198 186 9 9
198 190 9 9
199 197 9 9
199 187 9 9
199 182 9 9
199 186 9 9
180 193 9 9
180 194 9 9
180 199 9 9
180 195 9 9
181 191 9 9
181 193 9 9
181 197 9 9
181 187 9 9
182 194 9 9
182 197 9 9
182 191 9 9
182 198 9 9
183 198 9 9
183 192 9 9
183 185 9 9
183 194 9 9
204 201 10 10
204 203 10 10
204 200 10 10
204 202 10 10
205 201 10 10
205 200 10 10
205 203 10 10
205 202 10 10
206 201 10 10
206 203 10 10
206 200 10 10
206 204 10 10
207 204 10 10
207 201 10 10
207 203 10 10
207 206 10 10
208 202 10 10
208 206 10 10
208 203 10 10
208 205 10 10
209 204 10 10
209 202 10 10
209 200 10 10
209 203 10 10
210 208 10 10
210 205 10 10
210 204 10 10
210 200 10 10
211 206 10 10
211 204 10 10
211 203 10 10
211 200 10 10
212 201 10 10
212 202 10 10
212 209 10 10
212 206 10 10
213 200 10 10
213 205 10 10
213 204 10 10
213 207 10 10
214 203 10 10
214 201 10 10
214 205 10 10
214 202 10 10
215 205 10 10
215 201 10 10
215 204 10 10
215 214 10 10
216 201 10 10
216 202 10 10
216 204 10 10
216 200 10 10
217 201 10 10
217 204 10 10
217 206 10 10
217 208 10 10
218 200 10 10
218 215 10 10
218 211 10 10
218 216 10 10
219 204 10 10
219 208 10 10
219 202 10 10
219 214 10 10
200 217 10 10
200 214 10 10
200 207 10 10
200 219 10 10
201 219 10 10
201 210 10 10
201 211 10 10
201 218 10 10
202 213 10 10
202 210 10 10
202 218 10 10
202 215 10 10
203 218 10 10
203 213 10 10
203 216 10 10
203 210 10 10
224 220 11 11
224 223 11 11
224 221 11 11
224 222 11 11
225 221 11 11
225 222 11 11
225 224 11 11
225 223 11 11
226 221 11 11
226 222 11 11
226 223 11 11
226 225 11 11
227 224 11 11
227 223 11 11
227 225 11 11
227 222 11 11
228 223 11 11
228 222 11 11
228 220 11 11
228 224 11 11
229 228 11 11
229 225 11 11
229 227 11 11
229 226 11 11
230 225 11 11
230 221 11 11
230 222 11 11
230 223 11 11
231 224 11 11
231 220 11 11
231 221 11 11
231 228 11 11
232 226 11 11
232 231 11 11
232 225 11 11
232 230 11 11
233 229 11 11
233 224 11 11
233 227 11 11
233 230 11 11
234 232 11 11
234 231 11 11
234 227 11 11
234 226 11 11
235 220 11 11
235 228 11 11
235 234 11 11
235 231 11 11
236 224 11 11
236 235 11 11
236 220 11 11
236 225 11 11
237 235 11 11
237 225 11 11
237 231 11 11
237 228 11 11
238 236 11 11
238 223 11 11
238 225 11 11
238 235 11 11
239 220 11 11
239 226 11 11
239 221 11 11
239 238 11 11
220 230 11 11
220 238 11 11
220 237 11 11
220 232 11 11
221 234 11 11
221 238 11 11
221 228 11 11
221 232 11 11
222 238 11 11
222 233 11 11
222 234 11 11
222 239 11 11
223 239 11 11
223 237 11 11
223 235 11 11
223 231 11 11
244 242 12 12
244 241 12 12
244 243 12 12
244 240 12 12
245 243 12 12
245 244 12 12
245 242 12 12
245 241 12 12
246 245 12 12
246 244 12 12
246 241 12 12
246 240 12 12
247 242 12 12
247 244 12 12
247 240 12 12
247 241 12 12
248 241 12 12
248 240 12 12
248 245 12 12
248 244 12 12
249 246 12 12
249 245 12 12
249 248 12 12
249 244 12 12
250 244 12 12
250 240 12 12
250 243 12 12
250 249 12 12
251 241 12 12
251 249 12 12
251 246 12 12
251 248 12 12
252 243 12 12
252 244 12 12
252 247 12 12
252 242 12 12
253 252 12 12
253 243 12 12
253 241 12 12
253 240 12 12
254 244 12 12
254 242 12 12
254 243 12 12
254 253 12 12
255 248 12 12
255 247 12 12
255 251 12 12
255 244 12 12
256 241 12 12
256 248 12 12
256 249 12 12
256 243 12 12
257 245 12 12
257 249 12 12
257 251 12 12
257 247 12 12
258 251 12 12
258 241 12 12
258 252 12 12
258 254 12 12
259 255 12 12
259 256 12 12
259 250 12 12
259 257 12 12
240 258 12 12
240 251 12 12
240 254 12 12
240 255 12 12
241 254 12 12
241 259 12 12
241 255 12 12
241 257 12 12
242 255 12 12
242 258 12 12
242 253 12 12
242 251 12 12
243 258 12 12
243 251 12 12
243 247 12 12
243 248 12 12
264 263 13 13
264 261 13 13
264 262 13 13
264 260 13 13
265 262 13 13
265 264 13 13
265 263 13 13
265 261 13 13
266 265 13 13
266 262 13 13
266 261 13 13
266 263 13 13
267 261 13 13
267 263 13 13
267 265 13 13
267 262 13 13
268 267 13 13
268 265 13 13
268 264 13 13
268 262 13 13
269 266 13 13
269 264 13 13
269 261 13 13
269 260 13 13
270 262 13 13
270 264 13 13
270 268 13 13
270 265 13 13
271 270 13 13
271 268 13 13
271 266 13 13
271 269 13 13
272 265 13 13
272 262 13 13
272 268 13 13
272 266 13 13
273 261 13 13
273 270 13 13
273 268 13 13
273 269 13 13
274 268 13 13
274 263 13 13
274 271 13 13
274 269 13 13
275 273 13 13
275 263 13 13
275 260 13 13
275 269 13 13
276 270 13 13
276 263 13 13
276 275 13 13
276 269 13 13
277 274 13 13
277 273 13 13
277 276 13 13
277 271 13 13
278 270 13 13
278 277 13 13
278 266 13 13
278 271 13 13
279 269 13 13
279 268 13 13
279 275 13 13
279 273 13 13
260 279 13 13
260 277 13 13
260 271 13 13
260 274 13 13
261 276 13 13
261 278 13 13
261 279 13 13
261 274 13 13
262 269 13 13
262 276 13 13
262 277 13 13
262 278 13 13
263 271 13 13
263 269 13 13
263 279 13 13
263 270 13 13
284 280 14 14
284 282 14 14
284 283 14 14
284 281 14 14
285 282 14 14
285 280 14 14
285 281 14 14
285 284 14 14
286 284 14 14
286 283 14 14
286 280 14 14
286 285 14 14
287 285 14 14
287 284 14 14
287 282 14 14
287 281 14 14
288 285 14 14
288 283 14 14
288 280 14 14
288 282 14 14
289 280 14 14
289 282 14 14
289 285 14 14
289 281 14 14
290 285 14 14
290 287 14 14
290 281 14 14
290 280 14 14
291 289 14 14
291 282 14 14
291 280 14 14
291 287 14 14
292 281 14 14
292 287 14 14
292 282 14 14
292 289 14 14
293 285 14 14
293 287 14 14
293 284 14 14
293 280 14 14
294 284 14 14
294 283 14 14
294 291 14 14
294 288 14 14
295 282 14 14
295 293 14 14
295 288 14 14
295 286 14 14
296 295 14 14
296 280 14 14
296 292 14 14
296 293 14 14
297 288 14 14
297 280 14 14
297 295 14 14
297 284 14 14
298 281 14 14
298 287 14 14
298 284 14 14
298 293 14 14
299 297 14 14
299 296 14 14
299 298 14 14
299 282 14 14
280 299 14 14
280 294 14 14
280 295 14 14
280 287 14 14
281 296 14 14
281 291 14 14
281 286 14 14
281 297 14 14
282 294 14 14
282 298 14 14
282 293 14 14
282 296 14 14
283 295 14 14
283 285 14 14
283 291 14 14
283 290 14 14
304 300 15 15
304 302 15 15
304 303 15 15
304 301 15 15
305 300 15 15
305 303 15 15
305 301 15 15
305 304 15 15
306 305 15 15
306 304 15 15
306 303 15 15
306 300 15 15
307 304 15 15
307 301 15 15
307 303 15 15
307 305 15 15
308 302 15 15
308 300 15 15
308 303 15 15
308 307 15 15
309 303 15 15
309 304 15 15
309 300 15 15
309 301 15 15
310 303 15 15
310 301 15 15
310 302 15 15
310 304 15 15
311 307 15 15
311 300 15 15
311 302 15 15
311 309 15 15
312 303 15 15
312 309 15 15
312 307 15 15
312 310 15 15
313 300 15 15
313 306 15 15
313 305 15 15
313 312 15 15
314 312 15 15
314 301 15 15
314 303 15 15
314 302 15 15
315 313 15 15
315 308 15 15
315 302 15 15
315 303 15 15
316 305 15 15
316 315 15 15
316 310 15 15
316 303 15 15
317 301 15 15
317 316 15 15
317 314 15 15
317 311 15 15
318 306 15 15
318 304 15 15
318 310 15 15
318 311 15 15
319 313 15 15
319 300 15 15
319 310 15 15
319 301 15 15
300 310 15 15
300 307 15 15
300 318 15 15
300 314 15 15
301 313 15 15
301 308 15 15
301 311 15 15
301 316 15 15
302 312 15 15
302 316 15 15
302 319 15 15
302 318 15 15
303 311 15 15
303 313 15 15
303 317 15 15
303 319 15 15
86 60 4 3
95 56 4 2
91 30 4 1
89 10 4 0
110 99 5 4
102 72 5 3
111 48 5 2
115 15 5 0
132 44 6 2
134 13 6 0
123 25 6 1
132 87 6 4
145 34 7 1
154 101 7 5
156 73 7 3
156 53 7 2
173 153 8 7
175 38 8 1
172 54 8 2
179 89 8 4
195 92 9 4
183 15 9 0
183 114 9 5
189 132 9 6
213 49 10 2
214 85 10 4
207 175 10 8
217 139 10 6
224 172 11 8
223 126 11 6
232 10 11 0
229 81 11 4
244 225 12 11
252 26 12 1
256 93 12 4
256 137 12 6
266 211 13 10
264 28 13 1
263 5 13 0
263 110 13 5
296 177 14 8
294 136 14 6
293 252 14 12
297 68 14 3
301 191 15 9
309 145 15 7
307 131 15 6
317 258 15 12
3 203 0 10
1 259 0 12
17 300 0 15
4 294 0 14
28 226 1 11
24 293 1 14
31 214 1 10
29 305 1 15
40 242 2 12
46 286 2 14
54 192 2 9
43 223 2 11
78 170 3 8
69 226 3 11
66 132 3 6
74 274 3 13
