swNum = 320
edgeNum = 1343

0 0
1 0
2 0
3 0
4 0
5 0
6 0
7 0
8 0
9 0
10 0
11 0
12 0
13 0
14 0
15 0
16 0
17 0
18 0
19 0
20 1
21 1
22 1
23 1
24 1
25 1
26 1
27 1
28 1
29 1
30 1
31 1
32 1
33 1
34 1
35 1
36 1
37 1
38 1
39 1
40 2
41 2
42 2
43 2
44 2
45 2
46 2
47 2
48 2
49 2
50 2
51 2
52 2
53 2
54 2
55 2
56 2
57 2
58 2
59 2
60 3
61 3
62 3
63 3
64 3
65 3
66 3
67 3
68 3
69 3
70 3
71 3
72 3
73 3
74 3
75 3
76 3
77 3
78 3
79 3
80 4
81 4
82 4
83 4
84 4
85 4
86 4
87 4
88 4
89 4
90 4
91 4
92 4
93 4
94 4
95 4
96 4
97 4
98 4
99 4
100 5
101 5
102 5
103 5
104 5
105 5
106 5
107 5
108 5
109 5
110 5
111 5
112 5
113 5
114 5
115 5
116 5
117 5
118 5
119 5
120 6
121 6
122 6
123 6
124 6
125 6
126 6
127 6
128 6
129 6
130 6
131 6
132 6
133 6
134 6
135 6
136 6
137 6
138 6
139 6
140 7
141 7
142 7
143 7
144 7
145 7
146 7
147 7
148 7
149 7
150 7
151 7
152 7
153 7
154 7
155 7
156 7
157 7
158 7
159 7
160 8
161 8
162 8
163 8
164 8
165 8
166 8
167 8
168 8
169 8
170 8
171 8
172 8
173 8
174 8
175 8
176 8
177 8
178 8
179 8
180 9
181 9
182 9
183 9
184 9
185 9
186 9
187 9
188 9
189 9
190 9
191 9
192 9
193 9
194 9
195 9
196 9
197 9
198 9
199 9
200 10
201 10
202 10
203 10
204 10
205 10
206 10
207 10
208 10
209 10
210 10
211 10
212 10
213 10
214 10
215 10
216 10
217 10
218 10
219 10
220 11
221 11
222 11
223 11
224 11
225 11
226 11
227 11
228 11
229 11
230 11
231 11
232 11
233 11
234 11
235 11
236 11
237 11
238 11
239 11
240 12
241 12
242 12
243 12
244 12
245 12
246 12
247 12
248 12
249 12
250 12
251 12
252 12
253 12
254 12
255 12
256 12
257 12
258 12
259 12
260 13
261 13
262 13
263 13
264 13
265 13
266 13
267 13
268 13
269 13
270 13
271 13
272 13
273 13
274 13
275 13
276 13
277 13
278 13
279 13
280 14
281 14
282 14
283 14
284 14
285 14
286 14
287 14
288 14
289 14
290 14
291 14
292 14
293 14
294 14
295 14
296 14
297 14
298 14
299 14
300 15
301 15
302 15
303 15
304 15
305 15
306 15
307 15
308 15
309 15
310 15
311 15
312 15
313 15
314 15
315 15
316 15
317 15
318 15
319 15

4 0 0 0
4 3 0 0
4 1 0 0
4 2 0 0
5 3 0 0
5 4 0 0
5 1 0 0
5 0 0 0
6 3 0 0
6 5 0 0
6 2 0 0
6 0 0 0
7 3 0 0
7 2 0 0
7 6 0 0
7 4 0 0
8 2 0 0
8 1 0 0
8 0 0 0
8 3 0 0
9 1 0 0
9 0 0 0
9 5 0 0
9 3 0 0
10 0 0 0
10 6 0 0
10 2 0 0
10 4 0 0
11 5 0 0
11 9 0 0
11 2 0 0
11 1 0 0
12 4 0 0
12 6 0 0
12 2 0 0
12 8 0 0
13 12 0 0
13 6 0 0
13 7 0 0
13 10 0 0
14 6 0 0
14 2 0 0
14 7 0 0
14 11 0 0
15 11 0 0
15 7 0 0
15 9 0 0
15 0 0 0
16 10 0 0
16 9 0 0
16 14 0 0
16 11 0 0
17 7 0 0
17 0 0 0
17 10 0 0
17 6 0 0
18 5 0 0
18 6 0 0
18 15 0 0
18 10 0 0
19 0 0 0
19 15 0 0
19 17 0 0
19 13 0 0
0 12 0 0
0 13 0 0
0 11 0 0
0 16 0 0
1 14 0 0
1 13 0 0
1 10 0 0
1 12 0 0
2 16 0 0
2 15 0 0
2 13 0 0
2 19 0 0
3 10 0 0
3 15 0 0
3 13 0 0
3 19 0 0
24 21 1 1
24 23 1 1
24 20 1 1
24 22 1 1
25 21 1 1
25 24 1 1
25 23 1 1
25 22 1 1
26 20 1 1
26 22 1 1
26 21 1 1
26 25 1 1
27 24 1 1
27 26 1 1
27 25 1 1
27 21 1 1
28 27 1 1
28 25 1 1
28 23 1 1
28 22 1 1
29 22 1 1
29 24 1 1
29 26 1 1
29 28 1 1
30 20 1 1
30 26 1 1
30 21 1 1
30 25 1 1
31 26 1 1
31 22 1 1
31 30 1 1
31 24 1 1
32 24 1 1
32 21 1 1
32 30 1 1
32 22 1 1
33 23 1 1
33 24 1 1
33 28 1 1
33 21 1 1
34 32 1 1
34 21 1 1
34 28 1 1
34 33 1 1
35 34 1 1
35 27 1 1
35 31 1 1
35 29 1 1
36 33 1 1
36 31 1 1
36 32 1 1
36 34 1 1
37 34 1 1
37 31 1 1
37 27 1 1
37 24 1 1
38 34 1 1
38 24 1 1
38 37 1 1
38 33 1 1
39 30 1 1
39 31 1 1
39 28 1 1
39 34 1 1
20 32 1 1
20 25 1 1
20 39 1 1
20 31 1 1
21 36 1 1
21 31 1 1
21 35 1 1
21 37 1 1
22 39 1 1
22 33 1 1
22 35 1 1
22 30 1 1
23 27 1 1
23 29 1 1
23 38 1 1
23 35 1 1
44 41 2 2
44 42 2 2
44 40 2 2
44 43 2 2
45 40 2 2
45 43 2 2
45 44 2 2
45 42 2 2
46 40 2 2
46 42 2 2
46 41 2 2
46 43 2 2
47 42 2 2
47 44 2 2
47 41 2 2
47 40 2 2
48 44 2 2
48 47 2 2
48 42 2 2
48 40 2 2
49 43 2 2
49 42 2 2
49 47 2 2
49 40 2 2
50 47 2 2
50 45 2 2
50 44 2 2
50 41 2 2
51 40 2 2
51 49 2 2
51 45 2 2
51 46 2 2
52 49 2 2
52 45 2 2
52 50 2 2
52 40 2 2
53 50 2 2
53 47 2 2
53 43 2 2
53 52 2 2
54 51 2 2
54 49 2 2
54 43 2 2
54 40 2 2
55 40 2 2
55 41 2 2
55 50 2 2
55 45 2 2
56 41 2 2
56 50 2 2
56 48 2 2
56 55 2 2
57 53 2 2
57 47 2 2
57 42 2 2
57 48 2 2
58 54 2 2
58 45 2 2
58 46 2 2
58 42 2 2
59 42 2 2
59 49 2 2
59 57 2 2
59 48 2 2
40 57 2 2
40 56 2 2
40 58 2 2
40 50 2 2
41 52 2 2
41 45 2 2
41 53 2 2
41 49 2 2
42 55 2 2
42 52 2 2
42 53 2 2
42 51 2 2
43 47 2 2
43 55 2 2
43 51 2 2
43 59 2 2
64 61 3 3
64 62 3 3
64 60 3 3
64 63 3 3
65 63 3 3
65 61 3 3
65 60 3 3
65 62 3 3
66 63 3 3
66 64 3 3
66 62 3 3
66 60 3 3
67 60 3 3
67 66 3 3
67 62 3 3
67 63 3 3
68 61 3 3
68 65 3 3
68 66 3 3
68 64 3 3
69 66 3 3
69 67 3 3
69 60 3 3
69 64 3 3
70 65 3 3
70 61 3 3
70 68 3 3
70 69 3 3
71 62 3 3
71 66 3 3
71 64 3 3
71 69 3 3
72 69 3 3
72 71 3 3
72 66 3 3
72 60 3 3
73 69 3 3
73 61 3 3
73 65 3 3
73 70 3 3
74 65 3 3
74 70 3 3
74 68 3 3
74 66 3 3
75 62 3 3
75 74 3 3
75 69 3 3
75 73 3 3
76 65 3 3
76 74 3 3
76 75 3 3
76 70 3 3
77 63 3 3
77 61 3 3
77 60 3 3
77 68 3 3
78 71 3 3
78 65 3 3
78 66 3 3
78 69 3 3
79 68 3 3
79 61 3 3
79 77 3 3
79 65 3 3
60 71 3 3
60 68 3 3
60 70 3 3
60 78 3 3
61 76 3 3
61 67 3 3
61 74 3 3
61 75 3 3
62 70 3 3
62 72 3 3
62 78 3 3
62 73 3 3
63 68 3 3
63 73 3 3
63 74 3 3
63 76 3 3
84 80 4 4
84 82 4 4
84 81 4 4
84 83 4 4
85 82 4 4
85 80 4 4
85 83 4 4
85 84 4 4
86 80 4 4
86 82 4 4
86 81 4 4
86 85 4 4
87 85 4 4
87 86 4 4
87 84 4 4
87 81 4 4
88 86 4 4
88 87 4 4
88 84 4 4
88 81 4 4
89 87 4 4
89 88 4 4
89 82 4 4
89 80 4 4
90 82 4 4
90 84 4 4
90 80 4 4
90 87 4 4
91 81 4 4
91 86 4 4
91 84 4 4
91 85 4 4
92 80 4 4
92 91 4 4
92 86 4 4
92 82 4 4
93 88 4 4
93 84 4 4
93 80 4 4
93 87 4 4
94 88 4 4
94 93 4 4
94 87 4 4
94 92 4 4
95 86 4 4
95 90 4 4
95 85 4 4
95 89 4 4
96 88 4 4
96 82 4 4
96 94 4 4
96 91 4 4
97 94 4 4
97 84 4 4
97 89 4 4
97 85 4 4
98 80 4 4
98 82 4 4
98 95 4 4
98 85 4 4
99 89 4 4
99 93 4 4
99 97 4 4
99 84 4 4
80 99 4 4
80 88 4 4
80 97 4 4
80 94 4 4
81 90 4 4
81 94 4 4
81 93 4 4
81 97 4 4
82 91 4 4
82 95 4 4
82 88 4 4
82 94 4 4
83 96 4 4
83 98 4 4
83 89 4 4
83 88 4 4
104 102 5 5
104 103 5 5
104 100 5 5
104 101 5 5
105 100 5 5
105 104 5 5
105 103 5 5
105 101 5 5
106 103 5 5
106 102 5 5
106 105 5 5
106 104 5 5
107 104 5 5
107 100 5 5
107 105 5 5
107 101 5 5
108 104 5 5
108 105 5 5
108 100 5 5
108 106 5 5
109 108 5 5
109 105 5 5
109 104 5 5
109 101 5 5
110 104 5 5
110 106 5 5
110 102 5 5
110 105 5 5
111 107 5 5
111 100 5 5
111 110 5 5
111 101 5 5
112 111 5 5
112 105 5 5
112 101 5 5
112 107 5 5
113 102 5 5
113 104 5 5
113 107 5 5
113 110 5 5
114 108 5 5
114 106 5 5
114 113 5 5
114 110 5 5
115 107 5 5
115 108 5 5
115 103 5 5
115 104 5 5
116 113 5 5
116 114 5 5
116 103 5 5
116 115 5 5
117 113 5 5
117 111 5 5
117 112 5 5
117 116 5 5
118 114 5 5
118 105 5 5
118 109 5 5
118 116 5 5
119 102 5 5
119 107 5 5
119 106 5 5
119 105 5 5
100 113 5 5
100 115 5 5
100 119 5 5
100 118 5 5
101 110 5 5
101 108 5 5
101 113 5 5
101 116 5 5
102 112 5 5
102 108 5 5
102 105 5 5
102 118 5 5
103 111 5 5
103 107 5 5
103 113 5 5
103 117 5 5
124 123 6 6
124 122 6 6
124 121 6 6
124 120 6 6
125 122 6 6
125 123 6 6
125 120 6 6
125 124 6 6
126 121 6 6
126 124 6 6
126 122 6 6
126 120 6 6
127 125 6 6
127 124 6 6
127 122 6 6
127 121 6 6
128 120 6 6
128 121 6 6
128 123 6 6
128 124 6 6
129 121 6 6
129 127 6 6
129 128 6 6
129 120 6 6
130 126 6 6
130 124 6 6
130 121 6 6
130 123 6 6
131 128 6 6
131 126 6 6
131 121 6 6
131 125 6 6
132 129 6 6
132 124 6 6
132 122 6 6
132 128 6 6
133 127 6 6
133 126 6 6
133 128 6 6
133 125 6 6
134 133 6 6
134 128 6 6
134 126 6 6
134 120 6 6
135 125 6 6
135 131 6 6
135 130 6 6
135 126 6 6
136 132 6 6
136 126 6 6
136 120 6 6
136 130 6 6
137 131 6 6
137 130 6 6
137 121 6 6
137 124 6 6
138 127 6 6
138 136 6 6
138 137 6 6
138 122 6 6
139 123 6 6
139 122 6 6
139 125 6 6
139 127 6 6
120 127 6 6
120 132 6 6
120 135 6 6
120 131 6 6
121 133 6 6
121 134 6 6
121 136 6 6
121 132 6 6
122 129 6 6
122 128 6 6
122 134 6 6
122 133 6 6
123 129 6 6
123 136 6 6
123 132 6 6
123 127 6 6
144 143 7 7
144 140 7 7
144 142 7 7
144 141 7 7
145 140 7 7
145 144 7 7
145 141 7 7
145 142 7 7
146 144 7 7
146 145 7 7
146 140 7 7
146 143 7 7
147 140 7 7
147 143 7 7
147 144 7 7
147 146 7 7
148 146 7 7
148 147 7 7
148 144 7 7
148 140 7 7
149 148 7 7
149 147 7 7
149 140 7 7
149 145 7 7
150 144 7 7
150 147 7 7
150 143 7 7
150 148 7 7
151 143 7 7
151 150 7 7
151 140 7 7
151 147 7 7
152 145 7 7
152 144 7 7
152 141 7 7
152 147 7 7
153 140 7 7
153 151 7 7
153 148 7 7
153 145 7 7
154 147 7 7
154 146 7 7
154 141 7 7
154 145 7 7
155 141 7 7
155 142 7 7
155 146 7 7
155 149 7 7
156 149 7 7
156 155 7 7
156 142 7 7
156 152 7 7
157 150 7 7
157 143 7 7
157 140 7 7
157 151 7 7
158 154 7 7
158 142 7 7
158 140 7 7
158 141 7 7
159 150 7 7
159 140 7 7
159 153 7 7
159 151 7 7
140 150 7 7
140 155 7 7
140 154 7 7
140 152 7 7
141 151 7 7
141 150 7 7
141 147 7 7
141 149 7 7
142 147 7 7
142 154 7 7
142 152 7 7
142 157 7 7
143 148 7 7
143 158 7 7
143 149 7 7
143 152 7 7
164 163 8 8
164 160 8 8
164 161 8 8
164 162 8 8
165 160 8 8
165 161 8 8
165 163 8 8
165 162 8 8
166 160 8 8
166 163 8 8
166 164 8 8
166 165 8 8
167 161 8 8
167 165 8 8
167 162 8 8
167 163 8 8
168 164 8 8
168 167 8 8
168 165 8 8
168 163 8 8
169 164 8 8
169 166 8 8
169 167 8 8
169 161 8 8
170 160 8 8
170 161 8 8
170 164 8 8
170 166 8 8
171 168 8 8
171 165 8 8
171 163 8 8
171 164 8 8
172 170 8 8
172 165 8 8
172 169 8 8
172 163 8 8
173 172 8 8
173 163 8 8
173 166 8 8
173 170 8 8
174 166 8 8
174 163 8 8
174 173 8 8
174 172 8 8
175 169 8 8
175 171 8 8
175 172 8 8
175 167 8 8
176 168 8 8
176 165 8 8
176 162 8 8
176 171 8 8
177 165 8 8
177 167 8 8
177 162 8 8
177 174 8 8
178 175 8 8
178 161 8 8
178 165 8 8
178 176 8 8
179 165 8 8
179 172 8 8
179 160 8 8
179 175 8 8
160 176 8 8
160 169 8 8
160 171 8 8
160 178 8 8
161 172 8 8
161 166 8 8
161 175 8 8
161 179 8 8
162 172 8 8
162 170 8 8
162 175 8 8
162 178 8 8
163 178 8 8
163 170 8 8
163 169 8 8
163 179 8 8
184 183 9 9
184 180 9 9
184 181 9 9
184 182 9 9
185 180 9 9
185 181 9 9
185 182 9 9
185 184 9 9
186 185 9 9
186 184 9 9
186 183 9 9
186 182 9 9
187 183 9 9
187 186 9 9
187 180 9 9
187 184 9 9
188 185 9 9
188 181 9 9
188 180 9 9
188 187 9 9
189 187 9 9
189 188 9 9
189 181 9 9
189 185 9 9
190 184 9 9
190 182 9 9
190 187 9 9
190 180 9 9
191 183 9 9
191 187 9 9
191 180 9 9
191 189 9 9
192 188 9 9
192 187 9 9
192 182 9 9
192 185 9 9
193 181 9 9
193 189 9 9
193 188 9 9
193 187 9 9
194 184 9 9
194 186 9 9
194 183 9 9
194 192 9 9
195 186 9 9
195 184 9 9
195 182 9 9
195 193 9 9
196 191 9 9
196 193 9 9
196 187 9 9
196 192 9 9
197 196 9 9
197 191 9 9
197 187 9 9
197 180 9 9
198 194 9 9
198 190 9 9
198 196 9 9
198 186 9 9
199 195 9 9
199 194 9 9
199 186 9 9
199 198 9 9
180 189 9 9
180 193 9 9
180 186 9 9
180 192 9 9
181 196 9 9
181 186 9 9
181 199 9 9
181 198 9 9
182 187 9 9
182 189 9 9
182 188 9 9
182 196 9 9
183 189 9 9
183 196 9 9
183 193 9 9
183 185 9 9
204 201 10 10
204 202 10 10
204 203 10 10
204 200 10 10
205 200 10 10
205 201 10 10
205 204 10 10
205 202 10 10
206 204 10 10
206 205 10 10
206 200 10 10
206 201 10 10
207 205 10 10
207 200 10 10
207 202 10 10
207 206 10 10
208 203 10 10
208 204 10 10
208 202 10 10
208 206 10 10
209 204 10 10
209 203 10 10
209 201 10 10
209 200 10 10
210 201 10 10
210 200 10 10
210 207 10 10
210 203 10 10
211 207 10 10
211 205 10 10
211 204 10 10
211 206 10 10
212 210 10 10
212 205 10 10
212 201 10 10
212 200 10 10
213 207 10 10
213 210 10 10
213 201 10 10
213 205 10 10
214 201 10 10
214 200 10 10
214 208 10 10
214 210 10 10
215 208 10 10
215 211 10 10
215 207 10 10
215 203 10 10
216 211 10 10
216 204 10 10
216 205 10 10
216 210 10 10
217 200 10 10
217 204 10 10
217 203 10 10
217 211 10 10
218 210 10 10
218 208 10 10
218 200 10 10
218 215 10 10
219 213 10 10
219 204 10 10
219 211 10 10
219 217 10 10
200 213 10 10
200 208 10 10
200 219 10 10
200 215 10 10
201 208 10 10
201 217 10 10
201 207 10 10
201 219 10 10
202 215 10 10
202 214 10 10
202 213 10 10
202 218 10 10
203 205 10 10
203 219 10 10
203 207 10 10
203 214 10 10
224 222 11 11
224 220 11 11
224 221 11 11
224 223 11 11
225 223 11 11
225 222 11 11
225 220 11 11
225 221 11 11
226 220 11 11
226 222 11 11
226 223 11 11
226 224 11 11
227 221 11 11
227 220 11 11
227 226 11 11
227 223 11 11
228 220 11 11
228 226 11 11
228 227 11 11
228 221 11 11
229 222 11 11
229 223 11 11
229 221 11 11
229 220 11 11
230 226 11 11
230 223 11 11
230 229 11 11
230 224 11 11
231 229 11 11
231 223 11 11
231 220 11 11
231 221 11 11
232 222 11 11
232 221 11 11
232 223 11 11
232 230 11 11
233 226 11 11
233 227 11 11
233 228 11 11
233 232 11 11
234 222 11 11
234 226 11 11
234 228 11 11
234 231 11 11
235 232 11 11
235 231 11 11
235 221 11 11
235 220 11 11
236 220 11 11
236 226 11 11
236 229 11 11
236 225 11 11
237 221 11 11
237 222 11 11
237 225 11 11
237 223 11 11
238 231 11 11
238 234 11 11
238 228 11 11
238 224 11 11
239 231 11 11
239 222 11 11
239 237 11 11
239 232 11 11
220 238 11 11
220 232 11 11
220 234 11 11
220 233 11 11
221 230 11 11
221 239 11 11
221 238 11 11
221 236 11 11
222 227 11 11
222 235 11 11
222 230 11 11
222 236 11 11
223 239 11 11
223 234 11 11
223 228 11 11
223 235 11 11
244 241 12 12
244 243 12 12
244 240 12 12
244 242 12 12
245 243 12 12
245 244 12 12
245 240 12 12
245 241 12 12
246 244 12 12
246 240 12 12
246 242 12 12
246 243 12 12
247 244 12 12
247 246 12 12
247 245 12 12
247 242 12 12
248 247 12 12
248 240 12 12
248 246 12 12
248 245 12 12
249 243 12 12
249 240 12 12
249 241 12 12
249 248 12 12
250 243 12 12
250 247 12 12
250 244 12 12
250 245 12 12
251 242 12 12
251 247 12 12
251 243 12 12
251 249 12 12
252 240 12 12
252 250 12 12
252 249 12 12
252 241 12 12
253 242 12 12
253 244 12 12
253 249 12 12
253 247 12 12
254 242 12 12
254 248 12 12
254 249 12 12
254 253 12 12
255 246 12 12
255 244 12 12
255 241 12 12
255 252 12 12
256 252 12 12
256 247 12 12
256 254 12 12
256 250 12 12
257 246 12 12
257 241 12 12
257 244 12 12
257 253 12 12
258 246 12 12
258 255 12 12
258 242 12 12
258 248 12 12
259 255 12 12
259 244 12 12
259 254 12 12
259 257 12 12
240 255 12 12
240 250 12 12
240 257 12 12
240 251 12 12
241 247 12 12
241 248 12 12
241 246 12 12
241 253 12 12
242 249 12 12
242 259 12 12
242 250 12 12
242 255 12 12
243 247 12 12
243 248 12 12
243 253 12 12
243 256 12 12
264 262 13 13
264 261 13 13
264 260 13 13
264 263 13 13
265 261 13 13
265 262 13 13
265 264 13 13
265 263 13 13
266 262 13 13
266 261 13 13
266 264 13 13
266 260 13 13
267 266 13 13
267 261 13 13
267 265 13 13
267 264 13 13
268 260 13 13
268 261 13 13
268 265 13 13
268 264 13 13
269 262 13 13
269 264 13 13
269 267 13 13
269 265 13 13
270 268 13 13
270 265 13 13
270 261 13 13
270 264 13 13
271 267 13 13
271 263 13 13
271 262 13 13
271 260 13 13
272 265 13 13
272 261 13 13
272 269 13 13
272 268 13 13
273 264 13 13
273 267 13 13
273 270 13 13
273 260 13 13
274 267 13 13
274 268 13 13
274 261 13 13
274 273 13 13
275 260 13 13
275 269 13 13
275 274 13 13
275 264 13 13
276 272 13 13
276 264 13 13
276 268 13 13
276 274 13 13
277 274 13 13
277 267 13 13
277 272 13 13
277 275 13 13
278 264 13 13
278 277 13 13
278 270 13 13
278 272 13 13
279 277 13 13
279 273 13 13
279 271 13 13
279 262 13 13
260 274 13 13
260 265 13 13
260 267 13 13
260 272 13 13
261 276 13 13
261 269 13 13
261 275 13 13
261 278 13 13
262 267 13 13
262 273 13 13
262 278 13 13
262 274 13 13
263 279 13 13
263 267 13 13
263 273 13 13
263 275 13 13
284 283 14 14
284 281 14 14
284 280 14 14
284 282 14 14
285 282 14 14
285 280 14 14
285 283 14 14
285 284 14 14
286 280 14 14
286 281 14 14
286 284 14 14
286 283 14 14
287 280 14 14
287 285 14 14
287 282 14 14
287 283 14 14
288 280 14 14
288 285 14 14
288 281 14 14
288 287 14 14
289 286 14 14
289 283 14 14
289 282 14 14
289 280 14 14
290 286 14 14
290 289 14 14
290 281 14 14
290 283 14 14
291 283 14 14
291 286 14 14
291 280 14 14
291 288 14 14
292 291 14 14
292 280 14 14
292 285 14 14
292 284 14 14
293 282 14 14
293 281 14 14
293 283 14 14
293 291 14 14
294 282 14 14
294 280 14 14
294 285 14 14
294 289 14 14
295 293 14 14
295 289 14 14
295 282 14 14
295 284 14 14
296 280 14 14
296 285 14 14
296 294 14 14
296 288 14 14
297 290 14 14
297 281 14 14
297 293 14 14
297 286 14 14
298 290 14 14
298 281 14 14
298 286 14 14
298 293 14 14
299 296 14 14
299 292 14 14
299 284 14 14
299 298 14 14
280 293 14 14
280 295 14 14
280 290 14 14
280 297 14 14
281 291 14 14
281 292 14 14
281 289 14 14
281 299 14 14
282 296 14 14
282 291 14 14
282 288 14 14
282 292 14 14
283 299 14 14
283 292 14 14
283 298 14 14
283 297 14 14
304 303 15 15
304 300 15 15
304 302 15 15
304 301 15 15
305 303 15 15
305 300 15 15
305 301 15 15
305 304 15 15
306 300 15 15
306 303 15 15
306 305 15 15
306 302 15 15
307 301 15 15
307 302 15 15
307 306 15 15
307 300 15 15
308 307 15 15
308 302 15 15
308 303 15 15
308 305 15 15
309 305 15 15
309 307 15 15
309 306 15 15
309 301 15 15
310 309 15 15
310 302 15 15
310 308 15 15
310 304 15 15
311 308 15 15
311 307 15 15
311 304 15 15
311 303 15 15
312 306 15 15
312 305 15 15
312 300 15 15
312 307 15 15
313 301 15 15
313 310 15 15
313 306 15 15
313 304 15 15
314 300 15 15
314 311 15 15
314 303 15 15
314 305 15 15
315 312 15 15
315 302 15 15
315 306 15 15
315 307 15 15
316 303 15 15
316 306 15 15
316 302 15 15
316 314 15 15
317 312 15 15
317 311 15 15
317 300 15 15
317 308 15 15
318 301 15 15
318 315 15 15
318 310 15 15
318 307 15 15
319 303 15 15
319 310 15 15
319 315 15 15
319 305 15 15
300 311 15 15
300 310 15 15
300 313 15 15
300 316 15 15
301 306 15 15
301 319 15 15
301 312 15 15
301 308 15 15
302 318 15 15
302 312 15 15
302 313 15 15
302 305 15 15
303 312 15 15
303 317 15 15
303 313 15 15
303 309 15 15
87 33 4 1
93 63 4 3
83 8 4 0
97 56 4 2
103 73 5 3
101 93 5 4
113 47 5 2
104 25 5 1
137 70 6 3
138 82 6 4
123 22 6 1
127 105 6 5
153 123 7 6
159 35 7 1
142 62 7 3
145 103 7 5
167 127 8 6
167 14 8 0
163 87 8 4
175 30 8 1
192 55 9 2
184 133 9 6
195 91 9 4
197 21 9 1
208 35 10 1
216 141 10 7
217 131 10 6
200 169 10 8
224 6 11 0
236 68 11 3
235 92 11 4
220 168 11 8
244 160 12 8
256 80 12 4
244 21 12 1
245 129 12 6
266 226 13 11
265 93 13 4
266 136 13 6
274 75 13 3
282 174 14 8
291 27 14 1
286 225 14 11
298 3 14 0
308 59 15 2
300 175 15 8
304 81 15 4
302 249 15 12
19 252 0 12
4 313 0 15
13 130 0 6
18 270 0 13
39 306 1 15
30 271 1 13
32 225 1 11
44 299 2 14
50 227 2 11
42 268 2 13
42 207 2 10
64 302 3 15
70 252 3 12
60 161 3 8
73 297 3 14
