swNum = 320
edgeNum = 1344

0 0
1 0
2 0
3 0
4 0
5 0
6 0
7 0
8 0
9 0
10 0
11 0
12 0
13 0
14 0
15 0
16 0
17 0
18 0
19 0
20 1
21 1
22 1
23 1
24 1
25 1
26 1
27 1
28 1
29 1
30 1
31 1
32 1
33 1
34 1
35 1
36 1
37 1
38 1
39 1
40 2
41 2
42 2
43 2
44 2
45 2
46 2
47 2
48 2
49 2
50 2
51 2
52 2
53 2
54 2
55 2
56 2
57 2
58 2
59 2
60 3
61 3
62 3
63 3
64 3
65 3
66 3
67 3
68 3
69 3
70 3
71 3
72 3
73 3
74 3
75 3
76 3
77 3
78 3
79 3
80 4
81 4
82 4
83 4
84 4
85 4
86 4
87 4
88 4
89 4
90 4
91 4
92 4
93 4
94 4
95 4
96 4
97 4
98 4
99 4
100 5
101 5
102 5
103 5
104 5
105 5
106 5
107 5
108 5
109 5
110 5
111 5
112 5
113 5
114 5
115 5
116 5
117 5
118 5
119 5
120 6
121 6
122 6
123 6
124 6
125 6
126 6
127 6
128 6
129 6
130 6
131 6
132 6
133 6
134 6
135 6
136 6
137 6
138 6
139 6
140 7
141 7
142 7
143 7
144 7
145 7
146 7
147 7
148 7
149 7
150 7
151 7
152 7
153 7
154 7
155 7
156 7
157 7
158 7
159 7
160 8
161 8
162 8
163 8
164 8
165 8
166 8
167 8
168 8
169 8
170 8
171 8
172 8
173 8
174 8
175 8
176 8
177 8
178 8
179 8
180 9
181 9
182 9
183 9
184 9
185 9
186 9
187 9
188 9
189 9
190 9
191 9
192 9
193 9
194 9
195 9
196 9
197 9
198 9
199 9
200 10
201 10
202 10
203 10
204 10
205 10
206 10
207 10
208 10
209 10
210 10
211 10
212 10
213 10
214 10
215 10
216 10
217 10
218 10
219 10
220 11
221 11
222 11
223 11
224 11
225 11
226 11
227 11
228 11
229 11
230 11
231 11
232 11
233 11
234 11
235 11
236 11
237 11
238 11
239 11
240 12
241 12
242 12
243 12
244 12
245 12
246 12
247 12
248 12
249 12
250 12
251 12
252 12
253 12
254 12
255 12
256 12
257 12
258 12
259 12
260 13
261 13
262 13
263 13
264 13
265 13
266 13
267 13
268 13
269 13
270 13
271 13
272 13
273 13
274 13
275 13
276 13
277 13
278 13
279 13
280 14
281 14
282 14
283 14
284 14
285 14
286 14
287 14
288 14
289 14
290 14
291 14
292 14
293 14
294 14
295 14
296 14
297 14
298 14
299 14
300 15
301 15
302 15
303 15
304 15
305 15
306 15
307 15
308 15
309 15
310 15
311 15
312 15
313 15
314 15
315 15
316 15
317 15
318 15
319 15

4 0 0 0
4 1 0 0
4 3 0 0
4 2 0 0
5 3 0 0
5 0 0 0
5 4 0 0
5 2 0 0
6 1 0 0
6 4 0 0
6 2 0 0
6 5 0 0
7 5 0 0
7 1 0 0
7 3 0 0
7 4 0 0
8 7 0 0
8 5 0 0
8 0 0 0
8 3 0 0
9 1 0 0
9 6 0 0
9 5 0 0
9 2 0 0
10 2 0 0
10 3 0 0
10 4 0 0
10 7 0 0
11 6 0 0
11 5 0 0
11 4 0 0
11 8 0 0
12 2 0 0
12 4 0 0
12 3 0 0
12 11 0 0
13 10 0 0
13 4 0 0
13 12 0 0
13 8 0 0
14 6 0 0
14 1 0 0
14 9 0 0
14 13 0 0
15 5 0 0
15 1 0 0
15 8 0 0
15 7 0 0
16 15 0 0
16 11 0 0
16 0 0 0
16 5 0 0
17 6 0 0
17 1 0 0
17 4 0 0
17 11 0 0
18 9 0 0
18 1 0 0
18 0 0 0
18 14 0 0
19 16 0 0
19 5 0 0
19 11 0 0
19 4 0 0
0 17 0 0
0 11 0 0
0 14 0 0
0 15 0 0
1 16 0 0
1 8 0 0
1 19 0 0
1 12 0 0
2 13 0 0
2 8 0 0
2 18 0 0
2 7 0 0
3 15 0 0
3 11 0 0
3 14 0 0
3 19 0 0
24 22 1 1
24 20 1 1
24 21 1 1
24 23 1 1
25 24 1 1
25 23 1 1
25 20 1 1
25 22 1 1
26 22 1 1
26 20 1 1
26 21 1 1
26 24 1 1
27 23 1 1
27 24 1 1
27 25 1 1
27 20 1 1
28 26 1 1
28 25 1 1
28 27 1 1
28 23 1 1
29 21 1 1
29 20 1 1
29 22 1 1
29 26 1 1
30 23 1 1
30 29 1 1
30 21 1 1
30 27 1 1
31 25 1 1
31 30 1 1
31 24 1 1
31 22 1 1
32 29 1 1
32 23 1 1
32 21 1 1
32 30 1 1
33 30 1 1
33 32 1 1
33 25 1 1
33 20 1 1
34 22 1 1
34 24 1 1
34 28 1 1
34 29 1 1
35 31 1 1
35 21 1 1
35 30 1 1
35 23 1 1
36 25 1 1
36 29 1 1
36 27 1 1
36 34 1 1
37 25 1 1
37 31 1 1
37 24 1 1
37 34 1 1
38 20 1 1
38 30 1 1
38 33 1 1
38 36 1 1
39 30 1 1
39 25 1 1
39 24 1 1
39 27 1 1
20 34 1 1
20 28 1 1
20 37 1 1
20 31 1 1
21 33 1 1
21 27 1 1
21 28 1 1
21 36 1 1
22 28 1 1
22 37 1 1
22 30 1 1
22 36 1 1
23 31 1 1
23 34 1 1
23 26 1 1
23 39 1 1
44 41 2 2
44 43 2 2
44 40 2 2
44 42 2 2
45 43 2 2
45 44 2 2
45 41 2 2
45 42 2 2
46 41 2 2
46 43 2 2
46 45 2 2
46 44 2 2
47 44 2 2
47 43 2 2
47 40 2 2
47 46 2 2
48 45 2 2
48 44 2 2
48 41 2 2
48 43 2 2
49 43 2 2
49 42 2 2
49 40 2 2
49 45 2 2
50 42 2 2
50 44 2 2
50 48 2 2
50 41 2 2
51 45 2 2
51 48 2 2
51 50 2 2
51 43 2 2
52 40 2 2
52 42 2 2
52 47 2 2
52 45 2 2
53 43 2 2
53 47 2 2
53 45 2 2
53 48 2 2
54 45 2 2
54 44 2 2
54 41 2 2
54 46 2 2
55 42 2 2
55 54 2 2
55 40 2 2
55 49 2 2
56 53 2 2
56 44 2 2
56 54 2 2
56 45 2 2
57 41 2 2
57 43 2 2
57 46 2 2
57 49 2 2
58 53 2 2
58 56 2 2
58 45 2 2
58 54 2 2
59 54 2 2
59 49 2 2
59 40 2 2
59 47 2 2
40 46 2 2
40 48 2 2
40 54 2 2
40 58 2 2
41 52 2 2
41 58 2 2
41 51 2 2
41 59 2 2
42 48 2 2
42 59 2 2
42 47 2 2
42 58 2 2
43 59 2 2
43 55 2 2
43 58 2 2
43 50 2 2
64 61 3 3
64 62 3 3
64 60 3 3
64 63 3 3
65 62 3 3
65 60 3 3
65 63 3 3
65 61 3 3
66 63 3 3
66 65 3 3
66 60 3 3
66 61 3 3
67 64 3 3
67 60 3 3
67 61 3 3
67 66 3 3
68 62 3 3
68 61 3 3
68 66 3 3
68 60 3 3
69 60 3 3
69 63 3 3
69 67 3 3
69 68 3 3
70 66 3 3
70 69 3 3
70 60 3 3
70 61 3 3
71 65 3 3
71 64 3 3
71 61 3 3
71 69 3 3
72 63 3 3
72 65 3 3
72 60 3 3
72 67 3 3
73 71 3 3
73 70 3 3
73 69 3 3
73 64 3 3
74 61 3 3
74 72 3 3
74 71 3 3
74 62 3 3
75 60 3 3
75 74 3 3
75 67 3 3
75 71 3 3
76 65 3 3
76 74 3 3
76 60 3 3
76 75 3 3
77 64 3 3
77 73 3 3
77 61 3 3
77 72 3 3
78 68 3 3
78 70 3 3
78 76 3 3
78 63 3 3
79 60 3 3
79 71 3 3
79 70 3 3
79 64 3 3
60 77 3 3
60 71 3 3
60 78 3 3
60 73 3 3
61 73 3 3
61 75 3 3
61 72 3 3
61 69 3 3
62 72 3 3
62 70 3 3
62 77 3 3
62 78 3 3
63 67 3 3
63 77 3 3
63 68 3 3
63 76 3 3
84 83 4 4
84 81 4 4
84 80 4 4
84 82 4 4
85 81 4 4
85 82 4 4
85 80 4 4
85 84 4 4
86 83 4 4
86 81 4 4
86 85 4 4
86 80 4 4
87 81 4 4
87 82 4 4
87 83 4 4
87 84 4 4
88 81 4 4
88 87 4 4
88 82 4 4
88 84 4 4
89 84 4 4
89 81 4 4
89 86 4 4
89 88 4 4
90 82 4 4
90 87 4 4
90 88 4 4
90 81 4 4
91 85 4 4
91 89 4 4
91 90 4 4
91 80 4 4
92 83 4 4
92 86 4 4
92 81 4 4
92 84 4 4
93 85 4 4
93 84 4 4
93 92 4 4
93 82 4 4
94 90 4 4
94 83 4 4
94 81 4 4
94 89 4 4
95 94 4 4
95 82 4 4
95 83 4 4
95 81 4 4
96 84 4 4
96 83 4 4
96 85 4 4
96 93 4 4
97 87 4 4
97 84 4 4
97 91 4 4
97 82 4 4
98 94 4 4
98 85 4 4
98 84 4 4
98 81 4 4
99 91 4 4
99 89 4 4
99 94 4 4
99 92 4 4
80 89 4 4
80 99 4 4
80 93 4 4
80 98 4 4
81 99 4 4
81 91 4 4
81 93 4 4
81 96 4 4
82 96 4 4
82 91 4 4
82 99 4 4
82 86 4 4
83 98 4 4
83 89 4 4
83 99 4 4
83 93 4 4
104 102 5 5
104 103 5 5
104 101 5 5
104 100 5 5
105 104 5 5
105 101 5 5
105 100 5 5
105 103 5 5
106 102 5 5
106 103 5 5
106 104 5 5
106 105 5 5
107 100 5 5
107 102 5 5
107 103 5 5
107 105 5 5
108 104 5 5
108 102 5 5
108 103 5 5
108 106 5 5
109 107 5 5
109 103 5 5
109 100 5 5
109 108 5 5
110 100 5 5
110 107 5 5
110 109 5 5
110 105 5 5
111 103 5 5
111 107 5 5
111 101 5 5
111 100 5 5
112 103 5 5
112 109 5 5
112 111 5 5
112 100 5 5
113 103 5 5
113 104 5 5
113 112 5 5
113 101 5 5
114 104 5 5
114 112 5 5
114 110 5 5
114 103 5 5
115 112 5 5
115 113 5 5
115 106 5 5
115 103 5 5
116 112 5 5
116 100 5 5
116 113 5 5
116 106 5 5
117 101 5 5
117 112 5 5
117 105 5 5
117 114 5 5
118 103 5 5
118 114 5 5
118 101 5 5
118 113 5 5
119 102 5 5
119 108 5 5
119 116 5 5
119 113 5 5
100 117 5 5
100 119 5 5
100 118 5 5
100 106 5 5
101 116 5 5
101 112 5 5
101 114 5 5
101 115 5 5
102 113 5 5
102 116 5 5
102 109 5 5
102 112 5 5
103 119 5 5
103 116 5 5
103 117 5 5
103 110 5 5
124 123 6 6
124 122 6 6
124 120 6 6
124 121 6 6
125 124 6 6
125 120 6 6
125 123 6 6
125 121 6 6
126 123 6 6
126 122 6 6
126 124 6 6
126 121 6 6
127 124 6 6
127 120 6 6
127 121 6 6
127 125 6 6
128 122 6 6
128 121 6 6
128 124 6 6
128 127 6 6
129 126 6 6
129 122 6 6
129 128 6 6
129 121 6 6
130 124 6 6
130 128 6 6
130 121 6 6
130 127 6 6
131 127 6 6
131 130 6 6
131 121 6 6
131 124 6 6
132 123 6 6
132 121 6 6
132 131 6 6
132 120 6 6
133 121 6 6
133 127 6 6
133 130 6 6
133 132 6 6
134 124 6 6
134 122 6 6
134 126 6 6
134 129 6 6
135 134 6 6
135 123 6 6
135 126 6 6
135 133 6 6
136 122 6 6
136 128 6 6
136 126 6 6
136 134 6 6
137 129 6 6
137 132 6 6
137 121 6 6
137 123 6 6
138 130 6 6
138 133 6 6
138 120 6 6
138 121 6 6
139 120 6 6
139 136 6 6
139 138 6 6
139 133 6 6
120 129 6 6
120 136 6 6
120 133 6 6
120 135 6 6
121 136 6 6
121 139 6 6
121 135 6 6
121 134 6 6
122 130 6 6
122 131 6 6
122 127 6 6
122 137 6 6
123 139 6 6
123 129 6 6
123 128 6 6
123 136 6 6
144 141 7 7
144 142 7 7
144 140 7 7
144 143 7 7
145 141 7 7
145 142 7 7
145 140 7 7
145 143 7 7
146 142 7 7
146 144 7 7
146 140 7 7
146 145 7 7
147 140 7 7
147 144 7 7
147 143 7 7
147 146 7 7
148 144 7 7
148 142 7 7
148 140 7 7
148 143 7 7
149 145 7 7
149 147 7 7
149 141 7 7
149 142 7 7
150 142 7 7
150 143 7 7
150 147 7 7
150 140 7 7
151 148 7 7
151 142 7 7
151 141 7 7
151 147 7 7
152 140 7 7
152 147 7 7
152 145 7 7
152 149 7 7
153 140 7 7
153 142 7 7
153 141 7 7
153 145 7 7
154 143 7 7
154 148 7 7
154 153 7 7
154 144 7 7
155 149 7 7
155 140 7 7
155 152 7 7
155 145 7 7
156 144 7 7
156 147 7 7
156 143 7 7
156 141 7 7
157 147 7 7
157 142 7 7
157 140 7 7
157 154 7 7
158 153 7 7
158 147 7 7
158 154 7 7
158 143 7 7
159 141 7 7
159 145 7 7
159 140 7 7
159 153 7 7
140 149 7 7
140 151 7 7
140 154 7 7
140 156 7 7
141 148 7 7
141 147 7 7
141 154 7 7
141 157 7 7
142 147 7 7
142 155 7 7
142 159 7 7
142 152 7 7
143 151 7 7
143 146 7 7
143 159 7 7
143 155 7 7
164 160 8 8
164 162 8 8
164 161 8 8
164 163 8 8
165 161 8 8
165 164 8 8
165 162 8 8
165 160 8 8
166 160 8 8
166 165 8 8
166 164 8 8
166 162 8 8
167 162 8 8
167 163 8 8
167 161 8 8
167 160 8 8
168 167 8 8
168 166 8 8
168 160 8 8
168 164 8 8
169 160 8 8
169 162 8 8
169 166 8 8
169 161 8 8
170 167 8 8
170 166 8 8
170 163 8 8
170 160 8 8
171 162 8 8
171 160 8 8
171 170 8 8
171 169 8 8
172 161 8 8
172 167 8 8
172 160 8 8
172 163 8 8
173 164 8 8
173 171 8 8
173 161 8 8
173 170 8 8
174 171 8 8
174 169 8 8
174 162 8 8
174 164 8 8
175 168 8 8
175 172 8 8
175 167 8 8
175 165 8 8
176 170 8 8
176 172 8 8
176 165 8 8
176 168 8 8
177 160 8 8
177 162 8 8
177 168 8 8
177 171 8 8
178 173 8 8
178 176 8 8
178 171 8 8
178 161 8 8
179 161 8 8
179 174 8 8
179 165 8 8
179 168 8 8
160 179 8 8
160 178 8 8
160 175 8 8
160 173 8 8
161 177 8 8
161 171 8 8
161 174 8 8
161 168 8 8
162 173 8 8
162 170 8 8
162 175 8 8
162 176 8 8
163 175 8 8
163 168 8 8
163 169 8 8
163 176 8 8
184 182 9 9
184 181 9 9
184 180 9 9
184 183 9 9
185 182 9 9
185 183 9 9
185 184 9 9
185 181 9 9
186 181 9 9
186 182 9 9
186 180 9 9
186 184 9 9
187 182 9 9
187 185 9 9
187 183 9 9
187 180 9 9
188 182 9 9
188 183 9 9
188 184 9 9
188 180 9 9
189 181 9 9
189 187 9 9
189 184 9 9
189 188 9 9
190 183 9 9
190 185 9 9
190 188 9 9
190 182 9 9
191 180 9 9
191 189 9 9
191 190 9 9
191 187 9 9
192 185 9 9
192 190 9 9
192 182 9 9
192 184 9 9
193 181 9 9
193 180 9 9
193 186 9 9
193 189 9 9
194 185 9 9
194 182 9 9
194 187 9 9
194 181 9 9
195 193 9 9
195 180 9 9
195 191 9 9
195 184 9 9
196 191 9 9
196 194 9 9
196 186 9 9
196 189 9 9
197 195 9 9
197 191 9 9
197 185 9 9
197 181 9 9
198 182 9 9
198 185 9 9
198 190 9 9
198 191 9 9
199 192 9 9
199 182 9 9
199 185 9 9
199 194 9 9
180 197 9 9
180 194 9 9
180 190 9 9
180 189 9 9
181 188 9 9
181 195 9 9
181 191 9 9
181 196 9 9
182 193 9 9
182 191 9 9
182 197 9 9
182 196 9 9
183 196 9 9
183 192 9 9
183 197 9 9
183 191 9 9
204 203 10 10
204 200 10 10
204 201 10 10
204 202 10 10
205 204 10 10
205 202 10 10
205 200 10 10
205 203 10 10
206 204 10 10
206 201 10 10
206 202 10 10
206 203 10 10
207 203 10 10
207 204 10 10
207 205 10 10
207 200 10 10
208 203 10 10
208 206 10 10
208 200 10 10
208 207 10 10
209 202 10 10
209 201 10 10
209 203 10 10
209 208 10 10
210 205 10 10
210 204 10 10
210 202 10 10
210 208 10 10
211 201 10 10
211 202 10 10
211 204 10 10
211 209 10 10
212 208 10 10
212 211 10 10
212 206 10 10
212 201 10 10
213 209 10 10
213 205 10 10
213 200 10 10
213 207 10 10
214 204 10 10
214 212 10 10
214 202 10 10
214 210 10 10
215 204 10 10
215 207 10 10
215 213 10 10
215 200 10 10
216 212 10 10
216 206 10 10
216 209 10 10
216 203 10 10
217 213 10 10
217 210 10 10
217 200 10 10
217 209 10 10
218 205 10 10
218 200 10 10
218 202 10 10
218 215 10 10
219 201 10 10
219 206 10 10
219 209 10 10
219 213 10 10
200 214 10 10
200 210 10 10
200 206 10 10
200 216 10 10
201 205 10 10
201 217 10 10
201 216 10 10
201 214 10 10
202 216 10 10
202 212 10 10
202 217 10 10
202 208 10 10
203 219 10 10
203 214 10 10
203 212 10 10
203 215 10 10
224 222 11 11
224 220 11 11
224 221 11 11
224 223 11 11
225 221 11 11
225 224 11 11
225 222 11 11
225 220 11 11
226 221 11 11
226 223 11 11
226 224 11 11
226 222 11 11
227 224 11 11
227 225 11 11
227 223 11 11
227 226 11 11
228 227 11 11
228 223 11 11
228 224 11 11
228 220 11 11
229 227 11 11
229 223 11 11
229 228 11 11
229 220 11 11
230 221 11 11
230 222 11 11
230 227 11 11
230 220 11 11
231 224 11 11
231 225 11 11
231 222 11 11
231 230 11 11
232 228 11 11
232 227 11 11
232 230 11 11
232 225 11 11
233 228 11 11
233 223 11 11
233 230 11 11
233 232 11 11
234 223 11 11
234 224 11 11
234 227 11 11
234 228 11 11
235 232 11 11
235 227 11 11
235 221 11 11
235 222 11 11
236 226 11 11
236 221 11 11
236 231 11 11
236 228 11 11
237 223 11 11
237 224 11 11
237 234 11 11
237 228 11 11
238 232 11 11
238 222 11 11
238 221 11 11
238 224 11 11
239 237 11 11
239 223 11 11
239 229 11 11
239 228 11 11
220 237 11 11
220 233 11 11
220 238 11 11
220 234 11 11
221 228 11 11
221 233 11 11
221 227 11 11
221 231 11 11
222 232 11 11
222 236 11 11
222 237 11 11
222 227 11 11
223 236 11 11
223 232 11 11
223 235 11 11
223 238 11 11
244 240 12 12
244 242 12 12
244 243 12 12
244 241 12 12
245 241 12 12
245 243 12 12
245 242 12 12
245 240 12 12
246 241 12 12
246 245 12 12
246 240 12 12
246 244 12 12
247 240 12 12
247 244 12 12
247 245 12 12
247 242 12 12
248 243 12 12
248 247 12 12
248 240 12 12
248 245 12 12
249 242 12 12
249 244 12 12
249 245 12 12
249 240 12 12
250 242 12 12
250 240 12 12
250 243 12 12
250 244 12 12
251 248 12 12
251 245 12 12
251 246 12 12
251 249 12 12
252 245 12 12
252 246 12 12
252 250 12 12
252 243 12 12
253 240 12 12
253 244 12 12
253 247 12 12
253 242 12 12
254 250 12 12
254 248 12 12
254 245 12 12
254 247 12 12
255 252 12 12
255 253 12 12
255 241 12 12
255 244 12 12
256 242 12 12
256 247 12 12
256 246 12 12
256 253 12 12
257 240 12 12
257 246 12 12
257 247 12 12
257 250 12 12
258 256 12 12
258 241 12 12
258 257 12 12
258 252 12 12
259 248 12 12
259 250 12 12
259 257 12 12
259 251 12 12
240 252 12 12
240 256 12 12
240 258 12 12
240 254 12 12
241 251 12 12
241 252 12 12
241 259 12 12
241 254 12 12
242 255 12 12
242 254 12 12
242 246 12 12
242 257 12 12
243 256 12 12
243 247 12 12
243 249 12 12
243 253 12 12
264 262 13 13
264 263 13 13
264 260 13 13
264 261 13 13
265 264 13 13
265 262 13 13
265 261 13 13
265 263 13 13
266 262 13 13
266 261 13 13
266 265 13 13
266 264 13 13
267 266 13 13
267 265 13 13
267 264 13 13
267 263 13 13
268 261 13 13
268 263 13 13
268 265 13 13
268 267 13 13
269 262 13 13
269 263 13 13
269 266 13 13
269 260 13 13
270 262 13 13
270 267 13 13
270 264 13 13
270 265 13 13
271 266 13 13
271 268 13 13
271 262 13 13
271 263 13 13
272 268 13 13
272 261 13 13
272 271 13 13
272 260 13 13
273 267 13 13
273 272 13 13
273 260 13 13
273 266 13 13
274 269 13 13
274 261 13 13
274 265 13 13
274 260 13 13
275 264 13 13
275 266 13 13
275 263 13 13
275 271 13 13
276 272 13 13
276 261 13 13
276 266 13 13
276 275 13 13
277 262 13 13
277 275 13 13
277 265 13 13
277 273 13 13
278 273 13 13
278 260 13 13
278 268 13 13
278 275 13 13
279 269 13 13
279 278 13 13
279 263 13 13
279 271 13 13
260 279 13 13
260 266 13 13
260 276 13 13
260 275 13 13
261 273 13 13
261 275 13 13
261 278 13 13
261 269 13 13
262 273 13 13
262 267 13 13
262 279 13 13
262 268 13 13
263 277 13 13
263 274 13 13
263 272 13 13
263 278 13 13
284 282 14 14
284 283 14 14
284 281 14 14
284 280 14 14
285 282 14 14
285 280 14 14
285 283 14 14
285 284 14 14
286 280 14 14
286 285 14 14
286 282 14 14
286 281 14 14
287 286 14 14
287 281 14 14
287 284 14 14
287 285 14 14
288 287 14 14
288 282 14 14
288 284 14 14
288 285 14 14
289 286 14 14
289 280 14 14
289 281 14 14
289 284 14 14
290 281 14 14
290 289 14 14
290 286 14 14
290 280 14 14
291 281 14 14
291 289 14 14
291 282 14 14
291 286 14 14
292 285 14 14
292 287 14 14
292 288 14 14
292 290 14 14
293 282 14 14
293 285 14 14
293 283 14 14
293 289 14 14
294 284 14 14
294 283 14 14
294 293 14 14
294 286 14 14
295 287 14 14
295 293 14 14
295 281 14 14
295 288 14 14
296 288 14 14
296 291 14 14
296 292 14 14
296 284 14 14
297 296 14 14
297 283 14 14
297 291 14 14
297 294 14 14
298 289 14 14
298 294 14 14
298 293 14 14
298 296 14 14
299 288 14 14
299 282 14 14
299 284 14 14
299 294 14 14
280 295 14 14
280 291 14 14
280 294 14 14
280 296 14 14
281 299 14 14
281 293 14 14
281 285 14 14
281 298 14 14
282 294 14 14
282 292 14 14
282 287 14 14
282 295 14 14
283 291 14 14
283 287 14 14
283 288 14 14
283 298 14 14
304 302 15 15
304 301 15 15
304 300 15 15
304 303 15 15
305 303 15 15
305 301 15 15
305 300 15 15
305 304 15 15
306 300 15 15
306 304 15 15
306 301 15 15
306 303 15 15
307 301 15 15
307 304 15 15
307 306 15 15
307 305 15 15
308 305 15 15
308 302 15 15
308 301 15 15
308 304 15 15
309 305 15 15
309 303 15 15
309 307 15 15
309 308 15 15
310 300 15 15
310 304 15 15
310 306 15 15
310 303 15 15
311 309 15 15
311 300 15 15
311 307 15 15
311 310 15 15
312 309 15 15
312 310 15 15
312 301 15 15
312 303 15 15
313 303 15 15
313 300 15 15
313 305 15 15
313 307 15 15
314 303 15 15
314 312 15 15
314 301 15 15
314 305 15 15
315 301 15 15
315 308 15 15
315 304 15 15
315 302 15 15
316 314 15 15
316 303 15 15
316 308 15 15
316 300 15 15
317 310 15 15
317 312 15 15
317 313 15 15
317 300 15 15
318 316 15 15
318 303 15 15
318 312 15 15
318 317 15 15
319 303 15 15
319 306 15 15
319 307 15 15
319 313 15 15
300 308 15 15
300 307 15 15
300 309 15 15
300 312 15 15
301 316 15 15
301 313 15 15
301 318 15 15
301 317 15 15
302 316 15 15
302 312 15 15
302 306 15 15
302 307 15 15
303 317 15 15
303 311 15 15
303 308 15 15
303 307 15 15
84 54 4 2
88 16 4 0
83 25 4 1
86 63 4 3
103 27 5 1
118 83 5 4
112 55 5 2
103 9 5 0
130 14 6 0
130 60 6 3
139 47 6 2
129 23 6 1
156 58 7 2
144 5 7 0
159 71 7 3
153 97 7 4
161 27 8 1
177 134 8 6
178 100 8 5
167 50 8 2
186 92 9 4
196 65 9 3
183 53 9 2
182 22 9 1
206 163 10 8
210 106 10 5
212 20 10 1
203 127 10 6
220 208 11 10
231 91 11 4
222 115 11 5
236 18 11 0
243 33 12 1
246 218 12 10
250 59 12 2
240 144 12 7
262 73 13 3
266 259 13 12
272 185 13 9
264 217 13 10
284 232 14 11
282 244 14 12
294 150 14 7
298 82 14 4
314 207 15 10
315 256 15 12
311 15 15 0
312 283 15 14
5 178 0 8
8 274 0 13
10 195 0 9
17 281 0 14
29 318 1 15
34 296 1 14
24 267 1 13
23 235 1 11
46 311 2 15
41 238 2 11
51 207 2 10
47 296 2 14
65 304 3 15
79 284 3 14
76 255 3 12
77 239 3 11
