swNum = 320
edgeNum = 1344

0 0
1 0
2 0
3 0
4 0
5 0
6 0
7 0
8 0
9 0
10 0
11 0
12 0
13 0
14 0
15 0
16 0
17 0
18 0
19 0
20 1
21 1
22 1
23 1
24 1
25 1
26 1
27 1
28 1
29 1
30 1
31 1
32 1
33 1
34 1
35 1
36 1
37 1
38 1
39 1
40 2
41 2
42 2
43 2
44 2
45 2
46 2
47 2
48 2
49 2
50 2
51 2
52 2
53 2
54 2
55 2
56 2
57 2
58 2
59 2
60 3
61 3
62 3
63 3
64 3
65 3
66 3
67 3
68 3
69 3
70 3
71 3
72 3
73 3
74 3
75 3
76 3
77 3
78 3
79 3
80 4
81 4
82 4
83 4
84 4
85 4
86 4
87 4
88 4
89 4
90 4
91 4
92 4
93 4
94 4
95 4
96 4
97 4
98 4
99 4
100 5
101 5
102 5
103 5
104 5
105 5
106 5
107 5
108 5
109 5
110 5
111 5
112 5
113 5
114 5
115 5
116 5
117 5
118 5
119 5
120 6
121 6
122 6
123 6
124 6
125 6
126 6
127 6
128 6
129 6
130 6
131 6
132 6
133 6
134 6
135 6
136 6
137 6
138 6
139 6
140 7
141 7
142 7
143 7
144 7
145 7
146 7
147 7
148 7
149 7
150 7
151 7
152 7
153 7
154 7
155 7
156 7
157 7
158 7
159 7
160 8
161 8
162 8
163 8
164 8
165 8
166 8
167 8
168 8
169 8
170 8
171 8
172 8
173 8
174 8
175 8
176 8
177 8
178 8
179 8
180 9
181 9
182 9
183 9
184 9
185 9
186 9
187 9
188 9
189 9
190 9
191 9
192 9
193 9
194 9
195 9
196 9
197 9
198 9
199 9
200 10
201 10
202 10
203 10
204 10
205 10
206 10
207 10
208 10
209 10
210 10
211 10
212 10
213 10
214 10
215 10
216 10
217 10
218 10
219 10
220 11
221 11
222 11
223 11
224 11
225 11
226 11
227 11
228 11
229 11
230 11
231 11
232 11
233 11
234 11
235 11
236 11
237 11
238 11
239 11
240 12
241 12
242 12
243 12
244 12
245 12
246 12
247 12
248 12
249 12
250 12
251 12
252 12
253 12
254 12
255 12
256 12
257 12
258 12
259 12
260 13
261 13
262 13
263 13
264 13
265 13
266 13
267 13
268 13
269 13
270 13
271 13
272 13
273 13
274 13
275 13
276 13
277 13
278 13
279 13
280 14
281 14
282 14
283 14
284 14
285 14
286 14
287 14
288 14
289 14
290 14
291 14
292 14
293 14
294 14
295 14
296 14
297 14
298 14
299 14
300 15
301 15
302 15
303 15
304 15
305 15
306 15
307 15
308 15
309 15
310 15
311 15
312 15
313 15
314 15
315 15
316 15
317 15
318 15
319 15

4 0 0 0
4 2 0 0
4 3 0 0
4 1 0 0
5 1 0 0
5 0 0 0
5 4 0 0
5 2 0 0
6 3 0 0
6 2 0 0
6 1 0 0
6 0 0 0
7 6 0 0
7 2 0 0
7 0 0 0
7 5 0 0
8 4 0 0
8 2 0 0
8 5 0 0
8 3 0 0
9 6 0 0
9 3 0 0
9 8 0 0
9 0 0 0
10 4 0 0
10 5 0 0
10 7 0 0
10 2 0 0
11 10 0 0
11 4 0 0
11 5 0 0
11 1 0 0
12 0 0 0
12 10 0 0
12 11 0 0
12 1 0 0
13 8 0 0
13 12 0 0
13 6 0 0
13 0 0 0
14 9 0 0
14 3 0 0
14 13 0 0
14 8 0 0
15 8 0 0
15 6 0 0
15 7 0 0
15 3 0 0
16 1 0 0
16 13 0 0
16 7 0 0
16 5 0 0
17 10 0 0
17 16 0 0
17 8 0 0
17 13 0 0
18 9 0 0
18 17 0 0
18 3 0 0
18 14 0 0
19 9 0 0
19 0 0 0
19 7 0 0
19 5 0 0
0 8 0 0
0 15 0 0
0 16 0 0
0 10 0 0
1 10 0 0
1 17 0 0
1 9 0 0
1 14 0 0
2 17 0 0
2 15 0 0
2 13 0 0
2 14 0 0
3 19 0 0
3 12 0 0
3 7 0 0
3 16 0 0
24 20 1 1
24 22 1 1
24 21 1 1
24 23 1 1
25 23 1 1
25 24 1 1
25 21 1 1
25 20 1 1
26 20 1 1
26 23 1 1
26 21 1 1
26 25 1 1
27 22 1 1
27 20 1 1
27 24 1 1
27 21 1 1
28 26 1 1
28 20 1 1
28 27 1 1
28 23 1 1
29 23 1 1
29 28 1 1
29 27 1 1
29 24 1 1
30 23 1 1
30 28 1 1
30 20 1 1
30 24 1 1
31 21 1 1
31 23 1 1
31 27 1 1
31 20 1 1
32 26 1 1
32 25 1 1
32 23 1 1
32 21 1 1
33 21 1 1
33 31 1 1
33 25 1 1
33 27 1 1
34 28 1 1
34 20 1 1
34 30 1 1
34 26 1 1
35 25 1 1
35 23 1 1
35 24 1 1
35 26 1 1
36 22 1 1
36 30 1 1
36 29 1 1
36 27 1 1
37 28 1 1
37 23 1 1
37 25 1 1
37 34 1 1
38 26 1 1
38 37 1 1
38 20 1 1
38 33 1 1
39 36 1 1
39 35 1 1
39 38 1 1
39 32 1 1
20 35 1 1
20 29 1 1
20 36 1 1
20 39 1 1
21 30 1 1
21 29 1 1
21 35 1 1
21 34 1 1
22 33 1 1
22 28 1 1
22 35 1 1
22 25 1 1
23 39 1 1
23 38 1 1
23 27 1 1
23 33 1 1
44 43 2 2
44 40 2 2
44 41 2 2
44 42 2 2
45 44 2 2
45 43 2 2
45 41 2 2
45 42 2 2
46 42 2 2
46 41 2 2
46 45 2 2
46 43 2 2
47 40 2 2
47 44 2 2
47 42 2 2
47 41 2 2
48 46 2 2
48 42 2 2
48 40 2 2
48 43 2 2
49 43 2 2
49 45 2 2
49 44 2 2
49 40 2 2
50 44 2 2
50 41 2 2
50 45 2 2
50 49 2 2
51 49 2 2
51 41 2 2
51 43 2 2
51 50 2 2
52 45 2 2
52 43 2 2
52 44 2 2
52 51 2 2
53 49 2 2
53 50 2 2
53 52 2 2
53 45 2 2
54 49 2 2
54 43 2 2
54 53 2 2
54 52 2 2
55 40 2 2
55 44 2 2
55 42 2 2
55 47 2 2
56 53 2 2
56 50 2 2
56 41 2 2
56 51 2 2
57 53 2 2
57 52 2 2
57 41 2 2
57 51 2 2
58 44 2 2
58 52 2 2
58 53 2 2
58 54 2 2
59 44 2 2
59 54 2 2
59 57 2 2
59 56 2 2
40 54 2 2
40 57 2 2
40 46 2 2
40 58 2 2
41 55 2 2
41 59 2 2
41 53 2 2
41 49 2 2
42 56 2 2
42 50 2 2
42 51 2 2
42 53 2 2
43 57 2 2
43 59 2 2
43 58 2 2
43 53 2 2
64 63 3 3
64 61 3 3
64 60 3 3
64 62 3 3
65 64 3 3
65 61 3 3
65 60 3 3
65 62 3 3
66 64 3 3
66 65 3 3
66 61 3 3
66 63 3 3
67 60 3 3
67 62 3 3
67 66 3 3
67 61 3 3
68 60 3 3
68 65 3 3
68 66 3 3
68 63 3 3
69 63 3 3
69 67 3 3
69 65 3 3
69 66 3 3
70 69 3 3
70 67 3 3
70 60 3 3
70 63 3 3
71 70 3 3
71 60 3 3
71 69 3 3
71 66 3 3
72 65 3 3
72 68 3 3
72 64 3 3
72 66 3 3
73 65 3 3
73 68 3 3
73 71 3 3
73 66 3 3
74 61 3 3
74 68 3 3
74 63 3 3
74 73 3 3
75 71 3 3
75 61 3 3
75 72 3 3
75 73 3 3
76 61 3 3
76 65 3 3
76 73 3 3
76 74 3 3
77 70 3 3
77 72 3 3
77 63 3 3
77 62 3 3
78 71 3 3
78 74 3 3
78 64 3 3
78 61 3 3
79 62 3 3
79 74 3 3
79 70 3 3
79 61 3 3
60 78 3 3
60 77 3 3
60 73 3 3
60 69 3 3
61 73 3 3
61 77 3 3
61 71 3 3
61 70 3 3
62 70 3 3
62 78 3 3
62 71 3 3
62 69 3 3
63 78 3 3
63 65 3 3
63 73 3 3
63 72 3 3
84 80 4 4
84 82 4 4
84 81 4 4
84 83 4 4
85 83 4 4
85 82 4 4
85 80 4 4
85 81 4 4
86 80 4 4
86 84 4 4
86 81 4 4
86 83 4 4
87 80 4 4
87 81 4 4
87 83 4 4
87 82 4 4
88 86 4 4
88 84 4 4
88 80 4 4
88 82 4 4
89 85 4 4
89 83 4 4
89 80 4 4
89 87 4 4
90 89 4 4
90 83 4 4
90 80 4 4
90 82 4 4
91 84 4 4
91 87 4 4
91 85 4 4
91 86 4 4
92 86 4 4
92 88 4 4
92 89 4 4
92 81 4 4
93 91 4 4
93 84 4 4
93 86 4 4
93 89 4 4
94 82 4 4
94 90 4 4
94 88 4 4
94 92 4 4
95 84 4 4
95 83 4 4
95 93 4 4
95 80 4 4
96 83 4 4
96 87 4 4
96 86 4 4
96 85 4 4
97 95 4 4
97 93 4 4
97 81 4 4
97 87 4 4
98 84 4 4
98 93 4 4
98 89 4 4
98 97 4 4
99 91 4 4
99 86 4 4
99 84 4 4
99 97 4 4
80 96 4 4
80 98 4 4
80 99 4 4
80 94 4 4
81 91 4 4
81 88 4 4
81 99 4 4
81 95 4 4
82 97 4 4
82 98 4 4
82 89 4 4
82 99 4 4
83 91 4 4
83 92 4 4
83 94 4 4
83 88 4 4
104 102 5 5
104 103 5 5
104 101 5 5
104 100 5 5
105 103 5 5
105 104 5 5
105 102 5 5
105 100 5 5
106 104 5 5
106 105 5 5
106 103 5 5
106 100 5 5
107 100 5 5
107 101 5 5
107 103 5 5
107 102 5 5
108 105 5 5
108 101 5 5
108 104 5 5
108 106 5 5
109 107 5 5
109 100 5 5
109 102 5 5
109 101 5 5
110 102 5 5
110 104 5 5
110 105 5 5
110 101 5 5
111 100 5 5
111 106 5 5
111 109 5 5
111 110 5 5
112 111 5 5
112 106 5 5
112 103 5 5
112 105 5 5
113 108 5 5
113 107 5 5
113 104 5 5
113 111 5 5
114 110 5 5
114 108 5 5
114 102 5 5
114 111 5 5
115 101 5 5
115 104 5 5
115 112 5 5
115 114 5 5
116 104 5 5
116 106 5 5
116 115 5 5
116 113 5 5
117 104 5 5
117 112 5 5
117 111 5 5
117 102 5 5
118 117 5 5
118 113 5 5
118 106 5 5
118 112 5 5
119 109 5 5
119 111 5 5
119 110 5 5
119 102 5 5
100 114 5 5
100 117 5 5
100 119 5 5
100 115 5 5
101 117 5 5
101 119 5 5
101 111 5 5
101 112 5 5
102 106 5 5
102 116 5 5
102 118 5 5
102 112 5 5
103 114 5 5
103 115 5 5
103 117 5 5
103 118 5 5
124 121 6 6
124 122 6 6
124 123 6 6
124 120 6 6
125 124 6 6
125 121 6 6
125 120 6 6
125 122 6 6
126 125 6 6
126 121 6 6
126 124 6 6
126 120 6 6
127 124 6 6
127 126 6 6
127 123 6 6
127 121 6 6
128 125 6 6
128 121 6 6
128 126 6 6
128 124 6 6
129 120 6 6
129 125 6 6
129 124 6 6
129 123 6 6
130 124 6 6
130 121 6 6
130 122 6 6
130 126 6 6
131 130 6 6
131 129 6 6
131 123 6 6
131 120 6 6
132 126 6 6
132 121 6 6
132 128 6 6
132 125 6 6
133 126 6 6
133 128 6 6
133 127 6 6
133 125 6 6
134 129 6 6
134 122 6 6
134 120 6 6
134 126 6 6
135 122 6 6
135 120 6 6
135 132 6 6
135 133 6 6
136 135 6 6
136 124 6 6
136 121 6 6
136 120 6 6
137 131 6 6
137 122 6 6
137 135 6 6
137 124 6 6
138 137 6 6
138 121 6 6
138 120 6 6
138 135 6 6
139 135 6 6
139 137 6 6
139 131 6 6
139 124 6 6
120 128 6 6
120 130 6 6
120 132 6 6
120 137 6 6
121 135 6 6
121 137 6 6
121 134 6 6
121 133 6 6
122 129 6 6
122 131 6 6
122 138 6 6
122 139 6 6
123 139 6 6
123 135 6 6
123 138 6 6
123 134 6 6
144 142 7 7
144 141 7 7
144 143 7 7
144 140 7 7
145 144 7 7
145 142 7 7
145 141 7 7
145 143 7 7
146 144 7 7
146 141 7 7
146 143 7 7
146 140 7 7
147 146 7 7
147 143 7 7
147 144 7 7
147 141 7 7
148 147 7 7
148 145 7 7
148 143 7 7
148 140 7 7
149 147 7 7
149 142 7 7
149 144 7 7
149 143 7 7
150 148 7 7
150 140 7 7
150 141 7 7
150 143 7 7
151 143 7 7
151 145 7 7
151 141 7 7
151 147 7 7
152 140 7 7
152 148 7 7
152 150 7 7
152 142 7 7
153 143 7 7
153 149 7 7
153 141 7 7
153 145 7 7
154 141 7 7
154 150 7 7
154 153 7 7
154 151 7 7
155 143 7 7
155 144 7 7
155 148 7 7
155 153 7 7
156 146 7 7
156 149 7 7
156 152 7 7
156 151 7 7
157 155 7 7
157 141 7 7
157 152 7 7
157 143 7 7
158 156 7 7
158 140 7 7
158 141 7 7
158 151 7 7
159 140 7 7
159 143 7 7
159 152 7 7
159 150 7 7
140 155 7 7
140 156 7 7
140 149 7 7
140 153 7 7
141 152 7 7
141 149 7 7
141 155 7 7
141 148 7 7
142 154 7 7
142 159 7 7
142 147 7 7
142 155 7 7
143 154 7 7
143 156 7 7
143 152 7 7
143 158 7 7
164 160 8 8
164 161 8 8
164 162 8 8
164 163 8 8
165 161 8 8
165 163 8 8
165 164 8 8
165 160 8 8
166 161 8 8
166 165 8 8
166 163 8 8
166 162 8 8
167 161 8 8
167 166 8 8
167 164 8 8
167 165 8 8
168 167 8 8
168 164 8 8
168 165 8 8
168 160 8 8
169 161 8 8
169 164 8 8
169 167 8 8
169 168 8 8
170 169 8 8
170 167 8 8
170 166 8 8
170 161 8 8
171 164 8 8
171 161 8 8
171 166 8 8
171 160 8 8
172 170 8 8
172 161 8 8
172 164 8 8
172 160 8 8
173 172 8 8
173 163 8 8
173 161 8 8
173 162 8 8
174 171 8 8
174 173 8 8
174 162 8 8
174 168 8 8
175 167 8 8
175 169 8 8
175 172 8 8
175 170 8 8
176 173 8 8
176 163 8 8
176 169 8 8
176 164 8 8
177 169 8 8
177 173 8 8
177 166 8 8
177 161 8 8
178 169 8 8
178 167 8 8
178 160 8 8
178 170 8 8
179 162 8 8
179 160 8 8
179 172 8 8
179 168 8 8
160 167 8 8
160 177 8 8
160 176 8 8
160 166 8 8
161 175 8 8
161 168 8 8
161 179 8 8
161 174 8 8
162 176 8 8
162 177 8 8
162 165 8 8
162 169 8 8
163 177 8 8
163 168 8 8
163 169 8 8
163 179 8 8
184 182 9 9
184 183 9 9
184 181 9 9
184 180 9 9
185 181 9 9
185 182 9 9
185 180 9 9
185 183 9 9
186 180 9 9
186 185 9 9
186 183 9 9
186 181 9 9
187 181 9 9
187 183 9 9
187 186 9 9
187 185 9 9
188 184 9 9
188 183 9 9
188 187 9 9
188 185 9 9
189 188 9 9
189 187 9 9
189 180 9 9
189 185 9 9
190 188 9 9
190 180 9 9
190 187 9 9
190 183 9 9
191 185 9 9
191 189 9 9
191 180 9 9
191 190 9 9
192 181 9 9
192 189 9 9
192 184 9 9
192 182 9 9
193 182 9 9
193 186 9 9
193 180 9 9
193 181 9 9
194 193 9 9
194 181 9 9
194 191 9 9
194 182 9 9
195 191 9 9
195 189 9 9
195 190 9 9
195 192 9 9
196 180 9 9
196 189 9 9
196 186 9 9
196 185 9 9
197 187 9 9
197 189 9 9
197 195 9 9
197 191 9 9
198 187 9 9
198 183 9 9
198 180 9 9
198 194 9 9
199 198 9 9
199 190 9 9
199 180 9 9
199 186 9 9
180 194 9 9
180 192 9 9
180 195 9 9
180 187 9 9
181 196 9 9
181 199 9 9
181 190 9 9
181 191 9 9
182 198 9 9
182 188 9 9
182 199 9 9
182 186 9 9
183 199 9 9
183 192 9 9
183 189 9 9
183 191 9 9
204 203 10 10
204 200 10 10
204 201 10 10
204 202 10 10
205 202 10 10
205 200 10 10
205 201 10 10
205 204 10 10
206 203 10 10
206 200 10 10
206 204 10 10
206 205 10 10
207 203 10 10
207 202 10 10
207 204 10 10
207 206 10 10
208 204 10 10
208 206 10 10
208 207 10 10
208 202 10 10
209 200 10 10
209 201 10 10
209 207 10 10
209 204 10 10
210 207 10 10
210 200 10 10
210 209 10 10
210 203 10 10
211 210 10 10
211 206 10 10
211 208 10 10
211 201 10 10
212 211 10 10
212 208 10 10
212 209 10 10
212 206 10 10
213 212 10 10
213 204 10 10
213 209 10 10
213 208 10 10
214 206 10 10
214 204 10 10
214 211 10 10
214 203 10 10
215 211 10 10
215 203 10 10
215 207 10 10
215 213 10 10
216 203 10 10
216 204 10 10
216 211 10 10
216 205 10 10
217 215 10 10
217 206 10 10
217 216 10 10
217 210 10 10
218 209 10 10
218 207 10 10
218 217 10 10
218 206 10 10
219 212 10 10
219 204 10 10
219 209 10 10
219 216 10 10
200 216 10 10
200 214 10 10
200 215 10 10
200 218 10 10
201 214 10 10
201 219 10 10
201 213 10 10
201 216 10 10
202 216 10 10
202 206 10 10
202 210 10 10
202 218 10 10
203 212 10 10
203 209 10 10
203 219 10 10
203 208 10 10
224 222 11 11
224 221 11 11
224 223 11 11
224 220 11 11
225 224 11 11
225 223 11 11
225 220 11 11
225 221 11 11
226 223 11 11
226 222 11 11
226 220 11 11
226 221 11 11
227 223 11 11
227 226 11 11
227 221 11 11
227 225 11 11
228 220 11 11
228 224 11 11
228 226 11 11
228 222 11 11
229 228 11 11
229 223 11 11
229 225 11 11
229 220 11 11
230 224 11 11
230 225 11 11
230 220 11 11
230 221 11 11
231 226 11 11
231 229 11 11
231 228 11 11
231 222 11 11
232 220 11 11
232 231 11 11
232 225 11 11
232 229 11 11
233 226 11 11
233 223 11 11
233 230 11 11
233 228 11 11
234 225 11 11
234 228 11 11
234 233 11 11
234 222 11 11
235 228 11 11
235 224 11 11
235 221 11 11
235 229 11 11
236 221 11 11
236 227 11 11
236 232 11 11
236 223 11 11
237 220 11 11
237 231 11 11
237 222 11 11
237 228 11 11
238 220 11 11
238 225 11 11
238 221 11 11
238 224 11 11
239 236 11 11
239 223 11 11
239 227 11 11
239 222 11 11
220 239 11 11
220 233 11 11
220 236 11 11
220 234 11 11
221 231 11 11
221 234 11 11
221 239 11 11
221 229 11 11
222 225 11 11
222 232 11 11
222 236 11 11
222 229 11 11
223 228 11 11
223 235 11 11
223 237 11 11
223 230 11 11
244 243 12 12
244 240 12 12
244 241 12 12
244 242 12 12
245 244 12 12
245 242 12 12
245 241 12 12
245 243 12 12
246 240 12 12
246 241 12 12
246 242 12 12
246 243 12 12
247 241 12 12
247 242 12 12
247 245 12 12
247 243 12 12
248 244 12 12
248 241 12 12
248 246 12 12
248 245 12 12
249 248 12 12
249 244 12 12
249 246 12 12
249 245 12 12
250 241 12 12
250 243 12 12
250 240 12 12
250 247 12 12
251 241 12 12
251 243 12 12
251 247 12 12
251 250 12 12
252 246 12 12
252 248 12 12
252 249 12 12
252 244 12 12
253 242 12 12
253 241 12 12
253 251 12 12
253 244 12 12
254 253 12 12
254 242 12 12
254 244 12 12
254 245 12 12
255 246 12 12
255 250 12 12
255 251 12 12
255 241 12 12
256 250 12 12
256 248 12 12
256 247 12 12
256 243 12 12
257 247 12 12
257 255 12 12
257 243 12 12
257 248 12 12
258 248 12 12
258 251 12 12
258 244 12 12
258 254 12 12
259 244 12 12
259 248 12 12
259 242 12 12
259 252 12 12
240 254 12 12
240 251 12 12
240 252 12 12
240 253 12 12
241 257 12 12
241 254 12 12
241 256 12 12
241 258 12 12
242 251 12 12
242 257 12 12
242 250 12 12
242 256 12 12
243 254 12 12
243 249 12 12
243 248 12 12
243 253 12 12
264 263 13 13
264 260 13 13
264 262 13 13
264 261 13 13
265 264 13 13
265 262 13 13
265 261 13 13
265 263 13 13
266 265 13 13
266 264 13 13
266 260 13 13
266 263 13 13
267 263 13 13
267 265 13 13
267 266 13 13
267 261 13 13
268 266 13 13
268 267 13 13
268 260 13 13
268 262 13 13
269 267 13 13
269 264 13 13
269 263 13 13
269 266 13 13
270 260 13 13
270 263 13 13
270 262 13 13
270 267 13 13
271 268 13 13
271 269 13 13
271 266 13 13
271 262 13 13
272 267 13 13
272 269 13 13
272 265 13 13
272 268 13 13
273 260 13 13
273 263 13 13
273 265 13 13
273 267 13 13
274 261 13 13
274 262 13 13
274 272 13 13
274 264 13 13
275 260 13 13
275 262 13 13
275 273 13 13
275 261 13 13
276 264 13 13
276 260 13 13
276 266 13 13
276 262 13 13
277 263 13 13
277 275 13 13
277 269 13 13
277 271 13 13
278 264 13 13
278 271 13 13
278 268 13 13
278 276 13 13
279 267 13 13
279 265 13 13
279 268 13 13
279 277 13 13
260 278 13 13
260 274 13 13
260 277 13 13
260 279 13 13
261 269 13 13
261 270 13 13
261 279 13 13
261 273 13 13
262 273 13 13
262 279 13 13
262 269 13 13
262 277 13 13
263 272 13 13
263 274 13 13
263 279 13 13
263 271 13 13
284 281 14 14
284 283 14 14
284 280 14 14
284 282 14 14
285 283 14 14
285 281 14 14
285 282 14 14
285 280 14 14
286 283 14 14
286 285 14 14
286 280 14 14
286 281 14 14
287 282 14 14
287 280 14 14
287 283 14 14
287 285 14 14
288 286 14 14
288 283 14 14
288 287 14 14
288 285 14 14
289 283 14 14
289 280 14 14
289 281 14 14
289 285 14 14
290 286 14 14
290 285 14 14
290 281 14 14
290 289 14 14
291 285 14 14
291 290 14 14
291 288 14 14
291 286 14 14
292 281 14 14
292 286 14 14
292 291 14 14
292 289 14 14
293 288 14 14
293 283 14 14
293 287 14 14
293 285 14 14
294 285 14 14
294 289 14 14
294 290 14 14
294 284 14 14
295 283 14 14
295 291 14 14
295 285 14 14
295 293 14 14
296 292 14 14
296 291 14 14
296 285 14 14
296 294 14 14
297 292 14 14
297 295 14 14
297 296 14 14
297 291 14 14
298 297 14 14
298 281 14 14
298 293 14 14
298 292 14 14
299 282 14 14
299 280 14 14
299 286 14 14
299 281 14 14
280 292 14 14
280 293 14 14
280 296 14 14
280 298 14 14
281 297 14 14
281 294 14 14
281 288 14 14
281 293 14 14
282 288 14 14
282 289 14 14
282 293 14 14
282 286 14 14
283 297 14 14
283 298 14 14
283 292 14 14
283 296 14 14
304 300 15 15
304 301 15 15
304 302 15 15
304 303 15 15
305 301 15 15
305 300 15 15
305 302 15 15
305 304 15 15
306 305 15 15
306 304 15 15
306 303 15 15
306 301 15 15
307 300 15 15
307 304 15 15
307 305 15 15
307 306 15 15
308 307 15 15
308 305 15 15
308 300 15 15
308 304 15 15
309 305 15 15
309 302 15 15
309 308 15 15
309 306 15 15
310 303 15 15
310 300 15 15
310 306 15 15
310 305 15 15
311 308 15 15
311 305 15 15
311 300 15 15
311 307 15 15
312 311 15 15
312 310 15 15
312 301 15 15
312 303 15 15
313 305 15 15
313 308 15 15
313 303 15 15
313 311 15 15
314 308 15 15
314 309 15 15
314 305 15 15
314 306 15 15
315 301 15 15
315 309 15 15
315 311 15 15
315 305 15 15
316 314 15 15
316 305 15 15
316 309 15 15
316 304 15 15
317 314 15 15
317 310 15 15
317 316 15 15
317 306 15 15
318 309 15 15
318 312 15 15
318 303 15 15
318 302 15 15
319 307 15 15
319 315 15 15
319 317 15 15
319 310 15 15
300 317 15 15
300 312 15 15
300 316 15 15
300 309 15 15
301 308 15 15
301 310 15 15
301 313 15 15
301 311 15 15
302 314 15 15
302 313 15 15
302 308 15 15
302 312 15 15
303 317 15 15
303 311 15 15
303 316 15 15
303 305 15 15
91 64 4 3
81 19 4 0
93 30 4 1
95 51 4 2
100 87 5 4
107 11 5 0
111 59 5 2
116 66 5 3
120 41 6 2
123 76 6 3
137 16 6 0
125 81 6 4
154 19 7 0
155 96 7 4
159 49 7 2
152 128 7 6
162 54 8 2
162 149 8 7
170 121 8 6
169 108 8 5
188 174 9 8
180 24 9 1
194 17 9 0
192 85 9 4
215 65 10 3
218 19 10 0
212 145 10 7
205 98 10 4
235 105 11 5
221 219 11 10
234 29 11 1
239 75 11 3
242 162 12 8
246 159 12 7
245 38 12 1
246 57 12 2
276 197 13 9
274 52 13 2
262 168 13 8
271 254 13 12
297 174 14 8
286 258 14 12
281 276 14 13
294 190 14 9
311 78 15 3
311 16 15 0
301 50 15 2
302 182 15 9
12 163 0 8
4 236 0 11
17 261 0 13
6 288 0 14
21 128 1 6
20 301 1 15
27 293 1 14
26 170 1 8
41 280 2 14
51 180 2 9
42 234 2 11
59 202 2 10
61 187 3 9
67 151 3 7
76 299 3 14
66 279 3 13
