swNum = 320
edgeNum = 1344

0 0
1 0
2 0
3 0
4 0
5 0
6 0
7 0
8 0
9 0
10 0
11 0
12 0
13 0
14 0
15 0
16 0
17 0
18 0
19 0
20 1
21 1
22 1
23 1
24 1
25 1
26 1
27 1
28 1
29 1
30 1
31 1
32 1
33 1
34 1
35 1
36 1
37 1
38 1
39 1
40 2
41 2
42 2
43 2
44 2
45 2
46 2
47 2
48 2
49 2
50 2
51 2
52 2
53 2
54 2
55 2
56 2
57 2
58 2
59 2
60 3
61 3
62 3
63 3
64 3
65 3
66 3
67 3
68 3
69 3
70 3
71 3
72 3
73 3
74 3
75 3
76 3
77 3
78 3
79 3
80 4
81 4
82 4
83 4
84 4
85 4
86 4
87 4
88 4
89 4
90 4
91 4
92 4
93 4
94 4
95 4
96 4
97 4
98 4
99 4
100 5
101 5
102 5
103 5
104 5
105 5
106 5
107 5
108 5
109 5
110 5
111 5
112 5
113 5
114 5
115 5
116 5
117 5
118 5
119 5
120 6
121 6
122 6
123 6
124 6
125 6
126 6
127 6
128 6
129 6
130 6
131 6
132 6
133 6
134 6
135 6
136 6
137 6
138 6
139 6
140 7
141 7
142 7
143 7
144 7
145 7
146 7
147 7
148 7
149 7
150 7
151 7
152 7
153 7
154 7
155 7
156 7
157 7
158 7
159 7
160 8
161 8
162 8
163 8
164 8
165 8
166 8
167 8
168 8
169 8
170 8
171 8
172 8
173 8
174 8
175 8
176 8
177 8
178 8
179 8
180 9
181 9
182 9
183 9
184 9
185 9
186 9
187 9
188 9
189 9
190 9
191 9
192 9
193 9
194 9
195 9
196 9
197 9
198 9
199 9
200 10
201 10
202 10
203 10
204 10
205 10
206 10
207 10
208 10
209 10
210 10
211 10
212 10
213 10
214 10
215 10
216 10
217 10
218 10
219 10
220 11
221 11
222 11
223 11
224 11
225 11
226 11
227 11
228 11
229 11
230 11
231 11
232 11
233 11
234 11
235 11
236 11
237 11
238 11
239 11
240 12
241 12
242 12
243 12
244 12
245 12
246 12
247 12
248 12
249 12
250 12
251 12
252 12
253 12
254 12
255 12
256 12
257 12
258 12
259 12
260 13
261 13
262 13
263 13
264 13
265 13
266 13
267 13
268 13
269 13
270 13
271 13
272 13
273 13
274 13
275 13
276 13
277 13
278 13
279 13
280 14
281 14
282 14
283 14
284 14
285 14
286 14
287 14
288 14
289 14
290 14
291 14
292 14
293 14
294 14
295 14
296 14
297 14
298 14
299 14
300 15
301 15
302 15
303 15
304 15
305 15
306 15
307 15
308 15
309 15
310 15
311 15
312 15
313 15
314 15
315 15
316 15
317 15
318 15
319 15

4 0 0 0
4 1 0 0
4 3 0 0
4 2 0 0
5 3 0 0
5 1 0 0
5 0 0 0
5 4 0 0
6 3 0 0
6 5 0 0
6 4 0 0
6 1 0 0
7 1 0 0
7 4 0 0
7 5 0 0
7 2 0 0
8 7 0 0
8 2 0 0
8 6 0 0
8 0 0 0
9 2 0 0
9 8 0 0
9 0 0 0
9 7 0 0
10 5 0 0
10 6 0 0
10 3 0 0
10 0 0 0
11 7 0 0
11 6 0 0
11 3 0 0
11 2 0 0
12 0 0 0
12 1 0 0
12 9 0 0
12 7 0 0
13 7 0 0
13 0 0 0
13 12 0 0
13 9 0 0
14 1 0 0
14 6 0 0
14 12 0 0
14 0 0 0
15 12 0 0
15 7 0 0
15 10 0 0
15 5 0 0
16 13 0 0
16 7 0 0
16 15 0 0
16 2 0 0
17 10 0 0
17 1 0 0
17 7 0 0
17 11 0 0
18 12 0 0
18 13 0 0
18 17 0 0
18 0 0 0
19 7 0 0
19 5 0 0
19 0 0 0
19 15 0 0
0 7 0 0
0 17 0 0
0 11 0 0
0 6 0 0
1 16 0 0
1 11 0 0
1 18 0 0
1 15 0 0
2 18 0 0
2 17 0 0
2 19 0 0
2 13 0 0
3 17 0 0
3 14 0 0
3 12 0 0
3 16 0 0
24 23 1 1
24 20 1 1
24 21 1 1
24 22 1 1
25 22 1 1
25 23 1 1
25 24 1 1
25 21 1 1
26 22 1 1
26 24 1 1
26 25 1 1
26 20 1 1
27 24 1 1
27 20 1 1
27 21 1 1
27 23 1 1
28 25 1 1
28 22 1 1
28 20 1 1
28 26 1 1
29 25 1 1
29 21 1 1
29 23 1 1
29 20 1 1
30 20 1 1
30 28 1 1
30 23 1 1
30 25 1 1
31 26 1 1
31 23 1 1
31 28 1 1
31 20 1 1
32 26 1 1
32 28 1 1
32 23 1 1
32 25 1 1
33 28 1 1
33 23 1 1
33 31 1 1
33 32 1 1
34 26 1 1
34 22 1 1
34 28 1 1
34 31 1 1
35 25 1 1
35 32 1 1
35 23 1 1
35 20 1 1
36 21 1 1
36 23 1 1
36 24 1 1
36 27 1 1
37 29 1 1
37 30 1 1
37 35 1 1
37 22 1 1
38 34 1 1
38 33 1 1
38 23 1 1
38 22 1 1
39 35 1 1
39 25 1 1
39 23 1 1
39 20 1 1
20 32 1 1
20 36 1 1
20 38 1 1
20 37 1 1
21 35 1 1
21 30 1 1
21 32 1 1
21 39 1 1
22 35 1 1
22 39 1 1
22 32 1 1
22 27 1 1
23 37 1 1
23 26 1 1
23 28 1 1
23 34 1 1
44 40 2 2
44 43 2 2
44 42 2 2
44 41 2 2
45 44 2 2
45 42 2 2
45 43 2 2
45 41 2 2
46 44 2 2
46 45 2 2
46 42 2 2
46 40 2 2
47 40 2 2
47 41 2 2
47 44 2 2
47 43 2 2
48 45 2 2
48 43 2 2
48 44 2 2
48 42 2 2
49 43 2 2
49 42 2 2
49 41 2 2
49 44 2 2
50 49 2 2
50 46 2 2
50 48 2 2
50 42 2 2
51 42 2 2
51 43 2 2
51 45 2 2
51 46 2 2
52 45 2 2
52 47 2 2
52 46 2 2
52 49 2 2
53 43 2 2
53 42 2 2
53 50 2 2
53 45 2 2
54 47 2 2
54 40 2 2
54 43 2 2
54 48 2 2
55 50 2 2
55 53 2 2
55 41 2 2
55 43 2 2
56 50 2 2
56 54 2 2
56 49 2 2
56 44 2 2
57 51 2 2
57 52 2 2
57 48 2 2
57 45 2 2
58 43 2 2
58 54 2 2
58 42 2 2
58 47 2 2
59 50 2 2
59 54 2 2
59 53 2 2
59 47 2 2
40 49 2 2
40 55 2 2
40 48 2 2
40 59 2 2
41 56 2 2
41 53 2 2
41 48 2 2
41 59 2 2
42 52 2 2
42 59 2 2
42 54 2 2
42 57 2 2
43 50 2 2
43 46 2 2
43 59 2 2
43 52 2 2
64 60 3 3
64 62 3 3
64 63 3 3
64 61 3 3
65 64 3 3
65 60 3 3
65 61 3 3
65 63 3 3
66 61 3 3
66 64 3 3
66 60 3 3
66 65 3 3
67 62 3 3
67 63 3 3
67 66 3 3
67 61 3 3
68 64 3 3
68 61 3 3
68 62 3 3
68 66 3 3
69 60 3 3
69 68 3 3
69 66 3 3
69 62 3 3
70 62 3 3
70 68 3 3
70 63 3 3
70 61 3 3
71 65 3 3
71 67 3 3
71 66 3 3
71 63 3 3
72 67 3 3
72 61 3 3
72 62 3 3
72 66 3 3
73 68 3 3
73 72 3 3
73 63 3 3
73 62 3 3
74 69 3 3
74 61 3 3
74 62 3 3
74 71 3 3
75 60 3 3
75 62 3 3
75 72 3 3
75 66 3 3
76 62 3 3
76 71 3 3
76 75 3 3
76 63 3 3
77 65 3 3
77 64 3 3
77 62 3 3
77 66 3 3
78 61 3 3
78 74 3 3
78 68 3 3
78 75 3 3
79 65 3 3
79 60 3 3
79 67 3 3
79 77 3 3
60 76 3 3
60 77 3 3
60 71 3 3
60 78 3 3
61 79 3 3
61 77 3 3
61 76 3 3
61 75 3 3
62 66 3 3
62 71 3 3
62 78 3 3
62 79 3 3
63 68 3 3
63 79 3 3
63 66 3 3
63 75 3 3
84 82 4 4
84 83 4 4
84 80 4 4
84 81 4 4
85 81 4 4
85 83 4 4
85 82 4 4
85 80 4 4
86 84 4 4
86 80 4 4
86 83 4 4
86 85 4 4
87 85 4 4
87 82 4 4
87 86 4 4
87 80 4 4
88 81 4 4
88 84 4 4
88 86 4 4
88 83 4 4
89 80 4 4
89 81 4 4
89 88 4 4
89 85 4 4
90 87 4 4
90 86 4 4
90 84 4 4
90 81 4 4
91 87 4 4
91 90 4 4
91 88 4 4
91 84 4 4
92 90 4 4
92 81 4 4
92 82 4 4
92 80 4 4
93 86 4 4
93 87 4 4
93 91 4 4
93 90 4 4
94 93 4 4
94 83 4 4
94 92 4 4
94 85 4 4
95 94 4 4
95 85 4 4
95 82 4 4
95 81 4 4
96 94 4 4
96 93 4 4
96 89 4 4
96 90 4 4
97 88 4 4
97 86 4 4
97 90 4 4
97 91 4 4
98 91 4 4
98 95 4 4
98 85 4 4
98 94 4 4
99 96 4 4
99 97 4 4
99 86 4 4
99 93 4 4
80 94 4 4
80 99 4 4
80 93 4 4
80 98 4 4
81 86 4 4
81 93 4 4
81 97 4 4
81 94 4 4
82 89 4 4
82 96 4 4
82 98 4 4
82 99 4 4
83 98 4 4
83 91 4 4
83 89 4 4
83 93 4 4
104 101 5 5
104 103 5 5
104 102 5 5
104 100 5 5
105 100 5 5
105 104 5 5
105 101 5 5
105 102 5 5
106 104 5 5
106 105 5 5
106 100 5 5
106 102 5 5
107 104 5 5
107 100 5 5
107 101 5 5
107 102 5 5
108 106 5 5
108 107 5 5
108 105 5 5
108 101 5 5
109 108 5 5
109 101 5 5
109 102 5 5
109 103 5 5
110 108 5 5
110 105 5 5
110 101 5 5
110 100 5 5
111 110 5 5
111 105 5 5
111 108 5 5
111 103 5 5
112 104 5 5
112 107 5 5
112 110 5 5
112 101 5 5
113 110 5 5
113 109 5 5
113 108 5 5
113 101 5 5
114 102 5 5
114 103 5 5
114 110 5 5
114 100 5 5
115 107 5 5
115 106 5 5
115 104 5 5
115 100 5 5
116 100 5 5
116 103 5 5
116 106 5 5
116 110 5 5
117 104 5 5
117 112 5 5
117 113 5 5
117 108 5 5
118 101 5 5
118 109 5 5
118 114 5 5
118 117 5 5
119 109 5 5
119 110 5 5
119 102 5 5
119 116 5 5
100 111 5 5
100 109 5 5
100 119 5 5
100 117 5 5
101 117 5 5
101 106 5 5
101 111 5 5
101 114 5 5
102 111 5 5
102 117 5 5
102 108 5 5
102 115 5 5
103 108 5 5
103 118 5 5
103 106 5 5
103 119 5 5
124 120 6 6
124 123 6 6
124 122 6 6
124 121 6 6
125 122 6 6
125 121 6 6
125 124 6 6
125 123 6 6
126 120 6 6
126 122 6 6
126 121 6 6
126 125 6 6
127 121 6 6
127 123 6 6
127 125 6 6
127 126 6 6
128 126 6 6
128 123 6 6
128 122 6 6
128 127 6 6
129 128 6 6
129 123 6 6
129 124 6 6
129 121 6 6
130 129 6 6
130 125 6 6
130 123 6 6
130 127 6 6
131 120 6 6
131 129 6 6
131 122 6 6
131 130 6 6
132 127 6 6
132 123 6 6
132 130 6 6
132 121 6 6
133 126 6 6
133 123 6 6
133 128 6 6
133 121 6 6
134 122 6 6
134 128 6 6
134 123 6 6
134 133 6 6
135 121 6 6
135 125 6 6
135 128 6 6
135 127 6 6
136 134 6 6
136 135 6 6
136 130 6 6
136 129 6 6
137 125 6 6
137 136 6 6
137 120 6 6
137 134 6 6
138 123 6 6
138 130 6 6
138 122 6 6
138 120 6 6
139 132 6 6
139 123 6 6
139 134 6 6
139 138 6 6
120 133 6 6
120 130 6 6
120 132 6 6
120 139 6 6
121 128 6 6
121 139 6 6
121 137 6 6
121 131 6 6
122 127 6 6
122 132 6 6
122 136 6 6
122 139 6 6
123 135 6 6
123 136 6 6
123 131 6 6
123 137 6 6
144 141 7 7
144 140 7 7
144 142 7 7
144 143 7 7
145 142 7 7
145 144 7 7
145 141 7 7
145 140 7 7
146 141 7 7
146 145 7 7
146 140 7 7
146 142 7 7
147 146 7 7
147 144 7 7
147 142 7 7
147 140 7 7
148 140 7 7
148 146 7 7
148 141 7 7
148 144 7 7
149 147 7 7
149 146 7 7
149 144 7 7
149 142 7 7
150 145 7 7
150 141 7 7
150 140 7 7
150 148 7 7
151 140 7 7
151 149 7 7
151 141 7 7
151 142 7 7
152 143 7 7
152 148 7 7
152 150 7 7
152 141 7 7
153 140 7 7
153 149 7 7
153 142 7 7
153 145 7 7
154 148 7 7
154 150 7 7
154 143 7 7
154 141 7 7
155 153 7 7
155 149 7 7
155 143 7 7
155 151 7 7
156 141 7 7
156 143 7 7
156 153 7 7
156 148 7 7
157 156 7 7
157 149 7 7
157 148 7 7
157 144 7 7
158 141 7 7
158 147 7 7
158 151 7 7
158 156 7 7
159 148 7 7
159 145 7 7
159 142 7 7
159 150 7 7
140 156 7 7
140 158 7 7
140 155 7 7
140 157 7 7
141 153 7 7
141 157 7 7
141 155 7 7
141 147 7 7
142 152 7 7
142 150 7 7
142 148 7 7
142 156 7 7
143 148 7 7
143 147 7 7
143 146 7 7
143 157 7 7
164 162 8 8
164 161 8 8
164 163 8 8
164 160 8 8
165 160 8 8
165 163 8 8
165 162 8 8
165 161 8 8
166 162 8 8
166 161 8 8
166 163 8 8
166 165 8 8
167 162 8 8
167 163 8 8
167 165 8 8
167 164 8 8
168 166 8 8
168 163 8 8
168 160 8 8
168 161 8 8
169 164 8 8
169 167 8 8
169 162 8 8
169 165 8 8
170 168 8 8
170 162 8 8
170 165 8 8
170 164 8 8
171 163 8 8
171 160 8 8
171 168 8 8
171 161 8 8
172 160 8 8
172 162 8 8
172 161 8 8
172 168 8 8
173 163 8 8
173 161 8 8
173 171 8 8
173 170 8 8
174 171 8 8
174 164 8 8
174 169 8 8
174 167 8 8
175 168 8 8
175 172 8 8
175 169 8 8
175 163 8 8
176 160 8 8
176 164 8 8
176 161 8 8
176 162 8 8
177 171 8 8
177 161 8 8
177 166 8 8
177 174 8 8
178 173 8 8
178 166 8 8
178 177 8 8
178 169 8 8
179 177 8 8
179 160 8 8
179 169 8 8
179 167 8 8
160 166 8 8
160 177 8 8
160 170 8 8
160 175 8 8
161 179 8 8
161 174 8 8
161 178 8 8
161 169 8 8
162 177 8 8
162 174 8 8
162 171 8 8
162 168 8 8
163 179 8 8
163 169 8 8
163 172 8 8
163 174 8 8
184 183 9 9
184 181 9 9
184 180 9 9
184 182 9 9
185 180 9 9
185 184 9 9
185 183 9 9
185 181 9 9
186 184 9 9
186 181 9 9
186 183 9 9
186 185 9 9
187 181 9 9
187 182 9 9
187 184 9 9
187 180 9 9
188 182 9 9
188 186 9 9
188 181 9 9
188 183 9 9
189 187 9 9
189 182 9 9
189 181 9 9
189 180 9 9
190 189 9 9
190 186 9 9
190 183 9 9
190 184 9 9
191 190 9 9
191 187 9 9
191 189 9 9
191 182 9 9
192 184 9 9
192 182 9 9
192 185 9 9
192 186 9 9
193 190 9 9
193 192 9 9
193 182 9 9
193 185 9 9
194 189 9 9
194 193 9 9
194 192 9 9
194 190 9 9
195 188 9 9
195 186 9 9
195 184 9 9
195 193 9 9
196 188 9 9
196 186 9 9
196 184 9 9
196 193 9 9
197 186 9 9
197 188 9 9
197 184 9 9
197 183 9 9
198 190 9 9
198 180 9 9
198 191 9 9
198 186 9 9
199 181 9 9
199 194 9 9
199 183 9 9
199 198 9 9
180 194 9 9
180 197 9 9
180 193 9 9
180 190 9 9
181 198 9 9
181 197 9 9
181 191 9 9
181 193 9 9
182 194 9 9
182 198 9 9
182 190 9 9
182 186 9 9
183 196 9 9
183 192 9 9
183 195 9 9
183 193 9 9
204 201 10 10
204 200 10 10
204 203 10 10
204 202 10 10
205 200 10 10
205 201 10 10
205 204 10 10
205 202 10 10
206 205 10 10
206 201 10 10
206 202 10 10
206 203 10 10
207 200 10 10
207 201 10 10
207 205 10 10
207 203 10 10
208 203 10 10
208 205 10 10
208 202 10 10
208 201 10 10
209 208 10 10
209 201 10 10
209 203 10 10
209 200 10 10
210 202 10 10
210 209 10 10
210 200 10 10
210 207 10 10
211 209 10 10
211 206 10 10
211 210 10 10
211 208 10 10
212 205 10 10
212 206 10 10
212 207 10 10
212 201 10 10
213 204 10 10
213 208 10 10
213 211 10 10
213 207 10 10
214 202 10 10
214 211 10 10
214 210 10 10
214 209 10 10
215 209 10 10
215 211 10 10
215 201 10 10
215 213 10 10
216 213 10 10
216 202 10 10
216 212 10 10
216 210 10 10
217 200 10 10
217 204 10 10
217 213 10 10
217 212 10 10
218 203 10 10
218 214 10 10
218 216 10 10
218 211 10 10
219 213 10 10
219 204 10 10
219 212 10 10
219 205 10 10
200 213 10 10
200 212 10 10
200 206 10 10
200 208 10 10
201 219 10 10
201 213 10 10
201 210 10 10
201 211 10 10
202 207 10 10
202 211 10 10
202 215 10 10
202 213 10 10
203 215 10 10
203 216 10 10
203 213 10 10
203 205 10 10
224 223 11 11
224 220 11 11
224 222 11 11
224 221 11 11
225 222 11 11
225 223 11 11
225 221 11 11
225 224 11 11
226 225 11 11
226 220 11 11
226 221 11 11
226 222 11 11
227 224 11 11
227 223 11 11
227 225 11 11
227 222 11 11
228 223 11 11
228 224 11 11
228 226 11 11
228 227 11 11
229 227 11 11
229 222 11 11
229 225 11 11
229 228 11 11
230 221 11 11
230 227 11 11
230 229 11 11
230 226 11 11
231 226 11 11
231 220 11 11
231 222 11 11
231 225 11 11
232 228 11 11
232 220 11 11
232 226 11 11
232 225 11 11
233 229 11 11
233 230 11 11
233 223 11 11
233 225 11 11
234 230 11 11
234 223 11 11
234 222 11 11
234 225 11 11
235 224 11 11
235 227 11 11
235 223 11 11
235 232 11 11
236 221 11 11
236 223 11 11
236 231 11 11
236 229 11 11
237 232 11 11
237 233 11 11
237 236 11 11
237 228 11 11
238 234 11 11
238 226 11 11
238 233 11 11
238 231 11 11
239 223 11 11
239 228 11 11
239 232 11 11
239 229 11 11
220 237 11 11
220 235 11 11
220 236 11 11
220 227 11 11
221 231 11 11
221 227 11 11
221 234 11 11
221 228 11 11
222 233 11 11
222 235 11 11
222 230 11 11
222 236 11 11
223 237 11 11
223 231 11 11
223 232 11 11
223 230 11 11
244 242 12 12
244 241 12 12
244 243 12 12
244 240 12 12
245 243 12 12
245 241 12 12
245 240 12 12
245 242 12 12
246 242 12 12
246 243 12 12
246 241 12 12
246 244 12 12
247 246 12 12
247 244 12 12
247 243 12 12
247 241 12 12
248 247 12 12
248 241 12 12
248 240 12 12
248 245 12 12
249 240 12 12
249 241 12 12
249 245 12 12
249 243 12 12
250 244 12 12
250 243 12 12
250 242 12 12
250 241 12 12
251 247 12 12
251 246 12 12
251 244 12 12
251 250 12 12
252 240 12 12
252 245 12 12
252 243 12 12
252 242 12 12
253 242 12 12
253 244 12 12
253 245 12 12
253 247 12 12
254 252 12 12
254 249 12 12
254 240 12 12
254 244 12 12
255 246 12 12
255 248 12 12
255 240 12 12
255 247 12 12
256 254 12 12
256 242 12 12
256 250 12 12
256 249 12 12
257 245 12 12
257 244 12 12
257 255 12 12
257 247 12 12
258 247 12 12
258 257 12 12
258 251 12 12
258 240 12 12
259 256 12 12
259 249 12 12
259 250 12 12
259 254 12 12
240 259 12 12
240 250 12 12
240 256 12 12
240 247 12 12
241 253 12 12
241 255 12 12
241 258 12 12
241 257 12 12
242 251 12 12
242 258 12 12
242 259 12 12
242 255 12 12
243 258 12 12
243 253 12 12
243 257 12 12
243 255 12 12
264 263 13 13
264 261 13 13
264 262 13 13
264 260 13 13
265 263 13 13
265 264 13 13
265 260 13 13
265 262 13 13
266 261 13 13
266 265 13 13
266 262 13 13
266 263 13 13
267 261 13 13
267 263 13 13
267 262 13 13
267 266 13 13
268 261 13 13
268 266 13 13
268 260 13 13
268 264 13 13
269 261 13 13
269 260 13 13
269 263 13 13
269 267 13 13
270 263 13 13
270 268 13 13
270 260 13 13
270 267 13 13
271 269 13 13
271 268 13 13
271 266 13 13
271 262 13 13
272 271 13 13
272 266 13 13
272 261 13 13
272 267 13 13
273 268 13 13
273 265 13 13
273 270 13 13
273 262 13 13
274 262 13 13
274 263 13 13
274 264 13 13
274 261 13 13
275 269 13 13
275 267 13 13
275 262 13 13
275 263 13 13
276 267 13 13
276 260 13 13
276 274 13 13
276 261 13 13
277 267 13 13
277 266 13 13
277 268 13 13
277 262 13 13
278 263 13 13
278 269 13 13
278 264 13 13
278 276 13 13
279 275 13 13
279 268 13 13
279 278 13 13
279 269 13 13
260 278 13 13
260 267 13 13
260 273 13 13
260 271 13 13
261 275 13 13
261 273 13 13
261 271 13 13
261 277 13 13
262 279 13 13
262 272 13 13
262 276 13 13
262 268 13 13
263 271 13 13
263 272 13 13
263 268 13 13
263 273 13 13
284 282 14 14
284 281 14 14
284 280 14 14
284 283 14 14
285 282 14 14
285 283 14 14
285 284 14 14
285 280 14 14
286 282 14 14
286 284 14 14
286 285 14 14
286 280 14 14
287 286 14 14
287 281 14 14
287 280 14 14
287 285 14 14
288 281 14 14
288 280 14 14
288 287 14 14
288 286 14 14
289 284 14 14
289 288 14 14
289 286 14 14
289 285 14 14
290 280 14 14
290 281 14 14
290 287 14 14
290 285 14 14
291 290 14 14
291 284 14 14
291 280 14 14
291 281 14 14
292 290 14 14
292 280 14 14
292 283 14 14
292 281 14 14
293 284 14 14
293 285 14 14
293 289 14 14
293 291 14 14
294 290 14 14
294 287 14 14
294 292 14 14
294 291 14 14
295 293 14 14
295 288 14 14
295 291 14 14
295 280 14 14
296 293 14 14
296 282 14 14
296 291 14 14
296 287 14 14
297 280 14 14
297 287 14 14
297 294 14 14
297 292 14 14
298 284 14 14
298 285 14 14
298 282 14 14
298 290 14 14
299 296 14 14
299 295 14 14
299 286 14 14
299 281 14 14
280 294 14 14
280 299 14 14
280 296 14 14
280 293 14 14
281 295 14 14
281 297 14 14
281 296 14 14
281 289 14 14
282 293 14 14
282 288 14 14
282 289 14 14
282 291 14 14
283 287 14 14
283 298 14 14
283 293 14 14
283 288 14 14
304 303 15 15
304 301 15 15
304 300 15 15
304 302 15 15
305 303 15 15
305 301 15 15
305 300 15 15
305 302 15 15
306 302 15 15
306 303 15 15
306 304 15 15
306 301 15 15
307 305 15 15
307 304 15 15
307 301 15 15
307 300 15 15
308 307 15 15
308 305 15 15
308 304 15 15
308 306 15 15
309 305 15 15
309 303 15 15
309 306 15 15
309 301 15 15
310 307 15 15
310 300 15 15
310 303 15 15
310 304 15 15
311 302 15 15
311 310 15 15
311 308 15 15
311 304 15 15
312 309 15 15
312 303 15 15
312 300 15 15
312 304 15 15
313 307 15 15
313 300 15 15
313 304 15 15
313 311 15 15
314 308 15 15
314 311 15 15
314 306 15 15
314 313 15 15
315 313 15 15
315 309 15 15
315 303 15 15
315 306 15 15
316 311 15 15
316 304 15 15
316 310 15 15
316 315 15 15
317 304 15 15
317 303 15 15
317 300 15 15
317 313 15 15
318 307 15 15
318 310 15 15
318 300 15 15
318 311 15 15
319 300 15 15
319 305 15 15
319 307 15 15
319 303 15 15
300 316 15 15
300 306 15 15
300 311 15 15
300 314 15 15
301 310 15 15
301 317 15 15
301 312 15 15
301 318 15 15
302 310 15 15
302 307 15 15
302 319 15 15
302 314 15 15
303 307 15 15
303 308 15 15
303 318 15 15
303 316 15 15
86 51 4 2
93 24 4 1
91 62 4 3
91 8 4 0
106 90 5 4
113 2 5 0
107 57 5 2
113 61 5 3
124 5 6 0
126 110 6 5
135 86 6 4
132 68 6 3
158 62 7 3
145 3 7 0
142 50 7 2
140 90 7 4
177 139 8 6
176 112 8 5
168 25 8 1
168 81 8 4
195 54 9 2
193 37 9 1
184 177 9 8
195 87 9 4
219 186 10 9
207 166 10 8
214 3 10 0
201 102 10 5
224 139 11 6
222 218 11 10
225 117 11 5
228 9 11 0
244 148 12 7
249 48 12 2
242 61 12 3
254 133 12 6
274 250 13 12
271 193 13 9
279 39 13 1
266 216 13 10
284 270 14 13
292 159 14 7
290 185 14 9
293 132 14 6
311 169 15 8
312 288 15 14
305 200 15 10
305 130 15 6
7 271 0 13
7 316 0 15
7 188 0 9
0 289 0 14
36 309 1 15
30 219 1 10
34 144 1 7
38 242 1 12
50 262 2 13
55 179 2 8
55 217 2 10
48 233 2 11
74 161 3 8
71 217 3 10
76 235 3 11
76 277 3 13
