swNum = 320
edgeNum = 1343

0 0
1 0
2 0
3 0
4 0
5 0
6 0
7 0
8 0
9 0
10 0
11 0
12 0
13 0
14 0
15 0
16 0
17 0
18 0
19 0
20 1
21 1
22 1
23 1
24 1
25 1
26 1
27 1
28 1
29 1
30 1
31 1
32 1
33 1
34 1
35 1
36 1
37 1
38 1
39 1
40 2
41 2
42 2
43 2
44 2
45 2
46 2
47 2
48 2
49 2
50 2
51 2
52 2
53 2
54 2
55 2
56 2
57 2
58 2
59 2
60 3
61 3
62 3
63 3
64 3
65 3
66 3
67 3
68 3
69 3
70 3
71 3
72 3
73 3
74 3
75 3
76 3
77 3
78 3
79 3
80 4
81 4
82 4
83 4
84 4
85 4
86 4
87 4
88 4
89 4
90 4
91 4
92 4
93 4
94 4
95 4
96 4
97 4
98 4
99 4
100 5
101 5
102 5
103 5
104 5
105 5
106 5
107 5
108 5
109 5
110 5
111 5
112 5
113 5
114 5
115 5
116 5
117 5
118 5
119 5
120 6
121 6
122 6
123 6
124 6
125 6
126 6
127 6
128 6
129 6
130 6
131 6
132 6
133 6
134 6
135 6
136 6
137 6
138 6
139 6
140 7
141 7
142 7
143 7
144 7
145 7
146 7
147 7
148 7
149 7
150 7
151 7
152 7
153 7
154 7
155 7
156 7
157 7
158 7
159 7
160 8
161 8
162 8
163 8
164 8
165 8
166 8
167 8
168 8
169 8
170 8
171 8
172 8
173 8
174 8
175 8
176 8
177 8
178 8
179 8
180 9
181 9
182 9
183 9
184 9
185 9
186 9
187 9
188 9
189 9
190 9
191 9
192 9
193 9
194 9
195 9
196 9
197 9
198 9
199 9
200 10
201 10
202 10
203 10
204 10
205 10
206 10
207 10
208 10
209 10
210 10
211 10
212 10
213 10
214 10
215 10
216 10
217 10
218 10
219 10
220 11
221 11
222 11
223 11
224 11
225 11
226 11
227 11
228 11
229 11
230 11
231 11
232 11
233 11
234 11
235 11
236 11
237 11
238 11
239 11
240 12
241 12
242 12
243 12
244 12
245 12
246 12
247 12
248 12
249 12
250 12
251 12
252 12
253 12
254 12
255 12
256 12
257 12
258 12
259 12
260 13
261 13
262 13
263 13
264 13
265 13
266 13
267 13
268 13
269 13
270 13
271 13
272 13
273 13
274 13
275 13
276 13
277 13
278 13
279 13
280 14
281 14
282 14
283 14
284 14
285 14
286 14
287 14
288 14
289 14
290 14
291 14
292 14
293 14
294 14
295 14
296 14
297 14
298 14
299 14
300 15
301 15
302 15
303 15
304 15
305 15
306 15
307 15
308 15
309 15
310 15
311 15
312 15
313 15
314 15
315 15
316 15
317 15
318 15
319 15

4 2 0 0
4 3 0 0
4 1 0 0
4 0 0 0
5 4 0 0
5 1 0 0
5 2 0 0
5 0 0 0
6 1 0 0
6 2 0 0
6 5 0 0
6 3 0 0
7 6 0 0
7 3 0 0
7 0 0 0
7 4 0 0
8 6 0 0
8 5 0 0
8 4 0 0
8 2 0 0
9 7 0 0
9 3 0 0
9 6 0 0
9 0 0 0
10 9 0 0
10 3 0 0
10 6 0 0
10 1 0 0
11 4 0 0
11 8 0 0
11 9 0 0
11 6 0 0
12 11 0 0
12 9 0 0
12 6 0 0
12 1 0 0
13 11 0 0
13 3 0 0
13 10 0 0
13 12 0 0
14 11 0 0
14 1 0 0
14 0 0 0
14 2 0 0
15 2 0 0
15 7 0 0
15 4 0 0
15 14 0 0
16 6 0 0
16 4 0 0
16 13 0 0
16 5 0 0
17 15 0 0
17 16 0 0
17 4 0 0
17 11 0 0
18 6 0 0
18 10 0 0
18 1 0 0
18 2 0 0
19 5 0 0
19 4 0 0
19 17 0 0
19 18 0 0
0 15 0 0
0 12 0 0
0 18 0 0
0 10 0 0
1 17 0 0
1 19 0 0
1 15 0 0
1 8 0 0
2 10 0 0
2 13 0 0
2 7 0 0
2 11 0 0
3 18 0 0
3 12 0 0
3 15 0 0
3 16 0 0
24 23 1 1
24 20 1 1
24 22 1 1
24 21 1 1
25 24 1 1
25 20 1 1
25 21 1 1
25 22 1 1
26 20 1 1
26 25 1 1
26 23 1 1
26 21 1 1
27 23 1 1
27 26 1 1
27 24 1 1
27 25 1 1
28 21 1 1
28 25 1 1
28 22 1 1
28 26 1 1
29 25 1 1
29 21 1 1
29 20 1 1
29 22 1 1
30 21 1 1
30 20 1 1
30 28 1 1
30 22 1 1
31 27 1 1
31 23 1 1
31 26 1 1
31 24 1 1
32 30 1 1
32 21 1 1
32 20 1 1
32 25 1 1
33 32 1 1
33 25 1 1
33 28 1 1
33 20 1 1
34 27 1 1
34 24 1 1
34 23 1 1
34 21 1 1
35 20 1 1
35 21 1 1
35 33 1 1
35 22 1 1
36 30 1 1
36 21 1 1
36 25 1 1
36 34 1 1
37 36 1 1
37 22 1 1
37 21 1 1
37 27 1 1
38 34 1 1
38 29 1 1
38 20 1 1
38 25 1 1
39 29 1 1
39 37 1 1
39 36 1 1
39 33 1 1
20 27 1 1
20 36 1 1
20 37 1 1
20 39 1 1
21 39 1 1
21 38 1 1
21 33 1 1
21 27 1 1
22 36 1 1
22 26 1 1
22 33 1 1
22 32 1 1
23 25 1 1
23 28 1 1
23 36 1 1
23 37 1 1
44 43 2 2
44 41 2 2
44 40 2 2
44 42 2 2
45 41 2 2
45 40 2 2
45 44 2 2
45 42 2 2
46 45 2 2
46 41 2 2
46 43 2 2
46 42 2 2
47 45 2 2
47 40 2 2
47 46 2 2
47 41 2 2
48 44 2 2
48 43 2 2
48 41 2 2
48 42 2 2
49 41 2 2
49 42 2 2
49 43 2 2
49 40 2 2
50 46 2 2
50 43 2 2
50 40 2 2
50 42 2 2
51 46 2 2
51 42 2 2
51 45 2 2
51 48 2 2
52 46 2 2
52 45 2 2
52 41 2 2
52 43 2 2
53 47 2 2
53 48 2 2
53 42 2 2
53 45 2 2
54 52 2 2
54 42 2 2
54 45 2 2
54 51 2 2
55 46 2 2
55 43 2 2
55 44 2 2
55 51 2 2
56 45 2 2
56 46 2 2
56 47 2 2
56 53 2 2
57 46 2 2
57 40 2 2
57 52 2 2
57 53 2 2
58 51 2 2
58 46 2 2
58 54 2 2
58 56 2 2
59 49 2 2
59 46 2 2
59 52 2 2
59 58 2 2
40 52 2 2
40 55 2 2
40 58 2 2
40 59 2 2
41 55 2 2
41 53 2 2
41 59 2 2
41 56 2 2
42 58 2 2
42 56 2 2
42 52 2 2
42 57 2 2
43 59 2 2
43 58 2 2
43 54 2 2
43 57 2 2
64 63 3 3
64 60 3 3
64 62 3 3
64 61 3 3
65 64 3 3
65 62 3 3
65 60 3 3
65 63 3 3
66 62 3 3
66 61 3 3
66 60 3 3
66 64 3 3
67 64 3 3
67 63 3 3
67 61 3 3
67 65 3 3
68 66 3 3
68 61 3 3
68 62 3 3
68 67 3 3
69 61 3 3
69 62 3 3
69 67 3 3
69 65 3 3
70 65 3 3
70 62 3 3
70 66 3 3
70 64 3 3
71 66 3 3
71 61 3 3
71 70 3 3
71 68 3 3
72 69 3 3
72 65 3 3
72 61 3 3
72 62 3 3
73 68 3 3
73 66 3 3
73 71 3 3
73 60 3 3
74 73 3 3
74 60 3 3
74 68 3 3
74 71 3 3
75 60 3 3
75 72 3 3
75 62 3 3
75 61 3 3
76 69 3 3
76 67 3 3
76 63 3 3
76 60 3 3
77 69 3 3
77 75 3 3
77 72 3 3
77 60 3 3
78 71 3 3
78 69 3 3
78 76 3 3
78 60 3 3
79 64 3 3
79 66 3 3
79 60 3 3
79 72 3 3
60 69 3 3
60 67 3 3
60 68 3 3
60 71 3 3
61 77 3 3
61 74 3 3
61 78 3 3
61 65 3 3
62 76 3 3
62 71 3 3
62 77 3 3
62 78 3 3
63 75 3 3
63 79 3 3
63 69 3 3
63 71 3 3
84 80 4 4
84 82 4 4
84 81 4 4
84 83 4 4
85 84 4 4
85 80 4 4
85 82 4 4
85 83 4 4
86 85 4 4
86 81 4 4
86 83 4 4
86 80 4 4
87 83 4 4
87 80 4 4
87 86 4 4
87 81 4 4
88 82 4 4
88 87 4 4
88 81 4 4
88 84 4 4
89 82 4 4
89 84 4 4
89 80 4 4
89 81 4 4
90 83 4 4
90 87 4 4
90 88 4 4
90 82 4 4
91 83 4 4
91 85 4 4
91 88 4 4
91 87 4 4
92 81 4 4
92 80 4 4
92 86 4 4
92 82 4 4
93 83 4 4
93 90 4 4
93 88 4 4
93 82 4 4
94 92 4 4
94 82 4 4
94 86 4 4
94 83 4 4
95 85 4 4
95 81 4 4
95 94 4 4
95 80 4 4
96 88 4 4
96 87 4 4
96 90 4 4
96 82 4 4
97 88 4 4
97 86 4 4
97 91 4 4
97 80 4 4
98 83 4 4
98 94 4 4
98 86 4 4
98 90 4 4
99 88 4 4
99 98 4 4
99 87 4 4
99 97 4 4
80 99 4 4
80 88 4 4
80 93 4 4
80 91 4 4
81 91 4 4
81 94 4 4
81 90 4 4
81 93 4 4
82 91 4 4
82 98 4 4
82 99 4 4
82 86 4 4
83 99 4 4
83 88 4 4
83 95 4 4
83 92 4 4
104 100 5 5
104 102 5 5
104 101 5 5
104 103 5 5
105 103 5 5
105 104 5 5
105 102 5 5
105 101 5 5
106 101 5 5
106 102 5 5
106 104 5 5
106 105 5 5
107 102 5 5
107 101 5 5
107 103 5 5
107 104 5 5
108 102 5 5
108 103 5 5
108 101 5 5
108 105 5 5
109 103 5 5
109 104 5 5
109 105 5 5
109 107 5 5
110 107 5 5
110 100 5 5
110 106 5 5
110 102 5 5
111 101 5 5
111 109 5 5
111 102 5 5
111 108 5 5
112 102 5 5
112 103 5 5
112 109 5 5
112 105 5 5
113 107 5 5
113 103 5 5
113 110 5 5
113 106 5 5
114 104 5 5
114 101 5 5
114 107 5 5
114 100 5 5
115 109 5 5
115 108 5 5
115 105 5 5
115 102 5 5
116 105 5 5
116 109 5 5
116 115 5 5
116 112 5 5
117 106 5 5
117 113 5 5
117 104 5 5
117 116 5 5
118 104 5 5
118 108 5 5
118 102 5 5
118 100 5 5
119 101 5 5
119 117 5 5
119 102 5 5
119 108 5 5
100 109 5 5
100 108 5 5
100 116 5 5
100 107 5 5
101 109 5 5
101 116 5 5
101 117 5 5
101 115 5 5
102 114 5 5
102 113 5 5
102 109 5 5
102 117 5 5
103 110 5 5
103 116 5 5
103 114 5 5
103 119 5 5
124 122 6 6
124 123 6 6
124 121 6 6
124 120 6 6
125 123 6 6
125 120 6 6
125 121 6 6
125 122 6 6
126 121 6 6
126 120 6 6
126 125 6 6
126 122 6 6
127 125 6 6
127 124 6 6
127 126 6 6
127 123 6 6
128 125 6 6
128 122 6 6
128 121 6 6
128 126 6 6
129 123 6 6
129 120 6 6
129 121 6 6
129 125 6 6
130 129 6 6
130 124 6 6
130 126 6 6
130 125 6 6
131 127 6 6
131 128 6 6
131 122 6 6
131 129 6 6
132 122 6 6
132 130 6 6
132 128 6 6
132 121 6 6
133 128 6 6
133 123 6 6
133 121 6 6
133 120 6 6
134 133 6 6
134 126 6 6
134 121 6 6
134 125 6 6
135 121 6 6
135 122 6 6
135 129 6 6
135 125 6 6
136 129 6 6
136 133 6 6
136 122 6 6
136 126 6 6
137 126 6 6
137 130 6 6
137 122 6 6
137 132 6 6
138 134 6 6
138 127 6 6
138 125 6 6
138 136 6 6
139 138 6 6
139 133 6 6
139 132 6 6
139 129 6 6
120 132 6 6
120 134 6 6
120 128 6 6
120 135 6 6
121 136 6 6
121 137 6 6
121 130 6 6
121 139 6 6
122 139 6 6
122 129 6 6
122 138 6 6
122 130 6 6
123 126 6 6
123 135 6 6
123 137 6 6
123 134 6 6
144 141 7 7
144 142 7 7
144 140 7 7
144 143 7 7
145 142 7 7
145 140 7 7
145 144 7 7
145 141 7 7
146 144 7 7
146 145 7 7
146 141 7 7
146 143 7 7
147 143 7 7
147 146 7 7
147 140 7 7
147 145 7 7
148 144 7 7
148 147 7 7
148 146 7 7
148 145 7 7
149 145 7 7
149 140 7 7
149 148 7 7
149 147 7 7
150 147 7 7
150 146 7 7
150 145 7 7
150 142 7 7
151 149 7 7
151 142 7 7
151 144 7 7
151 150 7 7
152 142 7 7
152 151 7 7
152 140 7 7
152 143 7 7
153 143 7 7
153 149 7 7
153 141 7 7
153 147 7 7
154 153 7 7
154 152 7 7
154 144 7 7
154 151 7 7
155 147 7 7
155 150 7 7
155 152 7 7
155 143 7 7
156 153 7 7
156 147 7 7
156 145 7 7
156 150 7 7
157 154 7 7
157 146 7 7
157 149 7 7
157 142 7 7
158 154 7 7
158 145 7 7
158 151 7 7
158 140 7 7
159 146 7 7
159 141 7 7
159 147 7 7
159 140 7 7
140 151 7 7
140 154 7 7
140 156 7 7
140 150 7 7
141 152 7 7
141 158 7 7
141 151 7 7
141 155 7 7
142 155 7 7
142 154 7 7
142 146 7 7
142 147 7 7
143 150 7 7
143 148 7 7
143 157 7 7
143 156 7 7
164 160 8 8
164 161 8 8
164 163 8 8
164 162 8 8
165 163 8 8
165 161 8 8
165 160 8 8
165 164 8 8
166 165 8 8
166 160 8 8
166 161 8 8
166 164 8 8
167 162 8 8
167 165 8 8
167 160 8 8
167 161 8 8
168 166 8 8
168 167 8 8
168 165 8 8
168 162 8 8
169 166 8 8
169 163 8 8
169 168 8 8
169 164 8 8
170 168 8 8
170 166 8 8
170 162 8 8
170 165 8 8
171 160 8 8
171 164 8 8
171 167 8 8
171 169 8 8
172 166 8 8
172 169 8 8
172 171 8 8
172 170 8 8
173 167 8 8
173 162 8 8
173 160 8 8
173 166 8 8
174 170 8 8
174 171 8 8
174 161 8 8
174 169 8 8
175 163 8 8
175 165 8 8
175 162 8 8
175 174 8 8
176 160 8 8
176 167 8 8
176 162 8 8
176 163 8 8
177 169 8 8
177 171 8 8
177 166 8 8
177 172 8 8
178 169 8 8
178 172 8 8
178 177 8 8
178 166 8 8
179 175 8 8
179 176 8 8
179 161 8 8
179 160 8 8
160 174 8 8
160 169 8 8
160 177 8 8
160 175 8 8
161 169 8 8
161 172 8 8
161 170 8 8
161 175 8 8
162 169 8 8
162 179 8 8
162 166 8 8
162 177 8 8
163 178 8 8
163 170 8 8
163 179 8 8
163 166 8 8
184 181 9 9
184 182 9 9
184 183 9 9
184 180 9 9
185 182 9 9
185 183 9 9
185 184 9 9
185 180 9 9
186 182 9 9
186 185 9 9
186 181 9 9
186 184 9 9
187 183 9 9
187 182 9 9
187 185 9 9
187 184 9 9
188 186 9 9
188 182 9 9
188 185 9 9
188 184 9 9
189 183 9 9
189 182 9 9
189 188 9 9
189 187 9 9
190 182 9 9
190 186 9 9
190 185 9 9
190 188 9 9
191 187 9 9
191 189 9 9
191 186 9 9
191 182 9 9
192 182 9 9
192 187 9 9
192 181 9 9
192 191 9 9
193 180 9 9
193 189 9 9
193 188 9 9
193 183 9 9
194 187 9 9
194 180 9 9
194 191 9 9
194 185 9 9
195 191 9 9
195 189 9 9
195 181 9 9
195 187 9 9
196 183 9 9
196 182 9 9
196 187 9 9
196 185 9 9
197 181 9 9
197 184 9 9
197 192 9 9
197 188 9 9
198 197 9 9
198 184 9 9
198 180 9 9
198 183 9 9
199 196 9 9
199 197 9 9
199 181 9 9
199 184 9 9
180 199 9 9
180 187 9 9
180 197 9 9
180 192 9 9
181 185 9 9
181 189 9 9
181 190 9 9
181 198 9 9
182 197 9 9
182 199 9 9
182 198 9 9
182 194 9 9
183 192 9 9
183 188 9 9
183 190 9 9
183 199 9 9
204 203 10 10
204 200 10 10
204 202 10 10
204 201 10 10
205 202 10 10
205 203 10 10
205 200 10 10
205 204 10 10
206 201 10 10
206 202 10 10
206 200 10 10
206 204 10 10
207 202 10 10
207 206 10 10
207 201 10 10
207 204 10 10
208 203 10 10
208 205 10 10
208 207 10 10
208 202 10 10
209 207 10 10
209 204 10 10
209 206 10 10
209 205 10 10
210 202 10 10
210 206 10 10
210 203 10 10
210 204 10 10
211 208 10 10
211 207 10 10
211 210 10 10
211 209 10 10
212 208 10 10
212 204 10 10
212 200 10 10
212 205 10 10
213 204 10 10
213 203 10 10
213 211 10 10
213 210 10 10
214 204 10 10
214 205 10 10
214 201 10 10
214 207 10 10
215 205 10 10
215 209 10 10
215 214 10 10
215 212 10 10
216 211 10 10
216 210 10 10
216 205 10 10
216 203 10 10
217 210 10 10
217 205 10 10
217 207 10 10
217 216 10 10
218 215 10 10
218 201 10 10
218 205 10 10
218 217 10 10
219 205 10 10
219 203 10 10
219 217 10 10
219 216 10 10
200 218 10 10
200 208 10 10
200 210 10 10
200 215 10 10
201 205 10 10
201 215 10 10
201 213 10 10
201 210 10 10
202 218 10 10
202 214 10 10
202 219 10 10
202 216 10 10
203 218 10 10
203 206 10 10
203 207 10 10
203 217 10 10
224 220 11 11
224 222 11 11
224 223 11 11
224 221 11 11
225 221 11 11
225 223 11 11
225 220 11 11
225 222 11 11
226 221 11 11
226 223 11 11
226 225 11 11
226 224 11 11
227 222 11 11
227 221 11 11
227 224 11 11
227 226 11 11
228 222 11 11
228 226 11 11
228 224 11 11
228 227 11 11
229 225 11 11
229 227 11 11
229 222 11 11
229 224 11 11
230 229 11 11
230 224 11 11
230 221 11 11
230 220 11 11
231 226 11 11
231 230 11 11
231 220 11 11
231 227 11 11
232 220 11 11
232 227 11 11
232 230 11 11
232 226 11 11
233 227 11 11
233 220 11 11
233 226 11 11
233 221 11 11
234 220 11 11
234 229 11 11
234 224 11 11
234 227 11 11
235 225 11 11
235 233 11 11
235 231 11 11
235 220 11 11
236 225 11 11
236 233 11 11
236 231 11 11
236 223 11 11
237 221 11 11
237 233 11 11
237 220 11 11
237 230 11 11
238 229 11 11
238 227 11 11
238 224 11 11
238 232 11 11
239 224 11 11
239 220 11 11
239 235 11 11
239 227 11 11
220 227 11 11
220 226 11 11
220 238 11 11
220 229 11 11
221 231 11 11
221 232 11 11
221 235 11 11
221 239 11 11
222 238 11 11
222 231 11 11
222 234 11 11
222 236 11 11
223 230 11 11
223 228 11 11
223 239 11 11
223 238 11 11
244 242 12 12
244 243 12 12
244 241 12 12
244 240 12 12
245 244 12 12
245 241 12 12
245 242 12 12
245 240 12 12
246 240 12 12
246 244 12 12
246 243 12 12
246 241 12 12
247 243 12 12
247 245 12 12
247 244 12 12
247 241 12 12
248 240 12 12
248 246 12 12
248 245 12 12
248 247 12 12
249 242 12 12
249 247 12 12
249 241 12 12
249 243 12 12
250 245 12 12
250 246 12 12
250 242 12 12
250 244 12 12
251 241 12 12
251 245 12 12
251 246 12 12
251 242 12 12
252 248 12 12
252 243 12 12
252 245 12 12
252 242 12 12
253 242 12 12
253 248 12 12
253 250 12 12
253 246 12 12
254 244 12 12
254 251 12 12
254 250 12 12
254 245 12 12
255 246 12 12
255 248 12 12
255 240 12 12
255 242 12 12
256 246 12 12
256 244 12 12
256 252 12 12
256 254 12 12
257 242 12 12
257 252 12 12
257 251 12 12
257 250 12 12
258 251 12 12
258 247 12 12
258 243 12 12
258 241 12 12
259 257 12 12
259 255 12 12
259 243 12 12
259 253 12 12
240 250 12 12
240 254 12 12
240 251 12 12
240 253 12 12
241 259 12 12
241 257 12 12
241 253 12 12
241 250 12 12
242 258 12 12
242 254 12 12
242 256 12 12
242 247 12 12
243 250 12 12
243 245 12 12
243 253 12 12
243 254 12 12
264 263 13 13
264 260 13 13
264 262 13 13
264 261 13 13
265 264 13 13
265 262 13 13
265 263 13 13
265 260 13 13
266 260 13 13
266 264 13 13
266 261 13 13
266 262 13 13
267 264 13 13
267 260 13 13
267 262 13 13
267 266 13 13
268 266 13 13
268 262 13 13
268 263 13 13
268 261 13 13
269 265 13 13
269 264 13 13
269 262 13 13
269 261 13 13
270 269 13 13
270 262 13 13
270 267 13 13
270 261 13 13
271 260 13 13
271 268 13 13
271 266 13 13
271 261 13 13
272 264 13 13
272 265 13 13
272 261 13 13
272 269 13 13
273 271 13 13
273 266 13 13
273 263 13 13
273 262 13 13
274 263 13 13
274 260 13 13
274 267 13 13
274 261 13 13
275 265 13 13
275 270 13 13
275 262 13 13
275 263 13 13
276 266 13 13
276 269 13 13
276 260 13 13
276 271 13 13
277 268 13 13
277 260 13 13
277 269 13 13
277 266 13 13
278 266 13 13
278 265 13 13
278 268 13 13
278 274 13 13
279 263 13 13
279 262 13 13
279 273 13 13
279 268 13 13
260 279 13 13
260 268 13 13
260 270 13 13
260 278 13 13
261 277 13 13
261 276 13 13
261 267 13 13
261 279 13 13
262 276 13 13
262 274 13 13
262 277 13 13
262 272 13 13
263 278 13 13
263 276 13 13
263 271 13 13
263 266 13 13
284 283 14 14
284 281 14 14
284 280 14 14
284 282 14 14
285 283 14 14
285 281 14 14
285 282 14 14
285 280 14 14
286 284 14 14
286 285 14 14
286 282 14 14
286 280 14 14
287 285 14 14
287 284 14 14
287 281 14 14
287 280 14 14
288 284 14 14
288 281 14 14
288 287 14 14
288 282 14 14
289 286 14 14
289 287 14 14
289 288 14 14
289 284 14 14
290 284 14 14
290 283 14 14
290 289 14 14
290 287 14 14
291 282 14 14
291 284 14 14
291 283 14 14
291 287 14 14
292 284 14 14
292 290 14 14
292 286 14 14
292 282 14 14
293 283 14 14
293 285 14 14
293 290 14 14
293 288 14 14
294 285 14 14
294 287 14 14
294 280 14 14
294 288 14 14
295 286 14 14
295 285 14 14
295 284 14 14
295 293 14 14
296 281 14 14
296 283 14 14
296 284 14 14
296 294 14 14
297 292 14 14
297 289 14 14
297 287 14 14
297 282 14 14
298 289 14 14
298 292 14 14
298 286 14 14
298 287 14 14
299 297 14 14
299 298 14 14
299 288 14 14
299 284 14 14
280 289 14 14
280 293 14 14
280 295 14 14
280 290 14 14
281 290 14 14
281 294 14 14
281 298 14 14
281 293 14 14
282 296 14 14
282 299 14 14
282 293 14 14
282 289 14 14
283 294 14 14
283 287 14 14
283 292 14 14
283 288 14 14
304 300 15 15
304 303 15 15
304 301 15 15
304 302 15 15
305 301 15 15
305 304 15 15
305 300 15 15
305 303 15 15
306 301 15 15
306 302 15 15
306 305 15 15
306 300 15 15
307 303 15 15
307 304 15 15
307 301 15 15
307 300 15 15
308 303 15 15
308 304 15 15
308 305 15 15
308 302 15 15
309 307 15 15
309 302 15 15
309 300 15 15
309 301 15 15
310 306 15 15
310 309 15 15
310 300 15 15
310 307 15 15
311 307 15 15
311 301 15 15
311 306 15 15
311 300 15 15
312 301 15 15
312 307 15 15
312 300 15 15
312 305 15 15
313 301 15 15
313 309 15 15
313 311 15 15
313 302 15 15
314 310 15 15
314 306 15 15
314 300 15 15
314 302 15 15
315 305 15 15
315 301 15 15
315 302 15 15
315 306 15 15
316 309 15 15
316 312 15 15
316 305 15 15
316 308 15 15
317 309 15 15
317 311 15 15
317 303 15 15
317 304 15 15
318 311 15 15
318 301 15 15
318 306 15 15
318 315 15 15
319 317 15 15
319 303 15 15
319 308 15 15
319 309 15 15
300 315 15 15
300 316 15 15
300 313 15 15
300 317 15 15
301 316 15 15
301 310 15 15
301 317 15 15
301 314 15 15
302 312 15 15
302 307 15 15
302 311 15 15
302 316 15 15
303 312 15 15
303 315 15 15
303 306 15 15
303 310 15 15
87 18 4 0
89 37 4 1
93 59 4 2
83 67 4 3
114 15 5 0
109 84 5 4
100 53 5 2
119 60 5 3
131 0 6 0
122 112 6 5
127 67 6 3
120 57 6 2
158 109 7 5
144 43 7 2
157 137 7 6
158 90 7 4
160 7 8 0
164 59 8 2
162 108 8 5
174 68 8 3
190 113 9 5
184 80 9 4
198 31 9 1
180 151 9 7
215 195 10 9
211 96 10 4
218 44 10 2
207 23 10 1
236 56 11 2
220 169 11 8
224 63 11 3
223 191 11 9
246 3 12 0
248 206 12 10
257 194 12 9
245 47 12 2
277 24 13 1
268 204 13 10
264 134 13 6
270 180 13 9
290 268 14 13
284 84 14 4
290 24 14 1
291 237 14 11
300 52 15 2
301 293 15 14
301 232 15 11
311 187 15 9
18 232 0 11
13 146 0 7
3 265 0 13
5 202 0 10
26 232 1 11
33 161 1 8
26 246 1 12
27 105 1 5
46 185 2 9
40 285 2 14
45 270 2 13
62 244 3 12
78 218 3 10
68 154 3 7
79 312 3 15
