swNum = 320
edgeNum = 1344

0 0
1 0
2 0
3 0
4 0
5 0
6 0
7 0
8 0
9 0
10 0
11 0
12 0
13 0
14 0
15 0
16 0
17 0
18 0
19 0
20 1
21 1
22 1
23 1
24 1
25 1
26 1
27 1
28 1
29 1
30 1
31 1
32 1
33 1
34 1
35 1
36 1
37 1
38 1
39 1
40 2
41 2
42 2
43 2
44 2
45 2
46 2
47 2
48 2
49 2
50 2
51 2
52 2
53 2
54 2
55 2
56 2
57 2
58 2
59 2
60 3
61 3
62 3
63 3
64 3
65 3
66 3
67 3
68 3
69 3
70 3
71 3
72 3
73 3
74 3
75 3
76 3
77 3
78 3
79 3
80 4
81 4
82 4
83 4
84 4
85 4
86 4
87 4
88 4
89 4
90 4
91 4
92 4
93 4
94 4
95 4
96 4
97 4
98 4
99 4
100 5
101 5
102 5
103 5
104 5
105 5
106 5
107 5
108 5
109 5
110 5
111 5
112 5
113 5
114 5
115 5
116 5
117 5
118 5
119 5
120 6
121 6
122 6
123 6
124 6
125 6
126 6
127 6
128 6
129 6
130 6
131 6
132 6
133 6
134 6
135 6
136 6
137 6
138 6
139 6
140 7
141 7
142 7
143 7
144 7
145 7
146 7
147 7
148 7
149 7
150 7
151 7
152 7
153 7
154 7
155 7
156 7
157 7
158 7
159 7
160 8
161 8
162 8
163 8
164 8
165 8
166 8
167 8
168 8
169 8
170 8
171 8
172 8
173 8
174 8
175 8
176 8
177 8
178 8
179 8
180 9
181 9
182 9
183 9
184 9
185 9
186 9
187 9
188 9
189 9
190 9
191 9
192 9
193 9
194 9
195 9
196 9
197 9
198 9
199 9
200 10
201 10
202 10
203 10
204 10
205 10
206 10
207 10
208 10
209 10
210 10
211 10
212 10
213 10
214 10
215 10
216 10
217 10
218 10
219 10
220 11
221 11
222 11
223 11
224 11
225 11
226 11
227 11
228 11
229 11
230 11
231 11
232 11
233 11
234 11
235 11
236 11
237 11
238 11
239 11
240 12
241 12
242 12
243 12
244 12
245 12
246 12
247 12
248 12
249 12
250 12
251 12
252 12
253 12
254 12
255 12
256 12
257 12
258 12
259 12
260 13
261 13
262 13
263 13
264 13
265 13
266 13
267 13
268 13
269 13
270 13
271 13
272 13
273 13
274 13
275 13
276 13
277 13
278 13
279 13
280 14
281 14
282 14
283 14
284 14
285 14
286 14
287 14
288 14
289 14
290 14
291 14
292 14
293 14
294 14
295 14
296 14
297 14
298 14
299 14
300 15
301 15
302 15
303 15
304 15
305 15
306 15
307 15
308 15
309 15
310 15
311 15
312 15
313 15
314 15
315 15
316 15
317 15
318 15
319 15

4 3 0 0
4 2 0 0
4 0 0 0
4 1 0 0
5 4 0 0
5 1 0 0
5 2 0 0
5 3 0 0
6 4 0 0
6 1 0 0
6 3 0 0
6 2 0 0
7 6 0 0
7 2 0 0
7 4 0 0
7 5 0 0
8 0 0 0
8 3 0 0
8 4 0 0
8 6 0 0
9 5 0 0
9 1 0 0
9 7 0 0
9 2 0 0
10 8 0 0
10 0 0 0
10 9 0 0
10 3 0 0
11 0 0 0
11 3 0 0
11 6 0 0
11 7 0 0
12 3 0 0
12 2 0 0
12 10 0 0
12 5 0 0
13 4 0 0
13 7 0 0
13 9 0 0
13 2 0 0
14 3 0 0
14 11 0 0
14 10 0 0
14 4 0 0
15 0 0 0
15 11 0 0
15 3 0 0
15 6 0 0
16 7 0 0
16 6 0 0
16 12 0 0
16 9 0 0
17 12 0 0
17 14 0 0
17 6 0 0
17 1 0 0
18 1 0 0
18 16 0 0
18 4 0 0
18 7 0 0
19 4 0 0
19 17 0 0
19 11 0 0
19 13 0 0
0 14 0 0
0 19 0 0
0 18 0 0
0 13 0 0
1 11 0 0
1 8 0 0
1 7 0 0
1 14 0 0
2 19 0 0
2 17 0 0
2 14 0 0
2 15 0 0
3 9 0 0
3 18 0 0
3 17 0 0
3 13 0 0
24 20 1 1
24 23 1 1
24 22 1 1
24 21 1 1
25 21 1 1
25 23 1 1
25 24 1 1
25 22 1 1
26 22 1 1
26 20 1 1
26 25 1 1
26 24 1 1
27 25 1 1
27 21 1 1
27 24 1 1
27 20 1 1
28 22 1 1
28 25 1 1
28 24 1 1
28 20 1 1
29 20 1 1
29 24 1 1
29 28 1 1
29 26 1 1
30 25 1 1
30 24 1 1
30 23 1 1
30 21 1 1
31 25 1 1
31 28 1 1
31 20 1 1
31 21 1 1
32 26 1 1
32 31 1 1
32 29 1 1
32 20 1 1
33 29 1 1
33 24 1 1
33 20 1 1
33 31 1 1
34 20 1 1
34 25 1 1
34 22 1 1
34 32 1 1
35 31 1 1
35 28 1 1
35 30 1 1
35 29 1 1
36 33 1 1
36 24 1 1
36 35 1 1
36 34 1 1
37 27 1 1
37 25 1 1
37 30 1 1
37 35 1 1
38 28 1 1
38 33 1 1
38 20 1 1
38 24 1 1
39 35 1 1
39 29 1 1
39 38 1 1
39 36 1 1
20 39 1 1
20 36 1 1
20 30 1 1
20 35 1 1
21 26 1 1
21 38 1 1
21 37 1 1
21 35 1 1
22 33 1 1
22 29 1 1
22 38 1 1
22 30 1 1
23 31 1 1
23 34 1 1
23 26 1 1
23 32 1 1
44 43 2 2
44 42 2 2
44 41 2 2
44 40 2 2
45 43 2 2
45 44 2 2
45 40 2 2
45 41 2 2
46 41 2 2
46 40 2 2
46 45 2 2
46 43 2 2
47 41 2 2
47 42 2 2
47 46 2 2
47 44 2 2
48 40 2 2
48 47 2 2
48 43 2 2
48 41 2 2
49 44 2 2
49 41 2 2
49 46 2 2
49 40 2 2
50 45 2 2
50 43 2 2
50 47 2 2
50 41 2 2
51 44 2 2
51 47 2 2
51 48 2 2
51 43 2 2
52 42 2 2
52 44 2 2
52 45 2 2
52 43 2 2
53 43 2 2
53 52 2 2
53 51 2 2
53 42 2 2
54 47 2 2
54 45 2 2
54 50 2 2
54 48 2 2
55 52 2 2
55 53 2 2
55 43 2 2
55 45 2 2
56 53 2 2
56 44 2 2
56 40 2 2
56 52 2 2
57 50 2 2
57 44 2 2
57 51 2 2
57 47 2 2
58 43 2 2
58 42 2 2
58 53 2 2
58 56 2 2
59 44 2 2
59 40 2 2
59 56 2 2
59 42 2 2
40 47 2 2
40 58 2 2
40 50 2 2
40 53 2 2
41 51 2 2
41 54 2 2
41 59 2 2
41 52 2 2
42 50 2 2
42 48 2 2
42 57 2 2
42 49 2 2
43 57 2 2
43 59 2 2
43 47 2 2
43 49 2 2
64 60 3 3
64 62 3 3
64 61 3 3
64 63 3 3
65 63 3 3
65 60 3 3
65 61 3 3
65 64 3 3
66 64 3 3
66 60 3 3
66 61 3 3
66 62 3 3
67 65 3 3
67 66 3 3
67 64 3 3
67 62 3 3
68 65 3 3
68 66 3 3
68 63 3 3
68 61 3 3
69 64 3 3
69 62 3 3
69 66 3 3
69 60 3 3
70 67 3 3
70 65 3 3
70 60 3 3
70 68 3 3
71 66 3 3
71 69 3 3
71 60 3 3
71 70 3 3
72 66 3 3
72 61 3 3
72 69 3 3
72 64 3 3
73 71 3 3
73 68 3 3
73 65 3 3
73 72 3 3
74 67 3 3
74 69 3 3
74 65 3 3
74 64 3 3
75 64 3 3
75 60 3 3
75 66 3 3
75 61 3 3
76 67 3 3
76 70 3 3
76 74 3 3
76 72 3 3
77 72 3 3
77 67 3 3
77 75 3 3
77 62 3 3
78 64 3 3
78 66 3 3
78 73 3 3
78 75 3 3
79 64 3 3
79 60 3 3
79 69 3 3
79 70 3 3
60 77 3 3
60 78 3 3
60 73 3 3
60 72 3 3
61 69 3 3
61 71 3 3
61 73 3 3
61 78 3 3
62 70 3 3
62 75 3 3
62 78 3 3
62 74 3 3
63 74 3 3
63 67 3 3
63 69 3 3
63 73 3 3
84 83 4 4
84 80 4 4
84 82 4 4
84 81 4 4
85 80 4 4
85 84 4 4
85 81 4 4
85 82 4 4
86 81 4 4
86 84 4 4
86 80 4 4
86 83 4 4
87 81 4 4
87 83 4 4
87 86 4 4
87 84 4 4
88 80 4 4
88 84 4 4
88 85 4 4
88 87 4 4
89 81 4 4
89 84 4 4
89 80 4 4
89 87 4 4
90 82 4 4
90 83 4 4
90 84 4 4
90 88 4 4
91 90 4 4
91 88 4 4
91 80 4 4
91 89 4 4
92 88 4 4
92 82 4 4
92 90 4 4
92 80 4 4
93 84 4 4
93 82 4 4
93 88 4 4
93 91 4 4
94 84 4 4
94 92 4 4
94 90 4 4
94 93 4 4
95 89 4 4
95 90 4 4
95 84 4 4
95 91 4 4
96 83 4 4
96 89 4 4
96 80 4 4
96 91 4 4
97 96 4 4
97 86 4 4
97 83 4 4
97 87 4 4
98 89 4 4
98 80 4 4
98 82 4 4
98 81 4 4
99 91 4 4
99 92 4 4
99 94 4 4
99 80 4 4
80 93 4 4
80 90 4 4
80 94 4 4
80 95 4 4
81 88 4 4
81 91 4 4
81 96 4 4
81 97 4 4
82 94 4 4
82 96 4 4
82 86 4 4
82 89 4 4
83 89 4 4
83 98 4 4
83 93 4 4
83 85 4 4
104 103 5 5
104 101 5 5
104 100 5 5
104 102 5 5
105 101 5 5
105 100 5 5
105 102 5 5
105 103 5 5
106 104 5 5
106 101 5 5
106 102 5 5
106 105 5 5
107 104 5 5
107 103 5 5
107 105 5 5
107 102 5 5
108 102 5 5
108 101 5 5
108 106 5 5
108 105 5 5
109 107 5 5
109 106 5 5
109 100 5 5
109 108 5 5
110 106 5 5
110 109 5 5
110 108 5 5
110 102 5 5
111 108 5 5
111 106 5 5
111 109 5 5
111 110 5 5
112 106 5 5
112 107 5 5
112 102 5 5
112 109 5 5
113 101 5 5
113 105 5 5
113 102 5 5
113 100 5 5
114 104 5 5
114 103 5 5
114 113 5 5
114 105 5 5
115 104 5 5
115 100 5 5
115 109 5 5
115 107 5 5
116 104 5 5
116 115 5 5
116 103 5 5
116 101 5 5
117 104 5 5
117 116 5 5
117 112 5 5
117 103 5 5
118 113 5 5
118 102 5 5
118 104 5 5
118 115 5 5
119 107 5 5
119 112 5 5
119 103 5 5
119 102 5 5
100 116 5 5
100 118 5 5
100 107 5 5
100 117 5 5
101 115 5 5
101 112 5 5
101 111 5 5
101 114 5 5
102 116 5 5
102 115 5 5
102 114 5 5
102 117 5 5
103 118 5 5
103 115 5 5
103 112 5 5
103 108 5 5
124 121 6 6
124 122 6 6
124 120 6 6
124 123 6 6
125 121 6 6
125 122 6 6
125 120 6 6
125 123 6 6
126 122 6 6
126 120 6 6
126 124 6 6
126 121 6 6
127 126 6 6
127 121 6 6
127 120 6 6
127 124 6 6
128 126 6 6
128 127 6 6
128 124 6 6
128 123 6 6
129 128 6 6
129 122 6 6
129 126 6 6
129 127 6 6
130 127 6 6
130 120 6 6
130 122 6 6
130 128 6 6
131 127 6 6
131 128 6 6
131 126 6 6
131 123 6 6
132 128 6 6
132 121 6 6
132 131 6 6
132 130 6 6
133 130 6 6
133 128 6 6
133 131 6 6
133 132 6 6
134 133 6 6
134 123 6 6
134 131 6 6
134 126 6 6
135 126 6 6
135 129 6 6
135 128 6 6
135 121 6 6
136 128 6 6
136 124 6 6
136 130 6 6
136 126 6 6
137 128 6 6
137 130 6 6
137 122 6 6
137 131 6 6
138 130 6 6
138 137 6 6
138 124 6 6
138 128 6 6
139 136 6 6
139 124 6 6
139 126 6 6
139 123 6 6
120 129 6 6
120 131 6 6
120 135 6 6
120 139 6 6
121 137 6 6
121 128 6 6
121 139 6 6
121 138 6 6
122 133 6 6
122 136 6 6
122 139 6 6
122 132 6 6
123 132 6 6
123 127 6 6
123 137 6 6
123 133 6 6
144 143 7 7
144 140 7 7
144 142 7 7
144 141 7 7
145 141 7 7
145 140 7 7
145 142 7 7
145 143 7 7
146 140 7 7
146 145 7 7
146 142 7 7
146 143 7 7
147 140 7 7
147 141 7 7
147 145 7 7
147 142 7 7
148 146 7 7
148 145 7 7
148 140 7 7
148 141 7 7
149 144 7 7
149 142 7 7
149 141 7 7
149 148 7 7
150 144 7 7
150 143 7 7
150 148 7 7
150 141 7 7
151 140 7 7
151 144 7 7
151 142 7 7
151 146 7 7
152 151 7 7
152 141 7 7
152 146 7 7
152 144 7 7
153 149 7 7
153 142 7 7
153 141 7 7
153 152 7 7
154 146 7 7
154 152 7 7
154 142 7 7
154 140 7 7
155 151 7 7
155 143 7 7
155 140 7 7
155 149 7 7
156 153 7 7
156 149 7 7
156 148 7 7
156 146 7 7
157 148 7 7
157 141 7 7
157 147 7 7
157 154 7 7
158 142 7 7
158 149 7 7
158 147 7 7
158 143 7 7
159 141 7 7
159 145 7 7
159 150 7 7
159 143 7 7
140 158 7 7
140 149 7 7
140 157 7 7
140 156 7 7
141 151 7 7
141 154 7 7
141 146 7 7
141 156 7 7
142 150 7 7
142 157 7 7
142 152 7 7
142 148 7 7
143 152 7 7
143 149 7 7
143 153 7 7
143 154 7 7
164 161 8 8
164 163 8 8
164 160 8 8
164 162 8 8
165 162 8 8
165 160 8 8
165 164 8 8
165 163 8 8
166 162 8 8
166 165 8 8
166 160 8 8
166 161 8 8
167 165 8 8
167 164 8 8
167 166 8 8
167 161 8 8
168 165 8 8
168 164 8 8
168 160 8 8
168 161 8 8
169 161 8 8
169 160 8 8
169 163 8 8
169 168 8 8
170 163 8 8
170 167 8 8
170 164 8 8
170 161 8 8
171 167 8 8
171 170 8 8
171 160 8 8
171 166 8 8
172 169 8 8
172 170 8 8
172 168 8 8
172 161 8 8
173 165 8 8
173 160 8 8
173 166 8 8
173 161 8 8
174 168 8 8
174 167 8 8
174 172 8 8
174 170 8 8
175 172 8 8
175 169 8 8
175 168 8 8
175 165 8 8
176 175 8 8
176 165 8 8
176 170 8 8
176 160 8 8
177 160 8 8
177 167 8 8
177 163 8 8
177 165 8 8
178 163 8 8
178 177 8 8
178 161 8 8
178 162 8 8
179 170 8 8
179 175 8 8
179 177 8 8
179 160 8 8
160 167 8 8
160 172 8 8
160 170 8 8
160 174 8 8
161 177 8 8
161 176 8 8
161 165 8 8
161 171 8 8
162 168 8 8
162 170 8 8
162 171 8 8
162 179 8 8
163 166 8 8
163 173 8 8
163 179 8 8
163 176 8 8
184 181 9 9
184 180 9 9
184 182 9 9
184 183 9 9
185 184 9 9
185 180 9 9
185 181 9 9
185 183 9 9
186 181 9 9
186 184 9 9
186 180 9 9
186 185 9 9
187 180 9 9
187 183 9 9
187 185 9 9
187 182 9 9
188 185 9 9
188 184 9 9
188 181 9 9
188 183 9 9
189 183 9 9
189 188 9 9
189 184 9 9
189 182 9 9
190 185 9 9
190 187 9 9
190 182 9 9
190 189 9 9
191 182 9 9
191 184 9 9
191 186 9 9
191 188 9 9
192 188 9 9
192 184 9 9
192 181 9 9
192 186 9 9
193 187 9 9
193 188 9 9
193 189 9 9
193 184 9 9
194 185 9 9
194 189 9 9
194 183 9 9
194 188 9 9
195 185 9 9
195 194 9 9
195 180 9 9
195 190 9 9
196 192 9 9
196 184 9 9
196 181 9 9
196 185 9 9
197 196 9 9
197 187 9 9
197 184 9 9
197 186 9 9
198 192 9 9
198 181 9 9
198 193 9 9
198 185 9 9
199 198 9 9
199 184 9 9
199 185 9 9
199 190 9 9
180 198 9 9
180 199 9 9
180 192 9 9
180 189 9 9
181 190 9 9
181 191 9 9
181 197 9 9
181 193 9 9
182 199 9 9
182 193 9 9
182 188 9 9
182 194 9 9
183 198 9 9
183 193 9 9
183 192 9 9
183 195 9 9
204 201 10 10
204 203 10 10
204 200 10 10
204 202 10 10
205 202 10 10
205 201 10 10
205 200 10 10
205 203 10 10
206 205 10 10
206 200 10 10
206 201 10 10
206 204 10 10
207 204 10 10
207 202 10 10
207 203 10 10
207 201 10 10
208 201 10 10
208 203 10 10
208 204 10 10
208 202 10 10
209 201 10 10
209 205 10 10
209 200 10 10
209 207 10 10
210 200 10 10
210 207 10 10
210 204 10 10
210 205 10 10
211 202 10 10
211 206 10 10
211 210 10 10
211 203 10 10
212 205 10 10
212 204 10 10
212 200 10 10
212 206 10 10
213 204 10 10
213 209 10 10
213 205 10 10
213 201 10 10
214 212 10 10
214 211 10 10
214 207 10 10
214 201 10 10
215 208 10 10
215 210 10 10
215 212 10 10
215 207 10 10
216 213 10 10
216 202 10 10
216 209 10 10
216 208 10 10
217 202 10 10
217 211 10 10
217 212 10 10
217 207 10 10
218 207 10 10
218 212 10 10
218 206 10 10
218 213 10 10
219 208 10 10
219 211 10 10
219 214 10 10
219 217 10 10
200 216 10 10
200 215 10 10
200 213 10 10
200 219 10 10
201 211 10 10
201 218 10 10
201 216 10 10
201 217 10 10
202 219 10 10
202 212 10 10
202 218 10 10
202 209 10 10
203 209 10 10
203 215 10 10
203 213 10 10
203 216 10 10
224 222 11 11
224 223 11 11
224 221 11 11
224 220 11 11
225 223 11 11
225 220 11 11
225 222 11 11
225 221 11 11
226 225 11 11
226 221 11 11
226 220 11 11
226 224 11 11
227 226 11 11
227 225 11 11
227 221 11 11
227 220 11 11
228 220 11 11
228 227 11 11
228 221 11 11
228 225 11 11
229 228 11 11
229 227 11 11
229 225 11 11
229 221 11 11
230 221 11 11
230 229 11 11
230 223 11 11
230 222 11 11
231 220 11 11
231 226 11 11
231 227 11 11
231 223 11 11
232 223 11 11
232 231 11 11
232 226 11 11
232 224 11 11
233 226 11 11
233 231 11 11
233 222 11 11
233 229 11 11
234 230 11 11
234 233 11 11
234 221 11 11
234 228 11 11
235 225 11 11
235 231 11 11
235 233 11 11
235 226 11 11
236 226 11 11
236 232 11 11
236 222 11 11
236 227 11 11
237 225 11 11
237 224 11 11
237 235 11 11
237 230 11 11
238 230 11 11
238 235 11 11
238 231 11 11
238 227 11 11
239 222 11 11
239 232 11 11
239 221 11 11
239 238 11 11
220 235 11 11
220 238 11 11
220 236 11 11
220 234 11 11
221 236 11 11
221 231 11 11
221 235 11 11
221 238 11 11
222 226 11 11
222 238 11 11
222 232 11 11
222 229 11 11
223 239 11 11
223 229 11 11
223 237 11 11
223 233 11 11
244 242 12 12
244 243 12 12
244 240 12 12
244 241 12 12
245 242 12 12
245 243 12 12
245 241 12 12
245 244 12 12
246 244 12 12
246 242 12 12
246 241 12 12
246 243 12 12
247 240 12 12
247 244 12 12
247 243 12 12
247 241 12 12
248 242 12 12
248 241 12 12
248 246 12 12
248 240 12 12
249 241 12 12
249 242 12 12
249 240 12 12
249 243 12 12
250 247 12 12
250 245 12 12
250 240 12 12
250 246 12 12
251 250 12 12
251 244 12 12
251 243 12 12
251 240 12 12
252 248 12 12
252 251 12 12
252 247 12 12
252 241 12 12
253 250 12 12
253 247 12 12
253 240 12 12
253 243 12 12
254 248 12 12
254 252 12 12
254 249 12 12
254 242 12 12
255 247 12 12
255 249 12 12
255 246 12 12
255 242 12 12
256 240 12 12
256 248 12 12
256 252 12 12
256 253 12 12
257 247 12 12
257 240 12 12
257 241 12 12
257 242 12 12
258 251 12 12
258 246 12 12
258 243 12 12
258 255 12 12
259 252 12 12
259 257 12 12
259 247 12 12
259 254 12 12
240 255 12 12
240 259 12 12
240 258 12 12
240 245 12 12
241 253 12 12
241 254 12 12
241 259 12 12
241 256 12 12
242 247 12 12
242 251 12 12
242 253 12 12
242 259 12 12
243 257 12 12
243 255 12 12
243 256 12 12
243 259 12 12
264 263 13 13
264 261 13 13
264 262 13 13
264 260 13 13
265 260 13 13
265 262 13 13
265 263 13 13
265 261 13 13
266 260 13 13
266 261 13 13
266 262 13 13
266 263 13 13
267 265 13 13
267 262 13 13
267 266 13 13
267 264 13 13
268 266 13 13
268 260 13 13
268 261 13 13
268 263 13 13
269 267 13 13
269 266 13 13
269 268 13 13
269 263 13 13
270 265 13 13
270 263 13 13
270 262 13 13
270 269 13 13
271 265 13 13
271 264 13 13
271 270 13 13
271 268 13 13
272 266 13 13
272 263 13 13
272 262 13 13
272 268 13 13
273 270 13 13
273 269 13 13
273 263 13 13
273 264 13 13
274 265 13 13
274 262 13 13
274 263 13 13
274 268 13 13
275 266 13 13
275 268 13 13
275 269 13 13
275 267 13 13
276 268 13 13
276 275 13 13
276 262 13 13
276 261 13 13
277 270 13 13
277 262 13 13
277 273 13 13
277 263 13 13
278 275 13 13
278 262 13 13
278 270 13 13
278 271 13 13
279 270 13 13
279 273 13 13
279 261 13 13
279 274 13 13
260 267 13 13
260 274 13 13
260 271 13 13
260 279 13 13
261 275 13 13
261 277 13 13
261 278 13 13
261 274 13 13
262 273 13 13
262 271 13 13
262 279 13 13
262 269 13 13
263 271 13 13
263 276 13 13
263 278 13 13
263 279 13 13
284 281 14 14
284 280 14 14
284 283 14 14
284 282 14 14
285 280 14 14
285 284 14 14
285 283 14 14
285 282 14 14
286 281 14 14
286 282 14 14
286 284 14 14
286 285 14 14
287 286 14 14
287 282 14 14
287 281 14 14
287 280 14 14
288 285 14 14
288 283 14 14
288 280 14 14
288 281 14 14
289 287 14 14
289 286 14 14
289 282 14 14
289 281 14 14
290 284 14 14
290 281 14 14
290 289 14 14
290 285 14 14
291 280 14 14
291 285 14 14
291 281 14 14
291 289 14 14
292 290 14 14
292 281 14 14
292 284 14 14
292 286 14 14
293 290 14 14
293 280 14 14
293 283 14 14
293 291 14 14
294 280 14 14
294 285 14 14
294 288 14 14
294 283 14 14
295 286 14 14
295 281 14 14
295 294 14 14
295 282 14 14
296 285 14 14
296 292 14 14
296 286 14 14
296 284 14 14
297 293 14 14
297 295 14 14
297 290 14 14
297 280 14 14
298 296 14 14
298 284 14 14
298 280 14 14
298 293 14 14
299 281 14 14
299 292 14 14
299 280 14 14
299 288 14 14
280 295 14 14
280 290 14 14
280 296 14 14
280 289 14 14
281 294 14 14
281 296 14 14
281 297 14 14
281 293 14 14
282 292 14 14
282 296 14 14
282 288 14 14
282 294 14 14
283 290 14 14
283 295 14 14
283 292 14 14
283 297 14 14
304 301 15 15
304 300 15 15
304 302 15 15
304 303 15 15
305 300 15 15
305 301 15 15
305 302 15 15
305 304 15 15
306 301 15 15
306 300 15 15
306 304 15 15
306 302 15 15
307 301 15 15
307 304 15 15
307 305 15 15
307 306 15 15
308 301 15 15
308 306 15 15
308 305 15 15
308 304 15 15
309 303 15 15
309 305 15 15
309 304 15 15
309 306 15 15
310 307 15 15
310 303 15 15
310 302 15 15
310 305 15 15
311 307 15 15
311 303 15 15
311 300 15 15
311 306 15 15
312 305 15 15
312 301 15 15
312 302 15 15
312 306 15 15
313 309 15 15
313 303 15 15
313 302 15 15
313 305 15 15
314 308 15 15
314 305 15 15
314 307 15 15
314 310 15 15
315 311 15 15
315 302 15 15
315 300 15 15
315 303 15 15
316 310 15 15
316 312 15 15
316 309 15 15
316 315 15 15
317 312 15 15
317 305 15 15
317 306 15 15
317 311 15 15
318 317 15 15
318 316 15 15
318 305 15 15
318 313 15 15
319 307 15 15
319 305 15 15
319 314 15 15
319 318 15 15
300 316 15 15
300 319 15 15
300 309 15 15
300 307 15 15
301 314 15 15
301 311 15 15
301 310 15 15
301 318 15 15
302 317 15 15
302 319 15 15
302 314 15 15
302 307 15 15
303 308 15 15
303 307 15 15
303 314 15 15
303 306 15 15
80 15 4 0
87 36 4 1
81 75 4 3
96 58 4 2
109 50 5 2
108 66 5 3
102 6 5 0
104 88 5 4
138 92 6 4
136 76 6 3
137 46 6 2
128 100 6 5
157 70 7 3
150 6 7 0
151 125 7 6
144 51 7 2
170 39 8 1
162 58 8 2
176 92 8 4
171 5 8 0
195 80 9 4
189 134 9 6
194 20 9 1
182 43 9 2
206 175 10 8
206 152 10 7
216 8 10 0
203 65 10 3
231 156 11 7
232 128 11 6
236 73 11 3
237 96 11 4
246 5 12 0
244 194 12 9
243 147 12 7
252 22 12 1
265 159 13 7
262 54 13 2
260 85 13 4
276 17 13 0
288 271 14 13
285 178 14 8
291 47 14 2
293 7 14 0
314 159 15 7
302 68 15 3
306 229 15 11
302 249 15 12
4 126 0 6
1 231 0 11
11 313 0 15
13 187 0 9
32 315 1 15
26 204 1 10
21 261 1 13
22 122 1 6
58 223 2 11
53 202 2 10
48 309 2 15
48 253 2 12
63 274 3 13
72 291 3 14
74 241 3 12
76 199 3 9
