swNum = 320
edgeNum = 1342

0 0
1 0
2 0
3 0
4 0
5 0
6 0
7 0
8 0
9 0
10 0
11 0
12 0
13 0
14 0
15 0
16 0
17 0
18 0
19 0
20 1
21 1
22 1
23 1
24 1
25 1
26 1
27 1
28 1
29 1
30 1
31 1
32 1
33 1
34 1
35 1
36 1
37 1
38 1
39 1
40 2
41 2
42 2
43 2
44 2
45 2
46 2
47 2
48 2
49 2
50 2
51 2
52 2
53 2
54 2
55 2
56 2
57 2
58 2
59 2
60 3
61 3
62 3
63 3
64 3
65 3
66 3
67 3
68 3
69 3
70 3
71 3
72 3
73 3
74 3
75 3
76 3
77 3
78 3
79 3
80 4
81 4
82 4
83 4
84 4
85 4
86 4
87 4
88 4
89 4
90 4
91 4
92 4
93 4
94 4
95 4
96 4
97 4
98 4
99 4
100 5
101 5
102 5
103 5
104 5
105 5
106 5
107 5
108 5
109 5
110 5
111 5
112 5
113 5
114 5
115 5
116 5
117 5
118 5
119 5
120 6
121 6
122 6
123 6
124 6
125 6
126 6
127 6
128 6
129 6
130 6
131 6
132 6
133 6
134 6
135 6
136 6
137 6
138 6
139 6
140 7
141 7
142 7
143 7
144 7
145 7
146 7
147 7
148 7
149 7
150 7
151 7
152 7
153 7
154 7
155 7
156 7
157 7
158 7
159 7
160 8
161 8
162 8
163 8
164 8
165 8
166 8
167 8
168 8
169 8
170 8
171 8
172 8
173 8
174 8
175 8
176 8
177 8
178 8
179 8
180 9
181 9
182 9
183 9
184 9
185 9
186 9
187 9
188 9
189 9
190 9
191 9
192 9
193 9
194 9
195 9
196 9
197 9
198 9
199 9
200 10
201 10
202 10
203 10
204 10
205 10
206 10
207 10
208 10
209 10
210 10
211 10
212 10
213 10
214 10
215 10
216 10
217 10
218 10
219 10
220 11
221 11
222 11
223 11
224 11
225 11
226 11
227 11
228 11
229 11
230 11
231 11
232 11
233 11
234 11
235 11
236 11
237 11
238 11
239 11
240 12
241 12
242 12
243 12
244 12
245 12
246 12
247 12
248 12
249 12
250 12
251 12
252 12
253 12
254 12
255 12
256 12
257 12
258 12
259 12
260 13
261 13
262 13
263 13
264 13
265 13
266 13
267 13
268 13
269 13
270 13
271 13
272 13
273 13
274 13
275 13
276 13
277 13
278 13
279 13
280 14
281 14
282 14
283 14
284 14
285 14
286 14
287 14
288 14
289 14
290 14
291 14
292 14
293 14
294 14
295 14
296 14
297 14
298 14
299 14
300 15
301 15
302 15
303 15
304 15
305 15
306 15
307 15
308 15
309 15
310 15
311 15
312 15
313 15
314 15
315 15
316 15
317 15
318 15
319 15

4 1 0 0
4 0 0 0
4 3 0 0
4 2 0 0
5 3 0 0
5 1 0 0
5 4 0 0
5 2 0 0
6 0 0 0
6 1 0 0
6 2 0 0
6 3 0 0
7 2 0 0
7 1 0 0
7 5 0 0
7 6 0 0
8 0 0 0
8 3 0 0
8 5 0 0
8 7 0 0
9 5 0 0
9 8 0 0
9 2 0 0
9 3 0 0
10 3 0 0
10 1 0 0
10 0 0 0
10 5 0 0
11 9 0 0
11 8 0 0
11 0 0 0
11 3 0 0
12 1 0 0
12 6 0 0
12 2 0 0
12 7 0 0
13 6 0 0
13 0 0 0
13 2 0 0
13 12 0 0
14 12 0 0
14 13 0 0
14 0 0 0
14 11 0 0
15 3 0 0
15 1 0 0
15 10 0 0
15 12 0 0
16 14 0 0
16 4 0 0
16 15 0 0
16 10 0 0
17 1 0 0
17 0 0 0
17 5 0 0
17 12 0 0
18 0 0 0
18 1 0 0
18 14 0 0
18 3 0 0
19 14 0 0
19 9 0 0
19 8 0 0
19 1 0 0
0 12 0 0
0 15 0 0
0 19 0 0
0 9 0 0
1 13 0 0
1 16 0 0
1 11 0 0
1 9 0 0
2 17 0 0
2 11 0 0
2 14 0 0
2 19 0 0
3 17 0 0
3 16 0 0
3 12 0 0
3 13 0 0
24 22 1 1
24 23 1 1
24 21 1 1
24 20 1 1
25 22 1 1
25 24 1 1
25 21 1 1
25 23 1 1
26 21 1 1
26 25 1 1
26 22 1 1
26 20 1 1
27 23 1 1
27 25 1 1
27 26 1 1
27 24 1 1
28 22 1 1
28 25 1 1
28 26 1 1
28 24 1 1
29 24 1 1
29 23 1 1
29 27 1 1
29 28 1 1
30 27 1 1
30 23 1 1
30 26 1 1
30 20 1 1
31 27 1 1
31 28 1 1
31 29 1 1
31 24 1 1
32 28 1 1
32 29 1 1
32 22 1 1
32 20 1 1
33 28 1 1
33 26 1 1
33 22 1 1
33 32 1 1
34 32 1 1
34 27 1 1
34 21 1 1
34 23 1 1
35 30 1 1
35 24 1 1
35 20 1 1
35 34 1 1
36 21 1 1
36 25 1 1
36 35 1 1
36 20 1 1
37 25 1 1
37 32 1 1
37 23 1 1
37 34 1 1
38 33 1 1
38 24 1 1
38 36 1 1
38 31 1 1
39 33 1 1
39 32 1 1
39 37 1 1
39 36 1 1
20 33 1 1
20 34 1 1
20 27 1 1
20 37 1 1
21 33 1 1
21 30 1 1
21 31 1 1
21 28 1 1
22 38 1 1
22 39 1 1
22 30 1 1
22 27 1 1
23 39 1 1
23 32 1 1
23 38 1 1
23 28 1 1
44 43 2 2
44 41 2 2
44 42 2 2
44 40 2 2
45 40 2 2
45 43 2 2
45 42 2 2
45 41 2 2
46 42 2 2
46 41 2 2
46 44 2 2
46 40 2 2
47 42 2 2
47 45 2 2
47 44 2 2
47 40 2 2
48 42 2 2
48 43 2 2
48 47 2 2
48 44 2 2
49 46 2 2
49 47 2 2
49 40 2 2
49 45 2 2
50 48 2 2
50 43 2 2
50 45 2 2
50 47 2 2
51 50 2 2
51 45 2 2
51 49 2 2
51 47 2 2
52 40 2 2
52 45 2 2
52 41 2 2
52 50 2 2
53 49 2 2
53 52 2 2
53 44 2 2
53 45 2 2
54 41 2 2
54 53 2 2
54 42 2 2
54 46 2 2
55 54 2 2
55 50 2 2
55 44 2 2
55 48 2 2
56 41 2 2
56 52 2 2
56 51 2 2
56 42 2 2
57 53 2 2
57 41 2 2
57 49 2 2
57 56 2 2
58 49 2 2
58 57 2 2
58 55 2 2
58 51 2 2
59 57 2 2
59 48 2 2
59 46 2 2
59 43 2 2
40 59 2 2
40 53 2 2
40 58 2 2
40 57 2 2
41 51 2 2
41 59 2 2
41 48 2 2
41 50 2 2
42 53 2 2
42 55 2 2
42 57 2 2
42 58 2 2
43 54 2 2
43 47 2 2
43 51 2 2
43 56 2 2
64 61 3 3
64 60 3 3
64 63 3 3
64 62 3 3
65 61 3 3
65 63 3 3
65 64 3 3
65 60 3 3
66 60 3 3
66 62 3 3
66 65 3 3
66 63 3 3
67 64 3 3
67 62 3 3
67 65 3 3
67 63 3 3
68 60 3 3
68 61 3 3
68 66 3 3
68 64 3 3
69 62 3 3
69 63 3 3
69 61 3 3
69 65 3 3
70 64 3 3
70 62 3 3
70 63 3 3
70 61 3 3
71 61 3 3
71 60 3 3
71 69 3 3
71 70 3 3
72 69 3 3
72 61 3 3
72 70 3 3
72 64 3 3
73 63 3 3
73 62 3 3
73 69 3 3
73 60 3 3
74 67 3 3
74 61 3 3
74 70 3 3
74 60 3 3
75 67 3 3
75 64 3 3
75 71 3 3
75 72 3 3
76 72 3 3
76 62 3 3
76 68 3 3
76 63 3 3
77 74 3 3
77 62 3 3
77 72 3 3
77 60 3 3
78 60 3 3
78 71 3 3
78 62 3 3
78 68 3 3
79 60 3 3
79 70 3 3
79 64 3 3
79 77 3 3
60 70 3 3
60 72 3 3
60 76 3 3
60 69 3 3
61 78 3 3
61 73 3 3
61 79 3 3
61 75 3 3
62 79 3 3
62 74 3 3
62 68 3 3
62 72 3 3
63 71 3 3
63 74 3 3
63 72 3 3
63 78 3 3
84 81 4 4
84 80 4 4
84 82 4 4
84 83 4 4
85 82 4 4
85 83 4 4
85 84 4 4
85 80 4 4
86 83 4 4
86 82 4 4
86 85 4 4
86 81 4 4
87 82 4 4
87 83 4 4
87 81 4 4
87 84 4 4
88 81 4 4
88 86 4 4
88 83 4 4
88 85 4 4
89 83 4 4
89 82 4 4
89 81 4 4
89 88 4 4
90 87 4 4
90 83 4 4
90 89 4 4
90 82 4 4
91 85 4 4
91 83 4 4
91 86 4 4
91 88 4 4
92 87 4 4
92 82 4 4
92 89 4 4
92 90 4 4
93 82 4 4
93 88 4 4
93 91 4 4
93 90 4 4
94 85 4 4
94 93 4 4
94 89 4 4
94 83 4 4
95 81 4 4
95 87 4 4
95 92 4 4
95 83 4 4
96 90 4 4
96 92 4 4
96 88 4 4
96 85 4 4
97 81 4 4
97 91 4 4
97 87 4 4
97 89 4 4
98 81 4 4
98 95 4 4
98 96 4 4
98 87 4 4
99 90 4 4
99 87 4 4
99 89 4 4
99 94 4 4
80 89 4 4
80 87 4 4
80 91 4 4
80 96 4 4
81 99 4 4
81 92 4 4
81 90 4 4
81 96 4 4
82 99 4 4
82 88 4 4
82 95 4 4
82 97 4 4
83 96 4 4
83 92 4 4
83 97 4 4
83 98 4 4
104 100 5 5
104 101 5 5
104 102 5 5
104 103 5 5
105 101 5 5
105 104 5 5
105 103 5 5
105 100 5 5
106 101 5 5
106 105 5 5
106 102 5 5
106 100 5 5
107 100 5 5
107 105 5 5
107 101 5 5
107 104 5 5
108 100 5 5
108 107 5 5
108 102 5 5
108 104 5 5
109 104 5 5
109 105 5 5
109 101 5 5
109 107 5 5
110 107 5 5
110 103 5 5
110 100 5 5
110 101 5 5
111 107 5 5
111 102 5 5
111 106 5 5
111 105 5 5
112 110 5 5
112 111 5 5
112 109 5 5
112 103 5 5
113 105 5 5
113 106 5 5
113 104 5 5
113 112 5 5
114 103 5 5
114 101 5 5
114 110 5 5
114 107 5 5
115 104 5 5
115 103 5 5
115 109 5 5
115 110 5 5
116 103 5 5
116 107 5 5
116 115 5 5
116 104 5 5
117 101 5 5
117 102 5 5
117 105 5 5
117 106 5 5
118 112 5 5
118 114 5 5
118 115 5 5
118 107 5 5
119 100 5 5
119 102 5 5
119 108 5 5
119 111 5 5
100 113 5 5
100 117 5 5
100 115 5 5
100 118 5 5
101 118 5 5
101 108 5 5
101 111 5 5
101 115 5 5
102 113 5 5
102 112 5 5
102 107 5 5
102 105 5 5
103 107 5 5
103 118 5 5
103 111 5 5
103 108 5 5
124 123 6 6
124 120 6 6
124 122 6 6
124 121 6 6
125 122 6 6
125 121 6 6
125 123 6 6
125 120 6 6
126 120 6 6
126 121 6 6
126 125 6 6
126 122 6 6
127 123 6 6
127 124 6 6
127 126 6 6
127 120 6 6
128 120 6 6
128 125 6 6
128 127 6 6
128 124 6 6
129 126 6 6
129 123 6 6
129 121 6 6
129 124 6 6
130 129 6 6
130 123 6 6
130 120 6 6
130 122 6 6
131 129 6 6
131 124 6 6
131 130 6 6
131 121 6 6
132 120 6 6
132 125 6 6
132 124 6 6
132 127 6 6
133 128 6 6
133 130 6 6
133 129 6 6
133 123 6 6
134 130 6 6
134 133 6 6
134 121 6 6
134 123 6 6
135 121 6 6
135 126 6 6
135 131 6 6
135 125 6 6
136 125 6 6
136 132 6 6
136 135 6 6
136 123 6 6
137 125 6 6
137 122 6 6
137 120 6 6
137 136 6 6
138 128 6 6
138 123 6 6
138 132 6 6
138 124 6 6
139 124 6 6
139 138 6 6
139 128 6 6
139 121 6 6
120 136 6 6
120 138 6 6
120 129 6 6
120 135 6 6
121 128 6 6
121 130 6 6
121 133 6 6
121 138 6 6
122 133 6 6
122 135 6 6
122 136 6 6
122 138 6 6
123 126 6 6
123 132 6 6
123 128 6 6
123 135 6 6
144 143 7 7
144 141 7 7
144 142 7 7
144 140 7 7
145 141 7 7
145 144 7 7
145 143 7 7
145 140 7 7
146 140 7 7
146 145 7 7
146 142 7 7
146 143 7 7
147 141 7 7
147 145 7 7
147 140 7 7
147 146 7 7
148 143 7 7
148 147 7 7
148 142 7 7
148 146 7 7
149 147 7 7
149 146 7 7
149 145 7 7
149 148 7 7
150 140 7 7
150 144 7 7
150 143 7 7
150 148 7 7
151 148 7 7
151 143 7 7
151 149 7 7
151 147 7 7
152 146 7 7
152 149 7 7
152 141 7 7
152 140 7 7
153 140 7 7
153 143 7 7
153 146 7 7
153 149 7 7
154 144 7 7
154 153 7 7
154 150 7 7
154 145 7 7
155 145 7 7
155 144 7 7
155 154 7 7
155 142 7 7
156 147 7 7
156 143 7 7
156 146 7 7
156 148 7 7
157 152 7 7
157 148 7 7
157 140 7 7
157 151 7 7
158 148 7 7
158 150 7 7
158 141 7 7
158 143 7 7
159 140 7 7
159 149 7 7
159 147 7 7
159 152 7 7
140 151 7 7
140 156 7 7
140 149 7 7
140 148 7 7
141 156 7 7
141 151 7 7
141 159 7 7
141 153 7 7
142 157 7 7
142 156 7 7
142 147 7 7
142 145 7 7
143 157 7 7
143 149 7 7
143 147 7 7
143 152 7 7
164 163 8 8
164 162 8 8
164 161 8 8
164 160 8 8
165 160 8 8
165 161 8 8
165 163 8 8
165 162 8 8
166 162 8 8
166 165 8 8
166 163 8 8
166 164 8 8
167 161 8 8
167 163 8 8
167 165 8 8
167 160 8 8
168 163 8 8
168 160 8 8
168 164 8 8
168 166 8 8
169 167 8 8
169 165 8 8
169 166 8 8
169 164 8 8
170 160 8 8
170 167 8 8
170 161 8 8
170 165 8 8
171 166 8 8
171 163 8 8
171 167 8 8
171 162 8 8
172 163 8 8
172 169 8 8
172 164 8 8
172 171 8 8
173 164 8 8
173 171 8 8
173 168 8 8
173 162 8 8
174 160 8 8
174 173 8 8
174 165 8 8
174 166 8 8
175 165 8 8
175 167 8 8
175 161 8 8
175 172 8 8
176 168 8 8
176 174 8 8
176 164 8 8
176 163 8 8
177 172 8 8
177 168 8 8
177 164 8 8
177 160 8 8
178 170 8 8
178 162 8 8
178 166 8 8
178 171 8 8
179 177 8 8
179 172 8 8
179 167 8 8
179 175 8 8
160 179 8 8
160 169 8 8
160 176 8 8
160 171 8 8
161 176 8 8
161 174 8 8
161 168 8 8
161 171 8 8
162 176 8 8
162 177 8 8
162 170 8 8
162 175 8 8
163 173 8 8
163 169 8 8
163 170 8 8
163 178 8 8
184 182 9 9
184 180 9 9
184 181 9 9
184 183 9 9
185 181 9 9
185 184 9 9
185 182 9 9
185 180 9 9
186 181 9 9
186 185 9 9
186 184 9 9
186 182 9 9
187 181 9 9
187 186 9 9
187 185 9 9
187 180 9 9
188 187 9 9
188 186 9 9
188 185 9 9
188 181 9 9
189 184 9 9
189 186 9 9
189 187 9 9
189 188 9 9
190 187 9 9
190 186 9 9
190 188 9 9
190 185 9 9
191 182 9 9
191 184 9 9
191 181 9 9
191 183 9 9
192 187 9 9
192 183 9 9
192 186 9 9
192 189 9 9
193 180 9 9
193 190 9 9
193 184 9 9
193 186 9 9
194 190 9 9
194 180 9 9
194 187 9 9
194 191 9 9
195 187 9 9
195 183 9 9
195 185 9 9
195 192 9 9
196 182 9 9
196 193 9 9
196 184 9 9
196 194 9 9
197 186 9 9
197 196 9 9
197 190 9 9
197 182 9 9
198 186 9 9
198 196 9 9
198 184 9 9
198 181 9 9
199 190 9 9
199 185 9 9
199 194 9 9
199 180 9 9
180 198 9 9
180 196 9 9
180 186 9 9
180 192 9 9
181 197 9 9
181 196 9 9
181 190 9 9
181 194 9 9
182 198 9 9
182 190 9 9
182 188 9 9
182 199 9 9
183 186 9 9
183 187 9 9
183 198 9 9
183 194 9 9
204 203 10 10
204 201 10 10
204 200 10 10
204 202 10 10
205 204 10 10
205 201 10 10
205 203 10 10
205 202 10 10
206 204 10 10
206 201 10 10
206 205 10 10
206 202 10 10
207 204 10 10
207 205 10 10
207 203 10 10
207 206 10 10
208 205 10 10
208 207 10 10
208 206 10 10
208 204 10 10
209 206 10 10
209 204 10 10
209 201 10 10
209 203 10 10
210 201 10 10
210 209 10 10
210 206 10 10
210 202 10 10
211 202 10 10
211 209 10 10
211 204 10 10
211 200 10 10
212 211 10 10
212 209 10 10
212 200 10 10
212 202 10 10
213 210 10 10
213 205 10 10
213 200 10 10
213 201 10 10
214 208 10 10
214 210 10 10
214 202 10 10
214 209 10 10
215 201 10 10
215 207 10 10
215 203 10 10
215 209 10 10
216 215 10 10
216 214 10 10
216 207 10 10
216 203 10 10
217 205 10 10
217 216 10 10
217 210 10 10
217 207 10 10
218 205 10 10
218 214 10 10
218 201 10 10
218 215 10 10
219 213 10 10
219 214 10 10
219 217 10 10
219 215 10 10
200 206 10 10
200 209 10 10
200 216 10 10
200 207 10 10
201 219 10 10
201 208 10 10
201 214 10 10
201 212 10 10
202 218 10 10
202 219 10 10
202 209 10 10
202 213 10 10
203 213 10 10
203 217 10 10
203 219 10 10
203 211 10 10
224 223 11 11
224 220 11 11
224 222 11 11
224 221 11 11
225 224 11 11
225 221 11 11
225 223 11 11
225 222 11 11
226 224 11 11
226 222 11 11
226 220 11 11
226 223 11 11
227 225 11 11
227 221 11 11
227 223 11 11
227 224 11 11
228 221 11 11
228 227 11 11
228 223 11 11
228 222 11 11
229 227 11 11
229 228 11 11
229 221 11 11
229 220 11 11
230 227 11 11
230 221 11 11
230 224 11 11
230 225 11 11
231 225 11 11
231 220 11 11
231 230 11 11
231 224 11 11
232 222 11 11
232 227 11 11
232 230 11 11
232 225 11 11
233 228 11 11
233 224 11 11
233 223 11 11
233 231 11 11
234 226 11 11
234 231 11 11
234 227 11 11
234 221 11 11
235 225 11 11
235 229 11 11
235 223 11 11
235 231 11 11
236 232 11 11
236 229 11 11
236 222 11 11
236 228 11 11
237 227 11 11
237 234 11 11
237 223 11 11
237 228 11 11
238 220 11 11
238 221 11 11
238 226 11 11
238 234 11 11
239 221 11 11
239 236 11 11
239 227 11 11
239 238 11 11
220 227 11 11
220 236 11 11
220 234 11 11
220 232 11 11
221 232 11 11
221 233 11 11
221 226 11 11
221 231 11 11
222 238 11 11
222 239 11 11
222 227 11 11
222 237 11 11
223 231 11 11
223 232 11 11
223 238 11 11
223 239 11 11
244 240 12 12
244 243 12 12
244 241 12 12
244 242 12 12
245 241 12 12
245 242 12 12
245 244 12 12
245 240 12 12
246 242 12 12
246 244 12 12
246 241 12 12
246 245 12 12
247 240 12 12
247 242 12 12
247 243 12 12
247 245 12 12
248 247 12 12
248 246 12 12
248 245 12 12
248 243 12 12
249 244 12 12
249 246 12 12
249 242 12 12
249 243 12 12
250 240 12 12
250 245 12 12
250 244 12 12
250 242 12 12
251 246 12 12
251 249 12 12
251 243 12 12
251 240 12 12
252 244 12 12
252 246 12 12
252 250 12 12
252 247 12 12
253 240 12 12
253 248 12 12
253 247 12 12
253 249 12 12
254 253 12 12
254 241 12 12
254 248 12 12
254 243 12 12
255 252 12 12
255 244 12 12
255 248 12 12
255 249 12 12
256 252 12 12
256 250 12 12
256 251 12 12
256 249 12 12
257 250 12 12
257 243 12 12
257 251 12 12
257 241 12 12
258 256 12 12
258 253 12 12
258 243 12 12
258 254 12 12
259 248 12 12
259 240 12 12
259 253 12 12
259 242 12 12
240 248 12 12
240 258 12 12
240 255 12 12
240 254 12 12
241 256 12 12
241 259 12 12
241 247 12 12
241 250 12 12
242 255 12 12
242 253 12 12
242 258 12 12
242 248 12 12
243 246 12 12
243 256 12 12
243 250 12 12
243 253 12 12
264 263 13 13
264 260 13 13
264 262 13 13
264 261 13 13
265 261 13 13
265 260 13 13
265 264 13 13
265 262 13 13
266 263 13 13
266 264 13 13
266 260 13 13
266 265 13 13
267 264 13 13
267 266 13 13
267 261 13 13
267 263 13 13
268 261 13 13
268 262 13 13
268 263 13 13
268 267 13 13
269 268 13 13
269 260 13 13
269 264 13 13
269 265 13 13
270 261 13 13
270 267 13 13
270 263 13 13
270 260 13 13
271 270 13 13
271 262 13 13
271 269 13 13
271 266 13 13
272 265 13 13
272 264 13 13
272 260 13 13
272 271 13 13
273 261 13 13
273 260 13 13
273 262 13 13
273 268 13 13
274 263 13 13
274 261 13 13
274 270 13 13
274 272 13 13
275 274 13 13
275 272 13 13
275 263 13 13
275 262 13 13
276 263 13 13
276 274 13 13
276 267 13 13
276 268 13 13
277 261 13 13
277 274 13 13
277 267 13 13
277 263 13 13
278 274 13 13
278 264 13 13
278 266 13 13
278 272 13 13
279 272 13 13
279 277 13 13
279 275 13 13
279 278 13 13
260 279 13 13
260 278 13 13
260 277 13 13
260 274 13 13
261 276 13 13
261 272 13 13
261 271 13 13
261 275 13 13
262 277 13 13
262 278 13 13
262 272 13 13
262 279 13 13
263 269 13 13
263 278 13 13
263 273 13 13
263 272 13 13
284 282 14 14
284 283 14 14
284 281 14 14
284 280 14 14
285 281 14 14
285 280 14 14
285 282 14 14
285 284 14 14
286 281 14 14
286 284 14 14
286 283 14 14
286 282 14 14
287 280 14 14
287 283 14 14
287 285 14 14
287 284 14 14
288 280 14 14
288 285 14 14
288 286 14 14
288 284 14 14
289 288 14 14
289 282 14 14
289 284 14 14
289 281 14 14
290 284 14 14
290 286 14 14
290 280 14 14
290 282 14 14
291 290 14 14
291 281 14 14
291 280 14 14
291 284 14 14
292 290 14 14
292 281 14 14
292 284 14 14
292 286 14 14
293 280 14 14
293 292 14 14
293 282 14 14
293 285 14 14
294 285 14 14
294 290 14 14
294 283 14 14
294 280 14 14
295 282 14 14
295 294 14 14
295 290 14 14
295 284 14 14
296 283 14 14
296 293 14 14
296 289 14 14
296 280 14 14
297 285 14 14
297 282 14 14
297 280 14 14
297 287 14 14
298 286 14 14
298 295 14 14
298 296 14 14
298 293 14 14
299 296 14 14
299 295 14 14
299 288 14 14
299 282 14 14
280 298 14 14
280 289 14 14
280 295 14 14
280 286 14 14
281 299 14 14
281 290 14 14
281 298 14 14
281 296 14 14
282 287 14 14
282 298 14 14
282 294 14 14
282 292 14 14
283 299 14 14
283 295 14 14
283 288 14 14
283 292 14 14
304 300 15 15
304 301 15 15
304 302 15 15
304 303 15 15
305 304 15 15
305 302 15 15
305 301 15 15
305 300 15 15
306 304 15 15
306 303 15 15
306 301 15 15
306 305 15 15
307 303 15 15
307 306 15 15
307 300 15 15
307 304 15 15
308 302 15 15
308 301 15 15
308 307 15 15
308 304 15 15
309 302 15 15
309 305 15 15
309 304 15 15
309 308 15 15
310 304 15 15
310 300 15 15
310 301 15 15
310 308 15 15
311 307 15 15
311 302 15 15
311 308 15 15
311 305 15 15
312 310 15 15
312 308 15 15
312 303 15 15
312 300 15 15
313 307 15 15
313 309 15 15
313 311 15 15
313 302 15 15
314 305 15 15
314 301 15 15
314 311 15 15
314 300 15 15
315 314 15 15
315 311 15 15
315 307 15 15
315 308 15 15
316 300 15 15
316 303 15 15
316 313 15 15
316 315 15 15
317 301 15 15
317 314 15 15
317 312 15 15
317 316 15 15
318 311 15 15
318 300 15 15
318 306 15 15
318 302 15 15
319 314 15 15
319 301 15 15
319 310 15 15
319 307 15 15
300 317 15 15
300 309 15 15
300 308 15 15
300 311 15 15
301 316 15 15
301 318 15 15
301 312 15 15
301 313 15 15
302 315 15 15
302 310 15 15
302 317 15 15
302 307 15 15
303 314 15 15
303 318 15 15
303 308 15 15
303 313 15 15
89 62 4 3
85 3 4 0
86 22 4 1
90 40 4 2
119 71 5 3
115 43 5 2
114 98 5 4
100 19 5 0
121 74 6 3
131 47 6 2
135 80 6 4
138 33 6 1
155 24 7 1
149 4 7 0
145 134 7 6
148 69 7 3
166 21 8 1
175 43 8 2
171 114 8 5
177 1 8 0
190 85 9 4
194 68 9 3
198 47 9 2
190 30 9 1
203 155 10 7
215 3 10 0
205 28 10 1
215 190 10 9
236 161 11 8
221 47 11 2
227 25 11 1
225 185 11 9
254 202 12 10
254 57 12 2
251 24 12 1
241 9 12 0
271 57 13 2
260 179 13 8
266 235 13 11
276 197 13 9
281 56 14 2
290 118 14 5
293 242 14 12
282 21 14 1
309 297 15 14
310 97 15 4
313 246 15 12
303 278 15 13
14 183 0 9
18 121 0 6
19 273 0 13
0 301 0 15
22 272 1 13
35 100 1 5
20 304 1 15
52 312 2 15
45 215 2 10
44 152 2 7
66 304 3 15
63 277 3 13
66 209 3 10
67 237 3 11
