swNum = 320
edgeNum = 1341

0 0
1 0
2 0
3 0
4 0
5 0
6 0
7 0
8 0
9 0
10 0
11 0
12 0
13 0
14 0
15 0
16 0
17 0
18 0
19 0
20 1
21 1
22 1
23 1
24 1
25 1
26 1
27 1
28 1
29 1
30 1
31 1
32 1
33 1
34 1
35 1
36 1
37 1
38 1
39 1
40 2
41 2
42 2
43 2
44 2
45 2
46 2
47 2
48 2
49 2
50 2
51 2
52 2
53 2
54 2
55 2
56 2
57 2
58 2
59 2
60 3
61 3
62 3
63 3
64 3
65 3
66 3
67 3
68 3
69 3
70 3
71 3
72 3
73 3
74 3
75 3
76 3
77 3
78 3
79 3
80 4
81 4
82 4
83 4
84 4
85 4
86 4
87 4
88 4
89 4
90 4
91 4
92 4
93 4
94 4
95 4
96 4
97 4
98 4
99 4
100 5
101 5
102 5
103 5
104 5
105 5
106 5
107 5
108 5
109 5
110 5
111 5
112 5
113 5
114 5
115 5
116 5
117 5
118 5
119 5
120 6
121 6
122 6
123 6
124 6
125 6
126 6
127 6
128 6
129 6
130 6
131 6
132 6
133 6
134 6
135 6
136 6
137 6
138 6
139 6
140 7
141 7
142 7
143 7
144 7
145 7
146 7
147 7
148 7
149 7
150 7
151 7
152 7
153 7
154 7
155 7
156 7
157 7
158 7
159 7
160 8
161 8
162 8
163 8
164 8
165 8
166 8
167 8
168 8
169 8
170 8
171 8
172 8
173 8
174 8
175 8
176 8
177 8
178 8
179 8
180 9
181 9
182 9
183 9
184 9
185 9
186 9
187 9
188 9
189 9
190 9
191 9
192 9
193 9
194 9
195 9
196 9
197 9
198 9
199 9
200 10
201 10
202 10
203 10
204 10
205 10
206 10
207 10
208 10
209 10
210 10
211 10
212 10
213 10
214 10
215 10
216 10
217 10
218 10
219 10
220 11
221 11
222 11
223 11
224 11
225 11
226 11
227 11
228 11
229 11
230 11
231 11
232 11
233 11
234 11
235 11
236 11
237 11
238 11
239 11
240 12
241 12
242 12
243 12
244 12
245 12
246 12
247 12
248 12
249 12
250 12
251 12
252 12
253 12
254 12
255 12
256 12
257 12
258 12
259 12
260 13
261 13
262 13
263 13
264 13
265 13
266 13
267 13
268 13
269 13
270 13
271 13
272 13
273 13
274 13
275 13
276 13
277 13
278 13
279 13
280 14
281 14
282 14
283 14
284 14
285 14
286 14
287 14
288 14
289 14
290 14
291 14
292 14
293 14
294 14
295 14
296 14
297 14
298 14
299 14
300 15
301 15
302 15
303 15
304 15
305 15
306 15
307 15
308 15
309 15
310 15
311 15
312 15
313 15
314 15
315 15
316 15
317 15
318 15
319 15

4 3 0 0
4 0 0 0
4 2 0 0
4 1 0 0
5 3 0 0
5 0 0 0
5 2 0 0
5 4 0 0
6 5 0 0
6 3 0 0
6 1 0 0
6 2 0 0
7 1 0 0
7 4 0 0
7 0 0 0
7 6 0 0
8 3 0 0
8 7 0 0
8 1 0 0
8 6 0 0
9 7 0 0
9 3 0 0
9 4 0 0
9 2 0 0
10 2 0 0
10 3 0 0
10 6 0 0
10 9 0 0
11 2 0 0
11 8 0 0
11 10 0 0
11 1 0 0
12 2 0 0
12 9 0 0
12 7 0 0
12 8 0 0
13 2 0 0
13 8 0 0
13 3 0 0
13 4 0 0
14 4 0 0
14 9 0 0
14 6 0 0
14 8 0 0
15 7 0 0
15 6 0 0
15 9 0 0
15 2 0 0
16 4 0 0
16 0 0 0
16 6 0 0
16 11 0 0
17 13 0 0
17 8 0 0
17 5 0 0
17 3 0 0
18 1 0 0
18 2 0 0
18 8 0 0
18 5 0 0
19 8 0 0
19 5 0 0
19 15 0 0
19 7 0 0
0 13 0 0
0 6 0 0
0 15 0 0
0 8 0 0
1 16 0 0
1 19 0 0
1 14 0 0
1 10 0 0
2 7 0 0
2 17 0 0
2 16 0 0
2 19 0 0
3 14 0 0
3 12 0 0
3 16 0 0
3 18 0 0
24 20 1 1
24 21 1 1
24 23 1 1
24 22 1 1
25 24 1 1
25 21 1 1
25 22 1 1
25 20 1 1
26 25 1 1
26 20 1 1
26 22 1 1
26 24 1 1
27 23 1 1
27 22 1 1
27 20 1 1
27 25 1 1
28 20 1 1
28 23 1 1
28 27 1 1
28 21 1 1
29 27 1 1
29 20 1 1
29 23 1 1
29 22 1 1
30 21 1 1
30 24 1 1
30 28 1 1
30 27 1 1
31 26 1 1
31 25 1 1
31 24 1 1
31 23 1 1
32 27 1 1
32 23 1 1
32 20 1 1
32 22 1 1
33 30 1 1
33 24 1 1
33 21 1 1
33 20 1 1
34 32 1 1
34 22 1 1
34 29 1 1
34 26 1 1
35 24 1 1
35 22 1 1
35 28 1 1
35 33 1 1
36 20 1 1
36 28 1 1
36 30 1 1
36 34 1 1
37 33 1 1
37 28 1 1
37 21 1 1
37 25 1 1
38 26 1 1
38 31 1 1
38 25 1 1
38 30 1 1
39 37 1 1
39 22 1 1
39 30 1 1
39 26 1 1
20 34 1 1
20 31 1 1
20 35 1 1
20 30 1 1
21 35 1 1
21 31 1 1
21 39 1 1
21 36 1 1
22 33 1 1
22 28 1 1
22 37 1 1
22 31 1 1
23 33 1 1
23 37 1 1
23 34 1 1
23 35 1 1
44 42 2 2
44 40 2 2
44 41 2 2
44 43 2 2
45 41 2 2
45 42 2 2
45 43 2 2
45 44 2 2
46 45 2 2
46 41 2 2
46 42 2 2
46 44 2 2
47 46 2 2
47 40 2 2
47 42 2 2
47 45 2 2
48 40 2 2
48 46 2 2
48 47 2 2
48 43 2 2
49 41 2 2
49 48 2 2
49 42 2 2
49 44 2 2
50 42 2 2
50 45 2 2
50 47 2 2
50 41 2 2
51 46 2 2
51 50 2 2
51 49 2 2
51 45 2 2
52 51 2 2
52 45 2 2
52 43 2 2
52 41 2 2
53 47 2 2
53 50 2 2
53 43 2 2
53 48 2 2
54 44 2 2
54 45 2 2
54 42 2 2
54 41 2 2
55 48 2 2
55 51 2 2
55 46 2 2
55 45 2 2
56 49 2 2
56 50 2 2
56 44 2 2
56 48 2 2
57 53 2 2
57 48 2 2
57 43 2 2
57 47 2 2
58 50 2 2
58 57 2 2
58 53 2 2
58 41 2 2
59 42 2 2
59 49 2 2
59 55 2 2
59 48 2 2
40 58 2 2
40 56 2 2
40 52 2 2
40 51 2 2
41 59 2 2
41 55 2 2
41 51 2 2
41 56 2 2
42 57 2 2
42 48 2 2
42 52 2 2
42 56 2 2
43 46 2 2
43 56 2 2
43 51 2 2
43 47 2 2
64 63 3 3
64 61 3 3
64 62 3 3
64 60 3 3
65 64 3 3
65 61 3 3
65 63 3 3
65 60 3 3
66 60 3 3
66 65 3 3
66 61 3 3
66 64 3 3
67 63 3 3
67 65 3 3
67 64 3 3
67 66 3 3
68 60 3 3
68 66 3 3
68 61 3 3
68 65 3 3
69 60 3 3
69 68 3 3
69 66 3 3
69 64 3 3
70 61 3 3
70 68 3 3
70 62 3 3
70 64 3 3
71 64 3 3
71 60 3 3
71 61 3 3
71 65 3 3
72 62 3 3
72 67 3 3
72 66 3 3
72 64 3 3
73 69 3 3
73 63 3 3
73 62 3 3
73 64 3 3
74 67 3 3
74 65 3 3
74 66 3 3
74 68 3 3
75 65 3 3
75 67 3 3
75 69 3 3
75 66 3 3
76 72 3 3
76 61 3 3
76 63 3 3
76 66 3 3
77 67 3 3
77 71 3 3
77 64 3 3
77 65 3 3
78 71 3 3
78 61 3 3
78 63 3 3
78 68 3 3
79 60 3 3
79 72 3 3
79 63 3 3
79 64 3 3
60 70 3 3
60 77 3 3
60 78 3 3
60 67 3 3
61 79 3 3
61 75 3 3
61 77 3 3
61 72 3 3
62 69 3 3
62 75 3 3
62 68 3 3
62 77 3 3
63 70 3 3
63 75 3 3
63 72 3 3
63 69 3 3
84 81 4 4
84 83 4 4
84 82 4 4
84 80 4 4
85 80 4 4
85 84 4 4
85 81 4 4
85 82 4 4
86 83 4 4
86 81 4 4
86 84 4 4
86 82 4 4
87 80 4 4
87 85 4 4
87 86 4 4
87 83 4 4
88 80 4 4
88 86 4 4
88 82 4 4
88 81 4 4
89 86 4 4
89 87 4 4
89 80 4 4
89 88 4 4
90 85 4 4
90 86 4 4
90 84 4 4
90 83 4 4
91 83 4 4
91 86 4 4
91 90 4 4
91 81 4 4
92 84 4 4
92 91 4 4
92 88 4 4
92 83 4 4
93 92 4 4
93 88 4 4
93 82 4 4
93 89 4 4
94 89 4 4
94 87 4 4
94 88 4 4
94 91 4 4
95 84 4 4
95 83 4 4
95 81 4 4
95 91 4 4
96 92 4 4
96 95 4 4
96 91 4 4
96 86 4 4
97 86 4 4
97 84 4 4
97 95 4 4
97 91 4 4
98 90 4 4
98 96 4 4
98 97 4 4
98 85 4 4
99 84 4 4
99 81 4 4
99 91 4 4
99 86 4 4
80 94 4 4
80 93 4 4
80 96 4 4
80 97 4 4
81 92 4 4
81 96 4 4
81 93 4 4
81 94 4 4
82 92 4 4
82 99 4 4
82 91 4 4
82 97 4 4
83 98 4 4
83 94 4 4
83 97 4 4
83 96 4 4
104 100 5 5
104 103 5 5
104 101 5 5
104 102 5 5
105 100 5 5
105 104 5 5
105 103 5 5
105 102 5 5
106 102 5 5
106 100 5 5
106 101 5 5
106 103 5 5
107 102 5 5
107 103 5 5
107 105 5 5
107 104 5 5
108 102 5 5
108 103 5 5
108 106 5 5
108 107 5 5
109 107 5 5
109 106 5 5
109 108 5 5
109 102 5 5
110 100 5 5
110 101 5 5
110 105 5 5
110 108 5 5
111 103 5 5
111 106 5 5
111 108 5 5
111 107 5 5
112 102 5 5
112 107 5 5
112 104 5 5
112 103 5 5
113 108 5 5
113 111 5 5
113 100 5 5
113 105 5 5
114 110 5 5
114 109 5 5
114 113 5 5
114 111 5 5
115 102 5 5
115 109 5 5
115 107 5 5
115 105 5 5
116 106 5 5
116 102 5 5
116 107 5 5
116 109 5 5
117 113 5 5
117 101 5 5
117 100 5 5
117 104 5 5
118 101 5 5
118 110 5 5
118 114 5 5
118 105 5 5
119 103 5 5
119 113 5 5
119 100 5 5
119 109 5 5
100 112 5 5
100 118 5 5
100 116 5 5
100 115 5 5
101 114 5 5
101 112 5 5
101 111 5 5
101 113 5 5
102 111 5 5
102 114 5 5
102 119 5 5
102 113 5 5
103 113 5 5
103 109 5 5
103 115 5 5
103 117 5 5
124 123 6 6
124 122 6 6
124 120 6 6
124 121 6 6
125 124 6 6
125 120 6 6
125 122 6 6
125 123 6 6
126 122 6 6
126 120 6 6
126 124 6 6
126 125 6 6
127 124 6 6
127 122 6 6
127 120 6 6
127 125 6 6
128 122 6 6
128 123 6 6
128 127 6 6
128 124 6 6
129 125 6 6
129 127 6 6
129 126 6 6
129 124 6 6
130 123 6 6
130 121 6 6
130 126 6 6
130 127 6 6
131 126 6 6
131 123 6 6
131 127 6 6
131 125 6 6
132 121 6 6
132 127 6 6
132 131 6 6
132 123 6 6
133 121 6 6
133 123 6 6
133 122 6 6
133 124 6 6
134 124 6 6
134 125 6 6
134 127 6 6
134 133 6 6
135 130 6 6
135 133 6 6
135 134 6 6
135 124 6 6
136 123 6 6
136 133 6 6
136 135 6 6
136 122 6 6
137 131 6 6
137 134 6 6
137 132 6 6
137 133 6 6
138 137 6 6
138 131 6 6
138 132 6 6
138 124 6 6
139 121 6 6
139 132 6 6
139 136 6 6
139 122 6 6
120 128 6 6
120 137 6 6
120 136 6 6
120 132 6 6
121 128 6 6
121 131 6 6
121 136 6 6
121 137 6 6
122 137 6 6
122 129 6 6
122 134 6 6
122 138 6 6
123 134 6 6
123 137 6 6
123 126 6 6
123 135 6 6
144 141 7 7
144 140 7 7
144 142 7 7
144 143 7 7
145 140 7 7
145 142 7 7
145 144 7 7
145 143 7 7
146 145 7 7
146 143 7 7
146 141 7 7
146 142 7 7
147 142 7 7
147 143 7 7
147 145 7 7
147 146 7 7
148 141 7 7
148 140 7 7
148 145 7 7
148 142 7 7
149 147 7 7
149 148 7 7
149 140 7 7
149 142 7 7
150 145 7 7
150 143 7 7
150 140 7 7
150 147 7 7
151 149 7 7
151 150 7 7
151 146 7 7
151 148 7 7
152 147 7 7
152 146 7 7
152 145 7 7
152 148 7 7
153 142 7 7
153 148 7 7
153 140 7 7
153 143 7 7
154 148 7 7
154 149 7 7
154 140 7 7
154 152 7 7
155 154 7 7
155 140 7 7
155 143 7 7
155 153 7 7
156 151 7 7
156 154 7 7
156 148 7 7
156 153 7 7
157 141 7 7
157 140 7 7
157 154 7 7
157 144 7 7
158 146 7 7
158 151 7 7
158 149 7 7
158 141 7 7
159 147 7 7
159 155 7 7
159 148 7 7
159 143 7 7
140 159 7 7
140 156 7 7
140 152 7 7
140 151 7 7
141 155 7 7
141 153 7 7
141 159 7 7
141 156 7 7
142 159 7 7
142 150 7 7
142 151 7 7
142 155 7 7
143 154 7 7
143 149 7 7
143 148 7 7
143 158 7 7
164 161 8 8
164 162 8 8
164 163 8 8
164 160 8 8
165 161 8 8
165 162 8 8
165 163 8 8
165 164 8 8
166 163 8 8
166 160 8 8
166 162 8 8
166 161 8 8
167 164 8 8
167 163 8 8
167 162 8 8
167 166 8 8
168 163 8 8
168 160 8 8
168 167 8 8
168 166 8 8
169 163 8 8
169 164 8 8
169 168 8 8
169 165 8 8
170 163 8 8
170 168 8 8
170 162 8 8
170 161 8 8
171 165 8 8
171 160 8 8
171 168 8 8
171 161 8 8
172 161 8 8
172 171 8 8
172 166 8 8
172 160 8 8
173 172 8 8
173 171 8 8
173 161 8 8
173 160 8 8
174 165 8 8
174 168 8 8
174 162 8 8
174 173 8 8
175 167 8 8
175 174 8 8
175 170 8 8
175 163 8 8
176 167 8 8
176 168 8 8
176 171 8 8
176 163 8 8
177 173 8 8
177 174 8 8
177 176 8 8
177 170 8 8
178 169 8 8
178 165 8 8
178 174 8 8
178 163 8 8
179 163 8 8
179 161 8 8
179 168 8 8
179 178 8 8
160 174 8 8
160 179 8 8
160 178 8 8
160 169 8 8
161 176 8 8
161 168 8 8
161 177 8 8
161 178 8 8
162 179 8 8
162 173 8 8
162 175 8 8
162 168 8 8
163 174 8 8
163 173 8 8
163 177 8 8
163 171 8 8
184 180 9 9
184 183 9 9
184 182 9 9
184 181 9 9
185 180 9 9
185 184 9 9
185 183 9 9
185 181 9 9
186 185 9 9
186 180 9 9
186 183 9 9
186 184 9 9
187 185 9 9
187 180 9 9
187 184 9 9
187 183 9 9
188 184 9 9
188 183 9 9
188 180 9 9
188 186 9 9
189 184 9 9
189 187 9 9
189 186 9 9
189 185 9 9
190 186 9 9
190 184 9 9
190 180 9 9
190 182 9 9
191 188 9 9
191 190 9 9
191 183 9 9
191 180 9 9
192 182 9 9
192 181 9 9
192 191 9 9
192 183 9 9
193 184 9 9
193 188 9 9
193 185 9 9
193 192 9 9
194 186 9 9
194 180 9 9
194 183 9 9
194 185 9 9
195 192 9 9
195 188 9 9
195 191 9 9
195 180 9 9
196 186 9 9
196 189 9 9
196 184 9 9
196 181 9 9
197 186 9 9
197 196 9 9
197 194 9 9
197 180 9 9
198 184 9 9
198 187 9 9
198 191 9 9
198 183 9 9
199 190 9 9
199 187 9 9
199 194 9 9
199 185 9 9
180 199 9 9
180 189 9 9
180 192 9 9
180 193 9 9
181 191 9 9
181 197 9 9
181 198 9 9
181 188 9 9
182 194 9 9
182 191 9 9
182 188 9 9
182 197 9 9
183 193 9 9
183 195 9 9
183 199 9 9
183 190 9 9
204 201 10 10
204 202 10 10
204 203 10 10
204 200 10 10
205 203 10 10
205 201 10 10
205 202 10 10
205 204 10 10
206 201 10 10
206 200 10 10
206 204 10 10
206 203 10 10
207 204 10 10
207 206 10 10
207 205 10 10
207 203 10 10
208 202 10 10
208 203 10 10
208 201 10 10
208 207 10 10
209 203 10 10
209 205 10 10
209 207 10 10
209 201 10 10
210 201 10 10
210 200 10 10
210 202 10 10
210 203 10 10
211 201 10 10
211 208 10 10
211 203 10 10
211 202 10 10
212 204 10 10
212 211 10 10
212 202 10 10
212 201 10 10
213 204 10 10
213 212 10 10
213 200 10 10
213 203 10 10
214 206 10 10
214 209 10 10
214 212 10 10
214 203 10 10
215 205 10 10
215 202 10 10
215 212 10 10
215 203 10 10
216 210 10 10
216 203 10 10
216 206 10 10
216 213 10 10
217 213 10 10
217 214 10 10
217 209 10 10
217 212 10 10
218 216 10 10
218 212 10 10
218 211 10 10
218 202 10 10
219 211 10 10
219 202 10 10
219 207 10 10
219 215 10 10
200 219 10 10
200 209 10 10
200 215 10 10
200 207 10 10
201 214 10 10
201 207 10 10
201 213 10 10
201 216 10 10
202 216 10 10
202 207 10 10
202 206 10 10
202 213 10 10
203 219 10 10
203 218 10 10
203 217 10 10
203 212 10 10
224 220 11 11
224 221 11 11
224 222 11 11
224 223 11 11
225 220 11 11
225 221 11 11
225 224 11 11
225 222 11 11
226 221 11 11
226 225 11 11
226 220 11 11
226 224 11 11
227 226 11 11
227 223 11 11
227 221 11 11
227 225 11 11
228 221 11 11
228 220 11 11
228 225 11 11
228 226 11 11
229 223 11 11
229 227 11 11
229 226 11 11
229 224 11 11
230 227 11 11
230 221 11 11
230 220 11 11
230 223 11 11
231 225 11 11
231 226 11 11
231 220 11 11
231 228 11 11
232 225 11 11
232 228 11 11
232 221 11 11
232 227 11 11
233 230 11 11
233 227 11 11
233 221 11 11
233 226 11 11
234 231 11 11
234 229 11 11
234 233 11 11
234 225 11 11
235 220 11 11
235 227 11 11
235 229 11 11
235 230 11 11
236 225 11 11
236 232 11 11
236 227 11 11
236 223 11 11
237 226 11 11
237 227 11 11
237 228 11 11
237 221 11 11
238 224 11 11
238 230 11 11
238 234 11 11
238 220 11 11
239 227 11 11
239 230 11 11
239 228 11 11
239 229 11 11
220 232 11 11
220 234 11 11
220 237 11 11
220 229 11 11
221 238 11 11
221 231 11 11
221 236 11 11
221 239 11 11
222 231 11 11
222 236 11 11
222 235 11 11
222 232 11 11
223 235 11 11
223 232 11 11
223 239 11 11
223 231 11 11
244 241 12 12
244 242 12 12
244 240 12 12
244 243 12 12
245 241 12 12
245 244 12 12
245 242 12 12
245 243 12 12
246 242 12 12
246 245 12 12
246 243 12 12
246 244 12 12
247 243 12 12
247 241 12 12
247 240 12 12
247 246 12 12
248 241 12 12
248 240 12 12
248 242 12 12
248 244 12 12
249 240 12 12
249 247 12 12
249 243 12 12
249 246 12 12
250 243 12 12
250 242 12 12
250 245 12 12
250 240 12 12
251 240 12 12
251 244 12 12
251 249 12 12
251 250 12 12
252 244 12 12
252 241 12 12
252 240 12 12
252 247 12 12
253 248 12 12
253 244 12 12
253 251 12 12
253 242 12 12
254 243 12 12
254 241 12 12
254 251 12 12
254 249 12 12
255 248 12 12
255 242 12 12
255 249 12 12
255 247 12 12
256 241 12 12
256 251 12 12
256 245 12 12
256 255 12 12
257 248 12 12
257 249 12 12
257 242 12 12
257 254 12 12
258 257 12 12
258 254 12 12
258 249 12 12
258 242 12 12
259 252 12 12
259 246 12 12
259 258 12 12
259 250 12 12
240 255 12 12
240 253 12 12
240 246 12 12
240 257 12 12
241 251 12 12
241 257 12 12
241 258 12 12
241 249 12 12
242 251 12 12
242 249 12 12
242 254 12 12
242 259 12 12
243 252 12 12
243 257 12 12
243 255 12 12
243 253 12 12
264 260 13 13
264 262 13 13
264 263 13 13
264 261 13 13
265 264 13 13
265 263 13 13
265 262 13 13
265 261 13 13
266 261 13 13
266 262 13 13
266 265 13 13
266 263 13 13
267 262 13 13
267 261 13 13
267 265 13 13
267 263 13 13
268 263 13 13
268 262 13 13
268 265 13 13
268 261 13 13
269 262 13 13
269 264 13 13
269 261 13 13
269 267 13 13
270 264 13 13
270 265 13 13
270 266 13 13
270 268 13 13
271 268 13 13
271 267 13 13
271 265 13 13
271 260 13 13
272 262 13 13
272 267 13 13
272 269 13 13
272 261 13 13
273 264 13 13
273 263 13 13
273 261 13 13
273 262 13 13
274 266 13 13
274 268 13 13
274 263 13 13
274 265 13 13
275 263 13 13
275 272 13 13
275 262 13 13
275 261 13 13
276 274 13 13
276 268 13 13
276 270 13 13
276 262 13 13
277 275 13 13
277 272 13 13
277 273 13 13
277 264 13 13
278 277 13 13
278 261 13 13
278 266 13 13
278 262 13 13
279 267 13 13
279 276 13 13
279 275 13 13
279 261 13 13
260 275 13 13
260 269 13 13
260 277 13 13
260 267 13 13
261 276 13 13
261 271 13 13
261 277 13 13
261 274 13 13
262 279 13 13
262 270 13 13
262 271 13 13
262 277 13 13
263 276 13 13
263 270 13 13
263 277 13 13
263 279 13 13
284 283 14 14
284 281 14 14
284 282 14 14
284 280 14 14
285 284 14 14
285 281 14 14
285 280 14 14
285 283 14 14
286 280 14 14
286 285 14 14
286 282 14 14
286 283 14 14
287 284 14 14
287 286 14 14
287 281 14 14
287 283 14 14
288 284 14 14
288 285 14 14
288 287 14 14
288 281 14 14
289 282 14 14
289 288 14 14
289 280 14 14
289 283 14 14
290 280 14 14
290 282 14 14
290 288 14 14
290 289 14 14
291 284 14 14
291 282 14 14
291 281 14 14
291 280 14 14
292 284 14 14
292 285 14 14
292 291 14 14
292 290 14 14
293 291 14 14
293 290 14 14
293 292 14 14
293 280 14 14
294 289 14 14
294 292 14 14
294 280 14 14
294 290 14 14
295 283 14 14
295 285 14 14
295 284 14 14
295 288 14 14
296 288 14 14
296 284 14 14
296 295 14 14
296 292 14 14
297 295 14 14
297 288 14 14
297 282 14 14
297 296 14 14
298 291 14 14
298 290 14 14
298 293 14 14
298 294 14 14
299 290 14 14
299 288 14 14
299 284 14 14
299 291 14 14
280 298 14 14
280 299 14 14
280 296 14 14
280 297 14 14
281 293 14 14
281 297 14 14
281 294 14 14
281 296 14 14
282 298 14 14
282 294 14 14
282 299 14 14
282 293 14 14
283 294 14 14
283 298 14 14
283 296 14 14
283 290 14 14
304 302 15 15
304 303 15 15
304 300 15 15
304 301 15 15
305 303 15 15
305 304 15 15
305 300 15 15
305 301 15 15
306 304 15 15
306 303 15 15
306 305 15 15
306 302 15 15
307 304 15 15
307 306 15 15
307 305 15 15
307 302 15 15
308 303 15 15
308 300 15 15
308 305 15 15
308 306 15 15
309 304 15 15
309 308 15 15
309 307 15 15
309 303 15 15
310 301 15 15
310 308 15 15
310 306 15 15
310 302 15 15
311 303 15 15
311 308 15 15
311 304 15 15
311 307 15 15
312 305 15 15
312 303 15 15
312 307 15 15
312 302 15 15
313 312 15 15
313 311 15 15
313 306 15 15
313 310 15 15
314 310 15 15
314 302 15 15
314 307 15 15
314 301 15 15
315 302 15 15
315 303 15 15
315 313 15 15
315 310 15 15
316 314 15 15
316 301 15 15
316 310 15 15
316 315 15 15
317 312 15 15
317 305 15 15
317 316 15 15
317 300 15 15
318 303 15 15
318 315 15 15
318 307 15 15
318 312 15 15
319 311 15 15
319 302 15 15
319 312 15 15
319 306 15 15
300 311 15 15
300 315 15 15
300 306 15 15
300 316 15 15
301 312 15 15
301 315 15 15
301 313 15 15
301 307 15 15
302 305 15 15
302 316 15 15
302 318 15 15
302 311 15 15
303 319 15 15
303 313 15 15
303 307 15 15
303 310 15 15
98 71 4 3
84 44 4 2
97 26 4 1
93 14 4 0
107 9 5 0
104 55 5 2
113 27 5 1
105 70 5 3
131 76 6 3
135 10 6 0
132 117 6 5
126 57 6 2
153 75 7 3
141 125 7 6
150 116 7 5
154 48 7 2
161 40 8 2
177 27 8 1
171 76 8 3
173 90 8 4
187 74 9 3
183 53 9 2
183 120 9 6
190 33 9 1
204 162 10 8
207 64 10 3
206 35 10 1
202 51 10 2
228 167 11 8
221 101 11 5
232 63 11 3
231 58 11 2
256 163 12 8
240 78 12 3
242 224 12 11
251 47 12 2
277 258 13 12
264 101 13 5
269 190 13 9
272 145 13 7
295 274 14 13
287 249 14 12
295 124 14 6
288 77 14 3
311 276 15 13
304 122 15 6
316 259 15 12
313 287 15 14
7 307 0 15
9 265 0 13
15 258 0 12
10 292 0 14
22 276 1 13
37 251 1 12
38 222 1 11
31 312 1 15
42 263 2 13
45 282 2 14
42 318 2 15
68 265 3 13
61 308 3 15
