swNum = 320
edgeNum = 1342

0 0
1 0
2 0
3 0
4 0
5 0
6 0
7 0
8 0
9 0
10 0
11 0
12 0
13 0
14 0
15 0
16 0
17 0
18 0
19 0
20 1
21 1
22 1
23 1
24 1
25 1
26 1
27 1
28 1
29 1
30 1
31 1
32 1
33 1
34 1
35 1
36 1
37 1
38 1
39 1
40 2
41 2
42 2
43 2
44 2
45 2
46 2
47 2
48 2
49 2
50 2
51 2
52 2
53 2
54 2
55 2
56 2
57 2
58 2
59 2
60 3
61 3
62 3
63 3
64 3
65 3
66 3
67 3
68 3
69 3
70 3
71 3
72 3
73 3
74 3
75 3
76 3
77 3
78 3
79 3
80 4
81 4
82 4
83 4
84 4
85 4
86 4
87 4
88 4
89 4
90 4
91 4
92 4
93 4
94 4
95 4
96 4
97 4
98 4
99 4
100 5
101 5
102 5
103 5
104 5
105 5
106 5
107 5
108 5
109 5
110 5
111 5
112 5
113 5
114 5
115 5
116 5
117 5
118 5
119 5
120 6
121 6
122 6
123 6
124 6
125 6
126 6
127 6
128 6
129 6
130 6
131 6
132 6
133 6
134 6
135 6
136 6
137 6
138 6
139 6
140 7
141 7
142 7
143 7
144 7
145 7
146 7
147 7
148 7
149 7
150 7
151 7
152 7
153 7
154 7
155 7
156 7
157 7
158 7
159 7
160 8
161 8
162 8
163 8
164 8
165 8
166 8
167 8
168 8
169 8
170 8
171 8
172 8
173 8
174 8
175 8
176 8
177 8
178 8
179 8
180 9
181 9
182 9
183 9
184 9
185 9
186 9
187 9
188 9
189 9
190 9
191 9
192 9
193 9
194 9
195 9
196 9
197 9
198 9
199 9
200 10
201 10
202 10
203 10
204 10
205 10
206 10
207 10
208 10
209 10
210 10
211 10
212 10
213 10
214 10
215 10
216 10
217 10
218 10
219 10
220 11
221 11
222 11
223 11
224 11
225 11
226 11
227 11
228 11
229 11
230 11
231 11
232 11
233 11
234 11
235 11
236 11
237 11
238 11
239 11
240 12
241 12
242 12
243 12
244 12
245 12
246 12
247 12
248 12
249 12
250 12
251 12
252 12
253 12
254 12
255 12
256 12
257 12
258 12
259 12
260 13
261 13
262 13
263 13
264 13
265 13
266 13
267 13
268 13
269 13
270 13
271 13
272 13
273 13
274 13
275 13
276 13
277 13
278 13
279 13
280 14
281 14
282 14
283 14
284 14
285 14
286 14
287 14
288 14
289 14
290 14
291 14
292 14
293 14
294 14
295 14
296 14
297 14
298 14
299 14
300 15
301 15
302 15
303 15
304 15
305 15
306 15
307 15
308 15
309 15
310 15
311 15
312 15
313 15
314 15
315 15
316 15
317 15
318 15
319 15

4 1 0 0
4 2 0 0
4 0 0 0
4 3 0 0
5 2 0 0
5 3 0 0
5 4 0 0
5 1 0 0
6 4 0 0
6 5 0 0
6 3 0 0
6 1 0 0
7 6 0 0
7 5 0 0
7 3 0 0
7 0 0 0
8 6 0 0
8 5 0 0
8 2 0 0
8 4 0 0
9 5 0 0
9 2 0 0
9 3 0 0
9 8 0 0
10 8 0 0
10 6 0 0
10 5 0 0
10 2 0 0
11 6 0 0
11 10 0 0
11 4 0 0
11 9 0 0
12 7 0 0
12 2 0 0
12 1 0 0
12 5 0 0
13 0 0 0
13 2 0 0
13 11 0 0
13 5 0 0
14 13 0 0
14 4 0 0
14 9 0 0
14 3 0 0
15 7 0 0
15 9 0 0
15 8 0 0
15 4 0 0
16 8 0 0
16 4 0 0
16 12 0 0
16 11 0 0
17 15 0 0
17 11 0 0
17 1 0 0
17 12 0 0
18 13 0 0
18 5 0 0
18 9 0 0
18 8 0 0
19 8 0 0
19 1 0 0
19 6 0 0
19 13 0 0
0 15 0 0
0 14 0 0
0 12 0 0
0 9 0 0
1 11 0 0
1 10 0 0
1 18 0 0
1 16 0 0
2 6 0 0
2 15 0 0
2 14 0 0
2 18 0 0
3 13 0 0
3 11 0 0
3 17 0 0
3 15 0 0
24 20 1 1
24 23 1 1
24 21 1 1
24 22 1 1
25 22 1 1
25 20 1 1
25 23 1 1
25 24 1 1
26 23 1 1
26 21 1 1
26 22 1 1
26 20 1 1
27 26 1 1
27 23 1 1
27 22 1 1
27 20 1 1
28 23 1 1
28 20 1 1
28 21 1 1
28 26 1 1
29 25 1 1
29 24 1 1
29 21 1 1
29 20 1 1
30 24 1 1
30 26 1 1
30 20 1 1
30 27 1 1
31 21 1 1
31 25 1 1
31 28 1 1
31 23 1 1
32 24 1 1
32 20 1 1
32 23 1 1
32 26 1 1
33 21 1 1
33 29 1 1
33 25 1 1
33 23 1 1
34 23 1 1
34 31 1 1
34 32 1 1
34 29 1 1
35 25 1 1
35 22 1 1
35 27 1 1
35 26 1 1
36 33 1 1
36 27 1 1
36 30 1 1
36 29 1 1
37 29 1 1
37 23 1 1
37 20 1 1
37 21 1 1
38 23 1 1
38 27 1 1
38 26 1 1
38 29 1 1
39 26 1 1
39 29 1 1
39 36 1 1
39 24 1 1
20 35 1 1
20 34 1 1
20 31 1 1
20 39 1 1
21 32 1 1
21 30 1 1
21 39 1 1
21 25 1 1
22 30 1 1
22 39 1 1
22 32 1 1
22 38 1 1
23 39 1 1
23 35 1 1
23 36 1 1
23 29 1 1
44 40 2 2
44 42 2 2
44 43 2 2
44 41 2 2
45 40 2 2
45 44 2 2
45 43 2 2
45 41 2 2
46 42 2 2
46 45 2 2
46 41 2 2
46 40 2 2
47 46 2 2
47 42 2 2
47 45 2 2
47 40 2 2
48 42 2 2
48 41 2 2
48 40 2 2
48 44 2 2
49 46 2 2
49 41 2 2
49 48 2 2
49 42 2 2
50 49 2 2
50 42 2 2
50 46 2 2
50 44 2 2
51 46 2 2
51 49 2 2
51 45 2 2
51 44 2 2
52 42 2 2
52 41 2 2
52 46 2 2
52 48 2 2
53 48 2 2
53 50 2 2
53 43 2 2
53 47 2 2
54 44 2 2
54 53 2 2
54 41 2 2
54 43 2 2
55 45 2 2
55 44 2 2
55 52 2 2
55 53 2 2
56 52 2 2
56 49 2 2
56 45 2 2
56 48 2 2
57 51 2 2
57 46 2 2
57 45 2 2
57 44 2 2
58 50 2 2
58 43 2 2
58 45 2 2
58 52 2 2
59 43 2 2
59 55 2 2
59 47 2 2
59 42 2 2
40 49 2 2
40 58 2 2
40 52 2 2
40 57 2 2
41 59 2 2
41 51 2 2
41 56 2 2
41 47 2 2
42 56 2 2
42 55 2 2
42 57 2 2
42 51 2 2
43 52 2 2
43 49 2 2
43 50 2 2
43 51 2 2
64 62 3 3
64 61 3 3
64 60 3 3
64 63 3 3
65 64 3 3
65 61 3 3
65 62 3 3
65 63 3 3
66 61 3 3
66 65 3 3
66 60 3 3
66 62 3 3
67 60 3 3
67 61 3 3
67 66 3 3
67 62 3 3
68 61 3 3
68 62 3 3
68 64 3 3
68 63 3 3
69 63 3 3
69 60 3 3
69 61 3 3
69 62 3 3
70 66 3 3
70 65 3 3
70 63 3 3
70 69 3 3
71 66 3 3
71 67 3 3
71 70 3 3
71 68 3 3
72 66 3 3
72 68 3 3
72 64 3 3
72 60 3 3
73 66 3 3
73 71 3 3
73 62 3 3
73 70 3 3
74 60 3 3
74 62 3 3
74 66 3 3
74 64 3 3
75 72 3 3
75 74 3 3
75 69 3 3
75 73 3 3
76 73 3 3
76 66 3 3
76 74 3 3
76 60 3 3
77 65 3 3
77 69 3 3
77 68 3 3
77 64 3 3
78 66 3 3
78 74 3 3
78 68 3 3
78 61 3 3
79 67 3 3
79 74 3 3
79 76 3 3
79 60 3 3
60 75 3 3
60 71 3 3
60 77 3 3
60 65 3 3
61 70 3 3
61 75 3 3
61 76 3 3
61 72 3 3
62 72 3 3
62 78 3 3
62 71 3 3
62 77 3 3
63 67 3 3
63 77 3 3
63 75 3 3
63 73 3 3
84 81 4 4
84 83 4 4
84 82 4 4
84 80 4 4
85 84 4 4
85 81 4 4
85 82 4 4
85 83 4 4
86 84 4 4
86 82 4 4
86 81 4 4
86 83 4 4
87 85 4 4
87 82 4 4
87 80 4 4
87 86 4 4
88 86 4 4
88 82 4 4
88 83 4 4
88 84 4 4
89 81 4 4
89 88 4 4
89 84 4 4
89 83 4 4
90 84 4 4
90 82 4 4
90 86 4 4
90 85 4 4
91 84 4 4
91 81 4 4
91 89 4 4
91 88 4 4
92 83 4 4
92 81 4 4
92 80 4 4
92 91 4 4
93 82 4 4
93 86 4 4
93 91 4 4
93 84 4 4
94 85 4 4
94 90 4 4
94 84 4 4
94 86 4 4
95 88 4 4
95 82 4 4
95 92 4 4
95 84 4 4
96 92 4 4
96 91 4 4
96 82 4 4
96 84 4 4
97 86 4 4
97 94 4 4
97 88 4 4
97 89 4 4
98 84 4 4
98 90 4 4
98 88 4 4
98 95 4 4
99 88 4 4
99 82 4 4
99 97 4 4
99 91 4 4
80 88 4 4
80 86 4 4
80 95 4 4
80 99 4 4
81 94 4 4
81 93 4 4
81 98 4 4
81 97 4 4
82 91 4 4
82 92 4 4
82 97 4 4
82 98 4 4
83 95 4 4
83 99 4 4
83 98 4 4
83 97 4 4
104 102 5 5
104 100 5 5
104 103 5 5
104 101 5 5
105 103 5 5
105 102 5 5
105 101 5 5
105 104 5 5
106 105 5 5
106 101 5 5
106 104 5 5
106 102 5 5
107 106 5 5
107 103 5 5
107 102 5 5
107 104 5 5
108 103 5 5
108 105 5 5
108 107 5 5
108 101 5 5
109 102 5 5
109 103 5 5
109 107 5 5
109 101 5 5
110 101 5 5
110 103 5 5
110 102 5 5
110 104 5 5
111 102 5 5
111 105 5 5
111 101 5 5
111 104 5 5
112 109 5 5
112 111 5 5
112 105 5 5
112 102 5 5
113 107 5 5
113 100 5 5
113 111 5 5
113 109 5 5
114 101 5 5
114 112 5 5
114 103 5 5
114 113 5 5
115 110 5 5
115 103 5 5
115 100 5 5
115 114 5 5
116 101 5 5
116 103 5 5
116 110 5 5
116 106 5 5
117 115 5 5
117 107 5 5
117 106 5 5
117 113 5 5
118 108 5 5
118 109 5 5
118 112 5 5
118 103 5 5
119 102 5 5
119 116 5 5
119 104 5 5
119 111 5 5
100 110 5 5
100 114 5 5
100 119 5 5
100 116 5 5
101 118 5 5
101 115 5 5
101 112 5 5
101 119 5 5
102 116 5 5
102 108 5 5
102 117 5 5
102 118 5 5
103 106 5 5
103 113 5 5
103 117 5 5
103 112 5 5
124 120 6 6
124 121 6 6
124 122 6 6
124 123 6 6
125 122 6 6
125 123 6 6
125 120 6 6
125 121 6 6
126 125 6 6
126 123 6 6
126 120 6 6
126 121 6 6
127 124 6 6
127 121 6 6
127 123 6 6
127 125 6 6
128 120 6 6
128 124 6 6
128 121 6 6
128 126 6 6
129 125 6 6
129 121 6 6
129 127 6 6
129 126 6 6
130 126 6 6
130 125 6 6
130 123 6 6
130 127 6 6
131 127 6 6
131 125 6 6
131 123 6 6
131 121 6 6
132 124 6 6
132 121 6 6
132 128 6 6
132 130 6 6
133 128 6 6
133 126 6 6
133 121 6 6
133 132 6 6
134 126 6 6
134 120 6 6
134 125 6 6
134 130 6 6
135 131 6 6
135 122 6 6
135 123 6 6
135 129 6 6
136 131 6 6
136 126 6 6
136 122 6 6
136 125 6 6
137 130 6 6
137 120 6 6
137 128 6 6
137 132 6 6
138 129 6 6
138 127 6 6
138 123 6 6
138 125 6 6
139 135 6 6
139 127 6 6
139 137 6 6
139 138 6 6
120 130 6 6
120 133 6 6
120 138 6 6
120 139 6 6
121 138 6 6
121 130 6 6
121 137 6 6
121 134 6 6
122 130 6 6
122 132 6 6
122 131 6 6
122 138 6 6
123 136 6 6
123 139 6 6
123 129 6 6
123 137 6 6
144 143 7 7
144 141 7 7
144 140 7 7
144 142 7 7
145 144 7 7
145 143 7 7
145 140 7 7
145 142 7 7
146 141 7 7
146 145 7 7
146 140 7 7
146 142 7 7
147 141 7 7
147 144 7 7
147 142 7 7
147 146 7 7
148 144 7 7
148 141 7 7
148 140 7 7
148 142 7 7
149 147 7 7
149 148 7 7
149 141 7 7
149 142 7 7
150 149 7 7
150 147 7 7
150 144 7 7
150 145 7 7
151 144 7 7
151 141 7 7
151 140 7 7
151 146 7 7
152 148 7 7
152 142 7 7
152 144 7 7
152 140 7 7
153 150 7 7
153 141 7 7
153 149 7 7
153 145 7 7
154 141 7 7
154 149 7 7
154 148 7 7
154 153 7 7
155 151 7 7
155 146 7 7
155 145 7 7
155 150 7 7
156 140 7 7
156 147 7 7
156 153 7 7
156 144 7 7
157 153 7 7
157 147 7 7
157 141 7 7
157 149 7 7
158 145 7 7
158 155 7 7
158 140 7 7
158 154 7 7
159 140 7 7
159 152 7 7
159 141 7 7
159 148 7 7
140 155 7 7
140 149 7 7
140 147 7 7
140 157 7 7
141 150 7 7
141 158 7 7
141 152 7 7
141 145 7 7
142 150 7 7
142 159 7 7
142 154 7 7
142 156 7 7
143 152 7 7
143 147 7 7
143 156 7 7
143 151 7 7
164 163 8 8
164 160 8 8
164 161 8 8
164 162 8 8
165 164 8 8
165 162 8 8
165 163 8 8
165 161 8 8
166 164 8 8
166 160 8 8
166 162 8 8
166 163 8 8
167 164 8 8
167 163 8 8
167 162 8 8
167 161 8 8
168 167 8 8
168 161 8 8
168 165 8 8
168 166 8 8
169 162 8 8
169 167 8 8
169 166 8 8
169 163 8 8
170 161 8 8
170 164 8 8
170 166 8 8
170 165 8 8
171 161 8 8
171 167 8 8
171 165 8 8
171 164 8 8
172 167 8 8
172 165 8 8
172 162 8 8
172 168 8 8
173 163 8 8
173 171 8 8
173 169 8 8
173 164 8 8
174 172 8 8
174 168 8 8
174 170 8 8
174 167 8 8
175 170 8 8
175 164 8 8
175 161 8 8
175 171 8 8
176 175 8 8
176 173 8 8
176 168 8 8
176 167 8 8
177 165 8 8
177 174 8 8
177 168 8 8
177 163 8 8
178 170 8 8
178 163 8 8
178 164 8 8
178 176 8 8
179 178 8 8
179 171 8 8
179 172 8 8
179 177 8 8
160 175 8 8
160 173 8 8
160 169 8 8
160 176 8 8
161 176 8 8
161 178 8 8
161 166 8 8
161 179 8 8
162 179 8 8
162 173 8 8
162 175 8 8
162 174 8 8
163 175 8 8
163 179 8 8
163 174 8 8
163 171 8 8
184 180 9 9
184 182 9 9
184 181 9 9
184 183 9 9
185 181 9 9
185 183 9 9
185 182 9 9
185 180 9 9
186 184 9 9
186 182 9 9
186 181 9 9
186 183 9 9
187 180 9 9
187 183 9 9
187 181 9 9
187 184 9 9
188 187 9 9
188 182 9 9
188 185 9 9
188 186 9 9
189 181 9 9
189 184 9 9
189 182 9 9
189 180 9 9
190 189 9 9
190 185 9 9
190 180 9 9
190 187 9 9
191 187 9 9
191 185 9 9
191 188 9 9
191 190 9 9
192 186 9 9
192 182 9 9
192 187 9 9
192 184 9 9
193 182 9 9
193 187 9 9
193 189 9 9
193 181 9 9
194 181 9 9
194 183 9 9
194 192 9 9
194 182 9 9
195 189 9 9
195 182 9 9
195 183 9 9
195 185 9 9
196 193 9 9
196 189 9 9
196 182 9 9
196 191 9 9
197 196 9 9
197 180 9 9
197 193 9 9
197 181 9 9
198 195 9 9
198 197 9 9
198 191 9 9
198 182 9 9
199 186 9 9
199 197 9 9
199 194 9 9
199 183 9 9
180 193 9 9
180 188 9 9
180 196 9 9
180 198 9 9
181 196 9 9
181 195 9 9
181 192 9 9
181 188 9 9
182 197 9 9
182 199 9 9
182 187 9 9
182 191 9 9
183 190 9 9
183 197 9 9
183 196 9 9
183 189 9 9
204 203 10 10
204 201 10 10
204 202 10 10
204 200 10 10
205 202 10 10
205 201 10 10
205 203 10 10
205 200 10 10
206 203 10 10
206 204 10 10
206 202 10 10
206 200 10 10
207 202 10 10
207 204 10 10
207 206 10 10
207 203 10 10
208 201 10 10
208 204 10 10
208 200 10 10
208 202 10 10
209 203 10 10
209 201 10 10
209 204 10 10
209 207 10 10
210 203 10 10
210 206 10 10
210 202 10 10
210 209 10 10
211 202 10 10
211 204 10 10
211 200 10 10
211 205 10 10
212 202 10 10
212 203 10 10
212 207 10 10
212 204 10 10
213 206 10 10
213 208 10 10
213 212 10 10
213 202 10 10
214 213 10 10
214 212 10 10
214 205 10 10
214 203 10 10
215 214 10 10
215 208 10 10
215 213 10 10
215 203 10 10
216 209 10 10
216 212 10 10
216 210 10 10
216 207 10 10
217 202 10 10
217 215 10 10
217 209 10 10
217 204 10 10
218 201 10 10
218 215 10 10
218 204 10 10
218 214 10 10
219 211 10 10
219 203 10 10
219 204 10 10
219 212 10 10
200 213 10 10
200 215 10 10
200 214 10 10
200 217 10 10
201 211 10 10
201 213 10 10
201 219 10 10
201 214 10 10
202 219 10 10
202 216 10 10
202 218 10 10
202 215 10 10
203 217 10 10
203 211 10 10
203 218 10 10
203 216 10 10
224 222 11 11
224 220 11 11
224 221 11 11
224 223 11 11
225 224 11 11
225 222 11 11
225 223 11 11
225 220 11 11
226 223 11 11
226 224 11 11
226 221 11 11
226 225 11 11
227 220 11 11
227 224 11 11
227 225 11 11
227 222 11 11
228 227 11 11
228 224 11 11
228 223 11 11
228 225 11 11
229 223 11 11
229 227 11 11
229 220 11 11
229 225 11 11
230 226 11 11
230 221 11 11
230 220 11 11
230 227 11 11
231 223 11 11
231 226 11 11
231 221 11 11
231 228 11 11
232 227 11 11
232 221 11 11
232 220 11 11
232 223 11 11
233 228 11 11
233 222 11 11
233 225 11 11
233 229 11 11
234 232 11 11
234 227 11 11
234 223 11 11
234 224 11 11
235 220 11 11
235 234 11 11
235 223 11 11
235 224 11 11
236 221 11 11
236 223 11 11
236 227 11 11
236 220 11 11
237 226 11 11
237 228 11 11
237 233 11 11
237 225 11 11
238 225 11 11
238 224 11 11
238 237 11 11
238 234 11 11
239 232 11 11
239 220 11 11
239 233 11 11
239 235 11 11
220 237 11 11
220 226 11 11
220 231 11 11
220 228 11 11
221 235 11 11
221 234 11 11
221 239 11 11
221 238 11 11
222 228 11 11
222 229 11 11
222 237 11 11
222 236 11 11
223 239 11 11
223 233 11 11
223 237 11 11
223 227 11 11
244 241 12 12
244 242 12 12
244 243 12 12
244 240 12 12
245 240 12 12
245 243 12 12
245 244 12 12
245 242 12 12
246 243 12 12
246 245 12 12
246 240 12 12
246 244 12 12
247 244 12 12
247 242 12 12
247 241 12 12
247 245 12 12
248 241 12 12
248 244 12 12
248 247 12 12
248 243 12 12
249 247 12 12
249 248 12 12
249 242 12 12
249 241 12 12
250 240 12 12
250 243 12 12
250 245 12 12
250 247 12 12
251 247 12 12
251 242 12 12
251 249 12 12
251 243 12 12
252 245 12 12
252 250 12 12
252 244 12 12
252 247 12 12
253 250 12 12
253 249 12 12
253 240 12 12
253 246 12 12
254 248 12 12
254 252 12 12
254 244 12 12
254 241 12 12
255 254 12 12
255 241 12 12
255 240 12 12
255 252 12 12
256 243 12 12
256 250 12 12
256 245 12 12
256 240 12 12
257 244 12 12
257 240 12 12
257 241 12 12
257 251 12 12
258 251 12 12
258 252 12 12
258 242 12 12
258 254 12 12
259 249 12 12
259 243 12 12
259 258 12 12
259 242 12 12
240 258 12 12
240 248 12 12
240 252 12 12
240 247 12 12
241 258 12 12
241 259 12 12
241 245 12 12
241 251 12 12
242 246 12 12
242 255 12 12
242 248 12 12
242 252 12 12
243 252 12 12
243 255 12 12
243 247 12 12
243 249 12 12
264 260 13 13
264 262 13 13
264 263 13 13
264 261 13 13
265 264 13 13
265 262 13 13
265 260 13 13
265 263 13 13
266 261 13 13
266 265 13 13
266 262 13 13
266 263 13 13
267 266 13 13
267 260 13 13
267 263 13 13
267 261 13 13
268 260 13 13
268 266 13 13
268 265 13 13
268 263 13 13
269 261 13 13
269 263 13 13
269 262 13 13
269 265 13 13
270 263 13 13
270 264 13 13
270 268 13 13
270 262 13 13
271 262 13 13
271 266 13 13
271 264 13 13
271 265 13 13
272 263 13 13
272 266 13 13
272 271 13 13
272 265 13 13
273 261 13 13
273 263 13 13
273 262 13 13
273 268 13 13
274 263 13 13
274 268 13 13
274 270 13 13
274 260 13 13
275 265 13 13
275 274 13 13
275 271 13 13
275 263 13 13
276 271 13 13
276 260 13 13
276 270 13 13
276 263 13 13
277 276 13 13
277 272 13 13
277 268 13 13
277 265 13 13
278 263 13 13
278 270 13 13
278 269 13 13
278 261 13 13
279 278 13 13
279 272 13 13
279 263 13 13
279 267 13 13
260 275 13 13
260 270 13 13
260 272 13 13
260 273 13 13
261 277 13 13
261 274 13 13
261 268 13 13
261 272 13 13
262 268 13 13
262 275 13 13
262 276 13 13
262 274 13 13
263 271 13 13
263 277 13 13
284 282 14 14
284 283 14 14
284 281 14 14
284 280 14 14
285 280 14 14
285 282 14 14
285 281 14 14
285 283 14 14
286 285 14 14
286 281 14 14
286 282 14 14
286 280 14 14
287 286 14 14
287 280 14 14
287 285 14 14
287 281 14 14
288 282 14 14
288 281 14 14
288 287 14 14
288 283 14 14
289 283 14 14
289 286 14 14
289 285 14 14
289 284 14 14
290 285 14 14
290 287 14 14
290 280 14 14
290 286 14 14
291 290 14 14
291 282 14 14
291 289 14 14
291 283 14 14
292 290 14 14
292 286 14 14
292 285 14 14
292 287 14 14
293 281 14 14
293 288 14 14
293 283 14 14
293 282 14 14
294 286 14 14
294 292 14 14
294 287 14 14
294 285 14 14
295 284 14 14
295 281 14 14
295 293 14 14
295 280 14 14
296 280 14 14
296 294 14 14
296 281 14 14
296 295 14 14
297 289 14 14
297 287 14 14
297 284 14 14
297 286 14 14
298 297 14 14
298 293 14 14
298 296 14 14
298 281 14 14
299 296 14 14
299 283 14 14
299 298 14 14
299 293 14 14
280 294 14 14
280 298 14 14
280 292 14 14
280 299 14 14
281 290 14 14
281 294 14 14
281 297 14 14
281 291 14 14
282 289 14 14
282 297 14 14
282 290 14 14
282 287 14 14
283 287 14 14
283 286 14 14
283 297 14 14
283 290 14 14
304 302 15 15
304 301 15 15
304 303 15 15
304 300 15 15
305 301 15 15
305 303 15 15
305 302 15 15
305 300 15 15
306 301 15 15
306 302 15 15
306 305 15 15
306 303 15 15
307 306 15 15
307 305 15 15
307 302 15 15
307 301 15 15
308 305 15 15
308 301 15 15
308 303 15 15
308 307 15 15
309 306 15 15
309 305 15 15
309 301 15 15
309 304 15 15
310 301 15 15
310 302 15 15
310 308 15 15
310 307 15 15
311 310 15 15
311 302 15 15
311 308 15 15
311 309 15 15
312 309 15 15
312 303 15 15
312 302 15 15
312 304 15 15
313 306 15 15
313 303 15 15
313 305 15 15
313 300 15 15
314 307 15 15
314 308 15 15
314 311 15 15
314 303 15 15
315 302 15 15
315 313 15 15
315 308 15 15
315 314 15 15
316 303 15 15
316 311 15 15
316 313 15 15
316 302 15 15
317 309 15 15
317 307 15 15
317 306 15 15
317 300 15 15
318 306 15 15
318 316 15 15
318 301 15 15
318 302 15 15
319 317 15 15
319 302 15 15
319 307 15 15
319 309 15 15
300 318 15 15
300 314 15 15
300 319 15 15
300 308 15 15
301 317 15 15
301 314 15 15
301 315 15 15
301 313 15 15
302 308 15 15
302 313 15 15
302 309 15 15
302 317 15 15
303 311 15 15
303 309 15 15
303 317 15 15
303 315 15 15
84 47 4 2
94 71 4 3
83 7 4 0
82 23 4 1
115 93 5 4
115 3 5 0
104 57 5 2
119 25 5 1
137 4 6 0
125 49 6 2
138 86 6 4
132 25 6 1
148 50 7 2
147 120 7 6
145 3 7 0
148 103 7 5
174 155 8 7
172 117 8 5
171 0 8 0
176 97 8 4
186 69 9 3
183 135 9 6
190 39 9 1
182 143 9 7
217 10 10 0
206 126 10 6
201 143 10 7
206 91 10 4
227 212 11 10
223 9 11 0
234 54 11 2
221 183 11 9
246 167 12 8
258 19 12 0
246 82 12 4
243 205 12 10
260 153 13 7
266 82 13 4
275 50 13 2
267 70 13 3
297 244 14 12
288 103 14 5
291 270 14 13
295 74 14 3
302 221 15 11
318 272 15 13
313 91 15 4
315 280 15 14
6 282 0 14
11 191 0 9
5 313 0 15
16 273 0 13
37 171 1 8
27 244 1 12
21 305 1 15
26 212 1 10
46 247 2 12
41 201 2 10
47 176 2 8
53 193 2 9
63 219 3 10
61 155 3 7
75 222 3 11
77 254 3 12
