swNum = 320
edgeNum = 1344

0 0
1 0
2 0
3 0
4 0
5 0
6 0
7 0
8 0
9 0
10 0
11 0
12 0
13 0
14 0
15 0
16 0
17 0
18 0
19 0
20 1
21 1
22 1
23 1
24 1
25 1
26 1
27 1
28 1
29 1
30 1
31 1
32 1
33 1
34 1
35 1
36 1
37 1
38 1
39 1
40 2
41 2
42 2
43 2
44 2
45 2
46 2
47 2
48 2
49 2
50 2
51 2
52 2
53 2
54 2
55 2
56 2
57 2
58 2
59 2
60 3
61 3
62 3
63 3
64 3
65 3
66 3
67 3
68 3
69 3
70 3
71 3
72 3
73 3
74 3
75 3
76 3
77 3
78 3
79 3
80 4
81 4
82 4
83 4
84 4
85 4
86 4
87 4
88 4
89 4
90 4
91 4
92 4
93 4
94 4
95 4
96 4
97 4
98 4
99 4
100 5
101 5
102 5
103 5
104 5
105 5
106 5
107 5
108 5
109 5
110 5
111 5
112 5
113 5
114 5
115 5
116 5
117 5
118 5
119 5
120 6
121 6
122 6
123 6
124 6
125 6
126 6
127 6
128 6
129 6
130 6
131 6
132 6
133 6
134 6
135 6
136 6
137 6
138 6
139 6
140 7
141 7
142 7
143 7
144 7
145 7
146 7
147 7
148 7
149 7
150 7
151 7
152 7
153 7
154 7
155 7
156 7
157 7
158 7
159 7
160 8
161 8
162 8
163 8
164 8
165 8
166 8
167 8
168 8
169 8
170 8
171 8
172 8
173 8
174 8
175 8
176 8
177 8
178 8
179 8
180 9
181 9
182 9
183 9
184 9
185 9
186 9
187 9
188 9
189 9
190 9
191 9
192 9
193 9
194 9
195 9
196 9
197 9
198 9
199 9
200 10
201 10
202 10
203 10
204 10
205 10
206 10
207 10
208 10
209 10
210 10
211 10
212 10
213 10
214 10
215 10
216 10
217 10
218 10
219 10
220 11
221 11
222 11
223 11
224 11
225 11
226 11
227 11
228 11
229 11
230 11
231 11
232 11
233 11
234 11
235 11
236 11
237 11
238 11
239 11
240 12
241 12
242 12
243 12
244 12
245 12
246 12
247 12
248 12
249 12
250 12
251 12
252 12
253 12
254 12
255 12
256 12
257 12
258 12
259 12
260 13
261 13
262 13
263 13
264 13
265 13
266 13
267 13
268 13
269 13
270 13
271 13
272 13
273 13
274 13
275 13
276 13
277 13
278 13
279 13
280 14
281 14
282 14
283 14
284 14
285 14
286 14
287 14
288 14
289 14
290 14
291 14
292 14
293 14
294 14
295 14
296 14
297 14
298 14
299 14
300 15
301 15
302 15
303 15
304 15
305 15
306 15
307 15
308 15
309 15
310 15
311 15
312 15
313 15
314 15
315 15
316 15
317 15
318 15
319 15

4 0 0 0
4 2 0 0
4 3 0 0
4 1 0 0
5 1 0 0
5 4 0 0
5 3 0 0
5 0 0 0
6 5 0 0
6 2 0 0
6 0 0 0
6 3 0 0
7 3 0 0
7 4 0 0
7 6 0 0
7 5 0 0
8 2 0 0
8 3 0 0
8 0 0 0
8 7 0 0
9 8 0 0
9 7 0 0
9 3 0 0
9 4 0 0
10 2 0 0
10 3 0 0
10 9 0 0
10 7 0 0
11 1 0 0
11 2 0 0
11 5 0 0
11 4 0 0
12 7 0 0
12 11 0 0
12 0 0 0
12 10 0 0
13 6 0 0
13 7 0 0
13 5 0 0
13 8 0 0
14 12 0 0
14 2 0 0
14 10 0 0
14 8 0 0
15 7 0 0
15 3 0 0
15 10 0 0
15 14 0 0
16 2 0 0
16 8 0 0
16 4 0 0
16 5 0 0
17 2 0 0
17 0 0 0
17 15 0 0
17 10 0 0
18 7 0 0
18 5 0 0
18 1 0 0
18 8 0 0
19 1 0 0
19 6 0 0
19 7 0 0
19 16 0 0
0 18 0 0
0 10 0 0
0 15 0 0
0 11 0 0
1 12 0 0
1 16 0 0
1 10 0 0
1 14 0 0
2 15 0 0
2 9 0 0
2 7 0 0
2 12 0 0
3 14 0 0
3 16 0 0
3 12 0 0
3 17 0 0
24 23 1 1
24 21 1 1
24 20 1 1
24 22 1 1
25 22 1 1
25 21 1 1
25 23 1 1
25 20 1 1
26 23 1 1
26 20 1 1
26 22 1 1
26 25 1 1
27 26 1 1
27 24 1 1
27 25 1 1
27 23 1 1
28 26 1 1
28 23 1 1
28 25 1 1
28 21 1 1
29 24 1 1
29 20 1 1
29 26 1 1
29 22 1 1
30 25 1 1
30 24 1 1
30 20 1 1
30 27 1 1
31 28 1 1
31 25 1 1
31 21 1 1
31 26 1 1
32 31 1 1
32 25 1 1
32 23 1 1
32 22 1 1
33 22 1 1
33 20 1 1
33 27 1 1
33 23 1 1
34 28 1 1
34 31 1 1
34 33 1 1
34 21 1 1
35 34 1 1
35 21 1 1
35 28 1 1
35 25 1 1
36 24 1 1
36 33 1 1
36 31 1 1
36 27 1 1
37 35 1 1
37 26 1 1
37 23 1 1
37 31 1 1
38 34 1 1
38 28 1 1
38 24 1 1
38 33 1 1
39 25 1 1
39 24 1 1
39 32 1 1
39 20 1 1
20 38 1 1
20 34 1 1
20 27 1 1
20 32 1 1
21 27 1 1
21 26 1 1
21 33 1 1
21 32 1 1
22 34 1 1
22 31 1 1
22 39 1 1
22 35 1 1
23 36 1 1
23 35 1 1
23 34 1 1
23 29 1 1
44 40 2 2
44 41 2 2
44 42 2 2
44 43 2 2
45 43 2 2
45 44 2 2
45 40 2 2
45 41 2 2
46 41 2 2
46 40 2 2
46 44 2 2
46 43 2 2
47 45 2 2
47 41 2 2
47 43 2 2
47 44 2 2
48 43 2 2
48 45 2 2
48 44 2 2
48 46 2 2
49 44 2 2
49 40 2 2
49 41 2 2
49 46 2 2
50 42 2 2
50 41 2 2
50 44 2 2
50 40 2 2
51 46 2 2
51 41 2 2
51 40 2 2
51 45 2 2
52 45 2 2
52 40 2 2
52 42 2 2
52 51 2 2
53 49 2 2
53 50 2 2
53 40 2 2
53 48 2 2
54 44 2 2
54 47 2 2
54 49 2 2
54 52 2 2
55 44 2 2
55 45 2 2
55 50 2 2
55 48 2 2
56 42 2 2
56 54 2 2
56 44 2 2
56 41 2 2
57 41 2 2
57 40 2 2
57 51 2 2
57 54 2 2
58 42 2 2
58 57 2 2
58 47 2 2
58 54 2 2
59 40 2 2
59 57 2 2
59 53 2 2
59 51 2 2
40 58 2 2
40 56 2 2
40 47 2 2
40 54 2 2
41 58 2 2
41 54 2 2
41 52 2 2
41 48 2 2
42 51 2 2
42 54 2 2
42 57 2 2
42 47 2 2
43 55 2 2
43 51 2 2
43 52 2 2
43 57 2 2
64 60 3 3
64 62 3 3
64 63 3 3
64 61 3 3
65 63 3 3
65 61 3 3
65 60 3 3
65 62 3 3
66 64 3 3
66 62 3 3
66 60 3 3
66 61 3 3
67 66 3 3
67 60 3 3
67 64 3 3
67 62 3 3
68 66 3 3
68 67 3 3
68 64 3 3
68 61 3 3
69 60 3 3
69 66 3 3
69 62 3 3
69 61 3 3
70 67 3 3
70 60 3 3
70 66 3 3
70 61 3 3
71 62 3 3
71 60 3 3
71 68 3 3
71 70 3 3
72 64 3 3
72 68 3 3
72 70 3 3
72 71 3 3
73 69 3 3
73 62 3 3
73 60 3 3
73 64 3 3
74 71 3 3
74 72 3 3
74 73 3 3
74 61 3 3
75 62 3 3
75 69 3 3
75 64 3 3
75 73 3 3
76 75 3 3
76 62 3 3
76 70 3 3
76 73 3 3
77 61 3 3
77 62 3 3
77 73 3 3
77 66 3 3
78 75 3 3
78 72 3 3
78 60 3 3
78 74 3 3
79 68 3 3
79 72 3 3
79 66 3 3
79 73 3 3
60 75 3 3
60 77 3 3
60 72 3 3
60 76 3 3
61 78 3 3
61 72 3 3
61 75 3 3
61 71 3 3
62 72 3 3
62 74 3 3
62 70 3 3
62 78 3 3
63 77 3 3
63 73 3 3
63 68 3 3
63 72 3 3
84 81 4 4
84 82 4 4
84 83 4 4
84 80 4 4
85 83 4 4
85 80 4 4
85 84 4 4
85 81 4 4
86 85 4 4
86 84 4 4
86 80 4 4
86 81 4 4
87 86 4 4
87 80 4 4
87 85 4 4
87 83 4 4
88 81 4 4
88 83 4 4
88 84 4 4
88 82 4 4
89 85 4 4
89 81 4 4
89 88 4 4
89 82 4 4
90 82 4 4
90 80 4 4
90 81 4 4
90 86 4 4
91 84 4 4
91 82 4 4
91 81 4 4
91 83 4 4
92 82 4 4
92 85 4 4
92 88 4 4
92 84 4 4
93 87 4 4
93 82 4 4
93 90 4 4
93 85 4 4
94 89 4 4
94 91 4 4
94 86 4 4
94 83 4 4
95 90 4 4
95 93 4 4
95 92 4 4
95 84 4 4
96 81 4 4
96 91 4 4
96 84 4 4
96 83 4 4
97 94 4 4
97 89 4 4
97 96 4 4
97 85 4 4
98 96 4 4
98 92 4 4
98 85 4 4
98 95 4 4
99 81 4 4
99 84 4 4
99 96 4 4
99 83 4 4
80 95 4 4
80 92 4 4
80 93 4 4
80 94 4 4
81 98 4 4
81 92 4 4
81 87 4 4
81 93 4 4
82 94 4 4
82 96 4 4
82 95 4 4
82 98 4 4
83 95 4 4
83 98 4 4
83 92 4 4
83 97 4 4
104 102 5 5
104 101 5 5
104 100 5 5
104 103 5 5
105 101 5 5
105 104 5 5
105 100 5 5
105 103 5 5
106 102 5 5
106 104 5 5
106 101 5 5
106 103 5 5
107 104 5 5
107 100 5 5
107 106 5 5
107 105 5 5
108 103 5 5
108 100 5 5
108 105 5 5
108 101 5 5
109 104 5 5
109 102 5 5
109 101 5 5
109 106 5 5
110 107 5 5
110 108 5 5
110 101 5 5
110 103 5 5
111 110 5 5
111 104 5 5
111 106 5 5
111 109 5 5
112 107 5 5
112 100 5 5
112 105 5 5
112 110 5 5
113 105 5 5
113 107 5 5
113 101 5 5
113 100 5 5
114 100 5 5
114 113 5 5
114 108 5 5
114 112 5 5
115 100 5 5
115 104 5 5
115 114 5 5
115 107 5 5
116 114 5 5
116 100 5 5
116 110 5 5
116 102 5 5
117 115 5 5
117 107 5 5
117 111 5 5
117 110 5 5
118 112 5 5
118 106 5 5
118 101 5 5
118 109 5 5
119 110 5 5
119 106 5 5
119 116 5 5
119 115 5 5
100 111 5 5
100 117 5 5
100 110 5 5
100 118 5 5
101 111 5 5
101 119 5 5
101 117 5 5
101 115 5 5
102 110 5 5
102 114 5 5
102 118 5 5
102 119 5 5
103 114 5 5
103 118 5 5
103 107 5 5
103 119 5 5
124 120 6 6
124 123 6 6
124 122 6 6
124 121 6 6
125 124 6 6
125 120 6 6
125 122 6 6
125 123 6 6
126 125 6 6
126 122 6 6
126 120 6 6
126 124 6 6
127 121 6 6
127 124 6 6
127 122 6 6
127 125 6 6
128 127 6 6
128 125 6 6
128 124 6 6
128 126 6 6
129 122 6 6
129 124 6 6
129 128 6 6
129 123 6 6
130 125 6 6
130 128 6 6
130 123 6 6
130 126 6 6
131 127 6 6
131 129 6 6
131 128 6 6
131 120 6 6
132 128 6 6
132 130 6 6
132 131 6 6
132 126 6 6
133 120 6 6
133 130 6 6
133 121 6 6
133 122 6 6
134 121 6 6
134 122 6 6
134 120 6 6
134 131 6 6
135 126 6 6
135 121 6 6
135 131 6 6
135 122 6 6
136 130 6 6
136 123 6 6
136 122 6 6
136 134 6 6
137 127 6 6
137 128 6 6
137 133 6 6
137 124 6 6
138 126 6 6
138 124 6 6
138 129 6 6
138 121 6 6
139 131 6 6
139 128 6 6
139 123 6 6
139 126 6 6
120 139 6 6
120 137 6 6
120 127 6 6
120 135 6 6
121 126 6 6
121 132 6 6
121 131 6 6
121 139 6 6
122 139 6 6
122 130 6 6
122 132 6 6
122 131 6 6
123 132 6 6
123 134 6 6
123 126 6 6
123 127 6 6
144 142 7 7
144 143 7 7
144 141 7 7
144 140 7 7
145 144 7 7
145 141 7 7
145 140 7 7
145 143 7 7
146 141 7 7
146 145 7 7
146 140 7 7
146 143 7 7
147 140 7 7
147 141 7 7
147 143 7 7
147 145 7 7
148 140 7 7
148 147 7 7
148 145 7 7
148 146 7 7
149 142 7 7
149 143 7 7
149 147 7 7
149 144 7 7
150 146 7 7
150 141 7 7
150 140 7 7
150 145 7 7
151 142 7 7
151 140 7 7
151 144 7 7
151 146 7 7
152 145 7 7
152 146 7 7
152 148 7 7
152 141 7 7
153 150 7 7
153 140 7 7
153 149 7 7
153 146 7 7
154 146 7 7
154 142 7 7
154 141 7 7
154 152 7 7
155 144 7 7
155 151 7 7
155 154 7 7
155 146 7 7
156 148 7 7
156 154 7 7
156 150 7 7
156 145 7 7
157 145 7 7
157 153 7 7
157 150 7 7
157 156 7 7
158 156 7 7
158 150 7 7
158 148 7 7
158 157 7 7
159 151 7 7
159 154 7 7
159 141 7 7
159 147 7 7
140 152 7 7
140 149 7 7
140 154 7 7
140 159 7 7
141 149 7 7
141 151 7 7
141 153 7 7
141 158 7 7
142 153 7 7
142 146 7 7
142 147 7 7
142 159 7 7
143 150 7 7
143 154 7 7
143 151 7 7
143 158 7 7
164 163 8 8
164 162 8 8
164 161 8 8
164 160 8 8
165 164 8 8
165 162 8 8
165 160 8 8
165 161 8 8
166 163 8 8
166 162 8 8
166 164 8 8
166 160 8 8
167 163 8 8
167 166 8 8
167 160 8 8
167 164 8 8
168 167 8 8
168 166 8 8
168 161 8 8
168 164 8 8
169 163 8 8
169 167 8 8
169 164 8 8
169 168 8 8
170 165 8 8
170 163 8 8
170 167 8 8
170 162 8 8
171 165 8 8
171 162 8 8
171 160 8 8
171 163 8 8
172 166 8 8
172 163 8 8
172 165 8 8
172 164 8 8
173 169 8 8
173 167 8 8
173 161 8 8
173 160 8 8
174 169 8 8
174 165 8 8
174 171 8 8
174 173 8 8
175 171 8 8
175 169 8 8
175 172 8 8
175 163 8 8
176 163 8 8
176 160 8 8
176 169 8 8
176 175 8 8
177 164 8 8
177 163 8 8
177 165 8 8
177 172 8 8
178 176 8 8
178 168 8 8
178 162 8 8
178 173 8 8
179 164 8 8
179 162 8 8
179 165 8 8
179 171 8 8
160 172 8 8
160 178 8 8
160 175 8 8
160 169 8 8
161 176 8 8
161 166 8 8
161 169 8 8
161 167 8 8
162 173 8 8
162 168 8 8
162 174 8 8
162 167 8 8
163 174 8 8
163 173 8 8
163 165 8 8
163 168 8 8
184 182 9 9
184 180 9 9
184 181 9 9
184 183 9 9
185 181 9 9
185 180 9 9
185 183 9 9
185 182 9 9
186 180 9 9
186 182 9 9
186 184 9 9
186 183 9 9
187 182 9 9
187 186 9 9
187 184 9 9
187 180 9 9
188 183 9 9
188 180 9 9
188 181 9 9
188 185 9 9
189 188 9 9
189 182 9 9
189 183 9 9
189 186 9 9
190 186 9 9
190 182 9 9
190 187 9 9
190 184 9 9
191 180 9 9
191 185 9 9
191 181 9 9
191 189 9 9
192 187 9 9
192 184 9 9
192 190 9 9
192 189 9 9
193 188 9 9
193 192 9 9
193 186 9 9
193 184 9 9
194 193 9 9
194 191 9 9
194 188 9 9
194 187 9 9
195 186 9 9
195 182 9 9
195 189 9 9
195 190 9 9
196 180 9 9
196 185 9 9
196 182 9 9
196 191 9 9
197 194 9 9
197 192 9 9
197 193 9 9
197 195 9 9
198 181 9 9
198 192 9 9
198 188 9 9
198 193 9 9
199 182 9 9
199 183 9 9
199 192 9 9
199 195 9 9
180 194 9 9
180 195 9 9
180 189 9 9
180 199 9 9
181 187 9 9
181 197 9 9
181 194 9 9
181 190 9 9
182 193 9 9
182 197 9 9
182 194 9 9
182 191 9 9
183 194 9 9
183 191 9 9
183 198 9 9
183 187 9 9
204 201 10 10
204 203 10 10
204 200 10 10
204 202 10 10
205 200 10 10
205 204 10 10
205 203 10 10
205 202 10 10
206 203 10 10
206 205 10 10
206 202 10 10
206 200 10 10
207 205 10 10
207 203 10 10
207 204 10 10
207 200 10 10
208 203 10 10
208 207 10 10
208 202 10 10
208 201 10 10
209 203 10 10
209 207 10 10
209 208 10 10
209 200 10 10
210 201 10 10
210 205 10 10
210 209 10 10
210 206 10 10
211 206 10 10
211 201 10 10
211 204 10 10
211 205 10 10
212 207 10 10
212 211 10 10
212 205 10 10
212 202 10 10
213 209 10 10
213 205 10 10
213 202 10 10
213 212 10 10
214 206 10 10
214 200 10 10
214 201 10 10
214 205 10 10
215 210 10 10
215 214 10 10
215 202 10 10
215 207 10 10
216 200 10 10
216 208 10 10
216 213 10 10
216 209 10 10
217 215 10 10
217 202 10 10
217 213 10 10
217 210 10 10
218 204 10 10
218 211 10 10
218 208 10 10
218 201 10 10
219 201 10 10
219 208 10 10
219 216 10 10
219 200 10 10
200 212 10 10
200 215 10 10
200 217 10 10
200 208 10 10
201 205 10 10
201 216 10 10
201 217 10 10
201 207 10 10
202 209 10 10
202 216 10 10
202 219 10 10
202 207 10 10
203 217 10 10
203 213 10 10
203 212 10 10
203 211 10 10
224 221 11 11
224 220 11 11
224 222 11 11
224 223 11 11
225 222 11 11
225 221 11 11
225 224 11 11
225 223 11 11
226 225 11 11
226 221 11 11
226 223 11 11
226 224 11 11
227 226 11 11
227 222 11 11
227 224 11 11
227 223 11 11
228 222 11 11
228 223 11 11
228 226 11 11
228 227 11 11
229 222 11 11
229 228 11 11
229 221 11 11
229 223 11 11
230 223 11 11
230 224 11 11
230 222 11 11
230 229 11 11
231 220 11 11
231 228 11 11
231 222 11 11
231 223 11 11
232 230 11 11
232 225 11 11
232 229 11 11
232 221 11 11
233 227 11 11
233 230 11 11
233 226 11 11
233 224 11 11
234 231 11 11
234 220 11 11
234 222 11 11
234 229 11 11
235 221 11 11
235 220 11 11
235 230 11 11
235 233 11 11
236 223 11 11
236 220 11 11
236 235 11 11
236 228 11 11
237 223 11 11
237 228 11 11
237 235 11 11
237 229 11 11
238 233 11 11
238 229 11 11
238 236 11 11
238 237 11 11
239 230 11 11
239 235 11 11
239 221 11 11
239 238 11 11
220 229 11 11
220 228 11 11
220 239 11 11
220 230 11 11
221 238 11 11
221 234 11 11
221 233 11 11
221 231 11 11
222 237 11 11
222 239 11 11
222 235 11 11
222 232 11 11
223 238 11 11
223 239 11 11
223 233 11 11
223 235 11 11
244 240 12 12
244 243 12 12
244 242 12 12
244 241 12 12
245 243 12 12
245 244 12 12
245 241 12 12
245 240 12 12
246 240 12 12
246 241 12 12
246 243 12 12
246 244 12 12
247 244 12 12
247 241 12 12
247 240 12 12
247 245 12 12
248 241 12 12
248 240 12 12
248 242 12 12
248 247 12 12
249 242 12 12
249 246 12 12
249 247 12 12
249 245 12 12
250 242 12 12
250 248 12 12
250 241 12 12
250 247 12 12
251 245 12 12
251 243 12 12
251 250 12 12
251 241 12 12
252 240 12 12
252 243 12 12
252 245 12 12
252 247 12 12
253 245 12 12
253 240 12 12
253 247 12 12
253 251 12 12
254 246 12 12
254 240 12 12
254 250 12 12
254 245 12 12
255 249 12 12
255 241 12 12
255 243 12 12
255 245 12 12
256 246 12 12
256 255 12 12
256 252 12 12
256 251 12 12
257 240 12 12
257 255 12 12
257 243 12 12
257 253 12 12
258 248 12 12
258 249 12 12
258 242 12 12
258 247 12 12
259 246 12 12
259 256 12 12
259 241 12 12
259 244 12 12
240 250 12 12
240 258 12 12
240 256 12 12
240 251 12 12
241 257 12 12
241 258 12 12
241 253 12 12
241 249 12 12
242 255 12 12
242 251 12 12
242 246 12 12
242 247 12 12
243 253 12 12
243 248 12 12
243 250 12 12
243 256 12 12
264 262 13 13
264 261 13 13
264 263 13 13
264 260 13 13
265 264 13 13
265 262 13 13
265 260 13 13
265 261 13 13
266 263 13 13
266 262 13 13
266 264 13 13
266 265 13 13
267 262 13 13
267 260 13 13
267 261 13 13
267 266 13 13
268 261 13 13
268 260 13 13
268 265 13 13
268 267 13 13
269 260 13 13
269 262 13 13
269 267 13 13
269 264 13 13
270 262 13 13
270 261 13 13
270 260 13 13
270 267 13 13
271 264 13 13
271 266 13 13
271 262 13 13
271 267 13 13
272 261 13 13
272 267 13 13
272 264 13 13
272 268 13 13
273 263 13 13
273 260 13 13
273 270 13 13
273 261 13 13
274 261 13 13
274 271 13 13
274 268 13 13
274 260 13 13
275 264 13 13
275 261 13 13
275 268 13 13
275 271 13 13
276 267 13 13
276 263 13 13
276 275 13 13
276 273 13 13
277 266 13 13
277 276 13 13
277 271 13 13
277 275 13 13
278 275 13 13
278 264 13 13
278 277 13 13
278 263 13 13
279 268 13 13
279 277 13 13
279 263 13 13
279 270 13 13
260 275 13 13
260 271 13 13
260 272 13 13
260 278 13 13
261 276 13 13
261 277 13 13
261 278 13 13
261 266 13 13
262 278 13 13
262 275 13 13
262 268 13 13
262 276 13 13
263 270 13 13
263 268 13 13
263 271 13 13
263 272 13 13
284 282 14 14
284 281 14 14
284 280 14 14
284 283 14 14
285 281 14 14
285 280 14 14
285 284 14 14
285 282 14 14
286 285 14 14
286 280 14 14
286 281 14 14
286 284 14 14
287 280 14 14
287 286 14 14
287 284 14 14
287 282 14 14
288 286 14 14
288 287 14 14
288 282 14 14
288 283 14 14
289 280 14 14
289 287 14 14
289 283 14 14
289 285 14 14
290 284 14 14
290 282 14 14
290 281 14 14
290 285 14 14
291 281 14 14
291 283 14 14
291 280 14 14
291 289 14 14
292 291 14 14
292 280 14 14
292 290 14 14
292 287 14 14
293 285 14 14
293 287 14 14
293 282 14 14
293 289 14 14
294 283 14 14
294 287 14 14
294 292 14 14
294 291 14 14
295 280 14 14
295 289 14 14
295 281 14 14
295 288 14 14
296 285 14 14
296 290 14 14
296 288 14 14
296 293 14 14
297 282 14 14
297 284 14 14
297 280 14 14
297 288 14 14
298 294 14 14
298 292 14 14
298 291 14 14
298 280 14 14
299 290 14 14
299 281 14 14
299 298 14 14
299 285 14 14
280 290 14 14
280 299 14 14
280 296 14 14
280 293 14 14
281 288 14 14
281 289 14 14
281 287 14 14
281 297 14 14
282 299 14 14
282 295 14 14
282 289 14 14
282 294 14 14
283 292 14 14
283 299 14 14
283 287 14 14
283 296 14 14
304 300 15 15
304 302 15 15
304 303 15 15
304 301 15 15
305 301 15 15
305 302 15 15
305 304 15 15
305 303 15 15
306 304 15 15
306 300 15 15
306 301 15 15
306 302 15 15
307 302 15 15
307 304 15 15
307 306 15 15
307 303 15 15
308 305 15 15
308 301 15 15
308 306 15 15
308 300 15 15
309 301 15 15
309 305 15 15
309 304 15 15
309 308 15 15
310 307 15 15
310 306 15 15
310 302 15 15
310 301 15 15
311 308 15 15
311 306 15 15
311 305 15 15
311 309 15 15
312 303 15 15
312 301 15 15
312 311 15 15
312 308 15 15
313 300 15 15
313 311 15 15
313 306 15 15
313 305 15 15
314 301 15 15
314 311 15 15
314 303 15 15
314 300 15 15
315 307 15 15
315 310 15 15
315 303 15 15
315 304 15 15
316 309 15 15
316 300 15 15
316 313 15 15
316 306 15 15
317 306 15 15
317 301 15 15
317 309 15 15
317 305 15 15
318 300 15 15
318 316 15 15
318 301 15 15
318 309 15 15
319 310 15 15
319 308 15 15
319 300 15 15
319 302 15 15
300 310 15 15
300 311 15 15
300 307 15 15
300 315 15 15
301 316 15 15
301 307 15 15
301 313 15 15
301 319 15 15
302 317 15 15
302 308 15 15
302 315 15 15
302 309 15 15
303 319 15 15
303 310 15 15
303 317 15 15
303 313 15 15
86 50 4 2
95 4 4 0
90 67 4 3
86 37 4 1
116 13 5 0
106 20 5 1
101 51 5 2
114 94 5 4
138 43 6 2
133 5 6 0
120 84 6 4
133 104 6 5
157 70 7 3
155 8 7 0
147 129 7 6
142 93 7 4
160 113 8 5
178 35 8 1
173 86 8 4
168 3 8 0
184 139 9 6
189 114 9 5
194 7 9 0
193 46 9 2
200 166 10 8
215 37 10 1
204 145 10 7
214 195 10 9
237 74 11 3
230 11 11 0
239 80 11 4
234 157 11 7
252 164 12 8
244 121 12 6
252 148 12 7
253 97 12 4
275 46 13 2
277 183 13 9
274 176 13 8
260 23 13 1
290 223 14 11
290 38 14 1
284 81 14 4
291 186 14 9
311 245 15 12
308 128 15 6
317 78 15 3
310 224 15 11
19 276 0 13
14 285 0 14
5 301 0 15
4 214 0 10
36 181 1 9
27 121 1 6
38 300 1 15
24 220 1 11
41 252 2 12
57 200 2 10
51 165 2 8
42 295 2 14
63 205 3 10
77 139 3 6
78 282 3 14
70 116 3 5
