swNum = 320
edgeNum = 1344

0 0
1 0
2 0
3 0
4 0
5 0
6 0
7 0
8 0
9 0
10 0
11 0
12 0
13 0
14 0
15 0
16 0
17 0
18 0
19 0
20 1
21 1
22 1
23 1
24 1
25 1
26 1
27 1
28 1
29 1
30 1
31 1
32 1
33 1
34 1
35 1
36 1
37 1
38 1
39 1
40 2
41 2
42 2
43 2
44 2
45 2
46 2
47 2
48 2
49 2
50 2
51 2
52 2
53 2
54 2
55 2
56 2
57 2
58 2
59 2
60 3
61 3
62 3
63 3
64 3
65 3
66 3
67 3
68 3
69 3
70 3
71 3
72 3
73 3
74 3
75 3
76 3
77 3
78 3
79 3
80 4
81 4
82 4
83 4
84 4
85 4
86 4
87 4
88 4
89 4
90 4
91 4
92 4
93 4
94 4
95 4
96 4
97 4
98 4
99 4
100 5
101 5
102 5
103 5
104 5
105 5
106 5
107 5
108 5
109 5
110 5
111 5
112 5
113 5
114 5
115 5
116 5
117 5
118 5
119 5
120 6
121 6
122 6
123 6
124 6
125 6
126 6
127 6
128 6
129 6
130 6
131 6
132 6
133 6
134 6
135 6
136 6
137 6
138 6
139 6
140 7
141 7
142 7
143 7
144 7
145 7
146 7
147 7
148 7
149 7
150 7
151 7
152 7
153 7
154 7
155 7
156 7
157 7
158 7
159 7
160 8
161 8
162 8
163 8
164 8
165 8
166 8
167 8
168 8
169 8
170 8
171 8
172 8
173 8
174 8
175 8
176 8
177 8
178 8
179 8
180 9
181 9
182 9
183 9
184 9
185 9
186 9
187 9
188 9
189 9
190 9
191 9
192 9
193 9
194 9
195 9
196 9
197 9
198 9
199 9
200 10
201 10
202 10
203 10
204 10
205 10
206 10
207 10
208 10
209 10
210 10
211 10
212 10
213 10
214 10
215 10
216 10
217 10
218 10
219 10
220 11
221 11
222 11
223 11
224 11
225 11
226 11
227 11
228 11
229 11
230 11
231 11
232 11
233 11
234 11
235 11
236 11
237 11
238 11
239 11
240 12
241 12
242 12
243 12
244 12
245 12
246 12
247 12
248 12
249 12
250 12
251 12
252 12
253 12
254 12
255 12
256 12
257 12
258 12
259 12
260 13
261 13
262 13
263 13
264 13
265 13
266 13
267 13
268 13
269 13
270 13
271 13
272 13
273 13
274 13
275 13
276 13
277 13
278 13
279 13
280 14
281 14
282 14
283 14
284 14
285 14
286 14
287 14
288 14
289 14
290 14
291 14
292 14
293 14
294 14
295 14
296 14
297 14
298 14
299 14
300 15
301 15
302 15
303 15
304 15
305 15
306 15
307 15
308 15
309 15
310 15
311 15
312 15
313 15
314 15
315 15
316 15
317 15
318 15
319 15

4 3 0 0
4 0 0 0
4 2 0 0
4 1 0 0
5 3 0 0
5 1 0 0
5 0 0 0
5 4 0 0
6 1 0 0
6 5 0 0
6 3 0 0
6 0 0 0
7 0 0 0
7 4 0 0
7 3 0 0
7 5 0 0
8 4 0 0
8 7 0 0
8 2 0 0
8 5 0 0
9 6 0 0
9 7 0 0
9 2 0 0
9 3 0 0
10 6 0 0
10 9 0 0
10 4 0 0
10 2 0 0
11 4 0 0
11 10 0 0
11 3 0 0
11 0 0 0
12 1 0 0
12 7 0 0
12 9 0 0
12 6 0 0
13 6 0 0
13 0 0 0
13 7 0 0
13 3 0 0
14 4 0 0
14 10 0 0
14 1 0 0
14 8 0 0
15 11 0 0
15 0 0 0
15 5 0 0
15 3 0 0
16 4 0 0
16 11 0 0
16 3 0 0
16 9 0 0
17 3 0 0
17 13 0 0
17 11 0 0
17 12 0 0
18 4 0 0
18 7 0 0
18 14 0 0
18 16 0 0
19 10 0 0
19 1 0 0
19 15 0 0
19 0 0 0
0 9 0 0
0 10 0 0
0 17 0 0
0 16 0 0
1 18 0 0
1 13 0 0
1 15 0 0
1 17 0 0
2 16 0 0
2 17 0 0
2 18 0 0
2 14 0 0
3 8 0 0
3 19 0 0
3 10 0 0
3 12 0 0
24 21 1 1
24 20 1 1
24 22 1 1
24 23 1 1
25 24 1 1
25 21 1 1
25 22 1 1
25 23 1 1
26 21 1 1
26 22 1 1
26 20 1 1
26 25 1 1
27 22 1 1
27 20 1 1
27 26 1 1
27 23 1 1
28 20 1 1
28 21 1 1
28 27 1 1
28 26 1 1
29 26 1 1
29 21 1 1
29 28 1 1
29 27 1 1
30 25 1 1
30 22 1 1
30 24 1 1
30 20 1 1
31 29 1 1
31 30 1 1
31 22 1 1
31 25 1 1
32 26 1 1
32 20 1 1
32 27 1 1
32 23 1 1
33 20 1 1
33 29 1 1
33 30 1 1
33 22 1 1
34 33 1 1
34 32 1 1
34 30 1 1
34 24 1 1
35 21 1 1
35 20 1 1
35 25 1 1
35 24 1 1
36 26 1 1
36 32 1 1
36 30 1 1
36 20 1 1
37 25 1 1
37 22 1 1
37 26 1 1
37 34 1 1
38 23 1 1
38 20 1 1
38 37 1 1
38 30 1 1
39 21 1 1
39 24 1 1
39 30 1 1
39 38 1 1
20 34 1 1
20 25 1 1
20 31 1 1
20 37 1 1
21 30 1 1
21 38 1 1
21 34 1 1
21 36 1 1
22 32 1 1
22 34 1 1
22 38 1 1
22 35 1 1
23 36 1 1
23 34 1 1
23 31 1 1
23 37 1 1
44 40 2 2
44 43 2 2
44 41 2 2
44 42 2 2
45 44 2 2
45 43 2 2
45 40 2 2
45 42 2 2
46 43 2 2
46 41 2 2
46 40 2 2
46 45 2 2
47 42 2 2
47 44 2 2
47 43 2 2
47 41 2 2
48 44 2 2
48 45 2 2
48 42 2 2
48 43 2 2
49 42 2 2
49 43 2 2
49 48 2 2
49 45 2 2
50 44 2 2
50 46 2 2
50 41 2 2
50 49 2 2
51 44 2 2
51 43 2 2
51 46 2 2
51 41 2 2
52 46 2 2
52 49 2 2
52 50 2 2
52 44 2 2
53 47 2 2
53 51 2 2
53 52 2 2
53 48 2 2
54 46 2 2
54 52 2 2
54 40 2 2
54 41 2 2
55 43 2 2
55 53 2 2
55 48 2 2
55 44 2 2
56 53 2 2
56 41 2 2
56 43 2 2
56 54 2 2
57 56 2 2
57 45 2 2
57 49 2 2
57 48 2 2
58 48 2 2
58 54 2 2
58 40 2 2
58 53 2 2
59 54 2 2
59 52 2 2
59 42 2 2
59 48 2 2
40 50 2 2
40 52 2 2
40 53 2 2
40 48 2 2
41 48 2 2
41 45 2 2
41 53 2 2
41 49 2 2
42 51 2 2
42 53 2 2
42 57 2 2
42 54 2 2
43 58 2 2
43 52 2 2
43 53 2 2
43 54 2 2
64 60 3 3
64 63 3 3
64 61 3 3
64 62 3 3
65 62 3 3
65 61 3 3
65 60 3 3
65 64 3 3
66 61 3 3
66 65 3 3
66 64 3 3
66 63 3 3
67 62 3 3
67 61 3 3
67 60 3 3
67 64 3 3
68 60 3 3
68 65 3 3
68 63 3 3
68 64 3 3
69 65 3 3
69 67 3 3
69 62 3 3
69 60 3 3
70 61 3 3
70 60 3 3
70 63 3 3
70 67 3 3
71 62 3 3
71 66 3 3
71 67 3 3
71 69 3 3
72 65 3 3
72 64 3 3
72 60 3 3
72 70 3 3
73 61 3 3
73 65 3 3
73 70 3 3
73 72 3 3
74 68 3 3
74 71 3 3
74 63 3 3
74 60 3 3
75 65 3 3
75 68 3 3
75 74 3 3
75 72 3 3
76 69 3 3
76 60 3 3
76 75 3 3
76 74 3 3
77 65 3 3
77 60 3 3
77 71 3 3
77 72 3 3
78 63 3 3
78 68 3 3
78 74 3 3
78 64 3 3
79 64 3 3
79 68 3 3
79 65 3 3
79 74 3 3
60 79 3 3
60 78 3 3
60 75 3 3
60 66 3 3
61 79 3 3
61 78 3 3
61 77 3 3
61 72 3 3
62 77 3 3
62 75 3 3
62 66 3 3
62 76 3 3
63 79 3 3
63 75 3 3
63 73 3 3
63 69 3 3
84 80 4 4
84 82 4 4
84 81 4 4
84 83 4 4
85 80 4 4
85 84 4 4
85 81 4 4
85 83 4 4
86 80 4 4
86 83 4 4
86 84 4 4
86 82 4 4
87 85 4 4
87 80 4 4
87 82 4 4
87 81 4 4
88 86 4 4
88 83 4 4
88 81 4 4
88 82 4 4
89 85 4 4
89 83 4 4
89 84 4 4
89 80 4 4
90 88 4 4
90 84 4 4
90 83 4 4
90 80 4 4
91 80 4 4
91 89 4 4
91 81 4 4
91 90 4 4
92 83 4 4
92 90 4 4
92 87 4 4
92 89 4 4
93 81 4 4
93 80 4 4
93 88 4 4
93 83 4 4
94 88 4 4
94 81 4 4
94 93 4 4
94 89 4 4
95 89 4 4
95 85 4 4
95 91 4 4
95 87 4 4
96 88 4 4
96 82 4 4
96 81 4 4
96 94 4 4
97 80 4 4
97 81 4 4
97 90 4 4
97 93 4 4
98 94 4 4
98 85 4 4
98 90 4 4
98 84 4 4
99 86 4 4
99 89 4 4
99 84 4 4
99 90 4 4
80 98 4 4
80 95 4 4
80 94 4 4
80 92 4 4
81 86 4 4
81 99 4 4
81 95 4 4
81 89 4 4
82 99 4 4
82 94 4 4
82 97 4 4
82 93 4 4
83 98 4 4
83 97 4 4
83 99 4 4
83 91 4 4
104 101 5 5
104 102 5 5
104 100 5 5
104 103 5 5
105 102 5 5
105 104 5 5
105 100 5 5
105 101 5 5
106 100 5 5
106 102 5 5
106 101 5 5
106 103 5 5
107 101 5 5
107 103 5 5
107 106 5 5
107 100 5 5
108 104 5 5
108 102 5 5
108 105 5 5
108 107 5 5
109 100 5 5
109 103 5 5
109 102 5 5
109 107 5 5
110 102 5 5
110 103 5 5
110 105 5 5
110 108 5 5
111 104 5 5
111 102 5 5
111 107 5 5
111 109 5 5
112 102 5 5
112 100 5 5
112 105 5 5
112 107 5 5
113 101 5 5
113 105 5 5
113 102 5 5
113 100 5 5
114 103 5 5
114 111 5 5
114 106 5 5
114 107 5 5
115 100 5 5
115 103 5 5
115 109 5 5
115 113 5 5
116 101 5 5
116 115 5 5
116 104 5 5
116 103 5 5
117 116 5 5
117 102 5 5
117 108 5 5
117 106 5 5
118 109 5 5
118 115 5 5
118 106 5 5
118 114 5 5
119 103 5 5
119 115 5 5
119 104 5 5
119 116 5 5
100 116 5 5
100 118 5 5
100 117 5 5
100 119 5 5
101 118 5 5
101 111 5 5
101 109 5 5
101 110 5 5
102 115 5 5
102 107 5 5
102 118 5 5
102 114 5 5
103 117 5 5
103 118 5 5
103 111 5 5
103 113 5 5
124 123 6 6
124 122 6 6
124 121 6 6
124 120 6 6
125 120 6 6
125 124 6 6
125 123 6 6
125 121 6 6
126 120 6 6
126 122 6 6
126 123 6 6
126 121 6 6
127 124 6 6
127 122 6 6
127 125 6 6
127 123 6 6
128 120 6 6
128 124 6 6
128 121 6 6
128 122 6 6
129 123 6 6
129 125 6 6
129 122 6 6
129 121 6 6
130 121 6 6
130 126 6 6
130 122 6 6
130 129 6 6
131 124 6 6
131 128 6 6
131 120 6 6
131 129 6 6
132 122 6 6
132 129 6 6
132 125 6 6
132 127 6 6
133 122 6 6
133 121 6 6
133 120 6 6
133 129 6 6
134 122 6 6
134 130 6 6
134 120 6 6
134 121 6 6
135 123 6 6
135 131 6 6
135 133 6 6
135 124 6 6
136 133 6 6
136 122 6 6
136 130 6 6
136 132 6 6
137 128 6 6
137 131 6 6
137 126 6 6
137 127 6 6
138 127 6 6
138 124 6 6
138 126 6 6
138 129 6 6
139 134 6 6
139 129 6 6
139 124 6 6
139 121 6 6
120 127 6 6
120 138 6 6
120 135 6 6
120 129 6 6
121 136 6 6
121 138 6 6
121 132 6 6
121 131 6 6
122 131 6 6
122 135 6 6
122 139 6 6
122 138 6 6
123 128 6 6
123 131 6 6
123 138 6 6
123 130 6 6
144 140 7 7
144 142 7 7
144 141 7 7
144 143 7 7
145 140 7 7
145 143 7 7
145 141 7 7
145 144 7 7
146 144 7 7
146 142 7 7
146 141 7 7
146 145 7 7
147 143 7 7
147 141 7 7
147 145 7 7
147 140 7 7
148 142 7 7
148 145 7 7
148 140 7 7
148 144 7 7
149 146 7 7
149 145 7 7
149 141 7 7
149 144 7 7
150 148 7 7
150 144 7 7
150 142 7 7
150 146 7 7
151 141 7 7
151 143 7 7
151 142 7 7
151 140 7 7
152 146 7 7
152 147 7 7
152 145 7 7
152 150 7 7
153 143 7 7
153 148 7 7
153 147 7 7
153 144 7 7
154 153 7 7
154 140 7 7
154 141 7 7
154 143 7 7
155 144 7 7
155 151 7 7
155 142 7 7
155 154 7 7
156 143 7 7
156 153 7 7
156 147 7 7
156 142 7 7
157 147 7 7
157 152 7 7
157 156 7 7
157 153 7 7
158 143 7 7
158 142 7 7
158 144 7 7
158 150 7 7
159 144 7 7
159 150 7 7
159 148 7 7
159 141 7 7
140 150 7 7
140 153 7 7
140 158 7 7
140 146 7 7
141 157 7 7
141 148 7 7
141 155 7 7
141 158 7 7
142 149 7 7
142 153 7 7
142 154 7 7
142 159 7 7
143 159 7 7
143 150 7 7
143 152 7 7
143 157 7 7
164 163 8 8
164 161 8 8
164 162 8 8
164 160 8 8
165 160 8 8
165 162 8 8
165 164 8 8
165 161 8 8
166 162 8 8
166 161 8 8
166 165 8 8
166 163 8 8
167 163 8 8
167 160 8 8
167 164 8 8
167 165 8 8
168 161 8 8
168 163 8 8
168 164 8 8
168 166 8 8
169 166 8 8
169 164 8 8
169 168 8 8
169 162 8 8
170 160 8 8
170 161 8 8
170 166 8 8
170 169 8 8
171 166 8 8
171 167 8 8
171 168 8 8
171 163 8 8
172 162 8 8
172 165 8 8
172 164 8 8
172 170 8 8
173 172 8 8
173 170 8 8
173 171 8 8
173 169 8 8
174 167 8 8
174 173 8 8
174 163 8 8
174 168 8 8
175 167 8 8
175 164 8 8
175 170 8 8
175 173 8 8
176 170 8 8
176 172 8 8
176 162 8 8
176 165 8 8
177 167 8 8
177 163 8 8
177 168 8 8
177 175 8 8
178 167 8 8
178 163 8 8
178 165 8 8
178 171 8 8
179 163 8 8
179 168 8 8
179 165 8 8
179 162 8 8
160 166 8 8
160 177 8 8
160 171 8 8
160 179 8 8
161 174 8 8
161 171 8 8
161 176 8 8
161 167 8 8
162 171 8 8
162 168 8 8
162 170 8 8
162 178 8 8
163 175 8 8
163 172 8 8
163 165 8 8
163 173 8 8
184 180 9 9
184 183 9 9
184 182 9 9
184 181 9 9
185 184 9 9
185 183 9 9
185 182 9 9
185 180 9 9
186 185 9 9
186 181 9 9
186 180 9 9
186 184 9 9
187 184 9 9
187 183 9 9
187 186 9 9
187 185 9 9
188 186 9 9
188 181 9 9
188 180 9 9
188 183 9 9
189 180 9 9
189 184 9 9
189 188 9 9
189 183 9 9
190 183 9 9
190 185 9 9
190 180 9 9
190 187 9 9
191 185 9 9
191 190 9 9
191 187 9 9
191 186 9 9
192 182 9 9
192 181 9 9
192 184 9 9
192 191 9 9
193 188 9 9
193 186 9 9
193 192 9 9
193 189 9 9
194 180 9 9
194 189 9 9
194 192 9 9
194 181 9 9
195 181 9 9
195 180 9 9
195 189 9 9
195 190 9 9
196 185 9 9
196 191 9 9
196 190 9 9
196 193 9 9
197 181 9 9
197 185 9 9
197 193 9 9
197 189 9 9
198 197 9 9
198 180 9 9
198 190 9 9
198 183 9 9
199 197 9 9
199 182 9 9
199 188 9 9
199 184 9 9
180 192 9 9
180 197 9 9
180 199 9 9
180 187 9 9
181 198 9 9
181 199 9 9
181 190 9 9
181 187 9 9
182 197 9 9
182 194 9 9
182 198 9 9
182 188 9 9
183 193 9 9
183 192 9 9
183 197 9 9
183 196 9 9
204 203 10 10
204 202 10 10
204 200 10 10
204 201 10 10
205 204 10 10
205 202 10 10
205 203 10 10
205 201 10 10
206 202 10 10
206 203 10 10
206 204 10 10
206 205 10 10
207 200 10 10
207 206 10 10
207 204 10 10
207 202 10 10
208 206 10 10
208 203 10 10
208 201 10 10
208 200 10 10
209 200 10 10
209 202 10 10
209 205 10 10
209 207 10 10
210 200 10 10
210 209 10 10
210 201 10 10
210 202 10 10
211 204 10 10
211 209 10 10
211 210 10 10
211 207 10 10
212 204 10 10
212 201 10 10
212 207 10 10
212 202 10 10
213 206 10 10
213 210 10 10
213 203 10 10
213 201 10 10
214 207 10 10
214 208 10 10
214 206 10 10
214 212 10 10
215 213 10 10
215 205 10 10
215 212 10 10
215 206 10 10
216 214 10 10
216 203 10 10
216 212 10 10
216 210 10 10
217 216 10 10
217 209 10 10
217 206 10 10
217 205 10 10
218 210 10 10
218 209 10 10
218 206 10 10
218 214 10 10
219 212 10 10
219 208 10 10
219 207 10 10
219 205 10 10
200 218 10 10
200 219 10 10
200 213 10 10
200 217 10 10
201 215 10 10
201 216 10 10
201 218 10 10
201 206 10 10
202 219 10 10
202 216 10 10
202 217 10 10
202 213 10 10
203 210 10 10
203 217 10 10
203 215 10 10
203 218 10 10
224 222 11 11
224 221 11 11
224 220 11 11
224 223 11 11
225 220 11 11
225 222 11 11
225 223 11 11
225 221 11 11
226 222 11 11
226 223 11 11
226 220 11 11
226 221 11 11
227 222 11 11
227 220 11 11
227 224 11 11
227 221 11 11
228 224 11 11
228 220 11 11
228 227 11 11
228 221 11 11
229 222 11 11
229 223 11 11
229 220 11 11
229 225 11 11
230 225 11 11
230 229 11 11
230 223 11 11
230 221 11 11
231 221 11 11
231 226 11 11
231 224 11 11
231 227 11 11
232 226 11 11
232 221 11 11
232 224 11 11
232 229 11 11
233 232 11 11
233 222 11 11
233 231 11 11
233 221 11 11
234 229 11 11
234 226 11 11
234 220 11 11
234 233 11 11
235 228 11 11
235 233 11 11
235 221 11 11
235 232 11 11
236 224 11 11
236 233 11 11
236 232 11 11
236 227 11 11
237 232 11 11
237 236 11 11
237 224 11 11
237 231 11 11
238 230 11 11
238 224 11 11
238 233 11 11
238 237 11 11
239 221 11 11
239 232 11 11
239 220 11 11
239 237 11 11
220 232 11 11
220 230 11 11
220 235 11 11
220 237 11 11
221 237 11 11
221 236 11 11
221 234 11 11
221 229 11 11
222 232 11 11
222 239 11 11
222 231 11 11
222 230 11 11
223 233 11 11
223 239 11 11
223 227 11 11
223 231 11 11
244 241 12 12
244 240 12 12
244 243 12 12
244 242 12 12
245 244 12 12
245 243 12 12
245 241 12 12
245 240 12 12
246 243 12 12
246 245 12 12
246 244 12 12
246 240 12 12
247 242 12 12
247 244 12 12
247 243 12 12
247 241 12 12
248 243 12 12
248 247 12 12
248 242 12 12
248 245 12 12
249 242 12 12
249 248 12 12
249 247 12 12
249 245 12 12
250 242 12 12
250 249 12 12
250 248 12 12
250 241 12 12
251 249 12 12
251 246 12 12
251 241 12 12
251 245 12 12
252 251 12 12
252 247 12 12
252 248 12 12
252 241 12 12
253 241 12 12
253 244 12 12
253 248 12 12
253 245 12 12
254 250 12 12
254 242 12 12
254 247 12 12
254 253 12 12
255 243 12 12
255 246 12 12
255 244 12 12
255 245 12 12
256 244 12 12
256 241 12 12
256 253 12 12
256 251 12 12
257 243 12 12
257 246 12 12
257 245 12 12
257 255 12 12
258 256 12 12
258 249 12 12
258 248 12 12
258 241 12 12
259 241 12 12
259 254 12 12
259 253 12 12
259 246 12 12
240 247 12 12
240 256 12 12
240 258 12 12
240 248 12 12
241 249 12 12
241 248 12 12
241 254 12 12
241 255 12 12
242 259 12 12
242 245 12 12
242 246 12 12
242 253 12 12
243 258 12 12
243 253 12 12
243 250 12 12
243 259 12 12
264 262 13 13
264 263 13 13
264 261 13 13
264 260 13 13
265 261 13 13
265 263 13 13
265 260 13 13
265 262 13 13
266 260 13 13
266 261 13 13
266 263 13 13
266 264 13 13
267 264 13 13
267 262 13 13
267 266 13 13
267 263 13 13
268 260 13 13
268 266 13 13
268 263 13 13
268 265 13 13
269 268 13 13
269 263 13 13
269 267 13 13
269 261 13 13
270 264 13 13
270 265 13 13
270 266 13 13
270 261 13 13
271 262 13 13
271 266 13 13
271 265 13 13
271 264 13 13
272 265 13 13
272 262 13 13
272 270 13 13
272 260 13 13
273 270 13 13
273 260 13 13
273 272 13 13
273 267 13 13
274 272 13 13
274 270 13 13
274 273 13 13
274 266 13 13
275 269 13 13
275 263 13 13
275 260 13 13
275 268 13 13
276 274 13 13
276 266 13 13
276 273 13 13
276 268 13 13
277 265 13 13
277 274 13 13
277 263 13 13
277 269 13 13
278 272 13 13
278 267 13 13
278 264 13 13
278 266 13 13
279 269 13 13
279 277 13 13
279 263 13 13
279 270 13 13
260 276 13 13
260 270 13 13
260 278 13 13
260 274 13 13
261 267 13 13
261 274 13 13
261 268 13 13
261 271 13 13
262 275 13 13
262 266 13 13
262 268 13 13
262 273 13 13
263 272 13 13
263 274 13 13
263 271 13 13
263 278 13 13
284 282 14 14
284 281 14 14
284 283 14 14
284 280 14 14
285 280 14 14
285 284 14 14
285 281 14 14
285 282 14 14
286 281 14 14
286 280 14 14
286 285 14 14
286 283 14 14
287 286 14 14
287 281 14 14
287 282 14 14
287 284 14 14
288 284 14 14
288 280 14 14
288 283 14 14
288 287 14 14
289 281 14 14
289 282 14 14
289 280 14 14
289 286 14 14
290 283 14 14
290 281 14 14
290 282 14 14
290 288 14 14
291 284 14 14
291 289 14 14
291 281 14 14
291 286 14 14
292 289 14 14
292 290 14 14
292 284 14 14
292 288 14 14
293 285 14 14
293 292 14 14
293 288 14 14
293 283 14 14
294 292 14 14
294 284 14 14
294 280 14 14
294 283 14 14
295 287 14 14
295 282 14 14
295 290 14 14
295 281 14 14
296 288 14 14
296 284 14 14
296 281 14 14
296 280 14 14
297 294 14 14
297 283 14 14
297 288 14 14
297 293 14 14
298 281 14 14
298 285 14 14
298 295 14 14
298 292 14 14
299 293 14 14
299 290 14 14
299 281 14 14
299 296 14 14
280 293 14 14
280 291 14 14
280 298 14 14
280 297 14 14
281 292 14 14
281 293 14 14
281 294 14 14
281 288 14 14
282 297 14 14
282 296 14 14
282 286 14 14
282 291 14 14
283 298 14 14
283 285 14 14
283 292 14 14
283 296 14 14
304 302 15 15
304 301 15 15
304 300 15 15
304 303 15 15
305 304 15 15
305 300 15 15
305 303 15 15
305 302 15 15
306 305 15 15
306 303 15 15
306 304 15 15
306 300 15 15
307 303 15 15
307 301 15 15
307 302 15 15
307 300 15 15
308 306 15 15
308 302 15 15
308 305 15 15
308 304 15 15
309 308 15 15
309 300 15 15
309 302 15 15
309 301 15 15
310 308 15 15
310 306 15 15
310 305 15 15
310 304 15 15
311 310 15 15
311 303 15 15
311 308 15 15
311 302 15 15
312 310 15 15
312 305 15 15
312 306 15 15
312 311 15 15
313 311 15 15
313 300 15 15
313 308 15 15
313 301 15 15
314 311 15 15
314 307 15 15
314 301 15 15
314 303 15 15
315 309 15 15
315 308 15 15
315 303 15 15
315 300 15 15
316 303 15 15
316 307 15 15
316 308 15 15
316 305 15 15
317 314 15 15
317 311 15 15
317 306 15 15
317 316 15 15
318 307 15 15
318 303 15 15
318 317 15 15
318 308 15 15
319 317 15 15
319 308 15 15
319 310 15 15
319 311 15 15
300 318 15 15
300 317 15 15
300 319 15 15
300 311 15 15
301 318 15 15
301 315 15 15
301 308 15 15
301 311 15 15
302 313 15 15
302 316 15 15
302 314 15 15
302 317 15 15
303 313 15 15
303 317 15 15
303 309 15 15
303 310 15 15
95 11 4 0
93 40 4 2
98 29 4 1
88 78 4 3
114 60 5 3
106 28 5 1
115 48 5 2
111 6 5 0
129 19 6 0
134 69 6 3
131 29 6 1
127 112 6 5
153 38 7 1
155 63 7 3
144 100 7 5
158 122 7 6
179 120 8 6
173 21 8 1
164 159 8 7
174 69 8 3
195 177 9 8
183 108 9 5
190 145 9 7
195 36 9 1
214 196 10 9
205 0 10 0
210 85 10 4
206 161 10 8
236 191 11 9
226 126 11 6
227 25 11 1
221 218 11 10
240 171 12 8
240 106 12 5
250 125 12 6
250 71 12 3
269 129 13 6
263 146 13 7
265 11 13 0
266 218 13 10
281 76 14 3
289 247 14 12
285 29 14 1
288 176 14 8
314 152 15 7
313 271 15 13
319 248 15 12
302 288 15 14
14 288 0 14
16 220 0 11
6 317 0 15
5 177 0 8
33 254 1 12
22 306 1 15
24 277 1 13
24 219 1 10
52 232 2 11
42 189 2 9
54 142 2 7
57 312 2 15
72 200 3 10
78 302 3 15
73 225 3 11
62 195 3 9
