swNum = 320
edgeNum = 1343

0 0
1 0
2 0
3 0
4 0
5 0
6 0
7 0
8 0
9 0
10 0
11 0
12 0
13 0
14 0
15 0
16 0
17 0
18 0
19 0
20 1
21 1
22 1
23 1
24 1
25 1
26 1
27 1
28 1
29 1
30 1
31 1
32 1
33 1
34 1
35 1
36 1
37 1
38 1
39 1
40 2
41 2
42 2
43 2
44 2
45 2
46 2
47 2
48 2
49 2
50 2
51 2
52 2
53 2
54 2
55 2
56 2
57 2
58 2
59 2
60 3
61 3
62 3
63 3
64 3
65 3
66 3
67 3
68 3
69 3
70 3
71 3
72 3
73 3
74 3
75 3
76 3
77 3
78 3
79 3
80 4
81 4
82 4
83 4
84 4
85 4
86 4
87 4
88 4
89 4
90 4
91 4
92 4
93 4
94 4
95 4
96 4
97 4
98 4
99 4
100 5
101 5
102 5
103 5
104 5
105 5
106 5
107 5
108 5
109 5
110 5
111 5
112 5
113 5
114 5
115 5
116 5
117 5
118 5
119 5
120 6
121 6
122 6
123 6
124 6
125 6
126 6
127 6
128 6
129 6
130 6
131 6
132 6
133 6
134 6
135 6
136 6
137 6
138 6
139 6
140 7
141 7
142 7
143 7
144 7
145 7
146 7
147 7
148 7
149 7
150 7
151 7
152 7
153 7
154 7
155 7
156 7
157 7
158 7
159 7
160 8
161 8
162 8
163 8
164 8
165 8
166 8
167 8
168 8
169 8
170 8
171 8
172 8
173 8
174 8
175 8
176 8
177 8
178 8
179 8
180 9
181 9
182 9
183 9
184 9
185 9
186 9
187 9
188 9
189 9
190 9
191 9
192 9
193 9
194 9
195 9
196 9
197 9
198 9
199 9
200 10
201 10
202 10
203 10
204 10
205 10
206 10
207 10
208 10
209 10
210 10
211 10
212 10
213 10
214 10
215 10
216 10
217 10
218 10
219 10
220 11
221 11
222 11
223 11
224 11
225 11
226 11
227 11
228 11
229 11
230 11
231 11
232 11
233 11
234 11
235 11
236 11
237 11
238 11
239 11
240 12
241 12
242 12
243 12
244 12
245 12
246 12
247 12
248 12
249 12
250 12
251 12
252 12
253 12
254 12
255 12
256 12
257 12
258 12
259 12
260 13
261 13
262 13
263 13
264 13
265 13
266 13
267 13
268 13
269 13
270 13
271 13
272 13
273 13
274 13
275 13
276 13
277 13
278 13
279 13
280 14
281 14
282 14
283 14
284 14
285 14
286 14
287 14
288 14
289 14
290 14
291 14
292 14
293 14
294 14
295 14
296 14
297 14
298 14
299 14
300 15
301 15
302 15
303 15
304 15
305 15
306 15
307 15
308 15
309 15
310 15
311 15
312 15
313 15
314 15
315 15
316 15
317 15
318 15
319 15

4 3 0 0
4 1 0 0
4 2 0 0
4 0 0 0
5 3 0 0
5 1 0 0
5 2 0 0
5 4 0 0
6 0 0 0
6 1 0 0
6 5 0 0
6 2 0 0
7 5 0 0
7 2 0 0
7 4 0 0
7 1 0 0
8 5 0 0
8 1 0 0
8 4 0 0
8 0 0 0
9 3 0 0
9 4 0 0
9 6 0 0
9 5 0 0
10 4 0 0
10 2 0 0
10 0 0 0
10 5 0 0
11 2 0 0
11 1 0 0
11 10 0 0
11 3 0 0
12 0 0 0
12 9 0 0
12 4 0 0
12 1 0 0
13 12 0 0
13 0 0 0
13 3 0 0
13 10 0 0
14 4 0 0
14 10 0 0
14 2 0 0
14 8 0 0
15 10 0 0
15 0 0 0
15 13 0 0
15 3 0 0
16 6 0 0
16 1 0 0
16 0 0 0
16 15 0 0
17 13 0 0
17 0 0 0
17 5 0 0
17 14 0 0
18 11 0 0
18 5 0 0
18 4 0 0
18 12 0 0
19 18 0 0
19 2 0 0
19 9 0 0
19 16 0 0
0 18 0 0
0 9 0 0
0 11 0 0
0 7 0 0
1 17 0 0
1 19 0 0
1 13 0 0
1 14 0 0
2 15 0 0
2 18 0 0
2 8 0 0
2 13 0 0
3 7 0 0
3 18 0 0
3 12 0 0
3 10 0 0
24 21 1 1
24 22 1 1
24 20 1 1
24 23 1 1
25 24 1 1
25 23 1 1
25 22 1 1
25 20 1 1
26 22 1 1
26 20 1 1
26 23 1 1
26 24 1 1
27 25 1 1
27 24 1 1
27 22 1 1
27 20 1 1
28 26 1 1
28 22 1 1
28 24 1 1
28 21 1 1
29 23 1 1
29 28 1 1
29 21 1 1
29 22 1 1
30 21 1 1
30 24 1 1
30 28 1 1
30 27 1 1
31 27 1 1
31 23 1 1
31 25 1 1
31 20 1 1
32 31 1 1
32 22 1 1
32 29 1 1
32 30 1 1
33 27 1 1
33 31 1 1
33 30 1 1
33 20 1 1
34 20 1 1
34 27 1 1
34 30 1 1
34 23 1 1
35 34 1 1
35 21 1 1
35 31 1 1
35 22 1 1
36 29 1 1
36 21 1 1
36 31 1 1
36 22 1 1
37 29 1 1
37 31 1 1
37 35 1 1
37 36 1 1
38 37 1 1
38 21 1 1
38 20 1 1
38 25 1 1
39 29 1 1
39 37 1 1
39 32 1 1
39 33 1 1
20 30 1 1
20 28 1 1
20 37 1 1
20 35 1 1
21 39 1 1
21 27 1 1
21 26 1 1
21 34 1 1
22 34 1 1
22 38 1 1
22 30 1 1
22 39 1 1
23 27 1 1
23 36 1 1
23 33 1 1
23 39 1 1
44 42 2 2
44 40 2 2
44 41 2 2
44 43 2 2
45 42 2 2
45 41 2 2
45 40 2 2
45 43 2 2
46 40 2 2
46 41 2 2
46 42 2 2
46 45 2 2
47 43 2 2
47 41 2 2
47 42 2 2
47 40 2 2
48 41 2 2
48 43 2 2
48 46 2 2
48 42 2 2
49 46 2 2
49 41 2 2
49 47 2 2
49 48 2 2
50 48 2 2
50 49 2 2
50 41 2 2
50 47 2 2
51 41 2 2
51 50 2 2
51 45 2 2
51 46 2 2
52 51 2 2
52 49 2 2
52 47 2 2
52 42 2 2
53 48 2 2
53 49 2 2
53 52 2 2
53 47 2 2
54 51 2 2
54 52 2 2
54 43 2 2
54 49 2 2
55 41 2 2
55 47 2 2
55 49 2 2
55 48 2 2
56 48 2 2
56 50 2 2
56 55 2 2
56 49 2 2
57 55 2 2
57 49 2 2
57 50 2 2
57 48 2 2
58 40 2 2
58 46 2 2
58 41 2 2
58 48 2 2
59 50 2 2
59 43 2 2
59 40 2 2
59 41 2 2
40 57 2 2
40 56 2 2
40 48 2 2
40 50 2 2
41 54 2 2
41 56 2 2
41 53 2 2
41 57 2 2
42 56 2 2
42 59 2 2
42 58 2 2
42 49 2 2
43 58 2 2
43 49 2 2
43 50 2 2
43 55 2 2
64 60 3 3
64 61 3 3
64 63 3 3
64 62 3 3
65 60 3 3
65 62 3 3
65 61 3 3
65 63 3 3
66 64 3 3
66 65 3 3
66 63 3 3
66 60 3 3
67 66 3 3
67 64 3 3
67 65 3 3
67 63 3 3
68 63 3 3
68 64 3 3
68 65 3 3
68 66 3 3
69 62 3 3
69 65 3 3
69 60 3 3
69 68 3 3
70 63 3 3
70 60 3 3
70 65 3 3
70 66 3 3
71 70 3 3
71 68 3 3
71 67 3 3
71 60 3 3
72 60 3 3
72 65 3 3
72 64 3 3
72 63 3 3
73 65 3 3
73 70 3 3
73 60 3 3
73 61 3 3
74 68 3 3
74 60 3 3
74 70 3 3
74 63 3 3
75 60 3 3
75 61 3 3
75 65 3 3
75 74 3 3
76 61 3 3
76 75 3 3
76 73 3 3
76 62 3 3
77 72 3 3
77 73 3 3
77 65 3 3
77 71 3 3
78 76 3 3
78 70 3 3
78 68 3 3
78 72 3 3
79 69 3 3
79 70 3 3
79 73 3 3
79 72 3 3
60 77 3 3
60 78 3 3
60 76 3 3
60 79 3 3
61 70 3 3
61 79 3 3
61 66 3 3
61 72 3 3
62 72 3 3
62 78 3 3
62 74 3 3
62 68 3 3
63 77 3 3
63 69 3 3
63 78 3 3
63 75 3 3
84 80 4 4
84 82 4 4
84 83 4 4
84 81 4 4
85 81 4 4
85 83 4 4
85 82 4 4
85 80 4 4
86 85 4 4
86 80 4 4
86 81 4 4
86 82 4 4
87 80 4 4
87 82 4 4
87 86 4 4
87 85 4 4
88 86 4 4
88 81 4 4
88 85 4 4
88 82 4 4
89 88 4 4
89 87 4 4
89 80 4 4
89 84 4 4
90 88 4 4
90 84 4 4
90 89 4 4
90 83 4 4
91 83 4 4
91 85 4 4
91 82 4 4
91 86 4 4
92 87 4 4
92 88 4 4
92 81 4 4
92 89 4 4
93 80 4 4
93 87 4 4
93 90 4 4
93 83 4 4
94 83 4 4
94 88 4 4
94 86 4 4
94 93 4 4
95 83 4 4
95 89 4 4
95 84 4 4
95 91 4 4
96 86 4 4
96 88 4 4
96 82 4 4
96 91 4 4
97 93 4 4
97 92 4 4
97 82 4 4
97 90 4 4
98 94 4 4
98 80 4 4
98 97 4 4
98 88 4 4
99 87 4 4
99 92 4 4
99 80 4 4
99 86 4 4
80 94 4 4
80 92 4 4
80 90 4 4
80 95 4 4
81 87 4 4
81 91 4 4
81 94 4 4
81 97 4 4
82 99 4 4
82 95 4 4
82 92 4 4
82 98 4 4
83 97 4 4
83 88 4 4
83 89 4 4
83 96 4 4
104 102 5 5
104 101 5 5
104 100 5 5
104 103 5 5
105 102 5 5
105 101 5 5
105 100 5 5
105 104 5 5
106 102 5 5
106 101 5 5
106 104 5 5
106 105 5 5
107 103 5 5
107 102 5 5
107 100 5 5
107 101 5 5
108 102 5 5
108 100 5 5
108 107 5 5
108 105 5 5
109 106 5 5
109 103 5 5
109 101 5 5
109 102 5 5
110 101 5 5
110 108 5 5
110 103 5 5
110 102 5 5
111 100 5 5
111 110 5 5
111 108 5 5
111 102 5 5
112 105 5 5
112 106 5 5
112 103 5 5
112 111 5 5
113 111 5 5
113 108 5 5
113 105 5 5
113 109 5 5
114 101 5 5
114 108 5 5
114 113 5 5
114 100 5 5
115 111 5 5
115 100 5 5
115 114 5 5
115 113 5 5
116 107 5 5
116 115 5 5
116 111 5 5
116 110 5 5
117 108 5 5
117 106 5 5
117 101 5 5
117 116 5 5
118 115 5 5
118 113 5 5
118 105 5 5
118 116 5 5
119 117 5 5
119 108 5 5
119 112 5 5
119 115 5 5
100 119 5 5
100 118 5 5
100 117 5 5
100 113 5 5
101 111 5 5
101 118 5 5
101 112 5 5
101 113 5 5
102 119 5 5
102 118 5 5
102 117 5 5
102 114 5 5
103 106 5 5
103 118 5 5
103 117 5 5
103 105 5 5
124 121 6 6
124 122 6 6
124 123 6 6
124 120 6 6
125 122 6 6
125 121 6 6
125 123 6 6
125 124 6 6
126 125 6 6
126 123 6 6
126 120 6 6
126 121 6 6
127 122 6 6
127 120 6 6
127 126 6 6
127 123 6 6
128 124 6 6
128 121 6 6
128 125 6 6
128 120 6 6
129 125 6 6
129 126 6 6
129 123 6 6
129 124 6 6
130 127 6 6
130 125 6 6
130 124 6 6
130 129 6 6
131 123 6 6
131 121 6 6
131 126 6 6
131 129 6 6
132 128 6 6
132 123 6 6
132 129 6 6
132 130 6 6
133 130 6 6
133 120 6 6
133 132 6 6
133 123 6 6
134 121 6 6
134 123 6 6
134 126 6 6
134 124 6 6
135 132 6 6
135 127 6 6
135 133 6 6
135 120 6 6
136 135 6 6
136 129 6 6
136 133 6 6
136 131 6 6
137 128 6 6
137 120 6 6
137 126 6 6
137 122 6 6
138 136 6 6
138 122 6 6
138 133 6 6
138 135 6 6
139 129 6 6
139 127 6 6
139 135 6 6
139 132 6 6
120 139 6 6
120 130 6 6
120 131 6 6
120 138 6 6
121 138 6 6
121 127 6 6
121 133 6 6
121 139 6 6
122 131 6 6
122 139 6 6
122 134 6 6
122 126 6 6
123 139 6 6
123 137 6 6
123 138 6 6
123 128 6 6
144 140 7 7
144 141 7 7
144 143 7 7
144 142 7 7
145 141 7 7
145 142 7 7
145 140 7 7
145 144 7 7
146 140 7 7
146 144 7 7
146 145 7 7
146 141 7 7
147 142 7 7
147 145 7 7
147 141 7 7
147 146 7 7
148 147 7 7
148 145 7 7
148 146 7 7
148 144 7 7
149 145 7 7
149 141 7 7
149 148 7 7
149 147 7 7
150 141 7 7
150 142 7 7
150 148 7 7
150 144 7 7
151 144 7 7
151 150 7 7
151 141 7 7
151 140 7 7
152 141 7 7
152 142 7 7
152 147 7 7
152 149 7 7
153 151 7 7
153 144 7 7
153 140 7 7
153 143 7 7
154 140 7 7
154 149 7 7
154 152 7 7
154 144 7 7
155 152 7 7
155 144 7 7
155 140 7 7
155 147 7 7
156 155 7 7
156 148 7 7
156 145 7 7
156 154 7 7
157 151 7 7
157 140 7 7
157 155 7 7
157 145 7 7
158 156 7 7
158 145 7 7
158 155 7 7
158 148 7 7
159 145 7 7
159 158 7 7
159 140 7 7
159 142 7 7
140 150 7 7
140 158 7 7
140 156 7 7
140 152 7 7
141 158 7 7
141 148 7 7
141 155 7 7
141 156 7 7
142 146 7 7
142 157 7 7
142 151 7 7
142 148 7 7
143 150 7 7
143 151 7 7
143 157 7 7
143 155 7 7
164 160 8 8
164 162 8 8
164 161 8 8
164 163 8 8
165 161 8 8
165 160 8 8
165 164 8 8
165 163 8 8
166 163 8 8
166 161 8 8
166 164 8 8
166 165 8 8
167 164 8 8
167 163 8 8
167 165 8 8
167 166 8 8
168 164 8 8
168 166 8 8
168 160 8 8
168 163 8 8
169 167 8 8
169 161 8 8
169 164 8 8
169 166 8 8
170 166 8 8
170 160 8 8
170 161 8 8
170 168 8 8
171 167 8 8
171 160 8 8
171 163 8 8
171 164 8 8
172 162 8 8
172 170 8 8
172 169 8 8
172 161 8 8
173 168 8 8
173 163 8 8
173 167 8 8
173 162 8 8
174 168 8 8
174 165 8 8
174 171 8 8
174 172 8 8
175 163 8 8
175 173 8 8
175 167 8 8
175 172 8 8
176 171 8 8
176 166 8 8
176 164 8 8
176 163 8 8
177 163 8 8
177 169 8 8
177 167 8 8
177 173 8 8
178 168 8 8
178 172 8 8
178 176 8 8
178 169 8 8
179 167 8 8
179 169 8 8
179 170 8 8
179 171 8 8
160 177 8 8
160 172 8 8
160 176 8 8
160 167 8 8
161 179 8 8
161 171 8 8
161 168 8 8
161 174 8 8
162 170 8 8
162 167 8 8
162 169 8 8
162 168 8 8
163 169 8 8
163 174 8 8
163 178 8 8
163 179 8 8
184 183 9 9
184 181 9 9
184 180 9 9
184 182 9 9
185 183 9 9
185 182 9 9
185 181 9 9
185 180 9 9
186 181 9 9
186 184 9 9
186 185 9 9
186 182 9 9
187 185 9 9
187 182 9 9
187 181 9 9
187 186 9 9
188 187 9 9
188 186 9 9
188 185 9 9
188 180 9 9
189 187 9 9
189 185 9 9
189 182 9 9
189 181 9 9
190 185 9 9
190 188 9 9
190 189 9 9
190 186 9 9
191 189 9 9
191 188 9 9
191 185 9 9
191 190 9 9
192 189 9 9
192 184 9 9
192 181 9 9
192 188 9 9
193 192 9 9
193 187 9 9
193 182 9 9
193 189 9 9
194 187 9 9
194 185 9 9
194 184 9 9
194 192 9 9
195 183 9 9
195 188 9 9
195 182 9 9
195 181 9 9
196 195 9 9
196 184 9 9
196 193 9 9
196 181 9 9
197 196 9 9
197 185 9 9
197 188 9 9
197 183 9 9
198 182 9 9
198 196 9 9
198 181 9 9
198 180 9 9
199 194 9 9
199 182 9 9
199 189 9 9
199 193 9 9
180 194 9 9
180 191 9 9
180 197 9 9
180 190 9 9
181 199 9 9
181 197 9 9
181 190 9 9
181 194 9 9
182 196 9 9
182 194 9 9
182 190 9 9
182 192 9 9
183 194 9 9
183 189 9 9
183 198 9 9
183 199 9 9
204 200 10 10
204 201 10 10
204 203 10 10
204 202 10 10
205 201 10 10
205 204 10 10
205 203 10 10
205 202 10 10
206 203 10 10
206 205 10 10
206 202 10 10
206 201 10 10
207 204 10 10
207 202 10 10
207 201 10 10
207 200 10 10
208 201 10 10
208 207 10 10
208 200 10 10
208 206 10 10
209 206 10 10
209 200 10 10
209 205 10 10
209 203 10 10
210 202 10 10
210 209 10 10
210 207 10 10
210 200 10 10
211 208 10 10
211 207 10 10
211 202 10 10
211 204 10 10
212 205 10 10
212 201 10 10
212 211 10 10
212 207 10 10
213 207 10 10
213 210 10 10
213 209 10 10
213 200 10 10
214 206 10 10
214 204 10 10
214 200 10 10
214 212 10 10
215 214 10 10
215 201 10 10
215 205 10 10
215 208 10 10
216 214 10 10
216 207 10 10
216 208 10 10
216 204 10 10
217 204 10 10
217 206 10 10
217 215 10 10
217 205 10 10
218 217 10 10
218 203 10 10
218 210 10 10
218 216 10 10
219 212 10 10
219 201 10 10
219 210 10 10
219 214 10 10
200 206 10 10
200 216 10 10
200 218 10 10
200 215 10 10
201 214 10 10
201 218 10 10
201 211 10 10
201 217 10 10
202 214 10 10
202 212 10 10
202 216 10 10
202 209 10 10
203 212 10 10
203 207 10 10
203 210 10 10
203 214 10 10
224 222 11 11
224 223 11 11
224 220 11 11
224 221 11 11
225 224 11 11
225 220 11 11
225 223 11 11
225 221 11 11
226 225 11 11
226 220 11 11
226 223 11 11
226 224 11 11
227 226 11 11
227 224 11 11
227 225 11 11
227 221 11 11
228 226 11 11
228 223 11 11
228 220 11 11
228 221 11 11
229 223 11 11
229 225 11 11
229 226 11 11
229 227 11 11
230 226 11 11
230 227 11 11
230 225 11 11
230 224 11 11
231 230 11 11
231 229 11 11
231 227 11 11
231 228 11 11
232 223 11 11
232 230 11 11
232 224 11 11
232 221 11 11
233 231 11 11
233 220 11 11
233 229 11 11
233 226 11 11
234 224 11 11
234 231 11 11
234 233 11 11
234 227 11 11
235 226 11 11
235 232 11 11
235 223 11 11
235 229 11 11
236 234 11 11
236 233 11 11
236 223 11 11
236 224 11 11
237 224 11 11
237 226 11 11
237 228 11 11
237 233 11 11
238 226 11 11
238 231 11 11
238 229 11 11
238 225 11 11
239 232 11 11
239 223 11 11
239 233 11 11
239 222 11 11
220 227 11 11
220 238 11 11
220 231 11 11
220 237 11 11
221 233 11 11
221 238 11 11
221 234 11 11
221 239 11 11
222 232 11 11
222 236 11 11
222 234 11 11
222 229 11 11
223 230 11 11
223 233 11 11
223 234 11 11
223 238 11 11
244 241 12 12
244 243 12 12
244 240 12 12
244 242 12 12
245 243 12 12
245 241 12 12
245 244 12 12
245 242 12 12
246 244 12 12
246 241 12 12
246 245 12 12
246 242 12 12
247 246 12 12
247 240 12 12
247 244 12 12
247 241 12 12
248 245 12 12
248 241 12 12
248 244 12 12
248 242 12 12
249 240 12 12
249 245 12 12
249 243 12 12
249 242 12 12
250 247 12 12
250 241 12 12
250 240 12 12
250 245 12 12
251 240 12 12
251 245 12 12
251 249 12 12
251 248 12 12
252 246 12 12
252 243 12 12
252 245 12 12
252 244 12 12
253 240 12 12
253 243 12 12
253 241 12 12
253 251 12 12
254 243 12 12
254 249 12 12
254 253 12 12
254 241 12 12
255 241 12 12
255 245 12 12
255 244 12 12
255 252 12 12
256 243 12 12
256 246 12 12
256 247 12 12
256 252 12 12
257 243 12 12
257 255 12 12
257 249 12 12
257 253 12 12
258 252 12 12
258 250 12 12
258 257 12 12
258 243 12 12
259 254 12 12
259 251 12 12
259 249 12 12
259 241 12 12
240 259 12 12
240 254 12 12
240 257 12 12
240 248 12 12
241 257 12 12
241 258 12 12
241 249 12 12
241 251 12 12
242 254 12 12
242 251 12 12
242 247 12 12
242 259 12 12
243 251 12 12
243 246 12 12
243 255 12 12
243 259 12 12
264 263 13 13
264 262 13 13
264 261 13 13
264 260 13 13
265 260 13 13
265 262 13 13
265 263 13 13
265 264 13 13
266 261 13 13
266 262 13 13
266 264 13 13
266 263 13 13
267 260 13 13
267 262 13 13
267 265 13 13
267 263 13 13
268 261 13 13
268 266 13 13
268 267 13 13
268 263 13 13
269 268 13 13
269 261 13 13
269 266 13 13
269 265 13 13
270 269 13 13
270 266 13 13
270 268 13 13
270 261 13 13
271 264 13 13
271 263 13 13
271 267 13 13
271 266 13 13
272 263 13 13
272 266 13 13
272 264 13 13
272 271 13 13
273 265 13 13
273 269 13 13
273 262 13 13
273 271 13 13
274 266 13 13
274 271 13 13
274 270 13 13
274 261 13 13
275 273 13 13
275 263 13 13
275 267 13 13
275 268 13 13
276 263 13 13
276 261 13 13
276 267 13 13
276 260 13 13
277 276 13 13
277 273 13 13
277 264 13 13
277 263 13 13
278 276 13 13
278 262 13 13
278 277 13 13
278 267 13 13
279 263 13 13
279 273 13 13
279 262 13 13
279 278 13 13
260 278 13 13
260 266 13 13
260 277 13 13
260 273 13 13
261 267 13 13
261 278 13 13
261 277 13 13
261 275 13 13
262 277 13 13
262 271 13 13
262 276 13 13
262 275 13 13
263 278 13 13
263 273 13 13
263 274 13 13
263 270 13 13
284 282 14 14
284 283 14 14
284 281 14 14
284 280 14 14
285 282 14 14
285 280 14 14
285 283 14 14
285 284 14 14
286 282 14 14
286 284 14 14
286 281 14 14
286 285 14 14
287 286 14 14
287 284 14 14
287 280 14 14
287 282 14 14
288 285 14 14
288 282 14 14
288 284 14 14
288 287 14 14
289 287 14 14
289 282 14 14
289 283 14 14
289 280 14 14
290 288 14 14
290 283 14 14
290 280 14 14
290 289 14 14
291 281 14 14
291 282 14 14
291 280 14 14
291 287 14 14
292 288 14 14
292 283 14 14
292 291 14 14
292 284 14 14
293 289 14 14
293 281 14 14
293 292 14 14
293 291 14 14
294 289 14 14
294 292 14 14
294 284 14 14
294 282 14 14
295 280 14 14
295 290 14 14
295 292 14 14
295 281 14 14
296 285 14 14
296 290 14 14
296 295 14 14
296 294 14 14
297 292 14 14
297 295 14 14
297 281 14 14
297 291 14 14
298 283 14 14
298 297 14 14
298 295 14 14
298 291 14 14
299 283 14 14
299 282 14 14
299 285 14 14
299 292 14 14
280 298 14 14
280 293 14 14
280 299 14 14
280 292 14 14
281 288 14 14
281 290 14 14
281 296 14 14
281 289 14 14
282 292 14 14
282 298 14 14
282 290 14 14
282 297 14 14
283 296 14 14
283 286 14 14
283 295 14 14
283 288 14 14
304 300 15 15
304 302 15 15
304 303 15 15
304 301 15 15
305 302 15 15
305 304 15 15
305 300 15 15
305 301 15 15
306 305 15 15
306 304 15 15
306 300 15 15
306 301 15 15
307 304 15 15
307 301 15 15
307 302 15 15
307 300 15 15
308 307 15 15
308 304 15 15
308 303 15 15
308 300 15 15
309 305 15 15
309 306 15 15
309 304 15 15
309 301 15 15
310 306 15 15
310 304 15 15
310 305 15 15
310 308 15 15
311 308 15 15
311 309 15 15
311 307 15 15
311 304 15 15
312 300 15 15
312 301 15 15
312 302 15 15
312 307 15 15
313 300 15 15
313 304 15 15
313 309 15 15
313 302 15 15
314 304 15 15
314 302 15 15
314 303 15 15
314 312 15 15
315 303 15 15
315 300 15 15
315 310 15 15
315 309 15 15
316 314 15 15
316 309 15 15
316 306 15 15
316 300 15 15
317 310 15 15
317 316 15 15
317 309 15 15
317 312 15 15
318 312 15 15
318 316 15 15
318 305 15 15
318 300 15 15
319 315 15 15
319 303 15 15
319 318 15 15
319 312 15 15
300 319 15 15
300 310 15 15
300 311 15 15
300 314 15 15
301 313 15 15
301 315 15 15
301 316 15 15
301 314 15 15
302 316 15 15
302 319 15 15
302 308 15 15
302 318 15 15
303 316 15 15
303 312 15 15
303 318 15 15
303 307 15 15
92 19 4 0
82 70 4 3
97 44 4 2
83 20 4 1
117 62 5 3
102 2 5 0
104 34 5 1
112 87 5 4
126 91 6 4
129 12 6 0
126 66 6 3
127 46 6 2
148 7 7 0
141 128 7 6
143 109 7 5
146 28 7 1
161 139 8 6
160 62 8 3
161 47 8 2
179 112 8 5
183 5 9 0
180 133 9 6
196 141 9 7
185 32 9 1
201 17 10 0
206 145 10 7
217 182 10 9
206 20 10 1
237 86 11 4
226 55 11 2
233 191 11 9
221 130 11 6
256 142 12 7
246 115 12 5
250 194 12 9
249 4 12 0
273 142 13 7
277 77 13 3
267 5 13 0
262 252 13 12
289 137 14 6
285 227 14 11
295 52 14 2
292 95 14 4
308 75 15 3
301 18 15 0
301 203 15 10
311 299 15 14
0 163 0 8
9 291 0 14
8 233 0 11
34 302 1 15
37 284 1 14
31 275 1 13
27 252 1 12
55 218 2 10
45 100 2 5
43 312 2 15
53 186 2 9
67 253 3 12
72 286 3 14
78 225 3 11
77 155 3 7
