swNum = 320
edgeNum = 1344

0 0
1 0
2 0
3 0
4 0
5 0
6 0
7 0
8 0
9 0
10 0
11 0
12 0
13 0
14 0
15 0
16 0
17 0
18 0
19 0
20 1
21 1
22 1
23 1
24 1
25 1
26 1
27 1
28 1
29 1
30 1
31 1
32 1
33 1
34 1
35 1
36 1
37 1
38 1
39 1
40 2
41 2
42 2
43 2
44 2
45 2
46 2
47 2
48 2
49 2
50 2
51 2
52 2
53 2
54 2
55 2
56 2
57 2
58 2
59 2
60 3
61 3
62 3
63 3
64 3
65 3
66 3
67 3
68 3
69 3
70 3
71 3
72 3
73 3
74 3
75 3
76 3
77 3
78 3
79 3
80 4
81 4
82 4
83 4
84 4
85 4
86 4
87 4
88 4
89 4
90 4
91 4
92 4
93 4
94 4
95 4
96 4
97 4
98 4
99 4
100 5
101 5
102 5
103 5
104 5
105 5
106 5
107 5
108 5
109 5
110 5
111 5
112 5
113 5
114 5
115 5
116 5
117 5
118 5
119 5
120 6
121 6
122 6
123 6
124 6
125 6
126 6
127 6
128 6
129 6
130 6
131 6
132 6
133 6
134 6
135 6
136 6
137 6
138 6
139 6
140 7
141 7
142 7
143 7
144 7
145 7
146 7
147 7
148 7
149 7
150 7
151 7
152 7
153 7
154 7
155 7
156 7
157 7
158 7
159 7
160 8
161 8
162 8
163 8
164 8
165 8
166 8
167 8
168 8
169 8
170 8
171 8
172 8
173 8
174 8
175 8
176 8
177 8
178 8
179 8
180 9
181 9
182 9
183 9
184 9
185 9
186 9
187 9
188 9
189 9
190 9
191 9
192 9
193 9
194 9
195 9
196 9
197 9
198 9
199 9
200 10
201 10
202 10
203 10
204 10
205 10
206 10
207 10
208 10
209 10
210 10
211 10
212 10
213 10
214 10
215 10
216 10
217 10
218 10
219 10
220 11
221 11
222 11
223 11
224 11
225 11
226 11
227 11
228 11
229 11
230 11
231 11
232 11
233 11
234 11
235 11
236 11
237 11
238 11
239 11
240 12
241 12
242 12
243 12
244 12
245 12
246 12
247 12
248 12
249 12
250 12
251 12
252 12
253 12
254 12
255 12
256 12
257 12
258 12
259 12
260 13
261 13
262 13
263 13
264 13
265 13
266 13
267 13
268 13
269 13
270 13
271 13
272 13
273 13
274 13
275 13
276 13
277 13
278 13
279 13
280 14
281 14
282 14
283 14
284 14
285 14
286 14
287 14
288 14
289 14
290 14
291 14
292 14
293 14
294 14
295 14
296 14
297 14
298 14
299 14
300 15
301 15
302 15
303 15
304 15
305 15
306 15
307 15
308 15
309 15
310 15
311 15
312 15
313 15
314 15
315 15
316 15
317 15
318 15
319 15

4 3 0 0
4 1 0 0
4 0 0 0
4 2 0 0
5 0 0 0
5 3 0 0
5 4 0 0
5 2 0 0
6 4 0 0
6 5 0 0
6 2 0 0
6 1 0 0
7 2 0 0
7 0 0 0
7 3 0 0
7 1 0 0
8 1 0 0
8 6 0 0
8 7 0 0
8 0 0 0
9 4 0 0
9 1 0 0
9 3 0 0
9 8 0 0
10 4 0 0
10 0 0 0
10 3 0 0
10 6 0 0
11 5 0 0
11 10 0 0
11 7 0 0
11 3 0 0
12 2 0 0
12 3 0 0
12 9 0 0
12 5 0 0
13 3 0 0
13 12 0 0
13 7 0 0
13 5 0 0
14 6 0 0
14 1 0 0
14 13 0 0
14 0 0 0
15 7 0 0
15 13 0 0
15 2 0 0
15 5 0 0
16 9 0 0
16 15 0 0
16 4 0 0
16 1 0 0
17 4 0 0
17 16 0 0
17 7 0 0
17 9 0 0
18 5 0 0
18 0 0 0
18 16 0 0
18 14 0 0
19 6 0 0
19 3 0 0
19 18 0 0
19 1 0 0
0 17 0 0
0 13 0 0
0 19 0 0
0 11 0 0
1 17 0 0
1 5 0 0
1 10 0 0
1 13 0 0
2 11 0 0
2 13 0 0
2 8 0 0
2 17 0 0
3 18 0 0
3 6 0 0
3 14 0 0
3 17 0 0
24 21 1 1
24 23 1 1
24 20 1 1
24 22 1 1
25 20 1 1
25 21 1 1
25 23 1 1
25 22 1 1
26 25 1 1
26 24 1 1
26 20 1 1
26 21 1 1
27 24 1 1
27 21 1 1
27 25 1 1
27 20 1 1
28 26 1 1
28 25 1 1
28 22 1 1
28 21 1 1
29 26 1 1
29 25 1 1
29 23 1 1
29 22 1 1
30 27 1 1
30 21 1 1
30 29 1 1
30 28 1 1
31 21 1 1
31 24 1 1
31 26 1 1
31 28 1 1
32 30 1 1
32 24 1 1
32 31 1 1
32 28 1 1
33 22 1 1
33 26 1 1
33 29 1 1
33 28 1 1
34 31 1 1
34 24 1 1
34 23 1 1
34 25 1 1
35 24 1 1
35 20 1 1
35 27 1 1
35 21 1 1
36 23 1 1
36 27 1 1
36 30 1 1
36 25 1 1
37 31 1 1
37 36 1 1
37 20 1 1
37 25 1 1
38 24 1 1
38 30 1 1
38 26 1 1
38 32 1 1
39 23 1 1
39 33 1 1
39 20 1 1
39 27 1 1
20 36 1 1
20 28 1 1
20 31 1 1
20 29 1 1
21 33 1 1
21 37 1 1
21 39 1 1
21 34 1 1
22 37 1 1
22 35 1 1
22 31 1 1
22 34 1 1
23 33 1 1
23 27 1 1
23 35 1 1
23 37 1 1
44 41 2 2
44 40 2 2
44 43 2 2
44 42 2 2
45 44 2 2
45 40 2 2
45 43 2 2
45 42 2 2
46 43 2 2
46 41 2 2
46 45 2 2
46 44 2 2
47 44 2 2
47 42 2 2
47 40 2 2
47 41 2 2
48 45 2 2
48 41 2 2
48 46 2 2
48 43 2 2
49 44 2 2
49 46 2 2
49 43 2 2
49 45 2 2
50 42 2 2
50 43 2 2
50 40 2 2
50 44 2 2
51 44 2 2
51 48 2 2
51 42 2 2
51 46 2 2
52 40 2 2
52 45 2 2
52 42 2 2
52 47 2 2
53 51 2 2
53 44 2 2
53 52 2 2
53 45 2 2
54 41 2 2
54 43 2 2
54 42 2 2
54 48 2 2
55 49 2 2
55 43 2 2
55 51 2 2
55 47 2 2
56 48 2 2
56 54 2 2
56 51 2 2
56 47 2 2
57 46 2 2
57 42 2 2
57 55 2 2
57 51 2 2
58 42 2 2
58 52 2 2
58 51 2 2
58 47 2 2
59 57 2 2
59 48 2 2
59 54 2 2
59 55 2 2
40 51 2 2
40 58 2 2
40 55 2 2
40 53 2 2
41 57 2 2
41 58 2 2
41 50 2 2
41 51 2 2
42 56 2 2
42 48 2 2
42 59 2 2
42 46 2 2
43 47 2 2
43 52 2 2
43 59 2 2
43 53 2 2
64 62 3 3
64 60 3 3
64 61 3 3
64 63 3 3
65 63 3 3
65 60 3 3
65 62 3 3
65 61 3 3
66 65 3 3
66 63 3 3
66 60 3 3
66 62 3 3
67 64 3 3
67 60 3 3
67 66 3 3
67 61 3 3
68 61 3 3
68 62 3 3
68 66 3 3
68 65 3 3
69 60 3 3
69 66 3 3
69 64 3 3
69 62 3 3
70 63 3 3
70 60 3 3
70 61 3 3
70 62 3 3
71 61 3 3
71 62 3 3
71 66 3 3
71 68 3 3
72 61 3 3
72 69 3 3
72 71 3 3
72 66 3 3
73 65 3 3
73 69 3 3
73 70 3 3
73 64 3 3
74 66 3 3
74 63 3 3
74 62 3 3
74 69 3 3
75 65 3 3
75 60 3 3
75 66 3 3
75 72 3 3
76 69 3 3
76 71 3 3
76 75 3 3
76 64 3 3
77 60 3 3
77 66 3 3
77 76 3 3
77 64 3 3
78 66 3 3
78 73 3 3
78 74 3 3
78 68 3 3
79 63 3 3
79 72 3 3
79 66 3 3
79 69 3 3
60 74 3 3
60 72 3 3
60 79 3 3
60 76 3 3
61 66 3 3
61 75 3 3
61 69 3 3
61 73 3 3
62 76 3 3
62 75 3 3
62 79 3 3
62 78 3 3
63 75 3 3
63 69 3 3
63 73 3 3
63 76 3 3
84 81 4 4
84 82 4 4
84 80 4 4
84 83 4 4
85 81 4 4
85 82 4 4
85 84 4 4
85 80 4 4
86 85 4 4
86 83 4 4
86 80 4 4
86 82 4 4
87 84 4 4
87 80 4 4
87 86 4 4
87 83 4 4
88 81 4 4
88 86 4 4
88 87 4 4
88 84 4 4
89 86 4 4
89 84 4 4
89 82 4 4
89 83 4 4
90 81 4 4
90 86 4 4
90 87 4 4
90 84 4 4
91 87 4 4
91 88 4 4
91 85 4 4
91 90 4 4
92 80 4 4
92 87 4 4
92 82 4 4
92 88 4 4
93 90 4 4
93 81 4 4
93 91 4 4
93 85 4 4
94 87 4 4
94 85 4 4
94 93 4 4
94 89 4 4
95 84 4 4
95 82 4 4
95 90 4 4
95 92 4 4
96 90 4 4
96 92 4 4
96 80 4 4
96 84 4 4
97 94 4 4
97 89 4 4
97 82 4 4
97 96 4 4
98 93 4 4
98 94 4 4
98 87 4 4
98 88 4 4
99 97 4 4
99 92 4 4
99 98 4 4
99 81 4 4
80 91 4 4
80 89 4 4
80 93 4 4
80 98 4 4
81 91 4 4
81 87 4 4
81 95 4 4
81 94 4 4
82 90 4 4
82 99 4 4
82 87 4 4
82 98 4 4
83 97 4 4
83 95 4 4
83 99 4 4
83 85 4 4
104 103 5 5
104 102 5 5
104 100 5 5
104 101 5 5
105 101 5 5
105 102 5 5
105 103 5 5
105 104 5 5
106 100 5 5
106 104 5 5
106 102 5 5
106 103 5 5
107 102 5 5
107 100 5 5
107 106 5 5
107 104 5 5
108 101 5 5
108 104 5 5
108 107 5 5
108 106 5 5
109 102 5 5
109 100 5 5
109 107 5 5
109 103 5 5
110 107 5 5
110 101 5 5
110 105 5 5
110 104 5 5
111 105 5 5
111 104 5 5
111 103 5 5
111 108 5 5
112 111 5 5
112 109 5 5
112 100 5 5
112 103 5 5
113 104 5 5
113 108 5 5
113 111 5 5
113 105 5 5
114 104 5 5
114 103 5 5
114 100 5 5
114 108 5 5
115 104 5 5
115 110 5 5
115 101 5 5
115 107 5 5
116 104 5 5
116 102 5 5
116 105 5 5
116 111 5 5
117 108 5 5
117 105 5 5
117 113 5 5
117 116 5 5
118 116 5 5
118 107 5 5
118 108 5 5
118 100 5 5
119 109 5 5
119 112 5 5
119 118 5 5
119 108 5 5
100 105 5 5
100 108 5 5
100 111 5 5
100 119 5 5
101 116 5 5
101 107 5 5
101 111 5 5
101 113 5 5
102 118 5 5
102 117 5 5
102 119 5 5
102 110 5 5
103 118 5 5
103 107 5 5
103 116 5 5
103 108 5 5
124 123 6 6
124 122 6 6
124 121 6 6
124 120 6 6
125 124 6 6
125 120 6 6
125 121 6 6
125 122 6 6
126 120 6 6
126 125 6 6
126 121 6 6
126 123 6 6
127 126 6 6
127 121 6 6
127 125 6 6
127 120 6 6
128 121 6 6
128 124 6 6
128 125 6 6
128 122 6 6
129 125 6 6
129 121 6 6
129 124 6 6
129 120 6 6
130 121 6 6
130 127 6 6
130 125 6 6
130 129 6 6
131 129 6 6
131 121 6 6
131 130 6 6
131 120 6 6
132 122 6 6
132 120 6 6
132 124 6 6
132 129 6 6
133 125 6 6
133 129 6 6
133 130 6 6
133 121 6 6
134 122 6 6
134 126 6 6
134 133 6 6
134 129 6 6
135 123 6 6
135 122 6 6
135 130 6 6
135 131 6 6
136 124 6 6
136 122 6 6
136 130 6 6
136 129 6 6
137 130 6 6
137 122 6 6
137 132 6 6
137 124 6 6
138 123 6 6
138 135 6 6
138 127 6 6
138 132 6 6
139 125 6 6
139 124 6 6
139 132 6 6
139 135 6 6
120 138 6 6
120 137 6 6
120 135 6 6
120 133 6 6
121 136 6 6
121 139 6 6
121 137 6 6
121 138 6 6
122 129 6 6
122 138 6 6
122 139 6 6
122 133 6 6
123 132 6 6
123 137 6 6
123 133 6 6
123 134 6 6
144 141 7 7
144 142 7 7
144 143 7 7
144 140 7 7
145 142 7 7
145 140 7 7
145 141 7 7
145 143 7 7
146 142 7 7
146 140 7 7
146 145 7 7
146 143 7 7
147 144 7 7
147 142 7 7
147 145 7 7
147 141 7 7
148 145 7 7
148 142 7 7
148 141 7 7
148 146 7 7
149 145 7 7
149 140 7 7
149 146 7 7
149 143 7 7
150 147 7 7
150 148 7 7
150 145 7 7
150 143 7 7
151 147 7 7
151 141 7 7
151 140 7 7
151 142 7 7
152 151 7 7
152 143 7 7
152 141 7 7
152 150 7 7
153 141 7 7
153 151 7 7
153 152 7 7
153 147 7 7
154 141 7 7
154 146 7 7
154 152 7 7
154 140 7 7
155 142 7 7
155 148 7 7
155 150 7 7
155 145 7 7
156 150 7 7
156 147 7 7
156 152 7 7
156 153 7 7
157 149 7 7
157 147 7 7
157 140 7 7
157 144 7 7
158 157 7 7
158 151 7 7
158 153 7 7
158 143 7 7
159 145 7 7
159 140 7 7
159 156 7 7
159 148 7 7
140 152 7 7
140 148 7 7
140 155 7 7
140 158 7 7
141 156 7 7
141 159 7 7
141 150 7 7
141 158 7 7
142 152 7 7
142 153 7 7
142 149 7 7
142 154 7 7
143 157 7 7
143 154 7 7
143 155 7 7
143 159 7 7
164 163 8 8
164 162 8 8
164 160 8 8
164 161 8 8
165 162 8 8
165 164 8 8
165 161 8 8
165 160 8 8
166 163 8 8
166 161 8 8
166 160 8 8
166 162 8 8
167 165 8 8
167 161 8 8
167 164 8 8
167 160 8 8
168 162 8 8
168 165 8 8
168 167 8 8
168 166 8 8
169 164 8 8
169 163 8 8
169 160 8 8
169 161 8 8
170 169 8 8
170 162 8 8
170 160 8 8
170 163 8 8
171 165 8 8
171 167 8 8
171 161 8 8
171 160 8 8
172 168 8 8
172 166 8 8
172 162 8 8
172 160 8 8
173 163 8 8
173 166 8 8
173 160 8 8
173 169 8 8
174 171 8 8
174 162 8 8
174 160 8 8
174 169 8 8
175 161 8 8
175 172 8 8
175 170 8 8
175 167 8 8
176 161 8 8
176 163 8 8
176 165 8 8
176 174 8 8
177 162 8 8
177 174 8 8
177 170 8 8
177 171 8 8
178 167 8 8
178 171 8 8
178 174 8 8
178 175 8 8
179 168 8 8
179 169 8 8
179 162 8 8
179 161 8 8
160 179 8 8
160 177 8 8
160 176 8 8
160 175 8 8
161 178 8 8
161 168 8 8
161 177 8 8
161 174 8 8
162 175 8 8
162 173 8 8
162 178 8 8
162 171 8 8
163 171 8 8
163 179 8 8
163 167 8 8
163 174 8 8
184 183 9 9
184 181 9 9
184 182 9 9
184 180 9 9
185 182 9 9
185 184 9 9
185 180 9 9
185 183 9 9
186 181 9 9
186 180 9 9
186 184 9 9
186 183 9 9
187 186 9 9
187 184 9 9
187 180 9 9
187 182 9 9
188 185 9 9
188 187 9 9
188 182 9 9
188 186 9 9
189 185 9 9
189 180 9 9
189 187 9 9
189 186 9 9
190 182 9 9
190 187 9 9
190 189 9 9
190 181 9 9
191 189 9 9
191 186 9 9
191 181 9 9
191 187 9 9
192 189 9 9
192 188 9 9
192 187 9 9
192 180 9 9
193 182 9 9
193 190 9 9
193 184 9 9
193 183 9 9
194 183 9 9
194 188 9 9
194 193 9 9
194 182 9 9
195 192 9 9
195 186 9 9
195 187 9 9
195 188 9 9
196 191 9 9
196 186 9 9
196 182 9 9
196 192 9 9
197 185 9 9
197 193 9 9
197 195 9 9
197 189 9 9
198 184 9 9
198 182 9 9
198 183 9 9
198 185 9 9
199 184 9 9
199 196 9 9
199 181 9 9
199 198 9 9
180 188 9 9
180 190 9 9
180 196 9 9
180 197 9 9
181 198 9 9
181 189 9 9
181 196 9 9
181 188 9 9
182 199 9 9
182 195 9 9
182 191 9 9
182 189 9 9
183 199 9 9
183 197 9 9
183 190 9 9
183 192 9 9
204 201 10 10
204 202 10 10
204 203 10 10
204 200 10 10
205 201 10 10
205 202 10 10
205 204 10 10
205 203 10 10
206 203 10 10
206 204 10 10
206 205 10 10
206 201 10 10
207 202 10 10
207 201 10 10
207 205 10 10
207 204 10 10
208 202 10 10
208 204 10 10
208 203 10 10
208 206 10 10
209 206 10 10
209 203 10 10
209 201 10 10
209 200 10 10
210 207 10 10
210 209 10 10
210 202 10 10
210 200 10 10
211 206 10 10
211 205 10 10
211 209 10 10
211 208 10 10
212 204 10 10
212 203 10 10
212 205 10 10
212 202 10 10
213 203 10 10
213 201 10 10
213 209 10 10
213 212 10 10
214 210 10 10
214 212 10 10
214 207 10 10
214 209 10 10
215 203 10 10
215 208 10 10
215 211 10 10
215 201 10 10
216 212 10 10
216 208 10 10
216 214 10 10
216 203 10 10
217 202 10 10
217 212 10 10
217 214 10 10
217 211 10 10
218 211 10 10
218 206 10 10
218 212 10 10
218 202 10 10
219 211 10 10
219 206 10 10
219 209 10 10
219 212 10 10
200 214 10 10
200 216 10 10
200 219 10 10
200 211 10 10
201 219 10 10
201 216 10 10
201 218 10 10
201 212 10 10
202 215 10 10
202 216 10 10
202 211 10 10
202 219 10 10
203 211 10 10
203 218 10 10
203 207 10 10
203 219 10 10
224 220 11 11
224 223 11 11
224 222 11 11
224 221 11 11
225 224 11 11
225 222 11 11
225 220 11 11
225 223 11 11
226 224 11 11
226 221 11 11
226 225 11 11
226 222 11 11
227 223 11 11
227 220 11 11
227 221 11 11
227 222 11 11
228 227 11 11
228 224 11 11
228 220 11 11
228 225 11 11
229 227 11 11
229 221 11 11
229 226 11 11
229 225 11 11
230 225 11 11
230 226 11 11
230 227 11 11
230 220 11 11
231 221 11 11
231 222 11 11
231 225 11 11
231 224 11 11
232 227 11 11
232 226 11 11
232 229 11 11
232 225 11 11
233 231 11 11
233 223 11 11
233 228 11 11
233 227 11 11
234 223 11 11
234 222 11 11
234 229 11 11
234 232 11 11
235 230 11 11
235 227 11 11
235 223 11 11
235 220 11 11
236 221 11 11
236 226 11 11
236 227 11 11
236 223 11 11
237 233 11 11
237 225 11 11
237 235 11 11
237 227 11 11
238 220 11 11
238 235 11 11
238 224 11 11
238 232 11 11
239 235 11 11
239 227 11 11
239 225 11 11
239 233 11 11
220 232 11 11
220 231 11 11
220 236 11 11
220 234 11 11
221 234 11 11
221 239 11 11
221 230 11 11
221 235 11 11
222 233 11 11
222 236 11 11
222 239 11 11
222 229 11 11
223 239 11 11
223 232 11 11
223 231 11 11
223 229 11 11
244 243 12 12
244 242 12 12
244 240 12 12
244 241 12 12
245 242 12 12
245 241 12 12
245 243 12 12
245 240 12 12
246 243 12 12
246 244 12 12
246 241 12 12
246 245 12 12
247 246 12 12
247 245 12 12
247 242 12 12
247 241 12 12
248 243 12 12
248 244 12 12
248 246 12 12
248 241 12 12
249 246 12 12
249 247 12 12
249 248 12 12
249 244 12 12
250 243 12 12
250 244 12 12
250 246 12 12
250 248 12 12
251 245 12 12
251 249 12 12
251 247 12 12
251 242 12 12
252 250 12 12
252 245 12 12
252 243 12 12
252 246 12 12
253 248 12 12
253 244 12 12
253 240 12 12
253 250 12 12
254 245 12 12
254 248 12 12
254 242 12 12
254 253 12 12
255 246 12 12
255 245 12 12
255 240 12 12
255 250 12 12
256 247 12 12
256 248 12 12
256 241 12 12
256 245 12 12
257 247 12 12
257 256 12 12
257 250 12 12
257 242 12 12
258 252 12 12
258 247 12 12
258 251 12 12
258 257 12 12
259 251 12 12
259 257 12 12
259 241 12 12
259 250 12 12
240 248 12 12
240 252 12 12
240 250 12 12
240 258 12 12
241 254 12 12
241 257 12 12
241 250 12 12
241 252 12 12
242 256 12 12
242 252 12 12
242 255 12 12
242 258 12 12
243 259 12 12
243 256 12 12
243 247 12 12
243 251 12 12
264 260 13 13
264 261 13 13
264 262 13 13
264 263 13 13
265 262 13 13
265 260 13 13
265 264 13 13
265 263 13 13
266 265 13 13
266 263 13 13
266 262 13 13
266 261 13 13
267 263 13 13
267 260 13 13
267 264 13 13
267 265 13 13
268 262 13 13
268 265 13 13
268 266 13 13
268 264 13 13
269 266 13 13
269 268 13 13
269 263 13 13
269 261 13 13
270 268 13 13
270 266 13 13
270 260 13 13
270 263 13 13
271 260 13 13
271 269 13 13
271 266 13 13
271 268 13 13
272 265 13 13
272 269 13 13
272 263 13 13
272 266 13 13
273 261 13 13
273 270 13 13
273 272 13 13
273 264 13 13
274 260 13 13
274 262 13 13
274 265 13 13
274 266 13 13
275 272 13 13
275 267 13 13
275 262 13 13
275 260 13 13
276 272 13 13
276 271 13 13
276 273 13 13
276 260 13 13
277 265 13 13
277 273 13 13
277 275 13 13
277 263 13 13
278 268 13 13
278 273 13 13
278 272 13 13
278 275 13 13
279 271 13 13
279 267 13 13
279 265 13 13
279 270 13 13
260 279 13 13
260 277 13 13
260 268 13 13
260 266 13 13
261 272 13 13
261 275 13 13
261 271 13 13
261 274 13 13
262 267 13 13
262 272 13 13
262 276 13 13
262 271 13 13
263 278 13 13
263 274 13 13
263 271 13 13
263 273 13 13
284 283 14 14
284 281 14 14
284 280 14 14
284 282 14 14
285 284 14 14
285 281 14 14
285 280 14 14
285 282 14 14
286 284 14 14
286 283 14 14
286 281 14 14
286 282 14 14
287 285 14 14
287 284 14 14
287 283 14 14
287 286 14 14
288 286 14 14
288 283 14 14
288 284 14 14
288 282 14 14
289 288 14 14
289 280 14 14
289 287 14 14
289 282 14 14
290 286 14 14
290 281 14 14
290 282 14 14
290 284 14 14
291 287 14 14
291 282 14 14
291 290 14 14
291 284 14 14
292 280 14 14
292 286 14 14
292 284 14 14
292 290 14 14
293 283 14 14
293 287 14 14
293 289 14 14
293 286 14 14
294 293 14 14
294 281 14 14
294 285 14 14
294 291 14 14
295 293 14 14
295 289 14 14
295 291 14 14
295 286 14 14
296 288 14 14
296 286 14 14
296 295 14 14
296 292 14 14
297 286 14 14
297 281 14 14
297 285 14 14
297 294 14 14
298 284 14 14
298 296 14 14
298 290 14 14
298 286 14 14
299 292 14 14
299 283 14 14
299 286 14 14
299 296 14 14
280 299 14 14
280 296 14 14
280 298 14 14
280 290 14 14
281 298 14 14
281 287 14 14
281 292 14 14
281 291 14 14
282 298 14 14
282 292 14 14
282 293 14 14
282 287 14 14
283 285 14 14
283 294 14 14
283 297 14 14
283 289 14 14
304 302 15 15
304 300 15 15
304 303 15 15
304 301 15 15
305 300 15 15
305 301 15 15
305 303 15 15
305 302 15 15
306 302 15 15
306 304 15 15
306 303 15 15
306 305 15 15
307 306 15 15
307 304 15 15
307 301 15 15
307 303 15 15
308 306 15 15
308 307 15 15
308 304 15 15
308 302 15 15
309 301 15 15
309 302 15 15
309 307 15 15
309 303 15 15
310 303 15 15
310 302 15 15
310 304 15 15
310 300 15 15
311 306 15 15
311 300 15 15
311 304 15 15
311 309 15 15
312 309 15 15
312 305 15 15
312 301 15 15
312 302 15 15
313 306 15 15
313 304 15 15
313 303 15 15
313 309 15 15
314 302 15 15
314 313 15 15
314 310 15 15
314 300 15 15
315 308 15 15
315 309 15 15
315 314 15 15
315 312 15 15
316 306 15 15
316 309 15 15
316 308 15 15
316 310 15 15
317 316 15 15
317 308 15 15
317 312 15 15
317 301 15 15
318 313 15 15
318 302 15 15
318 309 15 15
318 303 15 15
319 316 15 15
319 318 15 15
319 312 15 15
319 308 15 15
300 309 15 15
300 316 15 15
300 313 15 15
300 317 15 15
301 306 15 15
301 318 15 15
301 313 15 15
301 308 15 15
302 307 15 15
302 313 15 15
302 316 15 15
302 317 15 15
303 314 15 15
303 316 15 15
303 317 15 15
303 312 15 15
94 79 4 3
96 32 4 1
99 5 4 0
96 50 4 2
114 48 5 2
101 85 5 4
118 33 5 1
118 7 5 0
123 80 6 4
135 1 6 0
131 35 6 1
134 61 6 3
141 4 7 0
144 85 7 4
149 33 7 1
140 60 7 3
166 147 8 7
179 90 8 4
176 110 8 5
178 51 8 2
190 112 9 5
184 156 9 7
181 96 9 4
181 171 9 8
205 114 10 5
211 137 10 6
217 94 10 4
212 162 10 8
228 113 11 5
230 28 11 1
222 173 11 8
228 93 11 4
242 223 12 11
254 155 12 7
244 10 12 0
259 167 12 8
266 199 13 9
261 63 13 3
269 250 13 12
270 43 13 2
293 210 14 10
299 143 14 7
287 278 14 13
294 188 14 9
317 44 15 2
306 158 15 7
311 296 15 14
307 28 15 1
15 214 0 10
1 239 0 11
5 171 0 8
12 300 0 15
21 214 1 10
37 247 1 12
30 273 1 13
30 288 1 14
57 195 2 9
55 127 2 6
47 209 2 10
42 281 2 14
74 255 3 12
78 288 3 14
67 168 3 8
63 229 3 11
