swNum = 320
edgeNum = 1344

0 0
1 0
2 0
3 0
4 0
5 0
6 0
7 0
8 0
9 0
10 0
11 0
12 0
13 0
14 0
15 0
16 0
17 0
18 0
19 0
20 1
21 1
22 1
23 1
24 1
25 1
26 1
27 1
28 1
29 1
30 1
31 1
32 1
33 1
34 1
35 1
36 1
37 1
38 1
39 1
40 2
41 2
42 2
43 2
44 2
45 2
46 2
47 2
48 2
49 2
50 2
51 2
52 2
53 2
54 2
55 2
56 2
57 2
58 2
59 2
60 3
61 3
62 3
63 3
64 3
65 3
66 3
67 3
68 3
69 3
70 3
71 3
72 3
73 3
74 3
75 3
76 3
77 3
78 3
79 3
80 4
81 4
82 4
83 4
84 4
85 4
86 4
87 4
88 4
89 4
90 4
91 4
92 4
93 4
94 4
95 4
96 4
97 4
98 4
99 4
100 5
101 5
102 5
103 5
104 5
105 5
106 5
107 5
108 5
109 5
110 5
111 5
112 5
113 5
114 5
115 5
116 5
117 5
118 5
119 5
120 6
121 6
122 6
123 6
124 6
125 6
126 6
127 6
128 6
129 6
130 6
131 6
132 6
133 6
134 6
135 6
136 6
137 6
138 6
139 6
140 7
141 7
142 7
143 7
144 7
145 7
146 7
147 7
148 7
149 7
150 7
151 7
152 7
153 7
154 7
155 7
156 7
157 7
158 7
159 7
160 8
161 8
162 8
163 8
164 8
165 8
166 8
167 8
168 8
169 8
170 8
171 8
172 8
173 8
174 8
175 8
176 8
177 8
178 8
179 8
180 9
181 9
182 9
183 9
184 9
185 9
186 9
187 9
188 9
189 9
190 9
191 9
192 9
193 9
194 9
195 9
196 9
197 9
198 9
199 9
200 10
201 10
202 10
203 10
204 10
205 10
206 10
207 10
208 10
209 10
210 10
211 10
212 10
213 10
214 10
215 10
216 10
217 10
218 10
219 10
220 11
221 11
222 11
223 11
224 11
225 11
226 11
227 11
228 11
229 11
230 11
231 11
232 11
233 11
234 11
235 11
236 11
237 11
238 11
239 11
240 12
241 12
242 12
243 12
244 12
245 12
246 12
247 12
248 12
249 12
250 12
251 12
252 12
253 12
254 12
255 12
256 12
257 12
258 12
259 12
260 13
261 13
262 13
263 13
264 13
265 13
266 13
267 13
268 13
269 13
270 13
271 13
272 13
273 13
274 13
275 13
276 13
277 13
278 13
279 13
280 14
281 14
282 14
283 14
284 14
285 14
286 14
287 14
288 14
289 14
290 14
291 14
292 14
293 14
294 14
295 14
296 14
297 14
298 14
299 14
300 15
301 15
302 15
303 15
304 15
305 15
306 15
307 15
308 15
309 15
310 15
311 15
312 15
313 15
314 15
315 15
316 15
317 15
318 15
319 15

4 1 0 0
4 2 0 0
4 3 0 0
4 0 0 0
5 1 0 0
5 3 0 0
5 2 0 0
5 4 0 0
6 3 0 0
6 4 0 0
6 2 0 0
6 5 0 0
7 2 0 0
7 4 0 0
7 5 0 0
7 6 0 0
8 0 0 0
8 3 0 0
8 5 0 0
8 1 0 0
9 1 0 0
9 4 0 0
9 7 0 0
9 8 0 0
10 7 0 0
10 2 0 0
10 5 0 0
10 4 0 0
11 7 0 0
11 8 0 0
11 9 0 0
11 4 0 0
12 10 0 0
12 2 0 0
12 0 0 0
12 7 0 0
13 6 0 0
13 4 0 0
13 5 0 0
13 7 0 0
14 13 0 0
14 10 0 0
14 8 0 0
14 3 0 0
15 3 0 0
15 13 0 0
15 12 0 0
15 2 0 0
16 7 0 0
16 14 0 0
16 2 0 0
16 10 0 0
17 14 0 0
17 12 0 0
17 16 0 0
17 8 0 0
18 4 0 0
18 12 0 0
18 15 0 0
18 13 0 0
19 13 0 0
19 7 0 0
19 8 0 0
19 2 0 0
0 14 0 0
0 10 0 0
0 5 0 0
0 13 0 0
1 6 0 0
1 15 0 0
1 7 0 0
1 19 0 0
2 13 0 0
2 11 0 0
2 17 0 0
2 8 0 0
3 12 0 0
3 13 0 0
3 16 0 0
3 17 0 0
24 23 1 1
24 22 1 1
24 21 1 1
24 20 1 1
25 22 1 1
25 21 1 1
25 24 1 1
25 23 1 1
26 24 1 1
26 20 1 1
26 23 1 1
26 21 1 1
27 20 1 1
27 21 1 1
27 24 1 1
27 26 1 1
28 20 1 1
28 21 1 1
28 25 1 1
28 26 1 1
29 24 1 1
29 28 1 1
29 22 1 1
29 21 1 1
30 22 1 1
30 25 1 1
30 28 1 1
30 29 1 1
31 21 1 1
31 23 1 1
31 30 1 1
31 20 1 1
32 27 1 1
32 29 1 1
32 24 1 1
32 30 1 1
33 20 1 1
33 26 1 1
33 24 1 1
33 27 1 1
34 21 1 1
34 25 1 1
34 30 1 1
34 27 1 1
35 27 1 1
35 31 1 1
35 28 1 1
35 33 1 1
36 27 1 1
36 34 1 1
36 35 1 1
36 31 1 1
37 20 1 1
37 30 1 1
37 33 1 1
37 27 1 1
38 36 1 1
38 23 1 1
38 21 1 1
38 20 1 1
39 31 1 1
39 21 1 1
39 23 1 1
39 26 1 1
20 30 1 1
20 25 1 1
20 36 1 1
20 29 1 1
21 33 1 1
21 32 1 1
21 35 1 1
21 37 1 1
22 31 1 1
22 33 1 1
22 32 1 1
22 28 1 1
23 35 1 1
23 27 1 1
23 28 1 1
23 32 1 1
44 42 2 2
44 41 2 2
44 43 2 2
44 40 2 2
45 40 2 2
45 43 2 2
45 41 2 2
45 44 2 2
46 40 2 2
46 45 2 2
46 43 2 2
46 41 2 2
47 46 2 2
47 45 2 2
47 41 2 2
47 44 2 2
48 42 2 2
48 45 2 2
48 43 2 2
48 44 2 2
49 46 2 2
49 45 2 2
49 44 2 2
49 47 2 2
50 49 2 2
50 47 2 2
50 42 2 2
50 44 2 2
51 40 2 2
51 45 2 2
51 46 2 2
51 48 2 2
52 40 2 2
52 45 2 2
52 50 2 2
52 42 2 2
53 50 2 2
53 46 2 2
53 47 2 2
53 45 2 2
54 53 2 2
54 44 2 2
54 45 2 2
54 52 2 2
55 44 2 2
55 48 2 2
55 42 2 2
55 45 2 2
56 50 2 2
56 54 2 2
56 47 2 2
56 41 2 2
57 52 2 2
57 53 2 2
57 48 2 2
57 41 2 2
58 57 2 2
58 48 2 2
58 43 2 2
58 41 2 2
59 41 2 2
59 42 2 2
59 46 2 2
59 45 2 2
40 56 2 2
40 47 2 2
40 53 2 2
40 55 2 2
41 52 2 2
41 54 2 2
41 48 2 2
41 50 2 2
42 56 2 2
42 58 2 2
42 57 2 2
42 46 2 2
43 49 2 2
43 55 2 2
43 56 2 2
43 57 2 2
64 62 3 3
64 60 3 3
64 63 3 3
64 61 3 3
65 62 3 3
65 60 3 3
65 61 3 3
65 63 3 3
66 63 3 3
66 61 3 3
66 60 3 3
66 64 3 3
67 62 3 3
67 65 3 3
67 61 3 3
67 60 3 3
68 62 3 3
68 64 3 3
68 63 3 3
68 65 3 3
69 60 3 3
69 65 3 3
69 61 3 3
69 67 3 3
70 61 3 3
70 64 3 3
70 67 3 3
70 65 3 3
71 65 3 3
71 68 3 3
71 61 3 3
71 70 3 3
72 67 3 3
72 66 3 3
72 60 3 3
72 70 3 3
73 69 3 3
73 66 3 3
73 63 3 3
73 65 3 3
74 62 3 3
74 67 3 3
74 71 3 3
74 64 3 3
75 66 3 3
75 69 3 3
75 73 3 3
75 74 3 3
76 66 3 3
76 70 3 3
76 73 3 3
76 71 3 3
77 62 3 3
77 71 3 3
77 75 3 3
77 69 3 3
78 73 3 3
78 66 3 3
78 63 3 3
78 68 3 3
79 70 3 3
79 61 3 3
79 65 3 3
79 74 3 3
60 73 3 3
60 68 3 3
60 78 3 3
60 70 3 3
61 75 3 3
61 72 3 3
61 76 3 3
61 74 3 3
62 79 3 3
62 66 3 3
62 72 3 3
62 76 3 3
63 67 3 3
63 72 3 3
63 74 3 3
63 71 3 3
84 81 4 4
84 82 4 4
84 80 4 4
84 83 4 4
85 82 4 4
85 84 4 4
85 81 4 4
85 80 4 4
86 83 4 4
86 84 4 4
86 81 4 4
86 85 4 4
87 83 4 4
87 82 4 4
87 84 4 4
87 86 4 4
88 82 4 4
88 83 4 4
88 84 4 4
88 86 4 4
89 85 4 4
89 86 4 4
89 82 4 4
89 88 4 4
90 83 4 4
90 84 4 4
90 81 4 4
90 82 4 4
91 81 4 4
91 85 4 4
91 89 4 4
91 88 4 4
92 86 4 4
92 81 4 4
92 83 4 4
92 89 4 4
93 83 4 4
93 92 4 4
93 88 4 4
93 87 4 4
94 89 4 4
94 84 4 4
94 83 4 4
94 93 4 4
95 90 4 4
95 92 4 4
95 84 4 4
95 83 4 4
96 86 4 4
96 85 4 4
96 95 4 4
96 81 4 4
97 94 4 4
97 80 4 4
97 85 4 4
97 92 4 4
98 92 4 4
98 88 4 4
98 85 4 4
98 84 4 4
99 96 4 4
99 91 4 4
99 89 4 4
99 85 4 4
80 87 4 4
80 92 4 4
80 93 4 4
80 86 4 4
81 93 4 4
81 95 4 4
81 88 4 4
81 94 4 4
82 97 4 4
82 94 4 4
82 95 4 4
82 86 4 4
83 91 4 4
83 97 4 4
83 89 4 4
83 85 4 4
104 102 5 5
104 101 5 5
104 103 5 5
104 100 5 5
105 104 5 5
105 101 5 5
105 102 5 5
105 103 5 5
106 103 5 5
106 100 5 5
106 105 5 5
106 102 5 5
107 101 5 5
107 104 5 5
107 105 5 5
107 100 5 5
108 102 5 5
108 101 5 5
108 103 5 5
108 104 5 5
109 103 5 5
109 106 5 5
109 105 5 5
109 107 5 5
110 108 5 5
110 107 5 5
110 105 5 5
110 102 5 5
111 104 5 5
111 110 5 5
111 108 5 5
111 103 5 5
112 100 5 5
112 106 5 5
112 101 5 5
112 102 5 5
113 107 5 5
113 111 5 5
113 102 5 5
113 100 5 5
114 104 5 5
114 102 5 5
114 101 5 5
114 113 5 5
115 105 5 5
115 107 5 5
115 109 5 5
115 100 5 5
116 108 5 5
116 104 5 5
116 109 5 5
116 103 5 5
117 115 5 5
117 100 5 5
117 101 5 5
117 102 5 5
118 117 5 5
118 113 5 5
118 105 5 5
118 115 5 5
119 106 5 5
119 107 5 5
119 102 5 5
119 117 5 5
100 114 5 5
100 109 5 5
100 119 5 5
100 118 5 5
101 111 5 5
101 116 5 5
101 118 5 5
101 106 5 5
102 115 5 5
102 116 5 5
102 109 5 5
102 111 5 5
103 114 5 5
103 113 5 5
103 119 5 5
103 110 5 5
124 123 6 6
124 122 6 6
124 121 6 6
124 120 6 6
125 120 6 6
125 122 6 6
125 124 6 6
125 121 6 6
126 120 6 6
126 122 6 6
126 121 6 6
126 123 6 6
127 124 6 6
127 121 6 6
127 126 6 6
127 123 6 6
128 123 6 6
128 124 6 6
128 127 6 6
128 122 6 6
129 126 6 6
129 124 6 6
129 127 6 6
129 121 6 6
130 120 6 6
130 128 6 6
130 125 6 6
130 122 6 6
131 130 6 6
131 124 6 6
131 128 6 6
131 121 6 6
132 122 6 6
132 128 6 6
132 125 6 6
132 130 6 6
133 129 6 6
133 124 6 6
133 125 6 6
133 131 6 6
134 125 6 6
134 129 6 6
134 126 6 6
134 131 6 6
135 133 6 6
135 130 6 6
135 127 6 6
135 128 6 6
136 131 6 6
136 125 6 6
136 122 6 6
136 128 6 6
137 126 6 6
137 130 6 6
137 128 6 6
137 134 6 6
138 128 6 6
138 134 6 6
138 130 6 6
138 132 6 6
139 134 6 6
139 135 6 6
139 127 6 6
139 136 6 6
120 132 6 6
120 136 6 6
120 134 6 6
120 137 6 6
121 130 6 6
121 136 6 6
121 135 6 6
121 138 6 6
122 129 6 6
122 138 6 6
122 135 6 6
122 139 6 6
123 132 6 6
123 137 6 6
123 130 6 6
123 136 6 6
144 143 7 7
144 140 7 7
144 141 7 7
144 142 7 7
145 140 7 7
145 143 7 7
145 141 7 7
145 142 7 7
146 145 7 7
146 140 7 7
146 143 7 7
146 142 7 7
147 145 7 7
147 146 7 7
147 143 7 7
147 142 7 7
148 143 7 7
148 146 7 7
148 145 7 7
148 140 7 7
149 145 7 7
149 147 7 7
149 142 7 7
149 146 7 7
150 148 7 7
150 147 7 7
150 145 7 7
150 141 7 7
151 148 7 7
151 143 7 7
151 146 7 7
151 145 7 7
152 144 7 7
152 140 7 7
152 146 7 7
152 141 7 7
153 143 7 7
153 146 7 7
153 142 7 7
153 151 7 7
154 143 7 7
154 153 7 7
154 145 7 7
154 151 7 7
155 151 7 7
155 154 7 7
155 143 7 7
155 148 7 7
156 145 7 7
156 150 7 7
156 146 7 7
156 140 7 7
157 156 7 7
157 143 7 7
157 147 7 7
157 153 7 7
158 143 7 7
158 151 7 7
158 148 7 7
158 155 7 7
159 151 7 7
159 149 7 7
159 154 7 7
159 142 7 7
140 147 7 7
140 158 7 7
140 155 7 7
140 159 7 7
141 155 7 7
141 146 7 7
141 157 7 7
141 151 7 7
142 148 7 7
142 151 7 7
142 158 7 7
142 156 7 7
143 156 7 7
143 159 7 7
143 150 7 7
143 152 7 7
164 163 8 8
164 160 8 8
164 162 8 8
164 161 8 8
165 162 8 8
165 163 8 8
165 164 8 8
165 160 8 8
166 162 8 8
166 165 8 8
166 164 8 8
166 160 8 8
167 166 8 8
167 161 8 8
167 163 8 8
167 160 8 8
168 167 8 8
168 165 8 8
168 164 8 8
168 166 8 8
169 161 8 8
169 164 8 8
169 160 8 8
169 166 8 8
170 167 8 8
170 169 8 8
170 166 8 8
170 164 8 8
171 170 8 8
171 163 8 8
171 160 8 8
171 161 8 8
172 163 8 8
172 170 8 8
172 167 8 8
172 162 8 8
173 168 8 8
173 160 8 8
173 166 8 8
173 170 8 8
174 169 8 8
174 164 8 8
174 166 8 8
174 163 8 8
175 168 8 8
175 167 8 8
175 172 8 8
175 163 8 8
176 173 8 8
176 167 8 8
176 175 8 8
176 169 8 8
177 165 8 8
177 163 8 8
177 160 8 8
177 168 8 8
178 160 8 8
178 171 8 8
178 166 8 8
178 168 8 8
179 171 8 8
179 160 8 8
179 175 8 8
179 161 8 8
160 175 8 8
160 170 8 8
160 176 8 8
160 172 8 8
161 173 8 8
161 176 8 8
161 172 8 8
161 177 8 8
162 168 8 8
162 178 8 8
162 177 8 8
162 171 8 8
163 168 8 8
163 173 8 8
163 169 8 8
163 176 8 8
184 183 9 9
184 181 9 9
184 182 9 9
184 180 9 9
185 180 9 9
185 183 9 9
185 184 9 9
185 182 9 9
186 183 9 9
186 184 9 9
186 185 9 9
186 181 9 9
187 183 9 9
187 184 9 9
187 186 9 9
187 182 9 9
188 185 9 9
188 180 9 9
188 183 9 9
188 186 9 9
189 182 9 9
189 186 9 9
189 183 9 9
189 181 9 9
190 183 9 9
190 186 9 9
190 182 9 9
190 189 9 9
191 181 9 9
191 186 9 9
191 185 9 9
191 187 9 9
192 185 9 9
192 191 9 9
192 186 9 9
192 182 9 9
193 184 9 9
193 186 9 9
193 192 9 9
193 188 9 9
194 189 9 9
194 190 9 9
194 183 9 9
194 186 9 9
195 190 9 9
195 183 9 9
195 184 9 9
195 181 9 9
196 193 9 9
196 183 9 9
196 182 9 9
196 186 9 9
197 181 9 9
197 186 9 9
197 192 9 9
197 185 9 9
198 195 9 9
198 182 9 9
198 189 9 9
198 196 9 9
199 191 9 9
199 196 9 9
199 195 9 9
199 187 9 9
180 196 9 9
180 197 9 9
180 199 9 9
180 195 9 9
181 198 9 9
181 194 9 9
181 192 9 9
181 190 9 9
182 191 9 9
182 194 9 9
182 195 9 9
182 186 9 9
183 197 9 9
183 198 9 9
183 192 9 9
183 191 9 9
204 203 10 10
204 201 10 10
204 202 10 10
204 200 10 10
205 203 10 10
205 201 10 10
205 202 10 10
205 204 10 10
206 204 10 10
206 200 10 10
206 201 10 10
206 203 10 10
207 201 10 10
207 202 10 10
207 205 10 10
207 204 10 10
208 204 10 10
208 200 10 10
208 206 10 10
208 207 10 10
209 206 10 10
209 204 10 10
209 200 10 10
209 207 10 10
210 204 10 10
210 201 10 10
210 200 10 10
210 208 10 10
211 206 10 10
211 200 10 10
211 209 10 10
211 202 10 10
212 201 10 10
212 209 10 10
212 202 10 10
212 203 10 10
213 211 10 10
213 210 10 10
213 208 10 10
213 203 10 10
214 210 10 10
214 204 10 10
214 208 10 10
214 205 10 10
215 208 10 10
215 202 10 10
215 212 10 10
215 207 10 10
216 207 10 10
216 209 10 10
216 201 10 10
216 206 10 10
217 211 10 10
217 213 10 10
217 206 10 10
217 205 10 10
218 204 10 10
218 214 10 10
218 203 10 10
218 209 10 10
219 202 10 10
219 203 10 10
219 204 10 10
219 214 10 10
200 219 10 10
200 216 10 10
200 214 10 10
200 215 10 10
201 219 10 10
201 217 10 10
201 215 10 10
201 211 10 10
202 213 10 10
202 217 10 10
202 209 10 10
202 206 10 10
203 215 10 10
203 217 10 10
203 208 10 10
203 211 10 10
224 221 11 11
224 222 11 11
224 220 11 11
224 223 11 11
225 223 11 11
225 220 11 11
225 224 11 11
225 222 11 11
226 224 11 11
226 220 11 11
226 221 11 11
226 225 11 11
227 223 11 11
227 224 11 11
227 226 11 11
227 220 11 11
228 224 11 11
228 220 11 11
228 222 11 11
228 221 11 11
229 222 11 11
229 221 11 11
229 220 11 11
229 226 11 11
230 229 11 11
230 226 11 11
230 223 11 11
230 228 11 11
231 224 11 11
231 225 11 11
231 220 11 11
231 226 11 11
232 221 11 11
232 225 11 11
232 226 11 11
232 231 11 11
233 225 11 11
233 228 11 11
233 222 11 11
233 232 11 11
234 226 11 11
234 221 11 11
234 233 11 11
234 231 11 11
235 228 11 11
235 230 11 11
235 224 11 11
235 233 11 11
236 223 11 11
236 232 11 11
236 221 11 11
236 220 11 11
237 236 11 11
237 223 11 11
237 220 11 11
237 227 11 11
238 236 11 11
238 222 11 11
238 231 11 11
238 235 11 11
239 237 11 11
239 238 11 11
239 227 11 11
239 223 11 11
220 233 11 11
220 232 11 11
220 239 11 11
220 234 11 11
221 237 11 11
221 235 11 11
221 231 11 11
221 227 11 11
222 234 11 11
222 227 11 11
222 235 11 11
222 231 11 11
223 238 11 11
223 229 11 11
223 232 11 11
223 228 11 11
244 241 12 12
244 243 12 12
244 242 12 12
244 240 12 12
245 244 12 12
245 242 12 12
245 243 12 12
245 240 12 12
246 245 12 12
246 242 12 12
246 244 12 12
246 243 12 12
247 245 12 12
247 242 12 12
247 240 12 12
247 243 12 12
248 242 12 12
248 243 12 12
248 245 12 12
248 246 12 12
249 242 12 12
249 241 12 12
249 247 12 12
249 243 12 12
250 242 12 12
250 247 12 12
250 244 12 12
250 249 12 12
251 243 12 12
251 244 12 12
251 246 12 12
251 242 12 12
252 244 12 12
252 251 12 12
252 249 12 12
252 241 12 12
253 241 12 12
253 252 12 12
253 249 12 12
253 251 12 12
254 253 12 12
254 252 12 12
254 250 12 12
254 242 12 12
255 247 12 12
255 253 12 12
255 242 12 12
255 245 12 12
256 241 12 12
256 255 12 12
256 243 12 12
256 245 12 12
257 247 12 12
257 244 12 12
257 256 12 12
257 242 12 12
258 246 12 12
258 244 12 12
258 252 12 12
258 254 12 12
259 245 12 12
259 256 12 12
259 255 12 12
259 247 12 12
240 246 12 12
240 248 12 12
240 259 12 12
240 249 12 12
241 258 12 12
241 245 12 12
241 257 12 12
241 250 12 12
242 253 12 12
242 256 12 12
242 258 12 12
242 252 12 12
243 257 12 12
243 258 12 12
243 259 12 12
243 252 12 12
264 260 13 13
264 262 13 13
264 261 13 13
264 263 13 13
265 262 13 13
265 263 13 13
265 260 13 13
265 261 13 13
266 262 13 13
266 263 13 13
266 261 13 13
266 264 13 13
267 260 13 13
267 261 13 13
267 263 13 13
267 266 13 13
268 264 13 13
268 265 13 13
268 267 13 13
268 262 13 13
269 260 13 13
269 264 13 13
269 267 13 13
269 268 13 13
270 262 13 13
270 265 13 13
270 261 13 13
270 266 13 13
271 261 13 13
271 269 13 13
271 260 13 13
271 267 13 13
272 261 13 13
272 262 13 13
272 270 13 13
272 263 13 13
273 260 13 13
273 265 13 13
273 270 13 13
273 266 13 13
274 262 13 13
274 272 13 13
274 266 13 13
274 271 13 13
275 261 13 13
275 265 13 13
275 263 13 13
275 268 13 13
276 263 13 13
276 275 13 13
276 261 13 13
276 272 13 13
277 275 13 13
277 272 13 13
277 261 13 13
277 268 13 13
278 269 13 13
278 276 13 13
278 261 13 13
278 260 13 13
279 271 13 13
279 269 13 13
279 276 13 13
279 260 13 13
260 268 13 13
260 275 13 13
260 274 13 13
260 277 13 13
261 268 13 13
261 269 13 13
261 279 13 13
261 273 13 13
262 267 13 13
262 273 13 13
262 269 13 13
262 279 13 13
263 278 13 13
263 268 13 13
263 269 13 13
263 277 13 13
284 280 14 14
284 282 14 14
284 283 14 14
284 281 14 14
285 284 14 14
285 283 14 14
285 282 14 14
285 280 14 14
286 285 14 14
286 281 14 14
286 284 14 14
286 283 14 14
287 280 14 14
287 286 14 14
287 283 14 14
287 282 14 14
288 282 14 14
288 283 14 14
288 280 14 14
288 286 14 14
289 288 14 14
289 287 14 14
289 285 14 14
289 286 14 14
290 284 14 14
290 286 14 14
290 285 14 14
290 281 14 14
291 280 14 14
291 288 14 14
291 283 14 14
291 289 14 14
292 288 14 14
292 287 14 14
292 285 14 14
292 280 14 14
293 281 14 14
293 291 14 14
293 284 14 14
293 286 14 14
294 282 14 14
294 291 14 14
294 286 14 14
294 280 14 14
295 284 14 14
295 280 14 14
295 293 14 14
295 289 14 14
296 281 14 14
296 280 14 14
296 289 14 14
296 282 14 14
297 288 14 14
297 294 14 14
297 283 14 14
297 291 14 14
298 292 14 14
298 295 14 14
298 293 14 14
298 280 14 14
299 298 14 14
299 285 14 14
299 288 14 14
299 283 14 14
280 289 14 14
280 299 14 14
280 286 14 14
280 297 14 14
281 297 14 14
281 291 14 14
281 292 14 14
281 289 14 14
282 289 14 14
282 299 14 14
282 297 14 14
282 295 14 14
283 289 14 14
283 294 14 14
283 292 14 14
283 293 14 14
304 303 15 15
304 300 15 15
304 302 15 15
304 301 15 15
305 301 15 15
305 302 15 15
305 303 15 15
305 304 15 15
306 302 15 15
306 301 15 15
306 303 15 15
306 305 15 15
307 306 15 15
307 305 15 15
307 300 15 15
307 302 15 15
308 306 15 15
308 304 15 15
308 303 15 15
308 301 15 15
309 306 15 15
309 303 15 15
309 301 15 15
309 308 15 15
310 303 15 15
310 302 15 15
310 306 15 15
310 308 15 15
311 308 15 15
311 301 15 15
311 305 15 15
311 307 15 15
312 309 15 15
312 308 15 15
312 300 15 15
312 307 15 15
313 311 15 15
313 305 15 15
313 309 15 15
313 308 15 15
314 307 15 15
314 301 15 15
314 309 15 15
314 305 15 15
315 303 15 15
315 308 15 15
315 302 15 15
315 305 15 15
316 315 15 15
316 311 15 15
316 310 15 15
316 303 15 15
317 302 15 15
317 310 15 15
317 314 15 15
317 306 15 15
318 316 15 15
318 300 15 15
318 305 15 15
318 313 15 15
319 308 15 15
319 301 15 15
319 318 15 15
319 304 15 15
300 305 15 15
300 309 15 15
300 313 15 15
300 308 15 15
301 316 15 15
301 315 15 15
301 313 15 15
301 312 15 15
302 311 15 15
302 309 15 15
302 312 15 15
302 313 15 15
303 319 15 15
303 312 15 15
303 311 15 15
303 318 15 15
97 75 4 3
90 52 4 2
85 34 4 1
86 1 4 0
108 9 5 0
101 53 5 2
119 21 5 1
115 64 5 3
125 57 6 2
130 9 6 0
127 20 6 1
137 66 6 3
153 110 7 5
144 138 7 6
152 52 7 2
153 66 7 3
160 54 8 2
164 88 8 4
172 153 8 7
178 113 8 5
190 43 9 2
199 128 9 6
185 159 9 7
180 71 9 3
216 150 10 7
212 17 10 0
210 55 10 2
210 122 10 6
220 198 11 9
226 217 11 10
221 27 11 1
227 12 11 0
256 28 12 1
241 6 12 0
252 188 12 9
251 216 12 10
265 255 13 12
272 114 13 5
267 209 13 10
261 154 13 7
298 151 14 7
298 109 14 5
290 56 14 2
280 219 14 10
300 167 15 8
300 82 15 4
305 38 15 1
312 76 15 3
18 280 0 14
8 272 0 13
8 310 0 15
9 176 0 8
22 299 1 14
29 215 1 10
33 176 1 8
29 150 1 7
50 308 2 15
48 243 2 12
44 234 2 11
40 263 2 13
61 289 3 14
76 177 3 8
70 251 3 12
70 275 3 13
