swNum = 320
edgeNum = 1344

0 0
1 0
2 0
3 0
4 0
5 0
6 0
7 0
8 0
9 0
10 0
11 0
12 0
13 0
14 0
15 0
16 0
17 0
18 0
19 0
20 1
21 1
22 1
23 1
24 1
25 1
26 1
27 1
28 1
29 1
30 1
31 1
32 1
33 1
34 1
35 1
36 1
37 1
38 1
39 1
40 2
41 2
42 2
43 2
44 2
45 2
46 2
47 2
48 2
49 2
50 2
51 2
52 2
53 2
54 2
55 2
56 2
57 2
58 2
59 2
60 3
61 3
62 3
63 3
64 3
65 3
66 3
67 3
68 3
69 3
70 3
71 3
72 3
73 3
74 3
75 3
76 3
77 3
78 3
79 3
80 4
81 4
82 4
83 4
84 4
85 4
86 4
87 4
88 4
89 4
90 4
91 4
92 4
93 4
94 4
95 4
96 4
97 4
98 4
99 4
100 5
101 5
102 5
103 5
104 5
105 5
106 5
107 5
108 5
109 5
110 5
111 5
112 5
113 5
114 5
115 5
116 5
117 5
118 5
119 5
120 6
121 6
122 6
123 6
124 6
125 6
126 6
127 6
128 6
129 6
130 6
131 6
132 6
133 6
134 6
135 6
136 6
137 6
138 6
139 6
140 7
141 7
142 7
143 7
144 7
145 7
146 7
147 7
148 7
149 7
150 7
151 7
152 7
153 7
154 7
155 7
156 7
157 7
158 7
159 7
160 8
161 8
162 8
163 8
164 8
165 8
166 8
167 8
168 8
169 8
170 8
171 8
172 8
173 8
174 8
175 8
176 8
177 8
178 8
179 8
180 9
181 9
182 9
183 9
184 9
185 9
186 9
187 9
188 9
189 9
190 9
191 9
192 9
193 9
194 9
195 9
196 9
197 9
198 9
199 9
200 10
201 10
202 10
203 10
204 10
205 10
206 10
207 10
208 10
209 10
210 10
211 10
212 10
213 10
214 10
215 10
216 10
217 10
218 10
219 10
220 11
221 11
222 11
223 11
224 11
225 11
226 11
227 11
228 11
229 11
230 11
231 11
232 11
233 11
234 11
235 11
236 11
237 11
238 11
239 11
240 12
241 12
242 12
243 12
244 12
245 12
246 12
247 12
248 12
249 12
250 12
251 12
252 12
253 12
254 12
255 12
256 12
257 12
258 12
259 12
260 13
261 13
262 13
263 13
264 13
265 13
266 13
267 13
268 13
269 13
270 13
271 13
272 13
273 13
274 13
275 13
276 13
277 13
278 13
279 13
280 14
281 14
282 14
283 14
284 14
285 14
286 14
287 14
288 14
289 14
290 14
291 14
292 14
293 14
294 14
295 14
296 14
297 14
298 14
299 14
300 15
301 15
302 15
303 15
304 15
305 15
306 15
307 15
308 15
309 15
310 15
311 15
312 15
313 15
314 15
315 15
316 15
317 15
318 15
319 15

4 1 0 0
4 2 0 0
4 3 0 0
4 0 0 0
5 1 0 0
5 3 0 0
5 2 0 0
5 4 0 0
6 3 0 0
6 1 0 0
6 0 0 0
6 5 0 0
7 0 0 0
7 6 0 0
7 1 0 0
7 3 0 0
8 6 0 0
8 1 0 0
8 5 0 0
8 0 0 0
9 0 0 0
9 5 0 0
9 4 0 0
9 7 0 0
10 8 0 0
10 6 0 0
10 9 0 0
10 4 0 0
11 8 0 0
11 9 0 0
11 7 0 0
11 3 0 0
12 3 0 0
12 0 0 0
12 10 0 0
12 9 0 0
13 2 0 0
13 7 0 0
13 0 0 0
13 12 0 0
14 2 0 0
14 8 0 0
14 0 0 0
14 9 0 0
15 12 0 0
15 13 0 0
15 4 0 0
15 8 0 0
16 15 0 0
16 11 0 0
16 14 0 0
16 13 0 0
17 16 0 0
17 8 0 0
17 6 0 0
17 10 0 0
18 17 0 0
18 6 0 0
18 14 0 0
18 15 0 0
19 2 0 0
19 5 0 0
19 10 0 0
19 4 0 0
0 18 0 0
0 10 0 0
0 19 0 0
0 17 0 0
1 14 0 0
1 13 0 0
1 9 0 0
1 11 0 0
2 6 0 0
2 11 0 0
2 9 0 0
2 18 0 0
3 19 0 0
3 18 0 0
3 13 0 0
3 17 0 0
24 23 1 1
24 22 1 1
24 20 1 1
24 21 1 1
25 20 1 1
25 21 1 1
25 23 1 1
25 22 1 1
26 25 1 1
26 22 1 1
26 21 1 1
26 23 1 1
27 24 1 1
27 21 1 1
27 26 1 1
27 23 1 1
28 22 1 1
28 24 1 1
28 23 1 1
28 21 1 1
29 21 1 1
29 26 1 1
29 23 1 1
29 22 1 1
30 26 1 1
30 28 1 1
30 25 1 1
30 21 1 1
31 22 1 1
31 21 1 1
31 24 1 1
31 27 1 1
32 23 1 1
32 20 1 1
32 29 1 1
32 24 1 1
33 28 1 1
33 24 1 1
33 27 1 1
33 20 1 1
34 31 1 1
34 23 1 1
34 24 1 1
34 22 1 1
35 20 1 1
35 27 1 1
35 22 1 1
35 34 1 1
36 35 1 1
36 26 1 1
36 33 1 1
36 25 1 1
37 25 1 1
37 33 1 1
37 24 1 1
37 30 1 1
38 29 1 1
38 28 1 1
38 30 1 1
38 27 1 1
39 25 1 1
39 38 1 1
39 37 1 1
39 24 1 1
20 36 1 1
20 26 1 1
20 37 1 1
20 29 1 1
21 37 1 1
21 36 1 1
21 38 1 1
21 33 1 1
22 38 1 1
22 32 1 1
22 30 1 1
22 27 1 1
23 38 1 1
23 39 1 1
23 35 1 1
23 31 1 1
44 43 2 2
44 40 2 2
44 42 2 2
44 41 2 2
45 42 2 2
45 43 2 2
45 41 2 2
45 40 2 2
46 41 2 2
46 45 2 2
46 43 2 2
46 42 2 2
47 44 2 2
47 40 2 2
47 41 2 2
47 43 2 2
48 44 2 2
48 47 2 2
48 40 2 2
48 43 2 2
49 47 2 2
49 41 2 2
49 48 2 2
49 42 2 2
50 43 2 2
50 42 2 2
50 44 2 2
50 48 2 2
51 43 2 2
51 40 2 2
51 50 2 2
51 48 2 2
52 42 2 2
52 49 2 2
52 43 2 2
52 51 2 2
53 49 2 2
53 41 2 2
53 48 2 2
53 42 2 2
54 41 2 2
54 43 2 2
54 52 2 2
54 44 2 2
55 54 2 2
55 42 2 2
55 40 2 2
55 51 2 2
56 42 2 2
56 49 2 2
56 51 2 2
56 45 2 2
57 44 2 2
57 51 2 2
57 41 2 2
57 47 2 2
58 47 2 2
58 43 2 2
58 40 2 2
58 54 2 2
59 55 2 2
59 56 2 2
59 41 2 2
59 52 2 2
40 57 2 2
40 59 2 2
40 52 2 2
40 49 2 2
41 58 2 2
41 55 2 2
41 51 2 2
41 48 2 2
42 54 2 2
42 59 2 2
42 51 2 2
42 57 2 2
43 49 2 2
43 56 2 2
43 59 2 2
43 55 2 2
64 60 3 3
64 63 3 3
64 61 3 3
64 62 3 3
65 60 3 3
65 61 3 3
65 64 3 3
65 63 3 3
66 62 3 3
66 64 3 3
66 63 3 3
66 61 3 3
67 65 3 3
67 61 3 3
67 60 3 3
67 63 3 3
68 67 3 3
68 61 3 3
68 63 3 3
68 65 3 3
69 64 3 3
69 62 3 3
69 60 3 3
69 67 3 3
70 62 3 3
70 68 3 3
70 69 3 3
70 64 3 3
71 67 3 3
71 60 3 3
71 62 3 3
71 63 3 3
72 67 3 3
72 63 3 3
72 71 3 3
72 60 3 3
73 63 3 3
73 64 3 3
73 70 3 3
73 69 3 3
74 69 3 3
74 63 3 3
74 68 3 3
74 67 3 3
75 60 3 3
75 70 3 3
75 62 3 3
75 72 3 3
76 67 3 3
76 71 3 3
76 75 3 3
76 62 3 3
77 60 3 3
77 61 3 3
77 72 3 3
77 68 3 3
78 76 3 3
78 73 3 3
78 60 3 3
78 64 3 3
79 66 3 3
79 70 3 3
79 67 3 3
79 64 3 3
60 68 3 3
60 70 3 3
60 73 3 3
60 74 3 3
61 75 3 3
61 72 3 3
61 78 3 3
61 70 3 3
62 78 3 3
62 73 3 3
62 67 3 3
62 77 3 3
63 76 3 3
63 75 3 3
63 77 3 3
63 78 3 3
84 83 4 4
84 82 4 4
84 80 4 4
84 81 4 4
85 84 4 4
85 83 4 4
85 82 4 4
85 80 4 4
86 81 4 4
86 83 4 4
86 84 4 4
86 82 4 4
87 85 4 4
87 84 4 4
87 82 4 4
87 80 4 4
88 84 4 4
88 82 4 4
88 85 4 4
88 80 4 4
89 85 4 4
89 84 4 4
89 81 4 4
89 82 4 4
90 87 4 4
90 81 4 4
90 83 4 4
90 88 4 4
91 89 4 4
91 82 4 4
91 81 4 4
91 84 4 4
92 82 4 4
92 84 4 4
92 88 4 4
92 90 4 4
93 91 4 4
93 92 4 4
93 89 4 4
93 81 4 4
94 86 4 4
94 89 4 4
94 84 4 4
94 82 4 4
95 85 4 4
95 88 4 4
95 80 4 4
95 84 4 4
96 89 4 4
96 85 4 4
96 80 4 4
96 84 4 4
97 95 4 4
97 81 4 4
97 88 4 4
97 90 4 4
98 93 4 4
98 96 4 4
98 87 4 4
98 92 4 4
99 83 4 4
99 80 4 4
99 96 4 4
99 82 4 4
80 97 4 4
80 98 4 4
80 93 4 4
80 92 4 4
81 95 4 4
81 94 4 4
81 87 4 4
81 88 4 4
82 98 4 4
82 96 4 4
82 93 4 4
82 90 4 4
83 95 4 4
83 94 4 4
83 88 4 4
83 97 4 4
104 103 5 5
104 102 5 5
104 100 5 5
104 101 5 5
105 103 5 5
105 100 5 5
105 102 5 5
105 104 5 5
106 101 5 5
106 104 5 5
106 100 5 5
106 103 5 5
107 104 5 5
107 102 5 5
107 103 5 5
107 101 5 5
108 104 5 5
108 107 5 5
108 106 5 5
108 103 5 5
109 102 5 5
109 105 5 5
109 101 5 5
109 100 5 5
110 102 5 5
110 101 5 5
110 100 5 5
110 105 5 5
111 100 5 5
111 102 5 5
111 109 5 5
111 101 5 5
112 109 5 5
112 104 5 5
112 105 5 5
112 110 5 5
113 108 5 5
113 104 5 5
113 102 5 5
113 106 5 5
114 109 5 5
114 100 5 5
114 102 5 5
114 101 5 5
115 109 5 5
115 103 5 5
115 114 5 5
115 107 5 5
116 111 5 5
116 108 5 5
116 114 5 5
116 110 5 5
117 107 5 5
117 113 5 5
117 115 5 5
117 111 5 5
118 112 5 5
118 110 5 5
118 116 5 5
118 105 5 5
119 114 5 5
119 118 5 5
119 102 5 5
119 116 5 5
100 107 5 5
100 116 5 5
100 119 5 5
100 115 5 5
101 115 5 5
101 116 5 5
101 105 5 5
101 112 5 5
102 115 5 5
102 116 5 5
102 112 5 5
102 106 5 5
103 116 5 5
103 113 5 5
103 117 5 5
103 114 5 5
124 122 6 6
124 121 6 6
124 123 6 6
124 120 6 6
125 123 6 6
125 124 6 6
125 121 6 6
125 122 6 6
126 124 6 6
126 123 6 6
126 120 6 6
126 125 6 6
127 120 6 6
127 125 6 6
127 123 6 6
127 124 6 6
128 127 6 6
128 123 6 6
128 125 6 6
128 120 6 6
129 125 6 6
129 127 6 6
129 123 6 6
129 121 6 6
130 127 6 6
130 129 6 6
130 125 6 6
130 123 6 6
131 121 6 6
131 125 6 6
131 123 6 6
131 124 6 6
132 122 6 6
132 128 6 6
132 120 6 6
132 125 6 6
133 121 6 6
133 131 6 6
133 129 6 6
133 124 6 6
134 122 6 6
134 128 6 6
134 133 6 6
134 121 6 6
135 122 6 6
135 124 6 6
135 131 6 6
135 126 6 6
136 135 6 6
136 134 6 6
136 126 6 6
136 131 6 6
137 135 6 6
137 122 6 6
137 121 6 6
137 126 6 6
138 121 6 6
138 135 6 6
138 123 6 6
138 136 6 6
139 121 6 6
139 128 6 6
139 129 6 6
139 120 6 6
120 137 6 6
120 125 6 6
120 129 6 6
120 130 6 6
121 126 6 6
121 135 6 6
121 127 6 6
121 132 6 6
122 126 6 6
122 131 6 6
122 136 6 6
122 129 6 6
123 139 6 6
123 132 6 6
123 136 6 6
123 134 6 6
144 140 7 7
144 142 7 7
144 141 7 7
144 143 7 7
145 143 7 7
145 140 7 7
145 141 7 7
145 142 7 7
146 143 7 7
146 145 7 7
146 140 7 7
146 142 7 7
147 143 7 7
147 141 7 7
147 144 7 7
147 145 7 7
148 140 7 7
148 142 7 7
148 145 7 7
148 144 7 7
149 141 7 7
149 144 7 7
149 147 7 7
149 143 7 7
150 140 7 7
150 148 7 7
150 144 7 7
150 149 7 7
151 142 7 7
151 145 7 7
151 143 7 7
151 149 7 7
152 142 7 7
152 147 7 7
152 151 7 7
152 144 7 7
153 149 7 7
153 140 7 7
153 151 7 7
153 145 7 7
154 146 7 7
154 153 7 7
154 145 7 7
154 149 7 7
155 142 7 7
155 154 7 7
155 145 7 7
155 152 7 7
156 141 7 7
156 142 7 7
156 140 7 7
156 149 7 7
157 152 7 7
157 143 7 7
157 142 7 7
157 140 7 7
158 150 7 7
158 148 7 7
158 151 7 7
158 147 7 7
159 147 7 7
159 158 7 7
159 149 7 7
159 150 7 7
140 158 7 7
140 155 7 7
140 154 7 7
140 152 7 7
141 158 7 7
141 146 7 7
141 150 7 7
141 148 7 7
142 153 7 7
142 147 7 7
142 150 7 7
142 154 7 7
143 158 7 7
143 148 7 7
143 152 7 7
143 150 7 7
164 161 8 8
164 160 8 8
164 163 8 8
164 162 8 8
165 163 8 8
165 160 8 8
165 162 8 8
165 161 8 8
166 161 8 8
166 164 8 8
166 163 8 8
166 165 8 8
167 164 8 8
167 166 8 8
167 162 8 8
167 161 8 8
168 166 8 8
168 165 8 8
168 167 8 8
168 162 8 8
169 164 8 8
169 167 8 8
169 160 8 8
169 166 8 8
170 166 8 8
170 163 8 8
170 164 8 8
170 161 8 8
171 160 8 8
171 164 8 8
171 168 8 8
171 167 8 8
172 165 8 8
172 171 8 8
172 168 8 8
172 161 8 8
173 165 8 8
173 167 8 8
173 160 8 8
173 170 8 8
174 173 8 8
174 164 8 8
174 167 8 8
174 170 8 8
175 161 8 8
175 163 8 8
175 173 8 8
175 168 8 8
176 173 8 8
176 171 8 8
176 162 8 8
176 169 8 8
177 175 8 8
177 171 8 8
177 174 8 8
177 172 8 8
178 176 8 8
178 161 8 8
178 172 8 8
178 175 8 8
179 161 8 8
179 168 8 8
179 167 8 8
179 174 8 8
160 177 8 8
160 178 8 8
160 168 8 8
160 179 8 8
161 176 8 8
161 171 8 8
161 168 8 8
161 177 8 8
162 178 8 8
162 175 8 8
162 170 8 8
162 166 8 8
163 171 8 8
163 179 8 8
163 176 8 8
163 174 8 8
184 180 9 9
184 182 9 9
184 181 9 9
184 183 9 9
185 184 9 9
185 180 9 9
185 181 9 9
185 182 9 9
186 180 9 9
186 183 9 9
186 185 9 9
186 181 9 9
187 184 9 9
187 180 9 9
187 183 9 9
187 181 9 9
188 185 9 9
188 186 9 9
188 183 9 9
188 182 9 9
189 187 9 9
189 186 9 9
189 188 9 9
189 180 9 9
190 189 9 9
190 186 9 9
190 188 9 9
190 181 9 9
191 181 9 9
191 183 9 9
191 187 9 9
191 184 9 9
192 181 9 9
192 190 9 9
192 183 9 9
192 182 9 9
193 180 9 9
193 187 9 9
193 184 9 9
193 181 9 9
194 187 9 9
194 188 9 9
194 193 9 9
194 189 9 9
195 192 9 9
195 185 9 9
195 188 9 9
195 182 9 9
196 184 9 9
196 185 9 9
196 195 9 9
196 180 9 9
197 181 9 9
197 196 9 9
197 187 9 9
197 185 9 9
198 189 9 9
198 182 9 9
198 192 9 9
198 191 9 9
199 191 9 9
199 193 9 9
199 186 9 9
199 189 9 9
180 194 9 9
180 198 9 9
180 192 9 9
180 191 9 9
181 195 9 9
181 189 9 9
181 198 9 9
181 194 9 9
182 189 9 9
182 187 9 9
182 197 9 9
182 194 9 9
183 190 9 9
183 198 9 9
183 195 9 9
183 193 9 9
204 202 10 10
204 200 10 10
204 201 10 10
204 203 10 10
205 202 10 10
205 200 10 10
205 203 10 10
205 201 10 10
206 203 10 10
206 204 10 10
206 200 10 10
206 205 10 10
207 204 10 10
207 203 10 10
207 200 10 10
207 206 10 10
208 200 10 10
208 201 10 10
208 204 10 10
208 206 10 10
209 202 10 10
209 203 10 10
209 206 10 10
209 205 10 10
210 206 10 10
210 207 10 10
210 200 10 10
210 203 10 10
211 200 10 10
211 207 10 10
211 206 10 10
211 210 10 10
212 209 10 10
212 200 10 10
212 204 10 10
212 203 10 10
213 206 10 10
213 201 10 10
213 207 10 10
213 209 10 10
214 201 10 10
214 211 10 10
214 207 10 10
214 204 10 10
215 204 10 10
215 201 10 10
215 202 10 10
215 209 10 10
216 208 10 10
216 215 10 10
216 202 10 10
216 207 10 10
217 206 10 10
217 214 10 10
217 208 10 10
217 202 10 10
218 214 10 10
218 208 10 10
218 211 10 10
218 207 10 10
219 214 10 10
219 200 10 10
219 204 10 10
219 217 10 10
200 217 10 10
200 215 10 10
200 209 10 10
200 214 10 10
201 218 10 10
201 211 10 10
201 207 10 10
201 210 10 10
202 219 10 10
202 214 10 10
202 212 10 10
202 210 10 10
203 219 10 10
203 213 10 10
203 214 10 10
203 216 10 10
224 223 11 11
224 222 11 11
224 220 11 11
224 221 11 11
225 221 11 11
225 220 11 11
225 223 11 11
225 222 11 11
226 221 11 11
226 224 11 11
226 225 11 11
226 220 11 11
227 223 11 11
227 225 11 11
227 221 11 11
227 222 11 11
228 224 11 11
228 221 11 11
228 223 11 11
228 222 11 11
229 224 11 11
229 220 11 11
229 222 11 11
229 221 11 11
230 223 11 11
230 229 11 11
230 220 11 11
230 227 11 11
231 224 11 11
231 229 11 11
231 220 11 11
231 223 11 11
232 231 11 11
232 224 11 11
232 226 11 11
232 230 11 11
233 229 11 11
233 230 11 11
233 227 11 11
233 232 11 11
234 231 11 11
234 220 11 11
234 226 11 11
234 224 11 11
235 229 11 11
235 221 11 11
235 220 11 11
235 225 11 11
236 224 11 11
236 228 11 11
236 234 11 11
236 229 11 11
237 222 11 11
237 236 11 11
237 224 11 11
237 226 11 11
238 231 11 11
238 220 11 11
238 230 11 11
238 237 11 11
239 226 11 11
239 231 11 11
239 236 11 11
239 238 11 11
220 239 11 11
220 232 11 11
220 227 11 11
220 236 11 11
221 237 11 11
221 234 11 11
221 232 11 11
221 238 11 11
222 233 11 11
222 230 11 11
222 236 11 11
222 231 11 11
223 235 11 11
223 233 11 11
223 238 11 11
223 237 11 11
244 242 12 12
244 243 12 12
244 240 12 12
244 241 12 12
245 242 12 12
245 243 12 12
245 244 12 12
245 240 12 12
246 245 12 12
246 241 12 12
246 242 12 12
246 244 12 12
247 243 12 12
247 246 12 12
247 241 12 12
247 240 12 12
248 246 12 12
248 240 12 12
248 241 12 12
248 243 12 12
249 248 12 12
249 242 12 12
249 246 12 12
249 247 12 12
250 243 12 12
250 248 12 12
250 245 12 12
250 249 12 12
251 242 12 12
251 248 12 12
251 240 12 12
251 244 12 12
252 241 12 12
252 248 12 12
252 249 12 12
252 247 12 12
253 242 12 12
253 241 12 12
253 244 12 12
253 252 12 12
254 242 12 12
254 246 12 12
254 244 12 12
254 253 12 12
255 240 12 12
255 248 12 12
255 253 12 12
255 242 12 12
256 245 12 12
256 240 12 12
256 251 12 12
256 254 12 12
257 253 12 12
257 246 12 12
257 245 12 12
257 255 12 12
258 246 12 12
258 244 12 12
258 241 12 12
258 249 12 12
259 252 12 12
259 257 12 12
259 253 12 12
259 256 12 12
240 252 12 12
240 259 12 12
240 257 12 12
240 246 12 12
241 255 12 12
241 254 12 12
241 257 12 12
241 249 12 12
242 257 12 12
242 259 12 12
242 250 12 12
242 256 12 12
243 249 12 12
243 257 12 12
243 251 12 12
243 258 12 12
264 260 13 13
264 263 13 13
264 261 13 13
264 262 13 13
265 260 13 13
265 263 13 13
265 264 13 13
265 261 13 13
266 262 13 13
266 265 13 13
266 261 13 13
266 260 13 13
267 261 13 13
267 262 13 13
267 263 13 13
267 266 13 13
268 265 13 13
268 264 13 13
268 262 13 13
268 266 13 13
269 265 13 13
269 267 13 13
269 261 13 13
269 262 13 13
270 268 13 13
270 269 13 13
270 262 13 13
270 266 13 13
271 264 13 13
271 266 13 13
271 268 13 13
271 270 13 13
272 261 13 13
272 264 13 13
272 270 13 13
272 266 13 13
273 260 13 13
273 265 13 13
273 264 13 13
273 263 13 13
274 260 13 13
274 273 13 13
274 270 13 13
274 272 13 13
275 264 13 13
275 267 13 13
275 269 13 13
275 261 13 13
276 275 13 13
276 265 13 13
276 268 13 13
276 263 13 13
277 264 13 13
277 273 13 13
277 263 13 13
277 267 13 13
278 262 13 13
278 260 13 13
278 267 13 13
278 269 13 13
279 273 13 13
279 276 13 13
279 265 13 13
279 262 13 13
260 279 13 13
260 277 13 13
260 272 13 13
260 268 13 13
261 274 13 13
261 270 13 13
261 279 13 13
261 273 13 13
262 271 13 13
262 272 13 13
262 274 13 13
262 276 13 13
263 279 13 13
263 272 13 13
263 274 13 13
263 269 13 13
284 283 14 14
284 281 14 14
284 282 14 14
284 280 14 14
285 283 14 14
285 281 14 14
285 284 14 14
285 280 14 14
286 284 14 14
286 280 14 14
286 282 14 14
286 283 14 14
287 280 14 14
287 285 14 14
287 281 14 14
287 284 14 14
288 281 14 14
288 287 14 14
288 286 14 14
288 283 14 14
289 283 14 14
289 282 14 14
289 281 14 14
289 284 14 14
290 288 14 14
290 289 14 14
290 287 14 14
290 281 14 14
291 285 14 14
291 289 14 14
291 283 14 14
291 281 14 14
292 286 14 14
292 280 14 14
292 291 14 14
292 290 14 14
293 288 14 14
293 289 14 14
293 290 14 14
293 284 14 14
294 293 14 14
294 290 14 14
294 288 14 14
294 281 14 14
295 286 14 14
295 294 14 14
295 283 14 14
295 281 14 14
296 284 14 14
296 282 14 14
296 290 14 14
296 281 14 14
297 291 14 14
297 283 14 14
297 293 14 14
297 285 14 14
298 281 14 14
298 285 14 14
298 286 14 14
298 295 14 14
299 284 14 14
299 283 14 14
299 296 14 14
299 291 14 14
280 299 14 14
280 291 14 14
280 296 14 14
280 298 14 14
281 299 14 14
281 297 14 14
281 293 14 14
281 286 14 14
282 299 14 14
282 294 14 14
282 285 14 14
282 295 14 14
283 298 14 14
283 287 14 14
283 296 14 14
283 294 14 14
304 302 15 15
304 303 15 15
304 301 15 15
304 300 15 15
305 302 15 15
305 304 15 15
305 300 15 15
305 301 15 15
306 300 15 15
306 302 15 15
306 305 15 15
306 303 15 15
307 304 15 15
307 305 15 15
307 306 15 15
307 302 15 15
308 300 15 15
308 303 15 15
308 306 15 15
308 301 15 15
309 301 15 15
309 307 15 15
309 306 15 15
309 303 15 15
310 301 15 15
310 306 15 15
310 308 15 15
310 305 15 15
311 300 15 15
311 301 15 15
311 304 15 15
311 305 15 15
312 302 15 15
312 311 15 15
312 305 15 15
312 304 15 15
313 305 15 15
313 304 15 15
313 306 15 15
313 310 15 15
314 313 15 15
314 307 15 15
314 303 15 15
314 305 15 15
315 307 15 15
315 314 15 15
315 305 15 15
315 308 15 15
316 310 15 15
316 300 15 15
316 305 15 15
316 301 15 15
317 314 15 15
317 301 15 15
317 305 15 15
317 312 15 15
318 310 15 15
318 305 15 15
318 309 15 15
318 307 15 15
319 311 15 15
319 317 15 15
319 305 15 15
319 301 15 15
300 313 15 15
300 310 15 15
300 318 15 15
300 312 15 15
301 318 15 15
301 306 15 15
301 314 15 15
301 312 15 15
302 309 15 15
302 316 15 15
302 311 15 15
302 313 15 15
303 311 15 15
303 312 15 15
303 318 15 15
303 313 15 15
94 33 4 1
93 50 4 2
98 8 4 0
97 75 4 3
101 8 5 0
112 46 5 2
104 29 5 1
117 93 5 4
122 21 6 1
134 112 6 5
132 1 6 0
128 73 6 3
149 86 7 4
151 61 7 3
155 47 7 2
150 23 7 1
170 78 8 3
172 93 8 4
176 7 8 0
167 107 8 5
183 42 9 2
198 134 9 6
187 118 9 5
188 30 9 1
205 140 10 7
211 188 10 9
214 81 10 4
208 17 10 0
225 91 11 4
227 11 11 0
232 205 11 10
233 147 11 7
251 111 12 5
252 142 12 7
257 185 12 9
252 98 12 4
264 101 13 5
261 226 13 11
279 253 13 12
271 192 13 9
282 69 14 3
297 169 14 8
296 268 14 13
290 14 14 0
315 222 15 11
318 122 15 6
309 269 15 13
314 188 15 9
9 187 0 9
9 317 0 15
1 151 0 7
7 275 0 13
36 287 1 14
37 263 1 13
36 305 1 15
22 247 1 12
47 267 2 13
45 286 2 14
43 257 2 12
52 301 2 15
66 105 3 5
67 318 3 15
60 260 3 13
77 238 3 11
