swNum = 320
edgeNum = 1342

0 0
1 0
2 0
3 0
4 0
5 0
6 0
7 0
8 0
9 0
10 0
11 0
12 0
13 0
14 0
15 0
16 0
17 0
18 0
19 0
20 1
21 1
22 1
23 1
24 1
25 1
26 1
27 1
28 1
29 1
30 1
31 1
32 1
33 1
34 1
35 1
36 1
37 1
38 1
39 1
40 2
41 2
42 2
43 2
44 2
45 2
46 2
47 2
48 2
49 2
50 2
51 2
52 2
53 2
54 2
55 2
56 2
57 2
58 2
59 2
60 3
61 3
62 3
63 3
64 3
65 3
66 3
67 3
68 3
69 3
70 3
71 3
72 3
73 3
74 3
75 3
76 3
77 3
78 3
79 3
80 4
81 4
82 4
83 4
84 4
85 4
86 4
87 4
88 4
89 4
90 4
91 4
92 4
93 4
94 4
95 4
96 4
97 4
98 4
99 4
100 5
101 5
102 5
103 5
104 5
105 5
106 5
107 5
108 5
109 5
110 5
111 5
112 5
113 5
114 5
115 5
116 5
117 5
118 5
119 5
120 6
121 6
122 6
123 6
124 6
125 6
126 6
127 6
128 6
129 6
130 6
131 6
132 6
133 6
134 6
135 6
136 6
137 6
138 6
139 6
140 7
141 7
142 7
143 7
144 7
145 7
146 7
147 7
148 7
149 7
150 7
151 7
152 7
153 7
154 7
155 7
156 7
157 7
158 7
159 7
160 8
161 8
162 8
163 8
164 8
165 8
166 8
167 8
168 8
169 8
170 8
171 8
172 8
173 8
174 8
175 8
176 8
177 8
178 8
179 8
180 9
181 9
182 9
183 9
184 9
185 9
186 9
187 9
188 9
189 9
190 9
191 9
192 9
193 9
194 9
195 9
196 9
197 9
198 9
199 9
200 10
201 10
202 10
203 10
204 10
205 10
206 10
207 10
208 10
209 10
210 10
211 10
212 10
213 10
214 10
215 10
216 10
217 10
218 10
219 10
220 11
221 11
222 11
223 11
224 11
225 11
226 11
227 11
228 11
229 11
230 11
231 11
232 11
233 11
234 11
235 11
236 11
237 11
238 11
239 11
240 12
241 12
242 12
243 12
244 12
245 12
246 12
247 12
248 12
249 12
250 12
251 12
252 12
253 12
254 12
255 12
256 12
257 12
258 12
259 12
260 13
261 13
262 13
263 13
264 13
265 13
266 13
267 13
268 13
269 13
270 13
271 13
272 13
273 13
274 13
275 13
276 13
277 13
278 13
279 13
280 14
281 14
282 14
283 14
284 14
285 14
286 14
287 14
288 14
289 14
290 14
291 14
292 14
293 14
294 14
295 14
296 14
297 14
298 14
299 14
300 15
301 15
302 15
303 15
304 15
305 15
306 15
307 15
308 15
309 15
310 15
311 15
312 15
313 15
314 15
315 15
316 15
317 15
318 15
319 15

4 0 0 0
4 2 0 0
4 1 0 0
4 3 0 0
5 0 0 0
5 3 0 0
5 4 0 0
5 1 0 0
6 3 0 0
6 0 0 0
6 5 0 0
6 1 0 0
7 4 0 0
7 5 0 0
7 6 0 0
7 1 0 0
8 6 0 0
8 0 0 0
8 2 0 0
8 3 0 0
9 7 0 0
9 3 0 0
9 0 0 0
9 4 0 0
10 7 0 0
10 8 0 0
10 4 0 0
10 0 0 0
11 3 0 0
11 4 0 0
11 7 0 0
11 5 0 0
12 4 0 0
12 8 0 0
12 2 0 0
12 7 0 0
13 12 0 0
13 1 0 0
13 3 0 0
13 9 0 0
14 9 0 0
14 4 0 0
14 11 0 0
14 7 0 0
15 2 0 0
15 7 0 0
15 4 0 0
15 0 0 0
16 1 0 0
16 3 0 0
16 2 0 0
16 13 0 0
17 13 0 0
17 4 0 0
17 2 0 0
17 0 0 0
18 11 0 0
18 0 0 0
18 16 0 0
18 3 0 0
19 12 0 0
19 6 0 0
19 18 0 0
19 17 0 0
0 11 0 0
0 16 0 0
0 14 0 0
0 13 0 0
1 8 0 0
1 12 0 0
1 17 0 0
1 9 0 0
2 13 0 0
2 10 0 0
2 5 0 0
2 18 0 0
3 7 0 0
3 19 0 0
3 10 0 0
3 14 0 0
24 21 1 1
24 23 1 1
24 22 1 1
24 20 1 1
25 21 1 1
25 23 1 1
25 24 1 1
25 22 1 1
26 22 1 1
26 23 1 1
26 21 1 1
26 20 1 1
27 24 1 1
27 26 1 1
27 20 1 1
27 25 1 1
28 20 1 1
28 23 1 1
28 24 1 1
28 27 1 1
29 26 1 1
29 22 1 1
29 20 1 1
29 27 1 1
30 24 1 1
30 28 1 1
30 21 1 1
30 22 1 1
31 25 1 1
31 29 1 1
31 22 1 1
31 24 1 1
32 21 1 1
32 23 1 1
32 29 1 1
32 20 1 1
33 25 1 1
33 29 1 1
33 32 1 1
33 27 1 1
34 29 1 1
34 26 1 1
34 28 1 1
34 30 1 1
35 23 1 1
35 32 1 1
35 26 1 1
35 24 1 1
36 32 1 1
36 24 1 1
36 35 1 1
36 25 1 1
37 33 1 1
37 36 1 1
37 25 1 1
37 35 1 1
38 36 1 1
38 23 1 1
38 35 1 1
38 31 1 1
39 29 1 1
39 21 1 1
39 32 1 1
39 24 1 1
20 30 1 1
20 34 1 1
20 38 1 1
20 39 1 1
21 35 1 1
21 38 1 1
21 37 1 1
21 29 1 1
22 34 1 1
22 38 1 1
22 36 1 1
22 37 1 1
23 39 1 1
23 33 1 1
23 36 1 1
23 27 1 1
44 41 2 2
44 40 2 2
44 42 2 2
44 43 2 2
45 41 2 2
45 42 2 2
45 40 2 2
45 43 2 2
46 40 2 2
46 44 2 2
46 42 2 2
46 41 2 2
47 45 2 2
47 43 2 2
47 42 2 2
47 44 2 2
48 46 2 2
48 41 2 2
48 44 2 2
48 43 2 2
49 46 2 2
49 41 2 2
49 48 2 2
49 42 2 2
50 42 2 2
50 45 2 2
50 43 2 2
50 44 2 2
51 47 2 2
51 42 2 2
51 50 2 2
51 48 2 2
52 40 2 2
52 44 2 2
52 42 2 2
52 51 2 2
53 47 2 2
53 48 2 2
53 51 2 2
53 50 2 2
54 47 2 2
54 46 2 2
54 51 2 2
54 43 2 2
55 40 2 2
55 50 2 2
55 43 2 2
55 48 2 2
56 51 2 2
56 40 2 2
56 43 2 2
56 47 2 2
57 43 2 2
57 41 2 2
57 52 2 2
57 48 2 2
58 54 2 2
58 47 2 2
58 57 2 2
58 51 2 2
59 55 2 2
59 50 2 2
59 58 2 2
59 44 2 2
40 49 2 2
40 58 2 2
40 50 2 2
40 59 2 2
41 58 2 2
41 51 2 2
41 50 2 2
41 59 2 2
42 59 2 2
42 53 2 2
42 48 2 2
42 58 2 2
43 59 2 2
43 53 2 2
43 51 2 2
43 46 2 2
64 62 3 3
64 60 3 3
64 63 3 3
64 61 3 3
65 63 3 3
65 62 3 3
65 64 3 3
65 61 3 3
66 62 3 3
66 60 3 3
66 64 3 3
66 61 3 3
67 63 3 3
67 62 3 3
67 61 3 3
67 65 3 3
68 67 3 3
68 63 3 3
68 61 3 3
68 62 3 3
69 66 3 3
69 65 3 3
69 60 3 3
69 64 3 3
70 60 3 3
70 69 3 3
70 63 3 3
70 64 3 3
71 63 3 3
71 66 3 3
71 68 3 3
71 60 3 3
72 66 3 3
72 71 3 3
72 62 3 3
72 63 3 3
73 71 3 3
73 62 3 3
73 69 3 3
73 70 3 3
74 64 3 3
74 60 3 3
74 71 3 3
74 65 3 3
75 73 3 3
75 64 3 3
75 70 3 3
75 63 3 3
76 61 3 3
76 66 3 3
76 63 3 3
76 67 3 3
77 69 3 3
77 75 3 3
77 70 3 3
77 71 3 3
78 65 3 3
78 74 3 3
78 68 3 3
78 67 3 3
79 61 3 3
79 73 3 3
79 65 3 3
79 62 3 3
60 77 3 3
60 76 3 3
60 79 3 3
60 68 3 3
61 74 3 3
61 71 3 3
61 75 3 3
61 77 3 3
62 76 3 3
62 71 3 3
62 75 3 3
62 70 3 3
63 79 3 3
63 78 3 3
63 73 3 3
63 74 3 3
84 80 4 4
84 82 4 4
84 81 4 4
84 83 4 4
85 81 4 4
85 80 4 4
85 84 4 4
85 82 4 4
86 85 4 4
86 81 4 4
86 82 4 4
86 80 4 4
87 86 4 4
87 84 4 4
87 85 4 4
87 81 4 4
88 84 4 4
88 87 4 4
88 82 4 4
88 83 4 4
89 80 4 4
89 85 4 4
89 81 4 4
89 88 4 4
90 86 4 4
90 84 4 4
90 88 4 4
90 85 4 4
91 90 4 4
91 88 4 4
91 84 4 4
91 81 4 4
92 82 4 4
92 89 4 4
92 83 4 4
92 87 4 4
93 88 4 4
93 84 4 4
93 91 4 4
93 86 4 4
94 93 4 4
94 92 4 4
94 80 4 4
94 88 4 4
95 85 4 4
95 93 4 4
95 90 4 4
95 84 4 4
96 90 4 4
96 80 4 4
96 84 4 4
96 85 4 4
97 89 4 4
97 88 4 4
97 90 4 4
97 81 4 4
98 86 4 4
98 84 4 4
98 91 4 4
98 89 4 4
99 98 4 4
99 89 4 4
99 87 4 4
99 81 4 4
80 93 4 4
80 87 4 4
80 99 4 4
80 88 4 4
81 90 4 4
81 98 4 4
81 88 4 4
81 96 4 4
82 98 4 4
82 93 4 4
82 89 4 4
82 90 4 4
83 91 4 4
83 89 4 4
83 85 4 4
83 90 4 4
104 101 5 5
104 100 5 5
104 103 5 5
104 102 5 5
105 103 5 5
105 101 5 5
105 100 5 5
105 102 5 5
106 103 5 5
106 101 5 5
106 100 5 5
106 105 5 5
107 106 5 5
107 100 5 5
107 101 5 5
107 102 5 5
108 100 5 5
108 105 5 5
108 103 5 5
108 101 5 5
109 104 5 5
109 106 5 5
109 100 5 5
109 107 5 5
110 107 5 5
110 105 5 5
110 104 5 5
110 108 5 5
111 104 5 5
111 108 5 5
111 100 5 5
111 106 5 5
112 111 5 5
112 105 5 5
112 110 5 5
112 103 5 5
113 105 5 5
113 100 5 5
113 109 5 5
113 104 5 5
114 106 5 5
114 108 5 5
114 113 5 5
114 100 5 5
115 102 5 5
115 110 5 5
115 101 5 5
115 104 5 5
116 106 5 5
116 111 5 5
116 101 5 5
116 110 5 5
117 104 5 5
117 110 5 5
117 107 5 5
117 102 5 5
118 101 5 5
118 108 5 5
118 103 5 5
118 116 5 5
119 109 5 5
119 104 5 5
119 110 5 5
119 116 5 5
100 112 5 5
100 110 5 5
100 119 5 5
100 116 5 5
101 117 5 5
101 114 5 5
101 109 5 5
101 110 5 5
102 110 5 5
102 106 5 5
102 116 5 5
102 109 5 5
103 114 5 5
103 119 5 5
103 107 5 5
103 116 5 5
124 120 6 6
124 122 6 6
124 121 6 6
124 123 6 6
125 124 6 6
125 121 6 6
125 123 6 6
125 120 6 6
126 123 6 6
126 121 6 6
126 120 6 6
126 122 6 6
127 124 6 6
127 121 6 6
127 123 6 6
127 125 6 6
128 122 6 6
128 124 6 6
128 121 6 6
128 123 6 6
129 124 6 6
129 120 6 6
129 123 6 6
129 127 6 6
130 129 6 6
130 123 6 6
130 125 6 6
130 122 6 6
131 125 6 6
131 123 6 6
131 128 6 6
131 122 6 6
132 130 6 6
132 123 6 6
132 128 6 6
132 122 6 6
133 126 6 6
133 123 6 6
133 125 6 6
133 130 6 6
134 123 6 6
134 125 6 6
134 124 6 6
134 121 6 6
135 123 6 6
135 133 6 6
135 127 6 6
135 132 6 6
136 133 6 6
136 121 6 6
136 135 6 6
136 123 6 6
137 126 6 6
137 123 6 6
137 135 6 6
137 127 6 6
138 126 6 6
138 133 6 6
138 125 6 6
138 135 6 6
139 136 6 6
139 124 6 6
139 137 6 6
139 138 6 6
120 138 6 6
120 127 6 6
120 134 6 6
120 135 6 6
121 138 6 6
121 135 6 6
121 133 6 6
121 137 6 6
122 139 6 6
122 135 6 6
122 134 6 6
122 138 6 6
123 139 6 6
123 138 6 6
144 142 7 7
144 143 7 7
144 141 7 7
144 140 7 7
145 141 7 7
145 143 7 7
145 144 7 7
145 142 7 7
146 142 7 7
146 145 7 7
146 143 7 7
146 140 7 7
147 140 7 7
147 146 7 7
147 144 7 7
147 142 7 7
148 147 7 7
148 142 7 7
148 141 7 7
148 146 7 7
149 145 7 7
149 146 7 7
149 142 7 7
149 143 7 7
150 147 7 7
150 146 7 7
150 143 7 7
150 144 7 7
151 144 7 7
151 150 7 7
151 146 7 7
151 142 7 7
152 150 7 7
152 151 7 7
152 148 7 7
152 149 7 7
153 143 7 7
153 142 7 7
153 148 7 7
153 149 7 7
154 147 7 7
154 140 7 7
154 146 7 7
154 144 7 7
155 140 7 7
155 150 7 7
155 147 7 7
155 152 7 7
156 146 7 7
156 153 7 7
156 143 7 7
156 144 7 7
157 146 7 7
157 155 7 7
157 152 7 7
157 151 7 7
158 157 7 7
158 147 7 7
158 148 7 7
158 144 7 7
159 147 7 7
159 143 7 7
159 157 7 7
159 153 7 7
140 151 7 7
140 150 7 7
140 148 7 7
140 152 7 7
141 152 7 7
141 156 7 7
141 153 7 7
141 154 7 7
142 157 7 7
142 159 7 7
142 150 7 7
142 155 7 7
143 152 7 7
143 155 7 7
143 158 7 7
143 154 7 7
164 163 8 8
164 162 8 8
164 161 8 8
164 160 8 8
165 164 8 8
165 162 8 8
165 160 8 8
165 161 8 8
166 163 8 8
166 165 8 8
166 162 8 8
166 164 8 8
167 162 8 8
167 164 8 8
167 166 8 8
167 163 8 8
168 166 8 8
168 167 8 8
168 163 8 8
168 165 8 8
169 163 8 8
169 162 8 8
169 165 8 8
169 167 8 8
170 163 8 8
170 165 8 8
170 166 8 8
170 168 8 8
171 162 8 8
171 161 8 8
171 167 8 8
171 160 8 8
172 161 8 8
172 165 8 8
172 171 8 8
172 160 8 8
173 168 8 8
173 165 8 8
173 167 8 8
173 172 8 8
174 166 8 8
174 165 8 8
174 163 8 8
174 164 8 8
175 171 8 8
175 169 8 8
175 161 8 8
175 165 8 8
176 173 8 8
176 166 8 8
176 168 8 8
176 162 8 8
177 162 8 8
177 167 8 8
177 173 8 8
177 169 8 8
178 168 8 8
178 177 8 8
178 161 8 8
178 171 8 8
179 163 8 8
179 171 8 8
179 160 8 8
179 161 8 8
160 169 8 8
160 178 8 8
160 170 8 8
160 174 8 8
161 177 8 8
161 174 8 8
161 169 8 8
161 167 8 8
162 174 8 8
162 178 8 8
162 172 8 8
162 168 8 8
163 178 8 8
163 165 8 8
163 177 8 8
163 171 8 8
184 182 9 9
184 183 9 9
184 180 9 9
184 181 9 9
185 182 9 9
185 183 9 9
185 180 9 9
185 181 9 9
186 184 9 9
186 180 9 9
186 183 9 9
186 182 9 9
187 182 9 9
187 186 9 9
187 185 9 9
187 184 9 9
188 185 9 9
188 184 9 9
188 186 9 9
188 187 9 9
189 181 9 9
189 182 9 9
189 183 9 9
189 185 9 9
190 180 9 9
190 181 9 9
190 182 9 9
190 183 9 9
191 189 9 9
191 183 9 9
191 186 9 9
191 190 9 9
192 183 9 9
192 190 9 9
192 181 9 9
192 180 9 9
193 183 9 9
193 192 9 9
193 191 9 9
193 188 9 9
194 187 9 9
194 190 9 9
194 185 9 9
194 180 9 9
195 191 9 9
195 194 9 9
195 192 9 9
195 193 9 9
196 186 9 9
196 187 9 9
196 193 9 9
196 180 9 9
197 182 9 9
197 183 9 9
197 196 9 9
197 188 9 9
198 190 9 9
198 182 9 9
198 181 9 9
198 191 9 9
199 197 9 9
199 196 9 9
199 180 9 9
199 192 9 9
180 187 9 9
180 195 9 9
180 188 9 9
180 197 9 9
181 193 9 9
181 195 9 9
181 191 9 9
181 194 9 9
182 194 9 9
182 188 9 9
182 196 9 9
182 191 9 9
183 195 9 9
183 196 9 9
183 194 9 9
183 198 9 9
204 200 10 10
204 201 10 10
204 203 10 10
204 202 10 10
205 203 10 10
205 202 10 10
205 200 10 10
205 201 10 10
206 203 10 10
206 202 10 10
206 205 10 10
206 200 10 10
207 205 10 10
207 203 10 10
207 200 10 10
207 206 10 10
208 201 10 10
208 205 10 10
208 204 10 10
208 207 10 10
209 205 10 10
209 202 10 10
209 206 10 10
209 204 10 10
210 207 10 10
210 203 10 10
210 200 10 10
210 202 10 10
211 206 10 10
211 202 10 10
211 201 10 10
211 203 10 10
212 207 10 10
212 202 10 10
212 201 10 10
212 211 10 10
213 203 10 10
213 201 10 10
213 211 10 10
213 206 10 10
214 203 10 10
214 201 10 10
214 211 10 10
214 212 10 10
215 204 10 10
215 203 10 10
215 200 10 10
215 211 10 10
216 200 10 10
216 207 10 10
216 205 10 10
216 202 10 10
217 209 10 10
217 211 10 10
217 201 10 10
217 205 10 10
218 212 10 10
218 217 10 10
218 202 10 10
218 201 10 10
219 202 10 10
219 215 10 10
219 205 10 10
219 203 10 10
200 211 10 10
200 214 10 10
200 213 10 10
200 219 10 10
201 206 10 10
201 216 10 10
201 210 10 10
201 209 10 10
202 217 10 10
202 207 10 10
202 214 10 10
202 213 10 10
203 212 10 10
203 216 10 10
203 209 10 10
203 217 10 10
224 220 11 11
224 222 11 11
224 223 11 11
224 221 11 11
225 222 11 11
225 221 11 11
225 224 11 11
225 223 11 11
226 222 11 11
226 223 11 11
226 224 11 11
226 220 11 11
227 221 11 11
227 224 11 11
227 220 11 11
227 222 11 11
228 225 11 11
228 221 11 11
228 226 11 11
228 227 11 11
229 224 11 11
229 222 11 11
229 228 11 11
229 225 11 11
230 228 11 11
230 221 11 11
230 222 11 11
230 225 11 11
231 228 11 11
231 227 11 11
231 229 11 11
231 221 11 11
232 228 11 11
232 225 11 11
232 230 11 11
232 221 11 11
233 231 11 11
233 228 11 11
233 230 11 11
233 225 11 11
234 222 11 11
234 231 11 11
234 220 11 11
234 224 11 11
235 224 11 11
235 226 11 11
235 234 11 11
235 230 11 11
236 234 11 11
236 235 11 11
236 233 11 11
236 220 11 11
237 225 11 11
237 224 11 11
237 229 11 11
237 226 11 11
238 220 11 11
238 226 11 11
238 225 11 11
238 232 11 11
239 227 11 11
239 236 11 11
239 221 11 11
239 226 11 11
220 228 11 11
220 225 11 11
220 233 11 11
220 232 11 11
221 234 11 11
221 229 11 11
221 226 11 11
221 237 11 11
222 237 11 11
222 235 11 11
222 232 11 11
222 231 11 11
223 238 11 11
223 233 11 11
223 235 11 11
223 239 11 11
244 240 12 12
244 242 12 12
244 241 12 12
244 243 12 12
245 243 12 12
245 241 12 12
245 240 12 12
245 242 12 12
246 241 12 12
246 240 12 12
246 245 12 12
246 243 12 12
247 243 12 12
247 241 12 12
247 246 12 12
247 242 12 12
248 246 12 12
248 245 12 12
248 242 12 12
248 244 12 12
249 246 12 12
249 245 12 12
249 242 12 12
249 240 12 12
250 249 12 12
250 248 12 12
250 246 12 12
250 247 12 12
251 243 12 12
251 249 12 12
251 240 12 12
251 241 12 12
252 247 12 12
252 250 12 12
252 249 12 12
252 244 12 12
253 241 12 12
253 240 12 12
253 247 12 12
253 250 12 12
254 243 12 12
254 249 12 12
254 244 12 12
254 252 12 12
255 251 12 12
255 250 12 12
255 252 12 12
255 245 12 12
256 254 12 12
256 243 12 12
256 247 12 12
256 252 12 12
257 253 12 12
257 245 12 12
257 246 12 12
257 255 12 12
258 245 12 12
258 241 12 12
258 244 12 12
258 240 12 12
259 258 12 12
259 244 12 12
259 241 12 12
259 246 12 12
240 259 12 12
240 257 12 12
240 247 12 12
240 254 12 12
241 257 12 12
241 249 12 12
241 255 12 12
241 254 12 12
242 251 12 12
242 256 12 12
242 252 12 12
242 259 12 12
243 259 12 12
243 258 12 12
243 248 12 12
243 250 12 12
264 262 13 13
264 261 13 13
264 260 13 13
264 263 13 13
265 261 13 13
265 260 13 13
265 264 13 13
265 262 13 13
266 261 13 13
266 265 13 13
266 264 13 13
266 260 13 13
267 264 13 13
267 260 13 13
267 261 13 13
267 262 13 13
268 267 13 13
268 264 13 13
268 261 13 13
268 262 13 13
269 262 13 13
269 267 13 13
269 265 13 13
269 266 13 13
270 264 13 13
270 267 13 13
270 268 13 13
270 263 13 13
271 266 13 13
271 270 13 13
271 269 13 13
271 267 13 13
272 267 13 13
272 268 13 13
272 270 13 13
272 262 13 13
273 270 13 13
273 267 13 13
273 272 13 13
273 260 13 13
274 269 13 13
274 265 13 13
274 266 13 13
274 264 13 13
275 273 13 13
275 263 13 13
275 267 13 13
275 266 13 13
276 265 13 13
276 271 13 13
276 261 13 13
276 266 13 13
277 264 13 13
277 261 13 13
277 272 13 13
277 274 13 13
278 272 13 13
278 260 13 13
278 270 13 13
278 267 13 13
279 266 13 13
279 268 13 13
279 260 13 13
279 262 13 13
260 268 13 13
260 276 13 13
260 275 13 13
260 271 13 13
261 275 13 13
261 278 13 13
261 269 13 13
261 279 13 13
262 278 13 13
262 271 13 13
262 273 13 13
262 270 13 13
263 276 13 13
263 272 13 13
263 274 13 13
263 279 13 13
284 283 14 14
284 281 14 14
284 280 14 14
284 282 14 14
285 281 14 14
285 282 14 14
285 284 14 14
285 283 14 14
286 284 14 14
286 280 14 14
286 281 14 14
286 283 14 14
287 281 14 14
287 280 14 14
287 282 14 14
287 285 14 14
288 282 14 14
288 287 14 14
288 281 14 14
288 285 14 14
289 283 14 14
289 286 14 14
289 281 14 14
289 280 14 14
290 283 14 14
290 282 14 14
290 280 14 14
290 287 14 14
291 285 14 14
291 283 14 14
291 284 14 14
291 281 14 14
292 291 14 14
292 287 14 14
292 285 14 14
292 280 14 14
293 281 14 14
293 291 14 14
293 287 14 14
293 283 14 14
294 283 14 14
294 293 14 14
294 280 14 14
294 281 14 14
295 282 14 14
295 291 14 14
295 285 14 14
295 293 14 14
296 293 14 14
296 282 14 14
296 280 14 14
296 285 14 14
297 294 14 14
297 289 14 14
297 286 14 14
297 282 14 14
298 285 14 14
298 295 14 14
298 281 14 14
298 288 14 14
299 293 14 14
299 287 14 14
299 286 14 14
299 289 14 14
280 293 14 14
280 297 14 14
280 295 14 14
280 291 14 14
281 290 14 14
281 292 14 14
281 295 14 14
281 297 14 14
282 298 14 14
282 292 14 14
282 293 14 14
282 291 14 14
283 296 14 14
283 292 14 14
283 299 14 14
283 298 14 14
304 302 15 15
304 301 15 15
304 300 15 15
304 303 15 15
305 304 15 15
305 303 15 15
305 302 15 15
305 301 15 15
306 305 15 15
306 303 15 15
306 304 15 15
306 301 15 15
307 304 15 15
307 303 15 15
307 300 15 15
307 302 15 15
308 302 15 15
308 307 15 15
308 300 15 15
308 304 15 15
309 300 15 15
309 304 15 15
309 308 15 15
309 303 15 15
310 307 15 15
310 308 15 15
310 302 15 15
310 301 15 15
311 308 15 15
311 309 15 15
311 305 15 15
311 300 15 15
312 311 15 15
312 306 15 15
312 304 15 15
312 309 15 15
313 307 15 15
313 311 15 15
313 308 15 15
313 310 15 15
314 310 15 15
314 302 15 15
314 307 15 15
314 304 15 15
315 307 15 15
315 312 15 15
315 308 15 15
315 304 15 15
316 304 15 15
316 302 15 15
316 312 15 15
316 310 15 15
317 302 15 15
317 301 15 15
317 315 15 15
317 312 15 15
318 307 15 15
318 313 15 15
318 317 15 15
318 304 15 15
319 311 15 15
319 314 15 15
319 304 15 15
319 308 15 15
300 312 15 15
300 318 15 15
300 313 15 15
300 305 15 15
301 316 15 15
301 315 15 15
301 308 15 15
301 312 15 15
302 318 15 15
302 313 15 15
302 309 15 15
302 306 15 15
303 311 15 15
303 313 15 15
303 312 15 15
303 317 15 15
84 63 4 3
94 16 4 0
83 33 4 1
89 41 4 2
109 32 5 1
101 61 5 3
119 14 5 0
105 44 5 2
121 94 6 4
138 27 6 1
129 53 6 2
120 10 6 0
144 121 7 6
140 111 7 5
155 38 7 1
142 63 7 3
167 116 8 5
172 146 8 7
160 98 8 4
166 64 8 3
191 45 9 2
187 140 9 7
183 166 9 8
188 127 9 6
209 72 10 3
202 28 10 1
215 113 10 5
215 183 10 9
234 156 11 7
232 209 11 10
230 119 11 5
225 43 11 2
250 66 12 3
244 0 12 0
245 176 12 8
259 81 12 4
273 192 13 9
268 41 13 2
279 100 13 5
277 216 13 10
296 42 14 2
291 124 14 6
285 35 14 1
280 72 14 3
305 162 15 8
310 61 15 3
300 227 15 11
303 40 15 2
15 263 0 13
9 158 0 7
6 180 0 9
7 290 0 14
38 238 1 11
36 189 1 9
32 316 1 15
20 162 1 8
41 158 2 7
59 170 2 8
59 217 2 10
48 248 2 12
74 229 3 11
79 271 3 13
73 198 3 9
65 136 3 6
