swNum = 320
edgeNum = 1344

0 0
1 0
2 0
3 0
4 0
5 0
6 0
7 0
8 0
9 0
10 0
11 0
12 0
13 0
14 0
15 0
16 0
17 0
18 0
19 0
20 1
21 1
22 1
23 1
24 1
25 1
26 1
27 1
28 1
29 1
30 1
31 1
32 1
33 1
34 1
35 1
36 1
37 1
38 1
39 1
40 2
41 2
42 2
43 2
44 2
45 2
46 2
47 2
48 2
49 2
50 2
51 2
52 2
53 2
54 2
55 2
56 2
57 2
58 2
59 2
60 3
61 3
62 3
63 3
64 3
65 3
66 3
67 3
68 3
69 3
70 3
71 3
72 3
73 3
74 3
75 3
76 3
77 3
78 3
79 3
80 4
81 4
82 4
83 4
84 4
85 4
86 4
87 4
88 4
89 4
90 4
91 4
92 4
93 4
94 4
95 4
96 4
97 4
98 4
99 4
100 5
101 5
102 5
103 5
104 5
105 5
106 5
107 5
108 5
109 5
110 5
111 5
112 5
113 5
114 5
115 5
116 5
117 5
118 5
119 5
120 6
121 6
122 6
123 6
124 6
125 6
126 6
127 6
128 6
129 6
130 6
131 6
132 6
133 6
134 6
135 6
136 6
137 6
138 6
139 6
140 7
141 7
142 7
143 7
144 7
145 7
146 7
147 7
148 7
149 7
150 7
151 7
152 7
153 7
154 7
155 7
156 7
157 7
158 7
159 7
160 8
161 8
162 8
163 8
164 8
165 8
166 8
167 8
168 8
169 8
170 8
171 8
172 8
173 8
174 8
175 8
176 8
177 8
178 8
179 8
180 9
181 9
182 9
183 9
184 9
185 9
186 9
187 9
188 9
189 9
190 9
191 9
192 9
193 9
194 9
195 9
196 9
197 9
198 9
199 9
200 10
201 10
202 10
203 10
204 10
205 10
206 10
207 10
208 10
209 10
210 10
211 10
212 10
213 10
214 10
215 10
216 10
217 10
218 10
219 10
220 11
221 11
222 11
223 11
224 11
225 11
226 11
227 11
228 11
229 11
230 11
231 11
232 11
233 11
234 11
235 11
236 11
237 11
238 11
239 11
240 12
241 12
242 12
243 12
244 12
245 12
246 12
247 12
248 12
249 12
250 12
251 12
252 12
253 12
254 12
255 12
256 12
257 12
258 12
259 12
260 13
261 13
262 13
263 13
264 13
265 13
266 13
267 13
268 13
269 13
270 13
271 13
272 13
273 13
274 13
275 13
276 13
277 13
278 13
279 13
280 14
281 14
282 14
283 14
284 14
285 14
286 14
287 14
288 14
289 14
290 14
291 14
292 14
293 14
294 14
295 14
296 14
297 14
298 14
299 14
300 15
301 15
302 15
303 15
304 15
305 15
306 15
307 15
308 15
309 15
310 15
311 15
312 15
313 15
314 15
315 15
316 15
317 15
318 15
319 15

4 3 0 0
4 1 0 0
4 2 0 0
4 0 0 0
5 3 0 0
5 4 0 0
5 2 0 0
5 1 0 0
6 4 0 0
6 1 0 0
6 5 0 0
6 3 0 0
7 3 0 0
7 2 0 0
7 6 0 0
7 5 0 0
8 6 0 0
8 7 0 0
8 5 0 0
8 2 0 0
9 3 0 0
9 4 0 0
9 7 0 0
9 0 0 0
10 1 0 0
10 9 0 0
10 4 0 0
10 2 0 0
11 9 0 0
11 4 0 0
11 6 0 0
11 8 0 0
12 6 0 0
12 4 0 0
12 3 0 0
12 5 0 0
13 11 0 0
13 5 0 0
13 8 0 0
13 6 0 0
14 13 0 0
14 12 0 0
14 2 0 0
14 5 0 0
15 9 0 0
15 2 0 0
15 13 0 0
15 3 0 0
16 2 0 0
16 0 0 0
16 8 0 0
16 3 0 0
17 4 0 0
17 11 0 0
17 13 0 0
17 12 0 0
18 10 0 0
18 8 0 0
18 17 0 0
18 16 0 0
19 13 0 0
19 16 0 0
19 8 0 0
19 17 0 0
0 8 0 0
0 17 0 0
0 18 0 0
0 10 0 0
1 15 0 0
1 7 0 0
1 9 0 0
1 17 0 0
2 9 0 0
2 13 0 0
2 17 0 0
2 6 0 0
3 11 0 0
3 10 0 0
3 17 0 0
3 14 0 0
24 23 1 1
24 21 1 1
24 22 1 1
24 20 1 1
25 23 1 1
25 24 1 1
25 21 1 1
25 20 1 1
26 24 1 1
26 22 1 1
26 21 1 1
26 20 1 1
27 24 1 1
27 21 1 1
27 23 1 1
27 25 1 1
28 22 1 1
28 27 1 1
28 26 1 1
28 20 1 1
29 27 1 1
29 21 1 1
29 23 1 1
29 24 1 1
30 28 1 1
30 23 1 1
30 25 1 1
30 20 1 1
31 29 1 1
31 23 1 1
31 24 1 1
31 25 1 1
32 22 1 1
32 26 1 1
32 30 1 1
32 21 1 1
33 29 1 1
33 30 1 1
33 26 1 1
33 28 1 1
34 25 1 1
34 32 1 1
34 31 1 1
34 20 1 1
35 30 1 1
35 29 1 1
35 32 1 1
35 23 1 1
36 27 1 1
36 22 1 1
36 26 1 1
36 30 1 1
37 28 1 1
37 24 1 1
37 34 1 1
37 30 1 1
38 37 1 1
38 22 1 1
38 26 1 1
38 20 1 1
39 38 1 1
39 35 1 1
39 20 1 1
39 22 1 1
20 32 1 1
20 36 1 1
20 31 1 1
20 37 1 1
21 28 1 1
21 37 1 1
21 35 1 1
21 31 1 1
22 34 1 1
22 30 1 1
22 31 1 1
22 33 1 1
23 38 1 1
23 37 1 1
23 34 1 1
23 28 1 1
44 40 2 2
44 42 2 2
44 43 2 2
44 41 2 2
45 43 2 2
45 40 2 2
45 42 2 2
45 44 2 2
46 42 2 2
46 40 2 2
46 44 2 2
46 45 2 2
47 46 2 2
47 44 2 2
47 45 2 2
47 42 2 2
48 44 2 2
48 43 2 2
48 47 2 2
48 46 2 2
49 47 2 2
49 40 2 2
49 48 2 2
49 43 2 2
50 45 2 2
50 41 2 2
50 47 2 2
50 42 2 2
51 41 2 2
51 43 2 2
51 50 2 2
51 45 2 2
52 49 2 2
52 48 2 2
52 44 2 2
52 47 2 2
53 41 2 2
53 48 2 2
53 50 2 2
53 45 2 2
54 48 2 2
54 40 2 2
54 41 2 2
54 52 2 2
55 46 2 2
55 45 2 2
55 47 2 2
55 44 2 2
56 48 2 2
56 54 2 2
56 52 2 2
56 49 2 2
57 40 2 2
57 51 2 2
57 55 2 2
57 44 2 2
58 54 2 2
58 43 2 2
58 48 2 2
58 52 2 2
59 49 2 2
59 55 2 2
59 54 2 2
59 57 2 2
40 48 2 2
40 50 2 2
40 53 2 2
40 56 2 2
41 47 2 2
41 48 2 2
41 45 2 2
41 57 2 2
42 53 2 2
42 57 2 2
42 51 2 2
42 52 2 2
43 46 2 2
43 50 2 2
43 53 2 2
43 47 2 2
64 60 3 3
64 61 3 3
64 62 3 3
64 63 3 3
65 60 3 3
65 64 3 3
65 63 3 3
65 62 3 3
66 64 3 3
66 65 3 3
66 61 3 3
66 62 3 3
67 65 3 3
67 66 3 3
67 61 3 3
67 60 3 3
68 63 3 3
68 62 3 3
68 61 3 3
68 60 3 3
69 64 3 3
69 66 3 3
69 62 3 3
69 67 3 3
70 69 3 3
70 61 3 3
70 62 3 3
70 60 3 3
71 70 3 3
71 64 3 3
71 63 3 3
71 60 3 3
72 71 3 3
72 67 3 3
72 60 3 3
72 62 3 3
73 62 3 3
73 61 3 3
73 64 3 3
73 67 3 3
74 64 3 3
74 69 3 3
74 66 3 3
74 67 3 3
75 61 3 3
75 70 3 3
75 63 3 3
75 74 3 3
76 74 3 3
76 61 3 3
76 75 3 3
76 66 3 3
77 72 3 3
77 76 3 3
77 71 3 3
77 62 3 3
78 71 3 3
78 70 3 3
78 68 3 3
78 75 3 3
79 77 3 3
79 71 3 3
79 75 3 3
79 64 3 3
60 77 3 3
60 75 3 3
60 79 3 3
60 76 3 3
61 71 3 3
61 72 3 3
61 65 3 3
61 77 3 3
62 79 3 3
62 75 3 3
62 67 3 3
62 76 3 3
63 77 3 3
63 70 3 3
63 72 3 3
63 73 3 3
84 81 4 4
84 80 4 4
84 83 4 4
84 82 4 4
85 80 4 4
85 84 4 4
85 82 4 4
85 81 4 4
86 82 4 4
86 84 4 4
86 85 4 4
86 81 4 4
87 82 4 4
87 83 4 4
87 85 4 4
87 81 4 4
88 81 4 4
88 87 4 4
88 82 4 4
88 85 4 4
89 85 4 4
89 84 4 4
89 82 4 4
89 81 4 4
90 81 4 4
90 85 4 4
90 80 4 4
90 86 4 4
91 89 4 4
91 86 4 4
91 88 4 4
91 87 4 4
92 83 4 4
92 82 4 4
92 87 4 4
92 89 4 4
93 87 4 4
93 88 4 4
93 92 4 4
93 85 4 4
94 86 4 4
94 82 4 4
94 92 4 4
94 93 4 4
95 91 4 4
95 88 4 4
95 81 4 4
95 93 4 4
96 81 4 4
96 88 4 4
96 95 4 4
96 92 4 4
97 81 4 4
97 83 4 4
97 80 4 4
97 95 4 4
98 92 4 4
98 89 4 4
98 80 4 4
98 97 4 4
99 81 4 4
99 94 4 4
99 80 4 4
99 98 4 4
80 95 4 4
80 86 4 4
80 89 4 4
80 91 4 4
81 94 4 4
81 98 4 4
81 91 4 4
81 93 4 4
82 98 4 4
82 90 4 4
82 93 4 4
82 96 4 4
83 91 4 4
83 85 4 4
83 89 4 4
83 94 4 4
104 102 5 5
104 100 5 5
104 101 5 5
104 103 5 5
105 104 5 5
105 100 5 5
105 101 5 5
105 103 5 5
106 100 5 5
106 104 5 5
106 101 5 5
106 102 5 5
107 101 5 5
107 100 5 5
107 106 5 5
107 102 5 5
108 100 5 5
108 103 5 5
108 106 5 5
108 107 5 5
109 105 5 5
109 100 5 5
109 101 5 5
109 106 5 5
110 100 5 5
110 101 5 5
110 105 5 5
110 107 5 5
111 109 5 5
111 100 5 5
111 101 5 5
111 103 5 5
112 107 5 5
112 110 5 5
112 108 5 5
112 101 5 5
113 100 5 5
113 112 5 5
113 102 5 5
113 109 5 5
114 103 5 5
114 113 5 5
114 108 5 5
114 100 5 5
115 100 5 5
115 111 5 5
115 103 5 5
115 109 5 5
116 105 5 5
116 101 5 5
116 110 5 5
116 109 5 5
117 103 5 5
117 105 5 5
117 114 5 5
117 104 5 5
118 114 5 5
118 112 5 5
118 102 5 5
118 105 5 5
119 104 5 5
119 117 5 5
119 111 5 5
119 112 5 5
100 119 5 5
100 117 5 5
100 118 5 5
100 116 5 5
101 119 5 5
101 118 5 5
101 115 5 5
101 117 5 5
102 109 5 5
102 115 5 5
102 119 5 5
102 117 5 5
103 109 5 5
103 116 5 5
103 110 5 5
103 119 5 5
124 120 6 6
124 122 6 6
124 121 6 6
124 123 6 6
125 120 6 6
125 122 6 6
125 124 6 6
125 123 6 6
126 124 6 6
126 120 6 6
126 122 6 6
126 125 6 6
127 126 6 6
127 123 6 6
127 120 6 6
127 122 6 6
128 124 6 6
128 122 6 6
128 120 6 6
128 126 6 6
129 124 6 6
129 120 6 6
129 123 6 6
129 127 6 6
130 120 6 6
130 122 6 6
130 128 6 6
130 123 6 6
131 122 6 6
131 121 6 6
131 127 6 6
131 124 6 6
132 120 6 6
132 128 6 6
132 124 6 6
132 121 6 6
133 121 6 6
133 128 6 6
133 120 6 6
133 130 6 6
134 127 6 6
134 121 6 6
134 126 6 6
134 122 6 6
135 133 6 6
135 124 6 6
135 126 6 6
135 130 6 6
136 131 6 6
136 126 6 6
136 128 6 6
136 122 6 6
137 130 6 6
137 126 6 6
137 125 6 6
137 124 6 6
138 123 6 6
138 134 6 6
138 120 6 6
138 122 6 6
139 130 6 6
139 131 6 6
139 132 6 6
139 138 6 6
120 131 6 6
120 135 6 6
120 139 6 6
120 137 6 6
121 135 6 6
121 128 6 6
121 129 6 6
121 126 6 6
122 137 6 6
122 139 6 6
122 135 6 6
122 133 6 6
123 128 6 6
123 134 6 6
123 139 6 6
123 137 6 6
144 142 7 7
144 140 7 7
144 141 7 7
144 143 7 7
145 140 7 7
145 141 7 7
145 143 7 7
145 142 7 7
146 144 7 7
146 145 7 7
146 143 7 7
146 141 7 7
147 143 7 7
147 141 7 7
147 146 7 7
147 140 7 7
148 146 7 7
148 145 7 7
148 142 7 7
148 144 7 7
149 140 7 7
149 142 7 7
149 148 7 7
149 144 7 7
150 141 7 7
150 140 7 7
150 147 7 7
150 145 7 7
151 150 7 7
151 140 7 7
151 141 7 7
151 146 7 7
152 143 7 7
152 151 7 7
152 141 7 7
152 147 7 7
153 151 7 7
153 150 7 7
153 147 7 7
153 140 7 7
154 146 7 7
154 153 7 7
154 148 7 7
154 141 7 7
155 150 7 7
155 148 7 7
155 144 7 7
155 143 7 7
156 151 7 7
156 149 7 7
156 145 7 7
156 142 7 7
157 156 7 7
157 145 7 7
157 142 7 7
157 146 7 7
158 140 7 7
158 156 7 7
158 146 7 7
158 144 7 7
159 144 7 7
159 145 7 7
159 143 7 7
159 141 7 7
140 159 7 7
140 146 7 7
140 155 7 7
140 156 7 7
141 155 7 7
141 148 7 7
141 153 7 7
141 157 7 7
142 159 7 7
142 155 7 7
142 158 7 7
142 150 7 7
143 153 7 7
143 151 7 7
143 150 7 7
143 148 7 7
164 163 8 8
164 162 8 8
164 161 8 8
164 160 8 8
165 162 8 8
165 161 8 8
165 160 8 8
165 164 8 8
166 161 8 8
166 163 8 8
166 160 8 8
166 162 8 8
167 160 8 8
167 161 8 8
167 166 8 8
167 164 8 8
168 161 8 8
168 165 8 8
168 160 8 8
168 167 8 8
169 163 8 8
169 165 8 8
169 168 8 8
169 160 8 8
170 164 8 8
170 169 8 8
170 163 8 8
170 167 8 8
171 169 8 8
171 168 8 8
171 160 8 8
171 170 8 8
172 164 8 8
172 170 8 8
172 161 8 8
172 165 8 8
173 165 8 8
173 167 8 8
173 170 8 8
173 164 8 8
174 165 8 8
174 163 8 8
174 168 8 8
174 161 8 8
175 173 8 8
175 162 8 8
175 174 8 8
175 160 8 8
176 175 8 8
176 173 8 8
176 164 8 8
176 162 8 8
177 172 8 8
177 161 8 8
177 171 8 8
177 166 8 8
178 160 8 8
178 173 8 8
178 163 8 8
178 171 8 8
179 174 8 8
179 175 8 8
179 178 8 8
179 162 8 8
160 173 8 8
160 172 8 8
160 177 8 8
160 174 8 8
161 171 8 8
161 178 8 8
161 173 8 8
161 179 8 8
162 173 8 8
162 168 8 8
162 167 8 8
162 171 8 8
163 172 8 8
163 176 8 8
163 179 8 8
163 171 8 8
184 180 9 9
184 183 9 9
184 181 9 9
184 182 9 9
185 180 9 9
185 184 9 9
185 181 9 9
185 183 9 9
186 183 9 9
186 180 9 9
186 185 9 9
186 184 9 9
187 180 9 9
187 182 9 9
187 185 9 9
187 183 9 9
188 186 9 9
188 180 9 9
188 187 9 9
188 183 9 9
189 184 9 9
189 188 9 9
189 182 9 9
189 180 9 9
190 180 9 9
190 188 9 9
190 185 9 9
190 182 9 9
191 184 9 9
191 180 9 9
191 188 9 9
191 185 9 9
192 186 9 9
192 190 9 9
192 180 9 9
192 187 9 9
193 184 9 9
193 183 9 9
193 181 9 9
193 187 9 9
194 181 9 9
194 193 9 9
194 192 9 9
194 185 9 9
195 192 9 9
195 190 9 9
195 180 9 9
195 194 9 9
196 182 9 9
196 189 9 9
196 181 9 9
196 183 9 9
197 185 9 9
197 181 9 9
197 193 9 9
197 184 9 9
198 190 9 9
198 194 9 9
198 191 9 9
198 187 9 9
199 183 9 9
199 185 9 9
199 191 9 9
199 188 9 9
180 198 9 9
180 196 9 9
180 199 9 9
180 194 9 9
181 198 9 9
181 191 9 9
181 192 9 9
181 189 9 9
182 191 9 9
182 198 9 9
182 199 9 9
182 192 9 9
183 189 9 9
183 197 9 9
183 191 9 9
183 190 9 9
204 202 10 10
204 203 10 10
204 201 10 10
204 200 10 10
205 202 10 10
205 200 10 10
205 203 10 10
205 204 10 10
206 202 10 10
206 200 10 10
206 205 10 10
206 203 10 10
207 203 10 10
207 202 10 10
207 200 10 10
207 204 10 10
208 207 10 10
208 205 10 10
208 204 10 10
208 201 10 10
209 205 10 10
209 207 10 10
209 200 10 10
209 208 10 10
210 202 10 10
210 205 10 10
210 203 10 10
210 204 10 10
211 205 10 10
211 208 10 10
211 209 10 10
211 207 10 10
212 207 10 10
212 200 10 10
212 208 10 10
212 205 10 10
213 210 10 10
213 209 10 10
213 212 10 10
213 206 10 10
214 202 10 10
214 211 10 10
214 207 10 10
214 208 10 10
215 211 10 10
215 200 10 10
215 201 10 10
215 214 10 10
216 204 10 10
216 214 10 10
216 215 10 10
216 200 10 10
217 212 10 10
217 208 10 10
217 205 10 10
217 216 10 10
218 217 10 10
218 200 10 10
218 216 10 10
218 208 10 10
219 202 10 10
219 209 10 10
219 215 10 10
219 214 10 10
200 214 10 10
200 219 10 10
200 208 10 10
200 211 10 10
201 211 10 10
201 214 10 10
201 212 10 10
201 219 10 10
202 212 10 10
202 208 10 10
202 211 10 10
202 216 10 10
203 209 10 10
203 214 10 10
203 212 10 10
203 216 10 10
224 221 11 11
224 220 11 11
224 222 11 11
224 223 11 11
225 223 11 11
225 220 11 11
225 222 11 11
225 224 11 11
226 221 11 11
226 220 11 11
226 222 11 11
226 225 11 11
227 223 11 11
227 225 11 11
227 221 11 11
227 226 11 11
228 222 11 11
228 227 11 11
228 225 11 11
228 226 11 11
229 222 11 11
229 220 11 11
229 226 11 11
229 228 11 11
230 226 11 11
230 220 11 11
230 228 11 11
230 224 11 11
231 222 11 11
231 221 11 11
231 226 11 11
231 225 11 11
232 228 11 11
232 229 11 11
232 231 11 11
232 226 11 11
233 225 11 11
233 223 11 11
233 224 11 11
233 227 11 11
234 223 11 11
234 228 11 11
234 220 11 11
234 221 11 11
235 230 11 11
235 226 11 11
235 227 11 11
235 229 11 11
236 224 11 11
236 223 11 11
236 229 11 11
236 225 11 11
237 233 11 11
237 226 11 11
237 236 11 11
237 234 11 11
238 229 11 11
238 232 11 11
238 236 11 11
238 235 11 11
239 228 11 11
239 231 11 11
239 225 11 11
239 234 11 11
220 233 11 11
220 238 11 11
220 228 11 11
220 236 11 11
221 236 11 11
221 233 11 11
221 232 11 11
221 238 11 11
222 233 11 11
222 239 11 11
222 234 11 11
222 235 11 11
223 228 11 11
223 230 11 11
223 226 11 11
223 229 11 11
244 240 12 12
244 242 12 12
244 243 12 12
244 241 12 12
245 243 12 12
245 241 12 12
245 244 12 12
245 242 12 12
246 242 12 12
246 243 12 12
246 240 12 12
246 244 12 12
247 244 12 12
247 242 12 12
247 245 12 12
247 241 12 12
248 242 12 12
248 244 12 12
248 245 12 12
248 246 12 12
249 247 12 12
249 248 12 12
249 242 12 12
249 244 12 12
250 248 12 12
250 244 12 12
250 240 12 12
250 242 12 12
251 242 12 12
251 243 12 12
251 244 12 12
251 246 12 12
252 241 12 12
252 251 12 12
252 245 12 12
252 249 12 12
253 241 12 12
253 240 12 12
253 251 12 12
253 244 12 12
254 252 12 12
254 251 12 12
254 243 12 12
254 245 12 12
255 248 12 12
255 242 12 12
255 249 12 12
255 240 12 12
256 248 12 12
256 245 12 12
256 244 12 12
256 254 12 12
257 255 12 12
257 240 12 12
257 251 12 12
257 250 12 12
258 254 12 12
258 251 12 12
258 245 12 12
258 247 12 12
259 245 12 12
259 256 12 12
259 247 12 12
259 254 12 12
240 249 12 12
240 256 12 12
240 251 12 12
240 254 12 12
241 254 12 12
241 258 12 12
241 251 12 12
241 256 12 12
242 253 12 12
242 257 12 12
242 259 12 12
242 252 12 12
243 248 12 12
243 259 12 12
243 252 12 12
243 247 12 12
264 261 13 13
264 260 13 13
264 263 13 13
264 262 13 13
265 260 13 13
265 264 13 13
265 263 13 13
265 262 13 13
266 262 13 13
266 263 13 13
266 260 13 13
266 264 13 13
267 262 13 13
267 261 13 13
267 264 13 13
267 266 13 13
268 262 13 13
268 266 13 13
268 263 13 13
268 265 13 13
269 264 13 13
269 261 13 13
269 260 13 13
269 262 13 13
270 260 13 13
270 269 13 13
270 265 13 13
270 266 13 13
271 266 13 13
271 267 13 13
271 263 13 13
271 269 13 13
272 265 13 13
272 261 13 13
272 271 13 13
272 267 13 13
273 261 13 13
273 271 13 13
273 268 13 13
273 266 13 13
274 267 13 13
274 266 13 13
274 269 13 13
274 268 13 13
275 270 13 13
275 260 13 13
275 262 13 13
275 264 13 13
276 261 13 13
276 267 13 13
276 272 13 13
276 274 13 13
277 265 13 13
277 274 13 13
277 261 13 13
277 273 13 13
278 273 13 13
278 265 13 13
278 274 13 13
278 272 13 13
279 266 13 13
279 271 13 13
279 269 13 13
279 261 13 13
260 279 13 13
260 271 13 13
260 273 13 13
260 272 13 13
261 266 13 13
261 271 13 13
261 268 13 13
261 270 13 13
262 273 13 13
262 271 13 13
262 270 13 13
262 277 13 13
263 277 13 13
263 269 13 13
263 276 13 13
263 273 13 13
284 282 14 14
284 281 14 14
284 280 14 14
284 283 14 14
285 282 14 14
285 280 14 14
285 281 14 14
285 284 14 14
286 280 14 14
286 285 14 14
286 284 14 14
286 283 14 14
287 286 14 14
287 283 14 14
287 285 14 14
287 280 14 14
288 281 14 14
288 285 14 14
288 287 14 14
288 282 14 14
289 283 14 14
289 286 14 14
289 281 14 14
289 285 14 14
290 281 14 14
290 280 14 14
290 284 14 14
290 289 14 14
291 281 14 14
291 285 14 14
291 289 14 14
291 287 14 14
292 287 14 14
292 289 14 14
292 288 14 14
292 284 14 14
293 283 14 14
293 292 14 14
293 280 14 14
293 284 14 14
294 280 14 14
294 288 14 14
294 292 14 14
294 293 14 14
295 292 14 14
295 293 14 14
295 286 14 14
295 288 14 14
296 286 14 14
296 291 14 14
296 289 14 14
296 293 14 14
297 293 14 14
297 289 14 14
297 284 14 14
297 285 14 14
298 285 14 14
298 290 14 14
298 293 14 14
298 295 14 14
299 289 14 14
299 280 14 14
299 287 14 14
299 293 14 14
280 289 14 14
280 298 14 14
280 288 14 14
280 292 14 14
281 295 14 14
281 298 14 14
281 293 14 14
281 296 14 14
282 294 14 14
282 297 14 14
282 292 14 14
282 290 14 14
283 285 14 14
283 295 14 14
283 297 14 14
283 299 14 14
304 301 15 15
304 302 15 15
304 300 15 15
304 303 15 15
305 300 15 15
305 301 15 15
305 303 15 15
305 302 15 15
306 302 15 15
306 303 15 15
306 305 15 15
306 301 15 15
307 304 15 15
307 305 15 15
307 301 15 15
307 303 15 15
308 303 15 15
308 304 15 15
308 306 15 15
308 301 15 15
309 302 15 15
309 307 15 15
309 305 15 15
309 306 15 15
310 301 15 15
310 300 15 15
310 306 15 15
310 308 15 15
311 302 15 15
311 301 15 15
311 309 15 15
311 307 15 15
312 303 15 15
312 306 15 15
312 301 15 15
312 309 15 15
313 302 15 15
313 310 15 15
313 311 15 15
313 306 15 15
314 303 15 15
314 302 15 15
314 301 15 15
314 309 15 15
315 304 15 15
315 301 15 15
315 312 15 15
315 308 15 15
316 310 15 15
316 313 15 15
316 309 15 15
316 306 15 15
317 315 15 15
317 307 15 15
317 302 15 15
317 313 15 15
318 305 15 15
318 315 15 15
318 309 15 15
318 300 15 15
319 313 15 15
319 310 15 15
319 315 15 15
319 302 15 15
300 315 15 15
300 307 15 15
300 317 15 15
300 309 15 15
301 317 15 15
301 309 15 15
301 313 15 15
301 318 15 15
302 310 15 15
302 307 15 15
302 316 15 15
302 318 15 15
303 319 15 15
303 317 15 15
303 309 15 15
303 318 15 15
98 61 4 3
83 5 4 0
83 58 4 2
85 21 4 1
105 49 5 2
110 29 5 1
113 14 5 0
110 71 5 3
130 83 6 4
133 21 6 1
123 67 6 3
132 42 6 2
152 98 7 4
148 129 7 6
151 73 7 3
148 9 7 0
177 26 8 1
177 13 8 0
164 85 8 4
176 132 8 6
193 59 9 2
182 109 9 5
188 134 9 6
198 73 9 3
207 194 10 9
217 101 10 5
204 169 10 8
203 152 10 7
231 18 11 0
228 199 11 9
236 210 11 10
229 103 11 5
250 211 12 10
246 239 12 11
249 106 12 5
254 132 12 6
275 142 13 7
269 63 13 3
261 46 13 2
269 128 13 6
299 29 14 1
291 58 14 2
286 104 14 5
284 208 14 10
314 97 15 4
316 275 15 13
313 202 15 10
315 245 15 12
4 214 0 10
8 136 0 6
16 264 0 13
5 313 0 15
32 154 1 7
27 217 1 10
29 260 1 13
25 310 1 15
50 306 2 15
41 165 2 8
43 212 2 10
55 231 2 11
73 307 3 15
71 224 3 11
69 213 3 10
66 246 3 12
