swNum = 80
edgeNum = 180

0 0
1 0
2 0
3 0
4 0
5 0
6 0
7 0
8 0
9 0
10 1
11 1
12 1
13 1
14 1
15 1
16 1
17 1
18 1
19 1
20 2
21 2
22 2
23 2
24 2
25 2
26 2
27 2
28 2
29 2
30 3
31 3
32 3
33 3
34 3
35 3
36 3
37 3
38 3
39 3
40 4
41 4
42 4
43 4
44 4
45 4
46 4
47 4
48 4
49 4
50 5
51 5
52 5
53 5
54 5
55 5
56 5
57 5
58 5
59 5
60 6
61 6
62 6
63 6
64 6
65 6
66 6
67 6
68 6
69 6
70 7
71 7
72 7
73 7
74 7
75 7
76 7
77 7
78 7
79 7

2 0 0 0
2 1 0 0
3 2 0 0
3 1 0 0
4 3 0 0
4 2 0 0
5 2 0 0
5 0 0 0
6 3 0 0
6 5 0 0
7 1 0 0
7 4 0 0
8 7 0 0
8 6 0 0
9 5 0 0
9 0 0 0
0 6 0 0
0 4 0 0
1 8 0 0
1 6 0 0
12 11 1 1
12 10 1 1
13 12 1 1
13 10 1 1
14 11 1 1
14 10 1 1
15 11 1 1
15 12 1 1
16 13 1 1
16 12 1 1
17 16 1 1
17 13 1 1
18 10 1 1
18 12 1 1
19 17 1 1
19 18 1 1
10 16 1 1
10 15 1 1
11 18 1 1
11 19 1 1
22 21 2 2
22 20 2 2
23 21 2 2
23 22 2 2
24 21 2 2
24 22 2 2
25 23 2 2
25 20 2 2
26 21 2 2
26 23 2 2
27 26 2 2
27 25 2 2
28 26 2 2
28 27 2 2
29 24 2 2
29 25 2 2
20 23 2 2
20 29 2 2
21 29 2 2
21 28 2 2
32 30 3 3
32 31 3 3
33 31 3 3
33 30 3 3
34 33 3 3
34 32 3 3
35 31 3 3
35 34 3 3
36 33 3 3
36 30 3 3
37 36 3 3
37 35 3 3
38 30 3 3
38 33 3 3
39 30 3 3
39 38 3 3
30 34 3 3
30 37 3 3
31 36 3 3
31 38 3 3
42 40 4 4
42 41 4 4
43 42 4 4
43 40 4 4
44 41 4 4
44 42 4 4
45 43 4 4
45 42 4 4
46 43 4 4
46 42 4 4
47 43 4 4
47 44 4 4
48 47 4 4
48 41 4 4
49 46 4 4
49 41 4 4
40 47 4 4
40 46 4 4
41 43 4 4
41 46 4 4
52 50 5 5
52 51 5 5
53 52 5 5
53 50 5 5
54 52 5 5
54 51 5 5
55 51 5 5
55 52 5 5
56 50 5 5
56 51 5 5
57 50 5 5
57 51 5 5
58 51 5 5
58 53 5 5
59 55 5 5
59 50 5 5
50 55 5 5
50 58 5 5
51 59 5 5
51 53 5 5
62 60 6 6
62 61 6 6
63 62 6 6
63 60 6 6
64 63 6 6
64 61 6 6
65 62 6 6
65 63 6 6
66 65 6 6
66 60 6 6
67 62 6 6
67 64 6 6
68 64 6 6
68 67 6 6
69 65 6 6
69 60 6 6
60 65 6 6
60 68 6 6
61 66 6 6
61 68 6 6
72 71 7 7
72 70 7 7
73 71 7 7
73 72 7 7
74 71 7 7
74 70 7 7
75 70 7 7
75 72 7 7
76 71 7 7
76 75 7 7
77 72 7 7
77 71 7 7
78 70 7 7
78 77 7 7
79 74 7 7
79 71 7 7
70 76 7 7
70 79 7 7
71 75 7 7
71 78 7 7
40 5 4 0
46 25 4 2
43 31 4 3
40 18 4 1
56 2 5 0
50 14 5 1
55 20 5 2
57 35 5 3
69 3 6 0
60 21 6 2
65 19 6 1
67 46 6 4
78 59 7 5
78 7 7 0
74 67 7 6
79 44 7 4
19 72 1 7
23 74 2 7
35 72 3 7
31 63 3 6
