swNum = 80
edgeNum = 180

0 0
1 0
2 0
3 0
4 0
5 0
6 0
7 0
8 0
9 0
10 1
11 1
12 1
13 1
14 1
15 1
16 1
17 1
18 1
19 1
20 2
21 2
22 2
23 2
24 2
25 2
26 2
27 2
28 2
29 2
30 3
31 3
32 3
33 3
34 3
35 3
36 3
37 3
38 3
39 3
40 4
41 4
42 4
43 4
44 4
45 4
46 4
47 4
48 4
49 4
50 5
51 5
52 5
53 5
54 5
55 5
56 5
57 5
58 5
59 5
60 6
61 6
62 6
63 6
64 6
65 6
66 6
67 6
68 6
69 6
70 7
71 7
72 7
73 7
74 7
75 7
76 7
77 7
78 7
79 7

2 1 0 0
2 0 0 0
3 1 0 0
3 0 0 0
4 1 0 0
4 0 0 0
5 0 0 0
5 3 0 0
6 1 0 0
6 3 0 0
7 3 0 0
7 4 0 0
8 2 0 0
8 3 0 0
9 3 0 0
9 0 0 0
0 8 0 0
0 6 0 0
1 9 0 0
1 7 0 0
12 10 1 1
12 11 1 1
13 10 1 1
13 11 1 1
14 12 1 1
14 13 1 1
15 13 1 1
15 11 1 1
16 13 1 1
16 15 1 1
17 11 1 1
17 15 1 1
18 16 1 1
18 11 1 1
19 17 1 1
19 13 1 1
10 19 1 1
10 16 1 1
11 16 1 1
11 14 1 1
22 21 2 2
22 20 2 2
23 21 2 2
23 22 2 2
24 22 2 2
24 23 2 2
25 23 2 2
25 22 2 2
26 21 2 2
26 23 2 2
27 24 2 2
27 23 2 2
28 27 2 2
28 21 2 2
29 23 2 2
29 26 2 2
20 25 2 2
20 26 2 2
21 24 2 2
21 25 2 2
32 31 3 3
32 30 3 3
33 30 3 3
33 31 3 3
34 31 3 3
34 32 3 3
35 30 3 3
35 33 3 3
36 35 3 3
36 32 3 3
37 35 3 3
37 30 3 3
38 34 3 3
38 35 3 3
39 30 3 3
39 35 3 3
30 36 3 3
30 38 3 3
31 36 3 3
31 39 3 3
42 40 4 4
42 41 4 4
43 41 4 4
43 40 4 4
44 40 4 4
44 43 4 4
45 43 4 4
45 40 4 4
46 41 4 4
46 45 4 4
47 43 4 4
47 40 4 4
48 44 4 4
48 46 4 4
49 40 4 4
49 43 4 4
40 46 4 4
40 48 4 4
41 49 4 4
41 47 4 4
52 51 5 5
52 50 5 5
53 51 5 5
53 52 5 5
54 51 5 5
54 50 5 5
55 54 5 5
55 52 5 5
56 50 5 5
56 53 5 5
57 56 5 5
57 55 5 5
58 50 5 5
58 51 5 5
59 53 5 5
59 50 5 5
50 55 5 5
50 53 5 5
51 55 5 5
51 59 5 5
62 60 6 6
62 61 6 6
63 60 6 6
63 62 6 6
64 60 6 6
64 62 6 6
65 64 6 6
65 63 6 6
66 63 6 6
66 64 6 6
67 65 6 6
67 63 6 6
68 62 6 6
68 63 6 6
69 60 6 6
69 67 6 6
60 68 6 6
60 65 6 6
61 69 6 6
61 66 6 6
72 70 7 7
72 71 7 7
73 70 7 7
73 72 7 7
74 70 7 7
74 73 7 7
75 72 7 7
75 73 7 7
76 75 7 7
76 74 7 7
77 71 7 7
77 70 7 7
78 70 7 7
78 76 7 7
79 70 7 7
79 72 7 7
70 75 7 7
70 76 7 7
71 73 7 7
71 76 7 7
49 4 4 0
45 33 4 3
41 21 4 2
40 14 4 1
51 13 5 1
58 9 5 0
58 29 5 2
55 34 5 3
60 49 6 4
61 27 6 2
63 54 6 5
67 5 6 0
79 59 7 5
73 9 7 0
76 16 7 1
75 62 7 6
15 64 1 6
22 79 2 7
30 62 3 6
37 77 3 7
