swNum = 80
edgeNum = 181

0 0
1 0
2 0
3 0
4 0
5 0
6 0
7 0
8 0
9 0
10 1
11 1
12 1
13 1
14 1
15 1
16 1
17 1
18 1
19 1
20 2
21 2
22 2
23 2
24 2
25 2
26 2
27 2
28 2
29 2
30 3
31 3
32 3
33 3
34 3
35 3
36 3
37 3
38 3
39 3
40 4
41 4
42 4
43 4
44 4
45 4
46 4
47 4
48 4
49 4
50 5
51 5
52 5
53 5
54 5
55 5
56 5
57 5
58 5
59 5
60 6
61 6
62 6
63 6
64 6
65 6
66 6
67 6
68 6
69 6
70 7
71 7
72 7
73 7
74 7
75 7
76 7
77 7
78 7
79 7

2 1 0 0
2 0 0 0
3 0 0 0
3 1 0 0
4 1 0 0
4 2 0 0
5 2 0 0
5 3 0 0
6 0 0 0
6 4 0 0
7 0 0 0
7 4 0 0
8 0 0 0
8 2 0 0
9 2 0 0
9 0 0 0
0 4 0 0
0 5 0 0
1 6 0 0
1 9 0 0
12 10 1 1
12 11 1 1
13 11 1 1
13 10 1 1
14 13 1 1
14 11 1 1
15 12 1 1
15 11 1 1
16 12 1 1
16 14 1 1
17 13 1 1
17 14 1 1
18 11 1 1
18 14 1 1
19 12 1 1
19 11 1 1
10 15 1 1
10 19 1 1
11 17 1 1
11 16 1 1
22 20 2 2
22 21 2 2
23 21 2 2
23 20 2 2
24 20 2 2
24 21 2 2
25 22 2 2
25 21 2 2
26 22 2 2
26 21 2 2
27 21 2 2
27 20 2 2
28 23 2 2
28 27 2 2
29 22 2 2
29 25 2 2
20 26 2 2
20 29 2 2
21 28 2 2
21 29 2 2
32 31 3 3
32 30 3 3
33 30 3 3
33 32 3 3
34 33 3 3
34 30 3 3
35 32 3 3
35 33 3 3
36 35 3 3
36 30 3 3
37 36 3 3
37 35 3 3
38 34 3 3
38 37 3 3
39 35 3 3
39 33 3 3
30 35 3 3
30 39 3 3
31 35 3 3
31 39 3 3
42 41 4 4
42 40 4 4
43 40 4 4
43 41 4 4
44 40 4 4
44 43 4 4
45 42 4 4
45 40 4 4
46 45 4 4
46 40 4 4
47 43 4 4
47 44 4 4
48 41 4 4
48 44 4 4
49 40 4 4
49 42 4 4
40 48 4 4
40 47 4 4
41 44 4 4
41 46 4 4
52 50 5 5
52 51 5 5
53 50 5 5
53 52 5 5
54 50 5 5
54 52 5 5
55 51 5 5
55 52 5 5
56 52 5 5
56 55 5 5
57 51 5 5
57 53 5 5
58 50 5 5
58 54 5 5
59 55 5 5
59 50 5 5
50 55 5 5
50 56 5 5
51 56 5 5
51 53 5 5
62 60 6 6
62 61 6 6
63 61 6 6
63 62 6 6
64 63 6 6
64 62 6 6
65 60 6 6
65 62 6 6
66 63 6 6
66 62 6 6
67 62 6 6
67 66 6 6
68 64 6 6
68 61 6 6
69 66 6 6
69 60 6 6
60 67 6 6
60 66 6 6
61 65 6 6
61 64 6 6
72 70 7 7
72 71 7 7
73 71 7 7
73 72 7 7
74 72 7 7
74 70 7 7
75 74 7 7
75 72 7 7
76 71 7 7
76 75 7 7
77 70 7 7
77 74 7 7
78 70 7 7
78 72 7 7
79 71 7 7
79 76 7 7
70 75 7 7
70 73 7 7
71 78 7 7
71 74 7 7
42 31 4 3
40 2 4 0
43 26 4 2
43 14 4 1
59 18 5 1
54 8 5 0
52 43 5 4
52 38 5 3
61 28 6 2
62 16 6 1
62 40 6 4
67 55 6 5
77 19 7 1
76 42 7 4
71 28 7 2
72 67 7 6
3 67 0 6
7 76 0 7
22 50 2 5
38 63 3 6
36 74 3 7
