swNum = 80
edgeNum = 181

0 0
1 0
2 0
3 0
4 0
5 0
6 0
7 0
8 0
9 0
10 1
11 1
12 1
13 1
14 1
15 1
16 1
17 1
18 1
19 1
20 2
21 2
22 2
23 2
24 2
25 2
26 2
27 2
28 2
29 2
30 3
31 3
32 3
33 3
34 3
35 3
36 3
37 3
38 3
39 3
40 4
41 4
42 4
43 4
44 4
45 4
46 4
47 4
48 4
49 4
50 5
51 5
52 5
53 5
54 5
55 5
56 5
57 5
58 5
59 5
60 6
61 6
62 6
63 6
64 6
65 6
66 6
67 6
68 6
69 6
70 7
71 7
72 7
73 7
74 7
75 7
76 7
77 7
78 7
79 7

2 0 0 0
2 1 0 0
3 1 0 0
3 2 0 0
4 1 0 0
4 2 0 0
5 4 0 0
5 1 0 0
6 1 0 0
6 4 0 0
7 2 0 0
7 4 0 0
8 5 0 0
8 4 0 0
9 8 0 0
9 6 0 0
0 5 0 0
0 6 0 0
1 8 0 0
1 7 0 0
12 11 1 1
12 10 1 1
13 12 1 1
13 10 1 1
14 10 1 1
14 11 1 1
15 11 1 1
15 10 1 1
16 10 1 1
16 11 1 1
17 12 1 1
17 11 1 1
18 15 1 1
18 11 1 1
19 17 1 1
19 10 1 1
10 18 1 1
10 17 1 1
11 19 1 1
11 13 1 1
22 21 2 2
22 20 2 2
23 22 2 2
23 21 2 2
24 21 2 2
24 20 2 2
25 20 2 2
25 24 2 2
26 20 2 2
26 23 2 2
27 24 2 2
27 22 2 2
28 23 2 2
28 22 2 2
29 27 2 2
29 22 2 2
20 27 2 2
20 28 2 2
21 29 2 2
21 28 2 2
32 30 3 3
32 31 3 3
33 30 3 3
33 32 3 3
34 30 3 3
34 32 3 3
35 32 3 3
35 31 3 3
36 33 3 3
36 32 3 3
37 33 3 3
37 30 3 3
38 30 3 3
38 36 3 3
39 34 3 3
39 32 3 3
30 35 3 3
30 39 3 3
31 36 3 3
31 39 3 3
42 41 4 4
42 40 4 4
43 42 4 4
43 40 4 4
44 43 4 4
44 40 4 4
45 40 4 4
45 41 4 4
46 45 4 4
46 41 4 4
47 42 4 4
47 44 4 4
48 40 4 4
48 44 4 4
49 41 4 4
49 42 4 4
40 47 4 4
40 46 4 4
41 43 4 4
41 48 4 4
52 51 5 5
52 50 5 5
53 51 5 5
53 52 5 5
54 51 5 5
54 50 5 5
55 53 5 5
55 51 5 5
56 53 5 5
56 55 5 5
57 52 5 5
57 56 5 5
58 53 5 5
58 51 5 5
59 58 5 5
59 55 5 5
50 57 5 5
50 55 5 5
51 59 5 5
51 56 5 5
62 60 6 6
62 61 6 6
63 62 6 6
63 61 6 6
64 61 6 6
64 62 6 6
65 61 6 6
65 63 6 6
66 62 6 6
66 60 6 6
67 66 6 6
67 64 6 6
68 64 6 6
68 63 6 6
69 63 6 6
69 64 6 6
60 67 6 6
60 65 6 6
61 66 6 6
61 68 6 6
72 70 7 7
72 71 7 7
73 70 7 7
73 72 7 7
74 73 7 7
74 71 7 7
75 71 7 7
75 73 7 7
76 70 7 7
76 72 7 7
77 76 7 7
77 74 7 7
78 75 7 7
78 71 7 7
79 77 7 7
79 78 7 7
70 74 7 7
70 75 7 7
71 76 7 7
71 73 7 7
49 39 4 3
47 3 4 0
42 29 4 2
43 10 4 1
51 4 5 0
57 23 5 2
50 49 5 4
56 18 5 1
66 9 6 0
68 57 6 5
61 47 6 4
63 27 6 2
70 46 7 4
76 52 7 5
70 26 7 2
78 10 7 1
6 74 0 7
14 63 1 6
37 67 3 6
31 54 3 5
31 72 3 7
