swNum = 80
edgeNum = 177

0 0
1 0
2 0
3 0
4 0
5 0
6 0
7 0
8 0
9 0
10 1
11 1
12 1
13 1
14 1
15 1
16 1
17 1
18 1
19 1
20 2
21 2
22 2
23 2
24 2
25 2
26 2
27 2
28 2
29 2
30 3
31 3
32 3
33 3
34 3
35 3
36 3
37 3
38 3
39 3
40 4
41 4
42 4
43 4
44 4
45 4
46 4
47 4
48 4
49 4
50 5
51 5
52 5
53 5
54 5
55 5
56 5
57 5
58 5
59 5
60 6
61 6
62 6
63 6
64 6
65 6
66 6
67 6
68 6
69 6
70 7
71 7
72 7
73 7
74 7
75 7
76 7
77 7
78 7
79 7

2 1 0 0
2 0 0 0
3 2 0 0
3 0 0 0
4 1 0 0
4 0 0 0
5 0 0 0
5 4 0 0
6 3 0 0
6 5 0 0
7 6 0 0
7 4 0 0
8 2 0 0
8 6 0 0
9 7 0 0
9 4 0 0
0 9 0 0
0 6 0 0
1 8 0 0
1 9 0 0
12 11 1 1
12 10 1 1
13 12 1 1
13 11 1 1
14 10 1 1
14 12 1 1
15 14 1 1
15 11 1 1
16 10 1 1
16 12 1 1
17 10 1 1
17 14 1 1
18 11 1 1
18 16 1 1
19 12 1 1
19 13 1 1
10 15 1 1
10 13 1 1
11 16 1 1
11 17 1 1
22 20 2 2
22 21 2 2
23 20 2 2
23 22 2 2
24 21 2 2
24 20 2 2
25 20 2 2
25 22 2 2
26 20 2 2
26 22 2 2
27 26 2 2
27 21 2 2
28 26 2 2
28 25 2 2
29 24 2 2
29 28 2 2
20 29 2 2
20 28 2 2
21 23 2 2
21 25 2 2
32 31 3 3
32 30 3 3
33 31 3 3
33 30 3 3
34 31 3 3
34 33 3 3
35 33 3 3
35 32 3 3
36 31 3 3
36 32 3 3
37 32 3 3
37 35 3 3
38 35 3 3
38 30 3 3
39 38 3 3
39 33 3 3
30 37 3 3
30 36 3 3
31 37 3 3
31 35 3 3
42 40 4 4
42 41 4 4
43 41 4 4
43 42 4 4
44 40 4 4
44 41 4 4
45 40 4 4
45 42 4 4
46 41 4 4
46 43 4 4
47 44 4 4
47 45 4 4
48 46 4 4
48 41 4 4
49 47 4 4
49 41 4 4
40 49 4 4
40 43 4 4
41 45 4 4
41 47 4 4
52 51 5 5
52 50 5 5
53 50 5 5
53 51 5 5
54 50 5 5
54 51 5 5
55 50 5 5
55 52 5 5
56 52 5 5
56 50 5 5
57 50 5 5
57 55 5 5
58 54 5 5
58 57 5 5
59 54 5 5
59 53 5 5
50 59 5 5
50 58 5 5
51 57 5 5
51 59 5 5
62 61 6 6
62 60 6 6
63 62 6 6
63 61 6 6
64 61 6 6
64 63 6 6
65 61 6 6
65 64 6 6
66 63 6 6
66 60 6 6
67 60 6 6
67 62 6 6
68 63 6 6
68 62 6 6
69 63 6 6
69 62 6 6
60 63 6 6
60 65 6 6
61 68 6 6
61 69 6 6
72 70 7 7
72 71 7 7
73 72 7 7
73 70 7 7
74 72 7 7
74 71 7 7
75 73 7 7
75 72 7 7
76 75 7 7
76 70 7 7
77 74 7 7
77 72 7 7
78 71 7 7
78 75 7 7
79 77 7 7
79 74 7 7
70 75 7 7
70 78 7 7
71 73 7 7
71 79 7 7
45 21 4 2
47 4 4 0
48 35 4 3
46 13 4 1
52 14 5 1
51 32 5 3
51 6 5 0
59 22 5 2
66 44 6 4
68 20 6 2
67 11 6 1
64 9 6 0
78 23 7 2
71 19 7 1
76 5 7 0
76 31 7 3
35 64 3 6
