swNum = 80
edgeNum = 178

0 0
1 0
2 0
3 0
4 0
5 0
6 0
7 0
8 0
9 0
10 1
11 1
12 1
13 1
14 1
15 1
16 1
17 1
18 1
19 1
20 2
21 2
22 2
23 2
24 2
25 2
26 2
27 2
28 2
29 2
30 3
31 3
32 3
33 3
34 3
35 3
36 3
37 3
38 3
39 3
40 4
41 4
42 4
43 4
44 4
45 4
46 4
47 4
48 4
49 4
50 5
51 5
52 5
53 5
54 5
55 5
56 5
57 5
58 5
59 5
60 6
61 6
62 6
63 6
64 6
65 6
66 6
67 6
68 6
69 6
70 7
71 7
72 7
73 7
74 7
75 7
76 7
77 7
78 7
79 7

2 0 0 0
2 1 0 0
3 2 0 0
3 1 0 0
4 0 0 0
4 1 0 0
5 2 0 0
5 4 0 0
6 0 0 0
6 5 0 0
7 6 0 0
7 5 0 0
8 1 0 0
8 3 0 0
9 2 0 0
9 8 0 0
0 8 0 0
0 5 0 0
1 7 0 0
1 5 0 0
12 10 1 1
12 11 1 1
13 10 1 1
13 12 1 1
14 12 1 1
14 10 1 1
15 11 1 1
15 12 1 1
16 12 1 1
16 13 1 1
17 12 1 1
17 13 1 1
18 13 1 1
18 17 1 1
19 14 1 1
19 12 1 1
10 18 1 1
10 16 1 1
11 13 1 1
11 16 1 1
22 21 2 2
22 20 2 2
23 20 2 2
23 21 2 2
24 21 2 2
24 23 2 2
25 24 2 2
25 21 2 2
26 20 2 2
26 21 2 2
27 21 2 2
27 23 2 2
28 23 2 2
28 22 2 2
29 28 2 2
29 27 2 2
20 29 2 2
20 28 2 2
21 29 2 2
21 28 2 2
32 30 3 3
32 31 3 3
33 30 3 3
33 32 3 3
34 32 3 3
34 30 3 3
35 30 3 3
35 34 3 3
36 32 3 3
36 33 3 3
37 34 3 3
37 31 3 3
38 34 3 3
38 32 3 3
39 30 3 3
39 37 3 3
30 37 3 3
30 38 3 3
31 36 3 3
31 39 3 3
42 40 4 4
42 41 4 4
43 42 4 4
43 40 4 4
44 42 4 4
44 43 4 4
45 41 4 4
45 40 4 4
46 43 4 4
46 42 4 4
47 42 4 4
47 46 4 4
48 41 4 4
48 44 4 4
49 42 4 4
49 43 4 4
40 48 4 4
40 49 4 4
41 49 4 4
41 44 4 4
52 51 5 5
52 50 5 5
53 52 5 5
53 51 5 5
54 51 5 5
54 53 5 5
55 53 5 5
55 52 5 5
56 54 5 5
56 55 5 5
57 50 5 5
57 52 5 5
58 57 5 5
58 50 5 5
59 58 5 5
59 56 5 5
50 59 5 5
50 56 5 5
51 57 5 5
51 58 5 5
62 61 6 6
62 60 6 6
63 60 6 6
63 61 6 6
64 63 6 6
64 60 6 6
65 64 6 6
65 60 6 6
66 60 6 6
66 62 6 6
67 60 6 6
67 65 6 6
68 60 6 6
68 64 6 6
69 60 6 6
69 64 6 6
61 66 6 6
61 69 6 6
72 71 7 7
72 70 7 7
73 71 7 7
73 72 7 7
74 73 7 7
74 72 7 7
75 74 7 7
75 72 7 7
76 75 7 7
76 71 7 7
77 75 7 7
77 71 7 7
78 73 7 7
78 74 7 7
79 78 7 7
79 77 7 7
70 79 7 7
70 73 7 7
71 74 7 7
71 79 7 7
48 28 4 2
42 30 4 3
47 9 4 0
46 17 4 1
58 41 5 4
56 34 5 3
53 19 5 1
55 4 5 0
61 4 6 0
60 14 6 1
65 57 6 5
65 34 6 3
79 46 7 4
75 0 7 0
73 33 7 3
78 63 7 6
10 70 1 7
29 73 2 7
26 66 2 6
22 56 2 5
