swNum = 80
edgeNum = 180

0 0
1 0
2 0
3 0
4 0
5 0
6 0
7 0
8 0
9 0
10 1
11 1
12 1
13 1
14 1
15 1
16 1
17 1
18 1
19 1
20 2
21 2
22 2
23 2
24 2
25 2
26 2
27 2
28 2
29 2
30 3
31 3
32 3
33 3
34 3
35 3
36 3
37 3
38 3
39 3
40 4
41 4
42 4
43 4
44 4
45 4
46 4
47 4
48 4
49 4
50 5
51 5
52 5
53 5
54 5
55 5
56 5
57 5
58 5
59 5
60 6
61 6
62 6
63 6
64 6
65 6
66 6
67 6
68 6
69 6
70 7
71 7
72 7
73 7
74 7
75 7
76 7
77 7
78 7
79 7

2 1 0 0
2 0 0 0
3 1 0 0
3 0 0 0
4 0 0 0
4 3 0 0
5 1 0 0
5 3 0 0
6 4 0 0
6 0 0 0
7 5 0 0
7 3 0 0
8 3 0 0
8 0 0 0
9 3 0 0
9 8 0 0
0 7 0 0
0 5 0 0
1 7 0 0
1 6 0 0
12 11 1 1
12 10 1 1
13 11 1 1
13 10 1 1
14 12 1 1
14 10 1 1
15 13 1 1
15 10 1 1
16 13 1 1
16 11 1 1
17 16 1 1
17 11 1 1
18 17 1 1
18 15 1 1
19 10 1 1
19 14 1 1
10 16 1 1
10 17 1 1
11 18 1 1
11 14 1 1
22 20 2 2
22 21 2 2
23 21 2 2
23 22 2 2
24 21 2 2
24 22 2 2
25 20 2 2
25 23 2 2
26 25 2 2
26 22 2 2
27 26 2 2
27 25 2 2
28 26 2 2
28 22 2 2
29 22 2 2
29 20 2 2
20 24 2 2
20 28 2 2
21 27 2 2
21 29 2 2
32 31 3 3
32 30 3 3
33 32 3 3
33 30 3 3
34 33 3 3
34 32 3 3
35 30 3 3
35 33 3 3
36 31 3 3
36 32 3 3
37 30 3 3
37 34 3 3
38 35 3 3
38 32 3 3
39 32 3 3
39 33 3 3
30 38 3 3
30 36 3 3
31 33 3 3
31 37 3 3
42 41 4 4
42 40 4 4
43 40 4 4
43 41 4 4
44 40 4 4
44 43 4 4
45 43 4 4
45 44 4 4
46 45 4 4
46 44 4 4
47 40 4 4
47 41 4 4
48 41 4 4
48 40 4 4
49 48 4 4
49 44 4 4
40 45 4 4
40 49 4 4
41 45 4 4
41 44 4 4
52 51 5 5
52 50 5 5
53 51 5 5
53 50 5 5
54 50 5 5
54 51 5 5
55 53 5 5
55 54 5 5
56 55 5 5
56 54 5 5
57 53 5 5
57 55 5 5
58 51 5 5
58 54 5 5
59 53 5 5
59 51 5 5
50 59 5 5
50 55 5 5
51 55 5 5
51 56 5 5
62 61 6 6
62 60 6 6
63 62 6 6
63 60 6 6
64 61 6 6
64 60 6 6
65 62 6 6
65 60 6 6
66 62 6 6
66 61 6 6
67 61 6 6
67 64 6 6
68 60 6 6
68 64 6 6
69 64 6 6
69 61 6 6
60 69 6 6
60 67 6 6
61 68 6 6
61 65 6 6
72 70 7 7
72 71 7 7
73 70 7 7
73 72 7 7
74 70 7 7
74 71 7 7
75 71 7 7
75 72 7 7
76 72 7 7
76 74 7 7
77 76 7 7
77 71 7 7
78 76 7 7
78 77 7 7
79 72 7 7
79 78 7 7
70 79 7 7
70 76 7 7
71 78 7 7
71 79 7 7
46 10 4 1
46 39 4 3
49 20 4 2
44 8 4 0
58 48 5 4
54 0 5 0
54 15 5 1
51 38 5 3
62 26 6 2
64 1 6 0
64 41 6 4
68 11 6 1
72 5 7 0
70 18 7 1
74 47 7 4
72 59 7 5
23 76 2 7
29 52 2 5
30 75 3 7
32 65 3 6
