swNum = 80
edgeNum = 180

0 0
1 0
2 0
3 0
4 0
5 0
6 0
7 0
8 0
9 0
10 1
11 1
12 1
13 1
14 1
15 1
16 1
17 1
18 1
19 1
20 2
21 2
22 2
23 2
24 2
25 2
26 2
27 2
28 2
29 2
30 3
31 3
32 3
33 3
34 3
35 3
36 3
37 3
38 3
39 3
40 4
41 4
42 4
43 4
44 4
45 4
46 4
47 4
48 4
49 4
50 5
51 5
52 5
53 5
54 5
55 5
56 5
57 5
58 5
59 5
60 6
61 6
62 6
63 6
64 6
65 6
66 6
67 6
68 6
69 6
70 7
71 7
72 7
73 7
74 7
75 7
76 7
77 7
78 7
79 7

2 1 0 0
2 0 0 0
3 2 0 0
3 0 0 0
4 3 0 0
4 2 0 0
5 1 0 0
5 3 0 0
6 4 0 0
6 3 0 0
7 0 0 0
7 2 0 0
8 5 0 0
8 2 0 0
9 3 0 0
9 2 0 0
0 9 0 0
0 6 0 0
1 8 0 0
1 3 0 0
12 11 1 1
12 10 1 1
13 11 1 1
13 10 1 1
14 13 1 1
14 11 1 1
15 13 1 1
15 14 1 1
16 15 1 1
16 14 1 1
17 14 1 1
17 10 1 1
18 16 1 1
18 15 1 1
19 18 1 1
19 14 1 1
10 19 1 1
10 15 1 1
11 18 1 1
11 19 1 1
22 20 2 2
22 21 2 2
23 22 2 2
23 20 2 2
24 21 2 2
24 23 2 2
25 22 2 2
25 21 2 2
26 22 2 2
26 23 2 2
27 22 2 2
27 25 2 2
28 23 2 2
28 24 2 2
29 24 2 2
29 28 2 2
20 27 2 2
20 26 2 2
21 28 2 2
21 29 2 2
32 31 3 3
32 30 3 3
33 32 3 3
33 31 3 3
34 32 3 3
34 31 3 3
35 30 3 3
35 31 3 3
36 35 3 3
36 32 3 3
37 30 3 3
37 32 3 3
38 35 3 3
38 32 3 3
39 33 3 3
39 31 3 3
30 38 3 3
30 39 3 3
31 36 3 3
31 38 3 3
42 40 4 4
42 41 4 4
43 41 4 4
43 42 4 4
44 41 4 4
44 40 4 4
45 44 4 4
45 40 4 4
46 41 4 4
46 42 4 4
47 44 4 4
47 46 4 4
48 42 4 4
48 43 4 4
49 44 4 4
49 42 4 4
40 49 4 4
40 48 4 4
41 48 4 4
41 49 4 4
52 50 5 5
52 51 5 5
53 52 5 5
53 51 5 5
54 50 5 5
54 51 5 5
55 51 5 5
55 54 5 5
56 50 5 5
56 55 5 5
57 51 5 5
57 56 5 5
58 52 5 5
58 55 5 5
59 50 5 5
59 56 5 5
50 58 5 5
50 55 5 5
51 56 5 5
51 58 5 5
62 61 6 6
62 60 6 6
63 60 6 6
63 61 6 6
64 60 6 6
64 63 6 6
65 62 6 6
65 61 6 6
66 64 6 6
66 60 6 6
67 64 6 6
67 60 6 6
68 62 6 6
68 60 6 6
69 68 6 6
69 63 6 6
60 69 6 6
60 65 6 6
61 68 6 6
61 67 6 6
72 70 7 7
72 71 7 7
73 70 7 7
73 72 7 7
74 72 7 7
74 73 7 7
75 74 7 7
75 70 7 7
76 73 7 7
76 72 7 7
77 76 7 7
77 71 7 7
78 74 7 7
78 73 7 7
79 71 7 7
79 77 7 7
70 78 7 7
70 79 7 7
71 76 7 7
71 78 7 7
43 28 4 2
40 2 4 0
45 18 4 1
41 33 4 3
59 6 5 0
59 16 5 1
55 37 5 3
52 24 5 2
61 34 6 3
66 56 6 5
65 17 6 1
60 42 6 4
75 31 7 3
78 2 7 0
71 53 7 5
74 69 7 6
3 69 0 6
17 79 1 7
23 73 2 7
26 67 2 6
