swNum = 80
edgeNum = 181

0 0
1 0
2 0
3 0
4 0
5 0
6 0
7 0
8 0
9 0
10 1
11 1
12 1
13 1
14 1
15 1
16 1
17 1
18 1
19 1
20 2
21 2
22 2
23 2
24 2
25 2
26 2
27 2
28 2
29 2
30 3
31 3
32 3
33 3
34 3
35 3
36 3
37 3
38 3
39 3
40 4
41 4
42 4
43 4
44 4
45 4
46 4
47 4
48 4
49 4
50 5
51 5
52 5
53 5
54 5
55 5
56 5
57 5
58 5
59 5
60 6
61 6
62 6
63 6
64 6
65 6
66 6
67 6
68 6
69 6
70 7
71 7
72 7
73 7
74 7
75 7
76 7
77 7
78 7
79 7

2 1 0 0
2 0 0 0
3 1 0 0
3 0 0 0
4 3 0 0
4 0 0 0
5 2 0 0
5 3 0 0
6 3 0 0
6 0 0 0
7 3 0 0
7 2 0 0
8 0 0 0
8 1 0 0
9 1 0 0
9 0 0 0
0 7 0 0
0 5 0 0
1 5 0 0
1 6 0 0
12 11 1 1
12 10 1 1
13 12 1 1
13 11 1 1
14 10 1 1
14 12 1 1
15 10 1 1
15 12 1 1
16 14 1 1
16 13 1 1
17 11 1 1
17 13 1 1
18 11 1 1
18 14 1 1
19 13 1 1
19 18 1 1
10 13 1 1
10 16 1 1
11 19 1 1
11 15 1 1
22 20 2 2
22 21 2 2
23 20 2 2
23 22 2 2
24 23 2 2
24 20 2 2
25 23 2 2
25 22 2 2
26 23 2 2
26 22 2 2
27 26 2 2
27 20 2 2
28 24 2 2
28 23 2 2
29 27 2 2
29 26 2 2
20 25 2 2
20 26 2 2
21 25 2 2
21 28 2 2
32 31 3 3
32 30 3 3
33 32 3 3
33 30 3 3
34 33 3 3
34 31 3 3
35 31 3 3
35 32 3 3
36 33 3 3
36 30 3 3
37 36 3 3
37 32 3 3
38 36 3 3
38 33 3 3
39 38 3 3
39 34 3 3
30 34 3 3
30 38 3 3
31 37 3 3
31 33 3 3
42 41 4 4
42 40 4 4
43 42 4 4
43 40 4 4
44 43 4 4
44 42 4 4
45 42 4 4
45 41 4 4
46 41 4 4
46 40 4 4
47 44 4 4
47 41 4 4
48 42 4 4
48 47 4 4
49 44 4 4
49 47 4 4
40 45 4 4
40 47 4 4
41 49 4 4
41 43 4 4
52 50 5 5
52 51 5 5
53 51 5 5
53 52 5 5
54 52 5 5
54 50 5 5
55 51 5 5
55 52 5 5
56 50 5 5
56 54 5 5
57 54 5 5
57 52 5 5
58 55 5 5
58 57 5 5
59 53 5 5
59 58 5 5
50 55 5 5
50 57 5 5
51 56 5 5
51 54 5 5
62 60 6 6
62 61 6 6
63 60 6 6
63 62 6 6
64 60 6 6
64 62 6 6
65 60 6 6
65 63 6 6
66 63 6 6
66 64 6 6
67 66 6 6
67 60 6 6
68 61 6 6
68 63 6 6
69 65 6 6
69 66 6 6
60 69 6 6
60 66 6 6
61 65 6 6
61 64 6 6
72 71 7 7
72 70 7 7
73 70 7 7
73 71 7 7
74 73 7 7
74 72 7 7
75 74 7 7
75 71 7 7
76 72 7 7
76 70 7 7
77 74 7 7
77 72 7 7
78 70 7 7
78 74 7 7
79 74 7 7
79 71 7 7
70 79 7 7
70 75 7 7
71 78 7 7
71 77 7 7
48 17 4 1
48 5 4 0
46 39 4 3
45 29 4 2
53 45 5 4
56 8 5 0
54 32 5 3
58 29 5 2
62 19 6 1
65 28 6 2
68 3 6 0
68 59 6 5
70 53 7 5
73 4 7 0
79 40 7 4
78 60 7 6
10 56 1 5
14 70 1 7
27 71 2 7
38 68 3 6
31 79 3 7
