swNum = 80
edgeNum = 180

0 0
1 0
2 0
3 0
4 0
5 0
6 0
7 0
8 0
9 0
10 1
11 1
12 1
13 1
14 1
15 1
16 1
17 1
18 1
19 1
20 2
21 2
22 2
23 2
24 2
25 2
26 2
27 2
28 2
29 2
30 3
31 3
32 3
33 3
34 3
35 3
36 3
37 3
38 3
39 3
40 4
41 4
42 4
43 4
44 4
45 4
46 4
47 4
48 4
49 4
50 5
51 5
52 5
53 5
54 5
55 5
56 5
57 5
58 5
59 5
60 6
61 6
62 6
63 6
64 6
65 6
66 6
67 6
68 6
69 6
70 7
71 7
72 7
73 7
74 7
75 7
76 7
77 7
78 7
79 7

2 0 0 0
2 1 0 0
3 2 0 0
3 1 0 0
4 0 0 0
4 1 0 0
5 2 0 0
5 3 0 0
6 0 0 0
6 2 0 0
7 1 0 0
7 5 0 0
8 6 0 0
8 1 0 0
9 8 0 0
9 6 0 0
0 8 0 0
0 7 0 0
1 6 0 0
1 9 0 0
12 11 1 1
12 10 1 1
13 11 1 1
13 10 1 1
14 10 1 1
14 12 1 1
15 14 1 1
15 11 1 1
16 15 1 1
16 11 1 1
17 12 1 1
17 16 1 1
18 12 1 1
18 11 1 1
19 10 1 1
19 18 1 1
10 16 1 1
10 15 1 1
11 17 1 1
11 14 1 1
22 20 2 2
22 21 2 2
23 21 2 2
23 20 2 2
24 21 2 2
24 22 2 2
25 22 2 2
25 20 2 2
26 24 2 2
26 22 2 2
27 22 2 2
27 24 2 2
28 21 2 2
28 23 2 2
29 22 2 2
29 28 2 2
20 26 2 2
20 24 2 2
21 25 2 2
21 27 2 2
32 31 3 3
32 30 3 3
33 32 3 3
33 30 3 3
34 30 3 3
34 31 3 3
35 32 3 3
35 33 3 3
36 35 3 3
36 34 3 3
37 36 3 3
37 35 3 3
38 37 3 3
38 35 3 3
39 37 3 3
39 38 3 3
30 36 3 3
30 35 3 3
31 35 3 3
31 33 3 3
42 40 4 4
42 41 4 4
43 40 4 4
43 42 4 4
44 40 4 4
44 43 4 4
45 43 4 4
45 42 4 4
46 44 4 4
46 40 4 4
47 44 4 4
47 40 4 4
48 45 4 4
48 44 4 4
49 44 4 4
49 43 4 4
40 49 4 4
40 48 4 4
41 49 4 4
41 43 4 4
52 50 5 5
52 51 5 5
53 51 5 5
53 52 5 5
54 53 5 5
54 51 5 5
55 54 5 5
55 52 5 5
56 53 5 5
56 54 5 5
57 55 5 5
57 51 5 5
58 53 5 5
58 57 5 5
59 56 5 5
59 51 5 5
50 56 5 5
50 54 5 5
51 56 5 5
51 55 5 5
62 61 6 6
62 60 6 6
63 61 6 6
63 60 6 6
64 60 6 6
64 61 6 6
65 60 6 6
65 63 6 6
66 61 6 6
66 65 6 6
67 64 6 6
67 66 6 6
68 67 6 6
68 64 6 6
69 67 6 6
69 61 6 6
60 66 6 6
60 69 6 6
61 65 6 6
61 67 6 6
72 70 7 7
72 71 7 7
73 70 7 7
73 72 7 7
74 70 7 7
74 71 7 7
75 73 7 7
75 72 7 7
76 70 7 7
76 74 7 7
77 74 7 7
77 75 7 7
78 75 7 7
78 71 7 7
79 73 7 7
79 78 7 7
70 75 7 7
70 77 7 7
71 76 7 7
71 73 7 7
43 24 4 2
44 10 4 1
45 6 4 0
48 32 4 3
58 43 5 4
56 4 5 0
55 15 5 1
57 21 5 2
69 54 6 5
60 37 6 3
63 5 6 0
62 18 6 1
75 53 7 5
75 29 7 2
72 67 7 6
75 4 7 0
17 75 1 7
28 65 2 6
31 75 3 7
38 58 3 5
