swNum = 80
edgeNum = 179

0 0
1 0
2 0
3 0
4 0
5 0
6 0
7 0
8 0
9 0
10 1
11 1
12 1
13 1
14 1
15 1
16 1
17 1
18 1
19 1
20 2
21 2
22 2
23 2
24 2
25 2
26 2
27 2
28 2
29 2
30 3
31 3
32 3
33 3
34 3
35 3
36 3
37 3
38 3
39 3
40 4
41 4
42 4
43 4
44 4
45 4
46 4
47 4
48 4
49 4
50 5
51 5
52 5
53 5
54 5
55 5
56 5
57 5
58 5
59 5
60 6
61 6
62 6
63 6
64 6
65 6
66 6
67 6
68 6
69 6
70 7
71 7
72 7
73 7
74 7
75 7
76 7
77 7
78 7
79 7

2 0 0 0
2 1 0 0
3 1 0 0
3 2 0 0
4 1 0 0
4 3 0 0
5 2 0 0
5 0 0 0
6 0 0 0
6 2 0 0
7 1 0 0
7 4 0 0
8 2 0 0
8 6 0 0
9 6 0 0
9 1 0 0
0 8 0 0
0 7 0 0
1 8 0 0
1 5 0 0
12 11 1 1
12 10 1 1
13 12 1 1
13 11 1 1
14 11 1 1
14 13 1 1
15 11 1 1
15 13 1 1
16 13 1 1
16 15 1 1
17 10 1 1
17 16 1 1
18 16 1 1
18 13 1 1
19 18 1 1
19 17 1 1
10 18 1 1
10 19 1 1
11 17 1 1
11 16 1 1
22 20 2 2
22 21 2 2
23 21 2 2
23 20 2 2
24 22 2 2
24 20 2 2
25 22 2 2
25 24 2 2
26 22 2 2
26 20 2 2
27 25 2 2
27 22 2 2
28 24 2 2
28 20 2 2
29 23 2 2
29 26 2 2
20 29 2 2
20 25 2 2
21 26 2 2
21 25 2 2
32 30 3 3
32 31 3 3
33 30 3 3
33 32 3 3
34 33 3 3
34 31 3 3
35 34 3 3
35 30 3 3
36 35 3 3
36 30 3 3
37 30 3 3
37 34 3 3
38 37 3 3
38 33 3 3
39 33 3 3
39 35 3 3
30 39 3 3
30 34 3 3
31 36 3 3
31 39 3 3
42 40 4 4
42 41 4 4
43 42 4 4
43 41 4 4
44 41 4 4
44 43 4 4
45 43 4 4
45 41 4 4
46 44 4 4
46 41 4 4
47 40 4 4
47 44 4 4
48 44 4 4
48 43 4 4
49 47 4 4
49 42 4 4
40 48 4 4
40 46 4 4
41 48 4 4
41 47 4 4
52 50 5 5
52 51 5 5
53 51 5 5
53 50 5 5
54 51 5 5
54 53 5 5
55 54 5 5
55 51 5 5
56 53 5 5
56 51 5 5
57 54 5 5
57 55 5 5
58 51 5 5
58 57 5 5
59 58 5 5
59 54 5 5
50 58 5 5
50 57 5 5
51 57 5 5
51 59 5 5
62 60 6 6
62 61 6 6
63 60 6 6
63 62 6 6
64 60 6 6
64 62 6 6
65 63 6 6
65 61 6 6
66 63 6 6
66 60 6 6
67 60 6 6
67 63 6 6
68 63 6 6
68 60 6 6
69 61 6 6
69 64 6 6
60 69 6 6
60 65 6 6
61 64 6 6
61 66 6 6
72 71 7 7
72 70 7 7
73 70 7 7
73 72 7 7
74 71 7 7
74 70 7 7
75 73 7 7
75 70 7 7
76 75 7 7
76 72 7 7
77 72 7 7
77 70 7 7
78 76 7 7
78 74 7 7
79 70 7 7
79 73 7 7
70 76 7 7
70 78 7 7
71 79 7 7
71 78 7 7
45 14 4 1
43 31 4 3
45 9 4 0
40 25 4 2
53 9 5 0
59 45 5 4
57 24 5 2
56 35 5 3
64 48 6 4
69 34 6 3
62 11 6 1
61 4 6 0
72 10 7 1
77 34 7 3
71 68 7 6
71 24 7 2
4 75 0 7
19 55 1 5
22 63 2 6
