swNum = 80
edgeNum = 181

0 0
1 0
2 0
3 0
4 0
5 0
6 0
7 0
8 0
9 0
10 1
11 1
12 1
13 1
14 1
15 1
16 1
17 1
18 1
19 1
20 2
21 2
22 2
23 2
24 2
25 2
26 2
27 2
28 2
29 2
30 3
31 3
32 3
33 3
34 3
35 3
36 3
37 3
38 3
39 3
40 4
41 4
42 4
43 4
44 4
45 4
46 4
47 4
48 4
49 4
50 5
51 5
52 5
53 5
54 5
55 5
56 5
57 5
58 5
59 5
60 6
61 6
62 6
63 6
64 6
65 6
66 6
67 6
68 6
69 6
70 7
71 7
72 7
73 7
74 7
75 7
76 7
77 7
78 7
79 7

2 0 0 0
2 1 0 0
3 1 0 0
3 2 0 0
4 1 0 0
4 2 0 0
5 4 0 0
5 3 0 0
6 0 0 0
6 2 0 0
7 1 0 0
7 4 0 0
8 2 0 0
8 3 0 0
9 7 0 0
9 4 0 0
0 9 0 0
0 4 0 0
1 5 0 0
1 9 0 0
12 11 1 1
12 10 1 1
13 12 1 1
13 10 1 1
14 13 1 1
14 11 1 1
15 13 1 1
15 10 1 1
16 10 1 1
16 11 1 1
17 11 1 1
17 15 1 1
18 15 1 1
18 10 1 1
19 12 1 1
19 13 1 1
10 17 1 1
10 19 1 1
11 15 1 1
11 18 1 1
22 20 2 2
22 21 2 2
23 20 2 2
23 21 2 2
24 21 2 2
24 23 2 2
25 20 2 2
25 23 2 2
26 24 2 2
26 25 2 2
27 20 2 2
27 24 2 2
28 26 2 2
28 21 2 2
29 24 2 2
29 26 2 2
20 24 2 2
20 26 2 2
21 26 2 2
21 29 2 2
32 31 3 3
32 30 3 3
33 30 3 3
33 31 3 3
34 33 3 3
34 30 3 3
35 30 3 3
35 34 3 3
36 34 3 3
36 31 3 3
37 31 3 3
37 32 3 3
38 30 3 3
38 33 3 3
39 34 3 3
39 33 3 3
30 39 3 3
30 37 3 3
31 35 3 3
31 38 3 3
42 40 4 4
42 41 4 4
43 40 4 4
43 41 4 4
44 43 4 4
44 42 4 4
45 43 4 4
45 41 4 4
46 45 4 4
46 41 4 4
47 42 4 4
47 45 4 4
48 45 4 4
48 47 4 4
49 47 4 4
49 45 4 4
40 45 4 4
40 44 4 4
41 49 4 4
41 47 4 4
52 51 5 5
52 50 5 5
53 52 5 5
53 51 5 5
54 50 5 5
54 52 5 5
55 53 5 5
55 54 5 5
56 54 5 5
56 50 5 5
57 50 5 5
57 55 5 5
58 53 5 5
58 57 5 5
59 52 5 5
59 57 5 5
50 59 5 5
50 55 5 5
51 55 5 5
51 57 5 5
62 60 6 6
62 61 6 6
63 61 6 6
63 62 6 6
64 62 6 6
64 60 6 6
65 62 6 6
65 60 6 6
66 60 6 6
66 62 6 6
67 61 6 6
67 64 6 6
68 61 6 6
68 62 6 6
69 65 6 6
69 62 6 6
60 68 6 6
60 69 6 6
61 64 6 6
61 69 6 6
72 70 7 7
72 71 7 7
73 72 7 7
73 71 7 7
74 73 7 7
74 70 7 7
75 71 7 7
75 72 7 7
76 71 7 7
76 73 7 7
77 74 7 7
77 72 7 7
78 75 7 7
78 74 7 7
79 74 7 7
79 70 7 7
70 76 7 7
70 77 7 7
71 79 7 7
71 74 7 7
42 14 4 1
42 35 4 3
48 21 4 2
47 1 4 0
55 17 5 1
55 42 5 4
59 20 5 2
53 2 5 0
68 14 6 1
63 43 6 4
67 7 6 0
60 52 6 5
75 26 7 2
78 59 7 5
71 13 7 1
79 61 7 6
2 75 0 7
25 62 2 6
38 62 3 6
38 59 3 5
36 72 3 7
