swNum = 80
edgeNum = 182

0 0
1 0
2 0
3 0
4 0
5 0
6 0
7 0
8 0
9 0
10 1
11 1
12 1
13 1
14 1
15 1
16 1
17 1
18 1
19 1
20 2
21 2
22 2
23 2
24 2
25 2
26 2
27 2
28 2
29 2
30 3
31 3
32 3
33 3
34 3
35 3
36 3
37 3
38 3
39 3
40 4
41 4
42 4
43 4
44 4
45 4
46 4
47 4
48 4
49 4
50 5
51 5
52 5
53 5
54 5
55 5
56 5
57 5
58 5
59 5
60 6
61 6
62 6
63 6
64 6
65 6
66 6
67 6
68 6
69 6
70 7
71 7
72 7
73 7
74 7
75 7
76 7
77 7
78 7
79 7

2 0 0 0
2 1 0 0
3 2 0 0
3 0 0 0
4 0 0 0
4 2 0 0
5 4 0 0
5 0 0 0
6 2 0 0
6 3 0 0
7 5 0 0
7 2 0 0
8 7 0 0
8 2 0 0
9 4 0 0
9 5 0 0
0 9 0 0
0 7 0 0
1 9 0 0
1 3 0 0
12 11 1 1
12 10 1 1
13 10 1 1
13 12 1 1
14 10 1 1
14 11 1 1
15 14 1 1
15 12 1 1
16 11 1 1
16 12 1 1
17 11 1 1
17 14 1 1
18 11 1 1
18 12 1 1
19 12 1 1
19 17 1 1
10 17 1 1
10 16 1 1
11 15 1 1
11 19 1 1
22 20 2 2
22 21 2 2
23 20 2 2
23 22 2 2
24 22 2 2
24 21 2 2
25 24 2 2
25 22 2 2
26 21 2 2
26 23 2 2
27 26 2 2
27 23 2 2
28 22 2 2
28 26 2 2
29 21 2 2
29 26 2 2
20 29 2 2
20 27 2 2
21 23 2 2
21 27 2 2
32 31 3 3
32 30 3 3
33 32 3 3
33 31 3 3
34 31 3 3
34 32 3 3
35 31 3 3
35 34 3 3
36 32 3 3
36 33 3 3
37 33 3 3
37 30 3 3
38 37 3 3
38 32 3 3
39 38 3 3
39 36 3 3
30 38 3 3
30 35 3 3
31 38 3 3
31 37 3 3
42 41 4 4
42 40 4 4
43 41 4 4
43 40 4 4
44 42 4 4
44 41 4 4
45 41 4 4
45 44 4 4
46 44 4 4
46 42 4 4
47 45 4 4
47 42 4 4
48 42 4 4
48 41 4 4
49 44 4 4
49 46 4 4
40 48 4 4
40 46 4 4
41 47 4 4
41 49 4 4
52 51 5 5
52 50 5 5
53 52 5 5
53 51 5 5
54 51 5 5
54 52 5 5
55 51 5 5
55 50 5 5
56 55 5 5
56 50 5 5
57 53 5 5
57 50 5 5
58 50 5 5
58 56 5 5
59 50 5 5
59 52 5 5
50 54 5 5
50 53 5 5
51 56 5 5
51 59 5 5
62 61 6 6
62 60 6 6
63 61 6 6
63 62 6 6
64 62 6 6
64 60 6 6
65 61 6 6
65 62 6 6
66 62 6 6
66 63 6 6
67 66 6 6
67 61 6 6
68 62 6 6
68 64 6 6
69 62 6 6
69 61 6 6
60 67 6 6
60 68 6 6
61 68 6 6
61 66 6 6
72 71 7 7
72 70 7 7
73 71 7 7
73 70 7 7
74 71 7 7
74 70 7 7
75 71 7 7
75 72 7 7
76 72 7 7
76 73 7 7
77 71 7 7
77 72 7 7
78 73 7 7
78 74 7 7
79 71 7 7
79 74 7 7
70 79 7 7
70 78 7 7
71 76 7 7
71 78 7 7
46 1 4 0
45 31 4 3
47 20 4 2
47 19 4 1
55 29 5 2
52 34 5 3
57 49 5 4
51 0 5 0
61 11 6 1
65 44 6 4
64 53 6 5
65 35 6 3
79 47 7 4
79 68 7 6
71 32 7 3
78 50 7 5
1 67 0 6
9 79 0 7
16 50 1 5
11 76 1 7
27 65 2 6
20 76 2 7
