swNum = 80
edgeNum = 180

0 0
1 0
2 0
3 0
4 0
5 0
6 0
7 0
8 0
9 0
10 1
11 1
12 1
13 1
14 1
15 1
16 1
17 1
18 1
19 1
20 2
21 2
22 2
23 2
24 2
25 2
26 2
27 2
28 2
29 2
30 3
31 3
32 3
33 3
34 3
35 3
36 3
37 3
38 3
39 3
40 4
41 4
42 4
43 4
44 4
45 4
46 4
47 4
48 4
49 4
50 5
51 5
52 5
53 5
54 5
55 5
56 5
57 5
58 5
59 5
60 6
61 6
62 6
63 6
64 6
65 6
66 6
67 6
68 6
69 6
70 7
71 7
72 7
73 7
74 7
75 7
76 7
77 7
78 7
79 7

2 0 0 0
2 1 0 0
3 0 0 0
3 1 0 0
4 3 0 0
4 2 0 0
5 3 0 0
5 2 0 0
6 3 0 0
6 1 0 0
7 1 0 0
7 4 0 0
8 2 0 0
8 0 0 0
9 4 0 0
9 6 0 0
0 9 0 0
0 5 0 0
1 4 0 0
1 9 0 0
12 11 1 1
12 10 1 1
13 11 1 1
13 10 1 1
14 11 1 1
14 10 1 1
15 13 1 1
15 11 1 1
16 12 1 1
16 10 1 1
17 16 1 1
17 12 1 1
18 11 1 1
18 14 1 1
19 13 1 1
19 15 1 1
10 17 1 1
10 15 1 1
11 19 1 1
11 16 1 1
22 20 2 2
22 21 2 2
23 21 2 2
23 22 2 2
24 23 2 2
24 20 2 2
25 22 2 2
25 21 2 2
26 23 2 2
26 24 2 2
27 20 2 2
27 22 2 2
28 20 2 2
28 24 2 2
29 20 2 2
29 27 2 2
20 25 2 2
20 23 2 2
21 28 2 2
21 24 2 2
32 31 3 3
32 30 3 3
33 31 3 3
33 32 3 3
34 31 3 3
34 33 3 3
35 33 3 3
35 34 3 3
36 32 3 3
36 35 3 3
37 33 3 3
37 35 3 3
38 31 3 3
38 35 3 3
39 31 3 3
39 35 3 3
30 39 3 3
30 33 3 3
31 37 3 3
31 35 3 3
42 41 4 4
42 40 4 4
43 41 4 4
43 40 4 4
44 40 4 4
44 42 4 4
45 43 4 4
45 42 4 4
46 44 4 4
46 43 4 4
47 43 4 4
47 44 4 4
48 43 4 4
48 47 4 4
49 42 4 4
49 45 4 4
40 46 4 4
40 49 4 4
41 46 4 4
41 49 4 4
52 51 5 5
52 50 5 5
53 52 5 5
53 51 5 5
54 51 5 5
54 53 5 5
55 50 5 5
55 51 5 5
56 52 5 5
56 50 5 5
57 50 5 5
57 55 5 5
58 50 5 5
58 55 5 5
59 52 5 5
59 51 5 5
50 59 5 5
50 54 5 5
51 57 5 5
51 58 5 5
62 60 6 6
62 61 6 6
63 62 6 6
63 60 6 6
64 61 6 6
64 62 6 6
65 63 6 6
65 61 6 6
66 65 6 6
66 60 6 6
67 66 6 6
67 65 6 6
68 67 6 6
68 61 6 6
69 61 6 6
69 60 6 6
60 64 6 6
60 65 6 6
61 66 6 6
61 67 6 6
72 71 7 7
72 70 7 7
73 70 7 7
73 71 7 7
74 71 7 7
74 70 7 7
75 71 7 7
75 70 7 7
76 71 7 7
76 72 7 7
77 74 7 7
77 71 7 7
78 73 7 7
78 70 7 7
79 78 7 7
79 70 7 7
70 77 7 7
70 76 7 7
71 78 7 7
71 79 7 7
49 18 4 1
41 3 4 0
40 28 4 2
41 39 4 3
59 38 5 3
55 45 5 4
55 23 5 2
59 16 5 1
67 59 6 5
62 25 6 2
60 5 6 0
61 40 6 4
74 36 7 3
70 24 7 2
78 10 7 1
73 55 7 5
5 79 0 7
2 53 0 5
18 65 1 6
37 61 3 6
