swNum = 80
edgeNum = 181

0 0
1 0
2 0
3 0
4 0
5 0
6 0
7 0
8 0
9 0
10 1
11 1
12 1
13 1
14 1
15 1
16 1
17 1
18 1
19 1
20 2
21 2
22 2
23 2
24 2
25 2
26 2
27 2
28 2
29 2
30 3
31 3
32 3
33 3
34 3
35 3
36 3
37 3
38 3
39 3
40 4
41 4
42 4
43 4
44 4
45 4
46 4
47 4
48 4
49 4
50 5
51 5
52 5
53 5
54 5
55 5
56 5
57 5
58 5
59 5
60 6
61 6
62 6
63 6
64 6
65 6
66 6
67 6
68 6
69 6
70 7
71 7
72 7
73 7
74 7
75 7
76 7
77 7
78 7
79 7

2 0 0 0
2 1 0 0
3 0 0 0
3 1 0 0
4 3 0 0
4 1 0 0
5 3 0 0
5 4 0 0
6 0 0 0
6 3 0 0
7 6 0 0
7 5 0 0
8 6 0 0
8 0 0 0
9 6 0 0
9 1 0 0
0 4 0 0
0 5 0 0
1 6 0 0
1 5 0 0
12 11 1 1
12 10 1 1
13 11 1 1
13 12 1 1
14 10 1 1
14 12 1 1
15 14 1 1
15 13 1 1
16 14 1 1
16 12 1 1
17 12 1 1
17 14 1 1
18 15 1 1
18 10 1 1
19 16 1 1
19 11 1 1
10 17 1 1
10 16 1 1
11 14 1 1
11 18 1 1
22 21 2 2
22 20 2 2
23 20 2 2
23 22 2 2
24 20 2 2
24 23 2 2
25 21 2 2
25 20 2 2
26 24 2 2
26 25 2 2
27 21 2 2
27 20 2 2
28 22 2 2
28 23 2 2
29 23 2 2
29 28 2 2
20 26 2 2
20 29 2 2
21 26 2 2
21 24 2 2
32 31 3 3
32 30 3 3
33 30 3 3
33 31 3 3
34 30 3 3
34 31 3 3
35 31 3 3
35 33 3 3
36 31 3 3
36 32 3 3
37 36 3 3
37 34 3 3
38 30 3 3
38 33 3 3
39 34 3 3
39 36 3 3
30 39 3 3
30 37 3 3
31 38 3 3
31 39 3 3
42 41 4 4
42 40 4 4
43 42 4 4
43 40 4 4
44 40 4 4
44 42 4 4
45 40 4 4
45 44 4 4
46 44 4 4
46 43 4 4
47 40 4 4
47 46 4 4
48 40 4 4
48 44 4 4
49 46 4 4
49 48 4 4
40 49 4 4
40 46 4 4
41 46 4 4
41 45 4 4
52 51 5 5
52 50 5 5
53 52 5 5
53 50 5 5
54 53 5 5
54 52 5 5
55 54 5 5
55 51 5 5
56 54 5 5
56 50 5 5
57 50 5 5
57 56 5 5
58 56 5 5
58 55 5 5
59 55 5 5
59 54 5 5
50 54 5 5
50 59 5 5
51 58 5 5
51 53 5 5
62 60 6 6
62 61 6 6
63 62 6 6
63 60 6 6
64 61 6 6
64 60 6 6
65 61 6 6
65 64 6 6
66 62 6 6
66 65 6 6
67 60 6 6
67 66 6 6
68 63 6 6
68 65 6 6
69 65 6 6
69 61 6 6
60 66 6 6
60 68 6 6
61 67 6 6
61 63 6 6
72 71 7 7
72 70 7 7
73 70 7 7
73 72 7 7
74 71 7 7
74 72 7 7
75 73 7 7
75 72 7 7
76 70 7 7
76 75 7 7
77 72 7 7
77 73 7 7
78 77 7 7
78 74 7 7
79 71 7 7
79 74 7 7
70 79 7 7
70 75 7 7
71 76 7 7
71 73 7 7
41 19 4 1
44 4 4 0
45 29 4 2
44 35 4 3
53 46 5 4
53 19 5 1
52 28 5 2
58 32 5 3
66 50 6 5
68 29 6 2
61 45 6 4
67 14 6 1
70 60 7 6
72 2 7 0
75 49 7 4
79 37 7 3
8 66 0 6
2 52 0 5
17 77 1 7
25 77 2 7
38 60 3 6
