swNum = 80
edgeNum = 179

0 0
1 0
2 0
3 0
4 0
5 0
6 0
7 0
8 0
9 0
10 1
11 1
12 1
13 1
14 1
15 1
16 1
17 1
18 1
19 1
20 2
21 2
22 2
23 2
24 2
25 2
26 2
27 2
28 2
29 2
30 3
31 3
32 3
33 3
34 3
35 3
36 3
37 3
38 3
39 3
40 4
41 4
42 4
43 4
44 4
45 4
46 4
47 4
48 4
49 4
50 5
51 5
52 5
53 5
54 5
55 5
56 5
57 5
58 5
59 5
60 6
61 6
62 6
63 6
64 6
65 6
66 6
67 6
68 6
69 6
70 7
71 7
72 7
73 7
74 7
75 7
76 7
77 7
78 7
79 7

2 1 0 0
2 0 0 0
3 0 0 0
3 1 0 0
4 2 0 0
4 1 0 0
5 1 0 0
5 3 0 0
6 1 0 0
6 2 0 0
7 5 0 0
7 2 0 0
8 3 0 0
8 5 0 0
9 4 0 0
9 5 0 0
0 7 0 0
0 9 0 0
1 9 0 0
1 8 0 0
12 10 1 1
12 11 1 1
13 11 1 1
13 12 1 1
14 13 1 1
14 10 1 1
15 14 1 1
15 11 1 1
16 14 1 1
16 13 1 1
17 13 1 1
17 11 1 1
18 12 1 1
18 11 1 1
19 18 1 1
19 15 1 1
10 17 1 1
10 13 1 1
11 19 1 1
11 14 1 1
22 21 2 2
22 20 2 2
23 21 2 2
23 20 2 2
24 22 2 2
24 20 2 2
25 21 2 2
25 20 2 2
26 25 2 2
26 20 2 2
27 21 2 2
27 23 2 2
28 22 2 2
28 25 2 2
29 27 2 2
29 25 2 2
20 27 2 2
20 29 2 2
21 24 2 2
21 26 2 2
32 31 3 3
32 30 3 3
33 31 3 3
33 30 3 3
34 33 3 3
34 32 3 3
35 33 3 3
35 30 3 3
36 35 3 3
36 34 3 3
37 30 3 3
37 35 3 3
38 31 3 3
38 36 3 3
39 32 3 3
39 38 3 3
30 34 3 3
30 39 3 3
31 34 3 3
31 37 3 3
42 40 4 4
42 41 4 4
43 41 4 4
43 40 4 4
44 40 4 4
44 42 4 4
45 43 4 4
45 41 4 4
46 40 4 4
46 45 4 4
47 41 4 4
47 43 4 4
48 42 4 4
48 40 4 4
49 48 4 4
49 42 4 4
40 47 4 4
40 45 4 4
41 49 4 4
41 44 4 4
52 51 5 5
52 50 5 5
53 52 5 5
53 51 5 5
54 53 5 5
54 51 5 5
55 50 5 5
55 53 5 5
56 50 5 5
56 53 5 5
57 54 5 5
57 52 5 5
58 56 5 5
58 52 5 5
59 53 5 5
59 54 5 5
50 53 5 5
50 59 5 5
51 58 5 5
51 55 5 5
62 60 6 6
62 61 6 6
63 61 6 6
63 60 6 6
64 63 6 6
64 62 6 6
65 61 6 6
65 60 6 6
66 62 6 6
66 61 6 6
67 65 6 6
67 63 6 6
68 62 6 6
68 66 6 6
69 65 6 6
69 67 6 6
60 69 6 6
60 66 6 6
61 68 6 6
61 67 6 6
72 71 7 7
72 70 7 7
73 71 7 7
73 72 7 7
74 73 7 7
74 71 7 7
75 73 7 7
75 71 7 7
76 71 7 7
76 73 7 7
77 76 7 7
77 74 7 7
78 70 7 7
78 73 7 7
79 73 7 7
79 75 7 7
70 75 7 7
70 73 7 7
71 77 7 7
71 79 7 7
47 21 4 2
43 6 4 0
46 35 4 3
42 13 4 1
51 31 5 3
56 2 5 0
57 25 5 2
56 47 5 4
61 14 6 1
63 38 6 3
62 23 6 2
63 0 6 0
75 43 7 4
76 16 7 1
72 68 7 6
72 20 7 2
3 74 0 7
12 58 1 5
30 77 3 7
