swNum = 80
edgeNum = 180

0 0
1 0
2 0
3 0
4 0
5 0
6 0
7 0
8 0
9 0
10 1
11 1
12 1
13 1
14 1
15 1
16 1
17 1
18 1
19 1
20 2
21 2
22 2
23 2
24 2
25 2
26 2
27 2
28 2
29 2
30 3
31 3
32 3
33 3
34 3
35 3
36 3
37 3
38 3
39 3
40 4
41 4
42 4
43 4
44 4
45 4
46 4
47 4
48 4
49 4
50 5
51 5
52 5
53 5
54 5
55 5
56 5
57 5
58 5
59 5
60 6
61 6
62 6
63 6
64 6
65 6
66 6
67 6
68 6
69 6
70 7
71 7
72 7
73 7
74 7
75 7
76 7
77 7
78 7
79 7

2 0 0 0
2 1 0 0
3 1 0 0
3 2 0 0
4 1 0 0
4 2 0 0
5 0 0 0
5 4 0 0
6 0 0 0
6 4 0 0
7 3 0 0
7 1 0 0
8 2 0 0
8 6 0 0
9 6 0 0
9 5 0 0
0 8 0 0
0 9 0 0
1 9 0 0
1 6 0 0
12 11 1 1
12 10 1 1
13 11 1 1
13 10 1 1
14 10 1 1
14 11 1 1
15 14 1 1
15 10 1 1
16 12 1 1
16 15 1 1
17 12 1 1
17 15 1 1
18 15 1 1
18 17 1 1
19 15 1 1
19 11 1 1
10 18 1 1
10 16 1 1
11 15 1 1
11 18 1 1
22 21 2 2
22 20 2 2
23 22 2 2
23 20 2 2
24 23 2 2
24 21 2 2
25 24 2 2
25 23 2 2
26 22 2 2
26 21 2 2
27 22 2 2
27 21 2 2
28 25 2 2
28 21 2 2
29 26 2 2
29 21 2 2
20 25 2 2
20 26 2 2
21 23 2 2
21 25 2 2
32 31 3 3
32 30 3 3
33 31 3 3
33 30 3 3
34 33 3 3
34 31 3 3
35 30 3 3
35 33 3 3
36 31 3 3
36 34 3 3
37 35 3 3
37 36 3 3
38 31 3 3
38 37 3 3
39 35 3 3
39 38 3 3
30 34 3 3
30 39 3 3
31 35 3 3
31 37 3 3
42 40 4 4
42 41 4 4
43 41 4 4
43 42 4 4
44 41 4 4
44 42 4 4
45 42 4 4
45 44 4 4
46 45 4 4
46 43 4 4
47 44 4 4
47 40 4 4
48 46 4 4
48 45 4 4
49 46 4 4
49 44 4 4
40 46 4 4
40 45 4 4
41 46 4 4
41 47 4 4
52 51 5 5
52 50 5 5
53 51 5 5
53 50 5 5
54 50 5 5
54 53 5 5
55 52 5 5
55 54 5 5
56 53 5 5
56 51 5 5
57 54 5 5
57 53 5 5
58 54 5 5
58 50 5 5
59 58 5 5
59 50 5 5
50 55 5 5
50 56 5 5
51 58 5 5
51 55 5 5
62 60 6 6
62 61 6 6
63 60 6 6
63 61 6 6
64 60 6 6
64 63 6 6
65 62 6 6
65 63 6 6
66 63 6 6
66 60 6 6
67 66 6 6
67 63 6 6
68 60 6 6
68 65 6 6
69 62 6 6
69 61 6 6
60 65 6 6
60 67 6 6
61 64 6 6
61 67 6 6
72 70 7 7
72 71 7 7
73 72 7 7
73 71 7 7
74 70 7 7
74 71 7 7
75 74 7 7
75 71 7 7
76 75 7 7
76 70 7 7
77 76 7 7
77 70 7 7
78 74 7 7
78 76 7 7
79 71 7 7
79 78 7 7
70 79 7 7
70 75 7 7
71 77 7 7
71 78 7 7
49 10 4 1
46 8 4 0
48 36 4 3
49 27 4 2
58 22 5 2
55 5 5 0
50 42 5 4
55 33 5 3
66 37 6 3
62 13 6 1
67 57 6 5
61 3 6 0
74 68 7 6
79 43 7 4
75 5 7 0
75 15 7 1
10 58 1 5
27 65 2 6
29 77 2 7
38 78 3 7
