swNum = 80
edgeNum = 179

0 0
1 0
2 0
3 0
4 0
5 0
6 0
7 0
8 0
9 0
10 1
11 1
12 1
13 1
14 1
15 1
16 1
17 1
18 1
19 1
20 2
21 2
22 2
23 2
24 2
25 2
26 2
27 2
28 2
29 2
30 3
31 3
32 3
33 3
34 3
35 3
36 3
37 3
38 3
39 3
40 4
41 4
42 4
43 4
44 4
45 4
46 4
47 4
48 4
49 4
50 5
51 5
52 5
53 5
54 5
55 5
56 5
57 5
58 5
59 5
60 6
61 6
62 6
63 6
64 6
65 6
66 6
67 6
68 6
69 6
70 7
71 7
72 7
73 7
74 7
75 7
76 7
77 7
78 7
79 7

2 0 0 0
2 1 0 0
3 0 0 0
3 1 0 0
4 2 0 0
4 1 0 0
5 2 0 0
5 1 0 0
6 3 0 0
6 1 0 0
7 0 0 0
7 3 0 0
8 6 0 0
8 7 0 0
9 0 0 0
9 7 0 0
0 4 0 0
0 5 0 0
1 7 0 0
1 9 0 0
12 11 1 1
12 10 1 1
13 10 1 1
13 11 1 1
14 12 1 1
14 13 1 1
15 10 1 1
15 11 1 1
16 11 1 1
16 10 1 1
17 11 1 1
17 16 1 1
18 13 1 1
18 16 1 1
19 13 1 1
19 16 1 1
10 18 1 1
10 14 1 1
11 19 1 1
11 14 1 1
22 20 2 2
22 21 2 2
23 22 2 2
23 20 2 2
24 23 2 2
24 22 2 2
25 21 2 2
25 20 2 2
26 24 2 2
26 25 2 2
27 25 2 2
27 23 2 2
28 20 2 2
28 24 2 2
29 22 2 2
29 28 2 2
20 29 2 2
20 27 2 2
21 27 2 2
21 26 2 2
32 31 3 3
32 30 3 3
33 32 3 3
33 30 3 3
34 33 3 3
34 30 3 3
35 32 3 3
35 34 3 3
36 35 3 3
36 31 3 3
37 36 3 3
37 35 3 3
38 35 3 3
38 37 3 3
39 33 3 3
39 37 3 3
30 38 3 3
30 35 3 3
31 35 3 3
31 38 3 3
42 41 4 4
42 40 4 4
43 42 4 4
43 41 4 4
44 42 4 4
44 43 4 4
45 41 4 4
45 43 4 4
46 40 4 4
46 43 4 4
47 43 4 4
47 46 4 4
48 40 4 4
48 46 4 4
49 47 4 4
49 44 4 4
40 47 4 4
40 49 4 4
41 47 4 4
41 46 4 4
52 50 5 5
52 51 5 5
53 52 5 5
53 51 5 5
54 50 5 5
54 52 5 5
55 50 5 5
55 54 5 5
56 55 5 5
56 52 5 5
57 52 5 5
57 56 5 5
58 53 5 5
58 57 5 5
59 57 5 5
59 52 5 5
50 56 5 5
50 57 5 5
51 55 5 5
51 57 5 5
62 60 6 6
62 61 6 6
63 62 6 6
63 60 6 6
64 62 6 6
64 60 6 6
65 64 6 6
65 60 6 6
66 64 6 6
66 65 6 6
67 62 6 6
67 63 6 6
68 62 6 6
68 64 6 6
69 64 6 6
69 61 6 6
60 67 6 6
60 66 6 6
61 68 6 6
61 63 6 6
72 71 7 7
72 70 7 7
73 70 7 7
73 72 7 7
74 71 7 7
74 72 7 7
75 71 7 7
75 72 7 7
76 70 7 7
76 72 7 7
77 70 7 7
77 73 7 7
78 76 7 7
78 70 7 7
79 74 7 7
79 77 7 7
70 74 7 7
70 75 7 7
71 77 7 7
71 73 7 7
47 8 4 0
45 24 4 2
44 34 4 3
40 18 4 1
54 34 5 3
53 41 5 4
57 0 5 0
53 23 5 2
61 24 6 2
68 54 6 5
68 5 6 0
62 35 6 3
78 33 7 3
78 54 7 5
70 24 7 2
79 4 7 0
16 75 1 7
11 69 1 6
10 57 1 5
