swNum = 80
edgeNum = 178

0 0
1 0
2 0
3 0
4 0
5 0
6 0
7 0
8 0
9 0
10 1
11 1
12 1
13 1
14 1
15 1
16 1
17 1
18 1
19 1
20 2
21 2
22 2
23 2
24 2
25 2
26 2
27 2
28 2
29 2
30 3
31 3
32 3
33 3
34 3
35 3
36 3
37 3
38 3
39 3
40 4
41 4
42 4
43 4
44 4
45 4
46 4
47 4
48 4
49 4
50 5
51 5
52 5
53 5
54 5
55 5
56 5
57 5
58 5
59 5
60 6
61 6
62 6
63 6
64 6
65 6
66 6
67 6
68 6
69 6
70 7
71 7
72 7
73 7
74 7
75 7
76 7
77 7
78 7
79 7

2 0 0 0
2 1 0 0
3 2 0 0
3 1 0 0
4 1 0 0
4 0 0 0
5 0 0 0
5 4 0 0
6 1 0 0
6 4 0 0
7 6 0 0
7 5 0 0
8 5 0 0
8 3 0 0
9 5 0 0
9 1 0 0
0 8 0 0
0 6 0 0
1 5 0 0
1 7 0 0
12 10 1 1
12 11 1 1
13 12 1 1
13 10 1 1
14 10 1 1
14 11 1 1
15 14 1 1
15 13 1 1
16 15 1 1
16 14 1 1
17 16 1 1
17 12 1 1
18 17 1 1
18 16 1 1
19 16 1 1
19 14 1 1
10 18 1 1
10 15 1 1
11 17 1 1
11 15 1 1
22 21 2 2
22 20 2 2
23 20 2 2
23 22 2 2
24 20 2 2
24 21 2 2
25 23 2 2
25 24 2 2
26 21 2 2
26 20 2 2
27 21 2 2
27 24 2 2
28 21 2 2
28 27 2 2
29 22 2 2
29 23 2 2
20 28 2 2
20 29 2 2
21 25 2 2
21 23 2 2
32 30 3 3
32 31 3 3
33 30 3 3
33 31 3 3
34 31 3 3
34 32 3 3
35 30 3 3
35 31 3 3
36 30 3 3
36 31 3 3
37 31 3 3
37 30 3 3
38 34 3 3
38 31 3 3
39 31 3 3
39 32 3 3
30 39 3 3
30 38 3 3
42 40 4 4
42 41 4 4
43 42 4 4
43 40 4 4
44 42 4 4
44 43 4 4
45 44 4 4
45 43 4 4
46 45 4 4
46 43 4 4
47 42 4 4
47 46 4 4
48 45 4 4
48 46 4 4
49 41 4 4
49 46 4 4
40 48 4 4
40 44 4 4
41 48 4 4
41 46 4 4
52 50 5 5
52 51 5 5
53 52 5 5
53 50 5 5
54 53 5 5
54 50 5 5
55 53 5 5
55 54 5 5
56 54 5 5
56 53 5 5
57 56 5 5
57 51 5 5
58 53 5 5
58 50 5 5
59 50 5 5
59 57 5 5
50 55 5 5
50 56 5 5
51 56 5 5
51 58 5 5
62 60 6 6
62 61 6 6
63 60 6 6
63 61 6 6
64 63 6 6
64 62 6 6
65 62 6 6
65 61 6 6
66 63 6 6
66 60 6 6
67 65 6 6
67 62 6 6
68 63 6 6
68 62 6 6
69 62 6 6
69 61 6 6
60 64 6 6
60 68 6 6
61 66 6 6
61 67 6 6
72 71 7 7
72 70 7 7
73 72 7 7
73 70 7 7
74 70 7 7
74 72 7 7
75 71 7 7
75 72 7 7
76 70 7 7
76 72 7 7
77 76 7 7
77 72 7 7
78 72 7 7
78 75 7 7
79 74 7 7
79 73 7 7
70 77 7 7
70 79 7 7
71 76 7 7
71 77 7 7
42 6 4 0
49 13 4 1
43 39 4 3
48 20 4 2
53 18 5 1
55 32 5 3
51 3 5 0
58 43 5 4
67 3 6 0
67 44 6 4
61 57 6 5
60 10 6 1
78 28 7 2
73 13 7 1
71 55 7 5
79 3 7 0
23 50 2 5
28 63 2 6
39 77 3 7
39 68 3 6
