swNum = 80
edgeNum = 180

0 0
1 0
2 0
3 0
4 0
5 0
6 0
7 0
8 0
9 0
10 1
11 1
12 1
13 1
14 1
15 1
16 1
17 1
18 1
19 1
20 2
21 2
22 2
23 2
24 2
25 2
26 2
27 2
28 2
29 2
30 3
31 3
32 3
33 3
34 3
35 3
36 3
37 3
38 3
39 3
40 4
41 4
42 4
43 4
44 4
45 4
46 4
47 4
48 4
49 4
50 5
51 5
52 5
53 5
54 5
55 5
56 5
57 5
58 5
59 5
60 6
61 6
62 6
63 6
64 6
65 6
66 6
67 6
68 6
69 6
70 7
71 7
72 7
73 7
74 7
75 7
76 7
77 7
78 7
79 7

2 1 0 0
2 0 0 0
3 0 0 0
3 2 0 0
4 0 0 0
4 2 0 0
5 0 0 0
5 1 0 0
6 1 0 0
6 2 0 0
7 0 0 0
7 5 0 0
8 0 0 0
8 4 0 0
9 3 0 0
9 0 0 0
0 6 0 0
1 8 0 0
1 9 0 0
12 11 1 1
12 10 1 1
13 11 1 1
13 12 1 1
14 13 1 1
14 11 1 1
15 12 1 1
15 10 1 1
16 14 1 1
16 11 1 1
17 12 1 1
17 14 1 1
18 14 1 1
18 12 1 1
19 18 1 1
19 11 1 1
10 17 1 1
10 13 1 1
11 15 1 1
11 18 1 1
22 20 2 2
22 21 2 2
23 22 2 2
23 21 2 2
24 23 2 2
24 22 2 2
25 24 2 2
25 22 2 2
26 24 2 2
26 20 2 2
27 20 2 2
27 21 2 2
28 20 2 2
28 26 2 2
29 26 2 2
29 24 2 2
20 29 2 2
20 24 2 2
21 29 2 2
21 24 2 2
32 31 3 3
32 30 3 3
33 32 3 3
33 31 3 3
34 30 3 3
34 33 3 3
35 32 3 3
35 31 3 3
36 32 3 3
36 33 3 3
37 33 3 3
37 34 3 3
38 36 3 3
38 35 3 3
39 33 3 3
39 31 3 3
30 37 3 3
30 33 3 3
31 36 3 3
31 34 3 3
42 41 4 4
42 40 4 4
43 41 4 4
43 42 4 4
44 43 4 4
44 40 4 4
45 41 4 4
45 40 4 4
46 42 4 4
46 41 4 4
47 43 4 4
47 40 4 4
48 43 4 4
48 44 4 4
49 44 4 4
49 47 4 4
40 43 4 4
40 48 4 4
41 44 4 4
41 48 4 4
52 51 5 5
52 50 5 5
53 52 5 5
53 50 5 5
54 50 5 5
54 51 5 5
55 52 5 5
55 53 5 5
56 51 5 5
56 54 5 5
57 50 5 5
57 56 5 5
58 54 5 5
58 50 5 5
59 50 5 5
59 53 5 5
50 55 5 5
50 56 5 5
51 55 5 5
51 59 5 5
62 60 6 6
62 61 6 6
63 60 6 6
63 62 6 6
64 63 6 6
64 62 6 6
65 61 6 6
65 64 6 6
66 62 6 6
66 65 6 6
67 60 6 6
67 65 6 6
68 63 6 6
68 66 6 6
69 68 6 6
69 62 6 6
60 65 6 6
60 68 6 6
61 67 6 6
61 66 6 6
72 71 7 7
72 70 7 7
73 70 7 7
73 71 7 7
74 70 7 7
74 72 7 7
75 71 7 7
75 70 7 7
76 75 7 7
76 70 7 7
77 74 7 7
77 73 7 7
78 74 7 7
78 77 7 7
79 75 7 7
79 73 7 7
70 78 7 7
70 79 7 7
71 76 7 7
71 79 7 7
43 18 4 1
48 0 4 0
42 23 4 2
43 37 4 3
54 33 5 3
52 3 5 0
50 21 5 2
56 41 5 4
66 5 6 0
69 24 6 2
62 45 6 4
66 54 6 5
70 53 7 5
72 30 7 3
75 5 7 0
75 62 7 6
16 73 1 7
16 66 1 6
17 53 1 5
25 70 2 7
37 61 3 6
