swNum = 80
edgeNum = 182

0 0
1 0
2 0
3 0
4 0
5 0
6 0
7 0
8 0
9 0
10 1
11 1
12 1
13 1
14 1
15 1
16 1
17 1
18 1
19 1
20 2
21 2
22 2
23 2
24 2
25 2
26 2
27 2
28 2
29 2
30 3
31 3
32 3
33 3
34 3
35 3
36 3
37 3
38 3
39 3
40 4
41 4
42 4
43 4
44 4
45 4
46 4
47 4
48 4
49 4
50 5
51 5
52 5
53 5
54 5
55 5
56 5
57 5
58 5
59 5
60 6
61 6
62 6
63 6
64 6
65 6
66 6
67 6
68 6
69 6
70 7
71 7
72 7
73 7
74 7
75 7
76 7
77 7
78 7
79 7

2 0 0 0
2 1 0 0
3 0 0 0
3 2 0 0
4 3 0 0
4 0 0 0
5 3 0 0
5 4 0 0
6 3 0 0
6 0 0 0
7 0 0 0
7 2 0 0
8 0 0 0
8 2 0 0
9 1 0 0
9 7 0 0
0 5 0 0
0 9 0 0
1 7 0 0
1 8 0 0
12 10 1 1
12 11 1 1
13 10 1 1
13 11 1 1
14 13 1 1
14 12 1 1
15 14 1 1
15 13 1 1
16 11 1 1
16 12 1 1
17 14 1 1
17 10 1 1
18 15 1 1
18 16 1 1
19 16 1 1
19 11 1 1
10 15 1 1
10 19 1 1
11 17 1 1
11 14 1 1
22 21 2 2
22 20 2 2
23 21 2 2
23 20 2 2
24 21 2 2
24 20 2 2
25 23 2 2
25 24 2 2
26 21 2 2
26 25 2 2
27 21 2 2
27 25 2 2
28 22 2 2
28 25 2 2
29 26 2 2
29 24 2 2
20 28 2 2
20 27 2 2
21 25 2 2
21 28 2 2
32 31 3 3
32 30 3 3
33 31 3 3
33 32 3 3
34 30 3 3
34 32 3 3
35 31 3 3
35 30 3 3
36 31 3 3
36 32 3 3
37 31 3 3
37 34 3 3
38 32 3 3
38 37 3 3
39 34 3 3
39 37 3 3
30 37 3 3
30 36 3 3
31 38 3 3
31 39 3 3
42 41 4 4
42 40 4 4
43 40 4 4
43 41 4 4
44 42 4 4
44 40 4 4
45 40 4 4
45 43 4 4
46 45 4 4
46 43 4 4
47 43 4 4
47 40 4 4
48 42 4 4
48 45 4 4
49 44 4 4
49 43 4 4
40 48 4 4
40 49 4 4
41 46 4 4
41 44 4 4
52 51 5 5
52 50 5 5
53 51 5 5
53 52 5 5
54 53 5 5
54 52 5 5
55 51 5 5
55 52 5 5
56 51 5 5
56 55 5 5
57 54 5 5
57 56 5 5
58 55 5 5
58 56 5 5
59 53 5 5
59 57 5 5
50 58 5 5
50 57 5 5
51 58 5 5
51 57 5 5
62 61 6 6
62 60 6 6
63 61 6 6
63 62 6 6
64 62 6 6
64 63 6 6
65 62 6 6
65 64 6 6
66 62 6 6
66 65 6 6
67 62 6 6
67 61 6 6
68 67 6 6
68 65 6 6
69 61 6 6
69 66 6 6
60 68 6 6
60 66 6 6
61 68 6 6
61 65 6 6
72 71 7 7
72 70 7 7
73 71 7 7
73 72 7 7
74 70 7 7
74 72 7 7
75 74 7 7
75 72 7 7
76 72 7 7
76 71 7 7
77 71 7 7
77 76 7 7
78 76 7 7
78 73 7 7
79 73 7 7
79 71 7 7
70 78 7 7
70 77 7 7
71 74 7 7
71 75 7 7
45 17 4 1
47 26 4 2
41 35 4 3
42 3 4 0
55 11 5 1
59 7 5 0
57 45 5 4
50 24 5 2
60 11 6 1
67 44 6 4
64 58 6 5
66 6 6 0
72 60 7 6
75 44 7 4
77 58 7 5
78 37 7 3
9 78 0 7
12 76 1 7
23 75 2 7
28 68 2 6
30 68 3 6
34 50 3 5
