swNum = 80
edgeNum = 180

0 0
1 0
2 0
3 0
4 0
5 0
6 0
7 0
8 0
9 0
10 1
11 1
12 1
13 1
14 1
15 1
16 1
17 1
18 1
19 1
20 2
21 2
22 2
23 2
24 2
25 2
26 2
27 2
28 2
29 2
30 3
31 3
32 3
33 3
34 3
35 3
36 3
37 3
38 3
39 3
40 4
41 4
42 4
43 4
44 4
45 4
46 4
47 4
48 4
49 4
50 5
51 5
52 5
53 5
54 5
55 5
56 5
57 5
58 5
59 5
60 6
61 6
62 6
63 6
64 6
65 6
66 6
67 6
68 6
69 6
70 7
71 7
72 7
73 7
74 7
75 7
76 7
77 7
78 7
79 7

2 1 0 0
2 0 0 0
3 2 0 0
3 0 0 0
4 3 0 0
4 1 0 0
5 3 0 0
5 2 0 0
6 5 0 0
6 0 0 0
7 0 0 0
7 4 0 0
8 1 0 0
8 5 0 0
9 8 0 0
9 5 0 0
0 4 0 0
0 5 0 0
1 5 0 0
1 7 0 0
12 10 1 1
12 11 1 1
13 10 1 1
13 12 1 1
14 10 1 1
14 13 1 1
15 12 1 1
15 11 1 1
16 14 1 1
16 12 1 1
17 11 1 1
17 12 1 1
18 13 1 1
18 14 1 1
19 16 1 1
19 14 1 1
10 15 1 1
10 17 1 1
11 16 1 1
11 13 1 1
22 20 2 2
22 21 2 2
23 21 2 2
23 22 2 2
24 22 2 2
24 23 2 2
25 22 2 2
25 21 2 2
26 22 2 2
26 23 2 2
27 20 2 2
27 26 2 2
28 27 2 2
28 26 2 2
29 27 2 2
29 24 2 2
20 26 2 2
20 28 2 2
21 28 2 2
21 29 2 2
32 31 3 3
32 30 3 3
33 32 3 3
33 30 3 3
34 32 3 3
34 33 3 3
35 31 3 3
35 34 3 3
36 30 3 3
36 35 3 3
37 34 3 3
37 33 3 3
38 36 3 3
38 34 3 3
39 37 3 3
39 38 3 3
30 39 3 3
30 37 3 3
31 36 3 3
31 37 3 3
42 41 4 4
42 40 4 4
43 40 4 4
43 41 4 4
44 41 4 4
44 40 4 4
45 42 4 4
45 40 4 4
46 44 4 4
46 40 4 4
47 43 4 4
47 40 4 4
48 42 4 4
48 40 4 4
49 43 4 4
49 45 4 4
40 49 4 4
41 49 4 4
41 45 4 4
52 51 5 5
52 50 5 5
53 50 5 5
53 52 5 5
54 52 5 5
54 50 5 5
55 50 5 5
55 54 5 5
56 52 5 5
56 50 5 5
57 53 5 5
57 56 5 5
58 50 5 5
58 55 5 5
59 58 5 5
59 52 5 5
50 59 5 5
50 57 5 5
51 58 5 5
51 54 5 5
62 60 6 6
62 61 6 6
63 60 6 6
63 61 6 6
64 61 6 6
64 63 6 6
65 61 6 6
65 64 6 6
66 62 6 6
66 61 6 6
67 66 6 6
67 63 6 6
68 65 6 6
68 64 6 6
69 64 6 6
69 68 6 6
60 64 6 6
60 67 6 6
61 68 6 6
61 69 6 6
72 71 7 7
72 70 7 7
73 71 7 7
73 72 7 7
74 73 7 7
74 71 7 7
75 72 7 7
75 71 7 7
76 74 7 7
76 71 7 7
77 72 7 7
77 70 7 7
78 74 7 7
78 71 7 7
79 77 7 7
79 70 7 7
70 76 7 7
70 73 7 7
71 79 7 7
71 77 7 7
47 27 4 2
41 31 4 3
42 6 4 0
45 12 4 1
56 45 5 4
57 20 5 2
58 34 5 3
59 2 5 0
69 41 6 4
65 38 6 3
65 58 6 5
68 16 6 1
78 52 7 5
70 21 7 2
77 32 7 3
74 49 7 4
8 71 0 7
1 64 0 6
16 78 1 7
15 50 1 5
20 67 2 6
