swNum = 80
edgeNum = 181

0 0
1 0
2 0
3 0
4 0
5 0
6 0
7 0
8 0
9 0
10 1
11 1
12 1
13 1
14 1
15 1
16 1
17 1
18 1
19 1
20 2
21 2
22 2
23 2
24 2
25 2
26 2
27 2
28 2
29 2
30 3
31 3
32 3
33 3
34 3
35 3
36 3
37 3
38 3
39 3
40 4
41 4
42 4
43 4
44 4
45 4
46 4
47 4
48 4
49 4
50 5
51 5
52 5
53 5
54 5
55 5
56 5
57 5
58 5
59 5
60 6
61 6
62 6
63 6
64 6
65 6
66 6
67 6
68 6
69 6
70 7
71 7
72 7
73 7
74 7
75 7
76 7
77 7
78 7
79 7

2 0 0 0
2 1 0 0
3 2 0 0
3 0 0 0
4 2 0 0
4 1 0 0
5 2 0 0
5 3 0 0
6 2 0 0
6 1 0 0
7 6 0 0
7 5 0 0
8 2 0 0
8 4 0 0
9 3 0 0
9 7 0 0
0 6 0 0
0 9 0 0
1 9 0 0
1 3 0 0
12 10 1 1
12 11 1 1
13 11 1 1
13 10 1 1
14 10 1 1
14 12 1 1
15 13 1 1
15 11 1 1
16 11 1 1
16 13 1 1
17 11 1 1
17 10 1 1
18 12 1 1
18 14 1 1
19 15 1 1
19 12 1 1
10 18 1 1
10 19 1 1
11 18 1 1
11 14 1 1
22 21 2 2
22 20 2 2
23 22 2 2
23 21 2 2
24 22 2 2
24 21 2 2
25 24 2 2
25 22 2 2
26 20 2 2
26 21 2 2
27 20 2 2
27 26 2 2
28 21 2 2
28 25 2 2
29 20 2 2
29 27 2 2
20 23 2 2
20 25 2 2
21 25 2 2
21 27 2 2
32 30 3 3
32 31 3 3
33 30 3 3
33 31 3 3
34 32 3 3
34 31 3 3
35 31 3 3
35 33 3 3
36 33 3 3
36 35 3 3
37 36 3 3
37 33 3 3
38 33 3 3
38 36 3 3
39 30 3 3
39 38 3 3
30 36 3 3
30 35 3 3
31 37 3 3
31 36 3 3
42 41 4 4
42 40 4 4
43 40 4 4
43 42 4 4
44 42 4 4
44 43 4 4
45 43 4 4
45 42 4 4
46 41 4 4
46 43 4 4
47 44 4 4
47 43 4 4
48 40 4 4
48 42 4 4
49 44 4 4
49 42 4 4
40 47 4 4
40 46 4 4
41 47 4 4
41 44 4 4
52 50 5 5
52 51 5 5
53 52 5 5
53 50 5 5
54 51 5 5
54 53 5 5
55 52 5 5
55 54 5 5
56 53 5 5
56 51 5 5
57 52 5 5
57 51 5 5
58 56 5 5
58 50 5 5
59 50 5 5
59 57 5 5
50 55 5 5
50 56 5 5
51 53 5 5
51 59 5 5
62 61 6 6
62 60 6 6
63 60 6 6
63 61 6 6
64 60 6 6
64 63 6 6
65 62 6 6
65 60 6 6
66 64 6 6
66 61 6 6
67 60 6 6
67 66 6 6
68 61 6 6
68 66 6 6
69 64 6 6
69 60 6 6
60 68 6 6
60 66 6 6
61 64 6 6
61 67 6 6
72 70 7 7
72 71 7 7
73 71 7 7
73 72 7 7
74 70 7 7
74 72 7 7
75 74 7 7
75 72 7 7
76 73 7 7
76 74 7 7
77 76 7 7
77 74 7 7
78 75 7 7
78 77 7 7
79 78 7 7
79 72 7 7
70 73 7 7
70 77 7 7
71 77 7 7
71 78 7 7
42 16 4 1
42 6 4 0
44 29 4 2
40 36 4 3
52 31 5 3
51 5 5 0
54 14 5 1
50 49 5 4
67 54 6 5
67 16 6 1
60 40 6 4
67 5 6 0
75 36 7 3
71 56 7 5
71 7 7 0
73 69 7 6
18 76 1 7
29 76 2 7
25 67 2 6
23 50 2 5
34 64 3 6
