swNum = 80
edgeNum = 179

0 0
1 0
2 0
3 0
4 0
5 0
6 0
7 0
8 0
9 0
10 1
11 1
12 1
13 1
14 1
15 1
16 1
17 1
18 1
19 1
20 2
21 2
22 2
23 2
24 2
25 2
26 2
27 2
28 2
29 2
30 3
31 3
32 3
33 3
34 3
35 3
36 3
37 3
38 3
39 3
40 4
41 4
42 4
43 4
44 4
45 4
46 4
47 4
48 4
49 4
50 5
51 5
52 5
53 5
54 5
55 5
56 5
57 5
58 5
59 5
60 6
61 6
62 6
63 6
64 6
65 6
66 6
67 6
68 6
69 6
70 7
71 7
72 7
73 7
74 7
75 7
76 7
77 7
78 7
79 7

2 1 0 0
2 0 0 0
3 1 0 0
3 0 0 0
4 3 0 0
4 2 0 0
5 0 0 0
5 1 0 0
6 3 0 0
6 4 0 0
7 1 0 0
7 5 0 0
8 5 0 0
8 1 0 0
9 5 0 0
9 1 0 0
0 4 0 0
0 6 0 0
1 6 0 0
1 4 0 0
12 10 1 1
12 11 1 1
13 11 1 1
13 10 1 1
14 11 1 1
14 13 1 1
15 12 1 1
15 13 1 1
16 13 1 1
16 14 1 1
17 16 1 1
17 14 1 1
18 13 1 1
18 14 1 1
19 10 1 1
19 18 1 1
10 18 1 1
10 17 1 1
11 18 1 1
11 19 1 1
22 21 2 2
22 20 2 2
23 21 2 2
23 20 2 2
24 20 2 2
24 23 2 2
25 24 2 2
25 20 2 2
26 20 2 2
26 22 2 2
27 20 2 2
27 25 2 2
28 22 2 2
28 21 2 2
29 20 2 2
29 23 2 2
20 28 2 2
21 26 2 2
21 24 2 2
32 31 3 3
32 30 3 3
33 31 3 3
33 30 3 3
34 32 3 3
34 31 3 3
35 33 3 3
35 32 3 3
36 35 3 3
36 32 3 3
37 32 3 3
37 30 3 3
38 36 3 3
38 33 3 3
39 32 3 3
39 34 3 3
30 38 3 3
30 34 3 3
31 37 3 3
31 36 3 3
42 41 4 4
42 40 4 4
43 40 4 4
43 42 4 4
44 41 4 4
44 40 4 4
45 41 4 4
45 42 4 4
46 41 4 4
46 43 4 4
47 40 4 4
47 44 4 4
48 41 4 4
48 42 4 4
49 45 4 4
49 43 4 4
40 48 4 4
40 49 4 4
41 47 4 4
41 43 4 4
52 50 5 5
52 51 5 5
53 50 5 5
53 51 5 5
54 51 5 5
54 52 5 5
55 52 5 5
55 54 5 5
56 53 5 5
56 54 5 5
57 56 5 5
57 51 5 5
58 56 5 5
58 50 5 5
59 51 5 5
59 52 5 5
50 57 5 5
50 59 5 5
51 58 5 5
51 55 5 5
62 61 6 6
62 60 6 6
63 60 6 6
63 62 6 6
64 62 6 6
64 63 6 6
65 61 6 6
65 60 6 6
66 62 6 6
66 64 6 6
67 66 6 6
67 65 6 6
68 67 6 6
68 61 6 6
69 60 6 6
69 64 6 6
60 67 6 6
60 64 6 6
61 63 6 6
61 64 6 6
72 70 7 7
72 71 7 7
73 72 7 7
73 71 7 7
74 73 7 7
74 72 7 7
75 73 7 7
75 70 7 7
76 71 7 7
76 73 7 7
77 75 7 7
77 70 7 7
78 71 7 7
78 75 7 7
79 76 7 7
79 72 7 7
70 76 7 7
70 74 7 7
71 75 7 7
71 77 7 7
40 36 4 3
45 0 4 0
42 12 4 1
40 26 4 2
58 10 5 1
54 2 5 0
52 43 5 4
56 28 5 2
63 49 6 4
61 24 6 2
61 37 6 3
62 2 6 0
70 9 7 0
75 65 7 6
79 53 7 5
73 36 7 3
10 73 1 7
11 69 1 6
21 75 2 7
38 58 3 5
