swNum = 80
edgeNum = 178

0 0
1 0
2 0
3 0
4 0
5 0
6 0
7 0
8 0
9 0
10 1
11 1
12 1
13 1
14 1
15 1
16 1
17 1
18 1
19 1
20 2
21 2
22 2
23 2
24 2
25 2
26 2
27 2
28 2
29 2
30 3
31 3
32 3
33 3
34 3
35 3
36 3
37 3
38 3
39 3
40 4
41 4
42 4
43 4
44 4
45 4
46 4
47 4
48 4
49 4
50 5
51 5
52 5
53 5
54 5
55 5
56 5
57 5
58 5
59 5
60 6
61 6
62 6
63 6
64 6
65 6
66 6
67 6
68 6
69 6
70 7
71 7
72 7
73 7
74 7
75 7
76 7
77 7
78 7
79 7

2 0 0 0
2 1 0 0
3 0 0 0
3 1 0 0
4 0 0 0
4 1 0 0
5 3 0 0
5 4 0 0
6 3 0 0
6 2 0 0
7 2 0 0
7 6 0 0
8 2 0 0
8 5 0 0
9 8 0 0
9 5 0 0
0 7 0 0
0 9 0 0
1 8 0 0
1 5 0 0
12 10 1 1
12 11 1 1
13 12 1 1
13 10 1 1
14 13 1 1
14 12 1 1
15 12 1 1
15 13 1 1
16 10 1 1
16 13 1 1
17 14 1 1
17 16 1 1
18 12 1 1
18 16 1 1
19 10 1 1
19 17 1 1
10 15 1 1
10 17 1 1
11 15 1 1
11 19 1 1
22 21 2 2
22 20 2 2
23 20 2 2
23 21 2 2
24 21 2 2
24 20 2 2
25 21 2 2
25 23 2 2
26 20 2 2
26 25 2 2
27 23 2 2
27 22 2 2
28 24 2 2
28 21 2 2
29 28 2 2
29 24 2 2
20 28 2 2
20 27 2 2
21 27 2 2
21 29 2 2
32 31 3 3
32 30 3 3
33 31 3 3
33 30 3 3
34 30 3 3
34 31 3 3
35 30 3 3
35 31 3 3
36 34 3 3
36 32 3 3
37 33 3 3
37 36 3 3
38 34 3 3
38 31 3 3
39 30 3 3
39 33 3 3
30 38 3 3
30 37 3 3
31 39 3 3
31 36 3 3
42 41 4 4
42 40 4 4
43 41 4 4
43 42 4 4
44 43 4 4
44 41 4 4
45 40 4 4
45 43 4 4
46 40 4 4
46 45 4 4
47 44 4 4
47 41 4 4
48 41 4 4
48 44 4 4
49 46 4 4
49 44 4 4
40 49 4 4
40 47 4 4
41 49 4 4
41 45 4 4
52 51 5 5
52 50 5 5
53 52 5 5
53 51 5 5
54 50 5 5
54 52 5 5
55 50 5 5
55 52 5 5
56 55 5 5
56 54 5 5
57 55 5 5
57 52 5 5
58 50 5 5
58 55 5 5
59 55 5 5
59 54 5 5
50 59 5 5
50 57 5 5
51 55 5 5
51 57 5 5
62 61 6 6
62 60 6 6
63 62 6 6
63 60 6 6
64 61 6 6
64 62 6 6
65 62 6 6
65 61 6 6
66 64 6 6
66 61 6 6
67 61 6 6
67 60 6 6
68 66 6 6
68 61 6 6
69 68 6 6
69 67 6 6
60 64 6 6
60 65 6 6
61 63 6 6
61 69 6 6
72 71 7 7
72 70 7 7
73 71 7 7
73 72 7 7
74 72 7 7
74 70 7 7
75 70 7 7
75 72 7 7
76 75 7 7
76 73 7 7
77 71 7 7
77 74 7 7
78 75 7 7
78 76 7 7
79 77 7 7
79 73 7 7
70 78 7 7
70 77 7 7
71 75 7 7
71 78 7 7
45 38 4 3
46 16 4 1
42 0 4 0
42 21 4 2
57 23 5 2
57 4 5 0
54 11 5 1
50 39 5 3
66 13 6 1
60 49 6 4
61 3 6 0
66 23 6 2
73 37 7 3
70 25 7 2
74 8 7 0
79 69 7 6
11 77 1 7
35 69 3 6
