swNum = 80
edgeNum = 179

0 0
1 0
2 0
3 0
4 0
5 0
6 0
7 0
8 0
9 0
10 1
11 1
12 1
13 1
14 1
15 1
16 1
17 1
18 1
19 1
20 2
21 2
22 2
23 2
24 2
25 2
26 2
27 2
28 2
29 2
30 3
31 3
32 3
33 3
34 3
35 3
36 3
37 3
38 3
39 3
40 4
41 4
42 4
43 4
44 4
45 4
46 4
47 4
48 4
49 4
50 5
51 5
52 5
53 5
54 5
55 5
56 5
57 5
58 5
59 5
60 6
61 6
62 6
63 6
64 6
65 6
66 6
67 6
68 6
69 6
70 7
71 7
72 7
73 7
74 7
75 7
76 7
77 7
78 7
79 7

2 1 0 0
2 0 0 0
3 1 0 0
3 0 0 0
4 1 0 0
4 0 0 0
5 4 0 0
5 3 0 0
6 0 0 0
6 5 0 0
7 4 0 0
7 1 0 0
8 2 0 0
8 1 0 0
9 3 0 0
9 1 0 0
0 7 0 0
0 8 0 0
1 5 0 0
1 6 0 0
12 11 1 1
12 10 1 1
13 12 1 1
13 10 1 1
14 12 1 1
14 13 1 1
15 11 1 1
15 10 1 1
16 15 1 1
16 12 1 1
17 10 1 1
17 16 1 1
18 12 1 1
18 17 1 1
19 13 1 1
19 17 1 1
10 16 1 1
10 14 1 1
11 18 1 1
11 13 1 1
22 20 2 2
22 21 2 2
23 20 2 2
23 22 2 2
24 20 2 2
24 22 2 2
25 21 2 2
25 20 2 2
26 21 2 2
26 22 2 2
27 24 2 2
27 21 2 2
28 22 2 2
28 25 2 2
29 27 2 2
29 25 2 2
20 27 2 2
20 29 2 2
21 29 2 2
21 28 2 2
32 30 3 3
32 31 3 3
33 31 3 3
33 30 3 3
34 33 3 3
34 32 3 3
35 34 3 3
35 31 3 3
36 35 3 3
36 30 3 3
37 30 3 3
37 32 3 3
38 33 3 3
38 37 3 3
39 30 3 3
39 32 3 3
30 38 3 3
30 35 3 3
31 36 3 3
31 39 3 3
42 40 4 4
42 41 4 4
43 41 4 4
43 42 4 4
44 42 4 4
44 40 4 4
45 40 4 4
45 43 4 4
46 41 4 4
46 44 4 4
47 45 4 4
47 41 4 4
48 42 4 4
48 41 4 4
49 48 4 4
49 41 4 4
40 43 4 4
40 47 4 4
41 45 4 4
41 44 4 4
52 50 5 5
52 51 5 5
53 52 5 5
53 51 5 5
54 50 5 5
54 53 5 5
55 54 5 5
55 50 5 5
56 51 5 5
56 53 5 5
57 56 5 5
57 54 5 5
58 50 5 5
58 54 5 5
59 54 5 5
59 56 5 5
50 53 5 5
50 57 5 5
51 58 5 5
51 57 5 5
62 61 6 6
62 60 6 6
63 60 6 6
63 61 6 6
64 61 6 6
64 60 6 6
65 63 6 6
65 62 6 6
66 62 6 6
66 60 6 6
67 65 6 6
67 61 6 6
68 63 6 6
68 64 6 6
69 65 6 6
69 68 6 6
60 68 6 6
60 67 6 6
61 69 6 6
61 66 6 6
72 71 7 7
72 70 7 7
73 70 7 7
73 72 7 7
74 72 7 7
74 73 7 7
75 72 7 7
75 71 7 7
76 73 7 7
76 70 7 7
77 73 7 7
77 76 7 7
78 71 7 7
78 70 7 7
79 72 7 7
79 70 7 7
70 74 7 7
70 77 7 7
71 77 7 7
71 74 7 7
45 24 4 2
48 2 4 0
45 18 4 1
45 31 4 3
51 21 5 2
50 32 5 3
55 10 5 1
59 43 5 4
63 30 6 3
63 21 6 2
66 16 6 1
60 56 6 5
74 31 7 3
76 60 7 6
78 6 7 0
77 20 7 2
7 52 0 5
3 62 0 6
13 72 1 7
