swNum = 80
edgeNum = 179

0 0
1 0
2 0
3 0
4 0
5 0
6 0
7 0
8 0
9 0
10 1
11 1
12 1
13 1
14 1
15 1
16 1
17 1
18 1
19 1
20 2
21 2
22 2
23 2
24 2
25 2
26 2
27 2
28 2
29 2
30 3
31 3
32 3
33 3
34 3
35 3
36 3
37 3
38 3
39 3
40 4
41 4
42 4
43 4
44 4
45 4
46 4
47 4
48 4
49 4
50 5
51 5
52 5
53 5
54 5
55 5
56 5
57 5
58 5
59 5
60 6
61 6
62 6
63 6
64 6
65 6
66 6
67 6
68 6
69 6
70 7
71 7
72 7
73 7
74 7
75 7
76 7
77 7
78 7
79 7

2 1 0 0
2 0 0 0
3 2 0 0
3 1 0 0
4 1 0 0
4 2 0 0
5 2 0 0
5 3 0 0
6 0 0 0
6 5 0 0
7 5 0 0
7 6 0 0
8 4 0 0
8 3 0 0
9 8 0 0
9 3 0 0
0 3 0 0
0 8 0 0
1 5 0 0
1 8 0 0
12 11 1 1
12 10 1 1
13 11 1 1
13 10 1 1
14 13 1 1
14 12 1 1
15 10 1 1
15 14 1 1
16 11 1 1
16 14 1 1
17 13 1 1
17 10 1 1
18 16 1 1
18 12 1 1
19 10 1 1
19 11 1 1
10 16 1 1
10 14 1 1
11 18 1 1
11 17 1 1
22 20 2 2
22 21 2 2
23 21 2 2
23 20 2 2
24 22 2 2
24 20 2 2
25 23 2 2
25 20 2 2
26 20 2 2
26 24 2 2
27 24 2 2
27 23 2 2
28 24 2 2
28 27 2 2
29 24 2 2
29 23 2 2
20 28 2 2
20 29 2 2
21 26 2 2
21 28 2 2
32 30 3 3
32 31 3 3
33 31 3 3
33 30 3 3
34 31 3 3
34 30 3 3
35 33 3 3
35 31 3 3
36 34 3 3
36 35 3 3
37 30 3 3
37 34 3 3
38 32 3 3
38 31 3 3
39 31 3 3
39 33 3 3
30 38 3 3
30 39 3 3
31 37 3 3
31 36 3 3
42 40 4 4
42 41 4 4
43 42 4 4
43 41 4 4
44 40 4 4
44 41 4 4
45 41 4 4
45 44 4 4
46 43 4 4
46 42 4 4
47 46 4 4
47 40 4 4
48 47 4 4
48 46 4 4
49 45 4 4
49 40 4 4
40 45 4 4
40 43 4 4
41 48 4 4
41 46 4 4
52 51 5 5
52 50 5 5
53 50 5 5
53 51 5 5
54 52 5 5
54 51 5 5
55 54 5 5
55 53 5 5
56 51 5 5
56 54 5 5
57 54 5 5
57 56 5 5
58 57 5 5
58 50 5 5
59 55 5 5
59 52 5 5
50 54 5 5
50 57 5 5
51 57 5 5
51 59 5 5
62 60 6 6
62 61 6 6
63 61 6 6
63 60 6 6
64 60 6 6
64 63 6 6
65 62 6 6
65 61 6 6
66 65 6 6
66 62 6 6
67 66 6 6
67 62 6 6
68 63 6 6
68 61 6 6
69 67 6 6
69 68 6 6
60 66 6 6
60 69 6 6
61 64 6 6
61 69 6 6
72 71 7 7
72 70 7 7
73 71 7 7
73 72 7 7
74 73 7 7
74 70 7 7
75 70 7 7
75 71 7 7
76 71 7 7
76 70 7 7
77 74 7 7
77 73 7 7
78 76 7 7
78 77 7 7
79 72 7 7
79 77 7 7
70 73 7 7
70 78 7 7
71 78 7 7
71 77 7 7
48 7 4 0
41 14 4 1
48 30 4 3
42 23 4 2
54 13 5 1
55 31 5 3
58 45 5 4
59 23 5 2
69 32 6 3
62 8 6 0
63 19 6 1
66 20 6 2
78 58 7 5
73 49 7 4
76 39 7 3
71 27 7 2
8 54 0 5
8 74 0 7
10 73 1 7
