swNum = 80
edgeNum = 179

0 0
1 0
2 0
3 0
4 0
5 0
6 0
7 0
8 0
9 0
10 1
11 1
12 1
13 1
14 1
15 1
16 1
17 1
18 1
19 1
20 2
21 2
22 2
23 2
24 2
25 2
26 2
27 2
28 2
29 2
30 3
31 3
32 3
33 3
34 3
35 3
36 3
37 3
38 3
39 3
40 4
41 4
42 4
43 4
44 4
45 4
46 4
47 4
48 4
49 4
50 5
51 5
52 5
53 5
54 5
55 5
56 5
57 5
58 5
59 5
60 6
61 6
62 6
63 6
64 6
65 6
66 6
67 6
68 6
69 6
70 7
71 7
72 7
73 7
74 7
75 7
76 7
77 7
78 7
79 7

2 1 0 0
2 0 0 0
3 1 0 0
3 0 0 0
4 3 0 0
4 0 0 0
5 0 0 0
5 3 0 0
6 4 0 0
6 1 0 0
7 5 0 0
7 4 0 0
8 4 0 0
8 6 0 0
9 1 0 0
9 3 0 0
0 9 0 0
0 6 0 0
1 5 0 0
1 7 0 0
12 11 1 1
12 10 1 1
13 12 1 1
13 11 1 1
14 13 1 1
14 10 1 1
15 10 1 1
15 11 1 1
16 10 1 1
16 12 1 1
17 16 1 1
17 12 1 1
18 17 1 1
18 12 1 1
19 11 1 1
19 16 1 1
10 19 1 1
10 13 1 1
11 16 1 1
11 14 1 1
22 21 2 2
22 20 2 2
23 21 2 2
23 22 2 2
24 22 2 2
24 21 2 2
25 21 2 2
25 22 2 2
26 20 2 2
26 21 2 2
27 23 2 2
27 24 2 2
28 27 2 2
28 22 2 2
29 24 2 2
29 23 2 2
20 28 2 2
20 29 2 2
21 28 2 2
21 29 2 2
32 30 3 3
32 31 3 3
33 31 3 3
33 30 3 3
34 33 3 3
34 30 3 3
35 30 3 3
35 31 3 3
36 33 3 3
36 31 3 3
37 32 3 3
37 34 3 3
38 30 3 3
38 36 3 3
39 38 3 3
39 34 3 3
30 39 3 3
30 36 3 3
31 37 3 3
31 39 3 3
42 40 4 4
42 41 4 4
43 42 4 4
43 40 4 4
44 43 4 4
44 40 4 4
45 41 4 4
45 42 4 4
46 42 4 4
46 45 4 4
47 40 4 4
47 41 4 4
48 42 4 4
48 47 4 4
49 42 4 4
49 40 4 4
40 48 4 4
40 46 4 4
41 43 4 4
41 46 4 4
52 51 5 5
52 50 5 5
53 50 5 5
53 51 5 5
54 50 5 5
54 51 5 5
55 52 5 5
55 50 5 5
56 50 5 5
56 52 5 5
57 54 5 5
57 52 5 5
58 54 5 5
58 57 5 5
59 50 5 5
59 52 5 5
50 57 5 5
50 58 5 5
51 57 5 5
51 58 5 5
62 60 6 6
62 61 6 6
63 60 6 6
63 61 6 6
64 60 6 6
64 61 6 6
65 64 6 6
65 63 6 6
66 63 6 6
66 60 6 6
67 63 6 6
67 66 6 6
68 60 6 6
68 62 6 6
69 61 6 6
69 68 6 6
60 65 6 6
60 67 6 6
61 68 6 6
61 65 6 6
72 70 7 7
72 71 7 7
73 72 7 7
73 70 7 7
74 73 7 7
74 71 7 7
75 74 7 7
75 71 7 7
76 73 7 7
76 72 7 7
77 73 7 7
77 70 7 7
78 72 7 7
78 77 7 7
79 70 7 7
79 77 7 7
70 78 7 7
70 76 7 7
71 79 7 7
71 76 7 7
42 37 4 3
43 25 4 2
49 4 4 0
43 12 4 1
54 4 5 0
57 37 5 3
52 23 5 2
55 43 5 4
61 16 6 1
66 21 6 2
63 8 6 0
69 40 6 4
77 52 7 5
73 10 7 1
79 5 7 0
70 36 7 3
15 51 1 5
25 72 2 7
34 64 3 6
