swNum = 80
edgeNum = 181

0 0
1 0
2 0
3 0
4 0
5 0
6 0
7 0
8 0
9 0
10 1
11 1
12 1
13 1
14 1
15 1
16 1
17 1
18 1
19 1
20 2
21 2
22 2
23 2
24 2
25 2
26 2
27 2
28 2
29 2
30 3
31 3
32 3
33 3
34 3
35 3
36 3
37 3
38 3
39 3
40 4
41 4
42 4
43 4
44 4
45 4
46 4
47 4
48 4
49 4
50 5
51 5
52 5
53 5
54 5
55 5
56 5
57 5
58 5
59 5
60 6
61 6
62 6
63 6
64 6
65 6
66 6
67 6
68 6
69 6
70 7
71 7
72 7
73 7
74 7
75 7
76 7
77 7
78 7
79 7

2 1 0 0
2 0 0 0
3 2 0 0
3 0 0 0
4 2 0 0
4 3 0 0
5 0 0 0
5 1 0 0
6 1 0 0
6 3 0 0
7 6 0 0
7 5 0 0
8 4 0 0
8 0 0 0
9 8 0 0
9 1 0 0
0 6 0 0
0 9 0 0
1 8 0 0
1 3 0 0
12 11 1 1
12 10 1 1
13 10 1 1
13 11 1 1
14 11 1 1
14 12 1 1
15 12 1 1
15 14 1 1
16 10 1 1
16 12 1 1
17 11 1 1
17 12 1 1
18 10 1 1
18 13 1 1
19 11 1 1
19 13 1 1
10 14 1 1
10 19 1 1
11 16 1 1
11 18 1 1
22 20 2 2
22 21 2 2
23 22 2 2
23 20 2 2
24 22 2 2
24 20 2 2
25 24 2 2
25 21 2 2
26 21 2 2
26 22 2 2
27 21 2 2
27 20 2 2
28 24 2 2
28 20 2 2
29 23 2 2
29 20 2 2
20 25 2 2
20 26 2 2
21 23 2 2
21 24 2 2
32 30 3 3
32 31 3 3
33 31 3 3
33 30 3 3
34 30 3 3
34 32 3 3
35 33 3 3
35 31 3 3
36 32 3 3
36 31 3 3
37 30 3 3
37 31 3 3
38 35 3 3
38 34 3 3
39 38 3 3
39 32 3 3
30 35 3 3
30 38 3 3
31 38 3 3
31 39 3 3
42 41 4 4
42 40 4 4
43 41 4 4
43 40 4 4
44 40 4 4
44 41 4 4
45 43 4 4
45 40 4 4
46 45 4 4
46 40 4 4
47 44 4 4
47 40 4 4
48 42 4 4
48 44 4 4
49 48 4 4
49 42 4 4
40 48 4 4
40 49 4 4
41 48 4 4
41 47 4 4
52 50 5 5
52 51 5 5
53 50 5 5
53 51 5 5
54 50 5 5
54 52 5 5
55 50 5 5
55 51 5 5
56 52 5 5
56 51 5 5
57 55 5 5
57 50 5 5
58 54 5 5
58 51 5 5
59 56 5 5
59 54 5 5
50 56 5 5
50 58 5 5
51 54 5 5
51 57 5 5
62 61 6 6
62 60 6 6
63 62 6 6
63 61 6 6
64 61 6 6
64 62 6 6
65 64 6 6
65 63 6 6
66 62 6 6
66 61 6 6
67 65 6 6
67 63 6 6
68 64 6 6
68 67 6 6
69 67 6 6
69 61 6 6
60 66 6 6
60 63 6 6
61 68 6 6
61 67 6 6
72 71 7 7
72 70 7 7
73 70 7 7
73 72 7 7
74 70 7 7
74 71 7 7
75 73 7 7
75 71 7 7
76 72 7 7
76 71 7 7
77 75 7 7
77 72 7 7
78 76 7 7
78 72 7 7
79 74 7 7
79 77 7 7
70 79 7 7
70 75 7 7
71 77 7 7
71 78 7 7
42 25 4 2
46 11 4 1
42 36 4 3
46 0 4 0
52 28 5 2
57 13 5 1
51 43 5 4
58 34 5 3
64 41 6 4
63 27 6 2
62 39 6 3
62 52 6 5
76 65 7 6
78 53 7 5
74 31 7 3
72 24 7 2
7 58 0 5
7 68 0 6
9 72 0 7
12 72 1 7
15 69 1 6
