swNum = 80
edgeNum = 179

0 0
1 0
2 0
3 0
4 0
5 0
6 0
7 0
8 0
9 0
10 1
11 1
12 1
13 1
14 1
15 1
16 1
17 1
18 1
19 1
20 2
21 2
22 2
23 2
24 2
25 2
26 2
27 2
28 2
29 2
30 3
31 3
32 3
33 3
34 3
35 3
36 3
37 3
38 3
39 3
40 4
41 4
42 4
43 4
44 4
45 4
46 4
47 4
48 4
49 4
50 5
51 5
52 5
53 5
54 5
55 5
56 5
57 5
58 5
59 5
60 6
61 6
62 6
63 6
64 6
65 6
66 6
67 6
68 6
69 6
70 7
71 7
72 7
73 7
74 7
75 7
76 7
77 7
78 7
79 7

2 1 0 0
2 0 0 0
3 0 0 0
3 1 0 0
4 2 0 0
4 1 0 0
5 1 0 0
5 2 0 0
6 0 0 0
6 2 0 0
7 0 0 0
7 3 0 0
8 5 0 0
8 3 0 0
9 8 0 0
9 5 0 0
0 4 0 0
0 5 0 0
1 8 0 0
1 9 0 0
12 10 1 1
12 11 1 1
13 10 1 1
13 12 1 1
14 12 1 1
14 11 1 1
15 14 1 1
15 13 1 1
16 13 1 1
16 11 1 1
17 15 1 1
17 13 1 1
18 16 1 1
18 11 1 1
19 15 1 1
19 11 1 1
10 16 1 1
10 18 1 1
11 15 1 1
11 13 1 1
22 20 2 2
22 21 2 2
23 21 2 2
23 20 2 2
24 23 2 2
24 20 2 2
25 21 2 2
25 24 2 2
26 20 2 2
26 22 2 2
27 22 2 2
27 21 2 2
28 27 2 2
28 22 2 2
29 21 2 2
29 20 2 2
20 25 2 2
20 27 2 2
21 28 2 2
21 24 2 2
32 31 3 3
32 30 3 3
33 32 3 3
33 31 3 3
34 32 3 3
34 33 3 3
35 33 3 3
35 31 3 3
36 33 3 3
36 34 3 3
37 30 3 3
37 34 3 3
38 33 3 3
38 36 3 3
39 37 3 3
39 30 3 3
30 34 3 3
30 35 3 3
31 39 3 3
31 38 3 3
42 41 4 4
42 40 4 4
43 40 4 4
43 41 4 4
44 41 4 4
44 40 4 4
45 42 4 4
45 41 4 4
46 43 4 4
46 41 4 4
47 46 4 4
47 43 4 4
48 41 4 4
48 42 4 4
49 46 4 4
49 48 4 4
40 48 4 4
40 47 4 4
41 49 4 4
41 47 4 4
52 51 5 5
52 50 5 5
53 52 5 5
53 51 5 5
54 52 5 5
54 51 5 5
55 51 5 5
55 52 5 5
56 54 5 5
56 52 5 5
57 50 5 5
57 52 5 5
58 51 5 5
58 52 5 5
59 52 5 5
59 51 5 5
50 55 5 5
50 56 5 5
51 57 5 5
51 56 5 5
62 61 6 6
62 60 6 6
63 60 6 6
63 62 6 6
64 60 6 6
64 61 6 6
65 60 6 6
65 61 6 6
66 61 6 6
66 65 6 6
67 62 6 6
67 63 6 6
68 63 6 6
68 66 6 6
69 63 6 6
69 68 6 6
60 67 6 6
60 68 6 6
61 69 6 6
61 68 6 6
72 71 7 7
72 70 7 7
73 72 7 7
73 70 7 7
74 71 7 7
74 73 7 7
75 71 7 7
75 73 7 7
76 70 7 7
76 73 7 7
77 71 7 7
77 70 7 7
78 76 7 7
78 73 7 7
79 74 7 7
79 73 7 7
70 74 7 7
70 75 7 7
71 73 7 7
71 79 7 7
44 11 4 1
46 39 4 3
47 27 4 2
46 0 4 0
55 13 5 1
55 2 5 0
52 20 5 2
55 49 5 4
65 30 6 3
66 26 6 2
60 19 6 1
68 43 6 4
75 27 7 2
76 45 7 4
72 2 7 0
76 17 7 1
2 68 0 6
38 72 3 7
30 57 3 5
