swNum = 80
edgeNum = 179

0 0
1 0
2 0
3 0
4 0
5 0
6 0
7 0
8 0
9 0
10 1
11 1
12 1
13 1
14 1
15 1
16 1
17 1
18 1
19 1
20 2
21 2
22 2
23 2
24 2
25 2
26 2
27 2
28 2
29 2
30 3
31 3
32 3
33 3
34 3
35 3
36 3
37 3
38 3
39 3
40 4
41 4
42 4
43 4
44 4
45 4
46 4
47 4
48 4
49 4
50 5
51 5
52 5
53 5
54 5
55 5
56 5
57 5
58 5
59 5
60 6
61 6
62 6
63 6
64 6
65 6
66 6
67 6
68 6
69 6
70 7
71 7
72 7
73 7
74 7
75 7
76 7
77 7
78 7
79 7

2 0 0 0
2 1 0 0
3 0 0 0
3 2 0 0
4 0 0 0
4 3 0 0
5 1 0 0
5 3 0 0
6 5 0 0
6 3 0 0
7 3 0 0
7 0 0 0
8 3 0 0
8 7 0 0
9 4 0 0
9 7 0 0
0 8 0 0
0 9 0 0
1 9 0 0
1 7 0 0
12 10 1 1
12 11 1 1
13 12 1 1
13 11 1 1
14 10 1 1
14 13 1 1
15 12 1 1
15 10 1 1
16 13 1 1
16 11 1 1
17 16 1 1
17 12 1 1
18 10 1 1
18 14 1 1
19 12 1 1
19 16 1 1
10 17 1 1
10 16 1 1
11 14 1 1
11 19 1 1
22 21 2 2
22 20 2 2
23 22 2 2
23 21 2 2
24 22 2 2
24 20 2 2
25 24 2 2
25 21 2 2
26 23 2 2
26 20 2 2
27 24 2 2
27 25 2 2
28 25 2 2
28 22 2 2
29 26 2 2
29 23 2 2
20 25 2 2
20 29 2 2
21 24 2 2
21 26 2 2
32 30 3 3
32 31 3 3
33 30 3 3
33 32 3 3
34 30 3 3
34 33 3 3
35 33 3 3
35 30 3 3
36 33 3 3
36 32 3 3
37 30 3 3
37 32 3 3
38 32 3 3
38 33 3 3
39 30 3 3
39 35 3 3
30 38 3 3
30 36 3 3
31 35 3 3
31 39 3 3
42 41 4 4
42 40 4 4
43 40 4 4
43 42 4 4
44 43 4 4
44 40 4 4
45 43 4 4
45 44 4 4
46 45 4 4
46 40 4 4
47 44 4 4
47 43 4 4
48 40 4 4
48 45 4 4
49 45 4 4
49 48 4 4
40 45 4 4
40 47 4 4
41 47 4 4
41 44 4 4
52 50 5 5
52 51 5 5
53 50 5 5
53 52 5 5
54 52 5 5
54 50 5 5
55 54 5 5
55 51 5 5
56 53 5 5
56 50 5 5
57 52 5 5
57 56 5 5
58 51 5 5
58 50 5 5
59 55 5 5
59 51 5 5
50 57 5 5
50 55 5 5
51 53 5 5
51 57 5 5
62 61 6 6
62 60 6 6
63 62 6 6
63 60 6 6
64 62 6 6
64 60 6 6
65 63 6 6
65 60 6 6
66 64 6 6
66 65 6 6
67 66 6 6
67 63 6 6
68 64 6 6
68 66 6 6
69 64 6 6
69 67 6 6
60 66 6 6
60 68 6 6
61 67 6 6
61 64 6 6
72 70 7 7
72 71 7 7
73 72 7 7
73 71 7 7
74 72 7 7
74 71 7 7
75 72 7 7
75 71 7 7
76 71 7 7
76 70 7 7
77 71 7 7
77 72 7 7
78 71 7 7
78 70 7 7
79 71 7 7
79 75 7 7
70 75 7 7
70 79 7 7
44 14 4 1
46 25 4 2
41 38 4 3
43 1 4 0
58 33 5 3
50 17 5 1
54 43 5 4
52 3 5 0
67 28 6 2
66 51 6 5
65 19 6 1
66 49 6 4
75 41 7 4
71 64 7 6
77 37 7 3
75 8 7 0
4 69 0 6
14 74 1 7
21 76 2 7
22 51 2 5
34 66 3 6
