swNum = 80
edgeNum = 179

0 0
1 0
2 0
3 0
4 0
5 0
6 0
7 0
8 0
9 0
10 1
11 1
12 1
13 1
14 1
15 1
16 1
17 1
18 1
19 1
20 2
21 2
22 2
23 2
24 2
25 2
26 2
27 2
28 2
29 2
30 3
31 3
32 3
33 3
34 3
35 3
36 3
37 3
38 3
39 3
40 4
41 4
42 4
43 4
44 4
45 4
46 4
47 4
48 4
49 4
50 5
51 5
52 5
53 5
54 5
55 5
56 5
57 5
58 5
59 5
60 6
61 6
62 6
63 6
64 6
65 6
66 6
67 6
68 6
69 6
70 7
71 7
72 7
73 7
74 7
75 7
76 7
77 7
78 7
79 7

2 1 0 0
2 0 0 0
3 2 0 0
3 1 0 0
4 3 0 0
4 0 0 0
5 1 0 0
5 3 0 0
6 2 0 0
6 5 0 0
7 2 0 0
7 6 0 0
8 3 0 0
8 6 0 0
9 2 0 0
9 6 0 0
0 5 0 0
0 8 0 0
1 9 0 0
1 8 0 0
12 11 1 1
12 10 1 1
13 12 1 1
13 11 1 1
14 10 1 1
14 13 1 1
15 10 1 1
15 13 1 1
16 14 1 1
16 15 1 1
17 14 1 1
17 15 1 1
18 13 1 1
18 11 1 1
19 12 1 1
19 10 1 1
10 17 1 1
10 13 1 1
11 17 1 1
11 16 1 1
22 20 2 2
22 21 2 2
23 22 2 2
23 21 2 2
24 22 2 2
24 23 2 2
25 20 2 2
25 24 2 2
26 20 2 2
26 25 2 2
27 21 2 2
27 23 2 2
28 25 2 2
28 24 2 2
29 24 2 2
29 23 2 2
20 29 2 2
20 23 2 2
21 26 2 2
21 24 2 2
32 31 3 3
32 30 3 3
33 31 3 3
33 30 3 3
34 32 3 3
34 30 3 3
35 33 3 3
35 32 3 3
36 32 3 3
36 34 3 3
37 35 3 3
37 36 3 3
38 31 3 3
38 30 3 3
39 32 3 3
39 36 3 3
30 36 3 3
30 39 3 3
31 37 3 3
31 36 3 3
42 41 4 4
42 40 4 4
43 42 4 4
43 41 4 4
44 42 4 4
44 43 4 4
45 40 4 4
45 41 4 4
46 40 4 4
46 44 4 4
47 41 4 4
47 46 4 4
48 45 4 4
48 44 4 4
49 48 4 4
49 46 4 4
40 47 4 4
40 44 4 4
41 44 4 4
41 49 4 4
52 50 5 5
52 51 5 5
53 52 5 5
53 51 5 5
54 53 5 5
54 51 5 5
55 54 5 5
55 51 5 5
56 50 5 5
56 52 5 5
57 55 5 5
57 56 5 5
58 53 5 5
58 54 5 5
59 53 5 5
59 54 5 5
50 59 5 5
50 58 5 5
51 56 5 5
51 57 5 5
62 61 6 6
62 60 6 6
63 62 6 6
63 61 6 6
64 63 6 6
64 60 6 6
65 62 6 6
65 64 6 6
66 63 6 6
66 65 6 6
67 62 6 6
67 61 6 6
68 60 6 6
68 64 6 6
69 66 6 6
69 61 6 6
60 66 6 6
60 63 6 6
61 64 6 6
61 68 6 6
72 70 7 7
72 71 7 7
73 70 7 7
73 71 7 7
74 70 7 7
74 71 7 7
75 70 7 7
75 72 7 7
76 73 7 7
76 72 7 7
77 74 7 7
77 70 7 7
78 71 7 7
78 70 7 7
79 72 7 7
79 76 7 7
70 79 7 7
70 76 7 7
71 77 7 7
71 75 7 7
47 18 4 1
41 28 4 2
46 38 4 3
41 7 4 0
54 29 5 2
50 33 5 3
50 17 5 1
54 6 5 0
69 56 6 5
64 12 6 1
62 36 6 3
63 5 6 0
76 17 7 1
78 65 7 6
75 52 7 5
70 22 7 2
1 72 0 7
27 68 2 6
30 79 3 7
