swNum = 80
edgeNum = 181

0 0
1 0
2 0
3 0
4 0
5 0
6 0
7 0
8 0
9 0
10 1
11 1
12 1
13 1
14 1
15 1
16 1
17 1
18 1
19 1
20 2
21 2
22 2
23 2
24 2
25 2
26 2
27 2
28 2
29 2
30 3
31 3
32 3
33 3
34 3
35 3
36 3
37 3
38 3
39 3
40 4
41 4
42 4
43 4
44 4
45 4
46 4
47 4
48 4
49 4
50 5
51 5
52 5
53 5
54 5
55 5
56 5
57 5
58 5
59 5
60 6
61 6
62 6
63 6
64 6
65 6
66 6
67 6
68 6
69 6
70 7
71 7
72 7
73 7
74 7
75 7
76 7
77 7
78 7
79 7

2 1 0 0
2 0 0 0
3 1 0 0
3 0 0 0
4 2 0 0
4 0 0 0
5 0 0 0
5 1 0 0
6 3 0 0
6 1 0 0
7 0 0 0
7 5 0 0
8 1 0 0
8 6 0 0
9 2 0 0
9 8 0 0
0 9 0 0
0 6 0 0
1 4 0 0
1 9 0 0
12 10 1 1
12 11 1 1
13 11 1 1
13 12 1 1
14 10 1 1
14 13 1 1
15 14 1 1
15 10 1 1
16 11 1 1
16 10 1 1
17 11 1 1
17 12 1 1
18 14 1 1
18 15 1 1
19 13 1 1
19 10 1 1
10 17 1 1
10 13 1 1
11 19 1 1
11 15 1 1
22 20 2 2
22 21 2 2
23 20 2 2
23 22 2 2
24 22 2 2
24 20 2 2
25 24 2 2
25 22 2 2
26 25 2 2
26 22 2 2
27 24 2 2
27 22 2 2
28 23 2 2
28 24 2 2
29 27 2 2
29 25 2 2
20 26 2 2
20 27 2 2
21 28 2 2
21 25 2 2
32 31 3 3
32 30 3 3
33 30 3 3
33 32 3 3
34 31 3 3
34 32 3 3
35 32 3 3
35 30 3 3
36 30 3 3
36 32 3 3
37 34 3 3
37 35 3 3
38 33 3 3
38 35 3 3
39 31 3 3
39 36 3 3
30 38 3 3
30 37 3 3
31 37 3 3
31 33 3 3
42 41 4 4
42 40 4 4
43 42 4 4
43 41 4 4
44 42 4 4
44 41 4 4
45 43 4 4
45 41 4 4
46 43 4 4
46 44 4 4
47 44 4 4
47 42 4 4
48 46 4 4
48 45 4 4
49 43 4 4
49 45 4 4
40 49 4 4
40 43 4 4
41 46 4 4
41 49 4 4
52 50 5 5
52 51 5 5
53 51 5 5
53 52 5 5
54 51 5 5
54 52 5 5
55 54 5 5
55 52 5 5
56 50 5 5
56 54 5 5
57 52 5 5
57 53 5 5
58 51 5 5
58 52 5 5
59 56 5 5
59 53 5 5
50 53 5 5
50 54 5 5
51 59 5 5
51 56 5 5
62 60 6 6
62 61 6 6
63 62 6 6
63 60 6 6
64 62 6 6
64 61 6 6
65 61 6 6
65 62 6 6
66 65 6 6
66 64 6 6
67 64 6 6
67 62 6 6
68 67 6 6
68 63 6 6
69 61 6 6
69 64 6 6
60 64 6 6
60 67 6 6
61 66 6 6
61 63 6 6
72 71 7 7
72 70 7 7
73 70 7 7
73 71 7 7
74 70 7 7
74 72 7 7
75 74 7 7
75 70 7 7
76 75 7 7
76 71 7 7
77 75 7 7
77 70 7 7
78 74 7 7
78 70 7 7
79 71 7 7
79 75 7 7
70 79 7 7
70 76 7 7
71 77 7 7
71 78 7 7
42 29 4 2
48 7 4 0
42 38 4 3
44 17 4 1
53 24 5 2
51 1 5 0
57 43 5 4
55 15 5 1
66 37 6 3
68 47 6 4
68 54 6 5
64 13 6 1
77 33 7 3
76 16 7 1
77 68 7 6
78 45 7 4
5 63 0 6
4 73 0 7
27 66 2 6
28 74 2 7
31 55 3 5
