swNum = 80
edgeNum = 179

0 0
1 0
2 0
3 0
4 0
5 0
6 0
7 0
8 0
9 0
10 1
11 1
12 1
13 1
14 1
15 1
16 1
17 1
18 1
19 1
20 2
21 2
22 2
23 2
24 2
25 2
26 2
27 2
28 2
29 2
30 3
31 3
32 3
33 3
34 3
35 3
36 3
37 3
38 3
39 3
40 4
41 4
42 4
43 4
44 4
45 4
46 4
47 4
48 4
49 4
50 5
51 5
52 5
53 5
54 5
55 5
56 5
57 5
58 5
59 5
60 6
61 6
62 6
63 6
64 6
65 6
66 6
67 6
68 6
69 6
70 7
71 7
72 7
73 7
74 7
75 7
76 7
77 7
78 7
79 7

2 1 0 0
2 0 0 0
3 0 0 0
3 1 0 0
4 2 0 0
4 0 0 0
5 4 0 0
5 1 0 0
6 2 0 0
6 1 0 0
7 0 0 0
7 3 0 0
8 4 0 0
8 6 0 0
9 6 0 0
9 1 0 0
0 9 0 0
0 8 0 0
1 4 0 0
1 8 0 0
12 11 1 1
12 10 1 1
13 11 1 1
13 12 1 1
14 12 1 1
14 11 1 1
15 10 1 1
15 14 1 1
16 12 1 1
16 11 1 1
17 12 1 1
17 11 1 1
18 11 1 1
18 10 1 1
19 10 1 1
19 13 1 1
10 16 1 1
10 13 1 1
11 19 1 1
11 15 1 1
22 20 2 2
22 21 2 2
23 22 2 2
23 21 2 2
24 22 2 2
24 20 2 2
25 22 2 2
25 23 2 2
26 22 2 2
26 23 2 2
27 25 2 2
27 26 2 2
28 25 2 2
28 24 2 2
29 26 2 2
29 28 2 2
20 29 2 2
20 27 2 2
21 29 2 2
21 26 2 2
32 31 3 3
32 30 3 3
33 31 3 3
33 30 3 3
34 32 3 3
34 30 3 3
35 34 3 3
35 32 3 3
36 31 3 3
36 30 3 3
37 35 3 3
37 36 3 3
38 37 3 3
38 35 3 3
39 34 3 3
39 30 3 3
30 37 3 3
30 38 3 3
31 39 3 3
31 37 3 3
42 40 4 4
42 41 4 4
43 42 4 4
43 41 4 4
44 41 4 4
44 42 4 4
45 43 4 4
45 41 4 4
46 40 4 4
46 44 4 4
47 44 4 4
47 40 4 4
48 43 4 4
48 40 4 4
49 47 4 4
49 44 4 4
40 45 4 4
40 44 4 4
41 47 4 4
41 48 4 4
52 50 5 5
52 51 5 5
53 51 5 5
53 52 5 5
54 50 5 5
54 51 5 5
55 52 5 5
55 53 5 5
56 51 5 5
56 54 5 5
57 55 5 5
57 52 5 5
58 56 5 5
58 54 5 5
59 51 5 5
59 56 5 5
50 56 5 5
50 53 5 5
51 58 5 5
51 55 5 5
62 60 6 6
62 61 6 6
63 61 6 6
63 62 6 6
64 62 6 6
64 63 6 6
65 63 6 6
65 61 6 6
66 61 6 6
66 62 6 6
67 63 6 6
67 66 6 6
68 67 6 6
68 62 6 6
69 67 6 6
69 61 6 6
60 69 6 6
60 64 6 6
61 68 6 6
61 64 6 6
72 70 7 7
72 71 7 7
73 70 7 7
73 72 7 7
74 72 7 7
74 73 7 7
75 71 7 7
75 70 7 7
76 75 7 7
76 73 7 7
77 72 7 7
77 71 7 7
78 73 7 7
78 77 7 7
79 72 7 7
79 76 7 7
70 78 7 7
70 77 7 7
71 73 7 7
71 78 7 7
43 11 4 1
49 3 4 0
41 31 4 3
43 20 4 2
59 33 5 3
57 43 5 4
56 4 5 0
58 23 5 2
65 20 6 2
65 14 6 1
63 43 6 4
62 8 6 0
79 35 7 3
72 0 7 0
75 52 7 5
74 22 7 2
14 58 1 5
13 70 1 7
35 64 3 6
