swNum = 80
edgeNum = 179

0 0
1 0
2 0
3 0
4 0
5 0
6 0
7 0
8 0
9 0
10 1
11 1
12 1
13 1
14 1
15 1
16 1
17 1
18 1
19 1
20 2
21 2
22 2
23 2
24 2
25 2
26 2
27 2
28 2
29 2
30 3
31 3
32 3
33 3
34 3
35 3
36 3
37 3
38 3
39 3
40 4
41 4
42 4
43 4
44 4
45 4
46 4
47 4
48 4
49 4
50 5
51 5
52 5
53 5
54 5
55 5
56 5
57 5
58 5
59 5
60 6
61 6
62 6
63 6
64 6
65 6
66 6
67 6
68 6
69 6
70 7
71 7
72 7
73 7
74 7
75 7
76 7
77 7
78 7
79 7

2 0 0 0
2 1 0 0
3 2 0 0
3 0 0 0
4 3 0 0
4 2 0 0
5 3 0 0
5 4 0 0
6 2 0 0
6 3 0 0
7 5 0 0
7 4 0 0
8 5 0 0
8 6 0 0
9 6 0 0
9 3 0 0
0 4 0 0
0 7 0 0
1 6 0 0
1 8 0 0
12 11 1 1
12 10 1 1
13 11 1 1
13 10 1 1
14 10 1 1
14 11 1 1
15 13 1 1
15 11 1 1
16 10 1 1
16 14 1 1
17 15 1 1
17 12 1 1
18 10 1 1
18 16 1 1
19 15 1 1
19 18 1 1
10 15 1 1
10 17 1 1
11 19 1 1
11 18 1 1
22 21 2 2
22 20 2 2
23 20 2 2
23 21 2 2
24 22 2 2
24 20 2 2
25 24 2 2
25 20 2 2
26 20 2 2
26 21 2 2
27 21 2 2
27 26 2 2
28 26 2 2
28 23 2 2
29 27 2 2
29 26 2 2
20 28 2 2
20 29 2 2
21 29 2 2
21 24 2 2
32 31 3 3
32 30 3 3
33 30 3 3
33 31 3 3
34 31 3 3
34 33 3 3
35 30 3 3
35 34 3 3
36 31 3 3
36 35 3 3
37 34 3 3
37 36 3 3
38 30 3 3
38 35 3 3
39 34 3 3
39 37 3 3
30 34 3 3
30 37 3 3
31 39 3 3
31 35 3 3
42 40 4 4
42 41 4 4
43 40 4 4
43 41 4 4
44 41 4 4
44 40 4 4
45 42 4 4
45 43 4 4
46 43 4 4
46 44 4 4
47 46 4 4
47 40 4 4
48 40 4 4
48 44 4 4
49 46 4 4
49 47 4 4
40 49 4 4
40 46 4 4
41 48 4 4
41 49 4 4
52 50 5 5
52 51 5 5
53 52 5 5
53 50 5 5
54 50 5 5
54 53 5 5
55 52 5 5
55 51 5 5
56 55 5 5
56 50 5 5
57 54 5 5
57 50 5 5
58 56 5 5
58 52 5 5
59 53 5 5
59 55 5 5
50 59 5 5
50 55 5 5
51 54 5 5
51 57 5 5
62 60 6 6
62 61 6 6
63 61 6 6
63 60 6 6
64 61 6 6
64 60 6 6
65 61 6 6
65 62 6 6
66 61 6 6
66 64 6 6
67 61 6 6
67 65 6 6
68 65 6 6
68 61 6 6
69 63 6 6
69 66 6 6
60 66 6 6
60 68 6 6
61 69 6 6
72 70 7 7
72 71 7 7
73 72 7 7
73 71 7 7
74 72 7 7
74 71 7 7
75 74 7 7
75 71 7 7
76 71 7 7
76 74 7 7
77 71 7 7
77 75 7 7
78 70 7 7
78 75 7 7
79 77 7 7
79 74 7 7
70 77 7 7
70 76 7 7
71 78 7 7
71 79 7 7
47 8 4 0
43 37 4 3
49 16 4 1
42 21 4 2
50 18 5 1
50 30 5 3
57 22 5 2
52 1 5 0
60 25 6 2
64 40 6 4
65 55 6 5
61 6 6 0
72 51 7 5
77 23 7 2
74 67 7 6
77 30 7 3
0 79 0 7
18 72 1 7
16 63 1 6
34 60 3 6
