swNum = 80
edgeNum = 180

0 0
1 0
2 0
3 0
4 0
5 0
6 0
7 0
8 0
9 0
10 1
11 1
12 1
13 1
14 1
15 1
16 1
17 1
18 1
19 1
20 2
21 2
22 2
23 2
24 2
25 2
26 2
27 2
28 2
29 2
30 3
31 3
32 3
33 3
34 3
35 3
36 3
37 3
38 3
39 3
40 4
41 4
42 4
43 4
44 4
45 4
46 4
47 4
48 4
49 4
50 5
51 5
52 5
53 5
54 5
55 5
56 5
57 5
58 5
59 5
60 6
61 6
62 6
63 6
64 6
65 6
66 6
67 6
68 6
69 6
70 7
71 7
72 7
73 7
74 7
75 7
76 7
77 7
78 7
79 7

2 0 0 0
2 1 0 0
3 1 0 0
3 0 0 0
4 3 0 0
4 0 0 0
5 3 0 0
5 4 0 0
6 5 0 0
6 1 0 0
7 2 0 0
7 0 0 0
8 3 0 0
8 4 0 0
9 1 0 0
9 2 0 0
0 8 0 0
0 6 0 0
1 7 0 0
1 8 0 0
12 11 1 1
12 10 1 1
13 12 1 1
13 10 1 1
14 13 1 1
14 12 1 1
15 10 1 1
15 13 1 1
16 14 1 1
16 12 1 1
17 11 1 1
17 10 1 1
18 14 1 1
18 15 1 1
19 13 1 1
19 18 1 1
10 16 1 1
10 19 1 1
11 15 1 1
11 14 1 1
22 21 2 2
22 20 2 2
23 20 2 2
23 21 2 2
24 20 2 2
24 22 2 2
25 20 2 2
25 21 2 2
26 25 2 2
26 20 2 2
27 25 2 2
27 21 2 2
28 26 2 2
28 23 2 2
29 25 2 2
29 26 2 2
20 28 2 2
20 27 2 2
21 29 2 2
21 28 2 2
32 31 3 3
32 30 3 3
33 31 3 3
33 30 3 3
34 33 3 3
34 32 3 3
35 30 3 3
35 32 3 3
36 32 3 3
36 31 3 3
37 36 3 3
37 30 3 3
38 33 3 3
38 34 3 3
39 31 3 3
39 36 3 3
30 39 3 3
30 36 3 3
31 37 3 3
31 34 3 3
42 40 4 4
42 41 4 4
43 42 4 4
43 40 4 4
44 43 4 4
44 42 4 4
45 44 4 4
45 40 4 4
46 40 4 4
46 42 4 4
47 46 4 4
47 40 4 4
48 47 4 4
48 45 4 4
49 40 4 4
49 44 4 4
40 48 4 4
40 44 4 4
41 48 4 4
41 49 4 4
52 51 5 5
52 50 5 5
53 50 5 5
53 52 5 5
54 51 5 5
54 52 5 5
55 52 5 5
55 54 5 5
56 52 5 5
56 54 5 5
57 52 5 5
57 55 5 5
58 57 5 5
58 53 5 5
59 57 5 5
59 56 5 5
50 58 5 5
50 54 5 5
51 55 5 5
51 53 5 5
62 61 6 6
62 60 6 6
63 61 6 6
63 62 6 6
64 60 6 6
64 62 6 6
65 64 6 6
65 61 6 6
66 65 6 6
66 64 6 6
67 65 6 6
67 66 6 6
68 64 6 6
68 67 6 6
69 66 6 6
69 68 6 6
60 66 6 6
60 68 6 6
61 67 6 6
61 68 6 6
72 70 7 7
72 71 7 7
73 71 7 7
73 72 7 7
74 71 7 7
74 70 7 7
75 74 7 7
75 72 7 7
76 71 7 7
76 73 7 7
77 73 7 7
77 71 7 7
78 77 7 7
78 72 7 7
79 76 7 7
79 77 7 7
70 78 7 7
70 75 7 7
71 75 7 7
71 78 7 7
49 32 4 3
46 24 4 2
47 15 4 1
45 7 4 0
51 3 5 0
50 29 5 2
58 42 5 4
54 35 5 3
69 6 6 0
66 53 6 5
65 31 6 3
68 24 6 2
70 32 7 3
76 43 7 4
71 54 7 5
79 12 7 1
5 71 0 7
10 54 1 5
13 63 1 6
24 79 2 7
