swNum = 80
edgeNum = 181

0 0
1 0
2 0
3 0
4 0
5 0
6 0
7 0
8 0
9 0
10 1
11 1
12 1
13 1
14 1
15 1
16 1
17 1
18 1
19 1
20 2
21 2
22 2
23 2
24 2
25 2
26 2
27 2
28 2
29 2
30 3
31 3
32 3
33 3
34 3
35 3
36 3
37 3
38 3
39 3
40 4
41 4
42 4
43 4
44 4
45 4
46 4
47 4
48 4
49 4
50 5
51 5
52 5
53 5
54 5
55 5
56 5
57 5
58 5
59 5
60 6
61 6
62 6
63 6
64 6
65 6
66 6
67 6
68 6
69 6
70 7
71 7
72 7
73 7
74 7
75 7
76 7
77 7
78 7
79 7

2 0 0 0
2 1 0 0
3 1 0 0
3 0 0 0
4 3 0 0
4 0 0 0
5 0 0 0
5 4 0 0
6 1 0 0
6 0 0 0
7 4 0 0
7 1 0 0
8 7 0 0
8 1 0 0
9 7 0 0
9 2 0 0
0 9 0 0
0 8 0 0
1 4 0 0
1 5 0 0
12 11 1 1
12 10 1 1
13 10 1 1
13 11 1 1
14 11 1 1
14 12 1 1
15 10 1 1
15 12 1 1
16 12 1 1
16 13 1 1
17 12 1 1
17 15 1 1
18 13 1 1
18 16 1 1
19 14 1 1
19 18 1 1
10 17 1 1
10 16 1 1
11 18 1 1
11 16 1 1
22 21 2 2
22 20 2 2
23 20 2 2
23 21 2 2
24 23 2 2
24 21 2 2
25 20 2 2
25 24 2 2
26 24 2 2
26 20 2 2
27 25 2 2
27 23 2 2
28 24 2 2
28 23 2 2
29 25 2 2
29 20 2 2
20 24 2 2
20 28 2 2
21 29 2 2
21 27 2 2
32 30 3 3
32 31 3 3
33 31 3 3
33 30 3 3
34 30 3 3
34 32 3 3
35 32 3 3
35 30 3 3
36 32 3 3
36 30 3 3
37 32 3 3
37 31 3 3
38 36 3 3
38 30 3 3
39 34 3 3
39 32 3 3
30 37 3 3
30 39 3 3
31 34 3 3
31 38 3 3
42 41 4 4
42 40 4 4
43 41 4 4
43 42 4 4
44 40 4 4
44 43 4 4
45 41 4 4
45 43 4 4
46 45 4 4
46 40 4 4
47 45 4 4
47 46 4 4
48 43 4 4
48 41 4 4
49 45 4 4
49 42 4 4
40 43 4 4
40 47 4 4
41 44 4 4
41 49 4 4
52 50 5 5
52 51 5 5
53 50 5 5
53 52 5 5
54 53 5 5
54 51 5 5
55 54 5 5
55 51 5 5
56 52 5 5
56 51 5 5
57 54 5 5
57 56 5 5
58 52 5 5
58 57 5 5
59 56 5 5
59 52 5 5
50 55 5 5
50 57 5 5
51 53 5 5
51 57 5 5
62 60 6 6
62 61 6 6
63 61 6 6
63 62 6 6
64 61 6 6
64 63 6 6
65 63 6 6
65 61 6 6
66 61 6 6
66 60 6 6
67 63 6 6
67 61 6 6
68 65 6 6
68 66 6 6
69 68 6 6
69 67 6 6
60 67 6 6
60 65 6 6
61 69 6 6
61 68 6 6
72 70 7 7
72 71 7 7
73 70 7 7
73 71 7 7
74 70 7 7
74 72 7 7
75 71 7 7
75 73 7 7
76 71 7 7
76 73 7 7
77 72 7 7
77 76 7 7
78 73 7 7
78 76 7 7
79 70 7 7
79 78 7 7
70 76 7 7
70 77 7 7
71 77 7 7
71 79 7 7
42 25 4 2
48 8 4 0
48 11 4 1
40 31 4 3
52 7 5 0
52 16 5 1
52 37 5 3
51 40 5 4
61 49 6 4
69 21 6 2
64 3 6 0
65 53 6 5
78 36 7 3
73 64 7 6
72 18 7 1
79 55 7 5
9 70 0 7
13 63 1 6
26 56 2 5
27 78 2 7
33 62 3 6
