swNum = 80
edgeNum = 181

0 0
1 0
2 0
3 0
4 0
5 0
6 0
7 0
8 0
9 0
10 1
11 1
12 1
13 1
14 1
15 1
16 1
17 1
18 1
19 1
20 2
21 2
22 2
23 2
24 2
25 2
26 2
27 2
28 2
29 2
30 3
31 3
32 3
33 3
34 3
35 3
36 3
37 3
38 3
39 3
40 4
41 4
42 4
43 4
44 4
45 4
46 4
47 4
48 4
49 4
50 5
51 5
52 5
53 5
54 5
55 5
56 5
57 5
58 5
59 5
60 6
61 6
62 6
63 6
64 6
65 6
66 6
67 6
68 6
69 6
70 7
71 7
72 7
73 7
74 7
75 7
76 7
77 7
78 7
79 7

2 1 0 0
2 0 0 0
3 2 0 0
3 1 0 0
4 0 0 0
4 2 0 0
5 2 0 0
5 0 0 0
6 0 0 0
6 4 0 0
7 6 0 0
7 0 0 0
8 7 0 0
8 0 0 0
9 8 0 0
9 6 0 0
0 9 0 0
0 3 0 0
1 8 0 0
1 5 0 0
12 10 1 1
12 11 1 1
13 11 1 1
13 12 1 1
14 13 1 1
14 11 1 1
15 13 1 1
15 11 1 1
16 15 1 1
16 12 1 1
17 13 1 1
17 11 1 1
18 10 1 1
18 16 1 1
19 14 1 1
19 15 1 1
10 15 1 1
10 19 1 1
11 19 1 1
11 16 1 1
22 21 2 2
22 20 2 2
23 21 2 2
23 22 2 2
24 21 2 2
24 22 2 2
25 20 2 2
25 22 2 2
26 20 2 2
26 23 2 2
27 21 2 2
27 20 2 2
28 23 2 2
28 25 2 2
29 22 2 2
29 23 2 2
20 23 2 2
20 24 2 2
21 29 2 2
21 28 2 2
32 31 3 3
32 30 3 3
33 32 3 3
33 31 3 3
34 33 3 3
34 31 3 3
35 33 3 3
35 34 3 3
36 31 3 3
36 30 3 3
37 33 3 3
37 35 3 3
38 33 3 3
38 31 3 3
39 37 3 3
39 33 3 3
30 35 3 3
30 33 3 3
31 39 3 3
31 37 3 3
42 40 4 4
42 41 4 4
43 40 4 4
43 41 4 4
44 42 4 4
44 40 4 4
45 41 4 4
45 40 4 4
46 43 4 4
46 44 4 4
47 46 4 4
47 43 4 4
48 42 4 4
48 44 4 4
49 42 4 4
49 47 4 4
40 49 4 4
40 46 4 4
41 44 4 4
41 47 4 4
52 50 5 5
52 51 5 5
53 51 5 5
53 52 5 5
54 50 5 5
54 53 5 5
55 51 5 5
55 54 5 5
56 54 5 5
56 52 5 5
57 55 5 5
57 53 5 5
58 54 5 5
58 53 5 5
59 57 5 5
59 52 5 5
50 57 5 5
50 53 5 5
51 59 5 5
51 57 5 5
62 61 6 6
62 60 6 6
63 62 6 6
63 60 6 6
64 60 6 6
64 63 6 6
65 63 6 6
65 61 6 6
66 63 6 6
66 65 6 6
67 64 6 6
67 60 6 6
68 63 6 6
68 65 6 6
69 67 6 6
69 64 6 6
60 68 6 6
60 65 6 6
61 69 6 6
61 67 6 6
72 71 7 7
72 70 7 7
73 70 7 7
73 72 7 7
74 70 7 7
74 72 7 7
75 70 7 7
75 73 7 7
76 74 7 7
76 70 7 7
77 75 7 7
77 70 7 7
78 71 7 7
78 75 7 7
79 75 7 7
79 78 7 7
70 78 7 7
70 79 7 7
71 73 7 7
71 74 7 7
46 13 4 1
44 24 4 2
43 35 4 3
41 5 4 0
58 13 5 1
53 24 5 2
50 32 5 3
54 44 5 4
69 23 6 2
60 11 6 1
63 48 6 4
60 56 6 5
78 8 7 0
70 67 7 6
75 11 7 1
71 46 7 4
8 66 0 6
3 50 0 5
24 71 2 7
33 64 3 6
38 76 3 7
